1	226 
2	75 
3	41 
4	87 
5	105 
6	119 
7	185 
8	32 
9	206 
10	207 
11	158 
12	239 
13	212 
14	90 
15	120 
16	63 
17	205 
18	62 
19	53 
20	179 
21	270 
22	42 
23	5 
24	289 
25	236 
26	251 
27	290 
28	214 
29	283 
30	53 
31	13 
32	153 
33	122 
34	126 
35	247 
36	236 
37	24 
38	192 
39	220 
40	50 
41	118 
42	232 
43	98 
44	87 
45	209 
46	194 
47	56 
48	129 
49	265 
50	181 
51	150 
52	57 
53	263 
54	176 
55	89 
56	9 
57	116 
58	196 
59	5 
60	212 
61	189 
62	78 
63	179 
64	286 
65	103 
66	283 
67	4 
68	36 
69	181 
70	282 
71	14 
72	9 
73	20 
74	98 
75	72 
76	81 
77	133 
78	24 
79	95 
80	125 
81	278 
82	212 
83	144 
84	102 
85	56 
86	157 
87	149 
88	70 
89	254 
90	204 
91	79 
92	124 
93	100 
94	243 
95	151 
96	152 
97	12 
98	191 
99	280 
100	151 
101	170 
102	183 
103	229 
104	117 
105	43 
106	95 
107	212 
108	152 
109	2 
110	107 
111	53 
112	259 
113	95 
114	93 
115	70 
116	26 
117	262 
118	37 
119	138 
120	31 
121	86 
122	283 
123	275 
124	32 
125	54 
126	256 
127	112 
128	286 
129	160 
130	20 
131	43 
132	76 
133	122 
134	42 
135	160 
136	131 
137	158 
138	233 
139	199 
140	49 
141	153 
142	269 
143	192 
144	161 
145	196 
146	173 
147	118 
148	54 
149	244 
150	22 
151	11 
152	135 
153	137 
154	61 
155	266 
156	128 
157	54 
158	138 
159	9 
160	200 
161	117 
162	152 
163	69 
164	284 
165	166 
166	9 
167	137 
168	271 
169	227 
170	273 
171	181 
172	53 
173	185 
174	187 
175	35 
176	250 
177	121 
178	223 
179	177 
180	168 
181	146 
182	3 
183	165 
184	53 
185	59 
186	167 
187	176 
188	62 
189	170 
190	52 
191	257 
192	55 
193	62 
194	123 
195	255 
196	125 
197	188 
198	81 
199	215 
200	3 
201	229 
202	223 
203	42 
204	79 
205	222 
206	288 
207	49 
208	24 
209	268 
210	99 
211	270 
212	174 
213	107 
214	286 
215	153 
216	96 
217	41 
218	125 
219	260 
220	41 
221	240 
222	132 
223	51 
224	59 
225	165 
226	228 
227	73 
228	56 
229	245 
230	25 
231	199 
232	264 
233	255 
234	54 
235	275 
236	131 
237	6 
238	77 
239	285 
240	83 
241	21 
242	246 
243	240 
244	133 
245	54 
246	169 
247	91 
248	67 
249	71 
250	142 
251	183 
252	203 
253	59 
254	166 
255	180 
256	72 
257	211 
258	98 
259	175 
260	198 
261	8 
262	114 
263	271 
264	111 
265	279 
266	141 
267	173 
268	68 
269	169 
270	209 
271	227 
272	230 
273	271 
274	144 
275	277 
276	224 
277	29 
278	234 
279	27 
280	218 
281	224 
282	179 
283	233 
284	38 
285	65 
286	55 
287	287 
288	82 
289	195 
290	214 
291	263 
292	49 
293	180 
294	32 
295	161 
296	67 
297	66 
298	46 
299	186 
300	104 
301	60 
302	1 
303	160 
304	113 
305	12 
306	271 
307	254 
308	248 
309	56 
310	167 
311	263 
312	291 
313	237 
314	171 
315	75 
316	23 
317	3 
318	161 
319	70 
320	147 
321	28 
322	162 
323	170 
324	131 
325	93 
326	27 
327	107 
328	218 
329	199 
330	59 
331	270 
332	161 
333	32 
334	116 
335	153 
336	62 
337	222 
338	122 
339	24 
340	8 
341	208 
342	255 
343	50 
344	75 
345	3 
346	32 
347	45 
348	92 
349	94 
350	22 
351	179 
352	160 
353	35 
354	106 
355	172 
356	51 
357	13 
358	244 
359	1 
360	219 
361	245 
362	164 
363	222 
364	105 
365	109 
366	72 
367	140 
368	189 
369	93 
370	54 
371	287 
372	233 
373	171 
374	88 
375	173 
376	202 
377	79 
378	87 
379	151 
380	5 
381	128 
382	183 
383	209 
384	240 
385	159 
386	145 
387	64 
388	288 
389	196 
390	100 
391	79 
392	30 
393	57 
394	184 
395	9 
396	206 
397	158 
398	87 
399	231 
400	237 
401	75 
402	243 
403	120 
404	83 
405	85 
406	244 
407	74 
408	115 
409	263 
410	237 
411	239 
412	81 
413	235 
414	25 
415	21 
416	142 
417	266 
418	261 
419	273 
420	217 
421	249 
422	237 
423	24 
424	144 
425	136 
426	35 
427	12 
428	101 
429	105 
430	62 
431	225 
432	158 
433	16 
434	158 
435	248 
436	180 
437	101 
438	28 
439	23 
440	8 
441	12 
442	62 
443	265 
444	111 
445	240 
446	288 
447	112 
448	93 
449	265 
450	54 
451	29 
452	104 
453	98 
454	139 
455	288 
456	130 
457	188 
458	1 
459	94 
460	279 
461	85 
462	32 
463	250 
464	279 
465	107 
466	34 
467	172 
468	166 
469	156 
470	32 
471	143 
472	49 
473	29 
474	16 
475	227 
476	35 
477	224 
478	116 
479	138 
480	144 
481	236 
482	207 
483	118 
484	160 
485	71 
486	93 
487	117 
488	183 
489	277 
490	155 
491	274 
492	83 
493	33 
494	58 
495	283 
496	247 
497	164 
498	108 
499	279 
500	52 
501	132 
502	273 
503	217 
504	6 
505	108 
506	89 
507	49 
508	178 
509	163 
510	101 
511	173 
512	88 
513	201 
514	78 
515	274 
516	30 
517	209 
518	30 
519	201 
520	84 
521	216 
522	184 
523	122 
524	195 
525	208 
526	179 
527	90 
528	220 
529	149 
530	152 
531	253 
532	223 
533	106 
534	58 
535	11 
536	57 
537	177 
538	243 
539	20 
540	252 
541	161 
542	197 
543	190 
544	29 
545	223 
546	113 
547	265 
548	207 
549	233 
550	111 
551	256 
552	90 
553	13 
554	123 
555	291 
556	219 
557	66 
558	211 
559	2 
560	178 
561	138 
562	182 
563	190 
564	14 
565	139 
566	116 
567	38 
568	277 
569	23 
570	238 
571	216 
572	73 
573	221 
574	257 
575	115 
576	136 
577	100 
578	289 
579	189 
580	103 
581	288 
582	123 
583	187 
584	106 
585	100 
586	124 
587	90 
588	101 
589	230 
590	104 
591	134 
592	196 
593	63 
594	125 
595	21 
596	197 
597	98 
598	279 
599	247 
600	258 
601	257 
602	77 
603	250 
604	264 
605	165 
606	133 
607	281 
608	6 
609	31 
610	186 
611	162 
612	22 
613	70 
614	171 
615	229 
616	159 
617	101 
618	157 
619	58 
620	52 
621	259 
622	140 
623	283 
624	102 
625	271 
626	149 
627	157 
628	140 
629	52 
630	57 
631	283 
632	215 
633	84 
634	67 
635	36 
636	199 
637	86 
638	179 
639	162 
640	126 
641	259 
642	35 
643	90 
644	259 
645	213 
646	266 
647	194 
648	29 
649	28 
650	253 
651	32 
652	108 
653	188 
654	144 
655	3 
656	126 
657	108 
658	209 
659	171 
660	274 
661	284 
662	65 
663	210 
664	12 
665	55 
666	145 
667	86 
668	137 
669	79 
670	265 
671	234 
672	146 
673	139 
674	5 
675	145 
676	263 
677	229 
678	226 
679	26 
680	132 
681	287 
682	73 
683	289 
684	229 
685	180 
686	4 
687	28 
688	149 
689	224 
690	249 
691	90 
692	176 
693	166 
694	242 
695	264 
696	22 
697	77 
698	175 
699	219 
700	111 
701	117 
702	93 
703	196 
704	254 
705	285 
706	251 
707	39 
708	279 
709	279 
710	201 
711	280 
712	24 
713	176 
714	116 
715	176 
716	217 
717	174 
718	55 
719	40 
720	156 
721	160 
722	192 
723	1 
724	15 
725	93 
726	203 
727	90 
728	25 
729	41 
730	35 
731	269 
732	157 
733	238 
734	65 
735	230 
736	212 
737	220 
738	4 
739	287 
740	103 
741	265 
742	162 
743	279 
744	104 
745	165 
746	123 
747	178 
748	211 
749	103 
750	185 
751	173 
752	77 
753	188 
754	95 
755	35 
756	201 
757	187 
758	248 
759	111 
760	97 
761	195 
762	225 
763	126 
764	271 
765	154 
766	245 
767	172 
768	266 
769	206 
770	65 
771	83 
772	71 
773	102 
774	58 
775	31 
776	70 
777	64 
778	107 
779	225 
780	200 
781	267 
782	267 
783	45 
784	63 
785	131 
786	185 
787	43 
788	62 
789	215 
790	98 
791	204 
792	284 
793	87 
794	273 
795	50 
796	31 
797	66 
798	53 
799	154 
800	160 
801	221 
802	84 
803	244 
804	10 
805	32 
806	196 
807	52 
808	272 
809	67 
810	211 
811	104 
812	176 
813	222 
814	5 
815	64 
816	36 
817	7 
818	268 
819	110 
820	209 
821	254 
822	254 
823	138 
824	175 
825	39 
826	213 
827	208 
828	29 
829	238 
830	291 
831	134 
832	65 
833	104 
834	152 
835	66 
836	12 
837	121 
838	270 
839	129 
840	168 
841	205 
842	216 
843	122 
844	74 
845	230 
846	5 
847	5 
848	32 
849	101 
850	206 
851	282 
852	218 
853	207 
854	7 
855	243 
856	112 
857	195 
858	290 
859	13 
860	51 
861	263 
862	142 
863	75 
864	9 
865	185 
866	33 
867	263 
868	157 
869	136 
870	54 
871	116 
872	166 
873	247 
874	189 
875	136 
876	126 
877	5 
878	18 
879	61 
880	289 
881	127 
882	263 
883	16 
884	145 
885	7 
886	166 
887	268 
888	152 
889	270 
890	30 
891	281 
892	203 
893	274 
894	96 
895	18 
896	251 
897	73 
898	92 
899	6 
900	78 
901	15 
902	40 
903	40 
904	110 
905	204 
906	10 
907	21 
908	6 
909	87 
910	193 
911	291 
912	229 
913	171 
914	263 
915	164 
916	183 
917	152 
918	267 
919	84 
920	110 
921	144 
922	169 
923	140 
924	110 
925	144 
926	93 
927	50 
928	134 
929	253 
930	265 
931	172 
932	264 
933	225 
934	21 
935	139 
936	61 
937	246 
938	81 
939	173 
940	117 
941	119 
942	96 
943	88 
944	239 
945	198 
946	4 
947	30 
948	51 
949	179 
950	105 
951	113 
952	175 
953	137 
954	128 
955	104 
956	13 
957	133 
958	155 
959	215 
960	284 
961	105 
962	206 
963	124 
964	19 
965	146 
966	16 
967	132 
968	76 
969	238 
970	125 
971	204 
972	195 
973	13 
974	152 
975	290 
976	278 
977	213 
978	238 
979	231 
980	95 
981	74 
982	257 
983	22 
984	177 
985	12 
986	79 
987	50 
988	252 
989	249 
990	195 
991	90 
992	31 
993	227 
994	7 
995	38 
996	166 
997	268 
998	92 
999	65 
1000	249 
1001	23 
1002	81 
1003	206 
1004	54 
1005	280 
1006	249 
1007	120 
1008	58 
1009	102 
1010	230 
1011	62 
1012	272 
1013	109 
1014	68 
1015	257 
1016	86 
1017	185 
1018	188 
1019	123 
1020	97 
1021	62 
1022	210 
1023	104 
1024	136 
1025	190 
1026	104 
1027	18 
1028	224 
1029	268 
1030	166 
1031	167 
1032	251 
1033	252 
1034	74 
1035	176 
1036	111 
1037	97 
1038	142 
1039	149 
1040	173 
1041	283 
1042	93 
1043	4 
1044	132 
1045	44 
1046	201 
1047	277 
1048	239 
1049	79 
1050	197 
1051	11 
1052	73 
1053	46 
1054	223 
1055	8 
1056	119 
1057	264 
1058	20 
1059	64 
1060	222 
1061	263 
1062	102 
1063	160 
1064	113 
1065	158 
1066	39 
1067	109 
1068	60 
1069	28 
1070	69 
1071	28 
1072	248 
1073	285 
1074	210 
1075	72 
1076	49 
1077	149 
1078	134 
1079	180 
1080	182 
1081	80 
1082	12 
1083	79 
1084	253 
1085	232 
1086	214 
1087	102 
1088	45 
1089	65 
1090	207 
1091	168 
1092	122 
1093	257 
1094	77 
1095	39 
1096	253 
1097	280 
1098	143 
1099	226 
1100	60 
1101	158 
1102	41 
1103	80 
1104	42 
1105	286 
1106	151 
1107	183 
1108	218 
1109	123 
1110	142 
1111	84 
1112	228 
1113	49 
1114	198 
1115	32 
1116	67 
1117	272 
1118	70 
1119	201 
1120	240 
1121	55 
1122	46 
1123	152 
1124	174 
1125	103 
1126	107 
1127	50 
1128	94 
1129	93 
1130	110 
1131	187 
1132	5 
1133	97 
1134	189 
1135	130 
1136	198 
1137	42 
1138	37 
1139	29 
1140	101 
1141	231 
1142	14 
1143	260 
1144	122 
1145	51 
1146	120 
1147	232 
1148	276 
1149	61 
1150	140 
1151	204 
1152	72 
1153	245 
1154	289 
1155	122 
1156	4 
1157	11 
1158	58 
1159	226 
1160	216 
1161	4 
1162	248 
1163	37 
1164	47 
1165	214 
1166	78 
1167	244 
1168	21 
1169	229 
1170	263 
1171	118 
1172	224 
1173	247 
1174	214 
1175	280 
1176	51 
1177	198 
1178	153 
1179	147 
1180	242 
1181	36 
1182	162 
1183	139 
1184	57 
1185	228 
1186	58 
1187	133 
1188	44 
1189	270 
1190	266 
1191	221 
1192	251 
1193	260 
1194	58 
1195	111 
1196	84 
1197	78 
1198	41 
1199	172 
1200	257 
1201	38 
1202	147 
1203	250 
1204	60 
1205	251 
1206	43 
1207	226 
1208	64 
1209	219 
1210	67 
1211	270 
1212	48 
1213	41 
1214	153 
1215	207 
1216	145 
1217	290 
1218	239 
1219	139 
1220	100 
1221	11 
1222	83 
1223	287 
1224	23 
1225	37 
1226	188 
1227	157 
1228	48 
1229	261 
1230	113 
1231	185 
1232	41 
1233	161 
1234	130 
1235	1 
1236	96 
1237	40 
1238	136 
1239	91 
1240	78 
1241	86 
1242	26 
1243	166 
1244	272 
1245	138 
1246	268 
1247	51 
1248	48 
1249	60 
1250	242 
1251	169 
1252	172 
1253	111 
1254	56 
1255	102 
1256	275 
1257	169 
1258	13 
1259	105 
1260	67 
1261	198 
1262	226 
1263	4 
1264	72 
1265	193 
1266	66 
1267	276 
1268	86 
1269	128 
1270	61 
1271	258 
1272	216 
1273	174 
1274	103 
1275	82 
1276	228 
1277	142 
1278	219 
1279	265 
1280	232 
1281	183 
1282	98 
1283	104 
1284	122 
1285	54 
1286	156 
1287	232 
1288	205 
1289	245 
1290	145 
1291	78 
1292	274 
1293	93 
1294	65 
1295	176 
1296	154 
1297	101 
1298	248 
1299	33 
1300	258 
1301	180 
1302	235 
1303	20 
1304	108 
1305	14 
1306	112 
1307	29 
1308	265 
1309	233 
1310	79 
1311	182 
1312	196 
1313	153 
1314	199 
1315	121 
1316	75 
1317	263 
1318	249 
1319	3 
1320	62 
1321	63 
1322	162 
1323	139 
1324	89 
1325	35 
1326	216 
1327	54 
1328	11 
1329	195 
1330	34 
1331	163 
1332	93 
1333	177 
1334	29 
1335	160 
1336	285 
1337	43 
1338	8 
1339	263 
1340	132 
1341	62 
1342	166 
1343	231 
1344	149 
1345	224 
1346	246 
1347	243 
1348	193 
1349	139 
1350	6 
1351	101 
1352	151 
1353	51 
1354	49 
1355	16 
1356	139 
1357	14 
1358	200 
1359	126 
1360	189 
1361	70 
1362	95 
1363	1 
1364	122 
1365	71 
1366	231 
1367	14 
1368	2 
1369	213 
1370	168 
1371	228 
1372	125 
1373	179 
1374	108 
1375	36 
1376	289 
1377	193 
1378	230 
1379	76 
1380	16 
1381	261 
1382	155 
1383	113 
1384	171 
1385	51 
1386	86 
1387	23 
1388	126 
1389	223 
1390	158 
1391	56 
1392	133 
1393	168 
1394	281 
1395	207 
1396	75 
1397	121 
1398	199 
1399	176 
1400	273 
1401	175 
1402	200 
1403	256 
1404	159 
1405	9 
1406	186 
1407	199 
1408	255 
1409	132 
1410	172 
1411	179 
1412	112 
1413	181 
1414	41 
1415	163 
1416	149 
1417	158 
1418	44 
1419	90 
1420	110 
1421	127 
1422	67 
1423	64 
1424	8 
1425	91 
1426	199 
1427	9 
1428	41 
1429	7 
1430	26 
1431	227 
1432	269 
1433	35 
1434	31 
1435	17 
1436	81 
1437	234 
1438	30 
1439	175 
1440	234 
1441	47 
1442	226 
1443	263 
1444	223 
1445	221 
1446	119 
1447	248 
1448	111 
1449	11 
1450	254 
1451	282 
1452	102 
1453	131 
1454	139 
1455	281 
1456	154 
1457	222 
1458	52 
1459	105 
1460	93 
1461	48 
1462	98 
1463	70 
1464	217 
1465	72 
1466	124 
1467	216 
1468	241 
1469	207 
1470	137 
1471	73 
1472	18 
1473	165 
1474	258 
1475	270 
1476	160 
1477	98 
1478	32 
1479	27 
1480	23 
1481	50 
1482	259 
1483	167 
1484	166 
1485	7 
1486	88 
1487	35 
1488	156 
1489	162 
1490	250 
1491	208 
1492	266 
1493	291 
1494	176 
1495	82 
1496	195 
1497	157 
1498	179 
1499	125 
1500	223 
1501	65 
1502	253 
1503	98 
1504	60 
1505	245 
1506	223 
1507	179 
1508	221 
1509	6 
1510	113 
1511	238 
1512	92 
1513	12 
1514	245 
1515	40 
1516	151 
1517	25 
1518	49 
1519	253 
1520	210 
1521	137 
1522	228 
1523	144 
1524	239 
1525	49 
1526	180 
1527	69 
1528	106 
1529	209 
1530	6 
1531	273 
1532	91 
1533	138 
1534	107 
1535	230 
1536	44 
1537	62 
1538	82 
1539	236 
1540	8 
1541	231 
1542	212 
1543	44 
1544	127 
1545	72 
1546	109 
1547	200 
1548	65 
1549	61 
1550	290 
1551	150 
1552	215 
1553	6 
1554	46 
1555	83 
1556	85 
1557	194 
1558	7 
1559	53 
1560	122 
1561	289 
1562	268 
1563	138 
1564	34 
1565	226 
1566	111 
1567	112 
1568	291 
1569	139 
1570	213 
1571	250 
1572	66 
1573	179 
1574	205 
1575	102 
1576	125 
1577	63 
1578	249 
1579	157 
1580	110 
1581	91 
1582	81 
1583	255 
1584	242 
1585	98 
1586	286 
1587	59 
1588	147 
1589	122 
1590	3 
1591	13 
1592	216 
1593	59 
1594	97 
1595	270 
1596	82 
1597	70 
1598	102 
1599	192 
1600	180 
1601	147 
1602	30 
1603	189 
1604	37 
1605	97 
1606	145 
1607	291 
1608	276 
1609	54 
1610	67 
1611	196 
1612	56 
1613	234 
1614	143 
1615	71 
1616	235 
1617	92 
1618	85 
1619	88 
1620	19 
1621	85 
1622	161 
1623	35 
1624	261 
1625	166 
1626	62 
1627	25 
1628	204 
1629	197 
1630	82 
1631	51 
1632	291 
1633	37 
1634	230 
1635	168 
1636	233 
1637	257 
1638	252 
1639	245 
1640	33 
1641	50 
1642	228 
1643	161 
1644	69 
1645	256 
1646	36 
1647	156 
1648	58 
1649	281 
1650	250 
1651	217 
1652	51 
1653	108 
1654	238 
1655	195 
1656	203 
1657	45 
1658	64 
1659	256 
1660	155 
1661	222 
1662	152 
1663	159 
1664	32 
1665	239 
1666	55 
1667	131 
1668	87 
1669	271 
1670	6 
1671	269 
1672	195 
1673	187 
1674	99 
1675	18 
1676	241 
1677	289 
1678	24 
1679	63 
1680	94 
1681	204 
1682	142 
1683	99 
1684	97 
1685	274 
1686	267 
1687	145 
1688	244 
1689	18 
1690	282 
1691	259 
1692	182 
1693	120 
1694	199 
1695	20 
1696	173 
1697	257 
1698	279 
1699	257 
1700	168 
1701	22 
1702	269 
1703	216 
1704	32 
1705	289 
1706	225 
1707	1 
1708	238 
1709	58 
1710	69 
1711	82 
1712	27 
1713	181 
1714	149 
1715	6 
1716	186 
1717	282 
1718	40 
1719	271 
1720	28 
1721	42 
1722	48 
1723	285 
1724	263 
1725	108 
1726	200 
1727	263 
1728	102 
1729	125 
1730	123 
1731	232 
1732	194 
1733	167 
1734	32 
1735	205 
1736	98 
1737	86 
1738	104 
1739	40 
1740	68 
1741	50 
1742	283 
1743	82 
1744	83 
1745	150 
1746	155 
1747	19 
1748	98 
1749	266 
1750	282 
1751	160 
1752	121 
1753	9 
1754	13 
1755	73 
1756	168 
1757	267 
1758	99 
1759	27 
1760	280 
1761	112 
1762	74 
1763	165 
1764	37 
1765	218 
1766	287 
1767	32 
1768	115 
1769	280 
1770	276 
1771	155 
1772	181 
1773	263 
1774	58 
1775	86 
1776	152 
1777	6 
1778	278 
1779	192 
1780	93 
1781	215 
1782	134 
1783	145 
1784	287 
1785	11 
1786	68 
1787	129 
1788	181 
1789	126 
1790	64 
1791	62 
1792	8 
1793	173 
1794	163 
1795	240 
1796	106 
1797	35 
1798	169 
1799	231 
1800	20 
1801	266 
1802	33 
1803	291 
1804	143 
1805	35 
1806	238 
1807	221 
1808	249 
1809	29 
1810	4 
1811	2 
1812	255 
1813	198 
1814	13 
1815	284 
1816	27 
1817	108 
1818	198 
1819	202 
1820	191 
1821	126 
1822	131 
1823	252 
1824	112 
1825	196 
1826	119 
1827	244 
1828	28 
1829	145 
1830	121 
1831	142 
1832	285 
1833	205 
1834	143 
1835	63 
1836	228 
1837	156 
1838	204 
1839	30 
1840	212 
1841	261 
1842	184 
1843	169 
1844	112 
1845	31 
1846	135 
1847	176 
1848	150 
1849	25 
1850	264 
1851	290 
1852	129 
1853	155 
1854	57 
1855	264 
1856	137 
1857	160 
1858	157 
1859	245 
1860	1 
1861	150 
1862	288 
1863	21 
1864	56 
1865	174 
1866	123 
1867	286 
1868	170 
1869	117 
1870	260 
1871	40 
1872	203 
1873	65 
1874	107 
1875	151 
1876	254 
1877	159 
1878	27 
1879	187 
1880	136 
1881	160 
1882	72 
1883	205 
1884	123 
1885	4 
1886	6 
1887	125 
1888	291 
1889	219 
1890	172 
1891	125 
1892	270 
1893	39 
1894	234 
1895	238 
1896	189 
1897	214 
1898	254 
1899	200 
1900	181 
1901	191 
1902	267 
1903	225 
1904	175 
1905	136 
1906	116 
1907	208 
1908	80 
1909	239 
1910	112 
1911	255 
1912	146 
1913	110 
1914	279 
1915	186 
1916	195 
1917	46 
1918	130 
1919	167 
1920	159 
1921	281 
1922	278 
1923	94 
1924	257 
1925	274 
1926	25 
1927	233 
1928	98 
1929	54 
1930	236 
1931	191 
1932	225 
1933	111 
1934	167 
1935	93 
1936	133 
1937	16 
1938	246 
1939	158 
1940	103 
1941	172 
1942	252 
1943	98 
1944	65 
1945	169 
1946	232 
1947	216 
1948	289 
1949	54 
1950	231 
1951	203 
1952	276 
1953	33 
1954	133 
1955	75 
1956	262 
1957	193 
1958	275 
1959	117 
1960	106 
1961	138 
1962	212 
1963	261 
1964	140 
1965	78 
1966	226 
1967	229 
1968	110 
1969	214 
1970	282 
1971	12 
1972	78 
1973	53 
1974	116 
1975	169 
1976	42 
1977	39 
1978	54 
1979	223 
1980	134 
1981	24 
1982	249 
1983	75 
1984	148 
1985	222 
1986	193 
1987	26 
1988	221 
1989	220 
1990	171 
1991	193 
1992	183 
1993	52 
1994	283 
1995	1 
1996	11 
1997	283 
1998	288 
1999	162 
2000	102 
2001	159 
2002	179 
2003	214 
2004	65 
2005	252 
2006	95 
2007	68 
2008	168 
2009	152 
2010	213 
2011	172 
2012	257 
2013	69 
2014	16 
2015	61 
2016	33 
2017	50 
2018	277 
2019	210 
2020	202 
2021	102 
2022	176 
2023	160 
2024	257 
2025	53 
2026	230 
2027	93 
2028	123 
2029	138 
2030	228 
2031	129 
2032	195 
2033	113 
2034	121 
2035	112 
2036	44 
2037	252 
2038	236 
2039	47 
2040	220 
2041	263 
2042	90 
2043	45 
2044	246 
2045	243 
2046	117 
2047	282 
2048	127 
2049	245 
2050	202 
2051	12 
2052	136 
2053	67 
2054	106 
2055	248 
2056	237 
2057	255 
2058	111 
2059	189 
2060	237 
2061	23 
2062	103 
2063	63 
2064	45 
2065	61 
2066	47 
2067	183 
2068	270 
2069	120 
2070	92 
2071	196 
2072	226 
2073	104 
2074	14 
2075	112 
2076	164 
2077	12 
2078	129 
2079	235 
2080	277 
2081	16 
2082	104 
2083	56 
2084	26 
2085	7 
2086	87 
2087	95 
2088	150 
2089	229 
2090	194 
2091	86 
2092	102 
2093	140 
2094	50 
2095	207 
2096	260 
2097	255 
2098	73 
2099	43 
2100	89 
2101	184 
2102	263 
2103	263 
2104	107 
2105	168 
2106	115 
2107	174 
2108	69 
2109	30 
2110	183 
2111	246 
2112	75 
2113	11 
2114	234 
2115	234 
2116	86 
2117	238 
2118	17 
2119	50 
2120	106 
2121	222 
2122	29 
2123	79 
2124	34 
2125	93 
2126	5 
2127	139 
2128	56 
2129	171 
2130	252 
2131	156 
2132	230 
2133	145 
2134	99 
2135	257 
2136	248 
2137	130 
2138	245 
2139	258 
2140	65 
2141	113 
2142	139 
2143	166 
2144	227 
2145	144 
2146	174 
2147	196 
2148	30 
2149	173 
2150	153 
2151	5 
2152	183 
2153	102 
2154	276 
2155	82 
2156	159 
2157	104 
2158	183 
2159	109 
2160	226 
2161	185 
2162	69 
2163	100 
2164	146 
2165	62 
2166	59 
2167	241 
2168	162 
2169	284 
2170	254 
2171	250 
2172	251 
2173	10 
2174	20 
2175	158 
2176	72 
2177	265 
2178	213 
2179	35 
2180	201 
2181	58 
2182	187 
2183	18 
2184	270 
2185	187 
2186	13 
2187	164 
2188	270 
2189	81 
2190	154 
2191	19 
2192	286 
2193	249 
2194	146 
2195	273 
2196	124 
2197	152 
2198	158 
2199	138 
2200	94 
2201	247 
2202	131 
2203	276 
2204	32 
2205	84 
2206	179 
2207	232 
2208	89 
2209	58 
2210	94 
2211	73 
2212	119 
2213	284 
2214	34 
2215	197 
2216	26 
2217	177 
2218	86 
2219	199 
2220	122 
2221	235 
2222	63 
2223	179 
2224	237 
2225	12 
2226	280 
2227	244 
2228	39 
2229	147 
2230	153 
2231	208 
2232	29 
2233	100 
2234	101 
2235	30 
2236	254 
2237	229 
2238	225 
2239	199 
2240	1 
2241	79 
2242	11 
2243	58 
2244	28 
2245	141 
2246	144 
2247	116 
2248	19 
2249	148 
2250	167 
2251	104 
2252	78 
2253	254 
2254	72 
2255	281 
2256	164 
2257	80 
2258	123 
2259	74 
2260	111 
2261	21 
2262	244 
2263	40 
2264	97 
2265	188 
2266	107 
2267	180 
2268	280 
2269	283 
2270	42 
2271	63 
2272	287 
2273	86 
2274	51 
2275	24 
2276	143 
2277	150 
2278	246 
2279	154 
2280	288 
2281	254 
2282	76 
2283	133 
2284	82 
2285	163 
2286	188 
2287	31 
2288	18 
2289	21 
2290	9 
2291	247 
2292	122 
2293	181 
2294	165 
2295	87 
2296	135 
2297	42 
2298	2 
2299	43 
2300	191 
2301	74 
2302	15 
2303	153 
2304	124 
2305	272 
2306	171 
2307	289 
2308	54 
2309	192 
2310	274 
2311	17 
2312	271 
2313	219 
2314	173 
2315	145 
2316	82 
2317	132 
2318	13 
2319	280 
2320	88 
2321	216 
2322	136 
2323	208 
2324	125 
2325	134 
2326	48 
2327	71 
2328	196 
2329	261 
2330	258 
2331	252 
2332	254 
2333	35 
2334	28 
2335	107 
2336	154 
2337	95 
2338	66 
2339	17 
2340	124 
2341	124 
2342	190 
2343	73 
2344	265 
2345	8 
2346	10 
2347	289 
2348	241 
2349	229 
2350	267 
2351	58 
2352	84 
2353	247 
2354	5 
2355	136 
2356	80 
2357	185 
2358	118 
2359	246 
2360	39 
2361	239 
2362	220 
2363	178 
2364	148 
2365	186 
2366	59 
2367	23 
2368	145 
2369	50 
2370	202 
2371	168 
2372	270 
2373	25 
2374	31 
2375	267 
2376	98 
2377	192 
2378	128 
2379	191 
2380	225 
2381	243 
2382	283 
2383	134 
2384	103 
2385	248 
2386	37 
2387	257 
2388	220 
2389	29 
2390	116 
2391	272 
2392	89 
2393	96 
2394	178 
2395	71 
2396	165 
2397	161 
2398	84 
2399	171 
2400	141 
2401	178 
2402	88 
2403	12 
2404	54 
2405	269 
2406	209 
2407	21 
2408	233 
2409	143 
2410	14 
2411	90 
2412	61 
2413	177 
2414	202 
2415	197 
2416	34 
2417	188 
2418	174 
2419	89 
2420	249 
2421	227 
2422	227 
2423	211 
2424	99 
2425	113 
2426	290 
2427	203 
2428	286 
2429	97 
2430	179 
2431	99 
2432	191 
2433	98 
2434	99 
2435	134 
2436	227 
2437	213 
2438	246 
2439	70 
2440	127 
2441	94 
2442	29 
2443	150 
2444	153 
2445	161 
2446	15 
2447	172 
2448	5 
2449	186 
2450	251 
2451	260 
2452	250 
2453	135 
2454	24 
2455	167 
2456	213 
2457	59 
2458	260 
2459	72 
2460	176 
2461	266 
2462	7 
2463	244 
2464	47 
2465	55 
2466	124 
2467	261 
2468	187 
2469	20 
2470	58 
2471	269 
2472	220 
2473	202 
2474	227 
2475	171 
2476	130 
2477	230 
2478	22 
2479	228 
2480	20 
2481	139 
2482	168 
2483	27 
2484	39 
2485	68 
2486	291 
2487	256 
2488	175 
2489	260 
2490	47 
2491	38 
2492	108 
2493	16 
2494	198 
2495	9 
2496	165 
2497	229 
2498	94 
2499	160 
2500	164 
2501	276 
2502	99 
2503	10 
2504	288 
2505	26 
2506	269 
2507	153 
2508	137 
2509	198 
2510	183 
2511	216 
2512	290 
2513	246 
2514	247 
2515	37 
2516	75 
2517	104 
2518	124 
2519	80 
2520	180 
2521	179 
2522	197 
2523	253 
2524	90 
2525	52 
2526	22 
2527	252 
2528	187 
2529	179 
2530	251 
2531	276 
2532	83 
2533	29 
2534	108 
2535	160 
2536	197 
2537	225 
2538	224 
2539	84 
2540	39 
2541	69 
2542	286 
2543	58 
2544	29 
2545	280 
2546	12 
2547	105 
2548	268 
2549	200 
2550	255 
2551	54 
2552	190 
2553	5 
2554	56 
2555	131 
2556	243 
2557	201 
2558	175 
2559	95 
2560	224 
2561	55 
2562	283 
2563	44 
2564	105 
2565	79 
2566	145 
2567	168 
2568	18 
2569	204 
2570	28 
2571	252 
2572	290 
2573	105 
2574	62 
2575	200 
2576	232 
2577	248 
2578	41 
2579	266 
2580	69 
2581	182 
2582	73 
2583	275 
2584	53 
2585	260 
2586	168 
2587	82 
2588	31 
2589	64 
2590	193 
2591	118 
2592	13 
2593	215 
2594	34 
2595	262 
2596	242 
2597	120 
2598	224 
2599	181 
2600	65 
2601	276 
2602	194 
2603	157 
2604	190 
2605	59 
2606	228 
2607	211 
2608	284 
2609	185 
2610	65 
2611	109 
2612	241 
2613	140 
2614	290 
2615	62 
2616	237 
2617	287 
2618	99 
2619	81 
2620	104 
2621	51 
2622	135 
2623	129 
2624	233 
2625	167 
2626	148 
2627	236 
2628	58 
2629	70 
2630	27 
2631	183 
2632	97 
2633	270 
2634	257 
2635	270 
2636	244 
2637	201 
2638	181 
2639	92 
2640	141 
2641	98 
2642	287 
2643	120 
2644	185 
2645	71 
2646	139 
2647	9 
2648	50 
2649	86 
2650	23 
2651	245 
2652	39 
2653	251 
2654	186 
2655	250 
2656	275 
2657	71 
2658	278 
2659	75 
2660	33 
2661	181 
2662	56 
2663	26 
2664	199 
2665	163 
2666	162 
2667	188 
2668	112 
2669	25 
2670	225 
2671	122 
2672	163 
2673	133 
2674	284 
2675	81 
2676	51 
2677	66 
2678	250 
2679	216 
2680	79 
2681	252 
2682	75 
2683	186 
2684	283 
2685	18 
2686	189 
2687	74 
2688	262 
2689	55 
2690	248 
2691	247 
2692	90 
2693	77 
2694	3 
2695	100 
2696	32 
2697	102 
2698	188 
2699	258 
2700	154 
2701	195 
2702	183 
2703	100 
2704	238 
2705	179 
2706	271 
2707	263 
2708	29 
2709	62 
2710	244 
2711	270 
2712	61 
2713	278 
2714	51 
2715	85 
2716	115 
2717	115 
2718	45 
2719	197 
2720	185 
2721	2 
2722	280 
2723	89 
2724	27 
2725	178 
2726	17 
2727	243 
2728	50 
2729	99 
2730	8 
2731	191 
2732	214 
2733	78 
2734	60 
2735	32 
2736	1 
2737	258 
2738	163 
2739	88 
2740	277 
2741	216 
2742	57 
2743	20 
2744	200 
2745	138 
2746	218 
2747	229 
2748	279 
2749	138 
2750	166 
2751	207 
2752	169 
2753	109 
2754	187 
2755	58 
2756	126 
2757	221 
2758	230 
2759	273 
2760	68 
2761	262 
2762	207 
2763	92 
2764	285 
2765	86 
2766	274 
2767	169 
2768	269 
2769	189 
2770	281 
2771	153 
2772	29 
2773	226 
2774	230 
2775	55 
2776	80 
2777	94 
2778	201 
2779	14 
2780	114 
2781	251 
2782	28 
2783	192 
2784	245 
2785	231 
2786	32 
2787	178 
2788	74 
2789	11 
2790	199 
2791	244 
2792	163 
2793	138 
2794	154 
2795	281 
2796	34 
2797	82 
2798	222 
2799	262 
2800	130 
2801	23 
2802	287 
2803	211 
2804	68 
2805	6 
2806	49 
2807	257 
2808	126 
2809	194 
2810	91 
2811	195 
2812	59 
2813	266 
2814	187 
2815	110 
2816	141 
2817	17 
2818	138 
2819	270 
2820	80 
2821	175 
2822	164 
2823	203 
2824	113 
2825	230 
2826	202 
2827	140 
2828	224 
2829	84 
2830	64 
2831	266 
2832	32 
2833	82 
2834	118 
2835	171 
2836	70 
2837	133 
2838	44 
2839	129 
2840	25 
2841	47 
2842	53 
2843	128 
2844	247 
2845	77 
2846	61 
2847	242 
2848	140 
2849	224 
2850	72 
2851	193 
2852	63 
2853	224 
2854	262 
2855	137 
2856	31 
2857	212 
2858	239 
2859	187 
2860	20 
2861	27 
2862	180 
2863	108 
2864	18 
2865	227 
2866	28 
2867	107 
2868	154 
2869	26 
2870	12 
2871	288 
2872	57 
2873	122 
2874	226 
2875	35 
2876	140 
2877	253 
2878	17 
2879	107 
2880	36 
2881	106 
2882	46 
2883	266 
2884	166 
2885	48 
2886	118 
2887	182 
2888	231 
2889	244 
2890	169 
2891	279 
2892	287 
2893	80 
2894	229 
2895	52 
2896	59 
2897	258 
2898	272 
2899	55 
2900	148 
2901	54 
2902	118 
2903	194 
2904	111 
2905	152 
2906	152 
2907	233 
2908	59 
2909	192 
2910	262 
2911	78 
2912	283 
2913	125 
2914	216 
2915	16 
2916	285 
2917	77 
2918	43 
2919	241 
2920	238 
2921	279 
2922	105 
2923	247 
2924	5 
2925	22 
2926	263 
2927	112 
2928	258 
2929	70 
2930	30 
2931	142 
2932	77 
2933	128 
2934	233 
2935	237 
2936	153 
2937	251 
2938	28 
2939	211 
2940	232 
2941	91 
2942	104 
2943	192 
2944	237 
2945	196 
2946	263 
2947	181 
2948	131 
2949	210 
2950	265 
2951	112 
2952	148 
2953	136 
2954	124 
2955	190 
2956	108 
2957	104 
2958	94 
2959	67 
2960	13 
2961	95 
2962	72 
2963	204 
2964	264 
2965	291 
2966	248 
2967	93 
2968	83 
2969	49 
2970	9 
2971	19 
2972	160 
2973	164 
2974	1 
2975	60 
2976	68 
2977	273 
2978	251 
2979	25 
2980	121 
2981	266 
2982	168 
2983	166 
2984	98 
2985	284 
2986	18 
2987	194 
2988	255 
2989	77 
2990	245 
2991	137 
2992	271 
2993	35 
2994	164 
2995	30 
2996	193 
2997	114 
2998	266 
2999	234 
3000	17 
3001	30 
3002	185 
3003	18 
3004	267 
3005	78 
3006	84 
3007	150 
3008	290 
3009	53 
3010	227 
3011	267 
3012	131 
3013	281 
3014	235 
3015	217 
3016	78 
3017	231 
3018	268 
3019	191 
3020	225 
3021	202 
3022	159 
3023	39 
3024	122 
3025	45 
3026	40 
3027	171 
3028	73 
3029	241 
3030	191 
3031	41 
3032	288 
3033	245 
3034	121 
3035	259 
3036	49 
3037	171 
3038	108 
3039	164 
3040	69 
3041	34 
3042	12 
3043	138 
3044	248 
3045	272 
3046	283 
3047	242 
3048	11 
3049	7 
3050	146 
3051	124 
3052	196 
3053	230 
3054	22 
3055	272 
3056	88 
3057	28 
3058	228 
3059	71 
3060	242 
3061	52 
3062	258 
3063	94 
3064	205 
3065	14 
3066	122 
3067	25 
3068	126 
3069	260 
3070	43 
3071	229 
3072	94 
3073	33 
3074	272 
3075	14 
3076	180 
3077	207 
3078	122 
3079	276 
3080	89 
3081	153 
3082	223 
3083	85 
3084	129 
3085	285 
3086	274 
3087	164 
3088	8 
3089	287 
3090	169 
3091	154 
3092	20 
3093	234 
3094	104 
3095	5 
3096	173 
3097	228 
3098	64 
3099	76 
3100	122 
3101	44 
3102	26 
3103	204 
3104	77 
3105	192 
3106	85 
3107	97 
3108	221 
3109	212 
3110	221 
3111	10 
3112	153 
3113	55 
3114	254 
3115	85 
3116	268 
3117	18 
3118	115 
3119	12 
3120	283 
3121	219 
3122	173 
3123	208 
3124	133 
3125	93 
3126	245 
3127	2 
3128	68 
3129	220 
3130	14 
3131	264 
3132	285 
3133	59 
3134	158 
3135	123 
3136	144 
3137	35 
3138	113 
3139	211 
3140	142 
3141	136 
3142	270 
3143	198 
3144	125 
3145	288 
3146	108 
3147	236 
3148	132 
3149	45 
3150	182 
3151	116 
3152	121 
3153	101 
3154	49 
3155	101 
3156	223 
3157	63 
3158	13 
3159	43 
3160	156 
3161	195 
3162	170 
3163	75 
3164	122 
3165	153 
3166	93 
3167	240 
3168	115 
3169	82 
3170	190 
3171	77 
3172	263 
3173	155 
3174	21 
3175	160 
3176	65 
3177	62 
3178	239 
3179	87 
3180	177 
3181	161 
3182	34 
3183	255 
3184	266 
3185	148 
3186	6 
3187	19 
3188	218 
3189	159 
3190	199 
3191	270 
3192	20 
3193	82 
3194	5 
3195	264 
3196	257 
3197	172 
3198	56 
3199	194 
3200	44 
3201	76 
3202	152 
3203	162 
3204	245 
3205	132 
3206	152 
3207	160 
3208	90 
3209	84 
3210	125 
3211	51 
3212	183 
3213	39 
3214	166 
3215	164 
3216	101 
3217	72 
3218	237 
3219	275 
3220	186 
3221	119 
3222	236 
3223	234 
3224	57 
3225	121 
3226	273 
3227	78 
3228	71 
3229	170 
3230	118 
3231	227 
3232	90 
3233	40 
3234	48 
3235	102 
3236	207 
3237	169 
3238	188 
3239	12 
3240	82 
3241	229 
3242	89 
3243	109 
3244	61 
3245	231 
3246	15 
3247	20 
3248	98 
3249	2 
3250	288 
3251	199 
3252	235 
3253	16 
3254	78 
3255	10 
3256	167 
3257	243 
3258	250 
3259	219 
3260	101 
3261	248 
3262	186 
3263	289 
3264	20 
3265	85 
3266	272 
3267	100 
3268	247 
3269	91 
3270	171 
3271	271 
3272	141 
3273	245 
3274	259 
3275	79 
3276	49 
3277	116 
3278	247 
3279	198 
3280	222 
3281	291 
3282	62 
3283	20 
3284	265 
3285	244 
3286	101 
3287	156 
3288	169 
3289	9 
3290	6 
3291	88 
3292	48 
3293	146 
3294	114 
3295	279 
3296	220 
3297	166 
3298	127 
3299	5 
3300	181 
3301	215 
3302	148 
3303	49 
3304	127 
3305	231 
3306	291 
3307	71 
3308	219 
3309	50 
3310	135 
3311	26 
3312	87 
3313	52 
3314	135 
3315	249 
3316	224 
3317	33 
3318	98 
3319	79 
3320	5 
3321	125 
3322	153 
3323	170 
3324	193 
3325	139 
3326	283 
3327	152 
3328	90 
3329	210 
3330	69 
3331	227 
3332	36 
3333	114 
3334	271 
3335	96 
3336	223 
3337	98 
3338	189 
3339	57 
3340	214 
3341	223 
3342	20 
3343	78 
3344	42 
3345	151 
3346	8 
3347	20 
3348	142 
3349	230 
3350	272 
3351	39 
3352	285 
3353	66 
3354	287 
3355	242 
3356	82 
3357	207 
3358	98 
3359	58 
3360	137 
3361	171 
3362	104 
3363	200 
3364	105 
3365	200 
3366	291 
3367	286 
3368	233 
3369	144 
3370	75 
3371	75 
3372	84 
3373	63 
3374	79 
3375	144 
3376	122 
3377	89 
3378	132 
3379	26 
3380	125 
3381	110 
3382	104 
3383	109 
3384	32 
3385	164 
3386	51 
3387	137 
3388	229 
3389	8 
3390	29 
3391	5 
3392	5 
3393	219 
3394	164 
3395	184 
3396	4 
3397	29 
3398	206 
3399	238 
3400	201 
3401	196 
3402	244 
3403	268 
3404	166 
3405	106 
3406	67 
3407	63 
3408	129 
3409	91 
3410	191 
3411	79 
3412	284 
3413	86 
3414	49 
3415	65 
3416	49 
3417	195 
3418	259 
3419	262 
3420	120 
3421	154 
3422	126 
3423	244 
3424	155 
3425	78 
3426	75 
3427	10 
3428	58 
3429	246 
3430	249 
3431	206 
3432	145 
3433	65 
3434	5 
3435	266 
3436	74 
3437	265 
3438	130 
3439	228 
3440	11 
3441	12 
3442	208 
3443	178 
3444	171 
3445	184 
3446	140 
3447	41 
3448	5 
3449	45 
3450	142 
3451	146 
3452	129 
3453	126 
3454	158 
3455	177 
3456	13 
3457	82 
3458	228 
3459	126 
3460	210 
3461	242 
3462	121 
3463	88 
3464	75 
3465	284 
3466	6 
3467	123 
3468	151 
3469	235 
3470	207 
3471	264 
3472	54 
3473	97 
3474	124 
3475	156 
3476	283 
3477	22 
3478	82 
3479	83 
3480	116 
3481	86 
3482	220 
3483	66 
3484	259 
3485	33 
3486	72 
3487	146 
3488	62 
3489	151 
3490	135 
3491	249 
3492	79 
3493	174 
3494	269 
3495	267 
3496	198 
3497	193 
3498	148 
3499	108 
3500	220 
3501	26 
3502	143 
3503	164 
3504	193 
3505	157 
3506	49 
3507	137 
3508	184 
3509	139 
3510	185 
3511	205 
3512	5 
3513	1 
3514	217 
3515	12 
3516	56 
3517	46 
3518	89 
3519	239 
3520	134 
3521	281 
3522	235 
3523	128 
3524	236 
3525	230 
3526	218 
3527	59 
3528	267 
3529	175 
3530	238 
3531	93 
3532	250 
3533	271 
3534	247 
3535	71 
3536	256 
3537	24 
3538	258 
3539	264 
3540	274 
3541	256 
3542	197 
3543	158 
3544	273 
3545	152 
3546	128 
3547	35 
3548	39 
3549	35 
3550	224 
3551	221 
3552	126 
3553	23 
3554	181 
3555	39 
3556	171 
3557	70 
3558	237 
3559	291 
3560	124 
3561	99 
3562	40 
3563	164 
3564	74 
3565	103 
3566	214 
3567	93 
3568	168 
3569	128 
3570	176 
3571	50 
3572	5 
3573	223 
3574	251 
3575	264 
3576	171 
3577	263 
3578	172 
3579	55 
3580	19 
3581	217 
3582	281 
3583	18 
3584	68 
3585	107 
3586	182 
3587	227 
3588	134 
3589	149 
3590	237 
3591	54 
3592	76 
3593	221 
3594	101 
3595	193 
3596	151 
3597	29 
3598	273 
3599	56 
3600	257 
3601	108 
3602	275 
3603	224 
3604	278 
3605	207 
3606	58 
3607	180 
3608	71 
3609	239 
3610	30 
3611	159 
3612	63 
3613	287 
3614	268 
3615	282 
3616	34 
3617	112 
3618	233 
3619	42 
3620	236 
3621	68 
3622	257 
3623	115 
3624	145 
3625	163 
3626	216 
3627	7 
3628	250 
3629	34 
3630	70 
3631	101 
3632	40 
3633	80 
3634	47 
3635	31 
3636	208 
3637	122 
3638	132 
3639	226 
3640	149 
3641	232 
3642	4 
3643	126 
3644	283 
3645	157 
3646	116 
3647	42 
3648	150 
3649	127 
3650	135 
3651	237 
3652	244 
3653	160 
3654	243 
3655	186 
3656	194 
3657	261 
3658	66 
3659	291 
3660	171 
3661	274 
3662	70 
3663	238 
3664	1 
3665	50 
3666	219 
3667	138 
3668	228 
3669	289 
3670	275 
3671	211 
3672	222 
3673	216 
3674	154 
3675	211 
3676	20 
3677	252 
3678	131 
3679	248 
3680	269 
3681	210 
3682	132 
3683	6 
3684	37 
3685	82 
3686	153 
3687	254 
3688	270 
3689	64 
3690	197 
3691	96 
3692	190 
3693	175 
3694	43 
3695	267 
3696	64 
3697	126 
3698	145 
3699	62 
3700	272 
3701	65 
3702	237 
3703	3 
3704	215 
3705	139 
3706	12 
3707	289 
3708	164 
3709	194 
3710	24 
3711	256 
3712	71 
3713	45 
3714	204 
3715	218 
3716	158 
3717	125 
3718	217 
3719	217 
3720	82 
3721	82 
3722	125 
3723	115 
3724	11 
3725	79 
3726	23 
3727	283 
3728	165 
3729	249 
3730	106 
3731	65 
3732	270 
3733	6 
3734	249 
3735	54 
3736	13 
3737	282 
3738	59 
3739	205 
3740	74 
3741	177 
3742	89 
3743	272 
3744	205 
3745	17 
3746	32 
3747	12 
3748	241 
3749	244 
3750	42 
3751	212 
3752	256 
3753	124 
3754	234 
3755	80 
3756	210 
3757	214 
3758	104 
3759	197 
3760	59 
3761	240 
3762	5 
3763	108 
3764	151 
3765	288 
3766	244 
3767	254 
3768	94 
3769	260 
3770	163 
3771	39 
3772	109 
3773	290 
3774	177 
3775	189 
3776	103 
3777	57 
3778	56 
3779	122 
3780	1 
3781	215 
3782	63 
3783	252 
3784	57 
3785	173 
3786	240 
3787	168 
3788	107 
3789	190 
3790	44 
3791	223 
3792	238 
3793	137 
3794	66 
3795	213 
3796	156 
3797	282 
3798	92 
3799	199 
3800	14 
3801	208 
3802	117 
3803	141 
3804	9 
3805	58 
3806	138 
3807	89 
3808	9 
3809	56 
3810	67 
3811	96 
3812	109 
3813	262 
3814	79 
3815	196 
3816	112 
3817	29 
3818	22 
3819	179 
3820	11 
3821	158 
3822	98 
3823	85 
3824	230 
3825	56 
3826	103 
3827	250 
3828	254 
3829	255 
3830	124 
3831	226 
3832	74 
3833	258 
3834	135 
3835	124 
3836	50 
3837	184 
3838	124 
3839	153 
3840	191 
3841	172 
3842	151 
3843	270 
3844	249 
3845	291 
3846	117 
3847	119 
3848	71 
3849	141 
3850	15 
3851	263 
3852	156 
3853	47 
3854	273 
3855	260 
3856	184 
3857	184 
3858	165 
3859	51 
3860	118 
3861	276 
3862	93 
3863	233 
3864	259 
3865	28 
3866	232 
3867	257 
3868	159 
3869	234 
3870	117 
3871	67 
3872	205 
3873	29 
3874	283 
3875	187 
3876	16 
3877	56 
3878	138 
3879	206 
3880	98 
3881	117 
3882	157 
3883	206 
3884	51 
3885	159 
3886	260 
3887	271 
3888	135 
3889	232 
3890	159 
3891	16 
3892	107 
3893	156 
3894	231 
3895	184 
3896	5 
3897	206 
3898	135 
3899	228 
3900	25 
3901	87 
3902	119 
3903	49 
3904	224 
3905	22 
3906	164 
3907	233 
3908	9 
3909	84 
3910	50 
3911	155 
3912	79 
3913	83 
3914	237 
3915	177 
3916	79 
3917	199 
3918	54 
3919	209 
3920	32 
3921	16 
3922	110 
3923	1 
3924	179 
3925	238 
3926	87 
3927	122 
3928	235 
3929	124 
3930	279 
3931	209 
3932	58 
3933	194 
3934	250 
3935	89 
3936	237 
3937	44 
3938	6 
3939	114 
3940	256 
3941	203 
3942	182 
3943	111 
3944	278 
3945	49 
3946	122 
3947	231 
3948	202 
3949	174 
3950	123 
3951	9 
3952	137 
3953	158 
3954	212 
3955	284 
3956	50 
3957	249 
3958	86 
3959	6 
3960	88 
3961	71 
3962	18 
3963	249 
3964	50 
3965	206 
3966	279 
3967	244 
3968	100 
3969	128 
3970	281 
3971	94 
3972	54 
3973	92 
3974	158 
3975	132 
3976	47 
3977	164 
3978	2 
3979	203 
3980	129 
3981	253 
3982	135 
3983	179 
3984	243 
3985	15 
3986	168 
3987	272 
3988	47 
3989	263 
3990	206 
3991	82 
3992	86 
3993	63 
3994	202 
3995	229 
3996	130 
3997	222 
3998	103 
3999	211 
4000	245 
4001	235 
4002	49 
4003	125 
4004	82 
4005	250 
4006	241 
4007	272 
4008	111 
4009	219 
4010	210 
4011	50 
4012	178 
4013	289 
4014	254 
4015	256 
4016	291 
4017	259 
4018	11 
4019	75 
4020	226 
4021	190 
4022	281 
4023	208 
4024	248 
4025	51 
4026	146 
4027	12 
4028	171 
4029	26 
4030	264 
4031	287 
4032	222 
4033	130 
4034	45 
4035	100 
4036	56 
4037	238 
4038	260 
4039	48 
4040	237 
4041	46 
4042	30 
4043	189 
4044	171 
4045	209 
4046	172 
4047	190 
4048	101 
4049	206 
4050	209 
4051	180 
4052	213 
4053	85 
4054	164 
4055	251 
4056	29 
4057	210 
4058	207 
4059	289 
4060	94 
4061	111 
4062	3 
4063	62 
4064	161 
4065	184 
4066	242 
4067	264 
4068	238 
4069	263 
4070	52 
4071	16 
4072	24 
4073	128 
4074	89 
4075	39 
4076	254 
4077	50 
4078	46 
4079	5 
4080	14 
4081	153 
4082	52 
4083	95 
4084	63 
4085	149 
4086	124 
4087	284 
4088	249 
4089	48 
4090	7 
4091	11 
4092	251 
4093	264 
4094	154 
4095	20 
4096	62 
4097	224 
4098	59 
4099	256 
4100	152 
4101	6 
4102	26 
4103	67 
4104	183 
4105	260 
4106	129 
4107	139 
4108	184 
4109	149 
4110	271 
4111	21 
4112	44 
4113	62 
4114	3 
4115	244 
4116	143 
4117	147 
4118	285 
4119	122 
4120	203 
4121	181 
4122	119 
4123	253 
4124	63 
4125	96 
4126	157 
4127	222 
4128	60 
4129	187 
4130	50 
4131	91 
4132	4 
4133	242 
4134	247 
4135	249 
4136	10 
4137	276 
4138	116 
4139	284 
4140	95 
4141	58 
4142	150 
4143	257 
4144	241 
4145	51 
4146	197 
4147	266 
4148	215 
4149	119 
4150	248 
4151	239 
4152	259 
4153	158 
4154	29 
4155	223 
4156	259 
4157	114 
4158	111 
4159	43 
4160	149 
4161	120 
4162	192 
4163	5 
4164	263 
4165	108 
4166	203 
4167	162 
4168	109 
4169	262 
4170	264 
4171	144 
4172	138 
4173	9 
4174	40 
4175	161 
4176	63 
4177	82 
4178	173 
4179	44 
4180	226 
4181	6 
4182	237 
4183	36 
4184	94 
4185	64 
4186	128 
4187	265 
4188	126 
4189	74 
4190	187 
4191	154 
4192	230 
4193	193 
4194	166 
4195	170 
4196	242 
4197	35 
4198	69 
4199	234 
4200	72 
4201	170 
4202	201 
4203	255 
4204	187 
4205	89 
4206	104 
4207	137 
4208	128 
4209	54 
4210	161 
4211	216 
4212	112 
4213	89 
4214	109 
4215	82 
4216	29 
4217	93 
4218	171 
4219	131 
4220	13 
4221	5 
4222	179 
4223	221 
4224	154 
4225	209 
4226	75 
4227	76 
4228	212 
4229	203 
4230	157 
4231	211 
4232	29 
4233	6 
4234	120 
4235	141 
4236	62 
4237	102 
4238	248 
4239	109 
4240	194 
4241	125 
4242	271 
4243	129 
4244	204 
4245	279 
4246	12 
4247	144 
4248	1 
4249	160 
4250	190 
4251	98 
4252	126 
4253	83 
4254	127 
4255	38 
4256	57 
4257	28 
4258	288 
4259	199 
4260	233 
4261	120 
4262	181 
4263	9 
4264	289 
4265	285 
4266	85 
4267	51 
4268	7 
4269	111 
4270	285 
4271	153 
4272	43 
4273	81 
4274	200 
4275	122 
4276	284 
4277	170 
4278	94 
4279	218 
4280	227 
4281	143 
4282	117 
4283	220 
4284	87 
4285	107 
4286	9 
4287	231 
4288	221 
4289	36 
4290	106 
4291	250 
4292	203 
4293	39 
4294	19 
4295	74 
4296	65 
4297	57 
4298	160 
4299	95 
4300	177 
4301	64 
4302	202 
4303	268 
4304	202 
4305	254 
4306	272 
4307	120 
4308	120 
4309	142 
4310	101 
4311	201 
4312	85 
4313	169 
4314	190 
4315	111 
4316	71 
4317	160 
4318	166 
4319	227 
4320	207 
4321	5 
4322	254 
4323	91 
4324	92 
4325	112 
4326	275 
4327	64 
4328	275 
4329	223 
4330	153 
4331	6 
4332	263 
4333	52 
4334	153 
4335	150 
4336	256 
4337	277 
4338	246 
4339	43 
4340	262 
4341	245 
4342	206 
4343	236 
4344	246 
4345	63 
4346	173 
4347	142 
4348	207 
4349	279 
4350	52 
4351	36 
4352	229 
4353	257 
4354	79 
4355	85 
4356	171 
4357	117 
4358	67 
4359	60 
4360	90 
4361	30 
4362	241 
4363	62 
4364	180 
4365	252 
4366	214 
4367	291 
4368	109 
4369	5 
4370	98 
4371	75 
4372	79 
4373	80 
4374	250 
4375	281 
4376	88 
4377	285 
4378	20 
4379	187 
4380	277 
4381	131 
4382	144 
4383	168 
4384	285 
4385	34 
4386	115 
4387	119 
4388	13 
4389	54 
4390	41 
4391	229 
4392	166 
4393	215 
4394	235 
4395	237 
4396	107 
4397	243 
4398	201 
4399	20 
4400	101 
4401	130 
4402	181 
4403	52 
4404	64 
4405	6 
4406	8 
4407	150 
4408	111 
4409	174 
4410	74 
4411	224 
4412	9 
4413	135 
4414	180 
4415	235 
4416	131 
4417	134 
4418	98 
4419	183 
4420	254 
4421	108 
4422	158 
4423	284 
4424	14 
4425	38 
4426	4 
4427	261 
4428	9 
4429	141 
4430	116 
4431	223 
4432	180 
4433	102 
4434	162 
4435	166 
4436	162 
4437	192 
4438	163 
4439	245 
4440	106 
4441	139 
4442	123 
4443	84 
4444	27 
4445	228 
4446	208 
4447	63 
4448	5 
4449	82 
4450	261 
4451	74 
4452	125 
4453	120 
4454	191 
4455	137 
4456	51 
4457	62 
4458	79 
4459	86 
4460	41 
4461	236 
4462	171 
4463	3 
4464	170 
4465	251 
4466	88 
4467	285 
4468	264 
4469	36 
4470	247 
4471	51 
4472	111 
4473	227 
4474	107 
4475	196 
4476	168 
4477	241 
4478	78 
4479	210 
4480	240 
4481	56 
4482	13 
4483	282 
4484	220 
4485	271 
4486	205 
4487	277 
4488	217 
4489	134 
4490	70 
4491	29 
4492	287 
4493	98 
4494	279 
4495	91 
4496	42 
4497	70 
4498	39 
4499	91 
4500	111 
4501	182 
4502	215 
4503	193 
4504	193 
4505	244 
4506	5 
4507	129 
4508	17 
4509	209 
4510	281 
4511	156 
4512	172 
4513	202 
4514	114 
4515	5 
4516	268 
4517	174 
4518	94 
4519	147 
4520	102 
4521	126 
4522	206 
4523	18 
4524	154 
4525	41 
4526	85 
4527	125 
4528	2 
4529	119 
4530	11 
4531	8 
4532	282 
4533	189 
4534	75 
4535	256 
4536	142 
4537	230 
4538	15 
4539	98 
4540	166 
4541	254 
4542	132 
4543	243 
4544	268 
4545	130 
4546	166 
4547	153 
4548	256 
4549	41 
4550	91 
4551	134 
4552	196 
4553	217 
4554	37 
4555	114 
4556	52 
4557	243 
4558	41 
4559	49 
4560	146 
4561	231 
4562	291 
4563	74 
4564	263 
4565	216 
4566	268 
4567	91 
4568	37 
4569	231 
4570	83 
4571	254 
4572	11 
4573	123 
4574	283 
4575	7 
4576	171 
4577	194 
4578	168 
4579	244 
4580	217 
4581	125 
4582	240 
4583	218 
4584	33 
4585	82 
4586	168 
4587	93 
4588	153 
4589	47 
4590	183 
4591	14 
4592	67 
4593	64 
4594	100 
4595	90 
4596	78 
4597	102 
4598	163 
4599	162 
4600	125 
4601	224 
4602	111 
4603	210 
4604	18 
4605	112 
4606	70 
4607	51 
4608	194 
4609	58 
4610	136 
4611	51 
4612	66 
4613	93 
4614	244 
4615	12 
4616	238 
4617	209 
4618	108 
4619	71 
4620	248 
4621	207 
4622	98 
4623	221 
4624	194 
4625	255 
4626	29 
4627	29 
4628	134 
4629	266 
4630	172 
4631	16 
4632	135 
4633	260 
4634	10 
4635	271 
4636	242 
4637	75 
4638	62 
4639	237 
4640	3 
4641	115 
4642	230 
4643	227 
4644	29 
4645	78 
4646	80 
4647	230 
4648	163 
4649	125 
4650	65 
4651	44 
4652	194 
4653	70 
4654	152 
4655	256 
4656	119 
4657	254 
4658	286 
4659	111 
4660	92 
4661	149 
4662	249 
4663	226 
4664	150 
4665	115 
4666	143 
4667	84 
4668	35 
4669	233 
4670	286 
4671	220 
4672	42 
4673	168 
4674	152 
4675	284 
4676	257 
4677	30 
4678	155 
4679	249 
4680	25 
4681	245 
4682	13 
4683	5 
4684	104 
4685	47 
4686	187 
4687	33 
4688	65 
4689	156 
4690	200 
4691	153 
4692	147 
4693	111 
4694	85 
4695	225 
4696	69 
4697	213 
4698	90 
4699	103 
4700	245 
4701	144 
4702	20 
4703	24 
4704	47 
4705	145 
4706	9 
4707	115 
4708	291 
4709	35 
4710	240 
4711	229 
4712	246 
4713	229 
4714	2 
4715	20 
4716	215 
4717	17 
4718	13 
4719	45 
4720	45 
4721	177 
4722	46 
4723	8 
4724	168 
4725	123 
4726	290 
4727	115 
4728	3 
4729	288 
4730	185 
4731	6 
4732	124 
4733	108 
4734	250 
4735	261 
4736	82 
4737	164 
4738	79 
4739	26 
4740	208 
4741	32 
4742	74 
4743	152 
4744	244 
4745	266 
4746	11 
4747	206 
4748	156 
4749	56 
4750	173 
4751	236 
4752	51 
4753	90 
4754	210 
4755	242 
4756	248 
4757	164 
4758	164 
4759	199 
4760	220 
4761	62 
4762	145 
4763	242 
4764	94 
4765	35 
4766	35 
4767	118 
4768	32 
4769	160 
4770	142 
4771	63 
4772	281 
4773	106 
4774	141 
4775	128 
4776	136 
4777	107 
4778	234 
4779	183 
4780	6 
4781	71 
4782	146 
4783	89 
4784	248 
4785	266 
4786	226 
4787	229 
4788	146 
4789	165 
4790	12 
4791	209 
4792	41 
4793	164 
4794	93 
4795	112 
4796	108 
4797	66 
4798	76 
4799	86 
4800	261 
4801	86 
4802	109 
4803	230 
4804	24 
4805	132 
4806	83 
4807	186 
4808	175 
4809	267 
4810	164 
4811	49 
4812	166 
4813	160 
4814	138 
4815	187 
4816	127 
4817	26 
4818	278 
4819	18 
4820	174 
4821	39 
4822	30 
4823	36 
4824	87 
4825	168 
4826	82 
4827	152 
4828	65 
4829	253 
4830	248 
4831	166 
4832	183 
4833	79 
4834	207 
4835	228 
4836	237 
4837	64 
4838	70 
4839	123 
4840	49 
4841	56 
4842	40 
4843	193 
4844	5 
4845	8 
4846	262 
4847	281 
4848	67 
4849	94 
4850	283 
4851	74 
4852	289 
4853	169 
4854	50 
4855	119 
4856	1 
4857	229 
4858	134 
4859	279 
4860	162 
4861	234 
4862	220 
4863	201 
4864	81 
4865	66 
4866	27 
4867	54 
4868	56 
4869	263 
4870	62 
4871	92 
4872	109 
4873	149 
4874	102 
4875	32 
4876	245 
4877	187 
4878	138 
4879	178 
4880	135 
4881	177 
4882	186 
4883	114 
4884	36 
4885	165 
4886	34 
4887	152 
4888	71 
4889	102 
4890	214 
4891	125 
4892	16 
4893	3 
4894	30 
4895	240 
4896	25 
4897	225 
4898	129 
4899	281 
4900	72 
4901	193 
4902	171 
4903	208 
4904	271 
4905	74 
4906	108 
4907	265 
4908	76 
4909	177 
4910	147 
4911	96 
4912	64 
4913	108 
4914	134 
4915	261 
4916	137 
4917	174 
4918	124 
4919	244 
4920	141 
4921	130 
4922	118 
4923	74 
4924	89 
4925	47 
4926	265 
4927	253 
4928	158 
4929	174 
4930	92 
4931	42 
4932	160 
4933	54 
4934	193 
4935	281 
4936	14 
4937	103 
4938	241 
4939	178 
4940	220 
4941	257 
4942	37 
4943	33 
4944	168 
4945	75 
4946	94 
4947	114 
4948	255 
4949	51 
4950	254 
4951	265 
4952	122 
4953	63 
4954	38 
4955	166 
4956	286 
4957	175 
4958	149 
4959	269 
4960	106 
4961	30 
4962	221 
4963	138 
4964	51 
4965	230 
4966	177 
4967	93 
4968	267 
4969	148 
4970	227 
4971	152 
4972	9 
4973	20 
4974	147 
4975	32 
4976	276 
4977	183 
4978	189 
4979	166 
4980	206 
4981	221 
4982	213 
4983	240 
4984	262 
4985	285 
4986	59 
4987	182 
4988	59 
4989	30 
4990	288 
4991	183 
4992	124 
4993	14 
4994	287 
4995	110 
4996	250 
4997	19 
4998	116 
4999	263 
5000	18 
5001	98 
5002	213 
5003	104 
5004	7 
5005	50 
5006	116 
5007	80 
5008	58 
5009	111 
5010	269 
5011	108 
5012	54 
5013	193 
5014	4 
5015	102 
5016	241 
5017	13 
5018	130 
5019	135 
5020	46 
5021	89 
5022	275 
5023	250 
5024	183 
5025	58 
5026	180 
5027	169 
5028	41 
5029	286 
5030	75 
5031	111 
5032	286 
5033	164 
5034	182 
5035	34 
5036	130 
5037	189 
5038	228 
5039	11 
5040	58 
5041	126 
5042	86 
5043	225 
5044	203 
5045	218 
5046	35 
5047	17 
5048	134 
5049	291 
5050	44 
5051	256 
5052	37 
5053	255 
5054	268 
5055	129 
5056	162 
5057	101 
5058	42 
5059	290 
5060	261 
5061	98 
5062	60 
5063	281 
5064	193 
5065	231 
5066	229 
5067	283 
5068	107 
5069	152 
5070	114 
5071	153 
5072	52 
5073	287 
5074	166 
5075	151 
5076	82 
5077	230 
5078	234 
5079	143 
5080	132 
5081	43 
5082	217 
5083	116 
5084	139 
5085	166 
5086	78 
5087	149 
5088	87 
5089	142 
5090	276 
5091	143 
5092	178 
5093	96 
5094	56 
5095	125 
5096	50 
5097	36 
5098	84 
5099	6 
5100	48 
5101	199 
5102	129 
5103	166 
5104	9 
5105	114 
5106	177 
5107	250 
5108	25 
5109	35 
5110	211 
5111	252 
5112	183 
5113	145 
5114	244 
5115	127 
5116	210 
5117	124 
5118	202 
5119	42 
5120	13 
5121	260 
5122	186 
5123	130 
5124	81 
5125	227 
5126	234 
5127	149 
5128	25 
5129	246 
5130	291 
5131	9 
5132	48 
5133	152 
5134	179 
5135	182 
5136	265 
5137	155 
5138	210 
5139	192 
5140	65 
5141	237 
5142	152 
5143	46 
5144	147 
5145	125 
5146	279 
5147	32 
5148	29 
5149	171 
5150	134 
5151	164 
5152	121 
5153	176 
5154	37 
5155	116 
5156	209 
5157	227 
5158	151 
5159	56 
5160	40 
5161	125 
5162	95 
5163	260 
5164	174 
5165	32 
5166	86 
5167	183 
5168	74 
5169	103 
5170	36 
5171	42 
5172	266 
5173	283 
5174	250 
5175	220 
5176	24 
5177	201 
5178	208 
5179	82 
5180	37 
5181	259 
5182	155 
5183	283 
5184	40 
5185	176 
5186	236 
5187	155 
5188	226 
5189	5 
5190	47 
5191	125 
5192	50 
5193	142 
5194	244 
5195	240 
5196	3 
5197	231 
5198	200 
5199	229 
5200	169 
5201	202 
5202	156 
5203	156 
5204	13 
5205	90 
5206	134 
5207	26 
5208	56 
5209	90 
5210	59 
5211	42 
5212	135 
5213	42 
5214	69 
5215	196 
5216	88 
5217	171 
5218	111 
5219	271 
5220	64 
5221	94 
5222	56 
5223	82 
5224	262 
5225	93 
5226	119 
5227	74 
5228	163 
5229	16 
5230	161 
5231	253 
5232	253 
5233	289 
5234	179 
5235	69 
5236	122 
5237	70 
5238	9 
5239	229 
5240	165 
5241	250 
5242	132 
5243	260 
5244	182 
5245	39 
5246	102 
5247	187 
5248	123 
5249	11 
5250	12 
5251	29 
5252	115 
5253	5 
5254	228 
5255	228 
5256	172 
5257	213 
5258	11 
5259	43 
5260	103 
5261	42 
5262	192 
5263	269 
5264	244 
5265	27 
5266	152 
5267	127 
5268	193 
5269	114 
5270	75 
5271	179 
5272	36 
5273	137 
5274	165 
5275	89 
5276	14 
5277	46 
5278	283 
5279	94 
5280	135 
5281	152 
5282	189 
5283	19 
5284	186 
5285	287 
5286	1 
5287	119 
5288	266 
5289	57 
5290	288 
5291	33 
5292	5 
5293	131 
5294	50 
5295	12 
5296	72 
5297	89 
5298	134 
5299	98 
5300	199 
5301	168 
5302	40 
5303	40 
5304	52 
5305	36 
5306	250 
5307	206 
5308	1 
5309	196 
5310	262 
5311	287 
5312	69 
5313	103 
5314	17 
5315	286 
5316	230 
5317	159 
5318	175 
5319	213 
5320	41 
5321	96 
5322	81 
5323	39 
5324	236 
5325	50 
5326	216 
5327	98 
5328	19 
5329	126 
5330	69 
5331	114 
5332	260 
5333	227 
5334	145 
5335	79 
5336	127 
5337	118 
5338	226 
5339	265 
5340	270 
5341	155 
5342	180 
5343	2 
5344	24 
5345	275 
5346	206 
5347	6 
5348	3 
5349	253 
5350	181 
5351	78 
5352	237 
5353	112 
5354	269 
5355	210 
5356	193 
5357	72 
5358	96 
5359	254 
5360	265 
5361	152 
5362	24 
5363	127 
5364	125 
5365	244 
5366	10 
5367	52 
5368	278 
5369	65 
5370	25 
5371	138 
5372	15 
5373	108 
5374	101 
5375	228 
5376	267 
5377	63 
5378	60 
5379	172 
5380	7 
5381	4 
5382	49 
5383	179 
5384	134 
5385	210 
5386	185 
5387	279 
5388	221 
5389	220 
5390	222 
5391	12 
5392	122 
5393	182 
5394	125 
5395	187 
5396	162 
5397	152 
5398	179 
5399	216 
5400	218 
5401	39 
5402	211 
5403	47 
5404	199 
5405	119 
5406	129 
5407	29 
5408	192 
5409	160 
5410	291 
5411	162 
5412	16 
5413	166 
5414	29 
5415	109 
5416	270 
5417	237 
5418	63 
5419	139 
5420	180 
5421	123 
5422	191 
5423	5 
5424	123 
5425	17 
5426	182 
5427	194 
5428	15 
5429	41 
5430	18 
5431	236 
5432	85 
5433	254 
5434	100 
5435	139 
5436	284 
5437	144 
5438	49 
5439	284 
5440	103 
5441	253 
5442	2 
5443	121 
5444	236 
5445	139 
5446	290 
5447	25 
5448	278 
5449	167 
5450	222 
5451	180 
5452	38 
5453	170 
5454	47 
5455	54 
5456	252 
5457	236 
5458	62 
5459	173 
5460	285 
5461	41 
5462	88 
5463	153 
5464	187 
5465	200 
5466	253 
5467	58 
5468	230 
5469	106 
5470	82 
5471	216 
5472	240 
5473	56 
5474	25 
5475	181 
5476	257 
5477	238 
5478	89 
5479	245 
5480	96 
5481	200 
5482	257 
5483	178 
5484	264 
5485	84 
5486	35 
5487	96 
5488	217 
5489	185 
5490	12 
5491	81 
5492	127 
5493	236 
5494	93 
5495	230 
5496	210 
5497	136 
5498	250 
5499	60 
5500	139 
5501	82 
5502	49 
5503	76 
5504	155 
5505	248 
5506	290 
5507	269 
5508	245 
5509	276 
5510	178 
5511	12 
5512	32 
5513	82 
5514	112 
5515	224 
5516	56 
5517	2 
5518	94 
5519	2 
5520	18 
5521	35 
5522	148 
5523	4 
5524	35 
5525	87 
5526	159 
5527	230 
5528	129 
5529	89 
5530	155 
5531	24 
5532	156 
5533	208 
5534	6 
5535	43 
5536	48 
5537	19 
5538	78 
5539	186 
5540	58 
5541	209 
5542	5 
5543	253 
5544	194 
5545	266 
5546	65 
5547	194 
5548	230 
5549	199 
5550	91 
5551	263 
5552	291 
5553	96 
5554	142 
5555	71 
5556	259 
5557	159 
5558	132 
5559	16 
5560	94 
5561	20 
5562	162 
5563	237 
5564	216 
5565	10 
5566	277 
5567	9 
5568	211 
5569	5 
5570	127 
5571	42 
5572	207 
5573	32 
5574	98 
5575	120 
5576	245 
5577	17 
5578	230 
5579	32 
5580	170 
5581	78 
5582	177 
5583	67 
5584	119 
5585	97 
5586	209 
5587	41 
5588	42 
5589	165 
5590	59 
5591	42 
5592	165 
5593	241 
5594	100 
5595	62 
5596	156 
5597	8 
5598	148 
5599	181 
5600	170 
5601	29 
5602	5 
5603	291 
5604	108 
5605	127 
5606	120 
5607	124 
5608	82 
5609	109 
5610	111 
5611	247 
5612	78 
5613	135 
5614	229 
5615	121 
5616	124 
5617	48 
5618	170 
5619	107 
5620	245 
5621	109 
5622	180 
5623	48 
5624	143 
5625	228 
5626	129 
5627	110 
5628	71 
5629	262 
5630	71 
5631	194 
5632	41 
5633	106 
5634	191 
5635	261 
5636	290 
5637	169 
5638	180 
5639	255 
5640	194 
5641	171 
5642	222 
5643	289 
5644	152 
5645	207 
5646	97 
5647	50 
5648	63 
5649	174 
5650	11 
5651	148 
5652	260 
5653	108 
5654	238 
5655	125 
5656	172 
5657	17 
5658	37 
5659	36 
5660	108 
5661	173 
5662	149 
5663	110 
5664	229 
5665	228 
5666	185 
5667	59 
5668	93 
5669	185 
5670	278 
5671	134 
5672	71 
5673	137 
5674	134 
5675	120 
5676	256 
5677	135 
5678	37 
5679	24 
5680	217 
5681	255 
5682	5 
5683	278 
5684	229 
5685	179 
5686	98 
5687	262 
5688	3 
5689	89 
5690	227 
5691	242 
5692	90 
5693	28 
5694	112 
5695	101 
5696	145 
5697	62 
5698	118 
5699	32 
5700	277 
5701	15 
5702	287 
5703	32 
5704	171 
5705	168 
5706	270 
5707	185 
5708	29 
5709	267 
5710	69 
5711	185 
5712	241 
5713	58 
5714	38 
5715	79 
5716	170 
5717	35 
5718	33 
5719	160 
5720	25 
5721	30 
5722	132 
5723	185 
5724	177 
5725	222 
5726	32 
5727	192 
5728	179 
5729	1 
5730	58 
5731	116 
5732	253 
5733	138 
5734	56 
5735	5 
5736	141 
5737	224 
5738	32 
5739	249 
5740	237 
5741	40 
5742	41 
5743	137 
5744	10 
5745	20 
5746	63 
5747	209 
5748	39 
5749	222 
5750	138 
5751	27 
5752	210 
5753	5 
5754	230 
5755	92 
5756	196 
5757	141 
5758	143 
5759	84 
5760	262 
5761	3 
5762	41 
5763	63 
5764	66 
5765	120 
5766	167 
5767	132 
5768	47 
5769	15 
5770	25 
5771	49 
5772	35 
5773	131 
5774	152 
5775	111 
5776	81 
5777	173 
5778	178 
5779	162 
5780	252 
5781	257 
5782	224 
5783	245 
5784	92 
5785	97 
5786	167 
5787	46 
5788	148 
5789	86 
5790	37 
5791	203 
5792	289 
5793	145 
5794	286 
5795	52 
5796	169 
5797	135 
5798	278 
5799	86 
5800	38 
5801	237 
5802	115 
5803	262 
5804	168 
5805	137 
5806	270 
5807	12 
5808	167 
5809	63 
5810	285 
5811	28 
5812	227 
5813	11 
5814	12 
5815	79 
5816	255 
5817	24 
5818	58 
5819	269 
5820	269 
5821	5 
5822	96 
5823	51 
5824	37 
5825	237 
5826	50 
5827	20 
5828	275 
5829	134 
5830	206 
5831	119 
5832	25 
5833	33 
5834	271 
5835	64 
5836	66 
5837	194 
5838	127 
5839	182 
5840	27 
5841	171 
5842	143 
5843	254 
5844	209 
5845	4 
5846	145 
5847	167 
5848	62 
5849	263 
5850	41 
5851	290 
5852	106 
5853	263 
5854	131 
5855	40 
5856	76 
5857	189 
5858	247 
5859	229 
5860	236 
5861	191 
5862	259 
5863	87 
5864	46 
5865	110 
5866	207 
5867	40 
5868	290 
5869	271 
5870	269 
5871	132 
5872	10 
5873	241 
5874	164 
5875	28 
5876	145 
5877	164 
5878	177 
5879	46 
5880	1 
5881	13 
5882	104 
5883	39 
5884	148 
5885	270 
5886	71 
5887	84 
5888	199 
5889	64 
5890	287 
5891	223 
5892	162 
5893	97 
5894	16 
5895	118 
5896	271 
5897	287 
5898	116 
5899	62 
5900	164 
5901	101 
5902	253 
5903	62 
5904	208 
5905	90 
5906	134 
5907	139 
5908	60 
5909	289 
5910	130 
5911	102 
5912	9 
5913	223 
5914	59 
5915	174 
5916	178 
5917	81 
5918	210 
5919	60 
5920	168 
5921	149 
5922	148 
5923	148 
5924	74 
5925	224 
5926	79 
5927	201 
5928	87 
5929	288 
5930	155 
5931	3 
5932	62 
5933	100 
5934	125 
5935	244 
5936	143 
5937	193 
5938	75 
5939	179 
5940	254 
5941	36 
5942	141 
5943	147 
5944	43 
5945	231 
5946	17 
5947	277 
5948	222 
5949	101 
5950	109 
5951	134 
5952	291 
5953	166 
5954	199 
5955	46 
5956	109 
5957	74 
5958	285 
5959	82 
5960	234 
5961	183 
5962	248 
5963	230 
5964	164 
5965	153 
5966	104 
5967	91 
5968	102 
5969	108 
5970	132 
5971	3 
5972	70 
5973	112 
5974	254 
5975	20 
5976	255 
5977	132 
5978	257 
5979	138 
5980	71 
5981	227 
5982	50 
5983	48 
5984	185 
5985	14 
5986	181 
5987	222 
5988	94 
5989	25 
5990	164 
5991	230 
5992	153 
5993	168 
5994	24 
5995	261 
5996	254 
5997	40 
5998	149 
5999	79 
6000	59 
6001	249 
6002	257 
6003	153 
6004	93 
6005	230 
6006	107 
6007	179 
6008	160 
6009	208 
6010	158 
6011	175 
6012	1 
6013	287 
6014	59 
6015	36 
6016	263 
6017	102 
6018	229 
6019	277 
6020	145 
6021	1 
6022	144 
6023	93 
6024	57 
6025	164 
6026	80 
6027	152 
6028	195 
6029	93 
6030	173 
6031	261 
6032	84 
6033	178 
6034	278 
6035	222 
6036	28 
6037	189 
6038	199 
6039	141 
6040	230 
6041	171 
6042	180 
6043	244 
6044	244 
6045	266 
6046	246 
6047	230 
6048	78 
6049	94 
6050	30 
6051	58 
6052	35 
6053	246 
6054	238 
6055	13 
6056	26 
6057	51 
6058	224 
6059	121 
6060	248 
6061	238 
6062	224 
6063	141 
6064	260 
6065	85 
6066	89 
6067	52 
6068	228 
6069	50 
6070	75 
6071	181 
6072	183 
6073	199 
6074	244 
6075	248 
6076	234 
6077	50 
6078	15 
6079	252 
6080	199 
6081	50 
6082	60 
6083	155 
6084	175 
6085	116 
6086	54 
6087	248 
6088	125 
6089	269 
6090	121 
6091	183 
6092	167 
6093	286 
6094	70 
6095	107 
6096	125 
6097	60 
6098	288 
6099	245 
6100	102 
6101	110 
6102	4 
6103	170 
6104	12 
6105	4 
6106	12 
6107	49 
6108	32 
6109	121 
6110	71 
6111	80 
6112	284 
6113	120 
6114	50 
6115	253 
6116	143 
6117	250 
6118	248 
6119	211 
6120	98 
6121	270 
6122	30 
6123	79 
6124	226 
6125	275 
6126	13 
6127	54 
6128	291 
6129	9 
6130	277 
6131	66 
6132	29 
6133	32 
6134	189 
6135	187 
6136	162 
6137	4 
6138	40 
6139	180 
6140	238 
6141	210 
6142	177 
6143	143 
6144	10 
6145	209 
6146	229 
6147	75 
6148	69 
6149	39 
6150	86 
6151	275 
6152	191 
6153	30 
6154	195 
6155	222 
6156	287 
6157	206 
6158	173 
6159	194 
6160	58 
6161	108 
6162	130 
6163	229 
6164	187 
6165	24 
6166	254 
6167	152 
6168	237 
6169	9 
6170	58 
6171	170 
6172	193 
6173	246 
6174	93 
6175	200 
6176	168 
6177	94 
6178	130 
6179	173 
6180	147 
6181	98 
6182	248 
6183	227 
6184	206 
6185	202 
6186	109 
6187	228 
6188	35 
6189	35 
6190	283 
6191	279 
6192	59 
6193	266 
6194	240 
6195	126 
6196	231 
6197	265 
6198	167 
6199	283 
6200	112 
6201	86 
6202	220 
6203	143 
6204	143 
6205	137 
6206	84 
6207	180 
6208	102 
6209	178 
6210	201 
6211	275 
6212	264 
6213	109 
6214	167 
6215	1 
6216	136 
6217	246 
6218	67 
6219	286 
6220	207 
6221	66 
6222	2 
6223	194 
6224	278 
6225	179 
6226	201 
6227	89 
6228	100 
6229	145 
6230	112 
6231	238 
6232	27 
6233	278 
6234	15 
6235	110 
6236	120 
6237	272 
6238	231 
6239	82 
6240	2 
6241	199 
6242	178 
6243	238 
6244	285 
6245	262 
6246	66 
6247	272 
6248	266 
6249	267 
6250	164 
6251	98 
6252	111 
6253	107 
6254	19 
6255	222 
6256	52 
6257	154 
6258	3 
6259	168 
6260	3 
6261	35 
6262	254 
6263	15 
6264	13 
6265	138 
6266	238 
6267	249 
6268	35 
6269	130 
6270	126 
6271	76 
6272	245 
6273	281 
6274	13 
6275	81 
6276	36 
6277	206 
6278	12 
6279	28 
6280	255 
6281	126 
6282	208 
6283	290 
6284	182 
6285	3 
6286	138 
6287	149 
6288	201 
6289	152 
6290	253 
6291	35 
6292	236 
6293	210 
6294	124 
6295	164 
6296	257 
6297	263 
6298	159 
6299	267 
6300	2 
6301	135 
6302	202 
6303	278 
6304	1 
6305	32 
6306	76 
6307	109 
6308	17 
6309	65 
6310	182 
6311	271 
6312	79 
6313	260 
6314	260 
6315	291 
6316	20 
6317	69 
6318	290 
6319	286 
6320	253 
6321	231 
6322	210 
6323	57 
6324	107 
6325	4 
6326	67 
6327	284 
6328	3 
6329	49 
6330	11 
6331	207 
6332	41 
6333	193 
6334	81 
6335	170 
6336	107 
6337	279 
6338	118 
6339	242 
6340	283 
6341	71 
6342	164 
6343	16 
6344	148 
6345	269 
6346	227 
6347	223 
6348	230 
6349	119 
6350	43 
6351	168 
6352	148 
6353	130 
6354	122 
6355	263 
6356	18 
6357	229 
6358	70 
6359	277 
6360	194 
6361	38 
6362	153 
6363	126 
6364	56 
6365	125 
6366	261 
6367	15 
6368	277 
6369	30 
6370	57 
6371	201 
6372	230 
6373	29 
6374	102 
6375	30 
6376	57 
6377	107 
6378	97 
6379	42 
6380	65 
6381	179 
6382	80 
6383	13 
6384	67 
6385	279 
6386	102 
6387	107 
6388	171 
6389	283 
6390	249 
6391	223 
6392	19 
6393	167 
6394	173 
6395	94 
6396	98 
6397	152 
6398	142 
6399	137 
6400	281 
6401	194 
6402	270 
6403	125 
6404	137 
6405	174 
6406	28 
6407	69 
6408	9 
6409	222 
6410	97 
6411	269 
6412	116 
6413	191 
6414	82 
6415	287 
6416	67 
6417	284 
6418	10 
6419	181 
6420	29 
6421	245 
6422	194 
6423	286 
6424	78 
6425	166 
6426	226 
6427	181 
6428	19 
6429	109 
6430	155 
6431	253 
6432	159 
6433	75 
6434	10 
6435	194 
6436	166 
6437	56 
6438	289 
6439	230 
6440	179 
6441	238 
6442	132 
6443	89 
6444	191 
6445	104 
6446	172 
6447	159 
6448	290 
6449	80 
6450	65 
6451	244 
6452	254 
6453	194 
6454	52 
6455	231 
6456	168 
6457	261 
6458	125 
6459	238 
6460	287 
6461	275 
6462	267 
6463	228 
6464	29 
6465	49 
6466	195 
6467	70 
6468	138 
6469	142 
6470	238 
6471	28 
6472	160 
6473	244 
6474	62 
6475	228 
6476	62 
6477	101 
6478	67 
6479	277 
6480	139 
6481	40 
6482	208 
6483	62 
6484	75 
6485	164 
6486	244 
6487	25 
6488	260 
6489	165 
6490	102 
6491	86 
6492	257 
6493	266 
6494	5 
6495	147 
6496	5 
6497	201 
6498	10 
6499	138 
6500	20 
6501	230 
6502	107 
6503	9 
6504	93 
6505	97 
6506	145 
6507	24 
6508	216 
6509	63 
6510	249 
6511	41 
6512	227 
6513	221 
6514	52 
6515	171 
6516	164 
6517	32 
6518	187 
6519	43 
6520	206 
6521	20 
6522	228 
6523	230 
6524	222 
6525	145 
6526	30 
6527	104 
6528	56 
6529	12 
6530	246 
6531	279 
6532	134 
6533	210 
6534	269 
6535	238 
6536	90 
6537	254 
6538	14 
6539	124 
6540	152 
6541	10 
6542	199 
6543	284 
6544	230 
6545	264 
6546	125 
6547	74 
6548	18 
6549	152 
6550	36 
6551	223 
6552	32 
6553	2 
6554	110 
6555	30 
6556	145 
6557	70 
6558	59 
6559	5 
6560	134 
6561	17 
6562	187 
6563	75 
6564	24 
6565	86 
6566	227 
6567	162 
6568	30 
6569	152 
6570	65 
6571	82 
6572	155 
6573	209 
6574	250 
6575	109 
6576	137 
6577	119 
6578	178 
6579	271 
6580	102 
6581	231 
6582	168 
6583	52 
6584	173 
6585	287 
6586	283 
6587	138 
6588	246 
6589	242 
6590	289 
6591	291 
6592	216 
6593	187 
6594	283 
6595	228 
6596	279 
6597	86 
6598	286 
6599	152 
6600	54 
6601	236 
6602	226 
6603	116 
6604	152 
6605	7 
6606	227 
6607	246 
6608	93 
6609	291 
6610	159 
6611	24 
6612	49 
6613	270 
6614	52 
6615	159 
6616	261 
6617	237 
6618	186 
6619	86 
6620	216 
6621	220 
6622	271 
6623	108 
6624	244 
6625	15 
6626	52 
6627	74 
6628	67 
6629	122 
6630	15 
6631	59 
6632	138 
6633	85 
6634	102 
6635	47 
6636	138 
6637	39 
6638	260 
6639	125 
6640	69 
6641	149 
6642	260 
6643	257 
6644	108 
6645	91 
6646	222 
6647	135 
6648	159 
6649	67 
6650	32 
6651	81 
6652	49 
6653	16 
6654	69 
6655	132 
6656	228 
6657	189 
6658	144 
6659	265 
6660	254 
6661	201 
6662	209 
6663	159 
6664	30 
6665	49 
6666	13 
6667	29 
6668	86 
6669	54 
6670	124 
6671	19 
6672	267 
6673	85 
6674	139 
6675	32 
6676	187 
6677	183 
6678	94 
6679	158 
6680	93 
6681	79 
6682	27 
6683	108 
6684	218 
6685	174 
6686	123 
6687	226 
6688	18 
6689	278 
6690	149 
6691	179 
6692	93 
6693	82 
6694	102 
6695	289 
6696	260 
6697	16 
6698	254 
6699	127 
6700	222 
6701	238 
6702	130 
6703	41 
6704	167 
6705	142 
6706	236 
6707	291 
6708	220 
6709	124 
6710	86 
6711	93 
6712	67 
6713	43 
6714	82 
6715	56 
6716	125 
6717	86 
6718	5 
6719	193 
6720	50 
6721	201 
6722	111 
6723	189 
6724	160 
6725	199 
6726	207 
6727	262 
6728	187 
6729	283 
6730	177 
6731	245 
6732	229 
6733	164 
6734	49 
6735	104 
6736	63 
6737	16 
6738	284 
6739	28 
6740	76 
6741	16 
6742	41 
6743	244 
6744	229 
6745	177 
6746	58 
6747	56 
6748	6 
6749	37 
6750	24 
6751	166 
6752	178 
6753	118 
6754	50 
6755	180 
6756	78 
6757	223 
6758	186 
6759	67 
6760	181 
6761	147 
6762	40 
6763	52 
6764	148 
6765	201 
6766	98 
6767	102 
6768	247 
6769	165 
6770	254 
6771	74 
6772	159 
6773	209 
6774	218 
6775	160 
6776	271 
6777	152 
6778	186 
6779	87 
6780	255 
6781	164 
6782	160 
6783	89 
6784	206 
6785	28 
6786	263 
6787	222 
6788	125 
6789	196 
6790	4 
6791	58 
6792	134 
6793	50 
6794	3 
6795	230 
6796	278 
6797	38 
6798	20 
6799	263 
6800	63 
6801	287 
6802	20 
6803	174 
6804	173 
6805	194 
6806	132 
6807	59 
6808	9 
6809	187 
6810	229 
6811	89 
6812	271 
6813	89 
6814	19 
6815	36 
6816	50 
6817	75 
6818	260 
6819	267 
6820	230 
6821	124 
6822	56 
6823	244 
6824	145 
6825	111 
6826	246 
6827	3 
6828	174 
6829	174 
6830	231 
6831	252 
6832	78 
6833	50 
6834	167 
6835	107 
6836	263 
6837	208 
6838	254 
6839	11 
6840	116 
6841	247 
6842	118 
6843	20 
6844	289 
6845	142 
6846	132 
6847	281 
6848	135 
6849	257 
6850	139 
6851	165 
6852	93 
6853	3 
6854	63 
6855	234 
6856	260 
6857	62 
6858	134 
6859	98 
6860	16 
6861	279 
6862	17 
6863	39 
6864	67 
6865	76 
6866	162 
6867	126 
6868	101 
6869	180 
6870	54 
6871	166 
6872	162 
6873	80 
6874	124 
6875	206 
6876	49 
6877	288 
6878	156 
6879	279 
6880	60 
6881	132 
6882	166 
6883	94 
6884	228 
6885	170 
6886	242 
6887	104 
6888	168 
6889	284 
6890	266 
6891	149 
6892	84 
6893	289 
6894	37 
6895	180 
6896	139 
6897	35 
6898	58 
6899	19 
6900	29 
6901	148 
6902	30 
6903	222 
6904	63 
6905	118 
6906	224 
6907	159 
6908	263 
6909	288 
6910	187 
6911	76 
6912	186 
6913	47 
6914	7 
6915	248 
6916	222 
6917	149 
6918	65 
6919	271 
6920	124 
6921	210 
6922	265 
6923	32 
6924	200 
6925	5 
6926	56 
6927	265 
6928	118 
6929	80 
6930	27 
6931	134 
6932	144 
6933	101 
6934	7 
6935	152 
6936	67 
6937	153 
6938	210 
6939	67 
6940	111 
6941	226 
6942	127 
6943	249 
6944	70 
6945	189 
6946	254 
6947	195 
6948	206 
6949	85 
6950	118 
6951	238 
6952	78 
6953	278 
6954	32 
6955	108 
6956	230 
6957	220 
6958	266 
6959	98 
6960	132 
6961	209 
6962	30 
6963	195 
6964	216 
6965	107 
6966	82 
6967	27 
6968	173 
6969	257 
6970	216 
6971	286 
6972	191 
6973	171 
6974	149 
6975	13 
6976	142 
6977	148 
6978	98 
6979	226 
6980	167 
6981	291 
6982	227 
6983	125 
6984	159 
6985	137 
6986	18 
6987	218 
6988	40 
6989	123 
6990	248 
6991	248 
6992	19 
6993	56 
6994	169 
6995	101 
6996	183 
6997	186 
6998	38 
6999	86 
7000	40 
7001	60 
7002	220 
7003	147 
7004	218 
7005	178 
7006	111 
7007	249 
7008	142 
7009	145 
7010	57 
7011	160 
7012	193 
7013	62 
7014	10 
7015	82 
7016	159 
7017	210 
7018	287 
7019	155 
7020	247 
7021	15 
7022	270 
7023	35 
7024	173 
7025	253 
7026	38 
7027	78 
7028	236 
7029	144 
7030	51 
7031	263 
7032	257 
7033	187 
7034	135 
7035	110 
7036	89 
7037	3 
7038	120 
7039	229 
7040	284 
7041	218 
7042	147 
7043	1 
7044	9 
7045	24 
7046	20 
7047	177 
7048	210 
7049	130 
7050	10 
7051	191 
7052	145 
7053	137 
7054	137 
7055	102 
7056	70 
7057	231 
7058	138 
7059	111 
7060	200 
7061	281 
7062	270 
7063	231 
7064	164 
7065	84 
7066	177 
7067	18 
7068	125 
7069	108 
7070	49 
7071	143 
7072	236 
7073	110 
7074	130 
7075	288 
7076	269 
7077	76 
7078	183 
7079	285 
7080	158 
7081	138 
7082	209 
7083	78 
7084	164 
7085	183 
7086	173 
7087	29 
7088	159 
7089	79 
7090	50 
7091	17 
7092	247 
7093	60 
7094	283 
7095	119 
7096	236 
7097	65 
7098	244 
7099	80 
7100	285 
7101	75 
7102	135 
7103	27 
7104	180 
7105	64 
7106	267 
7107	166 
7108	152 
7109	126 
7110	167 
7111	57 
7112	111 
7113	238 
7114	7 
7115	174 
7116	43 
7117	287 
7118	89 
7119	67 
7120	156 
7121	148 
7122	281 
7123	277 
7124	210 
7125	3 
7126	271 
7127	179 
7128	38 
7129	144 
7130	59 
7131	194 
7132	30 
7133	186 
7134	220 
7135	7 
7136	60 
7137	112 
7138	166 
7139	125 
7140	5 
7141	76 
7142	255 
7143	122 
7144	50 
7145	110 
7146	58 
7147	132 
7148	284 
7149	166 
7150	49 
7151	142 
7152	291 
7153	279 
7154	277 
7155	14 
7156	70 
7157	201 
7158	101 
7159	257 
7160	26 
7161	179 
7162	32 
7163	178 
7164	289 
7165	109 
7166	287 
7167	180 
7168	178 
7169	25 
7170	124 
7171	266 
7172	250 
7173	102 
7174	178 
7175	75 
7176	75 
7177	50 
7178	30 
7179	199 
7180	42 
7181	32 
7182	67 
7183	160 
7184	56 
7185	229 
7186	265 
7187	127 
7188	63 
7189	76 
7190	144 
7191	168 
7192	223 
7193	9 
7194	200 
7195	291 
7196	234 
7197	122 
7198	12 
7199	155 
7200	200 
7201	32 
7202	29 
7203	10 
7204	287 
7205	104 
7206	132 
7207	91 
7208	139 
7209	162 
7210	127 
7211	223 
7212	156 
7213	246 
7214	245 
7215	76 
7216	222 
7217	30 
7218	231 
7219	206 
7220	38 
7221	35 
7222	15 
7223	156 
7224	264 
7225	26 
7226	186 
7227	147 
7228	278 
7229	109 
7230	10 
7231	4 
7232	210 
7233	178 
7234	168 
7235	286 
7236	112 
7237	220 
7238	143 
7239	134 
7240	35 
7241	164 
7242	112 
7243	166 
7244	59 
7245	156 
7246	62 
7247	108 
7248	237 
7249	65 
7250	91 
7251	90 
7252	62 
7253	206 
7254	16 
7255	254 
7256	1 
7257	257 
7258	229 
7259	43 
7260	270 
7261	59 
7262	160 
7263	116 
7264	69 
7265	9 
7266	54 
7267	189 
7268	4 
7269	29 
7270	7 
7271	158 
7272	116 
7273	210 
7274	94 
7275	138 
7276	159 
7277	90 
7278	123 
7279	166 
7280	193 
7281	37 
7282	260 
7283	174 
7284	17 
7285	142 
7286	86 
7287	191 
7288	257 
7289	54 
7290	247 
7291	218 
7292	159 
7293	266 
7294	284 
7295	181 
7296	80 
7297	290 
7298	181 
7299	237 
7300	269 
7301	143 
7302	245 
7303	271 
7304	52 
7305	224 
7306	266 
7307	129 
7308	76 
7309	130 
7310	11 
7311	167 
7312	35 
7313	194 
7314	206 
7315	108 
7316	231 
7317	145 
7318	78 
7319	283 
7320	123 
7321	201 
7322	281 
7323	137 
7324	185 
7325	132 
7326	254 
7327	266 
7328	78 
7329	261 
7330	15 
7331	74 
7332	132 
7333	107 
7334	1 
7335	15 
7336	104 
7337	29 
7338	162 
7339	290 
7340	94 
7341	17 
7342	67 
7343	79 
7344	76 
7345	36 
7346	65 
7347	148 
7348	245 
7349	267 
7350	172 
7351	129 
7352	160 
7353	94 
7354	152 
7355	245 
7356	228 
7357	285 
7358	167 
7359	231 
7360	127 
7361	148 
7362	207 
7363	234 
7364	245 
7365	207 
7366	58 
7367	63 
7368	36 
7369	228 
7370	11 
7371	244 
7372	51 
7373	56 
7374	291 
7375	290 
7376	193 
7377	135 
7378	266 
7379	159 
7380	70 
7381	65 
7382	124 
7383	236 
7384	9 
7385	148 
7386	153 
7387	264 
7388	15 
7389	110 
7390	178 
7391	125 
7392	195 
7393	124 
7394	86 
7395	11 
7396	111 
7397	137 
7398	125 
7399	289 
7400	70 
7401	284 
7402	237 
7403	248 
7404	30 
7405	82 
7406	174 
7407	91 
7408	32 
7409	30 
7410	254 
7411	59 
7412	104 
7413	226 
7414	108 
7415	70 
7416	125 
7417	248 
7418	291 
7419	156 
7420	78 
7421	32 
7422	123 
7423	153 
7424	102 
7425	39 
7426	82 
7427	5 
7428	29 
7429	171 
7430	112 
7431	109 
7432	147 
7433	35 
7434	50 
7435	160 
7436	84 
7437	199 
7438	168 
7439	98 
7440	65 
7441	201 
7442	231 
7443	158 
7444	218 
7445	104 
7446	244 
7447	285 
7448	98 
7449	271 
7450	59 
7451	49 
7452	1 
7453	98 
7454	120 
7455	145 
7456	173 
7457	135 
7458	1 
7459	123 
7460	17 
7461	37 
7462	9 
7463	102 
7464	135 
7465	58 
7466	80 
7467	41 
7468	250 
7469	206 
7470	41 
7471	57 
7472	3 
7473	288 
7474	60 
7475	171 
7476	20 
7477	246 
7478	32 
7479	107 
7480	210 
7481	25 
7482	30 
7483	164 
7484	216 
7485	84 
7486	168 
7487	288 
7488	49 
7489	245 
7490	125 
7491	109 
7492	38 
7493	291 
7494	63 
7495	59 
7496	218 
7497	19 
7498	54 
7499	216 
7500	4 
7501	210 
7502	11 
7503	291 
7504	138 
7505	35 
7506	142 
7507	201 
7508	101 
7509	167 
7510	147 
7511	17 
7512	289 
7513	16 
7514	119 
7515	116 
7516	261 
7517	237 
7518	20 
7519	216 
7520	65 
7521	123 
7522	98 
7523	200 
7524	58 
7525	102 
7526	168 
7527	289 
7528	132 
7529	28 
7530	168 
7531	267 
7532	29 
7533	85 
7534	40 
7535	222 
7536	166 
7537	247 
7538	265 
7539	285 
7540	56 
7541	124 
7542	51 
7543	118 
7544	149 
7545	102 
7546	78 
7547	147 
7548	108 
7549	261 
7550	279 
7551	187 
7552	149 
7553	199 
7554	254 
7555	116 
7556	64 
7557	62 
7558	13 
7559	6 
7560	200 
7561	39 
7562	238 
7563	208 
7564	147 
7565	158 
7566	196 
7567	153 
7568	11 
7569	110 
7570	17 
7571	244 
7572	130 
7573	199 
7574	209 
7575	253 
7576	11 
7577	166 
7578	129 
7579	79 
7580	285 
7581	36 
7582	284 
7583	50 
7584	4 
7585	91 
7586	218 
7587	277 
7588	59 
7589	41 
7590	253 
7591	56 
7592	36 
7593	177 
7594	35 
7595	19 
7596	223 
7597	168 
7598	228 
7599	153 
7600	124 
7601	118 
7602	166 
7603	193 
7604	290 
7605	201 
7606	231 
7607	134 
7608	19 
7609	40 
7610	200 
7611	70 
7612	166 
7613	5 
7614	32 
7615	252 
7616	82 
7617	285 
7618	194 
7619	210 
7620	17 
7621	11 
7622	160 
7623	257 
7624	86 
7625	62 
7626	59 
7627	112 
7628	75 
7629	30 
7630	70 
7631	71 
7632	183 
7633	237 
7634	231 
7635	253 
7636	153 
7637	91 
7638	56 
7639	90 
7640	250 
7641	260 
7642	260 
7643	38 
7644	145 
7645	246 
7646	250 
7647	135 
7648	19 
7649	125 
7650	156 
7651	9 
7652	75 
7653	62 
7654	65 
7655	107 
7656	162 
7657	257 
7658	76 
7659	125 
7660	287 
7661	32 
7662	199 
7663	94 
7664	123 
7665	127 
7666	236 
7667	145 
7668	91 
7669	162 
7670	147 
7671	152 
7672	69 
7673	222 
7674	201 
7675	199 
7676	261 
7677	111 
7678	19 
7679	50 
7680	138 
7681	223 
7682	102 
7683	36 
7684	11 
7685	78 
7686	277 
7687	89 
7688	80 
7689	56 
7690	263 
7691	13 
7692	263 
7693	223 
7694	145 
7695	29 
7696	89 
7697	144 
7698	265 
7699	162 
7700	209 
7701	116 
7702	93 
7703	227 
7704	85 
7705	65 
7706	181 
7707	137 
7708	78 
7709	108 
7710	227 
7711	9 
7712	222 
7713	107 
7714	40 
7715	119 
7716	70 
7717	139 
7718	210 
7719	118 
7720	71 
7721	145 
7722	29 
7723	134 
7724	277 
7725	138 
7726	166 
7727	16 
7728	13 
7729	229 
7730	126 
7731	245 
7732	30 
7733	74 
7734	78 
7735	220 
7736	78 
7737	261 
7738	124 
7739	168 
7740	153 
7741	10 
7742	265 
7743	130 
7744	39 
7745	112 
7746	153 
7747	50 
7748	144 
7749	199 
7750	278 
7751	82 
7752	218 
7753	38 
7754	180 
7755	17 
7756	82 
7757	199 
7758	216 
7759	201 
7760	129 
7761	210 
7762	270 
7763	218 
7764	36 
7765	222 
7766	15 
7767	289 
7768	142 
7769	86 
7770	267 
7771	86 
7772	244 
7773	40 
7774	111 
7775	171 
7776	51 
7777	98 
7778	244 
7779	288 
7780	147 
7781	49 
7782	144 
7783	253 
7784	277 
7785	254 
7786	85 
7787	164 
7788	63 
7789	86 
7790	38 
7791	196 
7792	65 
7793	6 
7794	5 
7795	62 
7796	25 
7797	164 
7798	179 
7799	143 
7800	179 
7801	35 
7802	226 
7803	74 
7804	52 
7805	98 
7806	252 
7807	260 
7808	167 
7809	285 
7810	51 
7811	80 
7812	187 
7813	108 
7814	266 
7815	194 
7816	11 
7817	138 
7818	271 
7819	162 
7820	51 
7821	179 
7822	101 
7823	267 
7824	110 
7825	54 
7826	129 
7827	125 
7828	98 
7829	153 
7830	138 
7831	112 
7832	194 
7833	35 
7834	153 
7835	69 
7836	37 
7837	67 
7838	71 
7839	122 
7840	67 
7841	193 
7842	40 
7843	248 
7844	116 
7845	122 
7846	220 
7847	5 
7848	54 
7849	166 
7850	179 
7851	76 
7852	196 
7853	260 
7854	69 
7855	126 
7856	164 
7857	143 
7858	278 
7859	279 
7860	82 
7861	189 
7862	285 
7863	101 
7864	78 
7865	42 
7866	252 
7867	91 
7868	67 
7869	149 
7870	67 
7871	91 
7872	69 
7873	111 
7874	58 
7875	3 
7876	29 
7877	174 
7878	237 
7879	18 
7880	159 
7881	9 
7882	247 
7883	189 
7884	218 
7885	201 
7886	159 
7887	147 
7888	13 
7889	124 
7890	271 
7891	263 
7892	156 
7893	231 
7894	236 
7895	71 
7896	166 
7897	266 
7898	20 
7899	223 
7900	288 
7901	159 
7902	152 
7903	50 
7904	119 
7905	41 
7906	206 
7907	39 
7908	15 
7909	137 
7910	193 
7911	15 
7912	152 
7913	171 
7914	5 
7915	56 
7916	254 
7917	144 
7918	152 
7919	248 
7920	162 
7921	38 
7922	173 
7923	185 
7924	166 
7925	101 
7926	6 
7927	262 
7928	285 
7929	65 
7930	201 
7931	226 
7932	271 
7933	86 
7934	101 
7935	289 
7936	171 
7937	261 
7938	89 
7939	122 
7940	283 
7941	110 
7942	125 
7943	86 
7944	102 
7945	93 
7946	199 
7947	98 
7948	71 
7949	247 
7950	76 
7951	112 
7952	250 
7953	199 
7954	206 
7955	248 
7956	67 
7957	32 
7958	40 
7959	38 
7960	137 
7961	187 
7962	156 
7963	51 
7964	118 
7965	16 
7966	262 
7967	75 
7968	289 
7969	277 
7970	9 
7971	49 
7972	168 
7973	181 
7974	49 
7975	160 
7976	63 
7977	78 
7978	36 
7979	130 
7980	181 
7981	13 
7982	279 
7983	171 
7984	199 
7985	102 
7986	76 
7987	3 
7988	179 
7989	289 
7990	40 
7991	139 
7992	134 
7993	63 
7994	260 
7995	171 
7996	65 
7997	209 
7998	28 
7999	263 
8000	261 
8001	234 
8002	94 
8003	283 
8004	62 
8005	207 
8006	291 
8007	38 
8008	126 
8009	63 
8010	112 
8011	32 
8012	228 
8013	89 
8014	238 
8015	200 
8016	116 
8017	28 
8018	132 
8019	164 
8020	58 
8021	5 
8022	185 
8023	137 
8024	220 
8025	281 
8026	102 
8027	148 
8028	231 
8029	58 
8030	220 
8031	70 
8032	158 
8033	279 
8034	234 
8035	145 
8036	228 
8037	260 
8038	173 
8039	236 
8040	138 
8041	137 
8042	260 
8043	277 
8044	135 
8045	62 
8046	86 
8047	138 
8048	138 
8049	291 
8050	179 
8051	112 
8052	39 
8053	250 
8054	3 
8055	51 
8056	189 
8057	71 
8058	126 
8059	42 
8060	250 
8061	11 
8062	130 
8063	93 
8064	30 
8065	75 
8066	62 
8067	244 
8068	234 
8069	201 
8070	287 
8071	267 
8072	229 
8073	144 
8074	38 
8075	252 
8076	102 
8077	174 
8078	167 
8079	156 
8080	194 
8081	250 
8082	226 
8083	223 
8084	124 
8085	223 
8086	85 
8087	35 
8088	91 
8089	199 
8090	78 
8091	166 
8092	279 
8093	12 
8094	265 
8095	84 
8096	206 
8097	159 
8098	38 
8099	181 
8100	94 
8101	93 
8102	35 
8103	71 
8104	54 
8105	285 
8106	228 
8107	158 
8108	101 
8109	159 
8110	126 
8111	78 
8112	39 
8113	201 
8114	183 
8115	32 
8116	248 
8117	101 
8118	78 
8119	164 
8120	143 
8121	93 
8122	162 
8123	37 
8124	144 
8125	137 
8126	119 
8127	177 
8128	266 
8129	35 
8130	36 
8131	12 
8132	220 
8133	187 
8134	54 
8135	58 
8136	94 
8137	122 
8138	35 
8139	288 
8140	285 
8141	171 
8142	250 
8143	82 
8144	291 
8145	288 
8146	78 
8147	4 
8148	286 
8149	177 
8150	291 
8151	62 
8152	152 
8153	152 
8154	32 
8155	228 
8156	183 
8157	230 
8158	91 
8159	286 
8160	173 
8161	266 
8162	289 
8163	286 
8164	56 
8165	193 
8166	98 
8167	56 
8168	159 
8169	289 
8170	254 
8171	193 
8172	152 
8173	231 
8174	134 
8175	5 
8176	86 
8177	270 
8178	58 
8179	156 
8180	132 
8181	279 
8182	156 
8183	12 
8184	125 
8185	238 
8186	216 
8187	138 
8188	289 
8189	149 
8190	270 
8191	162 
8192	209 
8193	199 
8194	9 
8195	228 
8196	234 
8197	284 
8198	130 
8199	84 
8200	110 
8201	122 
8202	29 
8203	107 
8204	49 
8205	231 
8206	116 
8207	249 
8208	112 
8209	271 
8210	246 
8211	257 
8212	1 
8213	138 
8214	42 
8215	160 
8216	199 
8217	1 
8218	142 
8219	248 
8220	28 
8221	36 
8222	173 
8223	236 
8224	50 
8225	178 
8226	166 
8227	252 
8228	94 
8229	29 
8230	285 
8231	201 
8232	210 
8233	206 
8234	289 
8235	199 
8236	167 
8237	284 
8238	38 
8239	110 
8240	32 
8241	179 
8242	287 
8243	181 
8244	52 
8245	29 
8246	263 
8247	63 
8248	249 
8249	285 
8250	16 
8251	59 
8252	262 
8253	1 
8254	262 
8255	152 
8256	20 
8257	75 
8258	260 
8259	11 
8260	62 
8261	37 
8262	42 
8263	156 
8264	123 
8265	162 
8266	58 
8267	38 
8268	75 
8269	40 
8270	25 
8271	231 
8272	148 
8273	63 
8274	71 
8275	244 
8276	110 
8277	52 
8278	267 
8279	267 
8280	156 
8281	36 
8282	137 
8283	229 
8284	210 
8285	144 
8286	9 
8287	288 
8288	112 
8289	56 
8290	262 
8291	291 
8292	143 
8293	142 
8294	67 
8295	193 
8296	164 
8297	125 
8298	94 
8299	84 
8300	216 
8301	173 
8302	54 
8303	126 
8304	111 
8305	149 
8306	134 
8307	210 
8308	226 
8309	164 
8310	67 
8311	101 
8312	63 
8313	247 
8314	231 
8315	179 
8316	231 
8317	102 
8318	267 
8319	12 
8320	153 
8321	62 
8322	253 
8323	116 
8324	12 
8325	116 
8326	29 
8327	93 
8328	1 
8329	281 
8330	144 
8331	143 
8332	277 
8333	71 
8334	78 
8335	257 
8336	5 
8337	271 
8338	59 
8339	42 
8340	145 
8341	281 
8342	93 
8343	38 
8344	178 
8345	164 
8346	32 
8347	245 
8348	145 
8349	226 
8350	1 
8351	107 
8352	59 
8353	201 
8354	1 
8355	18 
8356	262 
8357	283 
8358	183 
8359	149 
8360	236 
8361	171 
8362	58 
8363	59 
8364	35 
8365	32 
8366	65 
8367	65 
8368	11 
8369	58 
8370	11 
8371	249 
8372	164 
8373	122 
8374	59 
8375	125 
8376	179 
8377	29 
8378	210 
8379	116 
8380	260 
8381	4 
8382	35 
8383	79 
8384	59 
8385	74 
8386	229 
8387	89 
8388	230 
8389	94 
8390	139 
8391	289 
8392	237 
8393	40 
8394	230 
8395	171 
8396	38 
8397	70 
8398	3 
8399	158 
8400	187 
8401	30 
8402	253 
8403	84 
8404	153 
8405	226 
8406	193 
8407	4 
8408	90 
8409	50 
8410	78 
8411	152 
8412	271 
8413	124 
8414	167 
8415	94 
8416	111 
8417	260 
8418	229 
8419	74 
8420	162 
8421	148 
8422	210 
8423	158 
8424	29 
8425	102 
8426	135 
8427	226 
8428	226 
8429	79 
8430	1 
8431	270 
8432	289 
8433	102 
8434	135 
8435	6 
8436	86 
8437	52 
8438	207 
8439	3 
8440	139 
8441	271 
8442	71 
8443	228 
8444	223 
8445	254 
8446	253 
8447	42 
8448	71 
8449	3 
8450	236 
8451	148 
8452	12 
8453	134 
8454	236 
8455	116 
8456	148 
8457	116 
8458	168 
8459	101 
8460	283 
8461	108 
8462	134 
8463	108 
8464	108 
8465	173 
8466	59 
8467	79 
8468	1 
8469	59 
8470	142 
8471	252 
8472	252 
8473	39 
8474	126 
8475	58 
8476	51 
8477	226 
8478	244 
8479	210 
8480	288 
8481	32 
8482	287 
8483	254 
8484	194 
8485	230 
8486	28 
8487	59 
8488	126 
8489	79 
8490	101 
8491	20 
8492	101 
8493	130 
8494	56 
8495	237 
8496	171 
8497	164 
8498	18 
8499	125 
8500	143 
8501	124 
8502	277 
8503	281 
8504	38 
8505	139 
8506	267 
8507	70 
8508	277 
8509	290 
8510	201 
8511	209 
8512	290 
8513	252 
8514	168 
8515	167 
8516	252 
8517	1 
8518	138 
8519	237 
8520	29 
8521	283 
8522	201 
8523	54 
8524	290 
8525	111 
8526	18 
8527	108 
8528	6 
8529	132 
8530	101 
8531	79 
8532	108 
8533	260 
8534	84 
8535	262 
8536	132 
8537	223 
8538	207 
8539	78 
8540	112 
8541	194 
8542	160 
8543	39 
8544	260 
8545	223 
8546	199 
8547	156 
8548	244 
8549	267 
8550	180 
8551	283 
8552	194 
8553	266 
8554	145 
8555	270 
8556	102 
8557	262 
8558	1 
8559	56 
8560	116 
8561	67 
8562	108 
8563	159 
8564	290 
8565	162 
8566	54 
8567	288 
8568	254 
8569	291 
8570	123 
8571	230 
8572	166 
8573	262 
8574	116 
8575	226 
8576	109 
8577	51 
8578	228 
8579	168 
8580	260 
8581	271 
8582	39 
8583	84 
8584	238 
8585	168 
8586	3 
8587	25 
8588	28 
8589	13 
8590	78 
8591	252 
8592	86 
8593	164 
8594	179 
8595	4 
8596	231 
8597	62 
8598	51 
8599	194 
8600	13 
8601	228 
8602	79 
8603	291 
8604	252 
8605	199 
8606	183 
8607	11 
8608	245 
8609	52 
8610	82 
8611	164 
8612	134 
8613	51 
8614	3 
8615	132 
8616	230 
8617	134 
8618	13 
8619	89 
8620	102 
8621	201 
8622	1 
8623	16 
8624	63 
8625	116 
8626	289 
8627	94 
8628	39 
8629	75 
8630	35 
8631	279 
8632	281 
8633	40 
8634	50 
8635	277 
8636	139 
8637	3 
8638	277 
8639	193 
8640	130 
8641	126 
8642	210 
8643	104 
8644	69 
8645	230 
8646	69 
8647	3 
8648	252 
8649	4 
8650	229 
8651	3 
8652	171 
8653	3 
8654	253 
8655	245 
8656	54 
8657	279 
8658	263 
8659	144 
8660	168 
8661	226 
8662	254 
8663	70 
8664	63 
8665	187 
8666	35 
8667	54 
8668	284 
8669	101 
8670	75 
8671	4 
8672	116 
8673	201 
8674	52 
8675	78 
8676	168 
8677	230 
8678	124 
8679	4 
8680	13 
8681	135 
8682	139 
8683	167 
8684	216 
8685	109 
8686	206 
8687	230 
8688	12 
8689	168 
8690	220 
8691	270 
8692	206 
8693	250 
8694	98 
8695	171 
8696	51 
8697	149 
8698	126 
8699	74 
8700	254 
8701	290 
8702	125 
8703	156 
8704	108 
8705	67 
8706	138 
8707	207 
8708	69 
8709	260 
8710	101 
8711	38 
8712	56 
8713	238 
8714	207 
8715	58 
8716	54 
8717	98 
8718	216 
8719	166 
8720	162 
8721	124 
8722	5 
8723	58 
8724	194 
8725	145 
8726	110 
8727	193 
8728	107 
8729	252 
8730	108 
8731	257 
8732	101 
8733	230 
8734	290 
8735	65 
8736	179 
8737	130 
8738	164 
8739	40 
8740	166 
8741	50 
8742	65 
8743	70 
8744	183 
8745	263 
8746	9 
8747	110 
8748	63 
8749	11 
8750	32 
8751	132 
8752	89 
8753	75 
8754	38 
8755	49 
8756	187 
8757	5 
8758	226 
8759	230 
8760	210 
8761	144 
8762	249 
8763	250 
8764	153 
8765	254 
8766	124 
8767	167 
8768	153 
8769	112 
8770	30 
8771	30 
8772	70 
8773	149 
8774	289 
8775	69 
8776	94 
8777	124 
8778	65 
8779	123 
8780	74 
8781	11 
8782	166 
8783	42 
8784	152 
8785	107 
8786	284 
8787	98 
8788	201 
8789	270 
8790	109 
8791	104 
8792	262 
8793	30 
8794	111 
8795	35 
8796	110 
8797	3 
8798	51 
8799	36 
8800	79 
8801	263 
8802	206 
8803	65 
8804	230 
8805	41 
8806	250 
8807	49 
8808	230 
8809	266 
8810	5 
8811	110 
8812	168 
8813	227 
8814	138 
8815	67 
8816	179 
8817	28 
8818	6 
8819	254 
8820	123 
8821	279 
8822	206 
8823	36 
8824	111 
8825	51 
8826	122 
8827	209 
8828	71 
8829	167 
8830	216 
8831	229 
8832	110 
8833	180 
8834	199 
8835	1 
8836	153 
8837	58 
8838	245 
8839	112 
8840	139 
8841	266 
8842	249 
8843	12 
8844	257 
8845	20 
8846	122 
8847	244 
8848	229 
8849	116 
8850	112 
8851	12 
8852	50 
8853	158 
8854	231 
8855	30 
8856	249 
8857	82 
8858	109 
8859	229 
8860	138 
8861	230 
8862	183 
8863	40 
8864	244 
8865	40 
8866	35 
8867	244 
8868	13 
8869	56 
8870	266 
8871	226 
8872	153 
8873	167 
8874	193 
8875	69 
8876	159 
8877	209 
8878	138 
8879	69 
8880	260 
8881	58 
8882	1 
8883	283 
8884	142 
8885	108 
8886	1 
8887	79 
8888	238 
8889	210 
8890	40 
8891	229 
8892	162 
8893	166 
8894	6 
8895	283 
8896	38 
8897	56 
8898	194 
8899	56 
8900	249 
8901	111 
8902	210 
8903	116 
8904	84 
8905	52 
8906	160 
8907	63 
8908	142 
8909	144 
8910	263 
8911	156 
8912	152 
8913	59 
8914	74 
8915	249 
8916	12 
8917	230 
8918	84 
8919	102 
8920	236 
8921	36 
8922	254 
8923	116 
8924	11 
8925	35 
8926	263 
8927	50 
8928	101 
8929	36 
8930	260 
8931	237 
8932	236 
8933	181 
8934	126 
8935	237 
8936	289 
8937	71 
8938	35 
8939	181 
8940	171 
8941	160 
8942	207 
8943	238 
8944	279 
8945	245 
8946	181 
8947	125 
8948	199 
8949	93 
8950	227 
8951	149 
8952	52 
8953	59 
8954	167 
8955	62 
8956	180 
8957	236 
8958	122 
8959	30 
8960	70 
8961	9 
8962	229 
8963	222 
8964	111 
8965	104 
8966	289 
8967	179 
8968	142 
8969	56 
8970	167 
8971	248 
8972	160 
8973	98 
8974	116 
8975	254 
8976	89 
8977	229 
8978	222 
8979	210 
8980	134 
8981	32 
8982	283 
8983	52 
8984	199 
8985	142 
8986	41 
8987	152 
8988	201 
8989	49 
8990	166 
8991	78 
8992	173 
8993	207 
8994	49 
8995	36 
8996	168 
8997	111 
8998	162 
8999	283 
9000	94 
9001	228 
9002	5 
9003	168 
9004	11 
9005	41 
9006	112 
9007	250 
9008	138 
9009	51 
9010	260 
9011	86 
9012	82 
9013	112 
9014	244 
9015	216 
9016	89 
9017	79 
9018	285 
9019	142 
9020	67 
9021	89 
9022	74 
9023	210 
9024	285 
9025	20 
9026	229 
9027	138 
9028	3 
9029	210 
9030	194 
9031	124 
9032	108 
9033	260 
9034	193 
9035	111 
9036	50 
9037	285 
9038	164 
9039	69 
9040	49 
9041	30 
9042	122 
9043	291 
9044	171 
9045	270 
9046	52 
9047	291 
9048	156 
9049	244 
9050	65 
9051	59 
9052	35 
9053	144 
9054	168 
9055	101 
9056	144 
9057	291 
9058	108 
9059	35 
9060	245 
9061	30 
9062	56 
9063	101 
9064	257 
9065	223 
9066	162 
9067	244 
9068	50 
9069	109 
9070	30 
9071	104 
9072	149 
9073	71 
9074	13 
9075	58 
9076	230 
9077	82 
9078	122 
9079	252 
9080	260 
9081	183 
9082	166 
9083	104 
9084	56 
9085	12 
9086	1 
9087	58 
9088	50 
9089	94 
9090	122 
9091	56 
9092	67 
9093	75 
9094	142 
9095	283 
9096	70 
9097	167 
9098	78 
9099	149 
9100	167 
9101	231 
9102	226 
9103	1 
9104	152 
9105	94 
9106	270 
9107	39 
9108	94 
9109	9 
9110	152 
9111	11 
9112	56 
9113	227 
9114	50 
9115	216 
9116	70 
9117	82 
9118	252 
9119	39 
9120	181 
9121	13 
9122	252 
9123	134 
9124	199 
9125	289 
9126	138 
9127	156 
9128	252 
9129	50 
9130	164 
9131	11 
9132	231 
9133	153 
9134	201 
9135	108 
9136	181 
9137	199 
9138	254 
9139	153 
9140	109 
9141	102 
9142	36 
9143	210 
9144	75 
9145	3 
9146	109 
9147	86 
9148	237 
9149	187 
9150	86 
9151	63 
9152	152 
9153	29 
9154	59 
9155	152 
9156	160 
9157	125 
9158	173 
9159	50 
9160	89 
9161	257 
9162	111 
9163	102 
9164	291 
9165	101 
9166	183 
9167	70 
9168	289 
9169	116 
9170	270 
9171	183 
9172	134 
9173	266 
9174	102 
9175	206 
9176	271 
9177	160 
9178	111 
9179	149 
9180	125 
9181	228 
9182	86 
9183	199 
9184	145 
9185	171 
9186	166 
9187	75 
9188	156 
9189	134 
9190	231 
9191	249 
9192	124 
9193	35 
9194	40 
9195	257 
9196	222 
9197	289 
9198	50 
9199	86 
9200	236 
9201	266 
9202	173 
9203	36 
9204	231 
9205	126 
9206	124 
9207	35 
9208	49 
9209	11 
9210	254 
9211	223 
9212	108 
9213	102 
9214	40 
9215	62 
9216	181 
9217	179 
9218	287 
9219	98 
9220	20 
9221	260 
9222	51 
9223	252 
9224	62 
9225	56 
9226	173 
9227	156 
9228	238 
9229	238 
9230	132 
9231	285 
9232	181 
9233	162 
9234	79 
9235	291 
9236	164 
9237	67 
9238	228 
9239	116 
9240	210 
9241	78 
9242	41 
9243	266 
9244	171 
9245	236 
9246	94 
9247	59 
9248	201 
9249	227 
9250	266 
9251	63 
9252	65 
9253	35 
9254	210 
9255	125 
9256	145 
9257	210 
9258	289 
9259	139 
9260	40 
9261	149 
9262	63 
9263	159 
9264	266 
9265	111 
9266	40 
9267	199 
9268	3 
9269	126 
9270	245 
9271	63 
9272	226 
9273	62 
9274	138 
9275	263 
9276	179 
9277	70 
9278	289 
9279	183 
9280	162 
9281	49 
9282	153 
9283	82 
9284	5 
9285	260 
9286	230 
9287	236 
9288	139 
9289	216 
9290	236 
9291	279 
9292	50 
9293	254 
9294	227 
9295	230 
9296	116 
9297	58 
9298	104 
9299	12 
9300	56 
9301	94 
9302	270 
9303	9 
9304	6 
9305	285 
9306	245 
9307	94 
9308	49 
9309	263 
9310	252 
9311	78 
9312	1 
9313	229 
9314	116 
9315	112 
9316	86 
9317	187 
9318	125 
9319	164 
9320	229 
9321	65 
9322	237 
9323	245 
9324	254 
9325	35 
9326	279 
9327	98 
9328	231 
9329	139 
9330	59 
9331	12 
9332	108 
9333	260 
9334	210 
9335	252 
9336	65 
9337	111 
9338	138 
9339	29 
9340	126 
9341	67 
9342	160 
9343	285 
9344	9 
9345	173 
9346	230 
9347	65 
9348	179 
9349	40 
9350	32 
9351	13 
9352	32 
9353	49 
9354	102 
9355	94 
9356	222 
9357	124 
9358	93 
9359	206 
9360	13 
9361	156 
9362	59 
9363	237 
9364	138 
9365	13 
9366	245 
9367	93 
9368	152 
9369	210 
9370	254 
9371	228 
9372	63 
9373	6 
9374	124 
9375	260 
9376	82 
9377	166 
9378	78 
9379	263 
9380	230 
9381	249 
9382	104 
9383	20 
9384	159 
9385	260 
9386	166 
9387	201 
9388	30 
9389	51 
9390	153 
9391	29 
9392	107 
9393	156 
9394	122 
9395	71 
9396	271 
9397	206 
9398	181 
9399	13 
9400	56 
9401	29 
9402	193 
9403	134 
9404	49 
9405	51 
9406	58 
9407	152 
9408	94 
9409	222 
9410	20 
9411	108 
9412	86 
9413	12 
9414	108 
9415	93 
9416	181 
9417	59 
9418	164 
9419	257 
9420	160 
9421	210 
9422	254 
9423	249 
9424	244 
9425	263 
9426	160 
9427	216 
9428	59 
9429	86 
9430	236 
9431	160 
9432	199 
9433	94 
9434	82 
9435	279 
9436	35 
9437	93 
9438	244 
9439	289 
9440	9 
9441	52 
9442	237 
9443	285 
9444	206 
9445	82 
9446	65 
9447	228 
9448	63 
9449	1 
9450	54 
9451	164 
9452	279 
9453	162 
9454	226 
9455	107 
9456	279 
9457	283 
9458	152 
9459	168 
9460	71 
9461	231 
9462	249 
9463	32 
9464	54 
9465	149 
9466	237 
9467	139 
9468	149 
9469	36 
9470	283 
9471	36 
9472	50 
9473	86 
9474	101 
9475	9 
9476	139 
9477	257 
9478	102 
9479	283 
9480	226 
9481	166 
9482	12 
9483	107 
9484	248 
9485	112 
9486	263 
9487	228 
9488	238 
9489	181 
9490	49 
9491	93 
9492	51 
9493	58 
9494	285 
9495	183 
9496	40 
9497	9 
9498	285 
9499	254 
9500	250 
9501	13 
9502	30 
9503	222 
9504	168 
9505	257 
9506	125 
9507	49 
9508	145 
9509	1 
9510	160 
9511	145 
9512	139 
9513	194 
9514	153 
9515	194 
9516	283 
9517	63 
9518	20 
9519	54 
9520	93 
9521	248 
9522	101 
9523	9 
9524	257 
9525	65 
9526	229 
9527	50 
9528	107 
9529	49 
9530	125 
9531	89 
9532	194 
9533	152 
9534	171 
9535	257 
9536	32 
9537	183 
9538	222 
9539	179 
9540	248 
9541	116 
9542	254 
9543	236 
9544	187 
9545	51 
9546	98 
9547	32 
9548	166 
9549	138 
9550	35 
9551	124 
9552	285 
9553	266 
9554	1 
9555	40 
9556	289 
9557	254 
9558	89 
9559	238 
9560	20 
9561	62 
9562	124 
9563	210 
9564	171 
9565	101 
9566	65 
9567	231 
9568	199 
9569	124 
9570	12 
9571	238 
9572	145 
9573	162 
9574	52 
9575	98 
9576	30 
9577	250 
9578	58 
9579	62 
9580	51 
9581	11 
9582	285 
9583	250 
9584	285 
9585	152 
9586	116 
9587	20 
9588	102 
9589	160 
9590	67 
9591	229 
9592	226 
9593	168 
9594	101 
9595	65 
9596	260 
9597	9 
9598	291 
9599	98 
9600	244 
9601	237 
9602	49 
9603	49 
9604	125 
9605	279 
9606	270 
9607	116 
9608	1 
9609	238 
9610	187 
9611	56 
9612	116 
9613	291 
9614	54 
9615	222 
9616	40 
9617	82 
9618	250 
9619	86 
9620	254 
9621	228 
9622	59 
9623	3 
9624	250 
9625	82 
9626	89 
9627	20 
9628	124 
9629	222 
9630	107 
9631	82 
9632	58 
9633	40 
9634	12 
9635	56 
9636	20 
9637	230 
9638	102 
9639	93 
9640	244 
9641	9 
9642	187 
9643	58 
9644	285 
9645	168 
9646	222 
9647	160 
9648	166 
9649	171 
9650	244 
9651	51 
9652	138 
9653	75 
9654	86 
9655	152 
9656	138 
9657	71 
9658	89 
9659	35 
9660	254 
9661	32 
9662	98 
9663	230 
9664	112 
9665	98 
9666	289 
9667	52 
9668	134 
9669	254 
9670	58 
9671	52 
9672	257 
9673	75 
9674	54 
9675	59 
9676	35 
9677	229 
9678	201 
9679	79 
9680	162 
9681	199 
9682	270 
9683	139 
9684	291 
9685	257 
9686	230 
9687	248 
9688	139 
9689	254 
9690	226 
9691	279 
9692	62 
9693	124 
9694	260 
9695	86 
9696	122 
9697	138 
9698	101 
9699	285 
9700	50 
9701	62 
9702	139 
9703	291 
9704	12 
9705	166 
9706	98 
9707	102 
9708	245 
9709	245 
9710	5 
9711	254 
9712	52 
9713	201 
9714	238 
9715	52 
9716	35 
9717	63 
9718	231 
9719	49 
9720	116 
9721	237 
9722	222 
9723	124 
9724	20 
9725	199 
9726	62 
9727	166 
9728	260 
9729	89 
9730	168 
9731	266 
9732	12 
9733	111 
9734	250 
9735	79 
9736	134 
9737	94 
9738	124 
9739	226 
9740	65 
9741	11 
9742	12 
9743	248 
9744	289 
9745	250 
9746	49 
9747	111 
9748	59 
9749	32 
9750	49 
9751	226 
9752	230 
9753	166 
9754	112 
9755	248 
9756	49 
9757	164 
9758	285 
9759	244 
9760	108 
9761	179 
9762	160 
9763	82 
9764	82 
9765	254 
9766	244 
9767	20 
9768	125 
9769	179 
9770	29 
9771	237 
9772	279 
9773	289 
9774	138 
9775	248 
9776	166 
9777	122 
9778	229 
9779	244 
9780	71 
9781	52 
9782	201 
9783	11 
9784	35 
9785	124 
9786	248 
9787	266 
9788	229 
9789	20 
9790	168 
9791	3 
9792	108 
9793	111 
9794	50 
9795	65 
9796	58 
9797	162 
9798	210 
9799	263 
9800	71 
9801	50 
9802	59 
9803	32 
9804	168 
9805	59 
9806	59 
9807	199 
9808	54 
9809	237 
9810	56 
9811	29 
9812	30 
9813	194 
9814	283 
9815	35 
9816	1 
9817	49 
9818	94 
9819	222 
9820	50 
9821	94 
9822	210 
9823	13 
9824	5 
9825	5 
9826	231 
9827	98 
9828	52 
9829	93 
9830	52 
9831	263 
9832	270 
9833	82 
9834	94 
9835	89 
9836	78 
9837	270 
9838	86 
9839	153 
9840	199 
9841	179 
9842	254 
9843	231 
9844	30 
9845	71 
9846	160 
9847	152 
9848	58 
9849	51 
9850	152 
9851	65 
9852	54 
9853	283 
9854	52 
9855	139 
9856	231 
9857	138 
9858	54 
9859	52 
9860	12 
9861	62 
9862	102 
9863	210 
9864	160 
9865	125 
9866	40 
9867	152 
9868	250 
9869	139 
9870	291 
9871	160 
9872	285 
9873	12 
9874	54 
9875	32 
9876	5 
9877	94 
9878	291 
9879	260 
9880	51 
9881	29 
9882	112 
9883	222 
9884	257 
9885	231 
9886	171 
9887	164 
9888	124 
9889	54 
9890	32 
9891	32 
9892	145 
9893	139 
9894	237 
9895	257 
9896	153 
9897	228 
9898	29 
9899	201 
9900	30 
9901	62 
9902	62 
9903	59 
9904	168 
9905	257 
9906	291 
9907	65 
9908	50 
9909	63 
9910	160 
9911	78 
9912	124 
9913	71 
9914	201 
9915	65 
9916	101 
9917	40 
9918	79 
9919	152 
9920	112 
9921	51 
9922	125 
9923	58 
9924	108 
9925	65 
9926	257 
9927	111 
9928	245 
9929	116 
9930	112 
9931	237 
9932	285 
9933	54 
9934	75 
9935	102 
9936	160 
9937	171 
9938	164 
9939	51 
9940	116 
9941	229 
9942	5 
9943	160 
9944	179 
9945	58 
9946	244 
9947	20 
9948	160 
9949	5 
9950	237 
9951	199 
9952	65 
9953	111 
9954	62 
9955	82 
9956	9 
9957	65 
9958	101 
9959	237 
9960	82 
9961	199 
9962	124 
9963	63 
9964	71 
9965	125 
9966	71 
9967	75 
9968	78 
9969	71 
9970	244 
9971	254 
9972	63 
9973	138 
9974	102 
9975	20 
9976	71 
9977	35 
9978	245 
9979	49 
9980	56 
9981	1 
9982	263 
9983	254 
9984	11 
9985	82 
9986	125 
9987	289 
9988	29 
9989	285 
9990	11 
9991	168 
9992	49 
9993	20 
9994	164 
9995	58 
9996	179 
9997	116 
9998	153 
9999	111 
10000	49 
