1	153 
2	109 
3	42 
4	104 
5	112 
6	256 
7	26 
8	102 
9	248 
10	143 
11	75 
12	38 
13	116 
14	64 
15	346 
16	292 
17	160 
18	266 
19	74 
20	188 
21	52 
22	23 
23	274 
24	98 
25	154 
26	199 
27	118 
28	87 
29	200 
30	5 
31	159 
32	274 
33	277 
34	314 
35	171 
36	196 
37	274 
38	120 
39	145 
40	18 
41	97 
42	133 
43	201 
44	207 
45	105 
46	322 
47	293 
48	294 
49	53 
50	286 
51	283 
52	184 
53	172 
54	232 
55	62 
56	73 
57	236 
58	248 
59	172 
60	119 
61	166 
62	150 
63	83 
64	82 
65	2 
66	18 
67	286 
68	116 
69	158 
70	309 
71	167 
72	302 
73	201 
74	13 
75	312 
76	216 
77	184 
78	286 
79	103 
80	115 
81	95 
82	310 
83	208 
84	46 
85	143 
86	201 
87	129 
88	69 
89	69 
90	132 
91	88 
92	324 
93	285 
94	121 
95	30 
96	187 
97	169 
98	343 
99	30 
100	322 
101	305 
102	299 
103	235 
104	210 
105	283 
106	305 
107	141 
108	200 
109	290 
110	156 
111	270 
112	1 
113	82 
114	228 
115	119 
116	283 
117	300 
118	243 
119	53 
120	94 
121	9 
122	190 
123	277 
124	237 
125	267 
126	290 
127	308 
128	8 
129	203 
130	70 
131	46 
132	24 
133	130 
134	277 
135	27 
136	91 
137	207 
138	30 
139	178 
140	153 
141	24 
142	24 
143	36 
144	107 
145	226 
146	48 
147	177 
148	246 
149	268 
150	119 
151	25 
152	293 
153	342 
154	202 
155	174 
156	140 
157	334 
158	115 
159	254 
160	87 
161	162 
162	342 
163	318 
164	210 
165	270 
166	263 
167	325 
168	232 
169	28 
170	40 
171	260 
172	53 
173	138 
174	95 
175	188 
176	237 
177	147 
178	19 
179	164 
180	260 
181	160 
182	126 
183	198 
184	36 
185	237 
186	212 
187	156 
188	208 
189	248 
190	198 
191	72 
192	145 
193	133 
194	280 
195	208 
196	113 
197	129 
198	271 
199	153 
200	96 
201	170 
202	74 
203	215 
204	165 
205	334 
206	23 
207	54 
208	83 
209	117 
210	59 
211	106 
212	171 
213	292 
214	281 
215	313 
216	277 
217	345 
218	196 
219	318 
220	346 
221	306 
222	258 
223	83 
224	346 
225	173 
226	283 
227	70 
228	218 
229	112 
230	83 
231	74 
232	15 
233	245 
234	106 
235	47 
236	74 
237	120 
238	48 
239	318 
240	75 
241	149 
242	302 
243	178 
244	174 
245	41 
246	237 
247	108 
248	341 
249	180 
250	75 
251	328 
252	169 
253	335 
254	76 
255	209 
256	133 
257	325 
258	8 
259	180 
260	161 
261	215 
262	240 
263	208 
264	212 
265	26 
266	228 
267	179 
268	233 
269	36 
270	180 
271	21 
272	336 
273	235 
274	236 
275	195 
276	172 
277	15 
278	106 
279	206 
280	300 
281	62 
282	309 
283	255 
284	254 
285	116 
286	198 
287	199 
288	233 
289	217 
290	106 
291	119 
292	185 
293	314 
294	288 
295	228 
296	238 
297	31 
298	267 
299	142 
300	154 
301	229 
302	106 
303	79 
304	204 
305	96 
306	293 
307	81 
308	153 
309	300 
310	154 
311	112 
312	58 
313	218 
314	297 
315	174 
316	118 
317	182 
318	216 
319	263 
320	349 
321	170 
322	111 
323	255 
324	344 
325	214 
326	343 
327	190 
328	113 
329	132 
330	206 
331	113 
332	147 
333	233 
334	344 
335	303 
336	200 
337	322 
338	84 
339	14 
340	65 
341	246 
342	239 
343	202 
344	20 
345	190 
346	140 
347	264 
348	164 
349	176 
350	331 
351	287 
352	179 
353	130 
354	183 
355	336 
356	322 
357	32 
358	110 
359	1 
360	34 
361	327 
362	205 
363	328 
364	16 
365	299 
366	195 
367	74 
368	30 
369	64 
370	70 
371	246 
372	343 
373	63 
374	319 
375	159 
376	178 
377	53 
378	65 
379	40 
380	27 
381	162 
382	197 
383	317 
384	208 
385	75 
386	99 
387	86 
388	140 
389	40 
390	87 
391	288 
392	220 
393	179 
394	34 
395	102 
396	91 
397	333 
398	116 
399	167 
400	242 
401	101 
402	259 
403	82 
404	14 
405	183 
406	167 
407	192 
408	174 
409	133 
410	171 
411	8 
412	22 
413	271 
414	221 
415	70 
416	27 
417	172 
418	181 
419	295 
420	197 
421	157 
422	74 
423	261 
424	188 
425	248 
426	118 
427	287 
428	217 
429	340 
430	348 
431	1 
432	64 
433	129 
434	276 
435	188 
436	154 
437	115 
438	288 
439	227 
440	66 
441	188 
442	25 
443	322 
444	82 
445	246 
446	67 
447	50 
448	153 
449	58 
450	170 
451	151 
452	239 
453	84 
454	28 
455	189 
456	19 
457	140 
458	8 
459	142 
460	303 
461	69 
462	235 
463	152 
464	162 
465	93 
466	343 
467	107 
468	86 
469	136 
470	10 
471	182 
472	281 
473	111 
474	349 
475	103 
476	164 
477	15 
478	136 
479	260 
480	139 
481	43 
482	335 
483	326 
484	197 
485	242 
486	110 
487	96 
488	261 
489	294 
490	34 
491	290 
492	299 
493	343 
494	330 
495	123 
496	226 
497	22 
498	346 
499	256 
500	63 
501	145 
502	54 
503	54 
504	122 
505	298 
506	76 
507	335 
508	287 
509	213 
510	250 
511	149 
512	339 
513	113 
514	153 
515	260 
516	163 
517	121 
518	121 
519	249 
520	310 
521	256 
522	234 
523	231 
524	157 
525	15 
526	222 
527	156 
528	6 
529	261 
530	322 
531	176 
532	251 
533	109 
534	295 
535	30 
536	97 
537	153 
538	9 
539	311 
540	216 
541	266 
542	271 
543	277 
544	30 
545	3 
546	287 
547	293 
548	288 
549	86 
550	90 
551	331 
552	140 
553	145 
554	241 
555	217 
556	295 
557	306 
558	288 
559	49 
560	344 
561	133 
562	77 
563	94 
564	196 
565	349 
566	75 
567	61 
568	224 
569	279 
570	155 
571	65 
572	48 
573	249 
574	284 
575	178 
576	142 
577	214 
578	58 
579	131 
580	82 
581	43 
582	329 
583	118 
584	30 
585	217 
586	182 
587	327 
588	245 
589	344 
590	240 
591	70 
592	213 
593	214 
594	47 
595	55 
596	80 
597	102 
598	99 
599	170 
600	66 
601	1 
602	9 
603	176 
604	129 
605	261 
606	303 
607	219 
608	6 
609	30 
610	87 
611	165 
612	29 
613	226 
614	52 
615	207 
616	87 
617	58 
618	12 
619	129 
620	240 
621	154 
622	278 
623	162 
624	162 
625	126 
626	65 
627	124 
628	257 
629	289 
630	317 
631	71 
632	344 
633	193 
634	52 
635	69 
636	329 
637	280 
638	283 
639	46 
640	306 
641	45 
642	345 
643	25 
644	161 
645	273 
646	193 
647	74 
648	84 
649	335 
650	307 
651	183 
652	321 
653	179 
654	313 
655	188 
656	205 
657	197 
658	315 
659	227 
660	308 
661	305 
662	144 
663	294 
664	286 
665	288 
666	23 
667	82 
668	304 
669	283 
670	2 
671	233 
672	304 
673	64 
674	7 
675	19 
676	75 
677	35 
678	317 
679	288 
680	203 
681	331 
682	52 
683	79 
684	173 
685	27 
686	286 
687	216 
688	330 
689	345 
690	310 
691	24 
692	316 
693	305 
694	124 
695	235 
696	167 
697	305 
698	215 
699	297 
700	154 
701	287 
702	208 
703	32 
704	21 
705	172 
706	328 
707	240 
708	327 
709	96 
710	31 
711	45 
712	62 
713	204 
714	106 
715	289 
716	47 
717	268 
718	282 
719	131 
720	162 
721	312 
722	210 
723	31 
724	213 
725	60 
726	258 
727	77 
728	195 
729	197 
730	36 
731	27 
732	32 
733	217 
734	258 
735	117 
736	240 
737	119 
738	65 
739	22 
740	68 
741	82 
742	193 
743	100 
744	32 
745	129 
746	133 
747	304 
748	129 
749	240 
750	138 
751	164 
752	345 
753	266 
754	226 
755	349 
756	335 
757	174 
758	136 
759	185 
760	67 
761	233 
762	225 
763	188 
764	28 
765	300 
766	84 
767	161 
768	46 
769	116 
770	29 
771	156 
772	27 
773	319 
774	274 
775	34 
776	162 
777	96 
778	343 
779	157 
780	338 
781	319 
782	159 
783	113 
784	335 
785	176 
786	19 
787	44 
788	104 
789	186 
790	210 
791	328 
792	183 
793	315 
794	38 
795	62 
796	295 
797	209 
798	203 
799	262 
800	160 
801	276 
802	176 
803	115 
804	172 
805	91 
806	305 
807	88 
808	278 
809	200 
810	307 
811	244 
812	194 
813	177 
814	160 
815	162 
816	29 
817	211 
818	75 
819	270 
820	288 
821	141 
822	218 
823	181 
824	257 
825	27 
826	233 
827	113 
828	54 
829	125 
830	208 
831	182 
832	135 
833	317 
834	29 
835	203 
836	238 
837	235 
838	2 
839	318 
840	246 
841	122 
842	2 
843	122 
844	25 
845	92 
846	114 
847	195 
848	39 
849	166 
850	234 
851	66 
852	153 
853	274 
854	332 
855	128 
856	181 
857	243 
858	328 
859	343 
860	215 
861	52 
862	265 
863	88 
864	39 
865	111 
866	102 
867	54 
868	295 
869	300 
870	234 
871	89 
872	137 
873	247 
874	254 
875	217 
876	112 
877	209 
878	335 
879	195 
880	348 
881	223 
882	265 
883	186 
884	52 
885	94 
886	331 
887	18 
888	64 
889	216 
890	153 
891	34 
892	278 
893	170 
894	307 
895	203 
896	38 
897	96 
898	43 
899	251 
900	311 
901	51 
902	286 
903	90 
904	62 
905	25 
906	348 
907	266 
908	248 
909	335 
910	45 
911	129 
912	256 
913	321 
914	219 
915	67 
916	195 
917	246 
918	1 
919	184 
920	296 
921	106 
922	257 
923	243 
924	283 
925	317 
926	86 
927	341 
928	71 
929	272 
930	278 
931	58 
932	197 
933	58 
934	202 
935	30 
936	253 
937	276 
938	186 
939	125 
940	188 
941	146 
942	112 
943	240 
944	264 
945	307 
946	83 
947	148 
948	220 
949	20 
950	153 
951	281 
952	178 
953	26 
954	139 
955	261 
956	134 
957	115 
958	25 
959	220 
960	54 
961	97 
962	206 
963	211 
964	34 
965	289 
966	343 
967	154 
968	110 
969	301 
970	19 
971	325 
972	288 
973	171 
974	94 
975	303 
976	88 
977	255 
978	12 
979	200 
980	126 
981	325 
982	199 
983	180 
984	327 
985	254 
986	156 
987	201 
988	137 
989	82 
990	134 
991	222 
992	54 
993	20 
994	71 
995	196 
996	347 
997	201 
998	227 
999	76 
1000	15 
1001	205 
1002	93 
1003	291 
1004	261 
1005	65 
1006	55 
1007	247 
1008	137 
1009	18 
1010	77 
1011	5 
1012	260 
1013	250 
1014	232 
1015	302 
1016	345 
1017	256 
1018	305 
1019	222 
1020	224 
1021	107 
1022	268 
1023	160 
1024	149 
1025	302 
1026	30 
1027	203 
1028	184 
1029	148 
1030	145 
1031	162 
1032	346 
1033	295 
1034	349 
1035	64 
1036	316 
1037	189 
1038	253 
1039	155 
1040	169 
1041	133 
1042	306 
1043	124 
1044	279 
1045	240 
1046	224 
1047	140 
1048	90 
1049	84 
1050	260 
1051	123 
1052	282 
1053	109 
1054	96 
1055	255 
1056	70 
1057	163 
1058	17 
1059	86 
1060	34 
1061	260 
1062	338 
1063	343 
1064	22 
1065	298 
1066	108 
1067	78 
1068	221 
1069	339 
1070	178 
1071	194 
1072	243 
1073	37 
1074	273 
1075	184 
1076	56 
1077	57 
1078	134 
1079	38 
1080	165 
1081	72 
1082	30 
1083	296 
1084	64 
1085	290 
1086	96 
1087	121 
1088	221 
1089	75 
1090	221 
1091	116 
1092	86 
1093	15 
1094	309 
1095	27 
1096	188 
1097	314 
1098	75 
1099	240 
1100	140 
1101	245 
1102	164 
1103	161 
1104	217 
1105	285 
1106	320 
1107	344 
1108	94 
1109	150 
1110	232 
1111	300 
1112	2 
1113	39 
1114	111 
1115	130 
1116	12 
1117	163 
1118	75 
1119	80 
1120	208 
1121	256 
1122	107 
1123	43 
1124	140 
1125	106 
1126	343 
1127	305 
1128	267 
1129	186 
1130	50 
1131	6 
1132	344 
1133	66 
1134	91 
1135	342 
1136	31 
1137	274 
1138	226 
1139	207 
1140	162 
1141	102 
1142	26 
1143	346 
1144	61 
1145	14 
1146	164 
1147	317 
1148	39 
1149	68 
1150	217 
1151	89 
1152	304 
1153	22 
1154	51 
1155	306 
1156	34 
1157	346 
1158	228 
1159	65 
1160	36 
1161	225 
1162	183 
1163	129 
1164	129 
1165	85 
1166	108 
1167	243 
1168	319 
1169	183 
1170	39 
1171	296 
1172	42 
1173	26 
1174	298 
1175	84 
1176	265 
1177	250 
1178	106 
1179	53 
1180	134 
1181	199 
1182	153 
1183	83 
1184	213 
1185	293 
1186	165 
1187	211 
1188	167 
1189	22 
1190	139 
1191	298 
1192	341 
1193	227 
1194	295 
1195	82 
1196	89 
1197	230 
1198	79 
1199	100 
1200	251 
1201	30 
1202	349 
1203	178 
1204	41 
1205	178 
1206	43 
1207	242 
1208	74 
1209	342 
1210	341 
1211	287 
1212	12 
1213	100 
1214	200 
1215	188 
1216	246 
1217	72 
1218	125 
1219	215 
1220	105 
1221	148 
1222	304 
1223	100 
1224	188 
1225	325 
1226	332 
1227	290 
1228	46 
1229	318 
1230	132 
1231	97 
1232	55 
1233	260 
1234	280 
1235	240 
1236	182 
1237	242 
1238	341 
1239	43 
1240	68 
1241	49 
1242	206 
1243	90 
1244	342 
1245	231 
1246	22 
1247	253 
1248	112 
1249	20 
1250	212 
1251	92 
1252	172 
1253	268 
1254	190 
1255	145 
1256	260 
1257	298 
1258	217 
1259	203 
1260	19 
1261	279 
1262	244 
1263	19 
1264	93 
1265	305 
1266	96 
1267	215 
1268	118 
1269	286 
1270	80 
1271	309 
1272	227 
1273	286 
1274	175 
1275	37 
1276	329 
1277	33 
1278	305 
1279	3 
1280	3 
1281	20 
1282	74 
1283	200 
1284	120 
1285	84 
1286	82 
1287	93 
1288	43 
1289	301 
1290	201 
1291	15 
1292	43 
1293	232 
1294	201 
1295	109 
1296	339 
1297	247 
1298	85 
1299	221 
1300	123 
1301	128 
1302	317 
1303	171 
1304	22 
1305	319 
1306	240 
1307	95 
1308	334 
1309	52 
1310	156 
1311	219 
1312	128 
1313	282 
1314	139 
1315	133 
1316	170 
1317	281 
1318	26 
1319	123 
1320	11 
1321	232 
1322	304 
1323	234 
1324	263 
1325	343 
1326	115 
1327	1 
1328	333 
1329	296 
1330	115 
1331	131 
1332	171 
1333	283 
1334	36 
1335	342 
1336	260 
1337	19 
1338	52 
1339	266 
1340	2 
1341	293 
1342	65 
1343	122 
1344	120 
1345	283 
1346	277 
1347	20 
1348	342 
1349	19 
1350	30 
1351	180 
1352	144 
1353	97 
1354	22 
1355	110 
1356	79 
1357	148 
1358	169 
1359	308 
1360	220 
1361	155 
1362	226 
1363	213 
1364	288 
1365	161 
1366	243 
1367	115 
1368	274 
1369	81 
1370	302 
1371	211 
1372	182 
1373	207 
1374	86 
1375	175 
1376	27 
1377	182 
1378	255 
1379	125 
1380	21 
1381	20 
1382	46 
1383	64 
1384	101 
1385	223 
1386	125 
1387	346 
1388	96 
1389	286 
1390	167 
1391	39 
1392	187 
1393	7 
1394	85 
1395	265 
1396	218 
1397	218 
1398	64 
1399	56 
1400	210 
1401	8 
1402	50 
1403	274 
1404	240 
1405	293 
1406	145 
1407	68 
1408	181 
1409	82 
1410	294 
1411	147 
1412	343 
1413	95 
1414	320 
1415	132 
1416	265 
1417	66 
1418	167 
1419	297 
1420	206 
1421	19 
1422	271 
1423	91 
1424	80 
1425	27 
1426	142 
1427	44 
1428	205 
1429	42 
1430	129 
1431	237 
1432	329 
1433	205 
1434	47 
1435	225 
1436	239 
1437	308 
1438	12 
1439	43 
1440	95 
1441	203 
1442	342 
1443	321 
1444	264 
1445	118 
1446	15 
1447	146 
1448	153 
1449	274 
1450	338 
1451	61 
1452	98 
1453	241 
1454	264 
1455	286 
1456	28 
1457	80 
1458	249 
1459	114 
1460	12 
1461	145 
1462	15 
1463	64 
1464	178 
1465	328 
1466	189 
1467	107 
1468	34 
1469	102 
1470	225 
1471	260 
1472	250 
1473	220 
1474	334 
1475	272 
1476	196 
1477	66 
1478	54 
1479	288 
1480	191 
1481	82 
1482	2 
1483	260 
1484	44 
1485	195 
1486	339 
1487	276 
1488	227 
1489	137 
1490	96 
1491	272 
1492	68 
1493	243 
1494	251 
1495	289 
1496	17 
1497	116 
1498	286 
1499	244 
1500	201 
1501	283 
1502	107 
1503	278 
1504	171 
1505	265 
1506	69 
1507	272 
1508	293 
1509	246 
1510	180 
1511	209 
1512	154 
1513	15 
1514	215 
1515	340 
1516	58 
1517	87 
1518	133 
1519	19 
1520	197 
1521	169 
1522	343 
1523	152 
1524	320 
1525	74 
1526	277 
1527	116 
1528	129 
1529	87 
1530	266 
1531	310 
1532	139 
1533	279 
1534	55 
1535	71 
1536	327 
1537	96 
1538	112 
1539	200 
1540	152 
1541	208 
1542	167 
1543	90 
1544	225 
1545	75 
1546	65 
1547	325 
1548	342 
1549	24 
1550	266 
1551	141 
1552	295 
1553	141 
1554	70 
1555	154 
1556	295 
1557	133 
1558	240 
1559	112 
1560	260 
1561	306 
1562	145 
1563	346 
1564	57 
1565	20 
1566	147 
1567	318 
1568	66 
1569	13 
1570	140 
1571	23 
1572	208 
1573	196 
1574	177 
1575	280 
1576	262 
1577	146 
1578	278 
1579	125 
1580	311 
1581	312 
1582	294 
1583	312 
1584	215 
1585	120 
1586	69 
1587	133 
1588	15 
1589	233 
1590	221 
1591	233 
1592	156 
1593	313 
1594	213 
1595	5 
1596	138 
1597	214 
1598	89 
1599	343 
1600	72 
1601	133 
1602	33 
1603	268 
1604	27 
1605	114 
1606	46 
1607	295 
1608	218 
1609	51 
1610	305 
1611	162 
1612	240 
1613	214 
1614	101 
1615	340 
1616	34 
1617	83 
1618	215 
1619	212 
1620	275 
1621	34 
1622	47 
1623	182 
1624	124 
1625	83 
1626	107 
1627	74 
1628	116 
1629	248 
1630	268 
1631	249 
1632	78 
1633	298 
1634	228 
1635	121 
1636	262 
1637	47 
1638	177 
1639	112 
1640	260 
1641	287 
1642	210 
1643	75 
1644	340 
1645	108 
1646	171 
1647	19 
1648	305 
1649	81 
1650	162 
1651	297 
1652	63 
1653	201 
1654	272 
1655	213 
1656	277 
1657	279 
1658	46 
1659	339 
1660	244 
1661	17 
1662	176 
1663	65 
1664	281 
1665	46 
1666	293 
1667	17 
1668	311 
1669	208 
1670	183 
1671	269 
1672	92 
1673	6 
1674	209 
1675	129 
1676	135 
1677	176 
1678	149 
1679	51 
1680	132 
1681	277 
1682	210 
1683	339 
1684	242 
1685	302 
1686	336 
1687	311 
1688	155 
1689	300 
1690	26 
1691	215 
1692	51 
1693	316 
1694	180 
1695	172 
1696	133 
1697	177 
1698	229 
1699	131 
1700	328 
1701	162 
1702	274 
1703	130 
1704	240 
1705	210 
1706	53 
1707	181 
1708	24 
1709	278 
1710	222 
1711	198 
1712	124 
1713	197 
1714	200 
1715	217 
1716	344 
1717	329 
1718	36 
1719	134 
1720	153 
1721	264 
1722	98 
1723	60 
1724	225 
1725	16 
1726	145 
1727	206 
1728	308 
1729	131 
1730	334 
1731	173 
1732	5 
1733	162 
1734	116 
1735	301 
1736	266 
1737	110 
1738	131 
1739	84 
1740	70 
1741	99 
1742	158 
1743	154 
1744	239 
1745	194 
1746	235 
1747	202 
1748	80 
1749	308 
1750	166 
1751	343 
1752	343 
1753	293 
1754	78 
1755	123 
1756	263 
1757	151 
1758	157 
1759	146 
1760	274 
1761	231 
1762	113 
1763	273 
1764	345 
1765	140 
1766	218 
1767	271 
1768	198 
1769	64 
1770	109 
1771	119 
1772	136 
1773	55 
1774	107 
1775	75 
1776	252 
1777	206 
1778	116 
1779	199 
1780	237 
1781	129 
1782	336 
1783	160 
1784	289 
1785	31 
1786	211 
1787	104 
1788	39 
1789	112 
1790	81 
1791	233 
1792	177 
1793	46 
1794	266 
1795	346 
1796	342 
1797	241 
1798	96 
1799	349 
1800	278 
1801	231 
1802	282 
1803	78 
1804	34 
1805	314 
1806	258 
1807	109 
1808	280 
1809	170 
1810	257 
1811	19 
1812	197 
1813	194 
1814	43 
1815	240 
1816	40 
1817	30 
1818	271 
1819	55 
1820	96 
1821	206 
1822	287 
1823	188 
1824	334 
1825	127 
1826	183 
1827	27 
1828	295 
1829	321 
1830	312 
1831	7 
1832	153 
1833	62 
1834	205 
1835	75 
1836	132 
1837	337 
1838	334 
1839	30 
1840	248 
1841	178 
1842	214 
1843	8 
1844	105 
1845	300 
1846	145 
1847	65 
1848	317 
1849	317 
1850	74 
1851	240 
1852	126 
1853	281 
1854	94 
1855	319 
1856	326 
1857	185 
1858	315 
1859	135 
1860	233 
1861	208 
1862	116 
1863	286 
1864	144 
1865	168 
1866	69 
1867	28 
1868	188 
1869	212 
1870	277 
1871	306 
1872	283 
1873	280 
1874	34 
1875	82 
1876	336 
1877	239 
1878	274 
1879	108 
1880	192 
1881	213 
1882	323 
1883	295 
1884	316 
1885	259 
1886	254 
1887	77 
1888	289 
1889	88 
1890	63 
1891	14 
1892	46 
1893	339 
1894	55 
1895	156 
1896	283 
1897	233 
1898	229 
1899	166 
1900	301 
1901	204 
1902	271 
1903	310 
1904	210 
1905	227 
1906	185 
1907	334 
1908	342 
1909	15 
1910	22 
1911	300 
1912	336 
1913	260 
1914	231 
1915	152 
1916	95 
1917	318 
1918	94 
1919	326 
1920	104 
1921	274 
1922	86 
1923	216 
1924	134 
1925	316 
1926	96 
1927	159 
1928	166 
1929	277 
1930	39 
1931	77 
1932	64 
1933	258 
1934	338 
1935	1 
1936	243 
1937	47 
1938	41 
1939	179 
1940	75 
1941	250 
1942	62 
1943	56 
1944	260 
1945	296 
1946	203 
1947	81 
1948	247 
1949	160 
1950	333 
1951	211 
1952	218 
1953	216 
1954	325 
1955	188 
1956	28 
1957	200 
1958	262 
1959	288 
1960	330 
1961	283 
1962	138 
1963	56 
1964	51 
1965	325 
1966	36 
1967	171 
1968	232 
1969	137 
1970	303 
1971	71 
1972	248 
1973	291 
1974	305 
1975	12 
1976	174 
1977	164 
1978	282 
1979	314 
1980	211 
1981	135 
1982	22 
1983	265 
1984	11 
1985	178 
1986	37 
1987	264 
1988	255 
1989	205 
1990	2 
1991	30 
1992	130 
1993	53 
1994	62 
1995	217 
1996	124 
1997	138 
1998	39 
1999	230 
2000	343 
2001	174 
2002	119 
2003	236 
2004	74 
2005	50 
2006	109 
2007	299 
2008	213 
2009	217 
2010	90 
2011	122 
2012	200 
2013	325 
2014	14 
2015	241 
2016	26 
2017	332 
2018	245 
2019	96 
2020	106 
2021	335 
2022	179 
2023	153 
2024	46 
2025	124 
2026	118 
2027	173 
2028	244 
2029	318 
2030	15 
2031	324 
2032	129 
2033	46 
2034	334 
2035	130 
2036	306 
2037	209 
2038	103 
2039	169 
2040	84 
2041	282 
2042	342 
2043	47 
2044	6 
2045	338 
2046	201 
2047	9 
2048	215 
2049	51 
2050	282 
2051	266 
2052	67 
2053	316 
2054	2 
2055	23 
2056	65 
2057	260 
2058	97 
2059	325 
2060	74 
2061	271 
2062	13 
2063	160 
2064	340 
2065	153 
2066	296 
2067	281 
2068	273 
2069	25 
2070	74 
2071	24 
2072	74 
2073	334 
2074	58 
2075	92 
2076	106 
2077	77 
2078	268 
2079	210 
2080	19 
2081	52 
2082	67 
2083	266 
2084	175 
2085	337 
2086	91 
2087	205 
2088	303 
2089	85 
2090	310 
2091	200 
2092	197 
2093	137 
2094	201 
2095	76 
2096	89 
2097	64 
2098	95 
2099	99 
2100	188 
2101	72 
2102	331 
2103	317 
2104	196 
2105	101 
2106	264 
2107	96 
2108	133 
2109	145 
2110	75 
2111	57 
2112	242 
2113	88 
2114	19 
2115	278 
2116	199 
2117	74 
2118	144 
2119	138 
2120	88 
2121	260 
2122	296 
2123	342 
2124	124 
2125	62 
2126	249 
2127	323 
2128	7 
2129	242 
2130	308 
2131	290 
2132	16 
2133	187 
2134	219 
2135	325 
2136	24 
2137	193 
2138	238 
2139	298 
2140	224 
2141	213 
2142	271 
2143	176 
2144	77 
2145	162 
2146	86 
2147	310 
2148	160 
2149	246 
2150	148 
2151	253 
2152	181 
2153	10 
2154	153 
2155	93 
2156	47 
2157	287 
2158	21 
2159	24 
2160	288 
2161	240 
2162	103 
2163	107 
2164	220 
2165	46 
2166	90 
2167	66 
2168	41 
2169	46 
2170	183 
2171	133 
2172	41 
2173	138 
2174	151 
2175	133 
2176	13 
2177	347 
2178	286 
2179	62 
2180	186 
2181	33 
2182	255 
2183	314 
2184	155 
2185	344 
2186	12 
2187	335 
2188	232 
2189	266 
2190	192 
2191	317 
2192	18 
2193	125 
2194	159 
2195	175 
2196	222 
2197	37 
2198	173 
2199	22 
2200	305 
2201	64 
2202	142 
2203	295 
2204	64 
2205	210 
2206	261 
2207	111 
2208	129 
2209	147 
2210	98 
2211	18 
2212	111 
2213	102 
2214	34 
2215	255 
2216	169 
2217	116 
2218	107 
2219	339 
2220	90 
2221	227 
2222	134 
2223	167 
2224	69 
2225	92 
2226	180 
2227	28 
2228	227 
2229	95 
2230	132 
2231	15 
2232	7 
2233	103 
2234	344 
2235	98 
2236	325 
2237	205 
2238	29 
2239	249 
2240	216 
2241	205 
2242	324 
2243	4 
2244	15 
2245	131 
2246	3 
2247	227 
2248	77 
2249	66 
2250	257 
2251	87 
2252	129 
2253	185 
2254	293 
2255	15 
2256	214 
2257	117 
2258	93 
2259	229 
2260	178 
2261	281 
2262	290 
2263	96 
2264	52 
2265	60 
2266	323 
2267	190 
2268	231 
2269	257 
2270	323 
2271	78 
2272	235 
2273	212 
2274	65 
2275	9 
2276	293 
2277	187 
2278	281 
2279	36 
2280	74 
2281	100 
2282	41 
2283	233 
2284	46 
2285	103 
2286	343 
2287	43 
2288	79 
2289	4 
2290	196 
2291	173 
2292	344 
2293	92 
2294	39 
2295	63 
2296	349 
2297	276 
2298	91 
2299	73 
2300	5 
2301	218 
2302	184 
2303	331 
2304	330 
2305	265 
2306	139 
2307	124 
2308	287 
2309	19 
2310	195 
2311	244 
2312	94 
2313	326 
2314	329 
2315	264 
2316	281 
2317	67 
2318	247 
2319	231 
2320	89 
2321	193 
2322	150 
2323	76 
2324	299 
2325	280 
2326	194 
2327	11 
2328	109 
2329	300 
2330	104 
2331	64 
2332	260 
2333	33 
2334	343 
2335	146 
2336	325 
2337	286 
2338	76 
2339	286 
2340	178 
2341	45 
2342	313 
2343	299 
2344	94 
2345	252 
2346	186 
2347	20 
2348	238 
2349	178 
2350	170 
2351	327 
2352	49 
2353	32 
2354	121 
2355	32 
2356	103 
2357	64 
2358	304 
2359	234 
2360	56 
2361	110 
2362	43 
2363	77 
2364	25 
2365	239 
2366	178 
2367	47 
2368	166 
2369	299 
2370	217 
2371	177 
2372	334 
2373	264 
2374	95 
2375	180 
2376	191 
2377	297 
2378	282 
2379	8 
2380	284 
2381	170 
2382	328 
2383	82 
2384	317 
2385	57 
2386	327 
2387	343 
2388	8 
2389	162 
2390	204 
2391	180 
2392	284 
2393	267 
2394	334 
2395	36 
2396	248 
2397	113 
2398	253 
2399	62 
2400	97 
2401	116 
2402	64 
2403	198 
2404	92 
2405	207 
2406	222 
2407	97 
2408	144 
2409	189 
2410	287 
2411	32 
2412	106 
2413	291 
2414	130 
2415	75 
2416	293 
2417	183 
2418	145 
2419	329 
2420	19 
2421	187 
2422	132 
2423	327 
2424	337 
2425	172 
2426	244 
2427	297 
2428	112 
2429	317 
2430	89 
2431	74 
2432	228 
2433	245 
2434	230 
2435	52 
2436	21 
2437	308 
2438	133 
2439	326 
2440	8 
2441	30 
2442	277 
2443	137 
2444	88 
2445	246 
2446	122 
2447	158 
2448	228 
2449	141 
2450	69 
2451	23 
2452	50 
2453	37 
2454	104 
2455	98 
2456	314 
2457	215 
2458	89 
2459	106 
2460	162 
2461	264 
2462	22 
2463	62 
2464	40 
2465	334 
2466	291 
2467	313 
2468	132 
2469	218 
2470	186 
2471	213 
2472	294 
2473	54 
2474	71 
2475	46 
2476	333 
2477	160 
2478	6 
2479	95 
2480	245 
2481	85 
2482	133 
2483	8 
2484	275 
2485	342 
2486	145 
2487	21 
2488	111 
2489	133 
2490	260 
2491	129 
2492	140 
2493	183 
2494	208 
2495	130 
2496	40 
2497	343 
2498	212 
2499	281 
2500	39 
2501	107 
2502	302 
2503	346 
2504	320 
2505	279 
2506	32 
2507	293 
2508	296 
2509	257 
2510	114 
2511	65 
2512	58 
2513	259 
2514	296 
2515	54 
2516	61 
2517	63 
2518	245 
2519	72 
2520	160 
2521	176 
2522	205 
2523	118 
2524	296 
2525	326 
2526	334 
2527	159 
2528	60 
2529	219 
2530	71 
2531	166 
2532	251 
2533	153 
2534	153 
2535	213 
2536	294 
2537	178 
2538	199 
2539	194 
2540	53 
2541	113 
2542	187 
2543	322 
2544	132 
2545	105 
2546	294 
2547	135 
2548	82 
2549	114 
2550	103 
2551	305 
2552	104 
2553	302 
2554	306 
2555	251 
2556	52 
2557	10 
2558	295 
2559	128 
2560	115 
2561	34 
2562	61 
2563	147 
2564	192 
2565	89 
2566	129 
2567	313 
2568	232 
2569	248 
2570	31 
2571	42 
2572	335 
2573	19 
2574	96 
2575	207 
2576	2 
2577	196 
2578	261 
2579	80 
2580	18 
2581	58 
2582	174 
2583	318 
2584	42 
2585	50 
2586	175 
2587	106 
2588	312 
2589	249 
2590	227 
2591	116 
2592	309 
2593	130 
2594	84 
2595	200 
2596	132 
2597	184 
2598	162 
2599	273 
2600	150 
2601	299 
2602	300 
2603	172 
2604	293 
2605	305 
2606	247 
2607	10 
2608	74 
2609	106 
2610	218 
2611	231 
2612	249 
2613	258 
2614	260 
2615	45 
2616	20 
2617	213 
2618	110 
2619	52 
2620	317 
2621	295 
2622	91 
2623	181 
2624	343 
2625	200 
2626	102 
2627	24 
2628	96 
2629	109 
2630	176 
2631	61 
2632	342 
2633	243 
2634	293 
2635	167 
2636	288 
2637	293 
2638	254 
2639	315 
2640	132 
2641	6 
2642	83 
2643	144 
2644	52 
2645	188 
2646	301 
2647	84 
2648	243 
2649	8 
2650	218 
2651	347 
2652	241 
2653	215 
2654	176 
2655	82 
2656	98 
2657	207 
2658	125 
2659	153 
2660	71 
2661	222 
2662	263 
2663	105 
2664	127 
2665	343 
2666	121 
2667	249 
2668	153 
2669	15 
2670	338 
2671	289 
2672	240 
2673	120 
2674	89 
2675	241 
2676	283 
2677	191 
2678	90 
2679	28 
2680	267 
2681	340 
2682	168 
2683	332 
2684	90 
2685	18 
2686	169 
2687	93 
2688	182 
2689	341 
2690	77 
2691	124 
2692	264 
2693	324 
2694	197 
2695	49 
2696	138 
2697	64 
2698	56 
2699	99 
2700	227 
2701	122 
2702	17 
2703	78 
2704	174 
2705	246 
2706	84 
2707	260 
2708	323 
2709	125 
2710	19 
2711	334 
2712	340 
2713	168 
2714	281 
2715	46 
2716	327 
2717	293 
2718	7 
2719	88 
2720	252 
2721	216 
2722	325 
2723	184 
2724	73 
2725	95 
2726	57 
2727	86 
2728	89 
2729	54 
2730	1 
2731	258 
2732	205 
2733	27 
2734	280 
2735	26 
2736	161 
2737	51 
2738	229 
2739	147 
2740	72 
2741	241 
2742	261 
2743	187 
2744	66 
2745	42 
2746	319 
2747	302 
2748	229 
2749	297 
2750	330 
2751	345 
2752	293 
2753	175 
2754	68 
2755	171 
2756	77 
2757	54 
2758	59 
2759	110 
2760	210 
2761	192 
2762	230 
2763	254 
2764	305 
2765	183 
2766	196 
2767	138 
2768	47 
2769	71 
2770	341 
2771	306 
2772	3 
2773	306 
2774	285 
2775	49 
2776	157 
2777	93 
2778	75 
2779	288 
2780	108 
2781	214 
2782	306 
2783	123 
2784	232 
2785	256 
2786	148 
2787	83 
2788	135 
2789	153 
2790	156 
2791	82 
2792	47 
2793	230 
2794	58 
2795	152 
2796	215 
2797	347 
2798	313 
2799	126 
2800	228 
2801	265 
2802	260 
2803	236 
2804	144 
2805	283 
2806	310 
2807	295 
2808	107 
2809	343 
2810	216 
2811	189 
2812	144 
2813	293 
2814	264 
2815	182 
2816	256 
2817	336 
2818	60 
2819	272 
2820	331 
2821	77 
2822	190 
2823	142 
2824	133 
2825	292 
2826	306 
2827	97 
2828	239 
2829	271 
2830	283 
2831	77 
2832	130 
2833	87 
2834	278 
2835	162 
2836	210 
2837	17 
2838	154 
2839	158 
2840	292 
2841	168 
2842	347 
2843	346 
2844	116 
2845	346 
2846	327 
2847	288 
2848	128 
2849	34 
2850	41 
2851	210 
2852	288 
2853	333 
2854	100 
2855	322 
2856	66 
2857	227 
2858	148 
2859	296 
2860	96 
2861	27 
2862	44 
2863	314 
2864	347 
2865	234 
2866	205 
2867	82 
2868	159 
2869	2 
2870	103 
2871	92 
2872	157 
2873	40 
2874	62 
2875	204 
2876	276 
2877	215 
2878	248 
2879	213 
2880	201 
2881	316 
2882	270 
2883	306 
2884	167 
2885	334 
2886	330 
2887	349 
2888	305 
2889	180 
2890	118 
2891	215 
2892	96 
2893	87 
2894	26 
2895	286 
2896	250 
2897	67 
2898	132 
2899	324 
2900	52 
2901	248 
2902	126 
2903	291 
2904	32 
2905	95 
2906	73 
2907	120 
2908	280 
2909	133 
2910	347 
2911	294 
2912	299 
2913	298 
2914	30 
2915	4 
2916	172 
2917	11 
2918	239 
2919	284 
2920	148 
2921	117 
2922	346 
2923	153 
2924	89 
2925	345 
2926	91 
2927	344 
2928	202 
2929	348 
2930	15 
2931	245 
2932	48 
2933	176 
2934	53 
2935	211 
2936	201 
2937	227 
2938	155 
2939	105 
2940	15 
2941	41 
2942	62 
2943	247 
2944	147 
2945	103 
2946	86 
2947	219 
2948	182 
2949	281 
2950	96 
2951	175 
2952	209 
2953	67 
2954	195 
2955	173 
2956	127 
2957	161 
2958	294 
2959	35 
2960	130 
2961	192 
2962	271 
2963	342 
2964	257 
2965	171 
2966	256 
2967	32 
2968	224 
2969	163 
2970	249 
2971	295 
2972	342 
2973	42 
2974	34 
2975	85 
2976	243 
2977	105 
2978	127 
2979	274 
2980	127 
2981	188 
2982	236 
2983	295 
2984	247 
2985	302 
2986	284 
2987	195 
2988	8 
2989	158 
2990	243 
2991	311 
2992	339 
2993	218 
2994	242 
2995	78 
2996	32 
2997	344 
2998	22 
2999	349 
3000	342 
3001	10 
3002	157 
3003	132 
3004	226 
3005	121 
3006	167 
3007	145 
3008	44 
3009	250 
3010	180 
3011	29 
3012	35 
3013	234 
3014	140 
3015	339 
3016	52 
3017	65 
3018	293 
3019	210 
3020	320 
3021	270 
3022	178 
3023	194 
3024	134 
3025	150 
3026	40 
3027	31 
3028	328 
3029	152 
3030	6 
3031	9 
3032	243 
3033	154 
3034	231 
3035	183 
3036	217 
3037	346 
3038	344 
3039	281 
3040	48 
3041	344 
3042	334 
3043	74 
3044	151 
3045	180 
3046	22 
3047	274 
3048	228 
3049	131 
3050	232 
3051	246 
3052	295 
3053	134 
3054	283 
3055	95 
3056	237 
3057	14 
3058	296 
3059	345 
3060	31 
3061	15 
3062	275 
3063	28 
3064	134 
3065	68 
3066	271 
3067	137 
3068	20 
3069	5 
3070	168 
3071	119 
3072	317 
3073	215 
3074	58 
3075	296 
3076	290 
3077	95 
3078	232 
3079	102 
3080	335 
3081	146 
3082	146 
3083	23 
3084	12 
3085	246 
3086	291 
3087	225 
3088	317 
3089	188 
3090	330 
3091	143 
3092	60 
3093	288 
3094	100 
3095	15 
3096	116 
3097	74 
3098	219 
3099	125 
3100	233 
3101	282 
3102	49 
3103	91 
3104	328 
3105	40 
3106	170 
3107	30 
3108	324 
3109	314 
3110	264 
3111	233 
3112	108 
3113	327 
3114	221 
3115	64 
3116	176 
3117	150 
3118	231 
3119	55 
3120	35 
3121	204 
3122	134 
3123	236 
3124	48 
3125	248 
3126	107 
3127	91 
3128	255 
3129	33 
3130	178 
3131	303 
3132	17 
3133	151 
3134	348 
3135	165 
3136	167 
3137	157 
3138	110 
3139	193 
3140	164 
3141	153 
3142	199 
3143	171 
3144	221 
3145	261 
3146	196 
3147	306 
3148	159 
3149	272 
3150	233 
3151	174 
3152	327 
3153	117 
3154	304 
3155	133 
3156	346 
3157	43 
3158	235 
3159	5 
3160	210 
3161	191 
3162	19 
3163	203 
3164	111 
3165	1 
3166	85 
3167	279 
3168	251 
3169	171 
3170	127 
3171	263 
3172	145 
3173	12 
3174	1 
3175	63 
3176	73 
3177	299 
3178	269 
3179	46 
3180	213 
3181	131 
3182	78 
3183	243 
3184	310 
3185	311 
3186	19 
3187	64 
3188	247 
3189	116 
3190	312 
3191	256 
3192	8 
3193	215 
3194	349 
3195	296 
3196	238 
3197	254 
3198	19 
3199	210 
3200	36 
3201	65 
3202	203 
3203	172 
3204	227 
3205	220 
3206	182 
3207	77 
3208	105 
3209	81 
3210	268 
3211	315 
3212	140 
3213	43 
3214	67 
3215	214 
3216	256 
3217	346 
3218	264 
3219	124 
3220	177 
3221	294 
3222	161 
3223	343 
3224	141 
3225	172 
3226	10 
3227	216 
3228	106 
3229	34 
3230	284 
3231	347 
3232	53 
3233	113 
3234	121 
3235	55 
3236	78 
3237	37 
3238	160 
3239	171 
3240	210 
3241	60 
3242	224 
3243	158 
3244	266 
3245	125 
3246	97 
3247	4 
3248	34 
3249	273 
3250	193 
3251	5 
3252	267 
3253	144 
3254	260 
3255	281 
3256	281 
3257	212 
3258	244 
3259	39 
3260	317 
3261	34 
3262	86 
3263	10 
3264	249 
3265	104 
3266	19 
3267	161 
3268	323 
3269	229 
3270	106 
3271	264 
3272	225 
3273	135 
3274	120 
3275	348 
3276	295 
3277	345 
3278	177 
3279	334 
3280	307 
3281	197 
3282	62 
3283	213 
3284	333 
3285	239 
3286	17 
3287	139 
3288	241 
3289	272 
3290	342 
3291	21 
3292	44 
3293	246 
3294	86 
3295	265 
3296	139 
3297	293 
3298	113 
3299	266 
3300	297 
3301	146 
3302	346 
3303	89 
3304	293 
3305	233 
3306	161 
3307	233 
3308	214 
3309	91 
3310	335 
3311	54 
3312	129 
3313	11 
3314	290 
3315	106 
3316	325 
3317	74 
3318	311 
3319	32 
3320	301 
3321	212 
3322	247 
3323	29 
3324	317 
3325	65 
3326	54 
3327	252 
3328	45 
3329	113 
3330	270 
3331	185 
3332	254 
3333	3 
3334	21 
3335	47 
3336	165 
3337	48 
3338	312 
3339	36 
3340	63 
3341	331 
3342	139 
3343	54 
3344	39 
3345	119 
3346	158 
3347	131 
3348	134 
3349	15 
3350	197 
3351	91 
3352	266 
3353	87 
3354	246 
3355	186 
3356	1 
3357	122 
3358	312 
3359	52 
3360	246 
3361	163 
3362	70 
3363	16 
3364	9 
3365	271 
3366	332 
3367	294 
3368	32 
3369	160 
3370	90 
3371	204 
3372	198 
3373	114 
3374	34 
3375	274 
3376	95 
3377	74 
3378	273 
3379	52 
3380	56 
3381	2 
3382	251 
3383	41 
3384	334 
3385	274 
3386	335 
3387	8 
3388	137 
3389	16 
3390	67 
3391	293 
3392	223 
3393	124 
3394	331 
3395	67 
3396	316 
3397	25 
3398	74 
3399	277 
3400	343 
3401	32 
3402	207 
3403	162 
3404	141 
3405	285 
3406	148 
3407	84 
3408	230 
3409	233 
3410	335 
3411	88 
3412	335 
3413	127 
3414	166 
3415	16 
3416	197 
3417	106 
3418	1 
3419	10 
3420	267 
3421	34 
3422	306 
3423	52 
3424	139 
3425	43 
3426	110 
3427	209 
3428	179 
3429	145 
3430	232 
3431	75 
3432	33 
3433	306 
3434	301 
3435	24 
3436	152 
3437	174 
3438	125 
3439	137 
3440	317 
3441	106 
3442	32 
3443	78 
3444	29 
3445	30 
3446	129 
3447	335 
3448	342 
3449	259 
3450	142 
3451	128 
3452	288 
3453	178 
3454	207 
3455	243 
3456	157 
3457	101 
3458	335 
3459	158 
3460	37 
3461	143 
3462	348 
3463	144 
3464	349 
3465	144 
3466	8 
3467	20 
3468	334 
3469	266 
3470	67 
3471	7 
3472	349 
3473	151 
3474	11 
3475	327 
3476	80 
3477	317 
3478	140 
3479	35 
3480	227 
3481	14 
3482	336 
3483	62 
3484	76 
3485	222 
3486	62 
3487	78 
3488	66 
3489	236 
3490	278 
3491	277 
3492	225 
3493	218 
3494	348 
3495	223 
3496	91 
3497	10 
3498	158 
3499	299 
3500	191 
3501	246 
3502	296 
3503	133 
3504	232 
3505	321 
3506	189 
3507	65 
3508	255 
3509	326 
3510	64 
3511	34 
3512	73 
3513	205 
3514	277 
3515	339 
3516	43 
3517	155 
3518	345 
3519	102 
3520	28 
3521	305 
3522	30 
3523	247 
3524	246 
3525	32 
3526	39 
3527	224 
3528	287 
3529	4 
3530	173 
3531	195 
3532	299 
3533	43 
3534	174 
3535	95 
3536	54 
3537	56 
3538	106 
3539	178 
3540	335 
3541	145 
3542	106 
3543	179 
3544	337 
3545	307 
3546	311 
3547	20 
3548	342 
3549	158 
3550	269 
3551	215 
3552	130 
3553	153 
3554	293 
3555	2 
3556	74 
3557	215 
3558	301 
3559	343 
3560	125 
3561	288 
3562	65 
3563	10 
3564	207 
3565	16 
3566	133 
3567	215 
3568	180 
3569	283 
3570	325 
3571	191 
3572	95 
3573	289 
3574	267 
3575	63 
3576	217 
3577	62 
3578	53 
3579	216 
3580	249 
3581	260 
3582	194 
3583	349 
3584	344 
3585	256 
3586	291 
3587	15 
3588	185 
3589	253 
3590	173 
3591	247 
3592	100 
3593	305 
3594	87 
3595	236 
3596	345 
3597	178 
3598	63 
3599	22 
3600	36 
3601	12 
3602	1 
3603	231 
3604	27 
3605	159 
3606	247 
3607	39 
3608	46 
3609	348 
3610	145 
3611	170 
3612	281 
3613	113 
3614	338 
3615	146 
3616	317 
3617	237 
3618	294 
3619	243 
3620	291 
3621	15 
3622	128 
3623	231 
3624	105 
3625	135 
3626	62 
3627	247 
3628	161 
3629	57 
3630	218 
3631	16 
3632	244 
3633	217 
3634	172 
3635	268 
3636	76 
3637	273 
3638	65 
3639	342 
3640	216 
3641	277 
3642	113 
3643	57 
3644	183 
3645	128 
3646	329 
3647	59 
3648	118 
3649	127 
3650	345 
3651	314 
3652	153 
3653	256 
3654	346 
3655	72 
3656	287 
3657	65 
3658	215 
3659	349 
3660	285 
3661	79 
3662	129 
3663	123 
3664	168 
3665	53 
3666	343 
3667	285 
3668	163 
3669	168 
3670	343 
3671	184 
3672	305 
3673	40 
3674	323 
3675	204 
3676	341 
3677	25 
3678	94 
3679	124 
3680	338 
3681	99 
3682	281 
3683	11 
3684	180 
3685	183 
3686	114 
3687	72 
3688	84 
3689	22 
3690	253 
3691	327 
3692	230 
3693	342 
3694	153 
3695	296 
3696	299 
3697	110 
3698	334 
3699	266 
3700	209 
3701	233 
3702	160 
3703	233 
3704	131 
3705	332 
3706	120 
3707	90 
3708	114 
3709	230 
3710	258 
3711	180 
3712	243 
3713	84 
3714	315 
3715	40 
3716	343 
3717	86 
3718	32 
3719	67 
3720	296 
3721	1 
3722	17 
3723	302 
3724	152 
3725	264 
3726	264 
3727	261 
3728	105 
3729	25 
3730	283 
3731	209 
3732	153 
3733	192 
3734	87 
3735	16 
3736	293 
3737	153 
3738	253 
3739	56 
3740	76 
3741	264 
3742	171 
3743	223 
3744	330 
3745	202 
3746	215 
3747	265 
3748	34 
3749	55 
3750	51 
3751	42 
3752	176 
3753	183 
3754	83 
3755	313 
3756	320 
3757	187 
3758	47 
3759	188 
3760	125 
3761	303 
3762	123 
3763	210 
3764	34 
3765	62 
3766	189 
3767	343 
3768	163 
3769	173 
3770	96 
3771	52 
3772	268 
3773	171 
3774	144 
3775	25 
3776	334 
3777	114 
3778	332 
3779	86 
3780	21 
3781	167 
3782	342 
3783	137 
3784	43 
3785	87 
3786	88 
3787	49 
3788	326 
3789	292 
3790	284 
3791	27 
3792	129 
3793	102 
3794	179 
3795	111 
3796	47 
3797	325 
3798	101 
3799	146 
3800	191 
3801	8 
3802	40 
3803	28 
3804	288 
3805	262 
3806	36 
3807	249 
3808	247 
3809	155 
3810	209 
3811	280 
3812	34 
3813	116 
3814	233 
3815	166 
3816	84 
3817	105 
3818	349 
3819	293 
3820	52 
3821	210 
3822	20 
3823	276 
3824	262 
3825	261 
3826	76 
3827	198 
3828	3 
3829	232 
3830	194 
3831	285 
3832	333 
3833	47 
3834	189 
3835	209 
3836	28 
3837	43 
3838	24 
3839	210 
3840	336 
3841	346 
3842	178 
3843	247 
3844	231 
3845	146 
3846	87 
3847	295 
3848	91 
3849	233 
3850	69 
3851	266 
3852	77 
3853	325 
3854	256 
3855	318 
3856	112 
3857	84 
3858	304 
3859	156 
3860	13 
3861	32 
3862	170 
3863	258 
3864	253 
3865	240 
3866	349 
3867	344 
3868	175 
3869	62 
3870	192 
3871	124 
3872	35 
3873	108 
3874	317 
3875	35 
3876	1 
3877	88 
3878	149 
3879	31 
3880	247 
3881	15 
3882	305 
3883	89 
3884	20 
3885	290 
3886	143 
3887	283 
3888	293 
3889	13 
3890	256 
3891	262 
3892	238 
3893	22 
3894	283 
3895	15 
3896	23 
3897	20 
3898	317 
3899	334 
3900	103 
3901	115 
3902	159 
3903	259 
3904	344 
3905	150 
3906	165 
3907	344 
3908	19 
3909	13 
3910	220 
3911	238 
3912	63 
3913	240 
3914	115 
3915	256 
3916	325 
3917	216 
3918	253 
3919	18 
3920	98 
3921	121 
3922	306 
3923	238 
3924	325 
3925	180 
3926	27 
3927	158 
3928	85 
3929	113 
3930	63 
3931	275 
3932	98 
3933	20 
3934	277 
3935	53 
3936	331 
3937	190 
3938	84 
3939	20 
3940	98 
3941	51 
3942	134 
3943	43 
3944	331 
3945	115 
3946	102 
3947	107 
3948	145 
3949	346 
3950	75 
3951	134 
3952	226 
3953	117 
3954	332 
3955	160 
3956	62 
3957	27 
3958	338 
3959	266 
3960	302 
3961	43 
3962	246 
3963	306 
3964	174 
3965	73 
3966	149 
3967	53 
3968	161 
3969	112 
3970	212 
3971	318 
3972	210 
3973	247 
3974	120 
3975	333 
3976	28 
3977	18 
3978	275 
3979	264 
3980	77 
3981	56 
3982	46 
3983	240 
3984	246 
3985	52 
3986	272 
3987	98 
3988	314 
3989	335 
3990	20 
3991	195 
3992	101 
3993	118 
3994	202 
3995	344 
3996	346 
3997	246 
3998	252 
3999	14 
4000	339 
4001	264 
4002	100 
4003	232 
4004	87 
4005	276 
4006	349 
4007	175 
4008	54 
4009	349 
4010	238 
4011	134 
4012	73 
4013	22 
4014	233 
4015	292 
4016	78 
4017	349 
4018	314 
4019	103 
4020	115 
4021	87 
4022	260 
4023	157 
4024	144 
4025	306 
4026	88 
4027	114 
4028	325 
4029	233 
4030	347 
4031	269 
4032	339 
4033	342 
4034	172 
4035	135 
4036	39 
4037	270 
4038	82 
4039	305 
4040	265 
4041	105 
4042	18 
4043	265 
4044	309 
4045	212 
4046	106 
4047	272 
4048	29 
4049	65 
4050	4 
4051	23 
4052	212 
4053	45 
4054	271 
4055	316 
4056	32 
4057	52 
4058	171 
4059	176 
4060	266 
4061	187 
4062	101 
4063	107 
4064	264 
4065	317 
4066	268 
4067	98 
4068	69 
4069	71 
4070	218 
4071	316 
4072	177 
4073	114 
4074	126 
4075	179 
4076	287 
4077	346 
4078	24 
4079	111 
4080	103 
4081	24 
4082	207 
4083	187 
4084	64 
4085	201 
4086	276 
4087	26 
4088	154 
4089	2 
4090	7 
4091	205 
4092	19 
4093	73 
4094	154 
4095	171 
4096	1 
4097	217 
4098	217 
4099	229 
4100	8 
4101	325 
4102	75 
4103	215 
4104	116 
4105	117 
4106	75 
4107	50 
4108	126 
4109	117 
4110	308 
4111	125 
4112	53 
4113	48 
4114	210 
4115	62 
4116	258 
4117	134 
4118	182 
4119	210 
4120	114 
4121	101 
4122	176 
4123	166 
4124	129 
4125	176 
4126	247 
4127	109 
4128	210 
4129	59 
4130	267 
4131	143 
4132	346 
4133	161 
4134	227 
4135	117 
4136	109 
4137	249 
4138	254 
4139	199 
4140	195 
4141	158 
4142	289 
4143	121 
4144	235 
4145	276 
4146	316 
4147	15 
4148	63 
4149	168 
4150	38 
4151	84 
4152	243 
4153	86 
4154	96 
4155	283 
4156	324 
4157	293 
4158	342 
4159	283 
4160	181 
4161	72 
4162	274 
4163	346 
4164	322 
4165	46 
4166	258 
4167	46 
4168	178 
4169	342 
4170	59 
4171	252 
4172	295 
4173	269 
4174	294 
4175	203 
4176	151 
4177	314 
4178	269 
4179	178 
4180	64 
4181	234 
4182	320 
4183	106 
4184	277 
4185	28 
4186	171 
4187	85 
4188	34 
4189	90 
4190	96 
4191	108 
4192	90 
4193	19 
4194	149 
4195	25 
4196	18 
4197	78 
4198	166 
4199	51 
4200	200 
4201	68 
4202	118 
4203	275 
4204	279 
4205	244 
4206	250 
4207	162 
4208	28 
4209	165 
4210	19 
4211	345 
4212	105 
4213	323 
4214	213 
4215	194 
4216	165 
4217	125 
4218	10 
4219	10 
4220	96 
4221	43 
4222	13 
4223	220 
4224	157 
4225	98 
4226	65 
4227	49 
4228	224 
4229	265 
4230	112 
4231	9 
4232	4 
4233	293 
4234	294 
4235	61 
4236	335 
4237	155 
4238	287 
4239	282 
4240	167 
4241	64 
4242	207 
4243	300 
4244	132 
4245	324 
4246	250 
4247	305 
4248	293 
4249	125 
4250	203 
4251	282 
4252	226 
4253	274 
4254	82 
4255	306 
4256	266 
4257	120 
4258	168 
4259	153 
4260	176 
4261	33 
4262	193 
4263	69 
4264	215 
4265	269 
4266	281 
4267	133 
4268	47 
4269	344 
4270	40 
4271	282 
4272	190 
4273	13 
4274	305 
4275	317 
4276	75 
4277	236 
4278	218 
4279	320 
4280	217 
4281	77 
4282	227 
4283	168 
4284	325 
4285	223 
4286	87 
4287	44 
4288	229 
4289	223 
4290	37 
4291	181 
4292	18 
4293	70 
4294	252 
4295	105 
4296	242 
4297	348 
4298	276 
4299	266 
4300	340 
4301	342 
4302	76 
4303	230 
4304	37 
4305	295 
4306	292 
4307	240 
4308	62 
4309	259 
4310	14 
4311	260 
4312	272 
4313	116 
4314	83 
4315	206 
4316	325 
4317	39 
4318	288 
4319	74 
4320	11 
4321	15 
4322	327 
4323	20 
4324	47 
4325	154 
4326	307 
4327	253 
4328	305 
4329	193 
4330	3 
4331	218 
4332	193 
4333	188 
4334	142 
4335	29 
4336	75 
4337	17 
4338	66 
4339	318 
4340	11 
4341	148 
4342	89 
4343	184 
4344	114 
4345	68 
4346	170 
4347	91 
4348	132 
4349	13 
4350	212 
4351	231 
4352	209 
4353	21 
4354	318 
4355	234 
4356	301 
4357	96 
4358	133 
4359	23 
4360	311 
4361	2 
4362	6 
4363	91 
4364	276 
4365	203 
4366	227 
4367	168 
4368	126 
4369	153 
4370	319 
4371	30 
4372	144 
4373	272 
4374	175 
4375	153 
4376	147 
4377	57 
4378	46 
4379	73 
4380	318 
4381	77 
4382	154 
4383	166 
4384	244 
4385	66 
4386	15 
4387	319 
4388	81 
4389	96 
4390	52 
4391	155 
4392	305 
4393	247 
4394	75 
4395	185 
4396	6 
4397	231 
4398	261 
4399	256 
4400	235 
4401	108 
4402	343 
4403	309 
4404	258 
4405	261 
4406	277 
4407	295 
4408	42 
4409	162 
4410	264 
4411	141 
4412	74 
4413	309 
4414	193 
4415	229 
4416	62 
4417	281 
4418	8 
4419	32 
4420	342 
4421	100 
4422	132 
4423	110 
4424	17 
4425	231 
4426	281 
4427	299 
4428	76 
4429	325 
4430	239 
4431	64 
4432	49 
4433	23 
4434	65 
4435	241 
4436	120 
4437	223 
4438	124 
4439	207 
4440	264 
4441	209 
4442	65 
4443	18 
4444	44 
4445	103 
4446	102 
4447	118 
4448	203 
4449	50 
4450	158 
4451	115 
4452	249 
4453	322 
4454	218 
4455	252 
4456	89 
4457	49 
4458	142 
4459	295 
4460	111 
4461	226 
4462	109 
4463	129 
4464	342 
4465	277 
4466	340 
4467	307 
4468	343 
4469	315 
4470	174 
4471	208 
4472	294 
4473	326 
4474	111 
4475	184 
4476	272 
4477	110 
4478	43 
4479	35 
4480	30 
4481	124 
4482	46 
4483	18 
4484	220 
4485	268 
4486	344 
4487	82 
4488	265 
4489	145 
4490	38 
4491	92 
4492	296 
4493	22 
4494	344 
4495	144 
4496	265 
4497	246 
4498	139 
4499	45 
4500	320 
4501	206 
4502	319 
4503	114 
4504	38 
4505	303 
4506	94 
4507	13 
4508	76 
4509	143 
4510	144 
4511	144 
4512	333 
4513	304 
4514	40 
4515	220 
4516	42 
4517	250 
4518	78 
4519	43 
4520	57 
4521	98 
4522	176 
4523	264 
4524	81 
4525	131 
4526	13 
4527	263 
4528	44 
4529	265 
4530	22 
4531	48 
4532	28 
4533	52 
4534	321 
4535	53 
4536	219 
4537	160 
4538	250 
4539	284 
4540	266 
4541	5 
4542	207 
4543	74 
4544	81 
4545	284 
4546	167 
4547	346 
4548	181 
4549	257 
4550	71 
4551	78 
4552	272 
4553	78 
4554	317 
4555	305 
4556	56 
4557	160 
4558	175 
4559	274 
4560	188 
4561	322 
4562	110 
4563	266 
4564	315 
4565	22 
4566	295 
4567	19 
4568	162 
4569	193 
4570	267 
4571	32 
4572	163 
4573	306 
4574	110 
4575	32 
4576	191 
4577	231 
4578	162 
4579	153 
4580	169 
4581	295 
4582	111 
4583	313 
4584	243 
4585	182 
4586	103 
4587	296 
4588	344 
4589	305 
4590	340 
4591	188 
4592	256 
4593	345 
4594	172 
4595	208 
4596	212 
4597	97 
4598	329 
4599	59 
4600	334 
4601	160 
4602	125 
4603	129 
4604	187 
4605	161 
4606	1 
4607	274 
4608	115 
4609	56 
4610	262 
4611	33 
4612	171 
4613	125 
4614	154 
4615	325 
4616	78 
4617	146 
4618	210 
4619	287 
4620	109 
4621	60 
4622	27 
4623	295 
4624	99 
4625	287 
4626	288 
4627	265 
4628	334 
4629	37 
4630	266 
4631	106 
4632	136 
4633	78 
4634	39 
4635	209 
4636	293 
4637	189 
4638	27 
4639	178 
4640	216 
4641	347 
4642	176 
4643	129 
4644	247 
4645	136 
4646	274 
4647	165 
4648	155 
4649	321 
4650	274 
4651	140 
4652	130 
4653	120 
4654	153 
4655	306 
4656	181 
4657	285 
4658	129 
4659	64 
4660	45 
4661	98 
4662	27 
4663	54 
4664	52 
4665	43 
4666	270 
4667	146 
4668	179 
4669	307 
4670	271 
4671	223 
4672	113 
4673	52 
4674	124 
4675	113 
4676	324 
4677	107 
4678	261 
4679	337 
4680	60 
4681	96 
4682	180 
4683	247 
4684	310 
4685	61 
4686	257 
4687	182 
4688	337 
4689	323 
4690	151 
4691	294 
4692	153 
4693	99 
4694	346 
4695	313 
4696	278 
4697	264 
4698	218 
4699	28 
4700	64 
4701	149 
4702	105 
4703	65 
4704	97 
4705	105 
4706	20 
4707	272 
4708	195 
4709	38 
4710	293 
4711	89 
4712	90 
4713	48 
4714	295 
4715	171 
4716	83 
4717	195 
4718	257 
4719	74 
4720	74 
4721	291 
4722	82 
4723	334 
4724	89 
4725	132 
4726	116 
4727	161 
4728	92 
4729	224 
4730	342 
4731	61 
4732	63 
4733	155 
4734	52 
4735	15 
4736	261 
4737	257 
4738	16 
4739	48 
4740	145 
4741	202 
4742	190 
4743	344 
4744	299 
4745	325 
4746	208 
4747	115 
4748	64 
4749	130 
4750	274 
4751	270 
4752	57 
4753	101 
4754	94 
4755	118 
4756	174 
4757	346 
4758	46 
4759	134 
4760	252 
4761	218 
4762	293 
4763	272 
4764	208 
4765	3 
4766	266 
4767	119 
4768	121 
4769	217 
4770	188 
4771	290 
4772	137 
4773	138 
4774	7 
4775	247 
4776	243 
4777	10 
4778	336 
4779	239 
4780	221 
4781	347 
4782	101 
4783	8 
4784	29 
4785	212 
4786	89 
4787	332 
4788	246 
4789	115 
4790	96 
4791	8 
4792	65 
4793	299 
4794	87 
4795	301 
4796	153 
4797	83 
4798	29 
4799	174 
4800	283 
4801	262 
4802	188 
4803	35 
4804	217 
4805	107 
4806	307 
4807	8 
4808	247 
4809	326 
4810	209 
4811	32 
4812	58 
4813	30 
4814	74 
4815	74 
4816	26 
4817	271 
4818	178 
4819	271 
4820	138 
4821	233 
4822	269 
4823	339 
4824	64 
4825	326 
4826	10 
4827	118 
4828	126 
4829	217 
4830	279 
4831	294 
4832	20 
4833	14 
4834	184 
4835	15 
4836	264 
4837	82 
4838	2 
4839	208 
4840	116 
4841	227 
4842	323 
4843	180 
4844	82 
4845	24 
4846	143 
4847	163 
4848	41 
4849	293 
4850	240 
4851	159 
4852	116 
4853	182 
4854	92 
4855	270 
4856	334 
4857	22 
4858	115 
4859	149 
4860	276 
4861	335 
4862	214 
4863	236 
4864	286 
4865	20 
4866	227 
4867	200 
4868	179 
4869	46 
4870	203 
4871	44 
4872	113 
4873	158 
4874	291 
4875	347 
4876	287 
4877	74 
4878	292 
4879	114 
4880	315 
4881	178 
4882	99 
4883	250 
4884	243 
4885	199 
4886	199 
4887	337 
4888	177 
4889	283 
4890	65 
4891	18 
4892	274 
4893	211 
4894	156 
4895	345 
4896	333 
4897	219 
4898	141 
4899	338 
4900	99 
4901	32 
4902	133 
4903	271 
4904	45 
4905	343 
4906	263 
4907	335 
4908	240 
4909	103 
4910	233 
4911	76 
4912	98 
4913	188 
4914	92 
4915	12 
4916	319 
4917	143 
4918	44 
4919	84 
4920	191 
4921	144 
4922	208 
4923	67 
4924	33 
4925	159 
4926	194 
4927	210 
4928	89 
4929	249 
4930	102 
4931	115 
4932	66 
4933	210 
4934	210 
4935	114 
4936	300 
4937	223 
4938	110 
4939	335 
4940	319 
4941	273 
4942	32 
4943	268 
4944	317 
4945	263 
4946	322 
4947	309 
4948	229 
4949	302 
4950	8 
4951	98 
4952	273 
4953	199 
4954	19 
4955	113 
4956	293 
4957	231 
4958	307 
4959	130 
4960	265 
4961	96 
4962	40 
4963	171 
4964	247 
4965	39 
4966	194 
4967	345 
4968	3 
4969	271 
4970	318 
4971	66 
4972	106 
4973	189 
4974	217 
4975	272 
4976	22 
4977	4 
4978	130 
4979	111 
4980	102 
4981	226 
4982	313 
4983	252 
4984	342 
4985	295 
4986	293 
4987	14 
4988	344 
4989	252 
4990	88 
4991	243 
4992	234 
4993	29 
4994	1 
4995	307 
4996	217 
4997	167 
4998	170 
4999	19 
5000	284 
5001	162 
5002	317 
5003	325 
5004	302 
5005	77 
5006	258 
5007	233 
5008	295 
5009	19 
5010	42 
5011	103 
5012	98 
5013	299 
5014	133 
5015	94 
5016	205 
5017	248 
5018	240 
5019	69 
5020	249 
5021	206 
5022	210 
5023	136 
5024	14 
5025	346 
5026	294 
5027	227 
5028	68 
5029	24 
5030	247 
5031	116 
5032	145 
5033	84 
5034	277 
5035	171 
5036	46 
5037	285 
5038	342 
5039	112 
5040	336 
5041	102 
5042	207 
5043	288 
5044	20 
5045	64 
5046	323 
5047	274 
5048	291 
5049	12 
5050	82 
5051	116 
5052	116 
5053	23 
5054	188 
5055	40 
5056	91 
5057	33 
5058	34 
5059	99 
5060	171 
5061	84 
5062	293 
5063	328 
5064	309 
5065	232 
5066	59 
5067	286 
5068	271 
5069	187 
5070	79 
5071	299 
5072	298 
5073	26 
5074	273 
5075	241 
5076	277 
5077	51 
5078	250 
5079	327 
5080	189 
5081	248 
5082	71 
5083	165 
5084	332 
5085	273 
5086	202 
5087	69 
5088	233 
5089	266 
5090	95 
5091	266 
5092	346 
5093	92 
5094	58 
5095	27 
5096	113 
5097	343 
5098	348 
5099	305 
5100	346 
5101	25 
5102	62 
5103	9 
5104	65 
5105	249 
5106	259 
5107	31 
5108	269 
5109	281 
5110	114 
5111	96 
5112	19 
5113	302 
5114	344 
5115	200 
5116	181 
5117	62 
5118	29 
5119	175 
5120	299 
5121	43 
5122	84 
5123	296 
5124	98 
5125	240 
5126	283 
5127	4 
5128	98 
5129	25 
5130	265 
5131	331 
5132	65 
5133	275 
5134	150 
5135	337 
5136	334 
5137	166 
5138	201 
5139	83 
5140	236 
5141	30 
5142	203 
5143	75 
5144	29 
5145	281 
5146	95 
5147	133 
5148	230 
5149	182 
5150	231 
5151	153 
5152	136 
5153	145 
5154	78 
5155	261 
5156	259 
5157	217 
5158	348 
5159	212 
5160	323 
5161	110 
5162	313 
5163	316 
5164	208 
5165	227 
5166	233 
5167	298 
5168	22 
5169	236 
5170	281 
5171	165 
5172	334 
5173	35 
5174	43 
5175	277 
5176	262 
5177	345 
5178	155 
5179	220 
5180	205 
5181	58 
5182	56 
5183	347 
5184	214 
5185	179 
5186	154 
5187	8 
5188	212 
5189	253 
5190	27 
5191	326 
5192	247 
5193	170 
5194	78 
5195	134 
5196	12 
5197	165 
5198	184 
5199	187 
5200	249 
5201	95 
5202	154 
5203	298 
5204	14 
5205	57 
5206	333 
5207	145 
5208	290 
5209	149 
5210	132 
5211	313 
5212	238 
5213	310 
5214	339 
5215	252 
5216	337 
5217	212 
5218	207 
5219	51 
5220	134 
5221	185 
5222	313 
5223	47 
5224	218 
5225	314 
5226	274 
5227	197 
5228	243 
5229	231 
5230	202 
5231	24 
5232	162 
5233	269 
5234	20 
5235	31 
5236	20 
5237	307 
5238	102 
5239	313 
5240	327 
5241	116 
5242	199 
5243	286 
5244	109 
5245	38 
5246	30 
5247	227 
5248	15 
5249	178 
5250	193 
5251	10 
5252	96 
5253	28 
5254	229 
5255	195 
5256	173 
5257	208 
5258	215 
5259	121 
5260	21 
5261	230 
5262	46 
5263	343 
5264	110 
5265	185 
5266	149 
5267	68 
5268	193 
5269	314 
5270	125 
5271	177 
5272	90 
5273	232 
5274	22 
5275	35 
5276	319 
5277	148 
5278	176 
5279	327 
5280	319 
5281	162 
5282	119 
5283	138 
5284	278 
5285	68 
5286	209 
5287	195 
5288	215 
5289	143 
5290	46 
5291	17 
5292	285 
5293	106 
5294	78 
5295	292 
5296	259 
5297	43 
5298	144 
5299	227 
5300	249 
5301	281 
5302	286 
5303	116 
5304	87 
5305	227 
5306	236 
5307	10 
5308	165 
5309	135 
5310	71 
5311	46 
5312	272 
5313	155 
5314	223 
5315	82 
5316	239 
5317	32 
5318	326 
5319	218 
5320	171 
5321	217 
5322	266 
5323	32 
5324	8 
5325	4 
5326	55 
5327	61 
5328	303 
5329	62 
5330	27 
5331	293 
5332	170 
5333	96 
5334	106 
5335	113 
5336	344 
5337	133 
5338	15 
5339	260 
5340	189 
5341	325 
5342	318 
5343	132 
5344	17 
5345	30 
5346	125 
5347	208 
5348	113 
5349	116 
5350	4 
5351	154 
5352	323 
5353	83 
5354	287 
5355	215 
5356	106 
5357	201 
5358	27 
5359	106 
5360	113 
5361	154 
5362	233 
5363	348 
5364	233 
5365	214 
5366	229 
5367	238 
5368	167 
5369	20 
5370	327 
5371	266 
5372	68 
5373	29 
5374	150 
5375	349 
5376	163 
5377	144 
5378	225 
5379	216 
5380	266 
5381	143 
5382	15 
5383	19 
5384	343 
5385	177 
5386	246 
5387	22 
5388	160 
5389	79 
5390	145 
5391	129 
5392	29 
5393	195 
5394	175 
5395	209 
5396	78 
5397	212 
5398	38 
5399	75 
5400	305 
5401	295 
5402	111 
5403	289 
5404	190 
5405	177 
5406	282 
5407	196 
5408	292 
5409	343 
5410	34 
5411	275 
5412	264 
5413	98 
5414	296 
5415	44 
5416	131 
5417	321 
5418	318 
5419	195 
5420	129 
5421	35 
5422	82 
5423	17 
5424	63 
5425	63 
5426	8 
5427	342 
5428	266 
5429	168 
5430	124 
5431	171 
5432	158 
5433	101 
5434	45 
5435	106 
5436	266 
5437	74 
5438	94 
5439	113 
5440	236 
5441	178 
5442	193 
5443	236 
5444	189 
5445	227 
5446	224 
5447	51 
5448	12 
5449	53 
5450	346 
5451	231 
5452	348 
5453	325 
5454	305 
5455	276 
5456	208 
5457	179 
5458	140 
5459	318 
5460	209 
5461	176 
5462	151 
5463	25 
5464	114 
5465	231 
5466	238 
5467	79 
5468	167 
5469	47 
5470	238 
5471	299 
5472	273 
5473	154 
5474	24 
5475	255 
5476	268 
5477	240 
5478	22 
5479	278 
5480	135 
5481	13 
5482	91 
5483	29 
5484	75 
5485	227 
5486	28 
5487	54 
5488	327 
5489	213 
5490	106 
5491	206 
5492	20 
5493	92 
5494	34 
5495	317 
5496	331 
5497	132 
5498	210 
5499	340 
5500	151 
5501	348 
5502	20 
5503	4 
5504	202 
5505	178 
5506	15 
5507	272 
5508	74 
5509	79 
5510	112 
5511	154 
5512	11 
5513	64 
5514	346 
5515	205 
5516	86 
5517	19 
5518	225 
5519	183 
5520	282 
5521	233 
5522	20 
5523	144 
5524	338 
5525	201 
5526	74 
5527	305 
5528	12 
5529	266 
5530	132 
5531	206 
5532	74 
5533	132 
5534	149 
5535	218 
5536	336 
5537	181 
5538	268 
5539	13 
5540	216 
5541	342 
5542	294 
5543	120 
5544	36 
5545	321 
5546	23 
5547	227 
5548	116 
5549	328 
5550	276 
5551	86 
5552	68 
5553	131 
5554	179 
5555	129 
5556	275 
5557	260 
5558	208 
5559	289 
5560	317 
5561	249 
5562	230 
5563	299 
5564	174 
5565	314 
5566	315 
5567	187 
5568	227 
5569	210 
5570	40 
5571	65 
5572	248 
5573	87 
5574	199 
5575	174 
5576	162 
5577	334 
5578	83 
5579	185 
5580	194 
5581	210 
5582	24 
5583	216 
5584	76 
5585	72 
5586	175 
5587	69 
5588	64 
5589	26 
5590	32 
5591	272 
5592	91 
5593	301 
5594	132 
5595	56 
5596	18 
5597	95 
5598	19 
5599	66 
5600	269 
5601	91 
5602	182 
5603	109 
5604	166 
5605	210 
5606	176 
5607	144 
5608	219 
5609	269 
5610	302 
5611	125 
5612	111 
5613	148 
5614	188 
5615	118 
5616	275 
5617	24 
5618	261 
5619	208 
5620	23 
5621	75 
5622	22 
5623	9 
5624	327 
5625	56 
5626	218 
5627	77 
5628	15 
5629	133 
5630	160 
5631	96 
5632	210 
5633	260 
5634	222 
5635	199 
5636	146 
5637	56 
5638	64 
5639	12 
5640	102 
5641	89 
5642	181 
5643	182 
5644	41 
5645	175 
5646	319 
5647	105 
5648	4 
5649	28 
5650	200 
5651	76 
5652	20 
5653	189 
5654	3 
5655	337 
5656	24 
5657	29 
5658	30 
5659	43 
5660	119 
5661	121 
5662	299 
5663	43 
5664	271 
5665	179 
5666	213 
5667	179 
5668	281 
5669	337 
5670	348 
5671	232 
5672	82 
5673	179 
5674	14 
5675	189 
5676	205 
5677	319 
5678	47 
5679	231 
5680	247 
5681	59 
5682	193 
5683	348 
5684	213 
5685	116 
5686	158 
5687	78 
5688	321 
5689	47 
5690	136 
5691	109 
5692	302 
5693	46 
5694	183 
5695	312 
5696	244 
5697	348 
5698	314 
5699	59 
5700	227 
5701	271 
5702	277 
5703	205 
5704	233 
5705	199 
5706	132 
5707	26 
5708	261 
5709	215 
5710	116 
5711	247 
5712	261 
5713	195 
5714	332 
5715	109 
5716	107 
5717	247 
5718	257 
5719	140 
5720	98 
5721	313 
5722	67 
5723	227 
5724	39 
5725	73 
5726	70 
5727	137 
5728	99 
5729	261 
5730	145 
5731	39 
5732	261 
5733	11 
5734	19 
5735	327 
5736	19 
5737	120 
5738	70 
5739	261 
5740	87 
5741	207 
5742	59 
5743	157 
5744	87 
5745	110 
5746	266 
5747	349 
5748	64 
5749	300 
5750	87 
5751	318 
5752	295 
5753	31 
5754	113 
5755	118 
5756	256 
5757	74 
5758	7 
5759	344 
5760	162 
5761	51 
5762	46 
5763	342 
5764	17 
5765	333 
5766	256 
5767	203 
5768	161 
5769	272 
5770	111 
5771	257 
5772	102 
5773	319 
5774	229 
5775	299 
5776	321 
5777	28 
5778	31 
5779	150 
5780	332 
5781	180 
5782	284 
5783	282 
5784	168 
5785	102 
5786	23 
5787	214 
5788	91 
5789	106 
5790	110 
5791	289 
5792	47 
5793	217 
5794	167 
5795	193 
5796	82 
5797	272 
5798	200 
5799	130 
5800	168 
5801	79 
5802	317 
5803	47 
5804	187 
5805	287 
5806	98 
5807	162 
5808	114 
5809	238 
5810	89 
5811	22 
5812	157 
5813	71 
5814	324 
5815	274 
5816	144 
5817	321 
5818	189 
5819	295 
5820	107 
5821	42 
5822	44 
5823	45 
5824	274 
5825	339 
5826	342 
5827	210 
5828	216 
5829	168 
5830	210 
5831	43 
5832	65 
5833	140 
5834	101 
5835	239 
5836	52 
5837	86 
5838	224 
5839	82 
5840	266 
5841	136 
5842	64 
5843	158 
5844	320 
5845	178 
5846	234 
5847	151 
5848	343 
5849	337 
5850	28 
5851	162 
5852	44 
5853	246 
5854	96 
5855	335 
5856	219 
5857	19 
5858	95 
5859	301 
5860	86 
5861	302 
5862	321 
5863	126 
5864	83 
5865	42 
5866	325 
5867	10 
5868	325 
5869	72 
5870	179 
5871	72 
5872	325 
5873	246 
5874	305 
5875	141 
5876	112 
5877	292 
5878	82 
5879	103 
5880	116 
5881	339 
5882	20 
5883	79 
5884	148 
5885	191 
5886	105 
5887	75 
5888	193 
5889	266 
5890	273 
5891	335 
5892	234 
5893	139 
5894	210 
5895	160 
5896	282 
5897	63 
5898	194 
5899	87 
5900	184 
5901	222 
5902	319 
5903	145 
5904	9 
5905	62 
5906	116 
5907	73 
5908	74 
5909	19 
5910	170 
5911	102 
5912	207 
5913	247 
5914	22 
5915	344 
5916	304 
5917	153 
5918	163 
5919	153 
5920	321 
5921	106 
5922	238 
5923	206 
5924	47 
5925	157 
5926	176 
5927	184 
5928	56 
5929	191 
5930	94 
5931	3 
5932	236 
5933	57 
5934	321 
5935	23 
5936	174 
5937	215 
5938	176 
5939	266 
5940	134 
5941	134 
5942	86 
5943	336 
5944	270 
5945	334 
5946	54 
5947	179 
5948	8 
5949	260 
5950	57 
5951	68 
5952	31 
5953	213 
5954	12 
5955	12 
5956	146 
5957	283 
5958	102 
5959	172 
5960	249 
5961	91 
5962	13 
5963	262 
5964	57 
5965	292 
5966	92 
5967	284 
5968	109 
5969	226 
5970	299 
5971	283 
5972	30 
5973	201 
5974	260 
5975	115 
5976	161 
5977	240 
5978	106 
5979	327 
5980	144 
5981	12 
5982	258 
5983	15 
5984	258 
5985	229 
5986	9 
5987	71 
5988	285 
5989	265 
5990	32 
5991	64 
5992	184 
5993	20 
5994	154 
5995	346 
5996	23 
5997	15 
5998	115 
5999	180 
6000	288 
6001	342 
6002	325 
6003	154 
6004	64 
6005	259 
6006	156 
6007	176 
6008	168 
6009	347 
6010	233 
6011	286 
6012	156 
6013	13 
6014	265 
6015	150 
6016	213 
6017	294 
6018	38 
6019	10 
6020	22 
6021	262 
6022	135 
6023	272 
6024	43 
6025	334 
6026	36 
6027	7 
6028	12 
6029	223 
6030	168 
6031	265 
6032	240 
6033	35 
6034	260 
6035	316 
6036	79 
6037	59 
6038	295 
6039	317 
6040	349 
6041	333 
6042	35 
6043	184 
6044	22 
6045	6 
6046	243 
6047	76 
6048	83 
6049	306 
6050	95 
6051	333 
6052	58 
6053	17 
6054	240 
6055	65 
6056	253 
6057	222 
6058	58 
6059	111 
6060	316 
6061	345 
6062	314 
6063	229 
6064	65 
6065	318 
6066	145 
6067	134 
6068	30 
6069	294 
6070	141 
6071	99 
6072	94 
6073	266 
6074	21 
6075	272 
6076	181 
6077	249 
6078	34 
6079	19 
6080	230 
6081	62 
6082	89 
6083	257 
6084	288 
6085	312 
6086	261 
6087	201 
6088	244 
6089	302 
6090	94 
6091	154 
6092	203 
6093	7 
6094	309 
6095	285 
6096	218 
6097	47 
6098	66 
6099	296 
6100	178 
6101	89 
6102	325 
6103	238 
6104	144 
6105	32 
6106	13 
6107	265 
6108	187 
6109	120 
6110	273 
6111	182 
6112	88 
6113	207 
6114	48 
6115	259 
6116	40 
6117	258 
6118	69 
6119	304 
6120	225 
6121	305 
6122	175 
6123	1 
6124	244 
6125	184 
6126	68 
6127	218 
6128	47 
6129	20 
6130	8 
6131	281 
6132	210 
6133	44 
6134	305 
6135	226 
6136	6 
6137	187 
6138	89 
6139	321 
6140	29 
6141	299 
6142	125 
6143	94 
6144	54 
6145	334 
6146	305 
6147	163 
6148	327 
6149	74 
6150	52 
6151	153 
6152	293 
6153	160 
6154	153 
6155	19 
6156	82 
6157	346 
6158	22 
6159	23 
6160	309 
6161	268 
6162	207 
6163	2 
6164	62 
6165	107 
6166	126 
6167	62 
6168	259 
6169	63 
6170	110 
6171	22 
6172	4 
6173	110 
6174	213 
6175	136 
6176	71 
6177	313 
6178	144 
6179	283 
6180	331 
6181	74 
6182	166 
6183	112 
6184	335 
6185	259 
6186	166 
6187	259 
6188	72 
6189	255 
6190	30 
6191	171 
6192	210 
6193	174 
6194	78 
6195	255 
6196	314 
6197	299 
6198	84 
6199	1 
6200	106 
6201	179 
6202	10 
6203	176 
6204	87 
6205	223 
6206	8 
6207	17 
6208	231 
6209	106 
6210	317 
6211	39 
6212	243 
6213	43 
6214	342 
6215	334 
6216	125 
6217	144 
6218	182 
6219	334 
6220	159 
6221	214 
6222	288 
6223	312 
6224	310 
6225	336 
6226	276 
6227	325 
6228	323 
6229	22 
6230	231 
6231	336 
6232	4 
6233	116 
6234	113 
6235	59 
6236	275 
6237	305 
6238	218 
6239	317 
6240	280 
6241	96 
6242	82 
6243	109 
6244	260 
6245	313 
6246	288 
6247	176 
6248	249 
6249	261 
6250	43 
6251	346 
6252	30 
6253	338 
6254	273 
6255	199 
6256	240 
6257	246 
6258	197 
6259	280 
6260	288 
6261	229 
6262	278 
6263	336 
6264	348 
6265	150 
6266	240 
6267	98 
6268	217 
6269	172 
6270	337 
6271	346 
6272	305 
6273	103 
6274	35 
6275	36 
6276	32 
6277	277 
6278	68 
6279	90 
6280	178 
6281	103 
6282	131 
6283	207 
6284	323 
6285	346 
6286	171 
6287	138 
6288	20 
6289	222 
6290	238 
6291	132 
6292	30 
6293	291 
6294	168 
6295	294 
6296	259 
6297	157 
6298	20 
6299	325 
6300	247 
6301	243 
6302	40 
6303	118 
6304	226 
6305	299 
6306	107 
6307	309 
6308	61 
6309	205 
6310	110 
6311	348 
6312	208 
6313	54 
6314	187 
6315	1 
6316	224 
6317	107 
6318	106 
6319	71 
6320	304 
6321	125 
6322	173 
6323	39 
6324	210 
6325	154 
6326	87 
6327	305 
6328	209 
6329	154 
6330	310 
6331	153 
6332	201 
6333	125 
6334	129 
6335	336 
6336	168 
6337	11 
6338	168 
6339	222 
6340	257 
6341	260 
6342	91 
6343	239 
6344	326 
6345	135 
6346	183 
6347	138 
6348	295 
6349	314 
6350	7 
6351	332 
6352	22 
6353	141 
6354	134 
6355	121 
6356	88 
6357	188 
6358	2 
6359	317 
6360	252 
6361	70 
6362	178 
6363	96 
6364	214 
6365	161 
6366	2 
6367	18 
6368	38 
6369	187 
6370	317 
6371	209 
6372	184 
6373	343 
6374	322 
6375	64 
6376	168 
6377	15 
6378	243 
6379	61 
6380	208 
6381	280 
6382	248 
6383	262 
6384	48 
6385	166 
6386	22 
6387	107 
6388	59 
6389	55 
6390	239 
6391	281 
6392	2 
6393	260 
6394	343 
6395	346 
6396	67 
6397	112 
6398	274 
6399	337 
6400	79 
6401	293 
6402	160 
6403	32 
6404	109 
6405	324 
6406	90 
6407	115 
6408	83 
6409	178 
6410	184 
6411	305 
6412	106 
6413	318 
6414	178 
6415	166 
6416	46 
6417	125 
6418	15 
6419	334 
6420	46 
6421	162 
6422	265 
6423	64 
6424	268 
6425	96 
6426	46 
6427	160 
6428	292 
6429	225 
6430	107 
6431	346 
6432	46 
6433	182 
6434	305 
6435	15 
6436	296 
6437	278 
6438	144 
6439	43 
6440	314 
6441	158 
6442	78 
6443	286 
6444	266 
6445	136 
6446	106 
6447	83 
6448	327 
6449	43 
6450	208 
6451	28 
6452	97 
6453	178 
6454	203 
6455	84 
6456	84 
6457	349 
6458	77 
6459	90 
6460	324 
6461	158 
6462	19 
6463	105 
6464	345 
6465	115 
6466	74 
6467	201 
6468	138 
6469	236 
6470	2 
6471	34 
6472	300 
6473	236 
6474	326 
6475	73 
6476	32 
6477	141 
6478	161 
6479	305 
6480	91 
6481	342 
6482	273 
6483	66 
6484	171 
6485	24 
6486	26 
6487	215 
6488	321 
6489	32 
6490	223 
6491	246 
6492	253 
6493	32 
6494	197 
6495	4 
6496	178 
6497	58 
6498	97 
6499	6 
6500	283 
6501	154 
6502	293 
6503	344 
6504	286 
6505	19 
6506	154 
6507	342 
6508	177 
6509	286 
6510	282 
6511	218 
6512	286 
6513	19 
6514	325 
6515	107 
6516	176 
6517	125 
6518	115 
6519	170 
6520	291 
6521	223 
6522	174 
6523	265 
6524	178 
6525	173 
6526	39 
6527	259 
6528	229 
6529	29 
6530	113 
6531	78 
6532	43 
6533	325 
6534	207 
6535	82 
6536	120 
6537	295 
6538	65 
6539	257 
6540	246 
6541	267 
6542	30 
6543	243 
6544	15 
6545	78 
6546	296 
6547	250 
6548	249 
6549	322 
6550	39 
6551	284 
6552	188 
6553	283 
6554	74 
6555	62 
6556	260 
6557	282 
6558	323 
6559	107 
6560	136 
6561	260 
6562	216 
6563	314 
6564	136 
6565	240 
6566	47 
6567	10 
6568	310 
6569	82 
6570	215 
6571	282 
6572	38 
6573	264 
6574	239 
6575	334 
6576	283 
6577	113 
6578	166 
6579	306 
6580	62 
6581	82 
6582	286 
6583	102 
6584	318 
6585	266 
6586	22 
6587	218 
6588	317 
6589	19 
6590	44 
6591	65 
6592	134 
6593	90 
6594	28 
6595	320 
6596	321 
6597	17 
6598	83 
6599	273 
6600	232 
6601	75 
6602	32 
6603	1 
6604	288 
6605	145 
6606	55 
6607	177 
6608	302 
6609	283 
6610	302 
6611	265 
6612	310 
6613	288 
6614	316 
6615	67 
6616	345 
6617	36 
6618	210 
6619	144 
6620	180 
6621	95 
6622	27 
6623	120 
6624	327 
6625	322 
6626	72 
6627	193 
6628	304 
6629	30 
6630	77 
6631	333 
6632	325 
6633	260 
6634	120 
6635	324 
6636	56 
6637	286 
6638	35 
6639	153 
6640	82 
6641	216 
6642	249 
6643	120 
6644	20 
6645	8 
6646	274 
6647	159 
6648	106 
6649	1 
6650	24 
6651	29 
6652	332 
6653	214 
6654	217 
6655	316 
6656	266 
6657	23 
6658	230 
6659	154 
6660	267 
6661	153 
6662	332 
6663	233 
6664	112 
6665	200 
6666	230 
6667	288 
6668	34 
6669	286 
6670	64 
6671	125 
6672	158 
6673	21 
6674	321 
6675	145 
6676	325 
6677	295 
6678	200 
6679	17 
6680	281 
6681	103 
6682	239 
6683	27 
6684	260 
6685	343 
6686	261 
6687	238 
6688	213 
6689	10 
6690	10 
6691	130 
6692	304 
6693	293 
6694	277 
6695	137 
6696	138 
6697	291 
6698	103 
6699	199 
6700	9 
6701	17 
6702	335 
6703	261 
6704	345 
6705	3 
6706	286 
6707	109 
6708	121 
6709	165 
6710	160 
6711	75 
6712	348 
6713	158 
6714	44 
6715	144 
6716	30 
6717	69 
6718	86 
6719	115 
6720	231 
6721	44 
6722	201 
6723	173 
6724	140 
6725	145 
6726	102 
6727	44 
6728	178 
6729	189 
6730	290 
6731	86 
6732	58 
6733	144 
6734	46 
6735	59 
6736	342 
6737	136 
6738	336 
6739	118 
6740	144 
6741	111 
6742	160 
6743	137 
6744	345 
6745	116 
6746	54 
6747	217 
6748	39 
6749	345 
6750	217 
6751	195 
6752	321 
6753	74 
6754	110 
6755	67 
6756	240 
6757	244 
6758	31 
6759	236 
6760	174 
6761	46 
6762	71 
6763	265 
6764	206 
6765	188 
6766	247 
6767	236 
6768	268 
6769	11 
6770	266 
6771	305 
6772	278 
6773	43 
6774	239 
6775	8 
6776	243 
6777	322 
6778	63 
6779	174 
6780	343 
6781	110 
6782	99 
6783	278 
6784	296 
6785	118 
6786	153 
6787	313 
6788	115 
6789	247 
6790	70 
6791	148 
6792	12 
6793	182 
6794	23 
6795	166 
6796	259 
6797	38 
6798	101 
6799	46 
6800	118 
6801	56 
6802	1 
6803	310 
6804	175 
6805	295 
6806	277 
6807	343 
6808	67 
6809	205 
6810	240 
6811	207 
6812	337 
6813	47 
6814	300 
6815	179 
6816	83 
6817	21 
6818	288 
6819	287 
6820	210 
6821	124 
6822	35 
6823	282 
6824	217 
6825	229 
6826	77 
6827	43 
6828	261 
6829	205 
6830	34 
6831	20 
6832	61 
6833	292 
6834	238 
6835	314 
6836	261 
6837	8 
6838	327 
6839	75 
6840	56 
6841	115 
6842	44 
6843	210 
6844	32 
6845	296 
6846	265 
6847	103 
6848	208 
6849	188 
6850	168 
6851	78 
6852	201 
6853	305 
6854	343 
6855	159 
6856	208 
6857	105 
6858	86 
6859	160 
6860	158 
6861	195 
6862	225 
6863	32 
6864	342 
6865	213 
6866	180 
6867	15 
6868	116 
6869	132 
6870	347 
6871	52 
6872	183 
6873	232 
6874	209 
6875	95 
6876	224 
6877	252 
6878	46 
6879	307 
6880	54 
6881	282 
6882	334 
6883	267 
6884	32 
6885	89 
6886	318 
6887	267 
6888	138 
6889	304 
6890	288 
6891	46 
6892	337 
6893	283 
6894	13 
6895	312 
6896	17 
6897	283 
6898	201 
6899	27 
6900	273 
6901	43 
6902	320 
6903	210 
6904	35 
6905	288 
6906	275 
6907	148 
6908	2 
6909	199 
6910	318 
6911	264 
6912	281 
6913	348 
6914	95 
6915	183 
6916	112 
6917	155 
6918	27 
6919	95 
6920	280 
6921	305 
6922	43 
6923	274 
6924	213 
6925	304 
6926	44 
6927	293 
6928	66 
6929	133 
6930	35 
6931	83 
6932	342 
6933	182 
6934	278 
6935	249 
6936	264 
6937	208 
6938	304 
6939	69 
6940	72 
6941	98 
6942	231 
6943	61 
6944	182 
6945	346 
6946	214 
6947	266 
6948	249 
6949	177 
6950	66 
6951	91 
6952	34 
6953	170 
6954	113 
6955	178 
6956	95 
6957	68 
6958	322 
6959	316 
6960	118 
6961	175 
6962	333 
6963	343 
6964	75 
6965	240 
6966	35 
6967	278 
6968	18 
6969	239 
6970	82 
6971	74 
6972	15 
6973	238 
6974	275 
6975	218 
6976	36 
6977	210 
6978	88 
6979	57 
6980	44 
6981	154 
6982	290 
6983	159 
6984	336 
6985	67 
6986	63 
6987	212 
6988	275 
6989	168 
6990	103 
6991	110 
6992	325 
6993	268 
6994	52 
6995	247 
6996	23 
6997	231 
6998	274 
6999	55 
7000	2 
7001	165 
7002	7 
7003	69 
7004	98 
7005	345 
7006	227 
7007	342 
7008	227 
7009	215 
7010	271 
7011	197 
7012	15 
7013	314 
7014	77 
7015	317 
7016	154 
7017	238 
7018	15 
7019	283 
7020	34 
7021	305 
7022	243 
7023	344 
7024	118 
7025	290 
7026	54 
7027	344 
7028	342 
7029	320 
7030	9 
7031	348 
7032	249 
7033	24 
7034	278 
7035	233 
7036	94 
7037	320 
7038	293 
7039	8 
7040	27 
7041	307 
7042	131 
7043	182 
7044	230 
7045	153 
7046	24 
7047	46 
7048	24 
7049	212 
7050	318 
7051	248 
7052	153 
7053	292 
7054	75 
7055	214 
7056	75 
7057	238 
7058	65 
7059	275 
7060	129 
7061	317 
7062	272 
7063	320 
7064	278 
7065	224 
7066	98 
7067	39 
7068	276 
7069	83 
7070	34 
7071	125 
7072	226 
7073	116 
7074	240 
7075	77 
7076	222 
7077	105 
7078	287 
7079	109 
7080	115 
7081	201 
7082	193 
7083	15 
7084	103 
7085	107 
7086	43 
7087	113 
7088	115 
7089	280 
7090	35 
7091	227 
7092	20 
7093	171 
7094	105 
7095	247 
7096	12 
7097	8 
7098	296 
7099	174 
7100	272 
7101	201 
7102	318 
7103	267 
7104	259 
7105	175 
7106	283 
7107	290 
7108	34 
7109	46 
7110	68 
7111	9 
7112	125 
7113	35 
7114	28 
7115	1 
7116	134 
7117	116 
7118	306 
7119	10 
7120	266 
7121	290 
7122	286 
7123	158 
7124	210 
7125	257 
7126	333 
7127	91 
7128	28 
7129	14 
7130	179 
7131	168 
7132	145 
7133	267 
7134	75 
7135	177 
7136	317 
7137	300 
7138	287 
7139	46 
7140	78 
7141	310 
7142	210 
7143	312 
7144	155 
7145	257 
7146	166 
7147	76 
7148	10 
7149	272 
7150	162 
7151	114 
7152	200 
7153	15 
7154	273 
7155	160 
7156	282 
7157	276 
7158	317 
7159	229 
7160	96 
7161	22 
7162	82 
7163	214 
7164	34 
7165	56 
7166	299 
7167	98 
7168	305 
7169	295 
7170	34 
7171	84 
7172	335 
7173	166 
7174	111 
7175	29 
7176	184 
7177	281 
7178	313 
7179	259 
7180	236 
7181	166 
7182	64 
7183	187 
7184	230 
7185	115 
7186	113 
7187	34 
7188	294 
7189	273 
7190	299 
7191	248 
7192	320 
7193	74 
7194	43 
7195	312 
7196	76 
7197	111 
7198	176 
7199	15 
7200	87 
7201	27 
7202	170 
7203	1 
7204	86 
7205	224 
7206	82 
7207	295 
7208	266 
7209	226 
7210	102 
7211	30 
7212	258 
7213	109 
7214	319 
7215	252 
7216	158 
7217	214 
7218	111 
7219	131 
7220	217 
7221	348 
7222	239 
7223	313 
7224	322 
7225	307 
7226	296 
7227	344 
7228	154 
7229	62 
7230	115 
7231	307 
7232	170 
7233	74 
7234	244 
7235	233 
7236	8 
7237	22 
7238	157 
7239	27 
7240	160 
7241	205 
7242	1 
7243	113 
7244	131 
7245	88 
7246	319 
7247	109 
7248	305 
7249	82 
7250	323 
7251	212 
7252	184 
7253	125 
7254	133 
7255	166 
7256	4 
7257	110 
7258	187 
7259	304 
7260	272 
7261	197 
7262	182 
7263	209 
7264	349 
7265	98 
7266	342 
7267	231 
7268	335 
7269	43 
7270	230 
7271	290 
7272	208 
7273	243 
7274	246 
7275	250 
7276	78 
7277	15 
7278	317 
7279	283 
7280	342 
7281	257 
7282	280 
7283	183 
7284	165 
7285	224 
7286	271 
7287	342 
7288	15 
7289	34 
7290	34 
7291	96 
7292	32 
7293	216 
7294	167 
7295	124 
7296	157 
7297	103 
7298	110 
7299	8 
7300	293 
7301	231 
7302	1 
7303	342 
7304	292 
7305	162 
7306	334 
7307	116 
7308	34 
7309	305 
7310	110 
7311	44 
7312	75 
7313	96 
7314	205 
7315	162 
7316	130 
7317	226 
7318	238 
7319	171 
7320	336 
7321	105 
7322	76 
7323	348 
7324	114 
7325	87 
7326	345 
7327	183 
7328	193 
7329	295 
7330	206 
7331	39 
7332	271 
7333	32 
7334	30 
7335	72 
7336	32 
7337	318 
7338	89 
7339	178 
7340	277 
7341	55 
7342	291 
7343	170 
7344	62 
7345	129 
7346	201 
7347	161 
7348	24 
7349	325 
7350	296 
7351	19 
7352	77 
7353	243 
7354	88 
7355	292 
7356	77 
7357	283 
7358	197 
7359	179 
7360	316 
7361	267 
7362	166 
7363	304 
7364	274 
7365	36 
7366	165 
7367	157 
7368	167 
7369	66 
7370	321 
7371	111 
7372	58 
7373	342 
7374	314 
7375	215 
7376	87 
7377	166 
7378	101 
7379	200 
7380	7 
7381	189 
7382	23 
7383	76 
7384	77 
7385	293 
7386	317 
7387	92 
7388	82 
7389	256 
7390	339 
7391	300 
7392	332 
7393	335 
7394	230 
7395	46 
7396	88 
7397	292 
7398	240 
7399	188 
7400	120 
7401	212 
7402	131 
7403	34 
7404	306 
7405	109 
7406	116 
7407	256 
7408	15 
7409	106 
7410	227 
7411	75 
7412	266 
7413	317 
7414	344 
7415	125 
7416	239 
7417	69 
7418	137 
7419	172 
7420	268 
7421	278 
7422	46 
7423	205 
7424	281 
7425	182 
7426	130 
7427	57 
7428	288 
7429	154 
7430	274 
7431	160 
7432	129 
7433	96 
7434	84 
7435	32 
7436	25 
7437	131 
7438	280 
7439	95 
7440	178 
7441	75 
7442	233 
7443	62 
7444	306 
7445	282 
7446	171 
7447	331 
7448	327 
7449	65 
7450	218 
7451	226 
7452	62 
7453	9 
7454	22 
7455	136 
7456	24 
7457	47 
7458	27 
7459	343 
7460	129 
7461	320 
7462	68 
7463	348 
7464	65 
7465	98 
7466	304 
7467	346 
7468	39 
7469	281 
7470	19 
7471	184 
7472	7 
7473	249 
7474	115 
7475	291 
7476	43 
7477	207 
7478	236 
7479	116 
7480	138 
7481	266 
7482	327 
7483	346 
7484	323 
7485	39 
7486	290 
7487	82 
7488	349 
7489	168 
7490	261 
7491	46 
7492	247 
7493	153 
7494	22 
7495	168 
7496	130 
7497	176 
7498	243 
7499	58 
7500	188 
7501	113 
7502	107 
7503	348 
7504	25 
7505	34 
7506	22 
7507	22 
7508	208 
7509	17 
7510	291 
7511	78 
7512	98 
7513	78 
7514	265 
7515	206 
7516	162 
7517	339 
7518	260 
7519	334 
7520	323 
7521	268 
7522	243 
7523	272 
7524	96 
7525	207 
7526	46 
7527	114 
7528	224 
7529	182 
7530	106 
7531	76 
7532	8 
7533	90 
7534	327 
7535	105 
7536	187 
7537	223 
7538	348 
7539	260 
7540	154 
7541	17 
7542	332 
7543	113 
7544	43 
7545	120 
7546	90 
7547	290 
7548	115 
7549	327 
7550	294 
7551	203 
7552	266 
7553	304 
7554	227 
7555	343 
7556	109 
7557	207 
7558	30 
7559	216 
7560	178 
7561	266 
7562	102 
7563	58 
7564	240 
7565	36 
7566	36 
7567	348 
7568	287 
7569	335 
7570	319 
7571	179 
7572	325 
7573	325 
7574	343 
7575	342 
7576	179 
7577	71 
7578	217 
7579	35 
7580	206 
7581	261 
7582	54 
7583	260 
7584	109 
7585	296 
7586	47 
7587	334 
7588	268 
7589	213 
7590	78 
7591	129 
7592	118 
7593	217 
7594	174 
7595	153 
7596	78 
7597	96 
7598	74 
7599	256 
7600	65 
7601	98 
7602	98 
7603	159 
7604	226 
7605	201 
7606	233 
7607	129 
7608	273 
7609	200 
7610	276 
7611	295 
7612	203 
7613	134 
7614	175 
7615	76 
7616	107 
7617	266 
7618	32 
7619	233 
7620	321 
7621	145 
7622	214 
7623	346 
7624	82 
7625	312 
7626	319 
7627	247 
7628	187 
7629	110 
7630	295 
7631	177 
7632	19 
7633	333 
7634	231 
7635	165 
7636	208 
7637	111 
7638	44 
7639	71 
7640	239 
7641	75 
7642	346 
7643	160 
7644	265 
7645	333 
7646	124 
7647	74 
7648	145 
7649	201 
7650	111 
7651	87 
7652	132 
7653	314 
7654	40 
7655	46 
7656	305 
7657	345 
7658	118 
7659	109 
7660	286 
7661	120 
7662	158 
7663	260 
7664	78 
7665	187 
7666	345 
7667	167 
7668	90 
7669	75 
7670	133 
7671	348 
7672	106 
7673	265 
7674	133 
7675	1 
7676	78 
7677	125 
7678	62 
7679	187 
7680	178 
7681	320 
7682	336 
7683	349 
7684	206 
7685	145 
7686	212 
7687	343 
7688	240 
7689	166 
7690	231 
7691	22 
7692	106 
7693	65 
7694	319 
7695	325 
7696	46 
7697	165 
7698	144 
7699	94 
7700	258 
7701	133 
7702	1 
7703	178 
7704	209 
7705	282 
7706	56 
7707	89 
7708	334 
7709	46 
7710	133 
7711	20 
7712	246 
7713	278 
7714	177 
7715	240 
7716	36 
7717	131 
7718	321 
7719	162 
7720	217 
7721	94 
7722	171 
7723	98 
7724	349 
7725	91 
7726	106 
7727	107 
7728	145 
7729	96 
7730	206 
7731	22 
7732	209 
7733	346 
7734	124 
7735	176 
7736	345 
7737	46 
7738	4 
7739	106 
7740	199 
7741	317 
7742	295 
7743	295 
7744	176 
7745	22 
7746	26 
7747	171 
7748	116 
7749	180 
7750	282 
7751	250 
7752	231 
7753	239 
7754	110 
7755	63 
7756	264 
7757	213 
7758	20 
7759	217 
7760	189 
7761	296 
7762	240 
7763	248 
7764	267 
7765	67 
7766	325 
7767	91 
7768	20 
7769	113 
7770	120 
7771	63 
7772	257 
7773	335 
7774	91 
7775	168 
7776	86 
7777	348 
7778	154 
7779	107 
7780	172 
7781	15 
7782	334 
7783	344 
7784	258 
7785	125 
7786	19 
7787	250 
7788	144 
7789	175 
7790	57 
7791	84 
7792	64 
7793	56 
7794	94 
7795	178 
7796	95 
7797	47 
7798	89 
7799	77 
7800	229 
7801	98 
7802	195 
7803	342 
7804	32 
7805	300 
7806	52 
7807	206 
7808	39 
7809	83 
7810	120 
7811	248 
7812	167 
7813	160 
7814	201 
7815	313 
7816	76 
7817	89 
7818	20 
7819	247 
7820	133 
7821	216 
7822	214 
7823	317 
7824	75 
7825	206 
7826	283 
7827	261 
7828	34 
7829	140 
7830	266 
7831	342 
7832	131 
7833	130 
7834	30 
7835	46 
7836	176 
7837	288 
7838	109 
7839	264 
7840	106 
7841	258 
7842	26 
7843	162 
7844	207 
7845	261 
7846	103 
7847	63 
7848	1 
7849	304 
7850	144 
7851	293 
7852	19 
7853	288 
7854	201 
7855	296 
7856	305 
7857	32 
7858	280 
7859	316 
7860	334 
7861	266 
7862	54 
7863	13 
7864	215 
7865	145 
7866	201 
7867	167 
7868	274 
7869	210 
7870	91 
7871	86 
7872	78 
7873	344 
7874	43 
7875	145 
7876	106 
7877	233 
7878	282 
7879	184 
7880	212 
7881	167 
7882	333 
7883	327 
7884	199 
7885	129 
7886	336 
7887	349 
7888	52 
7889	344 
7890	1 
7891	120 
7892	90 
7893	157 
7894	23 
7895	260 
7896	325 
7897	78 
7898	144 
7899	229 
7900	94 
7901	266 
7902	322 
7903	160 
7904	314 
7905	218 
7906	28 
7907	280 
7908	305 
7909	206 
7910	178 
7911	316 
7912	1 
7913	153 
7914	288 
7915	19 
7916	144 
7917	227 
7918	30 
7919	281 
7920	74 
7921	87 
7922	20 
7923	283 
7924	138 
7925	168 
7926	34 
7927	197 
7928	171 
7929	205 
7930	76 
7931	47 
7932	193 
7933	238 
7934	243 
7935	103 
7936	62 
7937	22 
7938	229 
7939	162 
7940	47 
7941	167 
7942	32 
7943	342 
7944	22 
7945	52 
7946	305 
7947	20 
7948	4 
7949	344 
7950	95 
7951	28 
7952	201 
7953	166 
7954	249 
7955	266 
7956	249 
7957	36 
7958	305 
7959	208 
7960	295 
7961	337 
7962	27 
7963	65 
7964	125 
7965	325 
7966	53 
7967	105 
7968	178 
7969	310 
7970	214 
7971	105 
7972	176 
7973	58 
7974	82 
7975	78 
7976	4 
7977	57 
7978	57 
7979	90 
7980	71 
7981	343 
7982	283 
7983	337 
7984	23 
7985	112 
7986	305 
7987	317 
7988	256 
7989	112 
7990	65 
7991	68 
7992	335 
7993	210 
7994	20 
7995	130 
7996	22 
7997	162 
7998	113 
7999	290 
8000	236 
8001	63 
8002	87 
8003	184 
8004	91 
8005	215 
8006	257 
8007	189 
8008	184 
8009	260 
8010	283 
8011	144 
8012	256 
8013	260 
8014	227 
8015	208 
8016	180 
8017	318 
8018	256 
8019	197 
8020	30 
8021	271 
8022	266 
8023	32 
8024	145 
8025	264 
8026	205 
8027	236 
8028	317 
8029	214 
8030	43 
8031	105 
8032	178 
8033	162 
8034	94 
8035	96 
8036	171 
8037	144 
8038	268 
8039	267 
8040	293 
8041	57 
8042	337 
8043	243 
8044	10 
8045	74 
8046	178 
8047	113 
8048	165 
8049	210 
8050	201 
8051	13 
8052	166 
8053	109 
8054	47 
8055	131 
8056	44 
8057	43 
8058	22 
8059	116 
8060	271 
8061	118 
8062	283 
8063	47 
8064	259 
8065	286 
8066	318 
8067	109 
8068	295 
8069	184 
8070	91 
8071	34 
8072	209 
8073	317 
8074	238 
8075	271 
8076	89 
8077	4 
8078	167 
8079	20 
8080	342 
8081	189 
8082	30 
8083	20 
8084	240 
8085	4 
8086	274 
8087	232 
8088	161 
8089	212 
8090	265 
8091	63 
8092	64 
8093	243 
8094	96 
8095	215 
8096	290 
8097	109 
8098	280 
8099	64 
8100	106 
8101	19 
8102	217 
8103	46 
8104	132 
8105	316 
8106	26 
8107	176 
8108	260 
8109	321 
8110	24 
8111	288 
8112	160 
8113	178 
8114	193 
8115	260 
8116	296 
8117	184 
8118	203 
8119	305 
8120	293 
8121	120 
8122	4 
8123	13 
8124	103 
8125	86 
8126	8 
8127	227 
8128	240 
8129	182 
8130	213 
8131	154 
8132	107 
8133	227 
8134	238 
8135	32 
8136	217 
8137	261 
8138	327 
8139	112 
8140	201 
8141	8 
8142	116 
8143	210 
8144	246 
8145	342 
8146	278 
8147	13 
8148	349 
8149	77 
8150	78 
8151	306 
8152	40 
8153	249 
8154	71 
8155	178 
8156	91 
8157	15 
8158	180 
8159	160 
8160	8 
8161	8 
8162	66 
8163	74 
8164	323 
8165	305 
8166	272 
8167	229 
8168	348 
8169	132 
8170	176 
8171	176 
8172	282 
8173	20 
8174	46 
8175	153 
8176	32 
8177	35 
8178	15 
8179	26 
8180	1 
8181	24 
8182	63 
8183	246 
8184	236 
8185	157 
8186	201 
8187	154 
8188	278 
8189	343 
8190	203 
8191	208 
8192	227 
8193	52 
8194	43 
8195	184 
8196	18 
8197	216 
8198	344 
8199	168 
8200	183 
8201	233 
8202	318 
8203	154 
8204	124 
8205	288 
8206	267 
8207	295 
8208	317 
8209	201 
8210	162 
8211	96 
8212	62 
8213	110 
8214	43 
8215	116 
8216	206 
8217	271 
8218	32 
8219	82 
8220	277 
8221	76 
8222	177 
8223	207 
8224	133 
8225	120 
8226	118 
8227	162 
8228	201 
8229	200 
8230	22 
8231	232 
8232	345 
8233	318 
8234	153 
8235	30 
8236	20 
8237	213 
8238	217 
8239	293 
8240	342 
8241	261 
8242	236 
8243	109 
8244	180 
8245	200 
8246	240 
8247	295 
8248	12 
8249	277 
8250	346 
8251	132 
8252	36 
8253	238 
8254	217 
8255	29 
8256	348 
8257	82 
8258	161 
8259	247 
8260	19 
8261	176 
8262	281 
8263	8 
8264	89 
8265	299 
8266	256 
8267	346 
8268	114 
8269	218 
8270	290 
8271	325 
8272	205 
8273	178 
8274	20 
8275	295 
8276	306 
8277	345 
8278	130 
8279	314 
8280	323 
8281	77 
8282	82 
8283	88 
8284	43 
8285	35 
8286	166 
8287	316 
8288	294 
8289	321 
8290	342 
8291	195 
8292	227 
8293	333 
8294	201 
8295	153 
8296	260 
8297	1 
8298	64 
8299	199 
8300	62 
8301	206 
8302	95 
8303	10 
8304	43 
8305	239 
8306	207 
8307	86 
8308	216 
8309	65 
8310	348 
8311	113 
8312	256 
8313	271 
8314	179 
8315	261 
8316	96 
8317	283 
8318	10 
8319	212 
8320	8 
8321	299 
8322	295 
8323	115 
8324	282 
8325	113 
8326	107 
8327	281 
8328	343 
8329	304 
8330	98 
8331	293 
8332	132 
8333	342 
8334	114 
8335	24 
8336	54 
8337	77 
8338	179 
8339	86 
8340	348 
8341	342 
8342	77 
8343	294 
8344	205 
8345	260 
8346	271 
8347	90 
8348	287 
8349	62 
8350	46 
8351	120 
8352	17 
8353	28 
8354	299 
8355	74 
8356	267 
8357	278 
8358	177 
8359	34 
8360	342 
8361	325 
8362	129 
8363	17 
8364	256 
8365	28 
8366	171 
8367	116 
8368	305 
8369	54 
8370	74 
8371	176 
8372	115 
8373	327 
8374	271 
8375	216 
8376	154 
8377	24 
8378	56 
8379	239 
8380	32 
8381	214 
8382	110 
8383	318 
8384	247 
8385	107 
8386	116 
8387	293 
8388	334 
8389	282 
8390	34 
8391	305 
8392	336 
8393	144 
8394	158 
8395	130 
8396	201 
8397	256 
8398	258 
8399	133 
8400	76 
8401	87 
8402	313 
8403	266 
8404	214 
8405	302 
8406	75 
8407	22 
8408	217 
8409	268 
8410	248 
8411	46 
8412	201 
8413	209 
8414	91 
8415	129 
8416	118 
8417	46 
8418	248 
8419	349 
8420	293 
8421	34 
8422	201 
8423	346 
8424	36 
8425	246 
8426	17 
8427	52 
8428	32 
8429	293 
8430	176 
8431	30 
8432	22 
8433	13 
8434	115 
8435	162 
8436	95 
8437	247 
8438	17 
8439	277 
8440	15 
8441	342 
8442	94 
8443	294 
8444	246 
8445	325 
8446	217 
8447	261 
8448	110 
8449	78 
8450	236 
8451	165 
8452	343 
8453	58 
8454	74 
8455	282 
8456	32 
8457	34 
8458	306 
8459	266 
8460	201 
8461	290 
8462	283 
8463	47 
8464	35 
8465	243 
8466	74 
8467	247 
8468	281 
8469	66 
8470	203 
8471	205 
8472	296 
8473	305 
8474	257 
8475	124 
8476	145 
8477	290 
8478	334 
8479	268 
8480	63 
8481	247 
8482	133 
8483	216 
8484	154 
8485	44 
8486	215 
8487	335 
8488	8 
8489	283 
8490	327 
8491	165 
8492	145 
8493	40 
8494	75 
8495	154 
8496	106 
8497	313 
8498	239 
8499	32 
8500	125 
8501	105 
8502	95 
8503	323 
8504	24 
8505	296 
8506	1 
8507	200 
8508	317 
8509	22 
8510	343 
8511	265 
8512	165 
8513	274 
8514	74 
8515	274 
8516	182 
8517	154 
8518	32 
8519	199 
8520	247 
8521	281 
8522	32 
8523	66 
8524	295 
8525	133 
8526	325 
8527	294 
8528	47 
8529	288 
8530	288 
8531	145 
8532	305 
8533	193 
8534	334 
8535	106 
8536	125 
8537	144 
8538	90 
8539	17 
8540	129 
8541	314 
8542	189 
8543	286 
8544	153 
8545	240 
8546	64 
8547	205 
8548	314 
8549	65 
8550	325 
8551	76 
8552	174 
8553	24 
8554	134 
8555	74 
8556	323 
8557	130 
8558	176 
8559	82 
8560	231 
8561	32 
8562	34 
8563	166 
8564	78 
8565	145 
8566	118 
8567	153 
8568	248 
8569	334 
8570	118 
8571	334 
8572	288 
8573	249 
8574	27 
8575	299 
8576	283 
8577	78 
8578	154 
8579	106 
8580	282 
8581	40 
8582	238 
8583	323 
8584	22 
8585	213 
8586	189 
8587	299 
8588	162 
8589	286 
8590	78 
8591	296 
8592	39 
8593	23 
8594	23 
8595	294 
8596	30 
8597	265 
8598	321 
8599	208 
8600	306 
8601	111 
8602	201 
8603	267 
8604	183 
8605	86 
8606	134 
8607	267 
8608	161 
8609	133 
8610	71 
8611	160 
8612	1 
8613	96 
8614	144 
8615	62 
8616	91 
8617	265 
8618	171 
8619	282 
8620	256 
8621	134 
8622	4 
8623	287 
8624	76 
8625	182 
8626	321 
8627	114 
8628	116 
8629	188 
8630	293 
8631	76 
8632	277 
8633	210 
8634	336 
8635	210 
8636	106 
8637	46 
8638	162 
8639	19 
8640	283 
8641	20 
8642	265 
8643	129 
8644	249 
8645	227 
8646	54 
8647	210 
8648	95 
8649	179 
8650	272 
8651	91 
8652	134 
8653	87 
8654	64 
8655	249 
8656	103 
8657	184 
8658	348 
8659	305 
8660	193 
8661	207 
8662	334 
8663	78 
8664	133 
8665	158 
8666	2 
8667	316 
8668	335 
8669	187 
8670	167 
8671	189 
8672	58 
8673	247 
8674	124 
8675	91 
8676	260 
8677	218 
8678	272 
8679	43 
8680	232 
8681	162 
8682	35 
8683	52 
8684	188 
8685	20 
8686	265 
8687	91 
8688	231 
8689	203 
8690	243 
8691	293 
8692	205 
8693	195 
8694	27 
8695	296 
8696	82 
8697	35 
8698	277 
8699	28 
8700	343 
8701	132 
8702	168 
8703	293 
8704	277 
8705	343 
8706	106 
8707	260 
8708	15 
8709	112 
8710	260 
8711	129 
8712	17 
8713	46 
8714	227 
8715	77 
8716	193 
8717	227 
8718	134 
8719	277 
8720	193 
8721	305 
8722	36 
8723	286 
8724	213 
8725	89 
8726	29 
8727	176 
8728	34 
8729	346 
8730	286 
8731	12 
8732	54 
8733	35 
8734	282 
8735	296 
8736	217 
8737	115 
8738	132 
8739	210 
8740	166 
8741	178 
8742	160 
8743	187 
8744	316 
8745	346 
8746	287 
8747	227 
8748	238 
8749	346 
8750	277 
8751	46 
8752	274 
8753	96 
8754	65 
8755	201 
8756	62 
8757	86 
8758	83 
8759	283 
8760	187 
8761	158 
8762	10 
8763	84 
8764	286 
8765	166 
8766	12 
8767	345 
8768	349 
8769	120 
8770	200 
8771	247 
8772	34 
8773	162 
8774	290 
8775	89 
8776	232 
8777	105 
8778	304 
8779	124 
8780	52 
8781	105 
8782	36 
8783	335 
8784	84 
8785	22 
8786	98 
8787	268 
8788	32 
8789	84 
8790	246 
8791	184 
8792	106 
8793	314 
8794	120 
8795	343 
8796	261 
8797	283 
8798	114 
8799	203 
8800	132 
8801	274 
8802	8 
8803	229 
8804	247 
8805	2 
8806	58 
8807	29 
8808	206 
8809	294 
8810	182 
8811	64 
8812	129 
8813	178 
8814	271 
8815	160 
8816	264 
8817	19 
8818	129 
8819	106 
8820	158 
8821	96 
8822	153 
8823	277 
8824	120 
8825	344 
8826	264 
8827	111 
8828	260 
8829	316 
8830	1 
8831	208 
8832	114 
8833	260 
8834	231 
8835	283 
8836	19 
8837	43 
8838	264 
8839	77 
8840	36 
8841	39 
8842	112 
8843	129 
8844	133 
8845	295 
8846	66 
8847	46 
8848	2 
8849	260 
8850	66 
8851	208 
8852	201 
8853	118 
8854	215 
8855	129 
8856	287 
8857	238 
8858	153 
8859	46 
8860	346 
8861	266 
8862	179 
8863	84 
8864	96 
8865	336 
8866	64 
8867	346 
8868	174 
8869	166 
8870	162 
8871	107 
8872	77 
8873	1 
8874	56 
8875	44 
8876	47 
8877	106 
8878	278 
8879	82 
8880	321 
8881	260 
8882	67 
8883	176 
8884	278 
8885	52 
8886	261 
8887	203 
8888	227 
8889	19 
8890	214 
8891	2 
8892	227 
8893	95 
8894	217 
8895	346 
8896	75 
8897	206 
8898	288 
8899	65 
8900	113 
8901	8 
8902	87 
8903	293 
8904	43 
8905	318 
8906	46 
8907	327 
8908	56 
8909	19 
8910	261 
8911	286 
8912	261 
8913	317 
8914	233 
8915	133 
8916	10 
8917	102 
8918	67 
8919	215 
8920	195 
8921	283 
8922	317 
8923	283 
8924	195 
8925	19 
8926	208 
8927	43 
8928	183 
8929	318 
8930	317 
8931	240 
8932	317 
8933	187 
8934	86 
8935	90 
8936	23 
8937	15 
8938	168 
8939	74 
8940	215 
8941	75 
8942	215 
8943	74 
8944	125 
8945	317 
8946	95 
8947	64 
8948	261 
8949	184 
8950	233 
8951	178 
8952	206 
8953	67 
8954	281 
8955	247 
8956	77 
8957	95 
8958	295 
8959	348 
8960	98 
8961	76 
8962	134 
8963	334 
8964	233 
8965	264 
8966	183 
8967	327 
8968	182 
8969	160 
8970	75 
8971	63 
8972	282 
8973	110 
8974	215 
8975	162 
8976	17 
8977	335 
8978	317 
8979	207 
8980	30 
8981	247 
8982	260 
8983	67 
8984	86 
8985	24 
8986	29 
8987	114 
8988	75 
8989	96 
8990	314 
8991	10 
8992	35 
8993	271 
8994	77 
8995	261 
8996	293 
8997	274 
8998	114 
8999	30 
9000	283 
9001	283 
9002	318 
9003	52 
9004	203 
9005	109 
9006	314 
9007	43 
9008	286 
9009	210 
9010	22 
9011	206 
9012	67 
9013	145 
9014	345 
9015	342 
9016	187 
9017	91 
9018	188 
9019	132 
9020	90 
9021	243 
9022	145 
9023	153 
9024	158 
9025	236 
9026	283 
9027	58 
9028	272 
9029	305 
9030	179 
9031	306 
9032	295 
9033	144 
9034	116 
9035	90 
9036	325 
9037	243 
9038	67 
9039	35 
9040	208 
9041	162 
9042	30 
9043	231 
9044	238 
9045	346 
9046	327 
9047	162 
9048	282 
9049	283 
9050	82 
9051	67 
9052	274 
9053	96 
9054	318 
9055	107 
9056	171 
9057	214 
9058	317 
9059	271 
9060	214 
9061	260 
9062	35 
9063	344 
9064	295 
9065	231 
9066	39 
9067	65 
9068	75 
9069	243 
9070	125 
9071	178 
9072	67 
9073	343 
9074	129 
9075	247 
9076	274 
9077	306 
9078	39 
9079	265 
9080	231 
9081	17 
9082	342 
9083	179 
9084	64 
9085	327 
9086	183 
9087	19 
9088	183 
9089	118 
9090	335 
9091	246 
9092	153 
9093	281 
9094	293 
9095	240 
9096	66 
9097	210 
9098	166 
9099	218 
9100	133 
9101	125 
9102	203 
9103	207 
9104	19 
9105	272 
9106	28 
9107	321 
9108	30 
9109	318 
9110	343 
9111	210 
9112	74 
9113	32 
9114	167 
9115	1 
9116	207 
9117	282 
9118	176 
9119	278 
9120	210 
9121	43 
9122	327 
9123	95 
9124	266 
9125	160 
9126	314 
9127	325 
9128	295 
9129	91 
9130	153 
9131	1 
9132	277 
9133	344 
9134	87 
9135	208 
9136	115 
9137	305 
9138	264 
9139	321 
9140	113 
9141	8 
9142	277 
9143	10 
9144	233 
9145	238 
9146	343 
9147	1 
9148	216 
9149	243 
9150	261 
9151	184 
9152	145 
9153	103 
9154	349 
9155	288 
9156	335 
9157	75 
9158	133 
9159	75 
9160	227 
9161	132 
9162	95 
9163	20 
9164	238 
9165	218 
9166	87 
9167	171 
9168	91 
9169	105 
9170	106 
9171	206 
9172	201 
9173	74 
9174	75 
9175	271 
9176	183 
9177	201 
9178	132 
9179	188 
9180	32 
9181	325 
9182	317 
9183	217 
9184	299 
9185	325 
9186	188 
9187	19 
9188	75 
9189	343 
9190	274 
9191	317 
9192	153 
9193	218 
9194	84 
9195	218 
9196	34 
9197	334 
9198	133 
9199	264 
9200	247 
9201	118 
9202	240 
9203	76 
9204	179 
9205	144 
9206	183 
9207	305 
9208	240 
9209	154 
9210	266 
9211	246 
9212	133 
9213	264 
9214	39 
9215	1 
9216	213 
9217	171 
9218	154 
9219	20 
9220	283 
9221	154 
9222	243 
9223	32 
9224	274 
9225	32 
9226	214 
9227	84 
9228	200 
9229	36 
9230	200 
9231	346 
9232	271 
9233	215 
9234	32 
9235	342 
9236	207 
9237	200 
9238	243 
9239	106 
9240	86 
9241	272 
9242	145 
9243	47 
9244	74 
9245	115 
9246	247 
9247	32 
9248	299 
9249	282 
9250	178 
9251	107 
9252	35 
9253	110 
9254	334 
9255	106 
9256	264 
9257	240 
9258	158 
9259	95 
9260	86 
9261	334 
9262	346 
9263	154 
9264	293 
9265	62 
9266	176 
9267	39 
9268	43 
9269	19 
9270	321 
9271	15 
9272	133 
9273	266 
9274	24 
9275	167 
9276	22 
9277	47 
9278	246 
9279	145 
9280	65 
9281	176 
9282	19 
9283	30 
9284	36 
9285	46 
9286	260 
9287	30 
9288	65 
9289	103 
9290	282 
9291	200 
9292	96 
9293	145 
9294	74 
9295	78 
9296	247 
9297	120 
9298	261 
9299	207 
9300	294 
9301	77 
9302	64 
9303	113 
9304	296 
9305	96 
9306	227 
9307	78 
9308	343 
9309	249 
9310	162 
9311	35 
9312	46 
9313	54 
9314	286 
9315	8 
9316	187 
9317	129 
9318	182 
9319	116 
9320	210 
9321	62 
9322	305 
9323	110 
9324	187 
9325	210 
9326	144 
9327	247 
9328	286 
9329	125 
9330	133 
9331	271 
9332	246 
9333	27 
9334	91 
9335	34 
9336	75 
9337	162 
9338	47 
9339	129 
9340	346 
9341	91 
9342	325 
9343	282 
9344	342 
9345	272 
9346	34 
9347	118 
9348	215 
9349	17 
9350	30 
9351	182 
9352	89 
9353	246 
9354	145 
9355	295 
9356	240 
9357	215 
9358	176 
9359	24 
9360	305 
9361	342 
9362	231 
9363	32 
9364	200 
9365	247 
9366	240 
9367	343 
9368	39 
9369	208 
9370	294 
9371	342 
9372	17 
9373	317 
9374	260 
9375	96 
9376	74 
9377	132 
9378	295 
9379	281 
9380	171 
9381	113 
9382	162 
9383	167 
9384	343 
9385	86 
9386	145 
9387	107 
9388	201 
9389	240 
9390	176 
9391	208 
9392	47 
9393	144 
9394	17 
9395	238 
9396	305 
9397	34 
9398	167 
9399	286 
9400	277 
9401	110 
9402	110 
9403	162 
9404	17 
9405	182 
9406	325 
9407	15 
9408	39 
9409	246 
9410	76 
9411	96 
9412	52 
9413	260 
9414	28 
9415	106 
9416	277 
9417	32 
9418	110 
9419	293 
9420	343 
9421	305 
9422	43 
9423	213 
9424	243 
9425	176 
9426	28 
9427	261 
9428	78 
9429	116 
9430	20 
9431	179 
9432	348 
9433	271 
9434	43 
9435	129 
9436	64 
9437	246 
9438	342 
9439	15 
9440	227 
9441	346 
9442	166 
9443	247 
9444	144 
9445	187 
9446	84 
9447	305 
9448	74 
9449	144 
9450	19 
9451	349 
9452	113 
9453	43 
9454	187 
9455	46 
9456	1 
9457	178 
9458	305 
9459	74 
9460	106 
9461	288 
9462	132 
9463	96 
9464	217 
9465	75 
9466	184 
9467	24 
9468	20 
9469	20 
9470	266 
9471	116 
9472	243 
9473	210 
9474	74 
9475	132 
9476	133 
9477	162 
9478	179 
9479	179 
9480	95 
9481	30 
9482	233 
9483	335 
9484	266 
9485	346 
9486	213 
9487	201 
9488	1 
9489	238 
9490	77 
9491	39 
9492	343 
9493	342 
9494	182 
9495	74 
9496	274 
9497	207 
9498	231 
9499	86 
9500	162 
9501	43 
9502	249 
9503	32 
9504	133 
9505	218 
9506	325 
9507	15 
9508	334 
9509	274 
9510	22 
9511	154 
9512	334 
9513	265 
9514	171 
9515	314 
9516	305 
9517	233 
9518	281 
9519	283 
9520	162 
9521	271 
9522	132 
9523	346 
9524	210 
9525	125 
9526	261 
9527	346 
9528	43 
9529	264 
9530	116 
9531	27 
9532	39 
9533	91 
9534	277 
9535	264 
9536	82 
9537	348 
9538	109 
9539	349 
9540	288 
9541	317 
9542	327 
9543	171 
9544	154 
9545	288 
9546	344 
9547	166 
9548	293 
9549	86 
9550	118 
9551	133 
9552	65 
9553	96 
9554	227 
9555	238 
9556	277 
9557	82 
9558	154 
9559	39 
9560	240 
9561	325 
9562	20 
9563	343 
9564	52 
9565	188 
9566	34 
9567	166 
9568	132 
9569	46 
9570	118 
9571	106 
9572	327 
9573	277 
9574	318 
9575	327 
9576	96 
9577	17 
9578	265 
9579	295 
9580	95 
9581	327 
9582	218 
9583	325 
9584	344 
9585	346 
9586	15 
9587	77 
9588	95 
9589	247 
9590	344 
9591	15 
9592	65 
9593	176 
9594	95 
9595	238 
9596	82 
9597	32 
9598	210 
9599	210 
9600	176 
9601	348 
9602	125 
9603	24 
9604	145 
9605	281 
9606	314 
9607	201 
9608	154 
9609	22 
9610	22 
9611	8 
9612	116 
9613	52 
9614	296 
9615	288 
9616	78 
9617	95 
9618	166 
9619	115 
9620	344 
9621	30 
9622	20 
9623	20 
9624	160 
9625	283 
9626	288 
9627	34 
9628	144 
9629	19 
9630	283 
9631	218 
9632	62 
9633	261 
9634	86 
9635	283 
9636	39 
9637	154 
9638	47 
9639	116 
9640	182 
9641	106 
9642	162 
9643	293 
9644	271 
9645	344 
9646	266 
9647	176 
9648	154 
9649	247 
9650	62 
9651	162 
9652	110 
9653	145 
9654	243 
9655	327 
9656	19 
9657	132 
9658	334 
9659	75 
9660	64 
9661	32 
9662	246 
9663	129 
9664	348 
9665	166 
9666	32 
9667	293 
9668	346 
9669	43 
9670	266 
9671	325 
9672	208 
9673	243 
9674	344 
9675	22 
9676	39 
9677	87 
9678	334 
9679	107 
9680	240 
9681	246 
9682	325 
9683	82 
9684	266 
9685	34 
9686	293 
9687	260 
9688	325 
9689	43 
9690	227 
9691	178 
9692	243 
9693	19 
9694	274 
9695	15 
9696	247 
9697	30 
9698	208 
9699	277 
9700	86 
9701	247 
9702	106 
9703	317 
9704	47 
9705	145 
9706	74 
9707	39 
9708	64 
9709	317 
9710	1 
9711	342 
9712	125 
9713	283 
9714	283 
9715	348 
9716	293 
9717	32 
9718	43 
9719	145 
9720	260 
9721	64 
9722	106 
9723	144 
9724	64 
9725	182 
9726	296 
9727	1 
9728	160 
9729	8 
9730	247 
9731	325 
9732	107 
9733	64 
9734	133 
9735	133 
9736	96 
9737	231 
9738	346 
9739	106 
9740	227 
9741	335 
9742	96 
9743	282 
9744	227 
9745	188 
9746	293 
9747	286 
9748	1 
9749	145 
9750	107 
9751	144 
9752	201 
9753	296 
9754	154 
9755	106 
9756	325 
9757	39 
9758	247 
9759	282 
9760	74 
9761	115 
9762	296 
9763	115 
9764	74 
9765	201 
9766	243 
9767	86 
9768	39 
9769	281 
9770	1 
9771	19 
9772	62 
9773	160 
9774	346 
9775	346 
9776	288 
9777	96 
9778	78 
9779	47 
9780	305 
9781	266 
9782	288 
9783	282 
9784	217 
9785	162 
9786	266 
9787	116 
9788	243 
9789	15 
9790	201 
9791	115 
9792	215 
9793	344 
9794	247 
9795	282 
9796	166 
9797	208 
9798	52 
9799	201 
9800	166 
9801	218 
9802	266 
9803	160 
9804	132 
9805	277 
9806	178 
9807	327 
9808	317 
9809	133 
9810	295 
9811	166 
9812	346 
9813	227 
9814	260 
9815	218 
9816	247 
9817	145 
9818	334 
9819	274 
9820	227 
9821	153 
9822	116 
9823	208 
9824	325 
9825	39 
9826	240 
9827	286 
9828	75 
9829	43 
9830	260 
9831	132 
9832	113 
9833	277 
9834	160 
9835	32 
9836	1 
9837	125 
9838	75 
9839	46 
9840	327 
9841	47 
9842	162 
9843	215 
9844	346 
9845	178 
9846	334 
9847	82 
9848	346 
9849	286 
9850	295 
9851	283 
9852	15 
9853	261 
9854	160 
9855	75 
9856	153 
9857	317 
9858	46 
9859	162 
9860	144 
9861	64 
9862	277 
9863	208 
9864	178 
9865	30 
9866	277 
9867	247 
9868	227 
9869	30 
9870	144 
9871	233 
9872	78 
9873	95 
9874	295 
9875	129 
9876	286 
9877	201 
9878	129 
9879	176 
9880	96 
9881	210 
9882	260 
9883	43 
9884	227 
9885	293 
9886	75 
9887	62 
9888	52 
9889	65 
9890	91 
9891	218 
9892	43 
9893	208 
9894	43 
9895	240 
9896	210 
9897	246 
9898	201 
9899	293 
9900	20 
9901	144 
9902	96 
9903	145 
9904	210 
9905	334 
9906	334 
9907	176 
9908	129 
9909	346 
9910	218 
9911	145 
9912	247 
9913	208 
9914	95 
9915	293 
9916	293 
9917	82 
9918	246 
9919	62 
9920	20 
9921	39 
9922	217 
9923	240 
9924	145 
9925	95 
9926	327 
9927	233 
9928	233 
9929	74 
9930	215 
9931	153 
9932	46 
9933	106 
9934	233 
9935	342 
9936	15 
9937	64 
9938	46 
9939	162 
9940	215 
9941	75 
9942	176 
9943	8 
9944	34 
9945	162 
9946	19 
9947	64 
9948	96 
9949	283 
9950	266 
9951	43 
9952	145 
9953	64 
9954	162 
9955	243 
9956	215 
9957	283 
9958	43 
9959	343 
9960	201 
9961	43 
9962	210 
9963	64 
9964	344 
9965	32 
9966	32 
9967	342 
9968	266 
9969	295 
9970	277 
9971	30 
9972	82 
9973	39 
9974	266 
9975	19 
9976	325 
9977	334 
9978	266 
9979	343 
9980	277 
9981	215 
9982	162 
9983	201 
9984	334 
9985	247 
9986	30 
9987	343 
9988	82 
9989	82 
9990	8 
9991	260 
9992	162 
9993	78 
9994	293 
9995	19 
9996	277 
9997	176 
9998	201 
9999	344 
10000	82 
