1	250 
2	248 
3	147 
4	226 
5	73 
6	23 
7	46 
8	213 
9	245 
10	103 
11	145 
12	284 
13	65 
14	105 
15	196 
16	48 
17	62 
18	76 
19	88 
20	15 
21	69 
22	199 
23	249 
24	47 
25	109 
26	205 
27	26 
28	25 
29	55 
30	38 
31	196 
32	111 
33	61 
34	20 
35	40 
36	93 
37	152 
38	247 
39	65 
40	136 
41	197 
42	4 
43	267 
44	85 
45	162 
46	271 
47	35 
48	138 
49	196 
50	90 
51	278 
52	25 
53	77 
54	251 
55	93 
56	262 
57	47 
58	151 
59	23 
60	227 
61	247 
62	182 
63	147 
64	77 
65	35 
66	171 
67	195 
68	129 
69	13 
70	74 
71	160 
72	265 
73	227 
74	208 
75	278 
76	63 
77	53 
78	133 
79	87 
80	113 
81	22 
82	179 
83	29 
84	239 
85	177 
86	190 
87	106 
88	251 
89	34 
90	61 
91	86 
92	267 
93	144 
94	41 
95	30 
96	237 
97	72 
98	286 
99	83 
100	185 
101	17 
102	225 
103	273 
104	31 
105	73 
106	135 
107	6 
108	84 
109	209 
110	43 
111	189 
112	163 
113	97 
114	188 
115	66 
116	180 
117	222 
118	36 
119	189 
120	54 
121	240 
122	243 
123	124 
124	52 
125	226 
126	13 
127	187 
128	196 
129	271 
130	86 
131	76 
132	281 
133	75 
134	117 
135	224 
136	243 
137	203 
138	197 
139	17 
140	238 
141	10 
142	184 
143	222 
144	112 
145	181 
146	178 
147	122 
148	184 
149	93 
150	12 
151	45 
152	47 
153	174 
154	204 
155	78 
156	207 
157	101 
158	228 
159	193 
160	176 
161	100 
162	102 
163	229 
164	192 
165	198 
166	66 
167	272 
168	165 
169	88 
170	17 
171	196 
172	77 
173	276 
174	217 
175	233 
176	238 
177	55 
178	71 
179	286 
180	151 
181	214 
182	144 
183	172 
184	118 
185	182 
186	219 
187	154 
188	58 
189	253 
190	213 
191	43 
192	73 
193	109 
194	258 
195	207 
196	179 
197	237 
198	207 
199	47 
200	273 
201	138 
202	258 
203	273 
204	53 
205	236 
206	12 
207	205 
208	71 
209	153 
210	179 
211	252 
212	130 
213	240 
214	262 
215	148 
216	119 
217	209 
218	172 
219	58 
220	27 
221	253 
222	33 
223	156 
224	267 
225	91 
226	73 
227	153 
228	9 
229	210 
230	97 
231	190 
232	122 
233	104 
234	172 
235	133 
236	237 
237	220 
238	26 
239	253 
240	163 
241	264 
242	57 
243	14 
244	158 
245	182 
246	154 
247	109 
248	232 
249	200 
250	248 
251	106 
252	67 
253	21 
254	120 
255	112 
256	129 
257	75 
258	15 
259	105 
260	81 
261	140 
262	229 
263	232 
264	241 
265	109 
266	105 
267	91 
268	19 
269	79 
270	123 
271	150 
272	125 
273	60 
274	276 
275	60 
276	153 
277	151 
278	51 
279	249 
280	127 
281	269 
282	173 
283	213 
284	205 
285	249 
286	234 
287	255 
288	258 
289	91 
290	48 
291	121 
292	85 
293	243 
294	284 
295	234 
296	63 
297	269 
298	281 
299	67 
300	264 
301	38 
302	130 
303	201 
304	207 
305	160 
306	204 
307	228 
308	80 
309	163 
310	202 
311	158 
312	143 
313	86 
314	139 
315	191 
316	155 
317	175 
318	143 
319	215 
320	181 
321	92 
322	235 
323	137 
324	207 
325	147 
326	52 
327	102 
328	217 
329	173 
330	250 
331	27 
332	208 
333	229 
334	3 
335	20 
336	158 
337	63 
338	158 
339	104 
340	111 
341	125 
342	243 
343	166 
344	16 
345	282 
346	216 
347	90 
348	239 
349	21 
350	257 
351	273 
352	36 
353	215 
354	180 
355	89 
356	25 
357	270 
358	132 
359	256 
360	43 
361	110 
362	251 
363	60 
364	60 
365	265 
366	239 
367	259 
368	193 
369	209 
370	116 
371	166 
372	20 
373	223 
374	159 
375	197 
376	197 
377	285 
378	134 
379	273 
380	8 
381	225 
382	258 
383	161 
384	246 
385	118 
386	128 
387	5 
388	118 
389	222 
390	206 
391	40 
392	91 
393	227 
394	99 
395	108 
396	182 
397	61 
398	205 
399	193 
400	138 
401	61 
402	133 
403	252 
404	92 
405	128 
406	285 
407	12 
408	205 
409	235 
410	155 
411	151 
412	56 
413	50 
414	179 
415	231 
416	49 
417	12 
418	133 
419	247 
420	108 
421	7 
422	156 
423	124 
424	171 
425	101 
426	152 
427	202 
428	25 
429	104 
430	101 
431	137 
432	108 
433	159 
434	47 
435	137 
436	128 
437	271 
438	281 
439	5 
440	78 
441	52 
442	111 
443	8 
444	38 
445	12 
446	107 
447	11 
448	66 
449	150 
450	254 
451	131 
452	145 
453	12 
454	149 
455	205 
456	105 
457	58 
458	246 
459	1 
460	57 
461	191 
462	160 
463	280 
464	1 
465	257 
466	81 
467	131 
468	111 
469	55 
470	142 
471	15 
472	7 
473	59 
474	286 
475	33 
476	46 
477	33 
478	108 
479	3 
480	32 
481	38 
482	158 
483	172 
484	129 
485	135 
486	124 
487	162 
488	273 
489	74 
490	258 
491	3 
492	124 
493	181 
494	98 
495	197 
496	176 
497	266 
498	79 
499	112 
500	264 
501	214 
502	157 
503	6 
504	218 
505	243 
506	21 
507	222 
508	119 
509	175 
510	282 
511	139 
512	45 
513	284 
514	177 
515	134 
516	86 
517	39 
518	176 
519	176 
520	61 
521	142 
522	159 
523	96 
524	68 
525	55 
526	8 
527	150 
528	153 
529	58 
530	282 
531	203 
532	282 
533	272 
534	76 
535	279 
536	169 
537	250 
538	16 
539	47 
540	69 
541	226 
542	116 
543	282 
544	40 
545	51 
546	14 
547	146 
548	190 
549	124 
550	201 
551	262 
552	157 
553	29 
554	201 
555	266 
556	103 
557	170 
558	281 
559	149 
560	108 
561	246 
562	53 
563	10 
564	228 
565	211 
566	73 
567	66 
568	169 
569	152 
570	272 
571	48 
572	135 
573	140 
574	159 
575	189 
576	258 
577	235 
578	173 
579	279 
580	174 
581	69 
582	98 
583	166 
584	189 
585	56 
586	213 
587	33 
588	173 
589	225 
590	159 
591	171 
592	274 
593	11 
594	32 
595	155 
596	149 
597	117 
598	119 
599	57 
600	25 
601	125 
602	102 
603	214 
604	106 
605	4 
606	237 
607	185 
608	67 
609	264 
610	41 
611	123 
612	60 
613	185 
614	159 
615	56 
616	146 
617	125 
618	92 
619	70 
620	221 
621	154 
622	31 
623	84 
624	224 
625	248 
626	134 
627	18 
628	113 
629	83 
630	66 
631	94 
632	46 
633	39 
634	76 
635	234 
636	28 
637	43 
638	67 
639	113 
640	251 
641	112 
642	175 
643	175 
644	30 
645	70 
646	75 
647	115 
648	56 
649	125 
650	104 
651	128 
652	48 
653	261 
654	18 
655	266 
656	23 
657	42 
658	182 
659	134 
660	213 
661	257 
662	213 
663	143 
664	141 
665	167 
666	202 
667	8 
668	85 
669	13 
670	196 
671	164 
672	34 
673	243 
674	159 
675	124 
676	141 
677	83 
678	26 
679	208 
680	212 
681	164 
682	44 
683	150 
684	254 
685	9 
686	242 
687	262 
688	87 
689	9 
690	153 
691	212 
692	50 
693	1 
694	214 
695	89 
696	217 
697	267 
698	10 
699	92 
700	83 
701	30 
702	199 
703	64 
704	167 
705	80 
706	235 
707	130 
708	266 
709	203 
710	260 
711	67 
712	213 
713	220 
714	99 
715	37 
716	53 
717	19 
718	121 
719	278 
720	240 
721	272 
722	101 
723	118 
724	9 
725	277 
726	66 
727	92 
728	184 
729	157 
730	150 
731	131 
732	91 
733	237 
734	115 
735	253 
736	20 
737	118 
738	198 
739	83 
740	168 
741	226 
742	85 
743	24 
744	97 
745	236 
746	19 
747	182 
748	36 
749	152 
750	197 
751	256 
752	243 
753	25 
754	193 
755	72 
756	114 
757	173 
758	62 
759	149 
760	15 
761	42 
762	176 
763	207 
764	56 
765	103 
766	249 
767	98 
768	164 
769	70 
770	172 
771	176 
772	49 
773	49 
774	252 
775	1 
776	251 
777	273 
778	73 
779	107 
780	80 
781	123 
782	238 
783	139 
784	82 
785	132 
786	188 
787	237 
788	112 
789	25 
790	76 
791	102 
792	259 
793	279 
794	234 
795	38 
796	133 
797	52 
798	275 
799	118 
800	245 
801	67 
802	49 
803	123 
804	197 
805	189 
806	242 
807	132 
808	227 
809	219 
810	211 
811	170 
812	124 
813	133 
814	50 
815	246 
816	197 
817	78 
818	7 
819	31 
820	168 
821	15 
822	221 
823	82 
824	276 
825	41 
826	262 
827	273 
828	277 
829	252 
830	52 
831	64 
832	127 
833	258 
834	111 
835	172 
836	84 
837	83 
838	14 
839	87 
840	9 
841	196 
842	174 
843	268 
844	262 
845	152 
846	166 
847	198 
848	48 
849	150 
850	156 
851	152 
852	3 
853	234 
854	256 
855	279 
856	264 
857	125 
858	74 
859	52 
860	117 
861	13 
862	229 
863	12 
864	104 
865	260 
866	278 
867	91 
868	15 
869	146 
870	184 
871	67 
872	37 
873	125 
874	160 
875	183 
876	174 
877	36 
878	188 
879	195 
880	176 
881	165 
882	102 
883	69 
884	283 
885	39 
886	114 
887	142 
888	110 
889	123 
890	11 
891	108 
892	212 
893	22 
894	251 
895	78 
896	89 
897	277 
898	86 
899	108 
900	48 
901	103 
902	131 
903	196 
904	205 
905	192 
906	26 
907	198 
908	42 
909	125 
910	128 
911	244 
912	195 
913	78 
914	219 
915	139 
916	39 
917	240 
918	87 
919	220 
920	278 
921	165 
922	138 
923	147 
924	276 
925	125 
926	228 
927	190 
928	234 
929	94 
930	132 
931	184 
932	233 
933	261 
934	221 
935	222 
936	29 
937	85 
938	146 
939	278 
940	42 
941	8 
942	52 
943	32 
944	117 
945	235 
946	280 
947	52 
948	220 
949	204 
950	174 
951	274 
952	242 
953	92 
954	131 
955	285 
956	91 
957	135 
958	25 
959	68 
960	104 
961	205 
962	254 
963	100 
964	251 
965	12 
966	176 
967	239 
968	272 
969	43 
970	177 
971	96 
972	144 
973	74 
974	88 
975	93 
976	248 
977	181 
978	173 
979	46 
980	27 
981	3 
982	94 
983	277 
984	4 
985	202 
986	145 
987	7 
988	182 
989	163 
990	240 
991	45 
992	48 
993	71 
994	4 
995	209 
996	252 
997	271 
998	75 
999	45 
1000	176 
1001	103 
1002	32 
1003	102 
1004	251 
1005	155 
1006	71 
1007	220 
1008	180 
1009	235 
1010	142 
1011	267 
1012	24 
1013	232 
1014	44 
1015	58 
1016	24 
1017	222 
1018	229 
1019	62 
1020	261 
1021	70 
1022	208 
1023	1 
1024	10 
1025	120 
1026	248 
1027	264 
1028	25 
1029	48 
1030	123 
1031	218 
1032	141 
1033	233 
1034	19 
1035	18 
1036	37 
1037	90 
1038	101 
1039	23 
1040	187 
1041	93 
1042	249 
1043	146 
1044	267 
1045	83 
1046	46 
1047	67 
1048	34 
1049	120 
1050	175 
1051	158 
1052	245 
1053	245 
1054	134 
1055	203 
1056	3 
1057	229 
1058	108 
1059	104 
1060	110 
1061	179 
1062	77 
1063	277 
1064	193 
1065	178 
1066	15 
1067	281 
1068	145 
1069	192 
1070	224 
1071	142 
1072	149 
1073	242 
1074	240 
1075	126 
1076	202 
1077	226 
1078	245 
1079	224 
1080	221 
1081	46 
1082	76 
1083	28 
1084	34 
1085	4 
1086	203 
1087	63 
1088	108 
1089	41 
1090	1 
1091	116 
1092	253 
1093	265 
1094	161 
1095	65 
1096	286 
1097	163 
1098	145 
1099	98 
1100	191 
1101	72 
1102	177 
1103	265 
1104	4 
1105	252 
1106	121 
1107	46 
1108	10 
1109	212 
1110	122 
1111	223 
1112	231 
1113	41 
1114	74 
1115	239 
1116	183 
1117	7 
1118	14 
1119	216 
1120	135 
1121	22 
1122	200 
1123	93 
1124	31 
1125	273 
1126	275 
1127	71 
1128	7 
1129	284 
1130	266 
1131	126 
1132	275 
1133	144 
1134	26 
1135	217 
1136	176 
1137	214 
1138	184 
1139	215 
1140	204 
1141	102 
1142	76 
1143	174 
1144	59 
1145	128 
1146	43 
1147	191 
1148	54 
1149	136 
1150	129 
1151	199 
1152	19 
1153	273 
1154	117 
1155	274 
1156	216 
1157	118 
1158	230 
1159	75 
1160	239 
1161	168 
1162	242 
1163	24 
1164	238 
1165	138 
1166	185 
1167	105 
1168	180 
1169	80 
1170	56 
1171	260 
1172	175 
1173	195 
1174	21 
1175	253 
1176	214 
1177	170 
1178	123 
1179	139 
1180	68 
1181	19 
1182	209 
1183	27 
1184	229 
1185	191 
1186	8 
1187	94 
1188	133 
1189	196 
1190	183 
1191	201 
1192	286 
1193	50 
1194	75 
1195	278 
1196	28 
1197	38 
1198	175 
1199	283 
1200	23 
1201	77 
1202	236 
1203	208 
1204	41 
1205	38 
1206	77 
1207	129 
1208	181 
1209	201 
1210	164 
1211	25 
1212	97 
1213	149 
1214	7 
1215	164 
1216	129 
1217	212 
1218	226 
1219	278 
1220	260 
1221	1 
1222	261 
1223	286 
1224	60 
1225	256 
1226	160 
1227	218 
1228	177 
1229	172 
1230	18 
1231	3 
1232	86 
1233	75 
1234	272 
1235	207 
1236	209 
1237	188 
1238	46 
1239	225 
1240	231 
1241	243 
1242	10 
1243	282 
1244	255 
1245	111 
1246	186 
1247	282 
1248	199 
1249	133 
1250	272 
1251	271 
1252	60 
1253	86 
1254	75 
1255	147 
1256	229 
1257	75 
1258	92 
1259	114 
1260	189 
1261	46 
1262	9 
1263	215 
1264	106 
1265	255 
1266	75 
1267	88 
1268	135 
1269	105 
1270	277 
1271	253 
1272	248 
1273	124 
1274	17 
1275	277 
1276	175 
1277	113 
1278	90 
1279	121 
1280	41 
1281	155 
1282	121 
1283	145 
1284	247 
1285	279 
1286	30 
1287	237 
1288	277 
1289	90 
1290	108 
1291	40 
1292	153 
1293	104 
1294	155 
1295	166 
1296	20 
1297	88 
1298	202 
1299	134 
1300	124 
1301	14 
1302	167 
1303	45 
1304	122 
1305	246 
1306	120 
1307	145 
1308	20 
1309	248 
1310	254 
1311	272 
1312	31 
1313	245 
1314	143 
1315	144 
1316	213 
1317	44 
1318	214 
1319	18 
1320	51 
1321	133 
1322	48 
1323	32 
1324	3 
1325	89 
1326	251 
1327	163 
1328	239 
1329	95 
1330	153 
1331	139 
1332	236 
1333	201 
1334	177 
1335	185 
1336	24 
1337	25 
1338	175 
1339	8 
1340	9 
1341	153 
1342	34 
1343	259 
1344	213 
1345	53 
1346	117 
1347	35 
1348	142 
1349	144 
1350	100 
1351	101 
1352	267 
1353	189 
1354	262 
1355	143 
1356	12 
1357	29 
1358	203 
1359	281 
1360	79 
1361	114 
1362	6 
1363	62 
1364	9 
1365	260 
1366	134 
1367	137 
1368	237 
1369	39 
1370	204 
1371	223 
1372	242 
1373	38 
1374	182 
1375	270 
1376	48 
1377	103 
1378	286 
1379	246 
1380	275 
1381	219 
1382	150 
1383	44 
1384	67 
1385	233 
1386	267 
1387	72 
1388	208 
1389	97 
1390	266 
1391	211 
1392	196 
1393	218 
1394	34 
1395	260 
1396	205 
1397	102 
1398	274 
1399	254 
1400	266 
1401	248 
1402	196 
1403	99 
1404	183 
1405	145 
1406	26 
1407	253 
1408	234 
1409	284 
1410	152 
1411	126 
1412	129 
1413	119 
1414	153 
1415	285 
1416	179 
1417	4 
1418	21 
1419	161 
1420	226 
1421	208 
1422	99 
1423	68 
1424	217 
1425	4 
1426	73 
1427	135 
1428	27 
1429	18 
1430	43 
1431	86 
1432	155 
1433	191 
1434	243 
1435	122 
1436	105 
1437	248 
1438	157 
1439	231 
1440	106 
1441	105 
1442	161 
1443	74 
1444	216 
1445	57 
1446	134 
1447	135 
1448	213 
1449	224 
1450	19 
1451	142 
1452	130 
1453	109 
1454	162 
1455	51 
1456	226 
1457	198 
1458	170 
1459	170 
1460	17 
1461	220 
1462	8 
1463	148 
1464	122 
1465	171 
1466	242 
1467	198 
1468	53 
1469	230 
1470	227 
1471	56 
1472	188 
1473	41 
1474	104 
1475	11 
1476	90 
1477	3 
1478	237 
1479	95 
1480	236 
1481	60 
1482	61 
1483	164 
1484	114 
1485	210 
1486	230 
1487	263 
1488	260 
1489	141 
1490	210 
1491	230 
1492	251 
1493	170 
1494	54 
1495	53 
1496	80 
1497	10 
1498	20 
1499	231 
1500	212 
1501	80 
1502	244 
1503	158 
1504	122 
1505	9 
1506	103 
1507	171 
1508	271 
1509	181 
1510	147 
1511	260 
1512	151 
1513	187 
1514	244 
1515	37 
1516	69 
1517	71 
1518	60 
1519	22 
1520	58 
1521	204 
1522	20 
1523	164 
1524	137 
1525	29 
1526	177 
1527	75 
1528	115 
1529	118 
1530	89 
1531	72 
1532	252 
1533	97 
1534	202 
1535	216 
1536	48 
1537	30 
1538	246 
1539	23 
1540	216 
1541	237 
1542	126 
1543	188 
1544	236 
1545	132 
1546	118 
1547	1 
1548	115 
1549	192 
1550	244 
1551	191 
1552	37 
1553	32 
1554	82 
1555	71 
1556	258 
1557	222 
1558	153 
1559	169 
1560	171 
1561	180 
1562	196 
1563	39 
1564	162 
1565	92 
1566	28 
1567	200 
1568	9 
1569	27 
1570	228 
1571	82 
1572	134 
1573	259 
1574	74 
1575	246 
1576	141 
1577	127 
1578	12 
1579	272 
1580	117 
1581	11 
1582	229 
1583	49 
1584	231 
1585	203 
1586	160 
1587	115 
1588	113 
1589	192 
1590	186 
1591	194 
1592	194 
1593	106 
1594	87 
1595	9 
1596	244 
1597	255 
1598	252 
1599	219 
1600	39 
1601	242 
1602	183 
1603	133 
1604	236 
1605	260 
1606	64 
1607	149 
1608	240 
1609	155 
1610	228 
1611	93 
1612	54 
1613	114 
1614	128 
1615	194 
1616	225 
1617	142 
1618	266 
1619	96 
1620	167 
1621	16 
1622	113 
1623	18 
1624	273 
1625	72 
1626	31 
1627	217 
1628	227 
1629	54 
1630	194 
1631	2 
1632	137 
1633	122 
1634	91 
1635	204 
1636	88 
1637	144 
1638	112 
1639	88 
1640	122 
1641	134 
1642	257 
1643	39 
1644	8 
1645	149 
1646	140 
1647	194 
1648	51 
1649	180 
1650	177 
1651	97 
1652	192 
1653	65 
1654	17 
1655	3 
1656	139 
1657	73 
1658	260 
1659	67 
1660	103 
1661	243 
1662	269 
1663	265 
1664	210 
1665	137 
1666	131 
1667	142 
1668	57 
1669	212 
1670	144 
1671	275 
1672	192 
1673	44 
1674	87 
1675	271 
1676	57 
1677	71 
1678	57 
1679	202 
1680	180 
1681	49 
1682	211 
1683	183 
1684	156 
1685	47 
1686	196 
1687	262 
1688	144 
1689	189 
1690	174 
1691	237 
1692	54 
1693	223 
1694	134 
1695	132 
1696	272 
1697	83 
1698	38 
1699	208 
1700	49 
1701	178 
1702	164 
1703	254 
1704	73 
1705	241 
1706	35 
1707	138 
1708	260 
1709	86 
1710	285 
1711	136 
1712	33 
1713	170 
1714	47 
1715	141 
1716	75 
1717	57 
1718	6 
1719	29 
1720	104 
1721	102 
1722	128 
1723	70 
1724	198 
1725	205 
1726	169 
1727	113 
1728	57 
1729	68 
1730	3 
1731	192 
1732	108 
1733	76 
1734	124 
1735	151 
1736	136 
1737	95 
1738	274 
1739	144 
1740	169 
1741	38 
1742	195 
1743	191 
1744	55 
1745	199 
1746	139 
1747	87 
1748	265 
1749	206 
1750	188 
1751	109 
1752	182 
1753	41 
1754	74 
1755	20 
1756	17 
1757	129 
1758	225 
1759	10 
1760	60 
1761	232 
1762	87 
1763	204 
1764	48 
1765	162 
1766	185 
1767	215 
1768	224 
1769	250 
1770	140 
1771	283 
1772	136 
1773	203 
1774	256 
1775	282 
1776	276 
1777	186 
1778	27 
1779	240 
1780	120 
1781	47 
1782	222 
1783	106 
1784	87 
1785	3 
1786	37 
1787	150 
1788	12 
1789	192 
1790	241 
1791	224 
1792	163 
1793	263 
1794	244 
1795	259 
1796	125 
1797	131 
1798	23 
1799	5 
1800	253 
1801	15 
1802	213 
1803	36 
1804	58 
1805	88 
1806	218 
1807	123 
1808	54 
1809	55 
1810	151 
1811	232 
1812	272 
1813	31 
1814	232 
1815	128 
1816	58 
1817	140 
1818	52 
1819	205 
1820	22 
1821	194 
1822	235 
1823	222 
1824	67 
1825	62 
1826	112 
1827	193 
1828	111 
1829	143 
1830	105 
1831	152 
1832	30 
1833	15 
1834	261 
1835	210 
1836	25 
1837	72 
1838	60 
1839	60 
1840	51 
1841	42 
1842	73 
1843	116 
1844	13 
1845	259 
1846	83 
1847	140 
1848	126 
1849	127 
1850	36 
1851	155 
1852	37 
1853	172 
1854	113 
1855	178 
1856	79 
1857	104 
1858	234 
1859	201 
1860	20 
1861	108 
1862	114 
1863	177 
1864	77 
1865	214 
1866	249 
1867	63 
1868	14 
1869	131 
1870	253 
1871	31 
1872	225 
1873	107 
1874	135 
1875	192 
1876	159 
1877	272 
1878	162 
1879	104 
1880	214 
1881	164 
1882	87 
1883	138 
1884	280 
1885	50 
1886	66 
1887	89 
1888	56 
1889	183 
1890	262 
1891	259 
1892	42 
1893	19 
1894	45 
1895	65 
1896	29 
1897	90 
1898	185 
1899	222 
1900	172 
1901	142 
1902	54 
1903	172 
1904	45 
1905	270 
1906	219 
1907	226 
1908	66 
1909	56 
1910	59 
1911	158 
1912	106 
1913	173 
1914	242 
1915	160 
1916	266 
1917	16 
1918	77 
1919	98 
1920	36 
1921	227 
1922	142 
1923	23 
1924	145 
1925	238 
1926	226 
1927	179 
1928	152 
1929	87 
1930	259 
1931	18 
1932	13 
1933	98 
1934	48 
1935	108 
1936	252 
1937	48 
1938	87 
1939	286 
1940	3 
1941	34 
1942	133 
1943	119 
1944	89 
1945	25 
1946	212 
1947	146 
1948	137 
1949	132 
1950	127 
1951	61 
1952	110 
1953	262 
1954	230 
1955	97 
1956	152 
1957	187 
1958	204 
1959	56 
1960	82 
1961	238 
1962	61 
1963	105 
1964	199 
1965	125 
1966	217 
1967	114 
1968	137 
1969	24 
1970	193 
1971	272 
1972	127 
1973	6 
1974	177 
1975	50 
1976	206 
1977	210 
1978	79 
1979	215 
1980	165 
1981	7 
1982	120 
1983	134 
1984	17 
1985	68 
1986	92 
1987	278 
1988	224 
1989	72 
1990	151 
1991	283 
1992	14 
1993	248 
1994	207 
1995	256 
1996	231 
1997	58 
1998	189 
1999	231 
2000	154 
2001	137 
2002	219 
2003	235 
2004	199 
2005	139 
2006	255 
2007	26 
2008	112 
2009	164 
2010	193 
2011	56 
2012	79 
2013	207 
2014	49 
2015	195 
2016	247 
2017	146 
2018	47 
2019	221 
2020	126 
2021	29 
2022	263 
2023	79 
2024	193 
2025	18 
2026	107 
2027	26 
2028	280 
2029	263 
2030	123 
2031	96 
2032	203 
2033	68 
2034	78 
2035	214 
2036	244 
2037	116 
2038	215 
2039	118 
2040	66 
2041	88 
2042	58 
2043	11 
2044	187 
2045	221 
2046	67 
2047	211 
2048	108 
2049	149 
2050	242 
2051	124 
2052	195 
2053	153 
2054	24 
2055	235 
2056	200 
2057	24 
2058	73 
2059	25 
2060	239 
2061	174 
2062	4 
2063	160 
2064	179 
2065	66 
2066	65 
2067	271 
2068	144 
2069	172 
2070	12 
2071	255 
2072	66 
2073	41 
2074	274 
2075	58 
2076	86 
2077	112 
2078	95 
2079	79 
2080	281 
2081	118 
2082	245 
2083	140 
2084	101 
2085	278 
2086	65 
2087	10 
2088	139 
2089	6 
2090	117 
2091	274 
2092	205 
2093	225 
2094	227 
2095	11 
2096	66 
2097	121 
2098	237 
2099	9 
2100	56 
2101	167 
2102	211 
2103	198 
2104	191 
2105	212 
2106	269 
2107	151 
2108	146 
2109	166 
2110	64 
2111	7 
2112	84 
2113	77 
2114	244 
2115	272 
2116	163 
2117	208 
2118	76 
2119	77 
2120	1 
2121	5 
2122	21 
2123	220 
2124	206 
2125	161 
2126	138 
2127	1 
2128	256 
2129	85 
2130	5 
2131	26 
2132	149 
2133	151 
2134	74 
2135	95 
2136	281 
2137	5 
2138	64 
2139	21 
2140	149 
2141	177 
2142	56 
2143	86 
2144	45 
2145	250 
2146	91 
2147	259 
2148	163 
2149	110 
2150	64 
2151	176 
2152	59 
2153	211 
2154	130 
2155	279 
2156	81 
2157	226 
2158	133 
2159	92 
2160	65 
2161	174 
2162	226 
2163	65 
2164	276 
2165	177 
2166	192 
2167	226 
2168	263 
2169	9 
2170	50 
2171	268 
2172	193 
2173	42 
2174	63 
2175	45 
2176	66 
2177	49 
2178	249 
2179	21 
2180	283 
2181	55 
2182	150 
2183	64 
2184	79 
2185	222 
2186	34 
2187	221 
2188	78 
2189	70 
2190	111 
2191	122 
2192	29 
2193	86 
2194	263 
2195	64 
2196	195 
2197	103 
2198	211 
2199	61 
2200	61 
2201	210 
2202	35 
2203	79 
2204	33 
2205	40 
2206	51 
2207	6 
2208	210 
2209	196 
2210	255 
2211	160 
2212	14 
2213	18 
2214	5 
2215	120 
2216	220 
2217	147 
2218	143 
2219	257 
2220	122 
2221	141 
2222	45 
2223	63 
2224	101 
2225	148 
2226	109 
2227	171 
2228	6 
2229	88 
2230	219 
2231	197 
2232	235 
2233	150 
2234	82 
2235	62 
2236	124 
2237	127 
2238	131 
2239	79 
2240	226 
2241	46 
2242	162 
2243	248 
2244	185 
2245	236 
2246	247 
2247	155 
2248	88 
2249	133 
2250	226 
2251	165 
2252	176 
2253	283 
2254	106 
2255	211 
2256	258 
2257	147 
2258	101 
2259	168 
2260	180 
2261	61 
2262	203 
2263	111 
2264	116 
2265	72 
2266	21 
2267	273 
2268	154 
2269	163 
2270	129 
2271	215 
2272	179 
2273	242 
2274	200 
2275	99 
2276	224 
2277	285 
2278	61 
2279	188 
2280	122 
2281	230 
2282	64 
2283	17 
2284	180 
2285	59 
2286	251 
2287	55 
2288	239 
2289	61 
2290	248 
2291	168 
2292	25 
2293	220 
2294	283 
2295	134 
2296	270 
2297	57 
2298	32 
2299	161 
2300	238 
2301	260 
2302	125 
2303	25 
2304	103 
2305	67 
2306	174 
2307	279 
2308	176 
2309	249 
2310	258 
2311	189 
2312	229 
2313	220 
2314	213 
2315	145 
2316	37 
2317	134 
2318	8 
2319	118 
2320	75 
2321	204 
2322	71 
2323	26 
2324	54 
2325	112 
2326	73 
2327	6 
2328	151 
2329	189 
2330	7 
2331	90 
2332	256 
2333	196 
2334	149 
2335	246 
2336	77 
2337	42 
2338	250 
2339	163 
2340	225 
2341	190 
2342	68 
2343	196 
2344	232 
2345	28 
2346	197 
2347	259 
2348	172 
2349	207 
2350	121 
2351	255 
2352	180 
2353	71 
2354	28 
2355	151 
2356	158 
2357	100 
2358	40 
2359	240 
2360	34 
2361	180 
2362	108 
2363	236 
2364	147 
2365	119 
2366	150 
2367	50 
2368	270 
2369	119 
2370	78 
2371	42 
2372	163 
2373	11 
2374	214 
2375	226 
2376	235 
2377	14 
2378	62 
2379	233 
2380	188 
2381	168 
2382	146 
2383	226 
2384	210 
2385	27 
2386	75 
2387	41 
2388	114 
2389	16 
2390	36 
2391	198 
2392	225 
2393	266 
2394	1 
2395	149 
2396	139 
2397	155 
2398	65 
2399	190 
2400	102 
2401	284 
2402	60 
2403	115 
2404	74 
2405	180 
2406	46 
2407	192 
2408	131 
2409	266 
2410	239 
2411	70 
2412	63 
2413	14 
2414	110 
2415	25 
2416	154 
2417	52 
2418	34 
2419	175 
2420	65 
2421	94 
2422	167 
2423	182 
2424	153 
2425	210 
2426	196 
2427	173 
2428	41 
2429	211 
2430	220 
2431	201 
2432	81 
2433	85 
2434	24 
2435	88 
2436	168 
2437	250 
2438	244 
2439	36 
2440	266 
2441	201 
2442	63 
2443	141 
2444	22 
2445	82 
2446	250 
2447	19 
2448	253 
2449	68 
2450	76 
2451	38 
2452	155 
2453	94 
2454	264 
2455	42 
2456	113 
2457	123 
2458	51 
2459	127 
2460	260 
2461	166 
2462	164 
2463	47 
2464	108 
2465	285 
2466	247 
2467	172 
2468	256 
2469	238 
2470	45 
2471	14 
2472	132 
2473	226 
2474	214 
2475	94 
2476	88 
2477	1 
2478	129 
2479	23 
2480	179 
2481	189 
2482	46 
2483	168 
2484	192 
2485	83 
2486	3 
2487	149 
2488	177 
2489	68 
2490	68 
2491	103 
2492	120 
2493	183 
2494	117 
2495	107 
2496	275 
2497	227 
2498	85 
2499	32 
2500	191 
2501	242 
2502	24 
2503	3 
2504	151 
2505	3 
2506	196 
2507	83 
2508	26 
2509	137 
2510	68 
2511	24 
2512	271 
2513	107 
2514	59 
2515	233 
2516	167 
2517	137 
2518	73 
2519	205 
2520	95 
2521	21 
2522	142 
2523	211 
2524	88 
2525	112 
2526	162 
2527	184 
2528	95 
2529	191 
2530	224 
2531	280 
2532	242 
2533	74 
2534	50 
2535	81 
2536	164 
2537	59 
2538	7 
2539	268 
2540	69 
2541	262 
2542	117 
2543	80 
2544	137 
2545	215 
2546	46 
2547	204 
2548	74 
2549	40 
2550	31 
2551	222 
2552	270 
2553	162 
2554	228 
2555	181 
2556	184 
2557	263 
2558	157 
2559	123 
2560	168 
2561	38 
2562	104 
2563	23 
2564	196 
2565	128 
2566	3 
2567	150 
2568	15 
2569	11 
2570	161 
2571	241 
2572	209 
2573	54 
2574	160 
2575	269 
2576	25 
2577	242 
2578	29 
2579	272 
2580	96 
2581	277 
2582	8 
2583	247 
2584	8 
2585	10 
2586	54 
2587	98 
2588	166 
2589	47 
2590	256 
2591	138 
2592	20 
2593	263 
2594	285 
2595	175 
2596	72 
2597	98 
2598	110 
2599	273 
2600	251 
2601	131 
2602	217 
2603	185 
2604	100 
2605	63 
2606	218 
2607	139 
2608	271 
2609	185 
2610	50 
2611	282 
2612	148 
2613	172 
2614	61 
2615	189 
2616	162 
2617	167 
2618	27 
2619	18 
2620	185 
2621	199 
2622	68 
2623	157 
2624	152 
2625	25 
2626	85 
2627	210 
2628	81 
2629	35 
2630	117 
2631	54 
2632	145 
2633	132 
2634	256 
2635	170 
2636	135 
2637	253 
2638	62 
2639	217 
2640	209 
2641	233 
2642	234 
2643	130 
2644	50 
2645	123 
2646	115 
2647	245 
2648	262 
2649	78 
2650	257 
2651	253 
2652	158 
2653	82 
2654	48 
2655	187 
2656	48 
2657	43 
2658	232 
2659	100 
2660	19 
2661	141 
2662	72 
2663	129 
2664	170 
2665	81 
2666	187 
2667	261 
2668	131 
2669	259 
2670	95 
2671	222 
2672	98 
2673	43 
2674	58 
2675	42 
2676	94 
2677	122 
2678	275 
2679	31 
2680	158 
2681	280 
2682	132 
2683	14 
2684	232 
2685	22 
2686	161 
2687	90 
2688	147 
2689	212 
2690	139 
2691	156 
2692	259 
2693	8 
2694	220 
2695	258 
2696	106 
2697	263 
2698	201 
2699	167 
2700	229 
2701	72 
2702	185 
2703	163 
2704	5 
2705	71 
2706	4 
2707	21 
2708	179 
2709	172 
2710	85 
2711	51 
2712	27 
2713	188 
2714	166 
2715	212 
2716	97 
2717	42 
2718	49 
2719	25 
2720	45 
2721	249 
2722	111 
2723	9 
2724	280 
2725	167 
2726	77 
2727	168 
2728	44 
2729	263 
2730	223 
2731	141 
2732	247 
2733	108 
2734	252 
2735	256 
2736	60 
2737	247 
2738	9 
2739	157 
2740	211 
2741	239 
2742	118 
2743	120 
2744	255 
2745	232 
2746	221 
2747	190 
2748	117 
2749	25 
2750	231 
2751	80 
2752	225 
2753	211 
2754	30 
2755	105 
2756	270 
2757	174 
2758	263 
2759	184 
2760	268 
2761	66 
2762	94 
2763	61 
2764	217 
2765	51 
2766	111 
2767	42 
2768	28 
2769	80 
2770	163 
2771	150 
2772	209 
2773	33 
2774	53 
2775	251 
2776	113 
2777	281 
2778	142 
2779	55 
2780	188 
2781	11 
2782	224 
2783	27 
2784	168 
2785	203 
2786	269 
2787	88 
2788	224 
2789	120 
2790	143 
2791	103 
2792	89 
2793	195 
2794	68 
2795	286 
2796	210 
2797	246 
2798	205 
2799	24 
2800	283 
2801	184 
2802	211 
2803	200 
2804	208 
2805	77 
2806	105 
2807	34 
2808	278 
2809	84 
2810	68 
2811	195 
2812	127 
2813	96 
2814	209 
2815	204 
2816	225 
2817	261 
2818	220 
2819	201 
2820	156 
2821	140 
2822	162 
2823	249 
2824	259 
2825	78 
2826	215 
2827	215 
2828	159 
2829	277 
2830	59 
2831	261 
2832	162 
2833	186 
2834	263 
2835	173 
2836	258 
2837	71 
2838	211 
2839	234 
2840	240 
2841	145 
2842	89 
2843	10 
2844	197 
2845	178 
2846	74 
2847	55 
2848	26 
2849	276 
2850	32 
2851	2 
2852	176 
2853	148 
2854	82 
2855	170 
2856	116 
2857	252 
2858	159 
2859	272 
2860	20 
2861	218 
2862	203 
2863	208 
2864	97 
2865	257 
2866	214 
2867	116 
2868	103 
2869	192 
2870	89 
2871	28 
2872	206 
2873	278 
2874	240 
2875	60 
2876	112 
2877	153 
2878	218 
2879	105 
2880	181 
2881	202 
2882	194 
2883	225 
2884	240 
2885	258 
2886	164 
2887	107 
2888	33 
2889	136 
2890	71 
2891	248 
2892	69 
2893	238 
2894	186 
2895	64 
2896	242 
2897	74 
2898	268 
2899	189 
2900	260 
2901	270 
2902	61 
2903	183 
2904	112 
2905	145 
2906	84 
2907	40 
2908	136 
2909	18 
2910	263 
2911	114 
2912	96 
2913	138 
2914	261 
2915	60 
2916	71 
2917	17 
2918	275 
2919	185 
2920	211 
2921	105 
2922	188 
2923	92 
2924	138 
2925	79 
2926	73 
2927	30 
2928	224 
2929	233 
2930	231 
2931	91 
2932	226 
2933	26 
2934	159 
2935	279 
2936	40 
2937	265 
2938	138 
2939	45 
2940	235 
2941	109 
2942	149 
2943	96 
2944	5 
2945	166 
2946	254 
2947	81 
2948	140 
2949	61 
2950	235 
2951	155 
2952	225 
2953	85 
2954	23 
2955	113 
2956	82 
2957	158 
2958	177 
2959	47 
2960	174 
2961	230 
2962	260 
2963	238 
2964	243 
2965	234 
2966	43 
2967	8 
2968	277 
2969	248 
2970	102 
2971	151 
2972	64 
2973	29 
2974	265 
2975	249 
2976	200 
2977	284 
2978	34 
2979	197 
2980	286 
2981	18 
2982	109 
2983	113 
2984	12 
2985	100 
2986	219 
2987	129 
2988	200 
2989	1 
2990	59 
2991	1 
2992	8 
2993	26 
2994	205 
2995	42 
2996	157 
2997	140 
2998	279 
2999	169 
3000	32 
3001	285 
3002	44 
3003	157 
3004	241 
3005	175 
3006	275 
3007	28 
3008	111 
3009	101 
3010	2 
3011	116 
3012	231 
3013	264 
3014	98 
3015	49 
3016	55 
3017	152 
3018	208 
3019	183 
3020	194 
3021	78 
3022	261 
3023	36 
3024	194 
3025	236 
3026	110 
3027	219 
3028	265 
3029	89 
3030	199 
3031	35 
3032	142 
3033	66 
3034	101 
3035	54 
3036	228 
3037	81 
3038	17 
3039	146 
3040	172 
3041	21 
3042	249 
3043	97 
3044	111 
3045	257 
3046	286 
3047	50 
3048	25 
3049	154 
3050	267 
3051	108 
3052	215 
3053	113 
3054	123 
3055	82 
3056	283 
3057	106 
3058	75 
3059	57 
3060	108 
3061	256 
3062	20 
3063	136 
3064	51 
3065	277 
3066	201 
3067	250 
3068	54 
3069	96 
3070	30 
3071	202 
3072	2 
3073	245 
3074	121 
3075	134 
3076	107 
3077	31 
3078	76 
3079	226 
3080	24 
3081	134 
3082	69 
3083	70 
3084	196 
3085	272 
3086	185 
3087	85 
3088	90 
3089	162 
3090	211 
3091	68 
3092	270 
3093	30 
3094	89 
3095	122 
3096	79 
3097	212 
3098	210 
3099	249 
3100	270 
3101	234 
3102	10 
3103	59 
3104	34 
3105	268 
3106	26 
3107	117 
3108	99 
3109	115 
3110	24 
3111	10 
3112	1 
3113	275 
3114	183 
3115	82 
3116	84 
3117	36 
3118	57 
3119	108 
3120	198 
3121	273 
3122	260 
3123	22 
3124	9 
3125	134 
3126	6 
3127	3 
3128	17 
3129	13 
3130	146 
3131	101 
3132	131 
3133	217 
3134	217 
3135	103 
3136	121 
3137	90 
3138	37 
3139	258 
3140	224 
3141	244 
3142	250 
3143	106 
3144	53 
3145	49 
3146	248 
3147	122 
3148	58 
3149	167 
3150	196 
3151	194 
3152	147 
3153	13 
3154	250 
3155	162 
3156	272 
3157	274 
3158	114 
3159	258 
3160	161 
3161	176 
3162	177 
3163	120 
3164	226 
3165	253 
3166	45 
3167	168 
3168	159 
3169	134 
3170	174 
3171	181 
3172	83 
3173	127 
3174	109 
3175	280 
3176	15 
3177	279 
3178	190 
3179	66 
3180	43 
3181	176 
3182	131 
3183	176 
3184	196 
3185	34 
3186	199 
3187	48 
3188	36 
3189	143 
3190	268 
3191	158 
3192	179 
3193	286 
3194	124 
3195	159 
3196	93 
3197	246 
3198	230 
3199	81 
3200	81 
3201	157 
3202	1 
3203	149 
3204	182 
3205	109 
3206	147 
3207	15 
3208	149 
3209	208 
3210	41 
3211	145 
3212	186 
3213	179 
3214	177 
3215	62 
3216	70 
3217	114 
3218	126 
3219	160 
3220	241 
3221	96 
3222	126 
3223	163 
3224	108 
3225	32 
3226	133 
3227	17 
3228	20 
3229	156 
3230	36 
3231	49 
3232	221 
3233	40 
3234	242 
3235	128 
3236	279 
3237	209 
3238	12 
3239	3 
3240	250 
3241	217 
3242	241 
3243	23 
3244	31 
3245	251 
3246	49 
3247	255 
3248	231 
3249	145 
3250	121 
3251	49 
3252	57 
3253	57 
3254	194 
3255	22 
3256	182 
3257	193 
3258	120 
3259	224 
3260	1 
3261	69 
3262	8 
3263	36 
3264	56 
3265	275 
3266	110 
3267	168 
3268	219 
3269	185 
3270	123 
3271	248 
3272	66 
3273	243 
3274	222 
3275	267 
3276	204 
3277	165 
3278	210 
3279	8 
3280	90 
3281	162 
3282	175 
3283	222 
3284	184 
3285	93 
3286	212 
3287	156 
3288	114 
3289	226 
3290	226 
3291	127 
3292	23 
3293	172 
3294	238 
3295	147 
3296	39 
3297	159 
3298	211 
3299	205 
3300	254 
3301	117 
3302	113 
3303	160 
3304	4 
3305	269 
3306	160 
3307	1 
3308	99 
3309	36 
3310	225 
3311	162 
3312	135 
3313	221 
3314	5 
3315	282 
3316	41 
3317	41 
3318	72 
3319	92 
3320	196 
3321	265 
3322	75 
3323	248 
3324	250 
3325	246 
3326	61 
3327	32 
3328	94 
3329	188 
3330	226 
3331	116 
3332	38 
3333	66 
3334	224 
3335	257 
3336	286 
3337	97 
3338	91 
3339	238 
3340	272 
3341	103 
3342	19 
3343	249 
3344	177 
3345	183 
3346	157 
3347	181 
3348	170 
3349	254 
3350	39 
3351	120 
3352	227 
3353	157 
3354	189 
3355	285 
3356	4 
3357	257 
3358	53 
3359	181 
3360	188 
3361	178 
3362	235 
3363	260 
3364	163 
3365	196 
3366	143 
3367	188 
3368	142 
3369	206 
3370	142 
3371	91 
3372	99 
3373	92 
3374	203 
3375	5 
3376	121 
3377	231 
3378	266 
3379	143 
3380	179 
3381	146 
3382	233 
3383	159 
3384	124 
3385	187 
3386	61 
3387	37 
3388	98 
3389	198 
3390	203 
3391	127 
3392	224 
3393	101 
3394	108 
3395	242 
3396	278 
3397	114 
3398	100 
3399	191 
3400	170 
3401	262 
3402	221 
3403	105 
3404	7 
3405	156 
3406	108 
3407	9 
3408	211 
3409	206 
3410	106 
3411	192 
3412	242 
3413	13 
3414	123 
3415	56 
3416	40 
3417	271 
3418	142 
3419	167 
3420	151 
3421	74 
3422	193 
3423	15 
3424	235 
3425	6 
3426	79 
3427	231 
3428	98 
3429	172 
3430	108 
3431	270 
3432	96 
3433	141 
3434	108 
3435	140 
3436	172 
3437	5 
3438	172 
3439	106 
3440	70 
3441	204 
3442	95 
3443	229 
3444	254 
3445	178 
3446	134 
3447	146 
3448	266 
3449	106 
3450	261 
3451	232 
3452	52 
3453	49 
3454	280 
3455	172 
3456	35 
3457	74 
3458	171 
3459	147 
3460	15 
3461	161 
3462	82 
3463	269 
3464	147 
3465	206 
3466	33 
3467	140 
3468	158 
3469	285 
3470	240 
3471	152 
3472	95 
3473	154 
3474	275 
3475	130 
3476	74 
3477	160 
3478	118 
3479	34 
3480	41 
3481	104 
3482	156 
3483	249 
3484	283 
3485	165 
3486	143 
3487	215 
3488	12 
3489	279 
3490	99 
3491	55 
3492	253 
3493	191 
3494	147 
3495	21 
3496	217 
3497	228 
3498	13 
3499	257 
3500	209 
3501	14 
3502	282 
3503	49 
3504	134 
3505	43 
3506	28 
3507	37 
3508	173 
3509	2 
3510	265 
3511	9 
3512	116 
3513	5 
3514	186 
3515	221 
3516	19 
3517	10 
3518	206 
3519	85 
3520	15 
3521	236 
3522	141 
3523	228 
3524	95 
3525	142 
3526	82 
3527	253 
3528	20 
3529	241 
3530	136 
3531	33 
3532	208 
3533	45 
3534	123 
3535	173 
3536	13 
3537	197 
3538	37 
3539	223 
3540	83 
3541	179 
3542	169 
3543	43 
3544	50 
3545	284 
3546	281 
3547	273 
3548	73 
3549	217 
3550	184 
3551	38 
3552	219 
3553	20 
3554	49 
3555	231 
3556	34 
3557	41 
3558	234 
3559	42 
3560	255 
3561	239 
3562	76 
3563	10 
3564	123 
3565	58 
3566	266 
3567	32 
3568	99 
3569	216 
3570	148 
3571	230 
3572	226 
3573	90 
3574	219 
3575	108 
3576	216 
3577	83 
3578	55 
3579	279 
3580	35 
3581	49 
3582	103 
3583	266 
3584	159 
3585	100 
3586	143 
3587	145 
3588	226 
3589	187 
3590	89 
3591	159 
3592	48 
3593	8 
3594	247 
3595	135 
3596	36 
3597	159 
3598	268 
3599	23 
3600	178 
3601	130 
3602	11 
3603	7 
3604	240 
3605	283 
3606	274 
3607	12 
3608	264 
3609	200 
3610	58 
3611	171 
3612	274 
3613	263 
3614	163 
3615	234 
3616	285 
3617	188 
3618	193 
3619	206 
3620	80 
3621	20 
3622	269 
3623	154 
3624	268 
3625	136 
3626	119 
3627	3 
3628	25 
3629	15 
3630	24 
3631	55 
3632	164 
3633	12 
3634	138 
3635	267 
3636	285 
3637	142 
3638	37 
3639	219 
3640	40 
3641	169 
3642	43 
3643	195 
3644	245 
3645	200 
3646	235 
3647	190 
3648	282 
3649	59 
3650	268 
3651	79 
3652	80 
3653	152 
3654	63 
3655	3 
3656	209 
3657	207 
3658	175 
3659	229 
3660	68 
3661	110 
3662	218 
3663	200 
3664	33 
3665	99 
3666	30 
3667	273 
3668	4 
3669	194 
3670	156 
3671	181 
3672	135 
3673	266 
3674	3 
3675	159 
3676	254 
3677	223 
3678	170 
3679	39 
3680	241 
3681	95 
3682	264 
3683	46 
3684	34 
3685	69 
3686	222 
3687	73 
3688	142 
3689	29 
3690	223 
3691	189 
3692	203 
3693	160 
3694	35 
3695	217 
3696	233 
3697	207 
3698	96 
3699	141 
3700	218 
3701	67 
3702	270 
3703	166 
3704	22 
3705	268 
3706	286 
3707	81 
3708	217 
3709	51 
3710	224 
3711	242 
3712	222 
3713	268 
3714	49 
3715	123 
3716	97 
3717	198 
3718	224 
3719	274 
3720	190 
3721	154 
3722	70 
3723	89 
3724	94 
3725	124 
3726	50 
3727	216 
3728	197 
3729	268 
3730	170 
3731	44 
3732	130 
3733	241 
3734	232 
3735	211 
3736	27 
3737	93 
3738	190 
3739	23 
3740	28 
3741	255 
3742	250 
3743	176 
3744	274 
3745	195 
3746	282 
3747	56 
3748	48 
3749	178 
3750	252 
3751	284 
3752	195 
3753	261 
3754	146 
3755	138 
3756	76 
3757	29 
3758	182 
3759	223 
3760	228 
3761	76 
3762	188 
3763	156 
3764	255 
3765	60 
3766	102 
3767	145 
3768	2 
3769	62 
3770	176 
3771	240 
3772	279 
3773	17 
3774	122 
3775	245 
3776	148 
3777	272 
3778	178 
3779	3 
3780	97 
3781	262 
3782	165 
3783	135 
3784	183 
3785	132 
3786	187 
3787	3 
3788	55 
3789	9 
3790	152 
3791	59 
3792	66 
3793	147 
3794	182 
3795	183 
3796	207 
3797	53 
3798	13 
3799	197 
3800	165 
3801	254 
3802	162 
3803	167 
3804	111 
3805	116 
3806	281 
3807	232 
3808	28 
3809	141 
3810	173 
3811	39 
3812	44 
3813	36 
3814	143 
3815	134 
3816	253 
3817	97 
3818	275 
3819	21 
3820	223 
3821	250 
3822	81 
3823	274 
3824	81 
3825	171 
3826	279 
3827	76 
3828	40 
3829	248 
3830	105 
3831	275 
3832	53 
3833	66 
3834	101 
3835	144 
3836	158 
3837	6 
3838	74 
3839	171 
3840	66 
3841	278 
3842	68 
3843	202 
3844	185 
3845	187 
3846	265 
3847	181 
3848	115 
3849	64 
3850	212 
3851	226 
3852	175 
3853	261 
3854	60 
3855	162 
3856	185 
3857	219 
3858	40 
3859	11 
3860	83 
3861	252 
3862	245 
3863	12 
3864	41 
3865	258 
3866	111 
3867	217 
3868	156 
3869	117 
3870	11 
3871	66 
3872	1 
3873	182 
3874	102 
3875	172 
3876	273 
3877	36 
3878	258 
3879	108 
3880	203 
3881	196 
3882	234 
3883	265 
3884	190 
3885	233 
3886	283 
3887	258 
3888	168 
3889	231 
3890	10 
3891	247 
3892	251 
3893	167 
3894	201 
3895	8 
3896	128 
3897	195 
3898	22 
3899	25 
3900	261 
3901	277 
3902	4 
3903	265 
3904	149 
3905	126 
3906	88 
3907	82 
3908	85 
3909	42 
3910	96 
3911	58 
3912	89 
3913	173 
3914	160 
3915	117 
3916	187 
3917	266 
3918	24 
3919	264 
3920	225 
3921	74 
3922	15 
3923	98 
3924	71 
3925	62 
3926	89 
3927	138 
3928	73 
3929	223 
3930	11 
3931	282 
3932	197 
3933	29 
3934	186 
3935	35 
3936	264 
3937	211 
3938	37 
3939	111 
3940	94 
3941	207 
3942	256 
3943	147 
3944	123 
3945	223 
3946	114 
3947	267 
3948	239 
3949	156 
3950	65 
3951	185 
3952	140 
3953	20 
3954	8 
3955	11 
3956	15 
3957	117 
3958	187 
3959	206 
3960	16 
3961	208 
3962	171 
3963	285 
3964	267 
3965	218 
3966	63 
3967	52 
3968	115 
3969	94 
3970	261 
3971	271 
3972	94 
3973	236 
3974	31 
3975	43 
3976	103 
3977	141 
3978	156 
3979	11 
3980	250 
3981	81 
3982	66 
3983	19 
3984	132 
3985	100 
3986	73 
3987	78 
3988	17 
3989	222 
3990	117 
3991	163 
3992	15 
3993	283 
3994	138 
3995	167 
3996	270 
3997	285 
3998	192 
3999	103 
4000	217 
4001	149 
4002	117 
4003	80 
4004	57 
4005	142 
4006	248 
4007	134 
4008	271 
4009	252 
4010	5 
4011	96 
4012	9 
4013	274 
4014	70 
4015	53 
4016	230 
4017	44 
4018	21 
4019	205 
4020	162 
4021	14 
4022	59 
4023	216 
4024	23 
4025	8 
4026	248 
4027	202 
4028	122 
4029	241 
4030	270 
4031	37 
4032	207 
4033	151 
4034	197 
4035	200 
4036	103 
4037	44 
4038	258 
4039	29 
4040	93 
4041	217 
4042	8 
4043	38 
4044	268 
4045	70 
4046	102 
4047	190 
4048	270 
4049	212 
4050	245 
4051	169 
4052	84 
4053	234 
4054	100 
4055	73 
4056	159 
4057	271 
4058	251 
4059	175 
4060	230 
4061	59 
4062	35 
4063	229 
4064	255 
4065	61 
4066	136 
4067	95 
4068	276 
4069	141 
4070	277 
4071	56 
4072	95 
4073	222 
4074	224 
4075	30 
4076	134 
4077	270 
4078	152 
4079	55 
4080	11 
4081	248 
4082	16 
4083	23 
4084	196 
4085	6 
4086	37 
4087	200 
4088	9 
4089	281 
4090	46 
4091	243 
4092	120 
4093	222 
4094	193 
4095	93 
4096	286 
4097	42 
4098	78 
4099	55 
4100	246 
4101	39 
4102	165 
4103	60 
4104	92 
4105	61 
4106	207 
4107	255 
4108	273 
4109	115 
4110	234 
4111	11 
4112	81 
4113	33 
4114	19 
4115	90 
4116	39 
4117	39 
4118	105 
4119	235 
4120	188 
4121	124 
4122	239 
4123	278 
4124	3 
4125	144 
4126	156 
4127	9 
4128	236 
4129	67 
4130	28 
4131	260 
4132	270 
4133	41 
4134	74 
4135	241 
4136	36 
4137	261 
4138	212 
4139	57 
4140	129 
4141	256 
4142	80 
4143	24 
4144	128 
4145	12 
4146	70 
4147	219 
4148	173 
4149	100 
4150	76 
4151	202 
4152	189 
4153	274 
4154	243 
4155	269 
4156	269 
4157	188 
4158	129 
4159	116 
4160	260 
4161	270 
4162	230 
4163	281 
4164	68 
4165	266 
4166	52 
4167	108 
4168	100 
4169	145 
4170	250 
4171	121 
4172	187 
4173	230 
4174	38 
4175	12 
4176	69 
4177	233 
4178	197 
4179	17 
4180	57 
4181	11 
4182	230 
4183	66 
4184	206 
4185	224 
4186	168 
4187	112 
4188	6 
4189	229 
4190	206 
4191	238 
4192	260 
4193	152 
4194	38 
4195	223 
4196	157 
4197	278 
4198	206 
4199	71 
4200	256 
4201	186 
4202	205 
4203	118 
4204	194 
4205	53 
4206	151 
4207	115 
4208	121 
4209	228 
4210	284 
4211	84 
4212	197 
4213	256 
4214	146 
4215	27 
4216	276 
4217	136 
4218	256 
4219	22 
4220	239 
4221	261 
4222	69 
4223	264 
4224	241 
4225	215 
4226	196 
4227	106 
4228	80 
4229	109 
4230	256 
4231	279 
4232	168 
4233	268 
4234	162 
4235	75 
4236	154 
4237	119 
4238	122 
4239	199 
4240	117 
4241	172 
4242	95 
4243	179 
4244	221 
4245	286 
4246	20 
4247	53 
4248	186 
4249	270 
4250	69 
4251	39 
4252	138 
4253	65 
4254	130 
4255	151 
4256	145 
4257	52 
4258	282 
4259	143 
4260	50 
4261	117 
4262	81 
4263	270 
4264	8 
4265	147 
4266	135 
4267	216 
4268	258 
4269	229 
4270	17 
4271	133 
4272	219 
4273	230 
4274	205 
4275	198 
4276	97 
4277	68 
4278	198 
4279	99 
4280	247 
4281	116 
4282	91 
4283	34 
4284	276 
4285	58 
4286	231 
4287	245 
4288	272 
4289	242 
4290	157 
4291	80 
4292	130 
4293	257 
4294	84 
4295	142 
4296	8 
4297	108 
4298	167 
4299	238 
4300	238 
4301	192 
4302	273 
4303	283 
4304	253 
4305	68 
4306	133 
4307	105 
4308	53 
4309	19 
4310	128 
4311	9 
4312	121 
4313	161 
4314	12 
4315	69 
4316	202 
4317	178 
4318	165 
4319	19 
4320	223 
4321	218 
4322	70 
4323	275 
4324	59 
4325	260 
4326	64 
4327	117 
4328	97 
4329	27 
4330	159 
4331	22 
4332	257 
4333	145 
4334	74 
4335	242 
4336	133 
4337	216 
4338	96 
4339	199 
4340	198 
4341	51 
4342	161 
4343	107 
4344	203 
4345	164 
4346	140 
4347	272 
4348	185 
4349	270 
4350	233 
4351	156 
4352	240 
4353	168 
4354	122 
4355	12 
4356	273 
4357	231 
4358	119 
4359	50 
4360	126 
4361	278 
4362	30 
4363	23 
4364	73 
4365	45 
4366	188 
4367	226 
4368	104 
4369	229 
4370	133 
4371	193 
4372	148 
4373	257 
4374	136 
4375	186 
4376	221 
4377	30 
4378	264 
4379	127 
4380	183 
4381	30 
4382	123 
4383	88 
4384	151 
4385	186 
4386	148 
4387	20 
4388	36 
4389	280 
4390	242 
4391	130 
4392	61 
4393	69 
4394	211 
4395	243 
4396	265 
4397	35 
4398	276 
4399	216 
4400	91 
4401	176 
4402	121 
4403	258 
4404	145 
4405	260 
4406	271 
4407	206 
4408	192 
4409	130 
4410	138 
4411	278 
4412	216 
4413	215 
4414	195 
4415	38 
4416	270 
4417	13 
4418	191 
4419	34 
4420	108 
4421	269 
4422	74 
4423	96 
4424	241 
4425	60 
4426	51 
4427	270 
4428	71 
4429	96 
4430	76 
4431	151 
4432	134 
4433	254 
4434	82 
4435	122 
4436	271 
4437	35 
4438	217 
4439	48 
4440	188 
4441	115 
4442	39 
4443	49 
4444	27 
4445	255 
4446	241 
4447	75 
4448	57 
4449	167 
4450	269 
4451	230 
4452	224 
4453	16 
4454	194 
4455	103 
4456	9 
4457	94 
4458	187 
4459	239 
4460	16 
4461	128 
4462	104 
4463	257 
4464	34 
4465	60 
4466	22 
4467	286 
4468	12 
4469	253 
4470	160 
4471	206 
4472	42 
4473	172 
4474	186 
4475	93 
4476	48 
4477	266 
4478	170 
4479	177 
4480	248 
4481	22 
4482	154 
4483	36 
4484	75 
4485	13 
4486	81 
4487	1 
4488	145 
4489	2 
4490	104 
4491	22 
4492	252 
4493	128 
4494	246 
4495	192 
4496	28 
4497	124 
4498	111 
4499	242 
4500	94 
4501	255 
4502	74 
4503	104 
4504	232 
4505	15 
4506	124 
4507	57 
4508	71 
4509	144 
4510	59 
4511	164 
4512	73 
4513	253 
4514	84 
4515	65 
4516	275 
4517	232 
4518	148 
4519	29 
4520	99 
4521	29 
4522	166 
4523	145 
4524	108 
4525	286 
4526	81 
4527	271 
4528	122 
4529	56 
4530	39 
4531	78 
4532	88 
4533	146 
4534	209 
4535	41 
4536	144 
4537	247 
4538	123 
4539	148 
4540	181 
4541	147 
4542	177 
4543	63 
4544	70 
4545	188 
4546	266 
4547	274 
4548	8 
4549	218 
4550	91 
4551	60 
4552	264 
4553	11 
4554	49 
4555	197 
4556	34 
4557	172 
4558	147 
4559	165 
4560	215 
4561	8 
4562	24 
4563	147 
4564	236 
4565	264 
4566	169 
4567	197 
4568	177 
4569	3 
4570	263 
4571	40 
4572	147 
4573	247 
4574	272 
4575	284 
4576	182 
4577	241 
4578	114 
4579	36 
4580	97 
4581	39 
4582	55 
4583	132 
4584	183 
4585	42 
4586	274 
4587	198 
4588	230 
4589	216 
4590	58 
4591	267 
4592	186 
4593	74 
4594	284 
4595	173 
4596	118 
4597	73 
4598	166 
4599	265 
4600	67 
4601	222 
4602	7 
4603	207 
4604	16 
4605	106 
4606	226 
4607	16 
4608	40 
4609	185 
4610	110 
4611	60 
4612	146 
4613	117 
4614	8 
4615	134 
4616	7 
4617	267 
4618	227 
4619	49 
4620	110 
4621	73 
4622	33 
4623	251 
4624	93 
4625	209 
4626	50 
4627	219 
4628	235 
4629	171 
4630	106 
4631	116 
4632	148 
4633	245 
4634	208 
4635	281 
4636	271 
4637	3 
4638	39 
4639	260 
4640	34 
4641	144 
4642	202 
4643	44 
4644	197 
4645	200 
4646	228 
4647	146 
4648	181 
4649	239 
4650	73 
4651	88 
4652	104 
4653	91 
4654	64 
4655	7 
4656	147 
4657	217 
4658	219 
4659	79 
4660	143 
4661	7 
4662	272 
4663	217 
4664	219 
4665	286 
4666	151 
4667	271 
4668	111 
4669	107 
4670	216 
4671	13 
4672	230 
4673	81 
4674	127 
4675	107 
4676	199 
4677	109 
4678	276 
4679	270 
4680	109 
4681	108 
4682	188 
4683	264 
4684	282 
4685	181 
4686	25 
4687	219 
4688	100 
4689	51 
4690	27 
4691	161 
4692	109 
4693	228 
4694	8 
4695	21 
4696	79 
4697	144 
4698	245 
4699	195 
4700	91 
4701	239 
4702	218 
4703	110 
4704	202 
4705	68 
4706	161 
4707	60 
4708	165 
4709	273 
4710	226 
4711	256 
4712	110 
4713	278 
4714	191 
4715	24 
4716	132 
4717	95 
4718	244 
4719	15 
4720	181 
4721	170 
4722	164 
4723	68 
4724	123 
4725	127 
4726	154 
4727	226 
4728	273 
4729	112 
4730	198 
4731	258 
4732	60 
4733	66 
4734	172 
4735	124 
4736	106 
4737	44 
4738	278 
4739	186 
4740	44 
4741	162 
4742	148 
4743	198 
4744	272 
4745	282 
4746	132 
4747	142 
4748	62 
4749	58 
4750	138 
4751	159 
4752	13 
4753	217 
4754	75 
4755	103 
4756	178 
4757	67 
4758	236 
4759	166 
4760	51 
4761	96 
4762	27 
4763	55 
4764	61 
4765	169 
4766	282 
4767	230 
4768	140 
4769	15 
4770	142 
4771	156 
4772	236 
4773	141 
4774	12 
4775	188 
4776	276 
4777	176 
4778	241 
4779	164 
4780	39 
4781	154 
4782	104 
4783	162 
4784	91 
4785	20 
4786	66 
4787	74 
4788	276 
4789	169 
4790	286 
4791	270 
4792	117 
4793	144 
4794	231 
4795	103 
4796	23 
4797	100 
4798	281 
4799	192 
4800	166 
4801	231 
4802	233 
4803	70 
4804	73 
4805	106 
4806	45 
4807	1 
4808	9 
4809	94 
4810	138 
4811	264 
4812	179 
4813	107 
4814	112 
4815	165 
4816	276 
4817	149 
4818	159 
4819	260 
4820	128 
4821	57 
4822	99 
4823	146 
4824	265 
4825	69 
4826	123 
4827	140 
4828	100 
4829	147 
4830	58 
4831	53 
4832	65 
4833	178 
4834	269 
4835	260 
4836	96 
4837	29 
4838	264 
4839	73 
4840	191 
4841	1 
4842	142 
4843	89 
4844	69 
4845	114 
4846	37 
4847	267 
4848	24 
4849	42 
4850	35 
4851	89 
4852	195 
4853	272 
4854	173 
4855	119 
4856	269 
4857	206 
4858	253 
4859	140 
4860	283 
4861	103 
4862	284 
4863	29 
4864	199 
4865	215 
4866	111 
4867	142 
4868	106 
4869	94 
4870	231 
4871	40 
4872	24 
4873	94 
4874	63 
4875	16 
4876	187 
4877	71 
4878	93 
4879	253 
4880	3 
4881	266 
4882	55 
4883	286 
4884	48 
4885	286 
4886	217 
4887	250 
4888	217 
4889	104 
4890	73 
4891	276 
4892	255 
4893	60 
4894	171 
4895	272 
4896	49 
4897	104 
4898	2 
4899	26 
4900	269 
4901	215 
4902	166 
4903	261 
4904	23 
4905	157 
4906	1 
4907	184 
4908	186 
4909	256 
4910	130 
4911	228 
4912	194 
4913	162 
4914	224 
4915	56 
4916	98 
4917	183 
4918	60 
4919	233 
4920	227 
4921	71 
4922	127 
4923	107 
4924	191 
4925	281 
4926	74 
4927	15 
4928	145 
4929	149 
4930	134 
4931	161 
4932	11 
4933	20 
4934	202 
4935	7 
4936	171 
4937	218 
4938	9 
4939	211 
4940	19 
4941	68 
4942	3 
4943	110 
4944	119 
4945	244 
4946	194 
4947	148 
4948	206 
4949	157 
4950	197 
4951	244 
4952	70 
4953	116 
4954	15 
4955	2 
4956	275 
4957	2 
4958	169 
4959	148 
4960	28 
4961	100 
4962	245 
4963	99 
4964	28 
4965	1 
4966	50 
4967	241 
4968	156 
4969	175 
4970	254 
4971	108 
4972	261 
4973	132 
4974	286 
4975	111 
4976	203 
4977	200 
4978	278 
4979	10 
4980	80 
4981	175 
4982	64 
4983	229 
4984	50 
4985	170 
4986	73 
4987	179 
4988	106 
4989	249 
4990	101 
4991	61 
4992	122 
4993	65 
4994	111 
4995	17 
4996	36 
4997	103 
4998	176 
4999	270 
5000	119 
5001	117 
5002	197 
5003	136 
5004	64 
5005	195 
5006	37 
5007	141 
5008	134 
5009	234 
5010	189 
5011	170 
5012	187 
5013	217 
5014	102 
5015	19 
5016	126 
5017	114 
5018	241 
5019	251 
5020	181 
5021	41 
5022	185 
5023	230 
5024	123 
5025	276 
5026	16 
5027	98 
5028	93 
5029	251 
5030	66 
5031	203 
5032	38 
5033	275 
5034	260 
5035	31 
5036	222 
5037	217 
5038	191 
5039	227 
5040	169 
5041	238 
5042	20 
5043	200 
5044	234 
5045	251 
5046	75 
5047	179 
5048	51 
5049	8 
5050	123 
5051	244 
5052	129 
5053	246 
5054	211 
5055	61 
5056	216 
5057	74 
5058	104 
5059	126 
5060	1 
5061	9 
5062	194 
5063	147 
5064	159 
5065	146 
5066	217 
5067	218 
5068	114 
5069	272 
5070	193 
5071	160 
5072	247 
5073	276 
5074	2 
5075	256 
5076	216 
5077	226 
5078	234 
5079	60 
5080	6 
5081	13 
5082	223 
5083	144 
5084	17 
5085	88 
5086	283 
5087	222 
5088	162 
5089	93 
5090	127 
5091	70 
5092	112 
5093	263 
5094	25 
5095	6 
5096	272 
5097	278 
5098	152 
5099	270 
5100	263 
5101	165 
5102	11 
5103	70 
5104	241 
5105	15 
5106	30 
5107	270 
5108	270 
5109	212 
5110	205 
5111	190 
5112	186 
5113	181 
5114	251 
5115	283 
5116	218 
5117	260 
5118	71 
5119	275 
5120	245 
5121	37 
5122	80 
5123	168 
5124	94 
5125	129 
5126	61 
5127	168 
5128	243 
5129	140 
5130	251 
5131	35 
5132	3 
5133	60 
5134	111 
5135	104 
5136	149 
5137	159 
5138	51 
5139	272 
5140	249 
5141	1 
5142	232 
5143	254 
5144	270 
5145	35 
5146	190 
5147	117 
5148	94 
5149	198 
5150	261 
5151	9 
5152	41 
5153	145 
5154	129 
5155	236 
5156	273 
5157	28 
5158	89 
5159	243 
5160	79 
5161	147 
5162	60 
5163	170 
5164	232 
5165	164 
5166	35 
5167	23 
5168	102 
5169	212 
5170	177 
5171	191 
5172	221 
5173	216 
5174	96 
5175	284 
5176	32 
5177	223 
5178	222 
5179	222 
5180	62 
5181	98 
5182	22 
5183	251 
5184	221 
5185	129 
5186	65 
5187	156 
5188	115 
5189	147 
5190	138 
5191	42 
5192	247 
5193	243 
5194	256 
5195	219 
5196	1 
5197	102 
5198	2 
5199	73 
5200	229 
5201	246 
5202	261 
5203	151 
5204	31 
5205	219 
5206	211 
5207	89 
5208	253 
5209	53 
5210	271 
5211	189 
5212	66 
5213	151 
5214	51 
5215	260 
5216	63 
5217	17 
5218	269 
5219	204 
5220	129 
5221	88 
5222	157 
5223	6 
5224	2 
5225	107 
5226	244 
5227	275 
5228	15 
5229	192 
5230	144 
5231	170 
5232	234 
5233	224 
5234	169 
5235	265 
5236	250 
5237	140 
5238	88 
5239	159 
5240	59 
5241	69 
5242	212 
5243	246 
5244	52 
5245	108 
5246	200 
5247	6 
5248	251 
5249	19 
5250	16 
5251	175 
5252	67 
5253	21 
5254	194 
5255	35 
5256	211 
5257	188 
5258	88 
5259	212 
5260	177 
5261	98 
5262	250 
5263	176 
5264	78 
5265	227 
5266	103 
5267	1 
5268	64 
5269	116 
5270	147 
5271	106 
5272	184 
5273	116 
5274	178 
5275	222 
5276	240 
5277	253 
5278	244 
5279	142 
5280	164 
5281	284 
5282	42 
5283	73 
5284	101 
5285	181 
5286	186 
5287	100 
5288	140 
5289	76 
5290	251 
5291	134 
5292	149 
5293	249 
5294	126 
5295	136 
5296	242 
5297	272 
5298	148 
5299	223 
5300	100 
5301	255 
5302	257 
5303	224 
5304	192 
5305	224 
5306	233 
5307	249 
5308	15 
5309	16 
5310	36 
5311	130 
5312	146 
5313	171 
5314	226 
5315	163 
5316	154 
5317	84 
5318	61 
5319	194 
5320	28 
5321	99 
5322	203 
5323	81 
5324	9 
5325	49 
5326	179 
5327	248 
5328	123 
5329	68 
5330	44 
5331	48 
5332	251 
5333	239 
5334	199 
5335	79 
5336	207 
5337	106 
5338	63 
5339	248 
5340	39 
5341	185 
5342	163 
5343	251 
5344	177 
5345	185 
5346	34 
5347	94 
5348	224 
5349	28 
5350	39 
5351	116 
5352	256 
5353	216 
5354	58 
5355	58 
5356	228 
5357	241 
5358	140 
5359	76 
5360	74 
5361	254 
5362	82 
5363	106 
5364	100 
5365	123 
5366	50 
5367	161 
5368	147 
5369	110 
5370	136 
5371	169 
5372	165 
5373	251 
5374	136 
5375	146 
5376	32 
5377	225 
5378	253 
5379	106 
5380	78 
5381	186 
5382	138 
5383	193 
5384	33 
5385	17 
5386	78 
5387	118 
5388	226 
5389	108 
5390	73 
5391	65 
5392	101 
5393	171 
5394	58 
5395	195 
5396	178 
5397	145 
5398	24 
5399	117 
5400	20 
5401	254 
5402	140 
5403	212 
5404	175 
5405	132 
5406	280 
5407	280 
5408	15 
5409	114 
5410	254 
5411	271 
5412	114 
5413	226 
5414	223 
5415	248 
5416	141 
5417	212 
5418	164 
5419	140 
5420	189 
5421	126 
5422	177 
5423	91 
5424	195 
5425	200 
5426	167 
5427	186 
5428	148 
5429	28 
5430	156 
5431	38 
5432	264 
5433	71 
5434	211 
5435	175 
5436	172 
5437	105 
5438	211 
5439	221 
5440	204 
5441	126 
5442	33 
5443	161 
5444	10 
5445	218 
5446	161 
5447	63 
5448	221 
5449	2 
5450	230 
5451	147 
5452	52 
5453	257 
5454	151 
5455	165 
5456	39 
5457	73 
5458	198 
5459	274 
5460	185 
5461	284 
5462	282 
5463	255 
5464	75 
5465	232 
5466	256 
5467	50 
5468	66 
5469	8 
5470	132 
5471	66 
5472	41 
5473	167 
5474	226 
5475	20 
5476	184 
5477	68 
5478	243 
5479	30 
5480	134 
5481	65 
5482	246 
5483	102 
5484	62 
5485	22 
5486	235 
5487	221 
5488	171 
5489	61 
5490	208 
5491	231 
5492	251 
5493	192 
5494	195 
5495	159 
5496	89 
5497	178 
5498	60 
5499	122 
5500	205 
5501	130 
5502	239 
5503	25 
5504	74 
5505	71 
5506	189 
5507	66 
5508	67 
5509	28 
5510	242 
5511	224 
5512	201 
5513	12 
5514	96 
5515	186 
5516	184 
5517	147 
5518	156 
5519	49 
5520	126 
5521	126 
5522	286 
5523	265 
5524	28 
5525	189 
5526	27 
5527	219 
5528	1 
5529	228 
5530	169 
5531	66 
5532	271 
5533	61 
5534	17 
5535	191 
5536	169 
5537	15 
5538	264 
5539	145 
5540	82 
5541	49 
5542	228 
5543	280 
5544	34 
5545	274 
5546	80 
5547	84 
5548	164 
5549	60 
5550	68 
5551	286 
5552	75 
5553	250 
5554	123 
5555	107 
5556	163 
5557	31 
5558	33 
5559	104 
5560	168 
5561	202 
5562	267 
5563	49 
5564	74 
5565	24 
5566	146 
5567	107 
5568	211 
5569	219 
5570	275 
5571	188 
5572	145 
5573	145 
5574	209 
5575	106 
5576	20 
5577	266 
5578	55 
5579	209 
5580	179 
5581	271 
5582	250 
5583	48 
5584	84 
5585	171 
5586	30 
5587	151 
5588	2 
5589	67 
5590	273 
5591	61 
5592	38 
5593	140 
5594	229 
5595	203 
5596	229 
5597	235 
5598	240 
5599	22 
5600	201 
5601	227 
5602	73 
5603	244 
5604	256 
5605	21 
5606	3 
5607	8 
5608	149 
5609	205 
5610	197 
5611	39 
5612	64 
5613	147 
5614	190 
5615	33 
5616	119 
5617	171 
5618	238 
5619	9 
5620	73 
5621	12 
5622	170 
5623	130 
5624	279 
5625	149 
5626	188 
5627	63 
5628	166 
5629	16 
5630	159 
5631	271 
5632	159 
5633	161 
5634	257 
5635	253 
5636	84 
5637	176 
5638	78 
5639	253 
5640	223 
5641	25 
5642	8 
5643	101 
5644	21 
5645	267 
5646	188 
5647	245 
5648	241 
5649	98 
5650	140 
5651	212 
5652	160 
5653	256 
5654	156 
5655	33 
5656	239 
5657	199 
5658	111 
5659	286 
5660	74 
5661	244 
5662	209 
5663	215 
5664	3 
5665	140 
5666	48 
5667	76 
5668	114 
5669	100 
5670	136 
5671	178 
5672	245 
5673	6 
5674	68 
5675	9 
5676	60 
5677	229 
5678	12 
5679	233 
5680	280 
5681	53 
5682	272 
5683	267 
5684	219 
5685	278 
5686	51 
5687	115 
5688	239 
5689	96 
5690	98 
5691	204 
5692	154 
5693	241 
5694	263 
5695	179 
5696	265 
5697	98 
5698	226 
5699	81 
5700	102 
5701	96 
5702	169 
5703	12 
5704	145 
5705	165 
5706	185 
5707	62 
5708	123 
5709	225 
5710	162 
5711	115 
5712	164 
5713	200 
5714	8 
5715	209 
5716	265 
5717	40 
5718	78 
5719	8 
5720	142 
5721	39 
5722	178 
5723	235 
5724	265 
5725	225 
5726	73 
5727	75 
5728	228 
5729	106 
5730	211 
5731	97 
5732	21 
5733	117 
5734	45 
5735	28 
5736	22 
5737	7 
5738	235 
5739	31 
5740	40 
5741	122 
5742	240 
5743	99 
5744	149 
5745	107 
5746	178 
5747	116 
5748	41 
5749	199 
5750	58 
5751	88 
5752	9 
5753	15 
5754	63 
5755	129 
5756	231 
5757	17 
5758	202 
5759	183 
5760	30 
5761	264 
5762	278 
5763	12 
5764	177 
5765	130 
5766	263 
5767	57 
5768	51 
5769	250 
5770	157 
5771	154 
5772	261 
5773	282 
5774	140 
5775	151 
5776	227 
5777	218 
5778	222 
5779	31 
5780	75 
5781	206 
5782	230 
5783	195 
5784	197 
5785	219 
5786	62 
5787	238 
5788	96 
5789	41 
5790	223 
5791	159 
5792	281 
5793	93 
5794	231 
5795	207 
5796	168 
5797	234 
5798	196 
5799	166 
5800	225 
5801	191 
5802	15 
5803	30 
5804	29 
5805	222 
5806	264 
5807	154 
5808	130 
5809	206 
5810	25 
5811	21 
5812	219 
5813	201 
5814	271 
5815	219 
5816	98 
5817	149 
5818	207 
5819	258 
5820	89 
5821	22 
5822	31 
5823	196 
5824	61 
5825	64 
5826	168 
5827	207 
5828	123 
5829	246 
5830	202 
5831	258 
5832	133 
5833	21 
5834	75 
5835	284 
5836	40 
5837	73 
5838	242 
5839	71 
5840	111 
5841	8 
5842	70 
5843	61 
5844	225 
5845	12 
5846	42 
5847	207 
5848	225 
5849	168 
5850	156 
5851	51 
5852	245 
5853	217 
5854	196 
5855	110 
5856	16 
5857	283 
5858	207 
5859	273 
5860	249 
5861	233 
5862	117 
5863	235 
5864	266 
5865	257 
5866	111 
5867	44 
5868	142 
5869	166 
5870	271 
5871	184 
5872	1 
5873	219 
5874	154 
5875	9 
5876	62 
5877	228 
5878	36 
5879	67 
5880	166 
5881	270 
5882	117 
5883	205 
5884	205 
5885	3 
5886	117 
5887	10 
5888	248 
5889	24 
5890	233 
5891	71 
5892	235 
5893	101 
5894	184 
5895	55 
5896	226 
5897	97 
5898	97 
5899	148 
5900	16 
5901	122 
5902	203 
5903	185 
5904	264 
5905	284 
5906	134 
5907	149 
5908	41 
5909	265 
5910	169 
5911	232 
5912	8 
5913	280 
5914	84 
5915	200 
5916	57 
5917	35 
5918	119 
5919	196 
5920	239 
5921	199 
5922	264 
5923	286 
5924	51 
5925	146 
5926	33 
5927	28 
5928	272 
5929	270 
5930	193 
5931	208 
5932	223 
5933	246 
5934	218 
5935	267 
5936	275 
5937	44 
5938	201 
5939	286 
5940	116 
5941	175 
5942	245 
5943	249 
5944	234 
5945	226 
5946	70 
5947	62 
5948	159 
5949	199 
5950	39 
5951	82 
5952	8 
5953	154 
5954	15 
5955	81 
5956	203 
5957	218 
5958	201 
5959	234 
5960	122 
5961	89 
5962	39 
5963	258 
5964	44 
5965	68 
5966	243 
5967	279 
5968	209 
5969	13 
5970	159 
5971	200 
5972	234 
5973	6 
5974	283 
5975	34 
5976	28 
5977	260 
5978	203 
5979	84 
5980	101 
5981	133 
5982	122 
5983	126 
5984	141 
5985	170 
5986	278 
5987	205 
5988	31 
5989	256 
5990	59 
5991	141 
5992	176 
5993	99 
5994	185 
5995	126 
5996	104 
5997	281 
5998	107 
5999	236 
6000	53 
6001	12 
6002	206 
6003	34 
6004	235 
6005	27 
6006	169 
6007	275 
6008	246 
6009	266 
6010	256 
6011	260 
6012	11 
6013	107 
6014	243 
6015	236 
6016	243 
6017	162 
6018	271 
6019	261 
6020	243 
6021	109 
6022	115 
6023	240 
6024	260 
6025	280 
6026	232 
6027	164 
6028	66 
6029	119 
6030	88 
6031	239 
6032	245 
6033	16 
6034	224 
6035	235 
6036	184 
6037	134 
6038	52 
6039	245 
6040	157 
6041	39 
6042	283 
6043	172 
6044	219 
6045	163 
6046	107 
6047	2 
6048	147 
6049	25 
6050	218 
6051	71 
6052	145 
6053	58 
6054	250 
6055	109 
6056	190 
6057	182 
6058	161 
6059	263 
6060	189 
6061	280 
6062	274 
6063	51 
6064	106 
6065	133 
6066	224 
6067	75 
6068	48 
6069	129 
6070	172 
6071	81 
6072	31 
6073	25 
6074	189 
6075	28 
6076	184 
6077	256 
6078	190 
6079	235 
6080	193 
6081	32 
6082	204 
6083	30 
6084	266 
6085	195 
6086	109 
6087	148 
6088	239 
6089	218 
6090	229 
6091	101 
6092	236 
6093	61 
6094	190 
6095	142 
6096	49 
6097	224 
6098	230 
6099	104 
6100	250 
6101	273 
6102	37 
6103	219 
6104	177 
6105	149 
6106	41 
6107	211 
6108	273 
6109	221 
6110	13 
6111	109 
6112	257 
6113	94 
6114	248 
6115	118 
6116	109 
6117	104 
6118	193 
6119	93 
6120	182 
6121	73 
6122	136 
6123	264 
6124	40 
6125	216 
6126	2 
6127	168 
6128	250 
6129	202 
6130	60 
6131	271 
6132	119 
6133	177 
6134	243 
6135	172 
6136	32 
6137	147 
6138	168 
6139	71 
6140	8 
6141	96 
6142	266 
6143	25 
6144	9 
6145	78 
6146	129 
6147	66 
6148	138 
6149	200 
6150	105 
6151	48 
6152	28 
6153	117 
6154	198 
6155	202 
6156	264 
6157	57 
6158	84 
6159	195 
6160	266 
6161	37 
6162	195 
6163	107 
6164	37 
6165	133 
6166	138 
6167	39 
6168	55 
6169	275 
6170	52 
6171	109 
6172	248 
6173	39 
6174	70 
6175	99 
6176	226 
6177	31 
6178	245 
6179	284 
6180	176 
6181	227 
6182	199 
6183	41 
6184	119 
6185	190 
6186	190 
6187	232 
6188	175 
6189	68 
6190	191 
6191	172 
6192	169 
6193	129 
6194	190 
6195	151 
6196	66 
6197	89 
6198	148 
6199	157 
6200	28 
6201	123 
6202	195 
6203	186 
6204	2 
6205	70 
6206	122 
6207	96 
6208	179 
6209	16 
6210	141 
6211	13 
6212	162 
6213	140 
6214	147 
6215	255 
6216	282 
6217	163 
6218	132 
6219	208 
6220	33 
6221	256 
6222	216 
6223	186 
6224	248 
6225	23 
6226	147 
6227	130 
6228	162 
6229	171 
6230	248 
6231	251 
6232	169 
6233	217 
6234	38 
6235	56 
6236	281 
6237	145 
6238	52 
6239	30 
6240	3 
6241	22 
6242	282 
6243	42 
6244	19 
6245	197 
6246	122 
6247	126 
6248	48 
6249	266 
6250	235 
6251	71 
6252	41 
6253	66 
6254	49 
6255	38 
6256	250 
6257	41 
6258	204 
6259	226 
6260	179 
6261	256 
6262	216 
6263	281 
6264	223 
6265	233 
6266	88 
6267	181 
6268	157 
6269	250 
6270	134 
6271	198 
6272	103 
6273	235 
6274	96 
6275	99 
6276	81 
6277	124 
6278	159 
6279	222 
6280	25 
6281	191 
6282	242 
6283	88 
6284	21 
6285	185 
6286	154 
6287	142 
6288	182 
6289	36 
6290	278 
6291	232 
6292	36 
6293	56 
6294	70 
6295	48 
6296	63 
6297	93 
6298	59 
6299	93 
6300	204 
6301	117 
6302	243 
6303	51 
6304	109 
6305	42 
6306	28 
6307	224 
6308	205 
6309	141 
6310	156 
6311	141 
6312	201 
6313	159 
6314	27 
6315	130 
6316	176 
6317	108 
6318	2 
6319	6 
6320	147 
6321	217 
6322	103 
6323	51 
6324	266 
6325	235 
6326	176 
6327	242 
6328	185 
6329	233 
6330	231 
6331	94 
6332	48 
6333	226 
6334	117 
6335	61 
6336	229 
6337	222 
6338	228 
6339	28 
6340	178 
6341	270 
6342	156 
6343	243 
6344	251 
6345	57 
6346	264 
6347	253 
6348	58 
6349	157 
6350	159 
6351	15 
6352	209 
6353	188 
6354	264 
6355	123 
6356	15 
6357	248 
6358	183 
6359	3 
6360	255 
6361	60 
6362	265 
6363	171 
6364	229 
6365	111 
6366	166 
6367	74 
6368	195 
6369	53 
6370	115 
6371	198 
6372	12 
6373	16 
6374	186 
6375	261 
6376	163 
6377	107 
6378	142 
6379	168 
6380	222 
6381	55 
6382	256 
6383	8 
6384	75 
6385	183 
6386	49 
6387	248 
6388	161 
6389	140 
6390	172 
6391	211 
6392	280 
6393	10 
6394	52 
6395	59 
6396	160 
6397	182 
6398	1 
6399	284 
6400	201 
6401	59 
6402	80 
6403	233 
6404	68 
6405	233 
6406	250 
6407	41 
6408	168 
6409	281 
6410	211 
6411	168 
6412	175 
6413	272 
6414	62 
6415	159 
6416	6 
6417	32 
6418	188 
6419	67 
6420	73 
6421	181 
6422	33 
6423	248 
6424	52 
6425	45 
6426	133 
6427	118 
6428	134 
6429	175 
6430	123 
6431	122 
6432	100 
6433	248 
6434	21 
6435	182 
6436	157 
6437	235 
6438	242 
6439	16 
6440	205 
6441	149 
6442	249 
6443	39 
6444	29 
6445	67 
6446	89 
6447	58 
6448	89 
6449	258 
6450	197 
6451	42 
6452	74 
6453	75 
6454	142 
6455	126 
6456	280 
6457	140 
6458	196 
6459	240 
6460	2 
6461	151 
6462	266 
6463	110 
6464	274 
6465	28 
6466	234 
6467	154 
6468	239 
6469	66 
6470	248 
6471	175 
6472	156 
6473	107 
6474	141 
6475	196 
6476	63 
6477	10 
6478	61 
6479	195 
6480	179 
6481	224 
6482	267 
6483	260 
6484	140 
6485	249 
6486	118 
6487	63 
6488	132 
6489	219 
6490	186 
6491	62 
6492	98 
6493	8 
6494	161 
6495	108 
6496	62 
6497	109 
6498	42 
6499	240 
6500	242 
6501	260 
6502	132 
6503	179 
6504	6 
6505	42 
6506	154 
6507	36 
6508	88 
6509	27 
6510	132 
6511	74 
6512	119 
6513	242 
6514	206 
6515	170 
6516	88 
6517	265 
6518	60 
6519	241 
6520	99 
6521	126 
6522	88 
6523	179 
6524	249 
6525	32 
6526	67 
6527	134 
6528	258 
6529	119 
6530	229 
6531	253 
6532	278 
6533	169 
6534	148 
6535	114 
6536	49 
6537	48 
6538	58 
6539	34 
6540	38 
6541	156 
6542	109 
6543	60 
6544	200 
6545	34 
6546	8 
6547	184 
6548	82 
6549	73 
6550	271 
6551	103 
6552	8 
6553	41 
6554	114 
6555	88 
6556	146 
6557	40 
6558	49 
6559	160 
6560	117 
6561	58 
6562	211 
6563	12 
6564	17 
6565	233 
6566	232 
6567	60 
6568	183 
6569	175 
6570	93 
6571	206 
6572	208 
6573	34 
6574	272 
6575	256 
6576	44 
6577	169 
6578	50 
6579	242 
6580	159 
6581	38 
6582	60 
6583	75 
6584	17 
6585	61 
6586	88 
6587	67 
6588	48 
6589	1 
6590	196 
6591	171 
6592	24 
6593	217 
6594	88 
6595	114 
6596	2 
6597	168 
6598	273 
6599	226 
6600	28 
6601	168 
6602	243 
6603	39 
6604	258 
6605	159 
6606	226 
6607	261 
6608	279 
6609	192 
6610	171 
6611	96 
6612	88 
6613	118 
6614	160 
6615	183 
6616	55 
6617	162 
6618	176 
6619	110 
6620	192 
6621	132 
6622	270 
6623	242 
6624	284 
6625	49 
6626	35 
6627	80 
6628	67 
6629	224 
6630	275 
6631	226 
6632	53 
6633	243 
6634	3 
6635	265 
6636	57 
6637	123 
6638	204 
6639	232 
6640	93 
6641	192 
6642	106 
6643	29 
6644	279 
6645	17 
6646	100 
6647	168 
6648	255 
6649	222 
6650	111 
6651	286 
6652	21 
6653	240 
6654	31 
6655	223 
6656	106 
6657	30 
6658	149 
6659	39 
6660	286 
6661	205 
6662	147 
6663	118 
6664	256 
6665	212 
6666	250 
6667	132 
6668	182 
6669	201 
6670	100 
6671	20 
6672	244 
6673	208 
6674	218 
6675	227 
6676	60 
6677	16 
6678	227 
6679	265 
6680	123 
6681	172 
6682	35 
6683	48 
6684	71 
6685	15 
6686	142 
6687	257 
6688	142 
6689	190 
6690	23 
6691	48 
6692	282 
6693	62 
6694	202 
6695	244 
6696	270 
6697	248 
6698	16 
6699	117 
6700	136 
6701	235 
6702	2 
6703	190 
6704	234 
6705	279 
6706	84 
6707	27 
6708	148 
6709	235 
6710	258 
6711	181 
6712	136 
6713	197 
6714	248 
6715	13 
6716	193 
6717	39 
6718	56 
6719	15 
6720	62 
6721	11 
6722	15 
6723	119 
6724	140 
6725	186 
6726	189 
6727	39 
6728	197 
6729	244 
6730	253 
6731	178 
6732	208 
6733	145 
6734	251 
6735	244 
6736	229 
6737	145 
6738	228 
6739	66 
6740	124 
6741	250 
6742	218 
6743	13 
6744	257 
6745	23 
6746	273 
6747	48 
6748	206 
6749	103 
6750	161 
6751	249 
6752	82 
6753	204 
6754	281 
6755	88 
6756	142 
6757	279 
6758	114 
6759	241 
6760	6 
6761	15 
6762	55 
6763	23 
6764	275 
6765	202 
6766	157 
6767	229 
6768	159 
6769	176 
6770	170 
6771	275 
6772	222 
6773	231 
6774	88 
6775	17 
6776	75 
6777	15 
6778	216 
6779	8 
6780	13 
6781	32 
6782	235 
6783	242 
6784	203 
6785	171 
6786	88 
6787	172 
6788	226 
6789	117 
6790	62 
6791	172 
6792	34 
6793	19 
6794	104 
6795	284 
6796	32 
6797	243 
6798	168 
6799	36 
6800	84 
6801	50 
6802	74 
6803	132 
6804	103 
6805	162 
6806	115 
6807	207 
6808	241 
6809	75 
6810	118 
6811	248 
6812	110 
6813	218 
6814	169 
6815	271 
6816	162 
6817	177 
6818	123 
6819	116 
6820	229 
6821	193 
6822	42 
6823	145 
6824	45 
6825	241 
6826	244 
6827	117 
6828	260 
6829	75 
6830	94 
6831	223 
6832	176 
6833	148 
6834	3 
6835	266 
6836	242 
6837	160 
6838	190 
6839	138 
6840	208 
6841	67 
6842	132 
6843	221 
6844	160 
6845	132 
6846	142 
6847	191 
6848	50 
6849	232 
6850	243 
6851	207 
6852	178 
6853	272 
6854	63 
6855	181 
6856	1 
6857	202 
6858	164 
6859	115 
6860	278 
6861	28 
6862	9 
6863	261 
6864	249 
6865	270 
6866	17 
6867	178 
6868	123 
6869	267 
6870	12 
6871	154 
6872	30 
6873	231 
6874	20 
6875	67 
6876	100 
6877	221 
6878	280 
6879	196 
6880	1 
6881	104 
6882	115 
6883	192 
6884	22 
6885	162 
6886	182 
6887	34 
6888	279 
6889	208 
6890	202 
6891	67 
6892	178 
6893	240 
6894	19 
6895	84 
6896	98 
6897	172 
6898	162 
6899	197 
6900	133 
6901	258 
6902	181 
6903	111 
6904	82 
6905	160 
6906	115 
6907	266 
6908	270 
6909	250 
6910	280 
6911	168 
6912	66 
6913	186 
6914	136 
6915	196 
6916	126 
6917	275 
6918	41 
6919	195 
6920	50 
6921	250 
6922	103 
6923	60 
6924	234 
6925	124 
6926	192 
6927	44 
6928	49 
6929	242 
6930	68 
6931	192 
6932	159 
6933	13 
6934	142 
6935	164 
6936	81 
6937	11 
6938	44 
6939	21 
6940	260 
6941	168 
6942	39 
6943	81 
6944	271 
6945	221 
6946	200 
6947	280 
6948	178 
6949	49 
6950	56 
6951	176 
6952	115 
6953	104 
6954	117 
6955	266 
6956	81 
6957	195 
6958	281 
6959	9 
6960	49 
6961	100 
6962	253 
6963	217 
6964	55 
6965	231 
6966	3 
6967	195 
6968	204 
6969	168 
6970	28 
6971	255 
6972	231 
6973	11 
6974	270 
6975	196 
6976	84 
6977	53 
6978	132 
6979	205 
6980	11 
6981	81 
6982	9 
6983	49 
6984	103 
6985	123 
6986	203 
6987	96 
6988	224 
6989	177 
6990	243 
6991	132 
6992	203 
6993	200 
6994	243 
6995	80 
6996	202 
6997	6 
6998	138 
6999	184 
7000	184 
7001	142 
7002	164 
7003	156 
7004	28 
7005	70 
7006	197 
7007	6 
7008	42 
7009	61 
7010	279 
7011	156 
7012	232 
7013	84 
7014	278 
7015	19 
7016	116 
7017	257 
7018	191 
7019	138 
7020	24 
7021	264 
7022	256 
7023	63 
7024	234 
7025	242 
7026	157 
7027	176 
7028	38 
7029	111 
7030	197 
7031	221 
7032	227 
7033	61 
7034	110 
7035	176 
7036	19 
7037	200 
7038	147 
7039	12 
7040	227 
7041	20 
7042	6 
7043	110 
7044	179 
7045	256 
7046	53 
7047	96 
7048	12 
7049	68 
7050	249 
7051	273 
7052	9 
7053	42 
7054	53 
7055	200 
7056	275 
7057	216 
7058	198 
7059	223 
7060	44 
7061	66 
7062	251 
7063	109 
7064	89 
7065	221 
7066	146 
7067	257 
7068	251 
7069	51 
7070	61 
7071	266 
7072	216 
7073	176 
7074	60 
7075	23 
7076	110 
7077	163 
7078	146 
7079	80 
7080	151 
7081	282 
7082	204 
7083	202 
7084	41 
7085	6 
7086	272 
7087	222 
7088	122 
7089	15 
7090	197 
7091	66 
7092	232 
7093	177 
7094	212 
7095	162 
7096	185 
7097	245 
7098	25 
7099	148 
7100	103 
7101	57 
7102	221 
7103	126 
7104	241 
7105	193 
7106	207 
7107	44 
7108	266 
7109	123 
7110	202 
7111	42 
7112	244 
7113	172 
7114	228 
7115	217 
7116	227 
7117	209 
7118	205 
7119	71 
7120	75 
7121	219 
7122	142 
7123	234 
7124	206 
7125	109 
7126	157 
7127	57 
7128	232 
7129	280 
7130	60 
7131	286 
7132	132 
7133	53 
7134	273 
7135	260 
7136	57 
7137	62 
7138	184 
7139	168 
7140	89 
7141	138 
7142	151 
7143	266 
7144	226 
7145	66 
7146	212 
7147	38 
7148	175 
7149	138 
7150	182 
7151	286 
7152	60 
7153	32 
7154	29 
7155	45 
7156	253 
7157	211 
7158	278 
7159	257 
7160	260 
7161	106 
7162	232 
7163	133 
7164	17 
7165	188 
7166	282 
7167	163 
7168	275 
7169	278 
7170	97 
7171	48 
7172	63 
7173	17 
7174	177 
7175	272 
7176	257 
7177	163 
7178	207 
7179	20 
7180	48 
7181	41 
7182	251 
7183	80 
7184	124 
7185	39 
7186	184 
7187	275 
7188	89 
7189	149 
7190	243 
7191	228 
7192	122 
7193	209 
7194	146 
7195	205 
7196	11 
7197	226 
7198	104 
7199	182 
7200	56 
7201	222 
7202	21 
7203	209 
7204	280 
7205	282 
7206	103 
7207	67 
7208	219 
7209	164 
7210	106 
7211	44 
7212	257 
7213	271 
7214	97 
7215	138 
7216	227 
7217	31 
7218	108 
7219	149 
7220	151 
7221	239 
7222	190 
7223	266 
7224	177 
7225	109 
7226	256 
7227	204 
7228	159 
7229	36 
7230	145 
7231	45 
7232	204 
7233	55 
7234	34 
7235	189 
7236	62 
7237	50 
7238	197 
7239	94 
7240	264 
7241	250 
7242	123 
7243	63 
7244	217 
7245	12 
7246	242 
7247	251 
7248	8 
7249	206 
7250	122 
7251	53 
7252	66 
7253	251 
7254	257 
7255	172 
7256	197 
7257	280 
7258	17 
7259	170 
7260	154 
7261	11 
7262	66 
7263	191 
7264	115 
7265	49 
7266	19 
7267	224 
7268	123 
7269	133 
7270	41 
7271	67 
7272	233 
7273	145 
7274	111 
7275	55 
7276	88 
7277	117 
7278	242 
7279	84 
7280	159 
7281	149 
7282	177 
7283	82 
7284	68 
7285	75 
7286	228 
7287	151 
7288	104 
7289	188 
7290	280 
7291	279 
7292	32 
7293	115 
7294	24 
7295	29 
7296	172 
7297	82 
7298	16 
7299	223 
7300	209 
7301	88 
7302	104 
7303	168 
7304	115 
7305	197 
7306	267 
7307	226 
7308	159 
7309	206 
7310	74 
7311	273 
7312	15 
7313	100 
7314	116 
7315	178 
7316	21 
7317	104 
7318	30 
7319	32 
7320	186 
7321	82 
7322	122 
7323	267 
7324	164 
7325	204 
7326	107 
7327	48 
7328	227 
7329	192 
7330	222 
7331	181 
7332	114 
7333	251 
7334	188 
7335	53 
7336	62 
7337	94 
7338	278 
7339	88 
7340	240 
7341	61 
7342	195 
7343	16 
7344	146 
7345	16 
7346	3 
7347	195 
7348	88 
7349	202 
7350	115 
7351	70 
7352	3 
7353	147 
7354	89 
7355	3 
7356	250 
7357	192 
7358	89 
7359	108 
7360	181 
7361	24 
7362	164 
7363	51 
7364	84 
7365	24 
7366	168 
7367	28 
7368	270 
7369	271 
7370	272 
7371	219 
7372	195 
7373	249 
7374	13 
7375	16 
7376	97 
7377	178 
7378	96 
7379	32 
7380	157 
7381	164 
7382	71 
7383	138 
7384	20 
7385	141 
7386	58 
7387	116 
7388	61 
7389	197 
7390	219 
7391	156 
7392	223 
7393	245 
7394	151 
7395	189 
7396	171 
7397	202 
7398	193 
7399	134 
7400	61 
7401	25 
7402	75 
7403	81 
7404	140 
7405	271 
7406	184 
7407	148 
7408	195 
7409	1 
7410	1 
7411	235 
7412	205 
7413	271 
7414	31 
7415	104 
7416	234 
7417	273 
7418	248 
7419	124 
7420	138 
7421	196 
7422	179 
7423	256 
7424	226 
7425	188 
7426	28 
7427	253 
7428	124 
7429	223 
7430	25 
7431	219 
7432	107 
7433	267 
7434	81 
7435	70 
7436	177 
7437	241 
7438	1 
7439	208 
7440	249 
7441	111 
7442	265 
7443	279 
7444	23 
7445	205 
7446	234 
7447	89 
7448	89 
7449	196 
7450	232 
7451	28 
7452	164 
7453	233 
7454	251 
7455	162 
7456	229 
7457	267 
7458	9 
7459	45 
7460	60 
7461	32 
7462	15 
7463	272 
7464	168 
7465	256 
7466	261 
7467	45 
7468	266 
7469	223 
7470	260 
7471	53 
7472	266 
7473	84 
7474	89 
7475	271 
7476	241 
7477	272 
7478	117 
7479	253 
7480	196 
7481	282 
7482	132 
7483	94 
7484	134 
7485	48 
7486	11 
7487	39 
7488	34 
7489	138 
7490	245 
7491	122 
7492	286 
7493	103 
7494	107 
7495	256 
7496	60 
7497	164 
7498	217 
7499	124 
7500	15 
7501	116 
7502	161 
7503	111 
7504	97 
7505	147 
7506	141 
7507	67 
7508	73 
7509	122 
7510	282 
7511	196 
7512	204 
7513	235 
7514	142 
7515	251 
7516	21 
7517	253 
7518	184 
7519	265 
7520	253 
7521	265 
7522	28 
7523	15 
7524	164 
7525	267 
7526	89 
7527	179 
7528	186 
7529	231 
7530	44 
7531	232 
7532	75 
7533	149 
7534	264 
7535	67 
7536	161 
7537	6 
7538	261 
7539	31 
7540	17 
7541	195 
7542	189 
7543	232 
7544	197 
7545	249 
7546	48 
7547	122 
7548	106 
7549	8 
7550	3 
7551	286 
7552	159 
7553	100 
7554	103 
7555	57 
7556	211 
7557	251 
7558	197 
7559	61 
7560	159 
7561	20 
7562	248 
7563	68 
7564	123 
7565	148 
7566	89 
7567	242 
7568	258 
7569	122 
7570	227 
7571	147 
7572	175 
7573	253 
7574	207 
7575	179 
7576	73 
7577	132 
7578	104 
7579	189 
7580	97 
7581	159 
7582	11 
7583	25 
7584	115 
7585	68 
7586	1 
7587	270 
7588	193 
7589	109 
7590	74 
7591	94 
7592	260 
7593	71 
7594	6 
7595	12 
7596	157 
7597	88 
7598	163 
7599	248 
7600	256 
7601	222 
7602	193 
7603	6 
7604	129 
7605	219 
7606	212 
7607	104 
7608	190 
7609	44 
7610	32 
7611	88 
7612	182 
7613	176 
7614	211 
7615	197 
7616	211 
7617	177 
7618	270 
7619	109 
7620	88 
7621	142 
7622	265 
7623	62 
7624	129 
7625	182 
7626	23 
7627	168 
7628	53 
7629	71 
7630	111 
7631	239 
7632	38 
7633	70 
7634	189 
7635	251 
7636	67 
7637	232 
7638	124 
7639	249 
7640	182 
7641	218 
7642	231 
7643	193 
7644	231 
7645	50 
7646	258 
7647	161 
7648	200 
7649	231 
7650	181 
7651	253 
7652	74 
7653	204 
7654	29 
7655	232 
7656	200 
7657	80 
7658	44 
7659	195 
7660	159 
7661	241 
7662	191 
7663	205 
7664	61 
7665	15 
7666	241 
7667	39 
7668	21 
7669	286 
7670	229 
7671	175 
7672	169 
7673	185 
7674	49 
7675	226 
7676	134 
7677	15 
7678	81 
7679	218 
7680	193 
7681	11 
7682	53 
7683	28 
7684	1 
7685	229 
7686	197 
7687	251 
7688	84 
7689	258 
7690	253 
7691	80 
7692	75 
7693	70 
7694	21 
7695	278 
7696	66 
7697	147 
7698	45 
7699	229 
7700	203 
7701	111 
7702	151 
7703	191 
7704	179 
7705	28 
7706	207 
7707	223 
7708	227 
7709	179 
7710	222 
7711	219 
7712	111 
7713	271 
7714	106 
7715	193 
7716	250 
7717	57 
7718	179 
7719	161 
7720	261 
7721	203 
7722	149 
7723	224 
7724	234 
7725	80 
7726	188 
7727	157 
7728	193 
7729	115 
7730	185 
7731	271 
7732	81 
7733	147 
7734	168 
7735	8 
7736	31 
7737	186 
7738	169 
7739	49 
7740	51 
7741	97 
7742	103 
7743	28 
7744	29 
7745	192 
7746	169 
7747	23 
7748	185 
7749	96 
7750	30 
7751	223 
7752	161 
7753	134 
7754	74 
7755	62 
7756	145 
7757	163 
7758	73 
7759	261 
7760	111 
7761	271 
7762	205 
7763	176 
7764	1 
7765	8 
7766	260 
7767	232 
7768	53 
7769	164 
7770	226 
7771	123 
7772	106 
7773	253 
7774	44 
7775	38 
7776	75 
7777	260 
7778	71 
7779	11 
7780	106 
7781	260 
7782	146 
7783	176 
7784	138 
7785	164 
7786	61 
7787	49 
7788	163 
7789	60 
7790	282 
7791	245 
7792	100 
7793	129 
7794	62 
7795	200 
7796	172 
7797	264 
7798	149 
7799	24 
7800	178 
7801	248 
7802	205 
7803	28 
7804	111 
7805	147 
7806	111 
7807	141 
7808	200 
7809	45 
7810	275 
7811	70 
7812	200 
7813	200 
7814	129 
7815	30 
7816	61 
7817	96 
7818	45 
7819	9 
7820	168 
7821	80 
7822	242 
7823	253 
7824	176 
7825	62 
7826	205 
7827	117 
7828	29 
7829	67 
7830	50 
7831	267 
7832	141 
7833	109 
7834	129 
7835	20 
7836	45 
7837	264 
7838	114 
7839	264 
7840	250 
7841	84 
7842	235 
7843	3 
7844	88 
7845	161 
7846	146 
7847	74 
7848	216 
7849	63 
7850	197 
7851	253 
7852	271 
7853	122 
7854	235 
7855	17 
7856	242 
7857	55 
7858	169 
7859	286 
7860	11 
7861	103 
7862	80 
7863	141 
7864	227 
7865	227 
7866	94 
7867	264 
7868	28 
7869	3 
7870	3 
7871	273 
7872	235 
7873	140 
7874	21 
7875	38 
7876	171 
7877	38 
7878	30 
7879	24 
7880	32 
7881	63 
7882	151 
7883	142 
7884	6 
7885	260 
7886	176 
7887	161 
7888	29 
7889	97 
7890	218 
7891	20 
7892	104 
7893	3 
7894	8 
7895	229 
7896	45 
7897	129 
7898	133 
7899	203 
7900	117 
7901	163 
7902	9 
7903	38 
7904	207 
7905	67 
7906	71 
7907	29 
7908	67 
7909	80 
7910	39 
7911	145 
7912	264 
7913	51 
7914	133 
7915	117 
7916	124 
7917	60 
7918	89 
7919	25 
7920	222 
7921	41 
7922	192 
7923	202 
7924	211 
7925	171 
7926	261 
7927	67 
7928	191 
7929	108 
7930	109 
7931	193 
7932	122 
7933	49 
7934	8 
7935	172 
7936	260 
7937	124 
7938	58 
7939	149 
7940	270 
7941	88 
7942	204 
7943	242 
7944	103 
7945	106 
7946	181 
7947	245 
7948	55 
7949	204 
7950	168 
7951	171 
7952	243 
7953	41 
7954	39 
7955	272 
7956	21 
7957	249 
7958	226 
7959	103 
7960	260 
7961	156 
7962	176 
7963	248 
7964	200 
7965	204 
7966	109 
7967	203 
7968	205 
7969	28 
7970	109 
7971	270 
7972	147 
7973	104 
7974	256 
7975	272 
7976	264 
7977	6 
7978	223 
7979	157 
7980	117 
7981	219 
7982	216 
7983	157 
7984	248 
7985	132 
7986	134 
7987	25 
7988	216 
7989	124 
7990	149 
7991	175 
7992	261 
7993	48 
7994	229 
7995	45 
7996	45 
7997	161 
7998	28 
7999	23 
8000	185 
8001	74 
8002	21 
8003	172 
8004	132 
8005	115 
8006	138 
8007	253 
8008	49 
8009	189 
8010	53 
8011	145 
8012	8 
8013	191 
8014	149 
8015	49 
8016	8 
8017	216 
8018	147 
8019	195 
8020	67 
8021	159 
8022	24 
8023	3 
8024	261 
8025	272 
8026	156 
8027	217 
8028	138 
8029	88 
8030	1 
8031	142 
8032	115 
8033	212 
8034	51 
8035	239 
8036	184 
8037	181 
8038	172 
8039	39 
8040	142 
8041	20 
8042	205 
8043	159 
8044	88 
8045	200 
8046	111 
8047	200 
8048	51 
8049	286 
8050	8 
8051	157 
8052	224 
8053	58 
8054	256 
8055	211 
8056	282 
8057	75 
8058	251 
8059	207 
8060	61 
8061	227 
8062	74 
8063	267 
8064	149 
8065	103 
8066	9 
8067	204 
8068	145 
8069	253 
8070	278 
8071	156 
8072	232 
8073	217 
8074	248 
8075	239 
8076	74 
8077	216 
8078	71 
8079	195 
8080	278 
8081	9 
8082	84 
8083	80 
8084	196 
8085	216 
8086	88 
8087	181 
8088	61 
8089	109 
8090	278 
8091	234 
8092	179 
8093	108 
8094	84 
8095	204 
8096	66 
8097	67 
8098	8 
8099	184 
8100	256 
8101	200 
8102	226 
8103	81 
8104	36 
8105	45 
8106	61 
8107	189 
8108	3 
8109	74 
8110	184 
8111	222 
8112	251 
8113	181 
8114	163 
8115	151 
8116	196 
8117	227 
8118	15 
8119	168 
8120	196 
8121	67 
8122	278 
8123	275 
8124	8 
8125	260 
8126	226 
8127	241 
8128	21 
8129	248 
8130	248 
8131	15 
8132	203 
8133	168 
8134	261 
8135	74 
8136	117 
8137	216 
8138	157 
8139	41 
8140	142 
8141	176 
8142	111 
8143	51 
8144	134 
8145	15 
8146	28 
8147	195 
8148	212 
8149	193 
8150	217 
8151	168 
8152	30 
8153	172 
8154	219 
8155	67 
8156	30 
8157	270 
8158	132 
8159	23 
8160	202 
8161	20 
8162	212 
8163	248 
8164	258 
8165	1 
8166	49 
8167	231 
8168	12 
8169	195 
8170	212 
8171	275 
8172	48 
8173	193 
8174	162 
8175	108 
8176	196 
8177	103 
8178	200 
8179	207 
8180	184 
8181	15 
8182	231 
8183	205 
8184	192 
8185	49 
8186	70 
8187	124 
8188	248 
8189	39 
8190	70 
8191	68 
8192	161 
8193	132 
8194	202 
8195	89 
8196	132 
8197	109 
8198	66 
8199	71 
8200	89 
8201	207 
8202	75 
8203	181 
8204	75 
8205	261 
8206	163 
8207	140 
8208	24 
8209	177 
8210	185 
8211	49 
8212	9 
8213	248 
8214	224 
8215	169 
8216	184 
8217	147 
8218	146 
8219	147 
8220	229 
8221	55 
8222	256 
8223	179 
8224	51 
8225	227 
8226	34 
8227	1 
8228	224 
8229	188 
8230	3 
8231	271 
8232	227 
8233	88 
8234	124 
8235	188 
8236	224 
8237	28 
8238	193 
8239	138 
8240	58 
8241	219 
8242	30 
8243	161 
8244	142 
8245	286 
8246	73 
8247	195 
8248	141 
8249	11 
8250	243 
8251	179 
8252	55 
8253	177 
8254	55 
8255	229 
8256	73 
8257	49 
8258	249 
8259	168 
8260	278 
8261	193 
8262	55 
8263	115 
8264	175 
8265	162 
8266	163 
8267	75 
8268	207 
8269	234 
8270	161 
8271	73 
8272	147 
8273	224 
8274	271 
8275	270 
8276	53 
8277	55 
8278	117 
8279	15 
8280	191 
8281	140 
8282	41 
8283	264 
8284	147 
8285	146 
8286	232 
8287	242 
8288	75 
8289	68 
8290	256 
8291	9 
8292	66 
8293	248 
8294	34 
8295	156 
8296	70 
8297	275 
8298	184 
8299	196 
8300	108 
8301	36 
8302	53 
8303	249 
8304	177 
8305	132 
8306	265 
8307	11 
8308	248 
8309	159 
8310	260 
8311	232 
8312	12 
8313	172 
8314	177 
8315	1 
8316	191 
8317	264 
8318	275 
8319	202 
8320	185 
8321	275 
8322	36 
8323	205 
8324	251 
8325	157 
8326	39 
8327	55 
8328	88 
8329	253 
8330	242 
8331	88 
8332	108 
8333	21 
8334	177 
8335	161 
8336	3 
8337	96 
8338	48 
8339	73 
8340	243 
8341	39 
8342	151 
8343	222 
8344	202 
8345	41 
8346	191 
8347	272 
8348	177 
8349	197 
8350	162 
8351	55 
8352	242 
8353	53 
8354	21 
8355	176 
8356	192 
8357	94 
8358	207 
8359	53 
8360	211 
8361	134 
8362	61 
8363	123 
8364	256 
8365	223 
8366	132 
8367	164 
8368	75 
8369	241 
8370	34 
8371	253 
8372	74 
8373	172 
8374	21 
8375	162 
8376	71 
8377	264 
8378	106 
8379	260 
8380	75 
8381	261 
8382	264 
8383	141 
8384	161 
8385	108 
8386	186 
8387	186 
8388	271 
8389	251 
8390	192 
8391	253 
8392	253 
8393	34 
8394	103 
8395	60 
8396	146 
8397	34 
8398	60 
8399	205 
8400	24 
8401	142 
8402	261 
8403	24 
8404	81 
8405	251 
8406	195 
8407	58 
8408	161 
8409	12 
8410	94 
8411	264 
8412	212 
8413	38 
8414	235 
8415	28 
8416	250 
8417	161 
8418	146 
8419	177 
8420	36 
8421	12 
8422	94 
8423	212 
8424	250 
8425	207 
8426	146 
8427	106 
8428	17 
8429	168 
8430	1 
8431	192 
8432	224 
8433	202 
8434	286 
8435	272 
8436	204 
8437	17 
8438	60 
8439	176 
8440	66 
8441	134 
8442	212 
8443	204 
8444	66 
8445	34 
8446	226 
8447	256 
8448	216 
8449	104 
8450	1 
8451	41 
8452	219 
8453	145 
8454	73 
8455	123 
8456	207 
8457	81 
8458	235 
8459	207 
8460	224 
8461	197 
8462	25 
8463	200 
8464	122 
8465	231 
8466	188 
8467	188 
8468	17 
8469	193 
8470	49 
8471	172 
8472	286 
8473	164 
8474	51 
8475	177 
8476	132 
8477	265 
8478	123 
8479	94 
8480	149 
8481	222 
8482	6 
8483	81 
8484	53 
8485	205 
8486	278 
8487	15 
8488	216 
8489	104 
8490	204 
8491	242 
8492	140 
8493	61 
8494	211 
8495	266 
8496	8 
8497	142 
8498	196 
8499	53 
8500	234 
8501	88 
8502	211 
8503	168 
8504	25 
8505	197 
8506	74 
8507	24 
8508	200 
8509	1 
8510	217 
8511	234 
8512	235 
8513	265 
8514	275 
8515	6 
8516	278 
8517	273 
8518	242 
8519	141 
8520	195 
8521	184 
8522	286 
8523	207 
8524	266 
8525	253 
8526	21 
8527	197 
8528	117 
8529	191 
8530	204 
8531	51 
8532	34 
8533	156 
8534	88 
8535	66 
8536	229 
8537	70 
8538	36 
8539	89 
8540	229 
8541	48 
8542	196 
8543	34 
8544	241 
8545	256 
8546	141 
8547	271 
8548	142 
8549	256 
8550	111 
8551	266 
8552	66 
8553	75 
8554	217 
8555	234 
8556	204 
8557	1 
8558	235 
8559	162 
8560	142 
8561	88 
8562	185 
8563	3 
8564	179 
8565	227 
8566	147 
8567	140 
8568	41 
8569	217 
8570	104 
8571	264 
8572	141 
8573	6 
8574	88 
8575	21 
8576	235 
8577	53 
8578	188 
8579	232 
8580	49 
8581	149 
8582	260 
8583	272 
8584	39 
8585	89 
8586	261 
8587	188 
8588	145 
8589	151 
8590	191 
8591	172 
8592	159 
8593	181 
8594	265 
8595	161 
8596	145 
8597	134 
8598	195 
8599	231 
8600	96 
8601	258 
8602	191 
8603	20 
8604	9 
8605	73 
8606	185 
8607	227 
8608	39 
8609	275 
8610	156 
8611	89 
8612	89 
8613	74 
8614	122 
8615	163 
8616	161 
8617	159 
8618	134 
8619	249 
8620	138 
8621	111 
8622	249 
8623	75 
8624	164 
8625	168 
8626	149 
8627	147 
8628	73 
8629	28 
8630	28 
8631	226 
8632	74 
8633	108 
8634	211 
8635	146 
8636	251 
8637	66 
8638	172 
8639	67 
8640	275 
8641	188 
8642	147 
8643	20 
8644	185 
8645	70 
8646	138 
8647	142 
8648	122 
8649	3 
8650	25 
8651	249 
8652	185 
8653	226 
8654	38 
8655	197 
8656	195 
8657	234 
8658	25 
8659	205 
8660	61 
8661	147 
8662	193 
8663	231 
8664	260 
8665	48 
8666	179 
8667	229 
8668	227 
8669	39 
8670	88 
8671	61 
8672	184 
8673	67 
8674	11 
8675	138 
8676	270 
8677	157 
8678	164 
8679	188 
8680	122 
8681	25 
8682	67 
8683	73 
8684	156 
8685	200 
8686	226 
8687	89 
8688	53 
8689	149 
8690	122 
8691	34 
8692	55 
8693	260 
8694	51 
8695	184 
8696	222 
8697	197 
8698	161 
8699	192 
8700	24 
8701	60 
8702	146 
8703	202 
8704	227 
8705	49 
8706	104 
8707	8 
8708	68 
8709	196 
8710	264 
8711	73 
8712	270 
8713	15 
8714	20 
8715	196 
8716	253 
8717	179 
8718	176 
8719	258 
8720	217 
8721	73 
8722	20 
8723	108 
8724	9 
8725	258 
8726	12 
8727	142 
8728	242 
8729	275 
8730	3 
8731	156 
8732	226 
8733	88 
8734	192 
8735	123 
8736	204 
8737	248 
8738	266 
8739	265 
8740	184 
8741	70 
8742	108 
8743	74 
8744	275 
8745	6 
8746	229 
8747	51 
8748	168 
8749	271 
8750	193 
8751	243 
8752	151 
8753	217 
8754	200 
8755	53 
8756	25 
8757	243 
8758	132 
8759	177 
8760	89 
8761	12 
8762	243 
8763	70 
8764	253 
8765	11 
8766	117 
8767	68 
8768	24 
8769	89 
8770	205 
8771	207 
8772	204 
8773	177 
8774	211 
8775	258 
8776	147 
8777	232 
8778	229 
8779	25 
8780	51 
8781	229 
8782	74 
8783	75 
8784	73 
8785	123 
8786	24 
8787	70 
8788	224 
8789	74 
8790	71 
8791	38 
8792	266 
8793	8 
8794	172 
8795	177 
8796	226 
8797	138 
8798	11 
8799	34 
8800	197 
8801	61 
8802	51 
8803	117 
8804	168 
8805	270 
8806	156 
8807	207 
8808	197 
8809	191 
8810	272 
8811	75 
8812	25 
8813	270 
8814	81 
8815	266 
8816	270 
8817	260 
8818	235 
8819	6 
8820	188 
8821	196 
8822	193 
8823	70 
8824	3 
8825	275 
8826	81 
8827	73 
8828	217 
8829	1 
8830	67 
8831	260 
8832	207 
8833	265 
8834	9 
8835	163 
8836	242 
8837	6 
8838	24 
8839	146 
8840	271 
8841	41 
8842	75 
8843	275 
8844	38 
8845	243 
8846	81 
8847	184 
8848	261 
8849	270 
8850	108 
8851	12 
8852	81 
8853	75 
8854	74 
8855	108 
8856	39 
8857	226 
8858	177 
8859	41 
8860	207 
8861	39 
8862	265 
8863	163 
8864	232 
8865	6 
8866	275 
8867	39 
8868	53 
8869	156 
8870	163 
8871	229 
8872	205 
8873	75 
8874	60 
8875	156 
8876	61 
8877	256 
8878	250 
8879	231 
8880	122 
8881	132 
8882	211 
8883	8 
8884	200 
8885	88 
8886	184 
8887	108 
8888	156 
8889	249 
8890	234 
8891	204 
8892	176 
8893	161 
8894	195 
8895	117 
8896	234 
8897	195 
8898	21 
8899	156 
8900	132 
8901	12 
8902	227 
8903	260 
8904	224 
8905	55 
8906	224 
8907	271 
8908	39 
8909	111 
8910	271 
8911	140 
8912	224 
8913	192 
8914	264 
8915	248 
8916	251 
8917	197 
8918	197 
8919	8 
8920	229 
8921	48 
8922	235 
8923	68 
8924	48 
8925	258 
8926	66 
8927	106 
8928	53 
8929	75 
8930	227 
8931	49 
8932	226 
8933	224 
8934	20 
8935	104 
8936	6 
8937	192 
8938	184 
8939	51 
8940	41 
8941	249 
8942	164 
8943	38 
8944	21 
8945	188 
8946	219 
8947	68 
8948	172 
8949	260 
8950	272 
8951	12 
8952	159 
8953	147 
8954	41 
8955	217 
8956	256 
8957	242 
8958	253 
8959	202 
8960	68 
8961	28 
8962	249 
8963	70 
8964	103 
8965	200 
8966	242 
8967	142 
8968	66 
8969	21 
8970	185 
8971	249 
8972	104 
8973	117 
8974	286 
8975	149 
8976	202 
8977	253 
8978	250 
8979	224 
8980	224 
8981	265 
8982	104 
8983	28 
8984	193 
8985	11 
8986	73 
8987	88 
8988	21 
8989	278 
8990	196 
8991	286 
8992	224 
8993	177 
8994	161 
8995	200 
8996	197 
8997	67 
8998	261 
8999	270 
9000	147 
9001	156 
9002	260 
9003	74 
9004	104 
9005	222 
9006	271 
9007	278 
9008	66 
9009	172 
9010	185 
9011	265 
9012	266 
9013	74 
9014	253 
9015	159 
9016	89 
9017	211 
9018	168 
9019	211 
9020	271 
9021	159 
9022	224 
9023	235 
9024	159 
9025	9 
9026	253 
9027	55 
9028	134 
9029	9 
9030	231 
9031	60 
9032	162 
9033	3 
9034	226 
9035	197 
9036	111 
9037	253 
9038	55 
9039	122 
9040	34 
9041	48 
9042	38 
9043	28 
9044	156 
9045	200 
9046	219 
9047	104 
9048	232 
9049	202 
9050	142 
9051	142 
9052	192 
9053	163 
9054	74 
9055	39 
9056	278 
9057	156 
9058	60 
9059	250 
9060	188 
9061	60 
9062	6 
9063	179 
9064	60 
9065	172 
9066	207 
9067	272 
9068	161 
9069	179 
9070	60 
9071	286 
9072	140 
9073	227 
9074	73 
9075	108 
9076	188 
9077	20 
9078	8 
9079	66 
9080	224 
9081	9 
9082	25 
9083	159 
9084	48 
9085	34 
9086	15 
9087	184 
9088	34 
9089	227 
9090	224 
9091	217 
9092	200 
9093	184 
9094	60 
9095	38 
9096	232 
9097	12 
9098	200 
9099	261 
9100	73 
9101	232 
9102	39 
9103	11 
9104	66 
9105	88 
9106	162 
9107	227 
9108	163 
9109	243 
9110	8 
9111	184 
9112	38 
9113	205 
9114	68 
9115	261 
9116	145 
9117	70 
9118	68 
9119	242 
9120	34 
9121	196 
9122	24 
9123	260 
9124	222 
9125	222 
9126	226 
9127	179 
9128	164 
9129	111 
9130	200 
9131	248 
9132	12 
9133	195 
9134	179 
9135	200 
9136	235 
9137	138 
9138	163 
9139	227 
9140	88 
9141	73 
9142	235 
9143	164 
9144	49 
9145	67 
9146	11 
9147	12 
9148	278 
9149	1 
9150	272 
9151	202 
9152	38 
9153	249 
9154	243 
9155	260 
9156	38 
9157	265 
9158	6 
9159	226 
9160	11 
9161	261 
9162	28 
9163	251 
9164	159 
9165	117 
9166	66 
9167	168 
9168	172 
9169	270 
9170	222 
9171	25 
9172	270 
9173	219 
9174	176 
9175	8 
9176	89 
9177	48 
9178	272 
9179	272 
9180	145 
9181	248 
9182	272 
9183	232 
9184	207 
9185	248 
9186	142 
9187	248 
9188	55 
9189	177 
9190	253 
9191	256 
9192	261 
9193	278 
9194	117 
9195	286 
9196	15 
9197	21 
9198	1 
9199	261 
9200	188 
9201	204 
9202	70 
9203	25 
9204	264 
9205	275 
9206	41 
9207	123 
9208	235 
9209	185 
9210	138 
9211	147 
9212	68 
9213	197 
9214	159 
9215	123 
9216	260 
9217	53 
9218	256 
9219	275 
9220	226 
9221	248 
9222	104 
9223	3 
9224	256 
9225	271 
9226	224 
9227	73 
9228	227 
9229	149 
9230	264 
9231	53 
9232	162 
9233	68 
9234	28 
9235	192 
9236	217 
9237	176 
9238	88 
9239	163 
9240	226 
9241	177 
9242	172 
9243	204 
9244	272 
9245	271 
9246	205 
9247	164 
9248	248 
9249	217 
9250	28 
9251	132 
9252	197 
9253	103 
9254	49 
9255	251 
9256	11 
9257	142 
9258	20 
9259	28 
9260	66 
9261	60 
9262	185 
9263	265 
9264	163 
9265	1 
9266	67 
9267	177 
9268	265 
9269	260 
9270	219 
9271	185 
9272	286 
9273	9 
9274	108 
9275	227 
9276	261 
9277	20 
9278	104 
9279	179 
9280	39 
9281	202 
9282	147 
9283	68 
9284	232 
9285	74 
9286	229 
9287	122 
9288	204 
9289	265 
9290	256 
9291	28 
9292	185 
9293	12 
9294	103 
9295	270 
9296	75 
9297	6 
9298	248 
9299	226 
9300	188 
9301	1 
9302	21 
9303	266 
9304	248 
9305	162 
9306	73 
9307	103 
9308	202 
9309	132 
9310	196 
9311	260 
9312	278 
9313	222 
9314	145 
9315	275 
9316	88 
9317	266 
9318	89 
9319	253 
9320	272 
9321	266 
9322	25 
9323	192 
9324	39 
9325	278 
9326	207 
9327	75 
9328	256 
9329	185 
9330	8 
9331	74 
9332	222 
9333	217 
9334	117 
9335	156 
9336	20 
9337	149 
9338	278 
9339	207 
9340	9 
9341	28 
9342	104 
9343	219 
9344	227 
9345	145 
9346	73 
9347	205 
9348	265 
9349	25 
9350	227 
9351	9 
9352	163 
9353	49 
9354	266 
9355	161 
9356	41 
9357	111 
9358	207 
9359	163 
9360	253 
9361	226 
9362	261 
9363	256 
9364	253 
9365	8 
9366	134 
9367	145 
9368	197 
9369	103 
9370	202 
9371	68 
9372	25 
9373	196 
9374	21 
9375	12 
9376	66 
9377	11 
9378	6 
9379	217 
9380	12 
9381	188 
9382	73 
9383	41 
9384	272 
9385	117 
9386	192 
9387	67 
9388	185 
9389	253 
9390	185 
9391	9 
9392	8 
9393	75 
9394	156 
9395	20 
9396	89 
9397	242 
9398	123 
9399	211 
9400	211 
9401	196 
9402	75 
9403	6 
9404	272 
9405	188 
9406	104 
9407	248 
9408	149 
9409	248 
9410	89 
9411	204 
9412	60 
9413	41 
9414	200 
9415	227 
9416	207 
9417	185 
9418	61 
9419	53 
9420	88 
9421	224 
9422	15 
9423	117 
9424	3 
9425	272 
9426	275 
9427	278 
9428	60 
9429	74 
9430	147 
9431	156 
9432	265 
9433	235 
9434	111 
9435	222 
9436	196 
9437	261 
9438	200 
9439	248 
9440	253 
9441	41 
9442	242 
9443	149 
9444	145 
9445	8 
9446	108 
9447	222 
9448	195 
9449	202 
9450	270 
9451	117 
9452	8 
9453	192 
9454	49 
9455	25 
9456	108 
9457	41 
9458	34 
9459	48 
9460	161 
9461	253 
9462	145 
9463	260 
9464	3 
9465	266 
9466	66 
9467	161 
9468	197 
9469	39 
9470	264 
9471	89 
9472	12 
9473	196 
9474	224 
9475	61 
9476	67 
9477	270 
9478	286 
9479	39 
9480	266 
9481	200 
9482	74 
9483	1 
9484	196 
9485	235 
9486	185 
9487	266 
9488	15 
9489	147 
9490	266 
9491	260 
9492	89 
9493	256 
9494	66 
9495	192 
9496	147 
9497	261 
9498	227 
9499	264 
9500	75 
9501	147 
9502	197 
9503	88 
9504	88 
9505	123 
9506	41 
9507	192 
9508	49 
9509	159 
9510	75 
9511	28 
9512	207 
9513	222 
9514	172 
9515	20 
9516	161 
9517	48 
9518	20 
9519	224 
9520	159 
9521	156 
9522	264 
9523	28 
9524	147 
9525	149 
9526	195 
9527	227 
9528	61 
9529	34 
9530	149 
9531	123 
9532	264 
9533	147 
9534	108 
9535	88 
9536	48 
9537	142 
9538	192 
9539	61 
9540	142 
9541	75 
9542	145 
9543	226 
9544	28 
9545	197 
9546	207 
9547	260 
9548	177 
9549	41 
9550	172 
9551	12 
9552	1 
9553	60 
9554	275 
9555	34 
9556	176 
9557	196 
9558	251 
9559	172 
9560	147 
9561	67 
9562	156 
9563	196 
9564	74 
9565	235 
9566	48 
9567	39 
9568	73 
9569	196 
9570	219 
9571	25 
9572	207 
9573	196 
9574	34 
9575	156 
9576	195 
9577	88 
9578	49 
9579	3 
9580	177 
9581	227 
9582	73 
9583	39 
9584	278 
9585	196 
9586	256 
9587	251 
9588	159 
9589	176 
9590	219 
9591	9 
9592	142 
9593	159 
9594	25 
9595	185 
9596	161 
9597	9 
9598	272 
9599	224 
9600	242 
9601	168 
9602	256 
9603	103 
9604	88 
9605	156 
9606	161 
9607	89 
9608	89 
9609	261 
9610	196 
9611	15 
9612	61 
9613	145 
9614	168 
9615	66 
9616	12 
9617	12 
9618	275 
9619	272 
9620	176 
9621	49 
9622	68 
9623	145 
9624	177 
9625	12 
9626	185 
9627	197 
9628	3 
9629	224 
9630	34 
9631	197 
9632	188 
9633	123 
9634	260 
9635	211 
9636	73 
9637	156 
9638	74 
9639	168 
9640	75 
9641	104 
9642	161 
9643	226 
9644	34 
9645	168 
9646	251 
9647	197 
9648	104 
9649	73 
9650	28 
9651	49 
9652	34 
9653	67 
9654	104 
9655	168 
9656	224 
9657	256 
9658	264 
9659	272 
9660	68 
9661	261 
9662	67 
9663	168 
9664	66 
9665	261 
9666	9 
9667	176 
9668	226 
9669	3 
9670	224 
9671	123 
9672	256 
9673	211 
9674	161 
9675	172 
9676	142 
9677	39 
9678	142 
9679	73 
9680	172 
9681	159 
9682	123 
9683	8 
9684	123 
9685	8 
9686	217 
9687	3 
9688	222 
9689	270 
9690	3 
9691	161 
9692	149 
9693	123 
9694	253 
9695	197 
9696	253 
9697	15 
9698	271 
9699	28 
9700	207 
9701	211 
9702	253 
9703	207 
9704	197 
9705	172 
9706	159 
9707	73 
9708	200 
9709	89 
9710	217 
9711	172 
9712	103 
9713	60 
9714	168 
9715	15 
9716	34 
9717	66 
9718	49 
9719	123 
9720	235 
9721	261 
9722	74 
9723	149 
9724	73 
9725	25 
9726	67 
9727	15 
9728	145 
9729	261 
9730	15 
9731	256 
9732	145 
9733	49 
9734	271 
9735	196 
9736	28 
9737	60 
9738	159 
9739	260 
9740	217 
9741	256 
9742	211 
9743	211 
9744	149 
9745	61 
9746	103 
9747	39 
9748	39 
9749	260 
9750	48 
9751	145 
9752	266 
9753	15 
9754	176 
9755	149 
9756	61 
9757	149 
9758	103 
9759	217 
9760	270 
9761	34 
9762	3 
9763	217 
9764	222 
9765	185 
9766	48 
9767	253 
9768	261 
9769	103 
9770	9 
9771	224 
9772	8 
9773	161 
9774	260 
9775	108 
9776	147 
9777	39 
9778	3 
9779	235 
9780	177 
9781	161 
9782	264 
9783	253 
9784	222 
9785	48 
9786	89 
9787	12 
9788	207 
9789	48 
9790	159 
9791	161 
9792	185 
9793	41 
9794	272 
9795	168 
9796	217 
9797	88 
9798	66 
9799	251 
9800	103 
9801	224 
9802	142 
9803	74 
9804	12 
9805	260 
9806	161 
9807	103 
9808	39 
9809	177 
9810	271 
9811	34 
9812	156 
9813	1 
9814	251 
9815	271 
9816	222 
9817	28 
9818	211 
9819	34 
9820	3 
9821	108 
9822	256 
9823	261 
9824	161 
9825	75 
9826	196 
9827	89 
9828	1 
9829	256 
9830	197 
9831	9 
9832	3 
9833	272 
9834	49 
9835	74 
9836	251 
9837	60 
9838	196 
9839	73 
9840	159 
9841	197 
9842	260 
9843	8 
9844	48 
9845	248 
9846	185 
9847	172 
9848	74 
9849	39 
9850	159 
9851	272 
9852	168 
9853	104 
9854	3 
9855	251 
9856	9 
9857	253 
9858	147 
9859	142 
9860	197 
9861	60 
9862	74 
9863	172 
9864	207 
9865	12 
9866	207 
9867	75 
9868	260 
9869	49 
9870	28 
9871	15 
9872	9 
9873	48 
9874	142 
9875	74 
9876	211 
9877	74 
9878	3 
9879	117 
9880	172 
9881	9 
9882	161 
9883	88 
9884	168 
9885	61 
9886	272 
9887	197 
9888	74 
9889	123 
9890	49 
9891	260 
9892	145 
9893	89 
9894	12 
9895	66 
9896	147 
9897	8 
9898	25 
9899	185 
9900	74 
9901	61 
9902	74 
9903	104 
9904	73 
9905	224 
9906	89 
9907	39 
9908	1 
9909	66 
9910	12 
9911	117 
9912	207 
9913	172 
9914	159 
9915	253 
9916	248 
9917	272 
9918	75 
9919	8 
9920	89 
9921	61 
9922	60 
9923	89 
9924	28 
9925	161 
9926	12 
9927	89 
9928	25 
9929	49 
9930	253 
9931	75 
9932	217 
9933	196 
9934	117 
9935	217 
9936	172 
9937	49 
9938	60 
9939	88 
9940	74 
9941	34 
9942	270 
9943	73 
9944	197 
9945	9 
9946	256 
9947	1 
9948	88 
9949	12 
9950	251 
9951	61 
9952	1 
9953	60 
9954	12 
9955	172 
9956	3 
9957	48 
9958	147 
9959	89 
9960	3 
9961	226 
9962	168 
9963	28 
9964	66 
9965	3 
9966	60 
9967	270 
9968	12 
9969	89 
9970	39 
9971	117 
9972	74 
9973	8 
9974	3 
9975	260 
9976	73 
9977	66 
9978	224 
9979	142 
9980	123 
9981	89 
9982	12 
9983	39 
9984	248 
9985	66 
9986	9 
9987	75 
9988	226 
9989	142 
9990	123 
9991	248 
9992	39 
9993	66 
9994	88 
9995	8 
9996	251 
9997	168 
9998	9 
9999	172 
10000	1 
