1	362 
2	405 
3	365 
4	6 
5	96 
6	222 
7	188 
8	75 
9	103 
10	209 
11	114 
12	358 
13	326 
14	38 
15	87 
16	358 
17	228 
18	368 
19	111 
20	254 
21	267 
22	176 
23	203 
24	294 
25	200 
26	405 
27	259 
28	198 
29	37 
30	45 
31	1 
32	321 
33	319 
34	32 
35	287 
36	133 
37	308 
38	155 
39	230 
40	19 
41	267 
42	37 
43	130 
44	21 
45	356 
46	177 
47	127 
48	230 
49	159 
50	13 
51	343 
52	279 
53	56 
54	59 
55	303 
56	19 
57	82 
58	189 
59	247 
60	341 
61	232 
62	38 
63	158 
64	156 
65	260 
66	121 
67	238 
68	36 
69	67 
70	187 
71	150 
72	29 
73	339 
74	3 
75	295 
76	227 
77	50 
78	190 
79	206 
80	96 
81	36 
82	329 
83	38 
84	117 
85	58 
86	62 
87	220 
88	131 
89	134 
90	230 
91	178 
92	25 
93	357 
94	5 
95	118 
96	97 
97	178 
98	376 
99	129 
100	49 
101	348 
102	366 
103	136 
104	60 
105	191 
106	115 
107	369 
108	77 
109	89 
110	275 
111	151 
112	182 
113	12 
114	324 
115	1 
116	172 
117	359 
118	33 
119	395 
120	153 
121	179 
122	194 
123	2 
124	91 
125	138 
126	111 
127	173 
128	221 
129	345 
130	58 
131	237 
132	245 
133	127 
134	5 
135	306 
136	278 
137	134 
138	232 
139	212 
140	378 
141	219 
142	166 
143	49 
144	287 
145	139 
146	126 
147	222 
148	387 
149	115 
150	228 
151	155 
152	257 
153	200 
154	90 
155	20 
156	336 
157	195 
158	57 
159	292 
160	1 
161	316 
162	132 
163	232 
164	220 
165	114 
166	24 
167	293 
168	54 
169	230 
170	104 
171	286 
172	123 
173	236 
174	255 
175	56 
176	70 
177	248 
178	17 
179	151 
180	33 
181	242 
182	72 
183	189 
184	172 
185	345 
186	12 
187	48 
188	67 
189	270 
190	159 
191	17 
192	17 
193	265 
194	276 
195	264 
196	161 
197	402 
198	379 
199	36 
200	152 
201	74 
202	329 
203	224 
204	339 
205	179 
206	84 
207	229 
208	127 
209	220 
210	281 
211	35 
212	117 
213	327 
214	360 
215	183 
216	352 
217	109 
218	112 
219	193 
220	248 
221	202 
222	86 
223	107 
224	106 
225	261 
226	58 
227	404 
228	321 
229	352 
230	85 
231	314 
232	185 
233	11 
234	136 
235	314 
236	321 
237	122 
238	260 
239	20 
240	333 
241	111 
242	19 
243	35 
244	9 
245	380 
246	315 
247	237 
248	9 
249	352 
250	348 
251	158 
252	290 
253	388 
254	380 
255	75 
256	90 
257	324 
258	311 
259	150 
260	328 
261	41 
262	136 
263	376 
264	322 
265	384 
266	262 
267	353 
268	113 
269	112 
270	124 
271	137 
272	249 
273	361 
274	404 
275	79 
276	97 
277	266 
278	201 
279	100 
280	248 
281	162 
282	37 
283	238 
284	278 
285	136 
286	402 
287	343 
288	347 
289	242 
290	232 
291	306 
292	221 
293	68 
294	170 
295	241 
296	361 
297	349 
298	367 
299	27 
300	4 
301	45 
302	12 
303	307 
304	157 
305	13 
306	379 
307	379 
308	70 
309	81 
310	228 
311	310 
312	230 
313	3 
314	186 
315	338 
316	354 
317	89 
318	134 
319	47 
320	257 
321	374 
322	187 
323	35 
324	284 
325	76 
326	266 
327	205 
328	154 
329	311 
330	183 
331	305 
332	104 
333	34 
334	199 
335	220 
336	221 
337	160 
338	194 
339	310 
340	34 
341	172 
342	46 
343	48 
344	372 
345	324 
346	276 
347	397 
348	101 
349	163 
350	386 
351	65 
352	102 
353	169 
354	195 
355	360 
356	140 
357	327 
358	273 
359	35 
360	246 
361	135 
362	214 
363	147 
364	207 
365	177 
366	22 
367	151 
368	296 
369	245 
370	74 
371	273 
372	181 
373	69 
374	214 
375	147 
376	4 
377	253 
378	317 
379	206 
380	356 
381	378 
382	238 
383	218 
384	345 
385	183 
386	220 
387	46 
388	141 
389	2 
390	95 
391	98 
392	101 
393	376 
394	190 
395	369 
396	197 
397	305 
398	6 
399	87 
400	34 
401	359 
402	181 
403	25 
404	252 
405	391 
406	219 
407	78 
408	232 
409	100 
410	79 
411	321 
412	171 
413	399 
414	125 
415	58 
416	157 
417	358 
418	316 
419	346 
420	334 
421	346 
422	91 
423	60 
424	259 
425	64 
426	56 
427	379 
428	217 
429	125 
430	42 
431	277 
432	355 
433	326 
434	84 
435	157 
436	365 
437	403 
438	212 
439	80 
440	133 
441	116 
442	110 
443	64 
444	383 
445	335 
446	91 
447	204 
448	308 
449	272 
450	13 
451	232 
452	309 
453	386 
454	166 
455	304 
456	20 
457	184 
458	237 
459	101 
460	403 
461	249 
462	121 
463	288 
464	193 
465	391 
466	374 
467	204 
468	142 
469	319 
470	93 
471	99 
472	346 
473	229 
474	269 
475	405 
476	275 
477	209 
478	316 
479	164 
480	110 
481	196 
482	319 
483	403 
484	105 
485	200 
486	327 
487	25 
488	313 
489	206 
490	242 
491	333 
492	254 
493	175 
494	401 
495	126 
496	358 
497	363 
498	164 
499	160 
500	51 
501	146 
502	36 
503	325 
504	297 
505	74 
506	58 
507	13 
508	283 
509	14 
510	122 
511	305 
512	274 
513	219 
514	332 
515	398 
516	185 
517	387 
518	88 
519	275 
520	145 
521	383 
522	387 
523	183 
524	333 
525	146 
526	165 
527	175 
528	136 
529	307 
530	213 
531	122 
532	43 
533	367 
534	250 
535	105 
536	81 
537	370 
538	42 
539	174 
540	299 
541	262 
542	138 
543	56 
544	11 
545	306 
546	157 
547	265 
548	103 
549	68 
550	392 
551	205 
552	327 
553	60 
554	331 
555	107 
556	302 
557	104 
558	91 
559	373 
560	280 
561	208 
562	63 
563	138 
564	129 
565	349 
566	394 
567	123 
568	202 
569	35 
570	158 
571	78 
572	117 
573	99 
574	101 
575	334 
576	149 
577	386 
578	295 
579	246 
580	180 
581	269 
582	151 
583	237 
584	29 
585	248 
586	31 
587	387 
588	196 
589	200 
590	290 
591	262 
592	221 
593	54 
594	372 
595	72 
596	321 
597	206 
598	58 
599	381 
600	225 
601	302 
602	31 
603	124 
604	22 
605	49 
606	327 
607	382 
608	1 
609	398 
610	101 
611	195 
612	192 
613	107 
614	256 
615	267 
616	144 
617	399 
618	63 
619	1 
620	116 
621	92 
622	174 
623	138 
624	122 
625	63 
626	274 
627	13 
628	292 
629	125 
630	121 
631	318 
632	396 
633	75 
634	121 
635	62 
636	376 
637	82 
638	300 
639	217 
640	243 
641	232 
642	216 
643	109 
644	85 
645	242 
646	304 
647	69 
648	87 
649	119 
650	32 
651	159 
652	44 
653	289 
654	37 
655	384 
656	279 
657	276 
658	118 
659	288 
660	141 
661	217 
662	64 
663	389 
664	358 
665	69 
666	344 
667	65 
668	77 
669	265 
670	7 
671	139 
672	231 
673	374 
674	65 
675	192 
676	47 
677	303 
678	63 
679	14 
680	54 
681	42 
682	34 
683	13 
684	272 
685	183 
686	25 
687	17 
688	85 
689	215 
690	206 
691	148 
692	99 
693	82 
694	215 
695	58 
696	270 
697	107 
698	259 
699	8 
700	215 
701	393 
702	158 
703	229 
704	42 
705	181 
706	381 
707	220 
708	221 
709	52 
710	366 
711	50 
712	26 
713	217 
714	59 
715	126 
716	353 
717	236 
718	373 
719	317 
720	320 
721	147 
722	85 
723	272 
724	183 
725	101 
726	352 
727	149 
728	359 
729	144 
730	49 
731	270 
732	117 
733	159 
734	274 
735	131 
736	314 
737	274 
738	349 
739	317 
740	43 
741	292 
742	208 
743	13 
744	255 
745	244 
746	67 
747	322 
748	328 
749	376 
750	192 
751	305 
752	103 
753	234 
754	145 
755	316 
756	51 
757	22 
758	127 
759	218 
760	94 
761	404 
762	327 
763	29 
764	13 
765	40 
766	100 
767	233 
768	210 
769	261 
770	50 
771	122 
772	295 
773	206 
774	368 
775	63 
776	162 
777	374 
778	225 
779	200 
780	236 
781	121 
782	274 
783	18 
784	291 
785	217 
786	143 
787	368 
788	185 
789	264 
790	389 
791	266 
792	122 
793	146 
794	153 
795	131 
796	124 
797	356 
798	284 
799	254 
800	129 
801	120 
802	370 
803	255 
804	218 
805	223 
806	45 
807	185 
808	356 
809	280 
810	353 
811	62 
812	164 
813	356 
814	121 
815	360 
816	210 
817	383 
818	329 
819	199 
820	174 
821	361 
822	345 
823	397 
824	309 
825	61 
826	193 
827	198 
828	152 
829	379 
830	310 
831	269 
832	371 
833	74 
834	267 
835	317 
836	41 
837	120 
838	388 
839	144 
840	111 
841	277 
842	340 
843	237 
844	327 
845	390 
846	255 
847	334 
848	365 
849	308 
850	255 
851	205 
852	40 
853	4 
854	296 
855	322 
856	110 
857	336 
858	52 
859	203 
860	45 
861	393 
862	72 
863	240 
864	245 
865	331 
866	281 
867	113 
868	39 
869	177 
870	163 
871	188 
872	95 
873	171 
874	181 
875	77 
876	290 
877	246 
878	200 
879	326 
880	377 
881	239 
882	314 
883	151 
884	251 
885	39 
886	405 
887	17 
888	347 
889	311 
890	195 
891	19 
892	264 
893	143 
894	86 
895	354 
896	44 
897	272 
898	113 
899	191 
900	281 
901	166 
902	29 
903	311 
904	63 
905	359 
906	40 
907	341 
908	69 
909	263 
910	42 
911	364 
912	168 
913	351 
914	54 
915	196 
916	119 
917	133 
918	206 
919	371 
920	163 
921	63 
922	29 
923	78 
924	335 
925	93 
926	150 
927	97 
928	392 
929	122 
930	218 
931	188 
932	29 
933	304 
934	244 
935	135 
936	14 
937	296 
938	119 
939	15 
940	159 
941	69 
942	43 
943	198 
944	238 
945	114 
946	148 
947	245 
948	56 
949	289 
950	281 
951	171 
952	164 
953	174 
954	81 
955	345 
956	279 
957	110 
958	231 
959	53 
960	217 
961	400 
962	238 
963	293 
964	154 
965	143 
966	60 
967	150 
968	378 
969	313 
970	393 
971	160 
972	68 
973	304 
974	391 
975	404 
976	372 
977	174 
978	117 
979	378 
980	286 
981	70 
982	109 
983	86 
984	145 
985	311 
986	399 
987	258 
988	89 
989	326 
990	384 
991	124 
992	102 
993	267 
994	172 
995	361 
996	360 
997	355 
998	331 
999	192 
1000	330 
1001	361 
1002	148 
1003	218 
1004	263 
1005	141 
1006	10 
1007	302 
1008	195 
1009	326 
1010	157 
1011	156 
1012	286 
1013	289 
1014	182 
1015	257 
1016	159 
1017	201 
1018	252 
1019	112 
1020	41 
1021	232 
1022	160 
1023	307 
1024	54 
1025	53 
1026	51 
1027	202 
1028	290 
1029	245 
1030	129 
1031	16 
1032	332 
1033	155 
1034	342 
1035	244 
1036	223 
1037	320 
1038	245 
1039	279 
1040	114 
1041	271 
1042	341 
1043	131 
1044	89 
1045	29 
1046	348 
1047	101 
1048	41 
1049	377 
1050	297 
1051	105 
1052	153 
1053	301 
1054	373 
1055	204 
1056	319 
1057	311 
1058	277 
1059	235 
1060	6 
1061	362 
1062	363 
1063	151 
1064	228 
1065	292 
1066	232 
1067	268 
1068	274 
1069	29 
1070	213 
1071	334 
1072	233 
1073	373 
1074	249 
1075	247 
1076	290 
1077	95 
1078	147 
1079	14 
1080	265 
1081	65 
1082	293 
1083	254 
1084	142 
1085	260 
1086	298 
1087	95 
1088	223 
1089	311 
1090	118 
1091	152 
1092	372 
1093	209 
1094	350 
1095	81 
1096	252 
1097	292 
1098	230 
1099	319 
1100	258 
1101	282 
1102	113 
1103	79 
1104	51 
1105	107 
1106	127 
1107	350 
1108	202 
1109	146 
1110	290 
1111	334 
1112	301 
1113	310 
1114	337 
1115	73 
1116	160 
1117	73 
1118	275 
1119	334 
1120	183 
1121	103 
1122	80 
1123	142 
1124	164 
1125	69 
1126	78 
1127	374 
1128	309 
1129	283 
1130	380 
1131	206 
1132	378 
1133	399 
1134	47 
1135	306 
1136	296 
1137	245 
1138	216 
1139	228 
1140	256 
1141	87 
1142	86 
1143	285 
1144	272 
1145	108 
1146	205 
1147	333 
1148	338 
1149	249 
1150	270 
1151	36 
1152	240 
1153	73 
1154	223 
1155	148 
1156	88 
1157	183 
1158	216 
1159	49 
1160	342 
1161	398 
1162	203 
1163	9 
1164	196 
1165	27 
1166	133 
1167	176 
1168	154 
1169	165 
1170	371 
1171	21 
1172	142 
1173	120 
1174	259 
1175	382 
1176	196 
1177	10 
1178	93 
1179	379 
1180	187 
1181	337 
1182	337 
1183	378 
1184	163 
1185	228 
1186	38 
1187	130 
1188	4 
1189	88 
1190	333 
1191	354 
1192	178 
1193	204 
1194	274 
1195	148 
1196	229 
1197	403 
1198	139 
1199	384 
1200	149 
1201	307 
1202	24 
1203	92 
1204	382 
1205	253 
1206	281 
1207	199 
1208	342 
1209	258 
1210	180 
1211	2 
1212	100 
1213	241 
1214	249 
1215	392 
1216	230 
1217	93 
1218	106 
1219	98 
1220	83 
1221	310 
1222	341 
1223	296 
1224	319 
1225	229 
1226	45 
1227	143 
1228	168 
1229	310 
1230	221 
1231	313 
1232	163 
1233	154 
1234	189 
1235	147 
1236	332 
1237	222 
1238	135 
1239	98 
1240	183 
1241	131 
1242	371 
1243	369 
1244	313 
1245	42 
1246	155 
1247	192 
1248	159 
1249	24 
1250	350 
1251	387 
1252	267 
1253	73 
1254	32 
1255	229 
1256	49 
1257	36 
1258	106 
1259	188 
1260	269 
1261	323 
1262	146 
1263	123 
1264	40 
1265	70 
1266	343 
1267	240 
1268	190 
1269	180 
1270	326 
1271	268 
1272	405 
1273	37 
1274	238 
1275	96 
1276	348 
1277	177 
1278	119 
1279	352 
1280	340 
1281	123 
1282	154 
1283	30 
1284	190 
1285	221 
1286	262 
1287	295 
1288	226 
1289	387 
1290	306 
1291	216 
1292	400 
1293	159 
1294	104 
1295	221 
1296	190 
1297	98 
1298	245 
1299	93 
1300	313 
1301	169 
1302	5 
1303	82 
1304	379 
1305	376 
1306	269 
1307	68 
1308	163 
1309	39 
1310	146 
1311	13 
1312	334 
1313	284 
1314	245 
1315	308 
1316	140 
1317	167 
1318	89 
1319	346 
1320	133 
1321	231 
1322	54 
1323	239 
1324	95 
1325	14 
1326	183 
1327	175 
1328	102 
1329	85 
1330	170 
1331	289 
1332	38 
1333	278 
1334	44 
1335	277 
1336	353 
1337	378 
1338	56 
1339	206 
1340	14 
1341	327 
1342	125 
1343	244 
1344	321 
1345	380 
1346	55 
1347	280 
1348	269 
1349	147 
1350	73 
1351	340 
1352	272 
1353	225 
1354	225 
1355	92 
1356	372 
1357	290 
1358	58 
1359	203 
1360	264 
1361	223 
1362	61 
1363	350 
1364	168 
1365	208 
1366	149 
1367	323 
1368	90 
1369	161 
1370	149 
1371	155 
1372	390 
1373	161 
1374	207 
1375	337 
1376	335 
1377	358 
1378	83 
1379	107 
1380	294 
1381	324 
1382	132 
1383	274 
1384	237 
1385	189 
1386	389 
1387	154 
1388	116 
1389	266 
1390	367 
1391	267 
1392	216 
1393	271 
1394	50 
1395	10 
1396	48 
1397	247 
1398	159 
1399	400 
1400	253 
1401	87 
1402	217 
1403	217 
1404	316 
1405	132 
1406	33 
1407	109 
1408	225 
1409	98 
1410	305 
1411	157 
1412	403 
1413	171 
1414	53 
1415	70 
1416	154 
1417	202 
1418	162 
1419	171 
1420	189 
1421	25 
1422	404 
1423	120 
1424	251 
1425	217 
1426	242 
1427	22 
1428	103 
1429	194 
1430	344 
1431	98 
1432	345 
1433	255 
1434	113 
1435	42 
1436	44 
1437	393 
1438	37 
1439	162 
1440	173 
1441	15 
1442	148 
1443	310 
1444	36 
1445	79 
1446	265 
1447	176 
1448	375 
1449	175 
1450	114 
1451	50 
1452	180 
1453	112 
1454	148 
1455	312 
1456	197 
1457	136 
1458	126 
1459	303 
1460	225 
1461	270 
1462	166 
1463	264 
1464	304 
1465	50 
1466	322 
1467	148 
1468	64 
1469	139 
1470	63 
1471	150 
1472	258 
1473	351 
1474	23 
1475	60 
1476	19 
1477	213 
1478	13 
1479	127 
1480	169 
1481	330 
1482	390 
1483	213 
1484	113 
1485	260 
1486	169 
1487	354 
1488	231 
1489	26 
1490	395 
1491	200 
1492	63 
1493	351 
1494	319 
1495	282 
1496	243 
1497	97 
1498	194 
1499	245 
1500	381 
1501	220 
1502	90 
1503	269 
1504	237 
1505	232 
1506	340 
1507	344 
1508	301 
1509	112 
1510	363 
1511	86 
1512	64 
1513	299 
1514	1 
1515	392 
1516	198 
1517	343 
1518	93 
1519	103 
1520	403 
1521	363 
1522	315 
1523	314 
1524	178 
1525	345 
1526	239 
1527	330 
1528	4 
1529	39 
1530	56 
1531	47 
1532	230 
1533	338 
1534	167 
1535	91 
1536	147 
1537	243 
1538	344 
1539	74 
1540	149 
1541	8 
1542	353 
1543	245 
1544	156 
1545	335 
1546	252 
1547	94 
1548	31 
1549	315 
1550	281 
1551	397 
1552	180 
1553	82 
1554	127 
1555	27 
1556	10 
1557	342 
1558	272 
1559	236 
1560	202 
1561	330 
1562	378 
1563	129 
1564	83 
1565	246 
1566	69 
1567	220 
1568	330 
1569	376 
1570	5 
1571	197 
1572	315 
1573	44 
1574	240 
1575	273 
1576	159 
1577	298 
1578	196 
1579	290 
1580	344 
1581	100 
1582	364 
1583	142 
1584	172 
1585	16 
1586	336 
1587	79 
1588	305 
1589	219 
1590	388 
1591	391 
1592	228 
1593	287 
1594	155 
1595	206 
1596	291 
1597	312 
1598	19 
1599	383 
1600	103 
1601	234 
1602	293 
1603	285 
1604	190 
1605	403 
1606	200 
1607	237 
1608	373 
1609	256 
1610	221 
1611	154 
1612	212 
1613	331 
1614	186 
1615	92 
1616	282 
1617	164 
1618	149 
1619	193 
1620	166 
1621	42 
1622	309 
1623	241 
1624	228 
1625	402 
1626	224 
1627	75 
1628	32 
1629	272 
1630	233 
1631	42 
1632	96 
1633	171 
1634	124 
1635	290 
1636	291 
1637	80 
1638	293 
1639	390 
1640	85 
1641	404 
1642	250 
1643	153 
1644	76 
1645	5 
1646	377 
1647	226 
1648	74 
1649	81 
1650	97 
1651	120 
1652	89 
1653	212 
1654	110 
1655	118 
1656	266 
1657	342 
1658	352 
1659	106 
1660	12 
1661	350 
1662	239 
1663	58 
1664	225 
1665	201 
1666	378 
1667	290 
1668	145 
1669	290 
1670	365 
1671	34 
1672	377 
1673	385 
1674	206 
1675	274 
1676	403 
1677	58 
1678	37 
1679	306 
1680	39 
1681	362 
1682	194 
1683	91 
1684	141 
1685	296 
1686	224 
1687	107 
1688	237 
1689	376 
1690	222 
1691	95 
1692	360 
1693	350 
1694	130 
1695	65 
1696	164 
1697	49 
1698	245 
1699	33 
1700	276 
1701	35 
1702	89 
1703	175 
1704	336 
1705	92 
1706	199 
1707	33 
1708	291 
1709	192 
1710	134 
1711	329 
1712	24 
1713	15 
1714	73 
1715	22 
1716	107 
1717	230 
1718	59 
1719	402 
1720	207 
1721	401 
1722	359 
1723	389 
1724	71 
1725	340 
1726	328 
1727	365 
1728	404 
1729	222 
1730	293 
1731	307 
1732	3 
1733	366 
1734	292 
1735	338 
1736	78 
1737	159 
1738	277 
1739	276 
1740	35 
1741	306 
1742	190 
1743	195 
1744	274 
1745	400 
1746	159 
1747	139 
1748	344 
1749	221 
1750	372 
1751	224 
1752	217 
1753	319 
1754	296 
1755	311 
1756	166 
1757	109 
1758	310 
1759	350 
1760	122 
1761	311 
1762	253 
1763	295 
1764	314 
1765	143 
1766	80 
1767	218 
1768	390 
1769	283 
1770	18 
1771	380 
1772	373 
1773	405 
1774	224 
1775	74 
1776	235 
1777	223 
1778	372 
1779	40 
1780	153 
1781	338 
1782	187 
1783	2 
1784	134 
1785	96 
1786	235 
1787	391 
1788	123 
1789	336 
1790	348 
1791	59 
1792	263 
1793	58 
1794	271 
1795	44 
1796	304 
1797	9 
1798	375 
1799	77 
1800	398 
1801	174 
1802	47 
1803	136 
1804	364 
1805	253 
1806	335 
1807	160 
1808	404 
1809	289 
1810	305 
1811	68 
1812	103 
1813	237 
1814	372 
1815	262 
1816	377 
1817	18 
1818	218 
1819	261 
1820	175 
1821	172 
1822	138 
1823	376 
1824	196 
1825	345 
1826	155 
1827	349 
1828	129 
1829	198 
1830	267 
1831	199 
1832	90 
1833	396 
1834	304 
1835	2 
1836	58 
1837	228 
1838	55 
1839	302 
1840	66 
1841	399 
1842	18 
1843	226 
1844	103 
1845	7 
1846	288 
1847	97 
1848	72 
1849	73 
1850	220 
1851	69 
1852	159 
1853	253 
1854	375 
1855	103 
1856	240 
1857	111 
1858	295 
1859	288 
1860	187 
1861	312 
1862	61 
1863	273 
1864	139 
1865	98 
1866	45 
1867	120 
1868	148 
1869	342 
1870	181 
1871	358 
1872	77 
1873	23 
1874	45 
1875	86 
1876	101 
1877	322 
1878	15 
1879	271 
1880	80 
1881	111 
1882	202 
1883	60 
1884	190 
1885	367 
1886	363 
1887	334 
1888	380 
1889	334 
1890	187 
1891	365 
1892	386 
1893	142 
1894	299 
1895	127 
1896	58 
1897	351 
1898	136 
1899	58 
1900	227 
1901	353 
1902	48 
1903	236 
1904	246 
1905	363 
1906	237 
1907	347 
1908	328 
1909	206 
1910	348 
1911	217 
1912	225 
1913	27 
1914	147 
1915	133 
1916	226 
1917	349 
1918	216 
1919	19 
1920	221 
1921	317 
1922	134 
1923	24 
1924	39 
1925	212 
1926	266 
1927	52 
1928	281 
1929	160 
1930	379 
1931	172 
1932	233 
1933	309 
1934	198 
1935	405 
1936	79 
1937	164 
1938	22 
1939	283 
1940	82 
1941	273 
1942	316 
1943	215 
1944	151 
1945	345 
1946	317 
1947	325 
1948	300 
1949	345 
1950	90 
1951	298 
1952	385 
1953	339 
1954	238 
1955	357 
1956	153 
1957	274 
1958	240 
1959	156 
1960	11 
1961	231 
1962	191 
1963	349 
1964	103 
1965	217 
1966	155 
1967	69 
1968	114 
1969	21 
1970	31 
1971	63 
1972	121 
1973	233 
1974	151 
1975	11 
1976	360 
1977	205 
1978	131 
1979	207 
1980	312 
1981	126 
1982	327 
1983	220 
1984	220 
1985	259 
1986	405 
1987	167 
1988	1 
1989	37 
1990	9 
1991	362 
1992	49 
1993	154 
1994	326 
1995	143 
1996	310 
1997	316 
1998	284 
1999	187 
2000	58 
2001	290 
2002	316 
2003	142 
2004	314 
2005	153 
2006	148 
2007	395 
2008	59 
2009	39 
2010	191 
2011	89 
2012	150 
2013	374 
2014	202 
2015	347 
2016	97 
2017	156 
2018	39 
2019	82 
2020	288 
2021	291 
2022	321 
2023	11 
2024	201 
2025	255 
2026	57 
2027	222 
2028	81 
2029	337 
2030	341 
2031	109 
2032	247 
2033	278 
2034	94 
2035	263 
2036	231 
2037	86 
2038	194 
2039	176 
2040	258 
2041	206 
2042	267 
2043	138 
2044	241 
2045	318 
2046	30 
2047	257 
2048	327 
2049	19 
2050	399 
2051	238 
2052	180 
2053	137 
2054	231 
2055	99 
2056	37 
2057	9 
2058	216 
2059	260 
2060	375 
2061	376 
2062	5 
2063	48 
2064	337 
2065	371 
2066	386 
2067	132 
2068	87 
2069	399 
2070	222 
2071	250 
2072	106 
2073	18 
2074	187 
2075	362 
2076	334 
2077	129 
2078	297 
2079	252 
2080	295 
2081	182 
2082	352 
2083	298 
2084	301 
2085	278 
2086	227 
2087	305 
2088	293 
2089	98 
2090	112 
2091	79 
2092	156 
2093	33 
2094	70 
2095	374 
2096	62 
2097	276 
2098	392 
2099	107 
2100	40 
2101	394 
2102	165 
2103	389 
2104	22 
2105	276 
2106	226 
2107	105 
2108	211 
2109	296 
2110	334 
2111	378 
2112	405 
2113	43 
2114	182 
2115	268 
2116	404 
2117	104 
2118	46 
2119	78 
2120	146 
2121	109 
2122	317 
2123	294 
2124	355 
2125	158 
2126	366 
2127	88 
2128	140 
2129	234 
2130	331 
2131	307 
2132	203 
2133	115 
2134	42 
2135	268 
2136	50 
2137	370 
2138	172 
2139	144 
2140	38 
2141	181 
2142	40 
2143	298 
2144	176 
2145	327 
2146	304 
2147	280 
2148	169 
2149	222 
2150	293 
2151	77 
2152	105 
2153	271 
2154	229 
2155	172 
2156	100 
2157	126 
2158	248 
2159	327 
2160	351 
2161	293 
2162	283 
2163	377 
2164	17 
2165	317 
2166	401 
2167	247 
2168	193 
2169	300 
2170	115 
2171	303 
2172	394 
2173	383 
2174	343 
2175	273 
2176	390 
2177	108 
2178	262 
2179	230 
2180	82 
2181	187 
2182	244 
2183	59 
2184	128 
2185	200 
2186	356 
2187	200 
2188	403 
2189	123 
2190	253 
2191	375 
2192	358 
2193	24 
2194	164 
2195	34 
2196	246 
2197	297 
2198	22 
2199	233 
2200	101 
2201	287 
2202	92 
2203	210 
2204	332 
2205	36 
2206	200 
2207	291 
2208	110 
2209	274 
2210	371 
2211	242 
2212	233 
2213	228 
2214	280 
2215	163 
2216	26 
2217	323 
2218	105 
2219	184 
2220	6 
2221	138 
2222	52 
2223	368 
2224	226 
2225	290 
2226	39 
2227	320 
2228	153 
2229	298 
2230	34 
2231	282 
2232	217 
2233	371 
2234	269 
2235	177 
2236	100 
2237	310 
2238	335 
2239	305 
2240	190 
2241	10 
2242	381 
2243	238 
2244	137 
2245	354 
2246	404 
2247	237 
2248	223 
2249	128 
2250	35 
2251	105 
2252	186 
2253	113 
2254	140 
2255	351 
2256	161 
2257	74 
2258	76 
2259	252 
2260	282 
2261	128 
2262	314 
2263	244 
2264	76 
2265	140 
2266	166 
2267	340 
2268	393 
2269	357 
2270	28 
2271	329 
2272	114 
2273	400 
2274	218 
2275	203 
2276	60 
2277	211 
2278	16 
2279	382 
2280	144 
2281	150 
2282	103 
2283	15 
2284	318 
2285	80 
2286	23 
2287	171 
2288	60 
2289	106 
2290	330 
2291	274 
2292	308 
2293	138 
2294	335 
2295	378 
2296	149 
2297	140 
2298	353 
2299	48 
2300	203 
2301	128 
2302	247 
2303	93 
2304	187 
2305	77 
2306	12 
2307	67 
2308	361 
2309	57 
2310	220 
2311	74 
2312	263 
2313	44 
2314	181 
2315	343 
2316	405 
2317	361 
2318	138 
2319	157 
2320	87 
2321	51 
2322	24 
2323	158 
2324	288 
2325	331 
2326	69 
2327	43 
2328	401 
2329	292 
2330	204 
2331	373 
2332	310 
2333	38 
2334	185 
2335	268 
2336	135 
2337	228 
2338	85 
2339	173 
2340	336 
2341	207 
2342	217 
2343	267 
2344	262 
2345	173 
2346	242 
2347	51 
2348	389 
2349	139 
2350	17 
2351	288 
2352	109 
2353	131 
2354	208 
2355	62 
2356	304 
2357	354 
2358	402 
2359	68 
2360	304 
2361	220 
2362	348 
2363	79 
2364	84 
2365	107 
2366	344 
2367	61 
2368	375 
2369	16 
2370	330 
2371	237 
2372	334 
2373	394 
2374	250 
2375	55 
2376	315 
2377	100 
2378	227 
2379	52 
2380	401 
2381	402 
2382	236 
2383	186 
2384	139 
2385	112 
2386	268 
2387	2 
2388	329 
2389	220 
2390	341 
2391	230 
2392	290 
2393	56 
2394	275 
2395	120 
2396	378 
2397	328 
2398	107 
2399	343 
2400	172 
2401	322 
2402	124 
2403	216 
2404	44 
2405	332 
2406	364 
2407	345 
2408	344 
2409	317 
2410	230 
2411	75 
2412	165 
2413	149 
2414	315 
2415	315 
2416	334 
2417	152 
2418	107 
2419	171 
2420	240 
2421	397 
2422	374 
2423	125 
2424	20 
2425	327 
2426	372 
2427	102 
2428	45 
2429	176 
2430	188 
2431	347 
2432	138 
2433	185 
2434	258 
2435	160 
2436	395 
2437	27 
2438	238 
2439	224 
2440	281 
2441	32 
2442	392 
2443	146 
2444	188 
2445	190 
2446	185 
2447	311 
2448	79 
2449	313 
2450	215 
2451	354 
2452	261 
2453	363 
2454	367 
2455	195 
2456	168 
2457	164 
2458	213 
2459	276 
2460	20 
2461	193 
2462	241 
2463	302 
2464	364 
2465	224 
2466	211 
2467	394 
2468	113 
2469	21 
2470	27 
2471	313 
2472	273 
2473	74 
2474	147 
2475	225 
2476	166 
2477	84 
2478	250 
2479	146 
2480	307 
2481	68 
2482	97 
2483	152 
2484	66 
2485	87 
2486	32 
2487	26 
2488	303 
2489	376 
2490	345 
2491	276 
2492	178 
2493	154 
2494	245 
2495	124 
2496	146 
2497	212 
2498	265 
2499	152 
2500	13 
2501	280 
2502	347 
2503	196 
2504	42 
2505	101 
2506	351 
2507	246 
2508	167 
2509	314 
2510	147 
2511	215 
2512	188 
2513	88 
2514	316 
2515	376 
2516	25 
2517	215 
2518	76 
2519	197 
2520	239 
2521	389 
2522	283 
2523	107 
2524	173 
2525	96 
2526	55 
2527	283 
2528	161 
2529	303 
2530	176 
2531	68 
2532	174 
2533	275 
2534	93 
2535	262 
2536	197 
2537	76 
2538	114 
2539	375 
2540	307 
2541	119 
2542	40 
2543	264 
2544	389 
2545	130 
2546	219 
2547	2 
2548	83 
2549	17 
2550	362 
2551	289 
2552	171 
2553	210 
2554	56 
2555	251 
2556	387 
2557	144 
2558	193 
2559	133 
2560	164 
2561	325 
2562	390 
2563	181 
2564	277 
2565	400 
2566	184 
2567	277 
2568	57 
2569	386 
2570	404 
2571	391 
2572	185 
2573	225 
2574	58 
2575	312 
2576	329 
2577	97 
2578	218 
2579	126 
2580	309 
2581	96 
2582	377 
2583	101 
2584	369 
2585	356 
2586	333 
2587	156 
2588	345 
2589	334 
2590	281 
2591	155 
2592	200 
2593	283 
2594	99 
2595	65 
2596	350 
2597	26 
2598	103 
2599	116 
2600	100 
2601	248 
2602	229 
2603	220 
2604	71 
2605	241 
2606	244 
2607	248 
2608	168 
2609	336 
2610	129 
2611	90 
2612	381 
2613	288 
2614	193 
2615	127 
2616	30 
2617	29 
2618	109 
2619	167 
2620	334 
2621	249 
2622	234 
2623	41 
2624	383 
2625	123 
2626	296 
2627	219 
2628	190 
2629	85 
2630	170 
2631	333 
2632	97 
2633	160 
2634	198 
2635	17 
2636	103 
2637	350 
2638	215 
2639	297 
2640	202 
2641	323 
2642	21 
2643	77 
2644	200 
2645	195 
2646	120 
2647	391 
2648	78 
2649	388 
2650	377 
2651	209 
2652	271 
2653	339 
2654	28 
2655	63 
2656	291 
2657	60 
2658	266 
2659	45 
2660	49 
2661	119 
2662	217 
2663	228 
2664	245 
2665	56 
2666	217 
2667	318 
2668	262 
2669	147 
2670	329 
2671	136 
2672	99 
2673	339 
2674	5 
2675	191 
2676	207 
2677	3 
2678	55 
2679	95 
2680	272 
2681	60 
2682	370 
2683	149 
2684	303 
2685	9 
2686	161 
2687	364 
2688	374 
2689	119 
2690	360 
2691	61 
2692	401 
2693	183 
2694	264 
2695	335 
2696	263 
2697	209 
2698	158 
2699	55 
2700	331 
2701	296 
2702	260 
2703	154 
2704	94 
2705	227 
2706	116 
2707	91 
2708	42 
2709	376 
2710	202 
2711	63 
2712	263 
2713	97 
2714	235 
2715	274 
2716	278 
2717	280 
2718	216 
2719	137 
2720	111 
2721	389 
2722	43 
2723	9 
2724	341 
2725	317 
2726	326 
2727	125 
2728	385 
2729	72 
2730	213 
2731	127 
2732	375 
2733	140 
2734	172 
2735	312 
2736	4 
2737	119 
2738	263 
2739	120 
2740	144 
2741	373 
2742	167 
2743	76 
2744	98 
2745	67 
2746	144 
2747	316 
2748	225 
2749	127 
2750	319 
2751	137 
2752	373 
2753	57 
2754	277 
2755	179 
2756	120 
2757	397 
2758	136 
2759	343 
2760	125 
2761	237 
2762	333 
2763	262 
2764	183 
2765	65 
2766	281 
2767	177 
2768	364 
2769	69 
2770	141 
2771	84 
2772	366 
2773	154 
2774	168 
2775	203 
2776	219 
2777	344 
2778	291 
2779	228 
2780	245 
2781	287 
2782	338 
2783	324 
2784	11 
2785	283 
2786	231 
2787	28 
2788	99 
2789	297 
2790	164 
2791	87 
2792	339 
2793	265 
2794	226 
2795	102 
2796	189 
2797	44 
2798	141 
2799	332 
2800	128 
2801	392 
2802	27 
2803	390 
2804	321 
2805	132 
2806	260 
2807	287 
2808	331 
2809	26 
2810	254 
2811	273 
2812	400 
2813	167 
2814	182 
2815	177 
2816	179 
2817	351 
2818	97 
2819	26 
2820	270 
2821	359 
2822	401 
2823	105 
2824	299 
2825	26 
2826	379 
2827	277 
2828	45 
2829	316 
2830	296 
2831	15 
2832	388 
2833	169 
2834	227 
2835	282 
2836	77 
2837	365 
2838	236 
2839	384 
2840	296 
2841	367 
2842	107 
2843	67 
2844	286 
2845	176 
2846	365 
2847	217 
2848	334 
2849	64 
2850	346 
2851	190 
2852	57 
2853	315 
2854	360 
2855	167 
2856	353 
2857	261 
2858	195 
2859	378 
2860	195 
2861	116 
2862	77 
2863	306 
2864	350 
2865	377 
2866	403 
2867	7 
2868	398 
2869	260 
2870	70 
2871	170 
2872	20 
2873	152 
2874	333 
2875	357 
2876	322 
2877	258 
2878	203 
2879	79 
2880	215 
2881	178 
2882	304 
2883	217 
2884	206 
2885	245 
2886	91 
2887	58 
2888	365 
2889	68 
2890	314 
2891	148 
2892	4 
2893	48 
2894	45 
2895	233 
2896	43 
2897	278 
2898	6 
2899	20 
2900	99 
2901	238 
2902	143 
2903	27 
2904	268 
2905	339 
2906	311 
2907	105 
2908	48 
2909	331 
2910	77 
2911	287 
2912	228 
2913	390 
2914	140 
2915	105 
2916	169 
2917	185 
2918	68 
2919	244 
2920	286 
2921	365 
2922	220 
2923	362 
2924	206 
2925	128 
2926	66 
2927	284 
2928	245 
2929	321 
2930	116 
2931	202 
2932	304 
2933	271 
2934	18 
2935	356 
2936	369 
2937	313 
2938	134 
2939	319 
2940	141 
2941	382 
2942	338 
2943	234 
2944	367 
2945	320 
2946	242 
2947	242 
2948	340 
2949	375 
2950	150 
2951	364 
2952	51 
2953	28 
2954	173 
2955	115 
2956	66 
2957	380 
2958	150 
2959	71 
2960	142 
2961	154 
2962	120 
2963	51 
2964	75 
2965	182 
2966	227 
2967	83 
2968	30 
2969	56 
2970	231 
2971	151 
2972	361 
2973	379 
2974	350 
2975	223 
2976	145 
2977	107 
2978	191 
2979	215 
2980	43 
2981	61 
2982	188 
2983	228 
2984	169 
2985	201 
2986	86 
2987	318 
2988	274 
2989	331 
2990	197 
2991	102 
2992	111 
2993	69 
2994	331 
2995	16 
2996	115 
2997	198 
2998	194 
2999	383 
3000	286 
3001	268 
3002	111 
3003	192 
3004	71 
3005	170 
3006	214 
3007	98 
3008	5 
3009	41 
3010	397 
3011	198 
3012	291 
3013	313 
3014	171 
3015	285 
3016	127 
3017	253 
3018	349 
3019	314 
3020	318 
3021	199 
3022	284 
3023	300 
3024	215 
3025	299 
3026	141 
3027	105 
3028	83 
3029	321 
3030	347 
3031	228 
3032	392 
3033	310 
3034	64 
3035	373 
3036	234 
3037	399 
3038	10 
3039	396 
3040	304 
3041	166 
3042	268 
3043	175 
3044	11 
3045	202 
3046	218 
3047	90 
3048	110 
3049	35 
3050	99 
3051	42 
3052	24 
3053	369 
3054	283 
3055	244 
3056	118 
3057	260 
3058	287 
3059	194 
3060	105 
3061	212 
3062	394 
3063	233 
3064	6 
3065	68 
3066	106 
3067	82 
3068	186 
3069	188 
3070	164 
3071	219 
3072	374 
3073	252 
3074	194 
3075	306 
3076	327 
3077	15 
3078	273 
3079	177 
3080	170 
3081	399 
3082	351 
3083	280 
3084	341 
3085	236 
3086	142 
3087	397 
3088	102 
3089	230 
3090	247 
3091	167 
3092	242 
3093	72 
3094	270 
3095	56 
3096	28 
3097	41 
3098	389 
3099	326 
3100	197 
3101	154 
3102	280 
3103	400 
3104	165 
3105	172 
3106	46 
3107	293 
3108	330 
3109	34 
3110	378 
3111	149 
3112	294 
3113	124 
3114	224 
3115	220 
3116	52 
3117	108 
3118	257 
3119	272 
3120	7 
3121	266 
3122	307 
3123	254 
3124	154 
3125	84 
3126	242 
3127	273 
3128	3 
3129	349 
3130	164 
3131	161 
3132	316 
3133	193 
3134	238 
3135	345 
3136	237 
3137	195 
3138	291 
3139	230 
3140	350 
3141	68 
3142	94 
3143	14 
3144	269 
3145	217 
3146	204 
3147	177 
3148	205 
3149	289 
3150	128 
3151	336 
3152	39 
3153	108 
3154	247 
3155	215 
3156	393 
3157	152 
3158	67 
3159	12 
3160	244 
3161	7 
3162	2 
3163	311 
3164	163 
3165	362 
3166	33 
3167	349 
3168	154 
3169	171 
3170	121 
3171	197 
3172	203 
3173	112 
3174	183 
3175	384 
3176	163 
3177	64 
3178	165 
3179	120 
3180	27 
3181	195 
3182	195 
3183	310 
3184	274 
3185	278 
3186	219 
3187	107 
3188	109 
3189	10 
3190	257 
3191	53 
3192	65 
3193	149 
3194	208 
3195	396 
3196	69 
3197	143 
3198	297 
3199	168 
3200	395 
3201	281 
3202	228 
3203	277 
3204	203 
3205	399 
3206	260 
3207	44 
3208	30 
3209	364 
3210	103 
3211	195 
3212	23 
3213	221 
3214	74 
3215	183 
3216	103 
3217	231 
3218	319 
3219	180 
3220	36 
3221	261 
3222	373 
3223	155 
3224	61 
3225	199 
3226	313 
3227	241 
3228	93 
3229	38 
3230	172 
3231	399 
3232	360 
3233	95 
3234	184 
3235	179 
3236	105 
3237	234 
3238	39 
3239	334 
3240	357 
3241	162 
3242	115 
3243	177 
3244	187 
3245	23 
3246	295 
3247	32 
3248	395 
3249	122 
3250	6 
3251	334 
3252	247 
3253	272 
3254	286 
3255	209 
3256	62 
3257	88 
3258	235 
3259	177 
3260	395 
3261	392 
3262	86 
3263	49 
3264	244 
3265	138 
3266	115 
3267	121 
3268	100 
3269	326 
3270	246 
3271	238 
3272	56 
3273	47 
3274	302 
3275	237 
3276	405 
3277	288 
3278	243 
3279	248 
3280	343 
3281	389 
3282	299 
3283	148 
3284	89 
3285	264 
3286	279 
3287	114 
3288	346 
3289	401 
3290	208 
3291	344 
3292	225 
3293	34 
3294	232 
3295	257 
3296	285 
3297	84 
3298	253 
3299	171 
3300	97 
3301	282 
3302	299 
3303	251 
3304	373 
3305	296 
3306	39 
3307	354 
3308	55 
3309	113 
3310	216 
3311	154 
3312	239 
3313	139 
3314	371 
3315	33 
3316	168 
3317	384 
3318	13 
3319	178 
3320	367 
3321	15 
3322	396 
3323	355 
3324	385 
3325	180 
3326	9 
3327	144 
3328	335 
3329	339 
3330	387 
3331	369 
3332	13 
3333	302 
3334	391 
3335	46 
3336	213 
3337	28 
3338	226 
3339	328 
3340	8 
3341	363 
3342	16 
3343	123 
3344	128 
3345	349 
3346	27 
3347	359 
3348	149 
3349	358 
3350	323 
3351	147 
3352	227 
3353	191 
3354	334 
3355	144 
3356	117 
3357	192 
3358	139 
3359	200 
3360	279 
3361	319 
3362	342 
3363	6 
3364	152 
3365	200 
3366	169 
3367	382 
3368	53 
3369	395 
3370	46 
3371	38 
3372	22 
3373	143 
3374	2 
3375	155 
3376	187 
3377	389 
3378	320 
3379	397 
3380	349 
3381	166 
3382	189 
3383	94 
3384	156 
3385	121 
3386	87 
3387	28 
3388	376 
3389	91 
3390	194 
3391	20 
3392	353 
3393	7 
3394	194 
3395	166 
3396	344 
3397	206 
3398	37 
3399	67 
3400	251 
3401	43 
3402	70 
3403	234 
3404	99 
3405	90 
3406	292 
3407	250 
3408	19 
3409	89 
3410	148 
3411	203 
3412	25 
3413	246 
3414	394 
3415	324 
3416	105 
3417	3 
3418	389 
3419	96 
3420	281 
3421	385 
3422	334 
3423	237 
3424	32 
3425	368 
3426	9 
3427	69 
3428	146 
3429	271 
3430	125 
3431	261 
3432	403 
3433	15 
3434	327 
3435	215 
3436	173 
3437	232 
3438	108 
3439	20 
3440	102 
3441	313 
3442	357 
3443	100 
3444	36 
3445	172 
3446	83 
3447	153 
3448	296 
3449	378 
3450	136 
3451	103 
3452	57 
3453	97 
3454	120 
3455	156 
3456	6 
3457	234 
3458	140 
3459	50 
3460	241 
3461	178 
3462	100 
3463	180 
3464	252 
3465	331 
3466	272 
3467	63 
3468	200 
3469	169 
3470	91 
3471	283 
3472	55 
3473	64 
3474	403 
3475	343 
3476	195 
3477	145 
3478	182 
3479	275 
3480	13 
3481	103 
3482	145 
3483	79 
3484	95 
3485	373 
3486	389 
3487	215 
3488	253 
3489	69 
3490	285 
3491	261 
3492	193 
3493	50 
3494	262 
3495	220 
3496	302 
3497	402 
3498	350 
3499	288 
3500	332 
3501	330 
3502	337 
3503	183 
3504	177 
3505	269 
3506	10 
3507	147 
3508	130 
3509	164 
3510	84 
3511	230 
3512	164 
3513	40 
3514	50 
3515	251 
3516	249 
3517	265 
3518	40 
3519	347 
3520	44 
3521	77 
3522	28 
3523	279 
3524	174 
3525	357 
3526	290 
3527	317 
3528	116 
3529	175 
3530	334 
3531	7 
3532	336 
3533	371 
3534	33 
3535	251 
3536	259 
3537	81 
3538	275 
3539	387 
3540	252 
3541	156 
3542	291 
3543	329 
3544	14 
3545	175 
3546	128 
3547	382 
3548	164 
3549	329 
3550	288 
3551	387 
3552	20 
3553	13 
3554	379 
3555	89 
3556	34 
3557	242 
3558	345 
3559	108 
3560	11 
3561	165 
3562	163 
3563	324 
3564	162 
3565	63 
3566	298 
3567	165 
3568	264 
3569	370 
3570	60 
3571	60 
3572	30 
3573	325 
3574	207 
3575	165 
3576	155 
3577	310 
3578	116 
3579	182 
3580	72 
3581	192 
3582	248 
3583	193 
3584	194 
3585	301 
3586	198 
3587	250 
3588	96 
3589	340 
3590	152 
3591	218 
3592	66 
3593	308 
3594	48 
3595	255 
3596	187 
3597	239 
3598	332 
3599	164 
3600	401 
3601	192 
3602	262 
3603	111 
3604	185 
3605	181 
3606	373 
3607	322 
3608	386 
3609	359 
3610	380 
3611	233 
3612	345 
3613	256 
3614	44 
3615	275 
3616	82 
3617	108 
3618	330 
3619	80 
3620	394 
3621	346 
3622	304 
3623	311 
3624	36 
3625	242 
3626	6 
3627	170 
3628	279 
3629	325 
3630	97 
3631	396 
3632	21 
3633	193 
3634	4 
3635	243 
3636	342 
3637	306 
3638	89 
3639	358 
3640	47 
3641	114 
3642	245 
3643	350 
3644	105 
3645	84 
3646	30 
3647	173 
3648	112 
3649	73 
3650	292 
3651	152 
3652	401 
3653	332 
3654	207 
3655	17 
3656	236 
3657	220 
3658	291 
3659	69 
3660	362 
3661	196 
3662	50 
3663	44 
3664	162 
3665	335 
3666	325 
3667	1 
3668	323 
3669	178 
3670	390 
3671	360 
3672	34 
3673	57 
3674	269 
3675	358 
3676	281 
3677	47 
3678	40 
3679	29 
3680	282 
3681	164 
3682	127 
3683	312 
3684	164 
3685	242 
3686	225 
3687	263 
3688	187 
3689	322 
3690	141 
3691	100 
3692	148 
3693	268 
3694	250 
3695	87 
3696	243 
3697	247 
3698	341 
3699	75 
3700	318 
3701	252 
3702	53 
3703	328 
3704	123 
3705	329 
3706	141 
3707	265 
3708	345 
3709	325 
3710	154 
3711	223 
3712	300 
3713	77 
3714	152 
3715	403 
3716	252 
3717	32 
3718	130 
3719	201 
3720	374 
3721	389 
3722	118 
3723	107 
3724	314 
3725	263 
3726	398 
3727	57 
3728	148 
3729	274 
3730	310 
3731	265 
3732	229 
3733	232 
3734	182 
3735	138 
3736	354 
3737	63 
3738	63 
3739	215 
3740	276 
3741	359 
3742	140 
3743	74 
3744	355 
3745	13 
3746	223 
3747	328 
3748	363 
3749	41 
3750	314 
3751	227 
3752	141 
3753	405 
3754	394 
3755	251 
3756	310 
3757	354 
3758	335 
3759	268 
3760	129 
3761	361 
3762	12 
3763	287 
3764	400 
3765	9 
3766	190 
3767	343 
3768	75 
3769	353 
3770	106 
3771	204 
3772	255 
3773	332 
3774	37 
3775	350 
3776	155 
3777	392 
3778	228 
3779	1 
3780	329 
3781	15 
3782	12 
3783	80 
3784	76 
3785	222 
3786	237 
3787	282 
3788	404 
3789	370 
3790	366 
3791	197 
3792	270 
3793	154 
3794	88 
3795	227 
3796	285 
3797	53 
3798	96 
3799	124 
3800	352 
3801	395 
3802	232 
3803	288 
3804	164 
3805	177 
3806	379 
3807	106 
3808	192 
3809	394 
3810	343 
3811	214 
3812	365 
3813	206 
3814	276 
3815	152 
3816	189 
3817	310 
3818	107 
3819	60 
3820	65 
3821	232 
3822	283 
3823	268 
3824	22 
3825	4 
3826	384 
3827	312 
3828	144 
3829	343 
3830	16 
3831	157 
3832	69 
3833	175 
3834	1 
3835	75 
3836	342 
3837	239 
3838	161 
3839	402 
3840	396 
3841	389 
3842	147 
3843	70 
3844	138 
3845	97 
3846	357 
3847	368 
3848	148 
3849	284 
3850	331 
3851	258 
3852	250 
3853	193 
3854	237 
3855	309 
3856	13 
3857	383 
3858	84 
3859	88 
3860	50 
3861	302 
3862	34 
3863	10 
3864	229 
3865	147 
3866	194 
3867	63 
3868	25 
3869	225 
3870	46 
3871	177 
3872	333 
3873	366 
3874	119 
3875	207 
3876	55 
3877	275 
3878	51 
3879	71 
3880	133 
3881	170 
3882	6 
3883	280 
3884	391 
3885	30 
3886	125 
3887	59 
3888	35 
3889	297 
3890	208 
3891	308 
3892	59 
3893	374 
3894	236 
3895	190 
3896	190 
3897	224 
3898	51 
3899	336 
3900	240 
3901	66 
3902	389 
3903	254 
3904	213 
3905	285 
3906	344 
3907	49 
3908	107 
3909	209 
3910	171 
3911	128 
3912	137 
3913	135 
3914	363 
3915	244 
3916	110 
3917	216 
3918	331 
3919	92 
3920	298 
3921	5 
3922	350 
3923	352 
3924	228 
3925	127 
3926	6 
3927	389 
3928	50 
3929	28 
3930	17 
3931	162 
3932	125 
3933	3 
3934	276 
3935	187 
3936	203 
3937	286 
3938	303 
3939	401 
3940	154 
3941	385 
3942	335 
3943	248 
3944	328 
3945	211 
3946	241 
3947	86 
3948	67 
3949	1 
3950	325 
3951	391 
3952	67 
3953	296 
3954	313 
3955	239 
3956	8 
3957	59 
3958	165 
3959	183 
3960	215 
3961	104 
3962	144 
3963	322 
3964	88 
3965	150 
3966	215 
3967	377 
3968	337 
3969	68 
3970	302 
3971	315 
3972	47 
3973	327 
3974	357 
3975	286 
3976	293 
3977	70 
3978	113 
3979	293 
3980	356 
3981	166 
3982	338 
3983	97 
3984	327 
3985	222 
3986	236 
3987	398 
3988	203 
3989	77 
3990	44 
3991	294 
3992	368 
3993	202 
3994	165 
3995	295 
3996	237 
3997	326 
3998	317 
3999	288 
4000	78 
4001	34 
4002	336 
4003	210 
4004	290 
4005	298 
4006	267 
4007	208 
4008	258 
4009	199 
4010	201 
4011	259 
4012	335 
4013	41 
4014	186 
4015	372 
4016	403 
4017	191 
4018	148 
4019	37 
4020	314 
4021	267 
4022	104 
4023	7 
4024	193 
4025	350 
4026	284 
4027	187 
4028	7 
4029	147 
4030	154 
4031	18 
4032	118 
4033	240 
4034	212 
4035	388 
4036	223 
4037	380 
4038	258 
4039	215 
4040	64 
4041	70 
4042	314 
4043	234 
4044	139 
4045	119 
4046	70 
4047	83 
4048	105 
4049	233 
4050	370 
4051	132 
4052	103 
4053	116 
4054	296 
4055	127 
4056	359 
4057	37 
4058	168 
4059	57 
4060	286 
4061	110 
4062	213 
4063	385 
4064	162 
4065	401 
4066	211 
4067	379 
4068	189 
4069	231 
4070	103 
4071	48 
4072	367 
4073	21 
4074	263 
4075	141 
4076	317 
4077	371 
4078	54 
4079	245 
4080	24 
4081	326 
4082	323 
4083	90 
4084	188 
4085	255 
4086	279 
4087	184 
4088	188 
4089	340 
4090	365 
4091	216 
4092	81 
4093	116 
4094	203 
4095	110 
4096	304 
4097	360 
4098	276 
4099	314 
4100	326 
4101	127 
4102	106 
4103	247 
4104	344 
4105	3 
4106	317 
4107	213 
4108	24 
4109	323 
4110	80 
4111	80 
4112	129 
4113	60 
4114	46 
4115	222 
4116	69 
4117	91 
4118	162 
4119	256 
4120	176 
4121	239 
4122	156 
4123	165 
4124	19 
4125	373 
4126	85 
4127	278 
4128	181 
4129	167 
4130	332 
4131	319 
4132	52 
4133	92 
4134	399 
4135	299 
4136	187 
4137	85 
4138	92 
4139	36 
4140	132 
4141	340 
4142	175 
4143	243 
4144	281 
4145	72 
4146	216 
4147	290 
4148	225 
4149	24 
4150	203 
4151	132 
4152	48 
4153	30 
4154	282 
4155	137 
4156	366 
4157	295 
4158	339 
4159	382 
4160	232 
4161	392 
4162	404 
4163	372 
4164	312 
4165	4 
4166	217 
4167	346 
4168	361 
4169	130 
4170	23 
4171	155 
4172	376 
4173	201 
4174	264 
4175	350 
4176	343 
4177	94 
4178	332 
4179	345 
4180	327 
4181	104 
4182	240 
4183	361 
4184	305 
4185	153 
4186	178 
4187	320 
4188	97 
4189	13 
4190	341 
4191	135 
4192	103 
4193	274 
4194	355 
4195	262 
4196	365 
4197	143 
4198	146 
4199	305 
4200	114 
4201	307 
4202	78 
4203	348 
4204	82 
4205	7 
4206	334 
4207	282 
4208	367 
4209	355 
4210	365 
4211	172 
4212	360 
4213	247 
4214	53 
4215	398 
4216	359 
4217	314 
4218	11 
4219	93 
4220	339 
4221	55 
4222	187 
4223	76 
4224	131 
4225	8 
4226	326 
4227	129 
4228	74 
4229	107 
4230	196 
4231	151 
4232	389 
4233	326 
4234	14 
4235	314 
4236	337 
4237	378 
4238	198 
4239	260 
4240	298 
4241	139 
4242	259 
4243	33 
4244	115 
4245	122 
4246	44 
4247	31 
4248	291 
4249	184 
4250	165 
4251	14 
4252	385 
4253	274 
4254	44 
4255	108 
4256	181 
4257	331 
4258	133 
4259	174 
4260	19 
4261	38 
4262	351 
4263	90 
4264	170 
4265	328 
4266	169 
4267	80 
4268	105 
4269	373 
4270	350 
4271	405 
4272	166 
4273	260 
4274	199 
4275	147 
4276	357 
4277	292 
4278	320 
4279	91 
4280	51 
4281	118 
4282	120 
4283	388 
4284	335 
4285	294 
4286	165 
4287	361 
4288	79 
4289	112 
4290	294 
4291	80 
4292	379 
4293	259 
4294	356 
4295	59 
4296	169 
4297	24 
4298	79 
4299	71 
4300	46 
4301	24 
4302	334 
4303	105 
4304	52 
4305	319 
4306	2 
4307	213 
4308	100 
4309	10 
4310	251 
4311	309 
4312	271 
4313	162 
4314	404 
4315	78 
4316	363 
4317	367 
4318	113 
4319	110 
4320	169 
4321	309 
4322	52 
4323	376 
4324	382 
4325	386 
4326	365 
4327	219 
4328	363 
4329	351 
4330	148 
4331	237 
4332	48 
4333	135 
4334	264 
4335	278 
4336	321 
4337	327 
4338	216 
4339	78 
4340	115 
4341	272 
4342	234 
4343	398 
4344	63 
4345	331 
4346	64 
4347	154 
4348	368 
4349	382 
4350	102 
4351	78 
4352	17 
4353	318 
4354	95 
4355	128 
4356	334 
4357	12 
4358	172 
4359	13 
4360	125 
4361	244 
4362	390 
4363	303 
4364	269 
4365	287 
4366	55 
4367	296 
4368	256 
4369	178 
4370	207 
4371	336 
4372	167 
4373	270 
4374	347 
4375	376 
4376	325 
4377	200 
4378	382 
4379	104 
4380	97 
4381	311 
4382	5 
4383	212 
4384	326 
4385	283 
4386	233 
4387	35 
4388	51 
4389	288 
4390	214 
4391	310 
4392	373 
4393	347 
4394	3 
4395	388 
4396	334 
4397	143 
4398	81 
4399	405 
4400	23 
4401	267 
4402	226 
4403	50 
4404	159 
4405	88 
4406	157 
4407	148 
4408	209 
4409	249 
4410	68 
4411	116 
4412	399 
4413	164 
4414	268 
4415	234 
4416	119 
4417	319 
4418	191 
4419	282 
4420	174 
4421	169 
4422	133 
4423	401 
4424	163 
4425	125 
4426	397 
4427	142 
4428	237 
4429	109 
4430	82 
4431	193 
4432	282 
4433	137 
4434	3 
4435	374 
4436	60 
4437	282 
4438	208 
4439	90 
4440	324 
4441	169 
4442	215 
4443	25 
4444	135 
4445	72 
4446	381 
4447	233 
4448	301 
4449	260 
4450	7 
4451	199 
4452	384 
4453	166 
4454	26 
4455	164 
4456	158 
4457	319 
4458	380 
4459	372 
4460	42 
4461	22 
4462	79 
4463	231 
4464	338 
4465	286 
4466	42 
4467	318 
4468	179 
4469	360 
4470	282 
4471	77 
4472	157 
4473	308 
4474	174 
4475	356 
4476	314 
4477	349 
4478	115 
4479	112 
4480	314 
4481	64 
4482	135 
4483	296 
4484	225 
4485	386 
4486	217 
4487	144 
4488	353 
4489	289 
4490	203 
4491	306 
4492	134 
4493	227 
4494	375 
4495	69 
4496	146 
4497	279 
4498	282 
4499	26 
4500	107 
4501	172 
4502	250 
4503	380 
4504	256 
4505	371 
4506	251 
4507	275 
4508	69 
4509	326 
4510	14 
4511	107 
4512	272 
4513	136 
4514	163 
4515	267 
4516	144 
4517	65 
4518	141 
4519	87 
4520	56 
4521	294 
4522	348 
4523	2 
4524	189 
4525	198 
4526	199 
4527	31 
4528	58 
4529	201 
4530	120 
4531	264 
4532	368 
4533	220 
4534	224 
4535	127 
4536	338 
4537	380 
4538	264 
4539	295 
4540	371 
4541	81 
4542	50 
4543	316 
4544	40 
4545	342 
4546	119 
4547	18 
4548	106 
4549	345 
4550	318 
4551	3 
4552	131 
4553	40 
4554	32 
4555	357 
4556	232 
4557	292 
4558	186 
4559	204 
4560	24 
4561	342 
4562	380 
4563	337 
4564	105 
4565	1 
4566	399 
4567	184 
4568	231 
4569	94 
4570	344 
4571	360 
4572	37 
4573	294 
4574	320 
4575	149 
4576	21 
4577	162 
4578	200 
4579	243 
4580	327 
4581	274 
4582	402 
4583	359 
4584	118 
4585	108 
4586	181 
4587	300 
4588	400 
4589	125 
4590	396 
4591	125 
4592	97 
4593	134 
4594	380 
4595	236 
4596	212 
4597	285 
4598	113 
4599	3 
4600	152 
4601	23 
4602	252 
4603	134 
4604	137 
4605	54 
4606	288 
4607	222 
4608	289 
4609	24 
4610	179 
4611	74 
4612	89 
4613	164 
4614	343 
4615	35 
4616	6 
4617	308 
4618	2 
4619	3 
4620	170 
4621	322 
4622	108 
4623	282 
4624	264 
4625	273 
4626	215 
4627	12 
4628	25 
4629	244 
4630	239 
4631	294 
4632	320 
4633	229 
4634	320 
4635	295 
4636	233 
4637	71 
4638	205 
4639	366 
4640	187 
4641	287 
4642	210 
4643	104 
4644	188 
4645	329 
4646	352 
4647	51 
4648	332 
4649	86 
4650	51 
4651	145 
4652	168 
4653	68 
4654	295 
4655	307 
4656	345 
4657	245 
4658	192 
4659	226 
4660	106 
4661	117 
4662	75 
4663	34 
4664	137 
4665	270 
4666	132 
4667	324 
4668	41 
4669	162 
4670	100 
4671	130 
4672	312 
4673	203 
4674	383 
4675	318 
4676	130 
4677	398 
4678	331 
4679	81 
4680	366 
4681	326 
4682	140 
4683	366 
4684	90 
4685	54 
4686	126 
4687	402 
4688	343 
4689	69 
4690	158 
4691	83 
4692	344 
4693	360 
4694	395 
4695	317 
4696	274 
4697	68 
4698	38 
4699	105 
4700	171 
4701	315 
4702	125 
4703	261 
4704	101 
4705	204 
4706	35 
4707	38 
4708	314 
4709	32 
4710	169 
4711	169 
4712	44 
4713	22 
4714	204 
4715	34 
4716	216 
4717	376 
4718	166 
4719	179 
4720	129 
4721	251 
4722	71 
4723	50 
4724	59 
4725	41 
4726	203 
4727	161 
4728	60 
4729	254 
4730	93 
4731	195 
4732	35 
4733	323 
4734	370 
4735	74 
4736	287 
4737	380 
4738	313 
4739	168 
4740	84 
4741	286 
4742	222 
4743	25 
4744	243 
4745	211 
4746	368 
4747	397 
4748	134 
4749	273 
4750	116 
4751	68 
4752	101 
4753	127 
4754	107 
4755	213 
4756	90 
4757	104 
4758	288 
4759	69 
4760	308 
4761	273 
4762	357 
4763	169 
4764	18 
4765	85 
4766	225 
4767	243 
4768	204 
4769	201 
4770	34 
4771	13 
4772	205 
4773	367 
4774	274 
4775	233 
4776	187 
4777	1 
4778	388 
4779	198 
4780	398 
4781	10 
4782	357 
4783	325 
4784	187 
4785	17 
4786	79 
4787	390 
4788	375 
4789	46 
4790	73 
4791	230 
4792	366 
4793	167 
4794	203 
4795	211 
4796	42 
4797	312 
4798	57 
4799	106 
4800	292 
4801	35 
4802	225 
4803	11 
4804	344 
4805	393 
4806	141 
4807	134 
4808	101 
4809	145 
4810	311 
4811	106 
4812	349 
4813	31 
4814	44 
4815	47 
4816	321 
4817	200 
4818	208 
4819	291 
4820	373 
4821	46 
4822	317 
4823	100 
4824	262 
4825	331 
4826	128 
4827	205 
4828	285 
4829	233 
4830	324 
4831	235 
4832	400 
4833	230 
4834	334 
4835	44 
4836	289 
4837	138 
4838	173 
4839	285 
4840	197 
4841	334 
4842	92 
4843	44 
4844	322 
4845	389 
4846	304 
4847	366 
4848	166 
4849	27 
4850	338 
4851	173 
4852	358 
4853	105 
4854	309 
4855	260 
4856	273 
4857	294 
4858	56 
4859	400 
4860	72 
4861	26 
4862	320 
4863	368 
4864	235 
4865	381 
4866	37 
4867	327 
4868	301 
4869	1 
4870	236 
4871	69 
4872	358 
4873	348 
4874	160 
4875	144 
4876	205 
4877	365 
4878	278 
4879	334 
4880	23 
4881	225 
4882	20 
4883	372 
4884	66 
4885	144 
4886	164 
4887	80 
4888	82 
4889	186 
4890	228 
4891	386 
4892	244 
4893	363 
4894	74 
4895	237 
4896	88 
4897	343 
4898	66 
4899	143 
4900	327 
4901	62 
4902	63 
4903	302 
4904	274 
4905	45 
4906	167 
4907	292 
4908	132 
4909	245 
4910	129 
4911	206 
4912	176 
4913	272 
4914	336 
4915	311 
4916	143 
4917	300 
4918	249 
4919	265 
4920	362 
4921	374 
4922	394 
4923	266 
4924	393 
4925	236 
4926	73 
4927	365 
4928	329 
4929	14 
4930	132 
4931	191 
4932	266 
4933	264 
4934	344 
4935	378 
4936	165 
4937	85 
4938	292 
4939	79 
4940	364 
4941	236 
4942	350 
4943	52 
4944	27 
4945	58 
4946	368 
4947	152 
4948	18 
4949	12 
4950	63 
4951	124 
4952	195 
4953	182 
4954	360 
4955	12 
4956	58 
4957	372 
4958	173 
4959	136 
4960	236 
4961	73 
4962	21 
4963	386 
4964	190 
4965	209 
4966	165 
4967	159 
4968	399 
4969	7 
4970	27 
4971	316 
4972	83 
4973	316 
4974	299 
4975	232 
4976	301 
4977	348 
4978	364 
4979	61 
4980	179 
4981	86 
4982	220 
4983	274 
4984	160 
4985	185 
4986	379 
4987	349 
4988	367 
4989	390 
4990	178 
4991	79 
4992	180 
4993	132 
4994	92 
4995	136 
4996	289 
4997	136 
4998	158 
4999	388 
5000	283 
5001	69 
5002	213 
5003	297 
5004	2 
5005	198 
5006	216 
5007	249 
5008	130 
5009	288 
5010	225 
5011	369 
5012	241 
5013	322 
5014	198 
5015	370 
5016	10 
5017	13 
5018	124 
5019	119 
5020	403 
5021	368 
5022	131 
5023	64 
5024	376 
5025	108 
5026	256 
5027	262 
5028	301 
5029	90 
5030	194 
5031	174 
5032	349 
5033	3 
5034	42 
5035	115 
5036	351 
5037	132 
5038	171 
5039	214 
5040	313 
5041	379 
5042	106 
5043	77 
5044	137 
5045	16 
5046	143 
5047	103 
5048	328 
5049	213 
5050	68 
5051	255 
5052	52 
5053	400 
5054	256 
5055	129 
5056	256 
5057	58 
5058	265 
5059	77 
5060	145 
5061	210 
5062	131 
5063	274 
5064	282 
5065	378 
5066	98 
5067	364 
5068	119 
5069	154 
5070	385 
5071	105 
5072	314 
5073	400 
5074	164 
5075	288 
5076	228 
5077	364 
5078	328 
5079	314 
5080	375 
5081	393 
5082	224 
5083	289 
5084	128 
5085	192 
5086	73 
5087	100 
5088	34 
5089	190 
5090	362 
5091	21 
5092	165 
5093	403 
5094	240 
5095	90 
5096	141 
5097	383 
5098	124 
5099	167 
5100	215 
5101	292 
5102	210 
5103	291 
5104	283 
5105	394 
5106	337 
5107	54 
5108	23 
5109	312 
5110	290 
5111	403 
5112	344 
5113	403 
5114	356 
5115	223 
5116	259 
5117	317 
5118	401 
5119	226 
5120	349 
5121	31 
5122	364 
5123	220 
5124	230 
5125	13 
5126	262 
5127	370 
5128	117 
5129	395 
5130	344 
5131	65 
5132	91 
5133	206 
5134	327 
5135	49 
5136	114 
5137	252 
5138	223 
5139	109 
5140	328 
5141	183 
5142	69 
5143	195 
5144	293 
5145	136 
5146	237 
5147	124 
5148	18 
5149	94 
5150	281 
5151	77 
5152	240 
5153	186 
5154	320 
5155	135 
5156	273 
5157	61 
5158	287 
5159	178 
5160	53 
5161	344 
5162	282 
5163	100 
5164	2 
5165	148 
5166	109 
5167	176 
5168	183 
5169	270 
5170	229 
5171	154 
5172	238 
5173	206 
5174	100 
5175	190 
5176	286 
5177	115 
5178	305 
5179	160 
5180	179 
5181	358 
5182	184 
5183	186 
5184	298 
5185	262 
5186	22 
5187	175 
5188	63 
5189	169 
5190	374 
5191	345 
5192	212 
5193	7 
5194	378 
5195	2 
5196	212 
5197	115 
5198	98 
5199	262 
5200	47 
5201	38 
5202	89 
5203	338 
5204	208 
5205	81 
5206	293 
5207	294 
5208	199 
5209	334 
5210	260 
5211	40 
5212	262 
5213	282 
5214	232 
5215	8 
5216	378 
5217	233 
5218	117 
5219	327 
5220	194 
5221	264 
5222	361 
5223	242 
5224	132 
5225	310 
5226	200 
5227	249 
5228	388 
5229	129 
5230	97 
5231	373 
5232	25 
5233	66 
5234	86 
5235	284 
5236	269 
5237	200 
5238	240 
5239	197 
5240	403 
5241	135 
5242	28 
5243	405 
5244	373 
5245	235 
5246	361 
5247	335 
5248	40 
5249	148 
5250	138 
5251	90 
5252	17 
5253	365 
5254	86 
5255	206 
5256	210 
5257	370 
5258	13 
5259	218 
5260	217 
5261	329 
5262	211 
5263	172 
5264	212 
5265	244 
5266	320 
5267	145 
5268	367 
5269	257 
5270	8 
5271	345 
5272	364 
5273	186 
5274	345 
5275	349 
5276	343 
5277	44 
5278	34 
5279	380 
5280	134 
5281	82 
5282	215 
5283	130 
5284	143 
5285	269 
5286	213 
5287	369 
5288	279 
5289	397 
5290	322 
5291	181 
5292	155 
5293	16 
5294	113 
5295	345 
5296	183 
5297	70 
5298	313 
5299	257 
5300	64 
5301	378 
5302	360 
5303	315 
5304	317 
5305	125 
5306	400 
5307	86 
5308	80 
5309	70 
5310	210 
5311	124 
5312	152 
5313	2 
5314	300 
5315	338 
5316	228 
5317	279 
5318	58 
5319	182 
5320	389 
5321	292 
5322	211 
5323	226 
5324	349 
5325	51 
5326	55 
5327	245 
5328	267 
5329	166 
5330	84 
5331	124 
5332	305 
5333	300 
5334	355 
5335	268 
5336	300 
5337	361 
5338	52 
5339	155 
5340	348 
5341	95 
5342	171 
5343	74 
5344	40 
5345	345 
5346	242 
5347	193 
5348	223 
5349	13 
5350	178 
5351	211 
5352	183 
5353	372 
5354	257 
5355	156 
5356	295 
5357	345 
5358	70 
5359	220 
5360	383 
5361	268 
5362	8 
5363	245 
5364	185 
5365	186 
5366	126 
5367	375 
5368	127 
5369	259 
5370	381 
5371	155 
5372	329 
5373	69 
5374	107 
5375	58 
5376	93 
5377	220 
5378	229 
5379	363 
5380	6 
5381	238 
5382	310 
5383	368 
5384	185 
5385	348 
5386	21 
5387	294 
5388	321 
5389	104 
5390	16 
5391	182 
5392	325 
5393	23 
5394	344 
5395	315 
5396	374 
5397	257 
5398	374 
5399	366 
5400	20 
5401	18 
5402	296 
5403	295 
5404	104 
5405	154 
5406	14 
5407	364 
5408	185 
5409	72 
5410	393 
5411	221 
5412	296 
5413	175 
5414	405 
5415	254 
5416	124 
5417	215 
5418	269 
5419	347 
5420	208 
5421	245 
5422	214 
5423	155 
5424	13 
5425	2 
5426	320 
5427	305 
5428	8 
5429	323 
5430	331 
5431	105 
5432	193 
5433	185 
5434	126 
5435	216 
5436	134 
5437	246 
5438	16 
5439	230 
5440	41 
5441	301 
5442	165 
5443	344 
5444	240 
5445	70 
5446	85 
5447	271 
5448	43 
5449	351 
5450	16 
5451	298 
5452	76 
5453	165 
5454	373 
5455	275 
5456	141 
5457	179 
5458	113 
5459	317 
5460	333 
5461	125 
5462	191 
5463	77 
5464	375 
5465	378 
5466	295 
5467	120 
5468	256 
5469	261 
5470	138 
5471	402 
5472	314 
5473	372 
5474	209 
5475	259 
5476	384 
5477	319 
5478	373 
5479	70 
5480	329 
5481	322 
5482	210 
5483	373 
5484	81 
5485	353 
5486	230 
5487	405 
5488	195 
5489	100 
5490	398 
5491	157 
5492	343 
5493	193 
5494	197 
5495	386 
5496	396 
5497	381 
5498	83 
5499	334 
5500	360 
5501	335 
5502	329 
5503	210 
5504	4 
5505	74 
5506	368 
5507	331 
5508	125 
5509	310 
5510	53 
5511	375 
5512	240 
5513	4 
5514	30 
5515	172 
5516	349 
5517	92 
5518	404 
5519	328 
5520	245 
5521	320 
5522	100 
5523	132 
5524	5 
5525	28 
5526	176 
5527	261 
5528	219 
5529	366 
5530	215 
5531	120 
5532	145 
5533	171 
5534	47 
5535	126 
5536	401 
5537	331 
5538	203 
5539	75 
5540	145 
5541	184 
5542	260 
5543	136 
5544	71 
5545	324 
5546	395 
5547	227 
5548	97 
5549	201 
5550	28 
5551	337 
5552	29 
5553	303 
5554	297 
5555	54 
5556	240 
5557	298 
5558	28 
5559	405 
5560	89 
5561	175 
5562	202 
5563	172 
5564	379 
5565	50 
5566	394 
5567	106 
5568	40 
5569	164 
5570	137 
5571	186 
5572	190 
5573	394 
5574	181 
5575	34 
5576	166 
5577	405 
5578	300 
5579	375 
5580	357 
5581	110 
5582	349 
5583	31 
5584	323 
5585	300 
5586	71 
5587	39 
5588	2 
5589	138 
5590	176 
5591	183 
5592	176 
5593	62 
5594	41 
5595	173 
5596	160 
5597	361 
5598	373 
5599	263 
5600	370 
5601	369 
5602	259 
5603	185 
5604	201 
5605	283 
5606	195 
5607	351 
5608	309 
5609	379 
5610	106 
5611	264 
5612	353 
5613	61 
5614	348 
5615	211 
5616	278 
5617	64 
5618	345 
5619	37 
5620	134 
5621	348 
5622	292 
5623	6 
5624	288 
5625	17 
5626	117 
5627	43 
5628	18 
5629	16 
5630	80 
5631	404 
5632	297 
5633	290 
5634	103 
5635	306 
5636	71 
5637	1 
5638	373 
5639	399 
5640	63 
5641	148 
5642	76 
5643	381 
5644	205 
5645	3 
5646	86 
5647	375 
5648	382 
5649	66 
5650	66 
5651	180 
5652	279 
5653	14 
5654	124 
5655	212 
5656	167 
5657	171 
5658	184 
5659	264 
5660	156 
5661	384 
5662	180 
5663	109 
5664	42 
5665	303 
5666	308 
5667	308 
5668	217 
5669	404 
5670	52 
5671	382 
5672	401 
5673	23 
5674	246 
5675	379 
5676	75 
5677	372 
5678	370 
5679	176 
5680	45 
5681	56 
5682	197 
5683	375 
5684	327 
5685	26 
5686	176 
5687	217 
5688	60 
5689	85 
5690	395 
5691	303 
5692	277 
5693	311 
5694	271 
5695	320 
5696	125 
5697	183 
5698	71 
5699	235 
5700	92 
5701	87 
5702	100 
5703	347 
5704	11 
5705	394 
5706	66 
5707	169 
5708	296 
5709	34 
5710	267 
5711	257 
5712	301 
5713	264 
5714	302 
5715	397 
5716	152 
5717	361 
5718	224 
5719	75 
5720	386 
5721	350 
5722	388 
5723	107 
5724	125 
5725	2 
5726	216 
5727	179 
5728	296 
5729	146 
5730	405 
5731	270 
5732	134 
5733	281 
5734	237 
5735	8 
5736	89 
5737	346 
5738	383 
5739	200 
5740	129 
5741	62 
5742	244 
5743	53 
5744	145 
5745	378 
5746	74 
5747	360 
5748	204 
5749	238 
5750	309 
5751	1 
5752	229 
5753	344 
5754	163 
5755	148 
5756	403 
5757	164 
5758	49 
5759	316 
5760	209 
5761	378 
5762	223 
5763	105 
5764	210 
5765	55 
5766	50 
5767	281 
5768	292 
5769	120 
5770	232 
5771	292 
5772	375 
5773	190 
5774	2 
5775	12 
5776	221 
5777	311 
5778	240 
5779	272 
5780	231 
5781	346 
5782	42 
5783	58 
5784	13 
5785	333 
5786	346 
5787	323 
5788	321 
5789	205 
5790	214 
5791	271 
5792	166 
5793	84 
5794	357 
5795	40 
5796	117 
5797	52 
5798	53 
5799	38 
5800	50 
5801	266 
5802	170 
5803	187 
5804	113 
5805	69 
5806	148 
5807	165 
5808	211 
5809	316 
5810	50 
5811	233 
5812	259 
5813	70 
5814	126 
5815	355 
5816	238 
5817	70 
5818	31 
5819	266 
5820	25 
5821	321 
5822	373 
5823	194 
5824	298 
5825	135 
5826	181 
5827	126 
5828	68 
5829	4 
5830	46 
5831	308 
5832	310 
5833	374 
5834	4 
5835	403 
5836	165 
5837	182 
5838	397 
5839	324 
5840	171 
5841	358 
5842	160 
5843	319 
5844	331 
5845	366 
5846	62 
5847	272 
5848	21 
5849	299 
5850	69 
5851	295 
5852	85 
5853	12 
5854	185 
5855	135 
5856	333 
5857	93 
5858	191 
5859	24 
5860	44 
5861	148 
5862	146 
5863	54 
5864	329 
5865	281 
5866	28 
5867	331 
5868	360 
5869	237 
5870	124 
5871	139 
5872	287 
5873	287 
5874	133 
5875	321 
5876	46 
5877	180 
5878	11 
5879	149 
5880	148 
5881	367 
5882	167 
5883	235 
5884	106 
5885	83 
5886	143 
5887	266 
5888	393 
5889	276 
5890	155 
5891	109 
5892	224 
5893	120 
5894	404 
5895	140 
5896	324 
5897	62 
5898	1 
5899	287 
5900	215 
5901	226 
5902	222 
5903	26 
5904	61 
5905	72 
5906	237 
5907	349 
5908	164 
5909	267 
5910	384 
5911	334 
5912	394 
5913	166 
5914	393 
5915	182 
5916	166 
5917	163 
5918	29 
5919	209 
5920	241 
5921	191 
5922	118 
5923	344 
5924	28 
5925	304 
5926	370 
5927	328 
5928	113 
5929	336 
5930	158 
5931	164 
5932	170 
5933	360 
5934	403 
5935	129 
5936	92 
5937	382 
5938	402 
5939	86 
5940	232 
5941	310 
5942	241 
5943	295 
5944	94 
5945	209 
5946	38 
5947	219 
5948	331 
5949	107 
5950	375 
5951	345 
5952	201 
5953	324 
5954	198 
5955	378 
5956	38 
5957	80 
5958	355 
5959	309 
5960	26 
5961	323 
5962	127 
5963	294 
5964	219 
5965	106 
5966	130 
5967	105 
5968	169 
5969	221 
5970	324 
5971	230 
5972	201 
5973	233 
5974	97 
5975	120 
5976	127 
5977	25 
5978	169 
5979	73 
5980	243 
5981	1 
5982	160 
5983	93 
5984	262 
5985	167 
5986	120 
5987	397 
5988	40 
5989	180 
5990	293 
5991	164 
5992	98 
5993	40 
5994	187 
5995	62 
5996	224 
5997	147 
5998	355 
5999	400 
6000	97 
6001	44 
6002	34 
6003	185 
6004	245 
6005	210 
6006	203 
6007	283 
6008	334 
6009	313 
6010	95 
6011	333 
6012	193 
6013	158 
6014	6 
6015	101 
6016	350 
6017	183 
6018	291 
6019	256 
6020	301 
6021	62 
6022	365 
6023	200 
6024	161 
6025	35 
6026	51 
6027	158 
6028	338 
6029	102 
6030	274 
6031	175 
6032	54 
6033	4 
6034	291 
6035	306 
6036	217 
6037	42 
6038	155 
6039	90 
6040	350 
6041	158 
6042	94 
6043	133 
6044	328 
6045	162 
6046	259 
6047	394 
6048	47 
6049	44 
6050	183 
6051	285 
6052	135 
6053	281 
6054	31 
6055	127 
6056	116 
6057	58 
6058	52 
6059	105 
6060	139 
6061	219 
6062	73 
6063	198 
6064	115 
6065	12 
6066	16 
6067	216 
6068	125 
6069	10 
6070	4 
6071	50 
6072	348 
6073	186 
6074	236 
6075	41 
6076	29 
6077	370 
6078	179 
6079	232 
6080	95 
6081	403 
6082	215 
6083	215 
6084	100 
6085	147 
6086	254 
6087	373 
6088	275 
6089	102 
6090	183 
6091	16 
6092	49 
6093	287 
6094	260 
6095	326 
6096	58 
6097	167 
6098	335 
6099	171 
6100	72 
6101	298 
6102	262 
6103	271 
6104	172 
6105	188 
6106	113 
6107	172 
6108	133 
6109	42 
6110	69 
6111	26 
6112	165 
6113	117 
6114	346 
6115	303 
6116	290 
6117	244 
6118	236 
6119	132 
6120	293 
6121	228 
6122	368 
6123	327 
6124	350 
6125	140 
6126	311 
6127	249 
6128	69 
6129	316 
6130	107 
6131	54 
6132	357 
6133	358 
6134	100 
6135	312 
6136	2 
6137	175 
6138	179 
6139	185 
6140	219 
6141	42 
6142	304 
6143	208 
6144	92 
6145	16 
6146	12 
6147	373 
6148	184 
6149	100 
6150	49 
6151	211 
6152	98 
6153	125 
6154	125 
6155	344 
6156	278 
6157	24 
6158	273 
6159	80 
6160	58 
6161	234 
6162	46 
6163	185 
6164	404 
6165	368 
6166	254 
6167	193 
6168	212 
6169	167 
6170	169 
6171	165 
6172	365 
6173	66 
6174	11 
6175	404 
6176	334 
6177	6 
6178	79 
6179	246 
6180	398 
6181	303 
6182	86 
6183	356 
6184	60 
6185	136 
6186	14 
6187	304 
6188	148 
6189	262 
6190	145 
6191	329 
6192	230 
6193	37 
6194	214 
6195	249 
6196	269 
6197	105 
6198	64 
6199	160 
6200	353 
6201	107 
6202	127 
6203	141 
6204	124 
6205	109 
6206	117 
6207	301 
6208	221 
6209	157 
6210	101 
6211	86 
6212	214 
6213	208 
6214	205 
6215	310 
6216	93 
6217	97 
6218	85 
6219	90 
6220	313 
6221	277 
6222	288 
6223	41 
6224	271 
6225	2 
6226	398 
6227	166 
6228	186 
6229	5 
6230	215 
6231	368 
6232	199 
6233	66 
6234	205 
6235	243 
6236	343 
6237	165 
6238	64 
6239	296 
6240	149 
6241	344 
6242	194 
6243	198 
6244	129 
6245	144 
6246	132 
6247	107 
6248	303 
6249	290 
6250	385 
6251	384 
6252	297 
6253	94 
6254	322 
6255	314 
6256	132 
6257	40 
6258	224 
6259	222 
6260	359 
6261	233 
6262	109 
6263	285 
6264	346 
6265	16 
6266	118 
6267	123 
6268	127 
6269	235 
6270	317 
6271	365 
6272	118 
6273	212 
6274	93 
6275	358 
6276	117 
6277	386 
6278	169 
6279	379 
6280	166 
6281	163 
6282	34 
6283	172 
6284	109 
6285	293 
6286	323 
6287	43 
6288	105 
6289	26 
6290	238 
6291	357 
6292	163 
6293	233 
6294	8 
6295	136 
6296	184 
6297	223 
6298	202 
6299	38 
6300	37 
6301	154 
6302	290 
6303	405 
6304	30 
6305	157 
6306	13 
6307	118 
6308	101 
6309	160 
6310	193 
6311	63 
6312	152 
6313	293 
6314	165 
6315	303 
6316	198 
6317	43 
6318	152 
6319	25 
6320	116 
6321	109 
6322	37 
6323	218 
6324	286 
6325	132 
6326	184 
6327	324 
6328	70 
6329	389 
6330	214 
6331	344 
6332	369 
6333	376 
6334	107 
6335	61 
6336	389 
6337	210 
6338	372 
6339	27 
6340	285 
6341	293 
6342	232 
6343	298 
6344	219 
6345	140 
6346	53 
6347	270 
6348	13 
6349	299 
6350	344 
6351	144 
6352	379 
6353	183 
6354	241 
6355	275 
6356	52 
6357	302 
6358	85 
6359	66 
6360	267 
6361	385 
6362	381 
6363	195 
6364	254 
6365	58 
6366	42 
6367	94 
6368	56 
6369	262 
6370	113 
6371	35 
6372	343 
6373	399 
6374	155 
6375	311 
6376	134 
6377	310 
6378	125 
6379	374 
6380	217 
6381	304 
6382	358 
6383	336 
6384	119 
6385	373 
6386	236 
6387	287 
6388	378 
6389	138 
6390	203 
6391	290 
6392	31 
6393	298 
6394	80 
6395	365 
6396	329 
6397	184 
6398	172 
6399	381 
6400	107 
6401	365 
6402	309 
6403	167 
6404	284 
6405	240 
6406	50 
6407	346 
6408	349 
6409	56 
6410	4 
6411	47 
6412	237 
6413	346 
6414	311 
6415	144 
6416	336 
6417	167 
6418	263 
6419	202 
6420	348 
6421	222 
6422	155 
6423	51 
6424	193 
6425	401 
6426	389 
6427	79 
6428	44 
6429	60 
6430	235 
6431	382 
6432	51 
6433	288 
6434	146 
6435	403 
6436	188 
6437	375 
6438	70 
6439	74 
6440	165 
6441	148 
6442	170 
6443	28 
6444	237 
6445	161 
6446	216 
6447	146 
6448	68 
6449	256 
6450	26 
6451	292 
6452	61 
6453	199 
6454	95 
6455	44 
6456	381 
6457	322 
6458	225 
6459	74 
6460	124 
6461	51 
6462	284 
6463	136 
6464	360 
6465	317 
6466	320 
6467	390 
6468	273 
6469	90 
6470	86 
6471	180 
6472	357 
6473	328 
6474	118 
6475	163 
6476	130 
6477	363 
6478	172 
6479	80 
6480	287 
6481	332 
6482	320 
6483	123 
6484	61 
6485	273 
6486	80 
6487	217 
6488	292 
6489	102 
6490	83 
6491	314 
6492	8 
6493	389 
6494	238 
6495	214 
6496	261 
6497	11 
6498	100 
6499	304 
6500	161 
6501	310 
6502	293 
6503	263 
6504	116 
6505	331 
6506	169 
6507	98 
6508	270 
6509	219 
6510	222 
6511	223 
6512	388 
6513	212 
6514	4 
6515	219 
6516	104 
6517	259 
6518	240 
6519	109 
6520	160 
6521	159 
6522	242 
6523	133 
6524	134 
6525	294 
6526	260 
6527	16 
6528	235 
6529	355 
6530	223 
6531	162 
6532	371 
6533	56 
6534	227 
6535	331 
6536	165 
6537	276 
6538	306 
6539	22 
6540	332 
6541	49 
6542	393 
6543	101 
6544	54 
6545	182 
6546	385 
6547	220 
6548	303 
6549	62 
6550	106 
6551	277 
6552	185 
6553	338 
6554	256 
6555	277 
6556	195 
6557	291 
6558	167 
6559	39 
6560	58 
6561	357 
6562	5 
6563	50 
6564	87 
6565	269 
6566	12 
6567	100 
6568	52 
6569	37 
6570	76 
6571	79 
6572	203 
6573	81 
6574	355 
6575	119 
6576	267 
6577	331 
6578	162 
6579	167 
6580	70 
6581	74 
6582	399 
6583	320 
6584	217 
6585	41 
6586	311 
6587	294 
6588	245 
6589	355 
6590	161 
6591	325 
6592	107 
6593	379 
6594	376 
6595	158 
6596	290 
6597	216 
6598	236 
6599	396 
6600	129 
6601	351 
6602	124 
6603	77 
6604	120 
6605	301 
6606	282 
6607	170 
6608	31 
6609	35 
6610	84 
6611	115 
6612	56 
6613	80 
6614	127 
6615	198 
6616	155 
6617	220 
6618	371 
6619	5 
6620	334 
6621	100 
6622	396 
6623	92 
6624	323 
6625	46 
6626	372 
6627	317 
6628	190 
6629	343 
6630	209 
6631	385 
6632	172 
6633	264 
6634	106 
6635	18 
6636	16 
6637	152 
6638	195 
6639	60 
6640	398 
6641	127 
6642	27 
6643	94 
6644	180 
6645	394 
6646	154 
6647	254 
6648	331 
6649	299 
6650	12 
6651	100 
6652	130 
6653	80 
6654	393 
6655	5 
6656	244 
6657	167 
6658	238 
6659	60 
6660	372 
6661	216 
6662	381 
6663	272 
6664	243 
6665	381 
6666	165 
6667	332 
6668	73 
6669	44 
6670	215 
6671	368 
6672	309 
6673	53 
6674	107 
6675	334 
6676	243 
6677	355 
6678	294 
6679	405 
6680	372 
6681	272 
6682	360 
6683	187 
6684	400 
6685	193 
6686	26 
6687	302 
6688	254 
6689	103 
6690	232 
6691	160 
6692	245 
6693	267 
6694	349 
6695	136 
6696	241 
6697	310 
6698	115 
6699	333 
6700	374 
6701	49 
6702	124 
6703	52 
6704	314 
6705	164 
6706	373 
6707	84 
6708	159 
6709	382 
6710	302 
6711	28 
6712	31 
6713	225 
6714	363 
6715	376 
6716	123 
6717	77 
6718	183 
6719	311 
6720	37 
6721	84 
6722	322 
6723	103 
6724	188 
6725	243 
6726	297 
6727	177 
6728	371 
6729	235 
6730	74 
6731	372 
6732	313 
6733	241 
6734	325 
6735	24 
6736	160 
6737	120 
6738	60 
6739	75 
6740	31 
6741	102 
6742	97 
6743	332 
6744	353 
6745	214 
6746	220 
6747	263 
6748	80 
6749	141 
6750	238 
6751	404 
6752	283 
6753	376 
6754	348 
6755	97 
6756	64 
6757	311 
6758	212 
6759	360 
6760	169 
6761	132 
6762	351 
6763	93 
6764	312 
6765	267 
6766	42 
6767	61 
6768	279 
6769	169 
6770	198 
6771	211 
6772	213 
6773	195 
6774	100 
6775	361 
6776	397 
6777	46 
6778	331 
6779	190 
6780	42 
6781	219 
6782	363 
6783	132 
6784	166 
6785	14 
6786	211 
6787	109 
6788	388 
6789	345 
6790	390 
6791	157 
6792	113 
6793	271 
6794	324 
6795	136 
6796	382 
6797	283 
6798	95 
6799	311 
6800	219 
6801	394 
6802	327 
6803	374 
6804	319 
6805	38 
6806	30 
6807	221 
6808	390 
6809	344 
6810	30 
6811	399 
6812	188 
6813	399 
6814	376 
6815	129 
6816	213 
6817	284 
6818	375 
6819	104 
6820	86 
6821	356 
6822	77 
6823	328 
6824	246 
6825	369 
6826	262 
6827	389 
6828	28 
6829	171 
6830	143 
6831	146 
6832	325 
6833	127 
6834	22 
6835	175 
6836	97 
6837	46 
6838	295 
6839	167 
6840	154 
6841	92 
6842	235 
6843	161 
6844	160 
6845	336 
6846	100 
6847	401 
6848	144 
6849	127 
6850	386 
6851	154 
6852	343 
6853	213 
6854	405 
6855	284 
6856	272 
6857	220 
6858	344 
6859	241 
6860	104 
6861	171 
6862	268 
6863	319 
6864	320 
6865	163 
6866	165 
6867	58 
6868	282 
6869	49 
6870	109 
6871	139 
6872	381 
6873	100 
6874	24 
6875	389 
6876	292 
6877	1 
6878	21 
6879	76 
6880	390 
6881	27 
6882	334 
6883	125 
6884	38 
6885	203 
6886	262 
6887	287 
6888	224 
6889	364 
6890	403 
6891	301 
6892	343 
6893	389 
6894	102 
6895	7 
6896	272 
6897	66 
6898	233 
6899	319 
6900	148 
6901	297 
6902	375 
6903	319 
6904	319 
6905	198 
6906	209 
6907	375 
6908	349 
6909	188 
6910	244 
6911	382 
6912	40 
6913	176 
6914	132 
6915	212 
6916	79 
6917	86 
6918	327 
6919	1 
6920	229 
6921	219 
6922	83 
6923	290 
6924	245 
6925	183 
6926	236 
6927	166 
6928	107 
6929	148 
6930	351 
6931	61 
6932	41 
6933	343 
6934	369 
6935	236 
6936	222 
6937	149 
6938	290 
6939	353 
6940	241 
6941	29 
6942	106 
6943	134 
6944	80 
6945	27 
6946	148 
6947	37 
6948	285 
6949	378 
6950	58 
6951	92 
6952	186 
6953	262 
6954	100 
6955	69 
6956	105 
6957	325 
6958	316 
6959	336 
6960	87 
6961	368 
6962	133 
6963	127 
6964	6 
6965	130 
6966	188 
6967	135 
6968	322 
6969	187 
6970	17 
6971	274 
6972	282 
6973	92 
6974	176 
6975	172 
6976	378 
6977	284 
6978	378 
6979	403 
6980	139 
6981	356 
6982	127 
6983	388 
6984	343 
6985	62 
6986	222 
6987	95 
6988	145 
6989	244 
6990	183 
6991	319 
6992	172 
6993	320 
6994	344 
6995	384 
6996	344 
6997	343 
6998	401 
6999	329 
7000	335 
7001	242 
7002	130 
7003	100 
7004	237 
7005	343 
7006	25 
7007	58 
7008	380 
7009	297 
7010	320 
7011	37 
7012	49 
7013	282 
7014	205 
7015	1 
7016	68 
7017	376 
7018	373 
7019	160 
7020	269 
7021	350 
7022	379 
7023	366 
7024	49 
7025	296 
7026	103 
7027	138 
7028	357 
7029	360 
7030	355 
7031	217 
7032	285 
7033	170 
7034	54 
7035	370 
7036	125 
7037	113 
7038	188 
7039	35 
7040	7 
7041	241 
7042	100 
7043	268 
7044	311 
7045	184 
7046	28 
7047	293 
7048	176 
7049	11 
7050	69 
7051	328 
7052	51 
7053	208 
7054	297 
7055	116 
7056	29 
7057	363 
7058	384 
7059	21 
7060	246 
7061	162 
7062	103 
7063	332 
7064	147 
7065	223 
7066	370 
7067	357 
7068	313 
7069	201 
7070	101 
7071	1 
7072	327 
7073	201 
7074	28 
7075	69 
7076	8 
7077	269 
7078	53 
7079	155 
7080	225 
7081	16 
7082	105 
7083	256 
7084	165 
7085	187 
7086	219 
7087	107 
7088	134 
7089	80 
7090	180 
7091	107 
7092	261 
7093	127 
7094	378 
7095	212 
7096	101 
7097	310 
7098	264 
7099	149 
7100	193 
7101	179 
7102	222 
7103	134 
7104	316 
7105	84 
7106	241 
7107	107 
7108	271 
7109	184 
7110	344 
7111	185 
7112	230 
7113	160 
7114	30 
7115	51 
7116	157 
7117	12 
7118	63 
7119	184 
7120	147 
7121	113 
7122	38 
7123	115 
7124	214 
7125	52 
7126	127 
7127	169 
7128	380 
7129	238 
7130	369 
7131	21 
7132	403 
7133	312 
7134	83 
7135	217 
7136	374 
7137	273 
7138	125 
7139	382 
7140	106 
7141	214 
7142	281 
7143	167 
7144	312 
7145	334 
7146	74 
7147	328 
7148	214 
7149	375 
7150	345 
7151	147 
7152	314 
7153	400 
7154	292 
7155	166 
7156	327 
7157	92 
7158	76 
7159	310 
7160	332 
7161	58 
7162	296 
7163	343 
7164	393 
7165	323 
7166	225 
7167	372 
7168	109 
7169	172 
7170	299 
7171	79 
7172	117 
7173	42 
7174	129 
7175	373 
7176	139 
7177	385 
7178	198 
7179	274 
7180	149 
7181	102 
7182	346 
7183	309 
7184	217 
7185	90 
7186	171 
7187	246 
7188	396 
7189	376 
7190	177 
7191	148 
7192	97 
7193	125 
7194	365 
7195	54 
7196	230 
7197	138 
7198	28 
7199	211 
7200	159 
7201	13 
7202	367 
7203	284 
7204	220 
7205	127 
7206	325 
7207	52 
7208	44 
7209	261 
7210	233 
7211	246 
7212	219 
7213	346 
7214	227 
7215	138 
7216	271 
7217	329 
7218	263 
7219	403 
7220	180 
7221	106 
7222	219 
7223	138 
7224	217 
7225	152 
7226	367 
7227	49 
7228	124 
7229	290 
7230	215 
7231	221 
7232	323 
7233	64 
7234	228 
7235	343 
7236	320 
7237	186 
7238	2 
7239	92 
7240	338 
7241	227 
7242	184 
7243	353 
7244	135 
7245	123 
7246	367 
7247	109 
7248	175 
7249	262 
7250	77 
7251	54 
7252	212 
7253	89 
7254	329 
7255	11 
7256	115 
7257	125 
7258	399 
7259	97 
7260	331 
7261	147 
7262	133 
7263	405 
7264	385 
7265	25 
7266	58 
7267	375 
7268	79 
7269	225 
7270	401 
7271	44 
7272	202 
7273	125 
7274	201 
7275	124 
7276	390 
7277	206 
7278	291 
7279	227 
7280	30 
7281	213 
7282	42 
7283	181 
7284	181 
7285	358 
7286	327 
7287	299 
7288	129 
7289	328 
7290	325 
7291	79 
7292	242 
7293	47 
7294	344 
7295	380 
7296	230 
7297	152 
7298	381 
7299	219 
7300	261 
7301	166 
7302	80 
7303	363 
7304	399 
7305	201 
7306	373 
7307	314 
7308	244 
7309	373 
7310	232 
7311	320 
7312	1 
7313	222 
7314	269 
7315	329 
7316	379 
7317	261 
7318	140 
7319	274 
7320	138 
7321	21 
7322	365 
7323	256 
7324	205 
7325	145 
7326	155 
7327	162 
7328	169 
7329	273 
7330	219 
7331	294 
7332	219 
7333	284 
7334	235 
7335	61 
7336	399 
7337	228 
7338	236 
7339	349 
7340	113 
7341	379 
7342	165 
7343	245 
7344	30 
7345	63 
7346	39 
7347	95 
7348	69 
7349	68 
7350	301 
7351	245 
7352	106 
7353	80 
7354	39 
7355	102 
7356	283 
7357	160 
7358	185 
7359	233 
7360	281 
7361	97 
7362	225 
7363	119 
7364	162 
7365	292 
7366	147 
7367	26 
7368	245 
7369	230 
7370	83 
7371	103 
7372	39 
7373	102 
7374	363 
7375	8 
7376	50 
7377	316 
7378	263 
7379	360 
7380	323 
7381	180 
7382	221 
7383	357 
7384	144 
7385	127 
7386	320 
7387	274 
7388	317 
7389	217 
7390	283 
7391	398 
7392	86 
7393	365 
7394	1 
7395	182 
7396	63 
7397	143 
7398	149 
7399	148 
7400	53 
7401	283 
7402	169 
7403	93 
7404	187 
7405	73 
7406	229 
7407	186 
7408	4 
7409	282 
7410	372 
7411	167 
7412	125 
7413	309 
7414	69 
7415	319 
7416	288 
7417	2 
7418	293 
7419	373 
7420	242 
7421	157 
7422	261 
7423	50 
7424	41 
7425	2 
7426	321 
7427	404 
7428	237 
7429	314 
7430	385 
7431	47 
7432	365 
7433	100 
7434	164 
7435	269 
7436	363 
7437	372 
7438	64 
7439	396 
7440	105 
7441	40 
7442	101 
7443	388 
7444	119 
7445	272 
7446	380 
7447	225 
7448	58 
7449	123 
7450	221 
7451	261 
7452	332 
7453	285 
7454	397 
7455	113 
7456	304 
7457	292 
7458	8 
7459	355 
7460	113 
7461	379 
7462	123 
7463	296 
7464	396 
7465	76 
7466	132 
7467	345 
7468	68 
7469	268 
7470	229 
7471	393 
7472	215 
7473	397 
7474	141 
7475	103 
7476	404 
7477	149 
7478	214 
7479	160 
7480	40 
7481	228 
7482	370 
7483	200 
7484	34 
7485	243 
7486	230 
7487	11 
7488	46 
7489	16 
7490	98 
7491	124 
7492	97 
7493	92 
7494	172 
7495	350 
7496	24 
7497	2 
7498	335 
7499	272 
7500	104 
7501	338 
7502	219 
7503	327 
7504	349 
7505	311 
7506	183 
7507	357 
7508	105 
7509	62 
7510	27 
7511	310 
7512	117 
7513	50 
7514	288 
7515	163 
7516	343 
7517	329 
7518	157 
7519	92 
7520	236 
7521	292 
7522	117 
7523	240 
7524	95 
7525	363 
7526	105 
7527	61 
7528	259 
7529	282 
7530	206 
7531	348 
7532	130 
7533	132 
7534	232 
7535	170 
7536	138 
7537	384 
7538	116 
7539	283 
7540	309 
7541	396 
7542	103 
7543	90 
7544	268 
7545	327 
7546	92 
7547	274 
7548	380 
7549	328 
7550	327 
7551	336 
7552	103 
7553	164 
7554	138 
7555	125 
7556	228 
7557	288 
7558	215 
7559	68 
7560	50 
7561	375 
7562	326 
7563	8 
7564	242 
7565	141 
7566	38 
7567	336 
7568	219 
7569	312 
7570	198 
7571	41 
7572	203 
7573	125 
7574	115 
7575	238 
7576	361 
7577	184 
7578	159 
7579	200 
7580	314 
7581	56 
7582	138 
7583	38 
7584	166 
7585	269 
7586	140 
7587	372 
7588	236 
7589	79 
7590	6 
7591	298 
7592	366 
7593	101 
7594	2 
7595	154 
7596	8 
7597	358 
7598	17 
7599	355 
7600	90 
7601	405 
7602	182 
7603	184 
7604	268 
7605	393 
7606	228 
7607	321 
7608	17 
7609	349 
7610	284 
7611	232 
7612	369 
7613	125 
7614	232 
7615	162 
7616	299 
7617	164 
7618	86 
7619	134 
7620	355 
7621	28 
7622	54 
7623	298 
7624	374 
7625	259 
7626	355 
7627	313 
7628	355 
7629	261 
7630	138 
7631	17 
7632	105 
7633	24 
7634	63 
7635	74 
7636	335 
7637	89 
7638	139 
7639	185 
7640	73 
7641	130 
7642	313 
7643	58 
7644	63 
7645	200 
7646	343 
7647	311 
7648	282 
7649	179 
7650	400 
7651	80 
7652	195 
7653	103 
7654	220 
7655	360 
7656	35 
7657	292 
7658	47 
7659	1 
7660	311 
7661	179 
7662	323 
7663	83 
7664	86 
7665	63 
7666	237 
7667	366 
7668	193 
7669	13 
7670	26 
7671	172 
7672	182 
7673	242 
7674	24 
7675	262 
7676	367 
7677	106 
7678	206 
7679	320 
7680	64 
7681	102 
7682	288 
7683	129 
7684	202 
7685	28 
7686	24 
7687	115 
7688	89 
7689	322 
7690	379 
7691	85 
7692	163 
7693	355 
7694	90 
7695	68 
7696	353 
7697	214 
7698	264 
7699	281 
7700	166 
7701	211 
7702	154 
7703	147 
7704	259 
7705	100 
7706	357 
7707	374 
7708	187 
7709	125 
7710	283 
7711	47 
7712	11 
7713	233 
7714	360 
7715	41 
7716	343 
7717	198 
7718	319 
7719	310 
7720	147 
7721	161 
7722	175 
7723	262 
7724	385 
7725	357 
7726	319 
7727	400 
7728	366 
7729	233 
7730	242 
7731	64 
7732	215 
7733	198 
7734	190 
7735	14 
7736	185 
7737	311 
7738	165 
7739	107 
7740	288 
7741	355 
7742	285 
7743	230 
7744	68 
7745	243 
7746	284 
7747	284 
7748	363 
7749	195 
7750	104 
7751	201 
7752	213 
7753	295 
7754	323 
7755	205 
7756	105 
7757	398 
7758	44 
7759	129 
7760	54 
7761	6 
7762	311 
7763	224 
7764	184 
7765	336 
7766	329 
7767	332 
7768	349 
7769	79 
7770	399 
7771	2 
7772	161 
7773	369 
7774	219 
7775	396 
7776	17 
7777	195 
7778	381 
7779	376 
7780	163 
7781	363 
7782	97 
7783	364 
7784	115 
7785	285 
7786	375 
7787	140 
7788	274 
7789	378 
7790	349 
7791	107 
7792	84 
7793	127 
7794	290 
7795	256 
7796	203 
7797	244 
7798	313 
7799	331 
7800	350 
7801	326 
7802	390 
7803	310 
7804	70 
7805	155 
7806	295 
7807	319 
7808	105 
7809	224 
7810	262 
7811	166 
7812	216 
7813	400 
7814	373 
7815	34 
7816	293 
7817	393 
7818	152 
7819	138 
7820	211 
7821	292 
7822	303 
7823	272 
7824	370 
7825	161 
7826	322 
7827	233 
7828	327 
7829	49 
7830	378 
7831	389 
7832	155 
7833	171 
7834	317 
7835	224 
7836	117 
7837	16 
7838	243 
7839	269 
7840	358 
7841	139 
7842	309 
7843	314 
7844	201 
7845	324 
7846	321 
7847	166 
7848	350 
7849	378 
7850	74 
7851	198 
7852	256 
7853	283 
7854	52 
7855	378 
7856	49 
7857	324 
7858	389 
7859	372 
7860	148 
7861	183 
7862	148 
7863	274 
7864	316 
7865	180 
7866	380 
7867	198 
7868	331 
7869	16 
7870	27 
7871	233 
7872	369 
7873	230 
7874	106 
7875	296 
7876	264 
7877	238 
7878	6 
7879	322 
7880	225 
7881	353 
7882	357 
7883	217 
7884	115 
7885	272 
7886	167 
7887	60 
7888	242 
7889	369 
7890	317 
7891	205 
7892	345 
7893	195 
7894	274 
7895	169 
7896	370 
7897	86 
7898	129 
7899	269 
7900	180 
7901	180 
7902	379 
7903	213 
7904	213 
7905	397 
7906	89 
7907	397 
7908	34 
7909	89 
7910	223 
7911	146 
7912	358 
7913	324 
7914	100 
7915	344 
7916	186 
7917	299 
7918	235 
7919	175 
7920	76 
7921	37 
7922	162 
7923	34 
7924	127 
7925	140 
7926	299 
7927	49 
7928	338 
7929	317 
7930	186 
7931	363 
7932	309 
7933	165 
7934	98 
7935	155 
7936	232 
7937	332 
7938	44 
7939	372 
7940	28 
7941	203 
7942	50 
7943	136 
7944	89 
7945	304 
7946	346 
7947	74 
7948	80 
7949	236 
7950	77 
7951	104 
7952	117 
7953	161 
7954	175 
7955	172 
7956	398 
7957	338 
7958	216 
7959	109 
7960	154 
7961	287 
7962	49 
7963	370 
7964	74 
7965	140 
7966	105 
7967	317 
7968	106 
7969	83 
7970	44 
7971	169 
7972	123 
7973	294 
7974	396 
7975	217 
7976	92 
7977	314 
7978	4 
7979	240 
7980	37 
7981	294 
7982	17 
7983	367 
7984	238 
7985	321 
7986	282 
7987	37 
7988	328 
7989	129 
7990	109 
7991	125 
7992	169 
7993	44 
7994	396 
7995	17 
7996	107 
7997	164 
7998	198 
7999	235 
8000	27 
8001	85 
8002	148 
8003	141 
8004	216 
8005	346 
8006	357 
8007	290 
8008	161 
8009	326 
8010	245 
8011	186 
8012	73 
8013	292 
8014	358 
8015	291 
8016	125 
8017	331 
8018	182 
8019	124 
8020	293 
8021	228 
8022	309 
8023	54 
8024	182 
8025	360 
8026	313 
8027	127 
8028	4 
8029	299 
8030	372 
8031	393 
8032	161 
8033	13 
8034	295 
8035	214 
8036	134 
8037	139 
8038	198 
8039	319 
8040	373 
8041	202 
8042	37 
8043	193 
8044	205 
8045	274 
8046	154 
8047	242 
8048	320 
8049	83 
8050	138 
8051	180 
8052	86 
8053	263 
8054	365 
8055	35 
8056	83 
8057	401 
8058	374 
8059	221 
8060	143 
8061	138 
8062	49 
8063	28 
8064	115 
8065	363 
8066	273 
8067	127 
8068	225 
8069	185 
8070	220 
8071	290 
8072	90 
8073	381 
8074	180 
8075	263 
8076	155 
8077	398 
8078	109 
8079	290 
8080	292 
8081	317 
8082	349 
8083	172 
8084	176 
8085	147 
8086	310 
8087	198 
8088	169 
8089	296 
8090	136 
8091	349 
8092	176 
8093	132 
8094	85 
8095	298 
8096	129 
8097	52 
8098	331 
8099	97 
8100	134 
8101	236 
8102	92 
8103	8 
8104	171 
8105	146 
8106	27 
8107	346 
8108	336 
8109	360 
8110	259 
8111	390 
8112	24 
8113	42 
8114	294 
8115	42 
8116	16 
8117	373 
8118	269 
8119	295 
8120	349 
8121	214 
8122	56 
8123	404 
8124	116 
8125	373 
8126	293 
8127	292 
8128	117 
8129	219 
8130	237 
8131	105 
8132	11 
8133	127 
8134	35 
8135	368 
8136	381 
8137	365 
8138	64 
8139	195 
8140	103 
8141	312 
8142	80 
8143	123 
8144	180 
8145	375 
8146	68 
8147	98 
8148	166 
8149	77 
8150	206 
8151	316 
8152	314 
8153	90 
8154	223 
8155	203 
8156	327 
8157	139 
8158	233 
8159	34 
8160	360 
8161	282 
8162	288 
8163	1 
8164	403 
8165	237 
8166	290 
8167	338 
8168	147 
8169	132 
8170	171 
8171	113 
8172	166 
8173	28 
8174	281 
8175	166 
8176	269 
8177	166 
8178	184 
8179	160 
8180	344 
8181	272 
8182	224 
8183	399 
8184	149 
8185	350 
8186	69 
8187	63 
8188	47 
8189	272 
8190	320 
8191	140 
8192	299 
8193	284 
8194	403 
8195	35 
8196	396 
8197	363 
8198	292 
8199	345 
8200	42 
8201	165 
8202	70 
8203	291 
8204	261 
8205	97 
8206	381 
8207	115 
8208	366 
8209	228 
8210	393 
8211	2 
8212	119 
8213	64 
8214	40 
8215	269 
8216	235 
8217	74 
8218	37 
8219	274 
8220	233 
8221	35 
8222	294 
8223	159 
8224	378 
8225	141 
8226	187 
8227	187 
8228	390 
8229	8 
8230	1 
8231	287 
8232	213 
8233	240 
8234	109 
8235	146 
8236	268 
8237	35 
8238	166 
8239	200 
8240	105 
8241	46 
8242	222 
8243	224 
8244	358 
8245	113 
8246	93 
8247	12 
8248	107 
8249	86 
8250	44 
8251	312 
8252	319 
8253	304 
8254	184 
8255	316 
8256	70 
8257	58 
8258	353 
8259	376 
8260	166 
8261	200 
8262	97 
8263	129 
8264	310 
8265	228 
8266	331 
8267	380 
8268	184 
8269	380 
8270	367 
8271	60 
8272	74 
8273	166 
8274	260 
8275	125 
8276	393 
8277	46 
8278	296 
8279	98 
8280	8 
8281	92 
8282	13 
8283	378 
8284	327 
8285	201 
8286	272 
8287	327 
8288	195 
8289	274 
8290	193 
8291	262 
8292	164 
8293	51 
8294	123 
8295	281 
8296	323 
8297	344 
8298	317 
8299	86 
8300	220 
8301	403 
8302	316 
8303	237 
8304	269 
8305	109 
8306	125 
8307	334 
8308	186 
8309	346 
8310	27 
8311	193 
8312	274 
8313	262 
8314	355 
8315	230 
8316	298 
8317	295 
8318	309 
8319	109 
8320	358 
8321	344 
8322	274 
8323	215 
8324	182 
8325	376 
8326	203 
8327	237 
8328	12 
8329	372 
8330	320 
8331	24 
8332	107 
8333	298 
8334	232 
8335	198 
8336	103 
8337	324 
8338	314 
8339	76 
8340	259 
8341	299 
8342	389 
8343	86 
8344	113 
8345	149 
8346	80 
8347	284 
8348	113 
8349	11 
8350	293 
8351	403 
8352	165 
8353	69 
8354	294 
8355	216 
8356	399 
8357	375 
8358	235 
8359	70 
8360	214 
8361	405 
8362	92 
8363	38 
8364	355 
8365	103 
8366	167 
8367	37 
8368	56 
8369	365 
8370	317 
8371	219 
8372	296 
8373	129 
8374	327 
8375	320 
8376	132 
8377	235 
8378	240 
8379	70 
8380	216 
8381	399 
8382	85 
8383	107 
8384	203 
8385	310 
8386	345 
8387	328 
8388	373 
8389	182 
8390	334 
8391	381 
8392	56 
8393	198 
8394	154 
8395	38 
8396	324 
8397	115 
8398	166 
8399	105 
8400	224 
8401	54 
8402	365 
8403	169 
8404	166 
8405	54 
8406	184 
8407	105 
8408	49 
8409	379 
8410	159 
8411	100 
8412	79 
8413	223 
8414	317 
8415	349 
8416	399 
8417	349 
8418	143 
8419	26 
8420	261 
8421	375 
8422	183 
8423	282 
8424	175 
8425	316 
8426	332 
8427	322 
8428	93 
8429	116 
8430	355 
8431	295 
8432	160 
8433	143 
8434	123 
8435	272 
8436	113 
8437	283 
8438	136 
8439	287 
8440	401 
8441	171 
8442	378 
8443	221 
8444	155 
8445	233 
8446	76 
8447	89 
8448	242 
8449	58 
8450	119 
8451	355 
8452	161 
8453	267 
8454	245 
8455	127 
8456	187 
8457	27 
8458	146 
8459	167 
8460	328 
8461	212 
8462	125 
8463	375 
8464	355 
8465	203 
8466	187 
8467	103 
8468	98 
8469	288 
8470	76 
8471	314 
8472	161 
8473	215 
8474	6 
8475	16 
8476	184 
8477	335 
8478	327 
8479	269 
8480	274 
8481	182 
8482	37 
8483	264 
8484	282 
8485	103 
8486	217 
8487	90 
8488	44 
8489	50 
8490	63 
8491	298 
8492	217 
8493	338 
8494	259 
8495	139 
8496	381 
8497	68 
8498	49 
8499	16 
8500	281 
8501	143 
8502	317 
8503	148 
8504	366 
8505	317 
8506	185 
8507	165 
8508	245 
8509	202 
8510	98 
8511	105 
8512	68 
8513	238 
8514	272 
8515	184 
8516	180 
8517	262 
8518	242 
8519	263 
8520	215 
8521	338 
8522	160 
8523	90 
8524	367 
8525	28 
8526	203 
8527	79 
8528	104 
8529	268 
8530	124 
8531	16 
8532	190 
8533	338 
8534	329 
8535	403 
8536	389 
8537	313 
8538	212 
8539	90 
8540	42 
8541	282 
8542	187 
8543	195 
8544	260 
8545	42 
8546	238 
8547	152 
8548	200 
8549	125 
8550	363 
8551	262 
8552	123 
8553	139 
8554	213 
8555	184 
8556	323 
8557	103 
8558	1 
8559	80 
8560	314 
8561	70 
8562	100 
8563	261 
8564	51 
8565	124 
8566	262 
8567	103 
8568	141 
8569	357 
8570	350 
8571	109 
8572	93 
8573	230 
8574	376 
8575	401 
8576	193 
8577	24 
8578	281 
8579	165 
8580	404 
8581	125 
8582	213 
8583	260 
8584	389 
8585	50 
8586	242 
8587	373 
8588	214 
8589	195 
8590	6 
8591	378 
8592	299 
8593	216 
8594	123 
8595	292 
8596	233 
8597	92 
8598	262 
8599	233 
8600	89 
8601	148 
8602	260 
8603	98 
8604	164 
8605	345 
8606	195 
8607	42 
8608	291 
8609	373 
8610	116 
8611	50 
8612	310 
8613	28 
8614	322 
8615	291 
8616	63 
8617	132 
8618	202 
8619	161 
8620	171 
8621	319 
8622	79 
8623	242 
8624	169 
8625	224 
8626	344 
8627	373 
8628	202 
8629	198 
8630	283 
8631	69 
8632	40 
8633	101 
8634	345 
8635	236 
8636	198 
8637	313 
8638	123 
8639	267 
8640	69 
8641	17 
8642	336 
8643	104 
8644	216 
8645	146 
8646	80 
8647	113 
8648	51 
8649	309 
8650	169 
8651	263 
8652	404 
8653	264 
8654	200 
8655	267 
8656	230 
8657	319 
8658	176 
8659	124 
8660	138 
8661	159 
8662	375 
8663	291 
8664	232 
8665	58 
8666	324 
8667	290 
8668	132 
8669	329 
8670	109 
8671	63 
8672	180 
8673	284 
8674	245 
8675	155 
8676	13 
8677	154 
8678	225 
8679	312 
8680	202 
8681	372 
8682	136 
8683	83 
8684	97 
8685	304 
8686	345 
8687	344 
8688	149 
8689	136 
8690	27 
8691	242 
8692	28 
8693	232 
8694	403 
8695	154 
8696	159 
8697	316 
8698	319 
8699	222 
8700	28 
8701	76 
8702	304 
8703	260 
8704	267 
8705	202 
8706	97 
8707	381 
8708	236 
8709	349 
8710	313 
8711	214 
8712	104 
8713	323 
8714	262 
8715	238 
8716	136 
8717	27 
8718	166 
8719	200 
8720	138 
8721	214 
8722	328 
8723	320 
8724	313 
8725	292 
8726	12 
8727	224 
8728	375 
8729	187 
8730	326 
8731	322 
8732	272 
8733	326 
8734	185 
8735	198 
8736	344 
8737	58 
8738	169 
8739	357 
8740	242 
8741	26 
8742	273 
8743	70 
8744	216 
8745	49 
8746	60 
8747	349 
8748	184 
8749	309 
8750	164 
8751	103 
8752	28 
8753	264 
8754	331 
8755	203 
8756	269 
8757	221 
8758	132 
8759	162 
8760	322 
8761	245 
8762	405 
8763	51 
8764	236 
8765	83 
8766	139 
8767	100 
8768	378 
8769	319 
8770	237 
8771	346 
8772	125 
8773	324 
8774	202 
8775	335 
8776	198 
8777	225 
8778	187 
8779	327 
8780	403 
8781	79 
8782	332 
8783	282 
8784	167 
8785	89 
8786	52 
8787	86 
8788	389 
8789	155 
8790	143 
8791	193 
8792	34 
8793	77 
8794	336 
8795	282 
8796	138 
8797	70 
8798	372 
8799	155 
8800	296 
8801	319 
8802	101 
8803	232 
8804	76 
8805	147 
8806	42 
8807	124 
8808	244 
8809	125 
8810	138 
8811	314 
8812	309 
8813	345 
8814	322 
8815	293 
8816	165 
8817	49 
8818	259 
8819	160 
8820	76 
8821	267 
8822	282 
8823	58 
8824	259 
8825	390 
8826	331 
8827	353 
8828	358 
8829	349 
8830	24 
8831	404 
8832	171 
8833	40 
8834	69 
8835	355 
8836	381 
8837	141 
8838	365 
8839	350 
8840	264 
8841	216 
8842	165 
8843	109 
8844	152 
8845	346 
8846	37 
8847	269 
8848	390 
8849	160 
8850	236 
8851	86 
8852	26 
8853	237 
8854	186 
8855	97 
8856	136 
8857	215 
8858	147 
8859	162 
8860	274 
8861	282 
8862	182 
8863	322 
8864	27 
8865	77 
8866	138 
8867	389 
8868	164 
8869	50 
8870	225 
8871	237 
8872	116 
8873	313 
8874	295 
8875	124 
8876	164 
8877	138 
8878	263 
8879	326 
8880	34 
8881	160 
8882	379 
8883	40 
8884	89 
8885	389 
8886	146 
8887	380 
8888	187 
8889	267 
8890	296 
8891	269 
8892	35 
8893	143 
8894	335 
8895	200 
8896	304 
8897	353 
8898	375 
8899	27 
8900	295 
8901	219 
8902	309 
8903	35 
8904	219 
8905	123 
8906	360 
8907	366 
8908	115 
8909	242 
8910	353 
8911	346 
8912	283 
8913	113 
8914	86 
8915	228 
8916	219 
8917	24 
8918	363 
8919	203 
8920	152 
8921	89 
8922	129 
8923	232 
8924	346 
8925	125 
8926	44 
8927	51 
8928	403 
8929	389 
8930	182 
8931	17 
8932	148 
8933	139 
8934	183 
8935	185 
8936	221 
8937	378 
8938	237 
8939	373 
8940	358 
8941	404 
8942	311 
8943	127 
8944	40 
8945	290 
8946	334 
8947	154 
8948	12 
8949	292 
8950	233 
8951	154 
8952	180 
8953	358 
8954	334 
8955	372 
8956	79 
8957	60 
8958	360 
8959	172 
8960	283 
8961	141 
8962	214 
8963	123 
8964	323 
8965	221 
8966	314 
8967	353 
8968	334 
8969	155 
8970	222 
8971	182 
8972	294 
8973	106 
8974	89 
8975	143 
8976	290 
8977	116 
8978	34 
8979	63 
8980	104 
8981	346 
8982	332 
8983	349 
8984	148 
8985	263 
8986	104 
8987	224 
8988	183 
8989	225 
8990	103 
8991	83 
8992	76 
8993	293 
8994	74 
8995	132 
8996	343 
8997	237 
8998	233 
8999	50 
9000	70 
9001	355 
9002	44 
9003	40 
9004	124 
9005	167 
9006	294 
9007	152 
9008	182 
9009	58 
9010	319 
9011	136 
9012	221 
9013	17 
9014	200 
9015	217 
9016	262 
9017	44 
9018	180 
9019	124 
9020	149 
9021	200 
9022	355 
9023	69 
9024	68 
9025	86 
9026	312 
9027	331 
9028	232 
9029	219 
9030	269 
9031	132 
9032	264 
9033	77 
9034	203 
9035	69 
9036	171 
9037	34 
9038	64 
9039	220 
9040	273 
9041	38 
9042	233 
9043	58 
9044	172 
9045	273 
9046	219 
9047	185 
9048	129 
9049	124 
9050	148 
9051	324 
9052	124 
9053	97 
9054	101 
9055	212 
9056	365 
9057	155 
9058	269 
9059	115 
9060	290 
9061	316 
9062	37 
9063	405 
9064	326 
9065	13 
9066	272 
9067	1 
9068	358 
9069	290 
9070	166 
9071	350 
9072	344 
9073	216 
9074	125 
9075	389 
9076	214 
9077	378 
9078	123 
9079	152 
9080	28 
9081	283 
9082	202 
9083	323 
9084	76 
9085	228 
9086	155 
9087	326 
9088	12 
9089	287 
9090	77 
9091	56 
9092	240 
9093	295 
9094	310 
9095	28 
9096	101 
9097	136 
9098	195 
9099	182 
9100	74 
9101	262 
9102	13 
9103	35 
9104	345 
9105	86 
9106	74 
9107	233 
9108	116 
9109	51 
9110	68 
9111	202 
9112	217 
9113	350 
9114	220 
9115	214 
9116	263 
9117	74 
9118	37 
9119	336 
9120	287 
9121	109 
9122	327 
9123	263 
9124	329 
9125	42 
9126	405 
9127	129 
9128	313 
9129	317 
9130	105 
9131	269 
9132	12 
9133	213 
9134	42 
9135	225 
9136	180 
9137	404 
9138	134 
9139	304 
9140	183 
9141	311 
9142	225 
9143	100 
9144	260 
9145	381 
9146	185 
9147	152 
9148	83 
9149	242 
9150	274 
9151	182 
9152	115 
9153	313 
9154	13 
9155	376 
9156	267 
9157	242 
9158	124 
9159	290 
9160	262 
9161	320 
9162	343 
9163	12 
9164	316 
9165	164 
9166	232 
9167	187 
9168	260 
9169	89 
9170	312 
9171	314 
9172	155 
9173	343 
9174	311 
9175	238 
9176	230 
9177	50 
9178	109 
9179	357 
9180	160 
9181	169 
9182	304 
9183	79 
9184	311 
9185	360 
9186	162 
9187	273 
9188	311 
9189	139 
9190	124 
9191	169 
9192	374 
9193	97 
9194	331 
9195	79 
9196	269 
9197	185 
9198	287 
9199	13 
9200	154 
9201	327 
9202	165 
9203	245 
9204	185 
9205	345 
9206	346 
9207	344 
9208	290 
9209	290 
9210	311 
9211	1 
9212	69 
9213	228 
9214	132 
9215	169 
9216	295 
9217	355 
9218	214 
9219	109 
9220	237 
9221	260 
9222	203 
9223	202 
9224	314 
9225	155 
9226	152 
9227	24 
9228	316 
9229	294 
9230	124 
9231	106 
9232	327 
9233	134 
9234	283 
9235	100 
9236	291 
9237	358 
9238	148 
9239	164 
9240	273 
9241	92 
9242	152 
9243	113 
9244	222 
9245	269 
9246	134 
9247	169 
9248	264 
9249	222 
9250	343 
9251	372 
9252	228 
9253	282 
9254	70 
9255	183 
9256	403 
9257	27 
9258	127 
9259	312 
9260	24 
9261	148 
9262	298 
9263	206 
9264	162 
9265	40 
9266	389 
9267	298 
9268	259 
9269	389 
9270	221 
9271	213 
9272	83 
9273	350 
9274	219 
9275	259 
9276	216 
9277	272 
9278	217 
9279	291 
9280	123 
9281	298 
9282	193 
9283	295 
9284	109 
9285	123 
9286	49 
9287	345 
9288	198 
9289	376 
9290	331 
9291	100 
9292	2 
9293	79 
9294	310 
9295	69 
9296	345 
9297	92 
9298	245 
9299	272 
9300	16 
9301	214 
9302	220 
9303	232 
9304	225 
9305	357 
9306	324 
9307	172 
9308	124 
9309	389 
9310	236 
9311	92 
9312	217 
9313	233 
9314	27 
9315	42 
9316	291 
9317	404 
9318	138 
9319	215 
9320	304 
9321	357 
9322	319 
9323	79 
9324	298 
9325	34 
9326	123 
9327	355 
9328	107 
9329	17 
9330	403 
9331	77 
9332	51 
9333	2 
9334	200 
9335	155 
9336	195 
9337	346 
9338	264 
9339	237 
9340	109 
9341	312 
9342	74 
9343	320 
9344	134 
9345	221 
9346	291 
9347	378 
9348	298 
9349	272 
9350	272 
9351	343 
9352	13 
9353	236 
9354	109 
9355	107 
9356	127 
9357	290 
9358	343 
9359	225 
9360	309 
9361	167 
9362	405 
9363	230 
9364	13 
9365	376 
9366	132 
9367	225 
9368	166 
9369	217 
9370	312 
9371	74 
9372	230 
9373	237 
9374	376 
9375	182 
9376	320 
9377	100 
9378	139 
9379	80 
9380	185 
9381	124 
9382	259 
9383	274 
9384	202 
9385	16 
9386	193 
9387	272 
9388	198 
9389	113 
9390	343 
9391	90 
9392	221 
9393	232 
9394	132 
9395	327 
9396	123 
9397	51 
9398	283 
9399	281 
9400	269 
9401	404 
9402	50 
9403	404 
9404	109 
9405	233 
9406	50 
9407	311 
9408	344 
9409	360 
9410	77 
9411	378 
9412	200 
9413	70 
9414	172 
9415	109 
9416	310 
9417	237 
9418	272 
9419	312 
9420	127 
9421	220 
9422	262 
9423	34 
9424	50 
9425	90 
9426	269 
9427	124 
9428	169 
9429	79 
9430	44 
9431	60 
9432	187 
9433	349 
9434	115 
9435	288 
9436	343 
9437	327 
9438	242 
9439	314 
9440	124 
9441	2 
9442	296 
9443	166 
9444	187 
9445	42 
9446	349 
9447	79 
9448	162 
9449	233 
9450	238 
9451	262 
9452	106 
9453	103 
9454	363 
9455	109 
9456	37 
9457	220 
9458	358 
9459	101 
9460	298 
9461	152 
9462	195 
9463	236 
9464	154 
9465	225 
9466	311 
9467	182 
9468	172 
9469	154 
9470	152 
9471	97 
9472	269 
9473	237 
9474	373 
9475	40 
9476	225 
9477	56 
9478	228 
9479	162 
9480	2 
9481	69 
9482	310 
9483	267 
9484	283 
9485	169 
9486	80 
9487	213 
9488	101 
9489	374 
9490	165 
9491	329 
9492	198 
9493	298 
9494	314 
9495	103 
9496	296 
9497	147 
9498	165 
9499	287 
9500	154 
9501	221 
9502	216 
9503	343 
9504	40 
9505	169 
9506	405 
9507	376 
9508	155 
9509	283 
9510	399 
9511	198 
9512	154 
9513	291 
9514	310 
9515	349 
9516	77 
9517	50 
9518	360 
9519	101 
9520	399 
9521	49 
9522	272 
9523	42 
9524	233 
9525	16 
9526	236 
9527	139 
9528	259 
9529	220 
9530	233 
9531	219 
9532	182 
9533	106 
9534	215 
9535	129 
9536	171 
9537	331 
9538	148 
9539	138 
9540	49 
9541	365 
9542	267 
9543	272 
9544	80 
9545	124 
9546	183 
9547	56 
9548	283 
9549	215 
9550	220 
9551	355 
9552	139 
9553	404 
9554	127 
9555	334 
9556	334 
9557	274 
9558	329 
9559	162 
9560	298 
9561	314 
9562	374 
9563	125 
9564	403 
9565	92 
9566	311 
9567	172 
9568	291 
9569	219 
9570	379 
9571	44 
9572	292 
9573	344 
9574	16 
9575	225 
9576	49 
9577	195 
9578	319 
9579	35 
9580	262 
9581	228 
9582	80 
9583	202 
9584	290 
9585	97 
9586	230 
9587	203 
9588	166 
9589	269 
9590	287 
9591	105 
9592	125 
9593	124 
9594	329 
9595	259 
9596	50 
9597	245 
9598	198 
9599	389 
9600	378 
9601	100 
9602	313 
9603	193 
9604	56 
9605	221 
9606	282 
9607	148 
9608	405 
9609	44 
9610	245 
9611	372 
9612	298 
9613	214 
9614	349 
9615	152 
9616	327 
9617	129 
9618	363 
9619	152 
9620	42 
9621	69 
9622	374 
9623	171 
9624	403 
9625	345 
9626	363 
9627	183 
9628	124 
9629	115 
9630	42 
9631	169 
9632	79 
9633	50 
9634	327 
9635	312 
9636	34 
9637	164 
9638	155 
9639	106 
9640	216 
9641	200 
9642	180 
9643	129 
9644	213 
9645	313 
9646	49 
9647	213 
9648	49 
9649	374 
9650	358 
9651	220 
9652	86 
9653	312 
9654	349 
9655	147 
9656	27 
9657	129 
9658	304 
9659	183 
9660	2 
9661	58 
9662	69 
9663	80 
9664	56 
9665	148 
9666	375 
9667	343 
9668	225 
9669	327 
9670	334 
9671	42 
9672	193 
9673	375 
9674	1 
9675	185 
9676	233 
9677	171 
9678	298 
9679	162 
9680	350 
9681	203 
9682	42 
9683	115 
9684	203 
9685	167 
9686	203 
9687	58 
9688	374 
9689	365 
9690	334 
9691	184 
9692	213 
9693	92 
9694	70 
9695	100 
9696	109 
9697	358 
9698	185 
9699	86 
9700	343 
9701	272 
9702	389 
9703	378 
9704	310 
9705	70 
9706	373 
9707	70 
9708	228 
9709	233 
9710	312 
9711	169 
9712	152 
9713	314 
9714	44 
9715	310 
9716	86 
9717	28 
9718	349 
9719	195 
9720	404 
9721	350 
9722	220 
9723	310 
9724	320 
9725	233 
9726	269 
9727	274 
9728	123 
9729	378 
9730	164 
9731	101 
9732	195 
9733	360 
9734	221 
9735	139 
9736	312 
9737	50 
9738	237 
9739	329 
9740	103 
9741	195 
9742	329 
9743	272 
9744	51 
9745	214 
9746	215 
9747	264 
9748	262 
9749	80 
9750	311 
9751	69 
9752	24 
9753	262 
9754	344 
9755	320 
9756	360 
9757	288 
9758	217 
9759	113 
9760	232 
9761	202 
9762	28 
9763	320 
9764	221 
9765	233 
9766	34 
9767	35 
9768	165 
9769	329 
9770	295 
9771	113 
9772	220 
9773	404 
9774	274 
9775	292 
9776	203 
9777	56 
9778	109 
9779	171 
9780	405 
9781	24 
9782	228 
9783	103 
9784	288 
9785	195 
9786	219 
9787	58 
9788	291 
9789	264 
9790	373 
9791	349 
9792	221 
9793	334 
9794	51 
9795	304 
9796	113 
9797	79 
9798	311 
9799	365 
9800	34 
9801	298 
9802	311 
9803	282 
9804	164 
9805	80 
9806	2 
9807	345 
9808	182 
9809	264 
9810	106 
9811	69 
9812	24 
9813	220 
9814	50 
9815	374 
9816	125 
9817	213 
9818	182 
9819	378 
9820	182 
9821	27 
9822	405 
9823	1 
9824	74 
9825	262 
9826	70 
9827	262 
9828	215 
9829	154 
9830	237 
9831	195 
9832	357 
9833	310 
9834	357 
9835	79 
9836	228 
9837	42 
9838	124 
9839	298 
9840	86 
9841	106 
9842	225 
9843	167 
9844	164 
9845	331 
9846	283 
9847	262 
9848	193 
9849	345 
9850	50 
9851	100 
9852	100 
9853	103 
9854	147 
9855	225 
9856	296 
9857	183 
9858	262 
9859	58 
9860	169 
9861	374 
9862	79 
9863	389 
9864	376 
9865	311 
9866	343 
9867	58 
9868	404 
9869	80 
9870	103 
9871	58 
9872	314 
9873	290 
9874	113 
9875	109 
9876	228 
9877	154 
9878	24 
9879	1 
9880	127 
9881	129 
9882	245 
9883	292 
9884	378 
9885	311 
9886	372 
9887	28 
9888	106 
9889	291 
9890	1 
9891	233 
9892	187 
9893	51 
9894	74 
9895	343 
9896	350 
9897	349 
9898	37 
9899	313 
9900	155 
9901	358 
9902	198 
9903	376 
9904	219 
9905	182 
9906	74 
9907	236 
9908	358 
9909	269 
9910	228 
9911	37 
9912	203 
9913	167 
9914	37 
9915	331 
9916	374 
9917	288 
9918	233 
9919	365 
9920	290 
9921	171 
9922	236 
9923	138 
9924	100 
9925	103 
9926	63 
9927	125 
9928	334 
9929	355 
9930	103 
9931	373 
9932	34 
9933	203 
9934	79 
9935	283 
9936	92 
9937	129 
9938	327 
9939	69 
9940	225 
9941	37 
9942	365 
9943	164 
9944	292 
9945	79 
9946	288 
9947	358 
9948	164 
9949	51 
9950	63 
9951	296 
9952	50 
9953	290 
9954	262 
9955	225 
9956	105 
9957	113 
9958	107 
9959	124 
9960	217 
9961	314 
9962	282 
9963	283 
9964	345 
9965	220 
9966	154 
9967	304 
9968	147 
9969	58 
9970	245 
9971	334 
9972	86 
9973	44 
9974	376 
9975	129 
9976	115 
9977	154 
9978	86 
9979	358 
9980	373 
9981	40 
9982	105 
9983	220 
9984	288 
9985	107 
9986	165 
9987	115 
9988	236 
9989	44 
9990	320 
9991	343 
9992	378 
9993	374 
9994	203 
9995	165 
9996	171 
9997	232 
9998	245 
9999	213 
10000	147 
