1	302 
2	30 
3	440 
4	338 
5	72 
6	268 
7	446 
8	247 
9	153 
10	74 
11	386 
12	392 
13	368 
14	208 
15	306 
16	68 
17	365 
18	26 
19	404 
20	85 
21	36 
22	381 
23	264 
24	458 
25	89 
26	105 
27	283 
28	309 
29	156 
30	275 
31	395 
32	145 
33	186 
34	391 
35	262 
36	89 
37	332 
38	277 
39	441 
40	35 
41	415 
42	215 
43	431 
44	454 
45	230 
46	233 
47	351 
48	266 
49	263 
50	302 
51	200 
52	393 
53	204 
54	417 
55	115 
56	391 
57	316 
58	72 
59	292 
60	5 
61	94 
62	302 
63	54 
64	121 
65	255 
66	270 
67	376 
68	33 
69	340 
70	207 
71	374 
72	136 
73	72 
74	267 
75	188 
76	60 
77	120 
78	330 
79	391 
80	238 
81	221 
82	445 
83	93 
84	63 
85	223 
86	431 
87	164 
88	251 
89	401 
90	345 
91	54 
92	451 
93	7 
94	238 
95	11 
96	22 
97	314 
98	343 
99	51 
100	7 
101	241 
102	304 
103	449 
104	197 
105	239 
106	84 
107	453 
108	309 
109	299 
110	67 
111	232 
112	397 
113	253 
114	438 
115	219 
116	290 
117	447 
118	294 
119	459 
120	418 
121	295 
122	125 
123	78 
124	161 
125	283 
126	433 
127	61 
128	170 
129	39 
130	41 
131	462 
132	353 
133	314 
134	348 
135	14 
136	413 
137	169 
138	13 
139	85 
140	364 
141	130 
142	323 
143	359 
144	171 
145	147 
146	162 
147	365 
148	86 
149	362 
150	428 
151	369 
152	101 
153	39 
154	83 
155	81 
156	286 
157	336 
158	81 
159	260 
160	419 
161	36 
162	225 
163	362 
164	355 
165	26 
166	232 
167	61 
168	455 
169	116 
170	311 
171	277 
172	358 
173	218 
174	190 
175	203 
176	404 
177	280 
178	80 
179	231 
180	69 
181	133 
182	212 
183	84 
184	402 
185	231 
186	293 
187	410 
188	111 
189	285 
190	436 
191	319 
192	106 
193	68 
194	283 
195	4 
196	142 
197	309 
198	237 
199	265 
200	245 
201	389 
202	383 
203	50 
204	12 
205	116 
206	120 
207	387 
208	431 
209	7 
210	268 
211	219 
212	27 
213	161 
214	176 
215	307 
216	349 
217	101 
218	333 
219	312 
220	348 
221	414 
222	336 
223	152 
224	2 
225	83 
226	399 
227	171 
228	280 
229	129 
230	426 
231	128 
232	228 
233	310 
234	24 
235	12 
236	311 
237	369 
238	271 
239	304 
240	58 
241	176 
242	404 
243	348 
244	419 
245	446 
246	435 
247	97 
248	334 
249	351 
250	262 
251	384 
252	57 
253	312 
254	158 
255	328 
256	436 
257	68 
258	387 
259	323 
260	200 
261	67 
262	136 
263	151 
264	402 
265	50 
266	74 
267	65 
268	329 
269	25 
270	171 
271	207 
272	146 
273	154 
274	192 
275	283 
276	264 
277	132 
278	228 
279	38 
280	41 
281	403 
282	316 
283	416 
284	38 
285	200 
286	459 
287	186 
288	83 
289	4 
290	430 
291	417 
292	18 
293	317 
294	414 
295	436 
296	171 
297	406 
298	419 
299	200 
300	342 
301	79 
302	289 
303	55 
304	402 
305	439 
306	440 
307	194 
308	46 
309	401 
310	424 
311	181 
312	300 
313	170 
314	442 
315	337 
316	256 
317	114 
318	437 
319	358 
320	204 
321	377 
322	251 
323	220 
324	294 
325	175 
326	342 
327	36 
328	398 
329	265 
330	73 
331	298 
332	297 
333	261 
334	357 
335	286 
336	129 
337	325 
338	142 
339	26 
340	24 
341	417 
342	335 
343	83 
344	268 
345	142 
346	389 
347	117 
348	311 
349	374 
350	453 
351	433 
352	131 
353	395 
354	264 
355	105 
356	22 
357	137 
358	412 
359	8 
360	54 
361	139 
362	201 
363	240 
364	82 
365	203 
366	164 
367	261 
368	443 
369	163 
370	418 
371	335 
372	58 
373	42 
374	12 
375	111 
376	21 
377	198 
378	373 
379	230 
380	426 
381	457 
382	137 
383	152 
384	105 
385	365 
386	324 
387	108 
388	259 
389	284 
390	122 
391	167 
392	161 
393	91 
394	384 
395	34 
396	142 
397	390 
398	298 
399	79 
400	59 
401	173 
402	165 
403	334 
404	457 
405	442 
406	232 
407	150 
408	289 
409	259 
410	15 
411	354 
412	55 
413	436 
414	96 
415	209 
416	201 
417	22 
418	373 
419	428 
420	7 
421	453 
422	331 
423	197 
424	334 
425	216 
426	447 
427	177 
428	455 
429	220 
430	338 
431	218 
432	203 
433	154 
434	156 
435	142 
436	99 
437	453 
438	127 
439	395 
440	213 
441	271 
442	275 
443	392 
444	323 
445	277 
446	255 
447	86 
448	59 
449	288 
450	435 
451	51 
452	52 
453	80 
454	462 
455	328 
456	256 
457	105 
458	232 
459	360 
460	318 
461	125 
462	15 
463	378 
464	261 
465	96 
466	19 
467	435 
468	375 
469	309 
470	459 
471	133 
472	439 
473	296 
474	288 
475	349 
476	264 
477	378 
478	111 
479	259 
480	375 
481	378 
482	118 
483	200 
484	196 
485	257 
486	47 
487	366 
488	1 
489	417 
490	375 
491	97 
492	273 
493	201 
494	309 
495	424 
496	333 
497	18 
498	142 
499	104 
500	354 
501	416 
502	156 
503	267 
504	269 
505	239 
506	408 
507	64 
508	56 
509	433 
510	249 
511	106 
512	186 
513	386 
514	307 
515	325 
516	140 
517	192 
518	105 
519	118 
520	214 
521	170 
522	12 
523	382 
524	96 
525	415 
526	58 
527	346 
528	276 
529	308 
530	118 
531	248 
532	455 
533	323 
534	165 
535	11 
536	22 
537	200 
538	302 
539	239 
540	296 
541	22 
542	377 
543	165 
544	149 
545	21 
546	364 
547	453 
548	327 
549	125 
550	418 
551	308 
552	253 
553	98 
554	210 
555	300 
556	156 
557	257 
558	64 
559	396 
560	369 
561	71 
562	44 
563	74 
564	224 
565	80 
566	110 
567	368 
568	48 
569	435 
570	77 
571	302 
572	68 
573	303 
574	52 
575	100 
576	265 
577	16 
578	340 
579	113 
580	32 
581	31 
582	138 
583	366 
584	323 
585	253 
586	372 
587	249 
588	133 
589	108 
590	178 
591	94 
592	405 
593	227 
594	86 
595	333 
596	285 
597	447 
598	413 
599	458 
600	158 
601	122 
602	236 
603	5 
604	167 
605	385 
606	57 
607	89 
608	178 
609	22 
610	128 
611	231 
612	59 
613	138 
614	56 
615	247 
616	149 
617	275 
618	242 
619	448 
620	324 
621	415 
622	50 
623	229 
624	347 
625	353 
626	457 
627	441 
628	362 
629	227 
630	198 
631	35 
632	419 
633	297 
634	68 
635	353 
636	45 
637	134 
638	84 
639	327 
640	442 
641	193 
642	47 
643	132 
644	74 
645	261 
646	101 
647	161 
648	100 
649	266 
650	348 
651	255 
652	362 
653	10 
654	182 
655	323 
656	440 
657	75 
658	322 
659	421 
660	107 
661	354 
662	59 
663	2 
664	293 
665	301 
666	364 
667	273 
668	34 
669	103 
670	454 
671	438 
672	261 
673	460 
674	25 
675	29 
676	266 
677	18 
678	30 
679	16 
680	302 
681	275 
682	305 
683	290 
684	149 
685	45 
686	290 
687	18 
688	352 
689	343 
690	67 
691	373 
692	281 
693	65 
694	40 
695	65 
696	427 
697	260 
698	330 
699	19 
700	313 
701	165 
702	360 
703	162 
704	53 
705	345 
706	322 
707	364 
708	118 
709	204 
710	171 
711	44 
712	447 
713	236 
714	450 
715	104 
716	60 
717	96 
718	11 
719	388 
720	105 
721	339 
722	97 
723	187 
724	383 
725	185 
726	382 
727	425 
728	80 
729	48 
730	160 
731	27 
732	411 
733	29 
734	400 
735	41 
736	262 
737	117 
738	398 
739	232 
740	36 
741	197 
742	427 
743	218 
744	100 
745	222 
746	359 
747	261 
748	142 
749	185 
750	272 
751	453 
752	354 
753	230 
754	83 
755	21 
756	238 
757	77 
758	189 
759	383 
760	57 
761	281 
762	149 
763	132 
764	163 
765	282 
766	203 
767	382 
768	454 
769	224 
770	27 
771	285 
772	436 
773	293 
774	272 
775	241 
776	374 
777	118 
778	67 
779	442 
780	245 
781	287 
782	243 
783	141 
784	286 
785	291 
786	37 
787	201 
788	252 
789	124 
790	116 
791	205 
792	271 
793	270 
794	243 
795	194 
796	234 
797	13 
798	335 
799	96 
800	232 
801	100 
802	116 
803	190 
804	438 
805	425 
806	415 
807	118 
808	147 
809	19 
810	410 
811	340 
812	62 
813	449 
814	111 
815	1 
816	22 
817	385 
818	102 
819	345 
820	36 
821	101 
822	18 
823	92 
824	79 
825	158 
826	385 
827	272 
828	318 
829	144 
830	360 
831	428 
832	224 
833	259 
834	332 
835	89 
836	450 
837	241 
838	25 
839	308 
840	169 
841	161 
842	29 
843	216 
844	143 
845	156 
846	300 
847	18 
848	324 
849	17 
850	279 
851	141 
852	372 
853	135 
854	399 
855	143 
856	431 
857	36 
858	77 
859	323 
860	204 
861	153 
862	184 
863	278 
864	283 
865	442 
866	204 
867	173 
868	186 
869	77 
870	78 
871	453 
872	132 
873	174 
874	199 
875	415 
876	150 
877	287 
878	162 
879	430 
880	370 
881	280 
882	205 
883	312 
884	292 
885	233 
886	147 
887	323 
888	84 
889	460 
890	180 
891	279 
892	256 
893	266 
894	424 
895	173 
896	154 
897	206 
898	50 
899	436 
900	24 
901	361 
902	302 
903	418 
904	293 
905	457 
906	281 
907	317 
908	307 
909	184 
910	80 
911	400 
912	459 
913	390 
914	272 
915	150 
916	435 
917	445 
918	452 
919	305 
920	306 
921	188 
922	33 
923	285 
924	251 
925	171 
926	195 
927	459 
928	264 
929	58 
930	319 
931	356 
932	253 
933	271 
934	345 
935	439 
936	247 
937	184 
938	113 
939	21 
940	376 
941	175 
942	225 
943	223 
944	193 
945	438 
946	349 
947	291 
948	289 
949	437 
950	215 
951	415 
952	438 
953	234 
954	201 
955	319 
956	440 
957	435 
958	292 
959	328 
960	246 
961	165 
962	330 
963	388 
964	225 
965	51 
966	23 
967	245 
968	169 
969	462 
970	346 
971	185 
972	321 
973	288 
974	420 
975	454 
976	245 
977	109 
978	418 
979	83 
980	409 
981	398 
982	322 
983	108 
984	294 
985	352 
986	438 
987	264 
988	32 
989	412 
990	440 
991	22 
992	248 
993	7 
994	448 
995	221 
996	36 
997	366 
998	253 
999	255 
1000	21 
1001	308 
1002	329 
1003	94 
1004	160 
1005	374 
1006	239 
1007	239 
1008	146 
1009	222 
1010	60 
1011	117 
1012	12 
1013	284 
1014	106 
1015	62 
1016	346 
1017	308 
1018	49 
1019	336 
1020	135 
1021	224 
1022	162 
1023	359 
1024	43 
1025	439 
1026	375 
1027	395 
1028	88 
1029	260 
1030	237 
1031	426 
1032	76 
1033	282 
1034	40 
1035	249 
1036	369 
1037	228 
1038	272 
1039	418 
1040	159 
1041	383 
1042	189 
1043	159 
1044	152 
1045	254 
1046	327 
1047	296 
1048	70 
1049	277 
1050	101 
1051	367 
1052	242 
1053	16 
1054	420 
1055	18 
1056	265 
1057	50 
1058	292 
1059	315 
1060	355 
1061	4 
1062	367 
1063	227 
1064	144 
1065	445 
1066	459 
1067	98 
1068	389 
1069	144 
1070	450 
1071	186 
1072	65 
1073	388 
1074	216 
1075	317 
1076	36 
1077	118 
1078	264 
1079	142 
1080	314 
1081	455 
1082	57 
1083	303 
1084	21 
1085	242 
1086	372 
1087	354 
1088	126 
1089	225 
1090	197 
1091	432 
1092	422 
1093	310 
1094	307 
1095	435 
1096	186 
1097	165 
1098	296 
1099	196 
1100	319 
1101	125 
1102	206 
1103	369 
1104	6 
1105	135 
1106	46 
1107	445 
1108	399 
1109	438 
1110	3 
1111	119 
1112	177 
1113	2 
1114	361 
1115	381 
1116	238 
1117	12 
1118	51 
1119	3 
1120	380 
1121	367 
1122	294 
1123	194 
1124	451 
1125	208 
1126	249 
1127	23 
1128	72 
1129	359 
1130	111 
1131	100 
1132	459 
1133	184 
1134	134 
1135	68 
1136	185 
1137	210 
1138	1 
1139	194 
1140	133 
1141	281 
1142	435 
1143	451 
1144	386 
1145	460 
1146	124 
1147	171 
1148	403 
1149	26 
1150	396 
1151	1 
1152	217 
1153	143 
1154	418 
1155	428 
1156	198 
1157	300 
1158	5 
1159	172 
1160	347 
1161	89 
1162	200 
1163	322 
1164	94 
1165	334 
1166	18 
1167	330 
1168	60 
1169	156 
1170	363 
1171	33 
1172	252 
1173	329 
1174	96 
1175	229 
1176	128 
1177	175 
1178	376 
1179	350 
1180	439 
1181	317 
1182	411 
1183	416 
1184	81 
1185	219 
1186	447 
1187	15 
1188	55 
1189	172 
1190	372 
1191	86 
1192	423 
1193	348 
1194	111 
1195	434 
1196	178 
1197	400 
1198	136 
1199	240 
1200	233 
1201	277 
1202	174 
1203	449 
1204	388 
1205	49 
1206	136 
1207	93 
1208	317 
1209	311 
1210	140 
1211	353 
1212	145 
1213	60 
1214	448 
1215	2 
1216	92 
1217	281 
1218	210 
1219	429 
1220	255 
1221	142 
1222	126 
1223	364 
1224	88 
1225	125 
1226	317 
1227	395 
1228	372 
1229	21 
1230	123 
1231	45 
1232	256 
1233	180 
1234	301 
1235	420 
1236	448 
1237	352 
1238	80 
1239	145 
1240	413 
1241	121 
1242	265 
1243	341 
1244	86 
1245	361 
1246	456 
1247	381 
1248	284 
1249	135 
1250	206 
1251	270 
1252	303 
1253	244 
1254	2 
1255	321 
1256	453 
1257	289 
1258	143 
1259	377 
1260	141 
1261	440 
1262	309 
1263	276 
1264	268 
1265	448 
1266	222 
1267	80 
1268	5 
1269	257 
1270	174 
1271	27 
1272	456 
1273	241 
1274	34 
1275	347 
1276	293 
1277	448 
1278	246 
1279	439 
1280	215 
1281	446 
1282	286 
1283	219 
1284	192 
1285	186 
1286	352 
1287	231 
1288	211 
1289	409 
1290	153 
1291	341 
1292	227 
1293	436 
1294	260 
1295	462 
1296	40 
1297	342 
1298	66 
1299	388 
1300	207 
1301	265 
1302	341 
1303	329 
1304	423 
1305	39 
1306	424 
1307	370 
1308	248 
1309	77 
1310	82 
1311	337 
1312	459 
1313	319 
1314	366 
1315	192 
1316	278 
1317	59 
1318	325 
1319	434 
1320	177 
1321	385 
1322	88 
1323	228 
1324	408 
1325	127 
1326	455 
1327	352 
1328	419 
1329	387 
1330	173 
1331	319 
1332	29 
1333	242 
1334	442 
1335	433 
1336	173 
1337	172 
1338	104 
1339	148 
1340	201 
1341	426 
1342	88 
1343	376 
1344	278 
1345	36 
1346	200 
1347	1 
1348	205 
1349	257 
1350	212 
1351	257 
1352	196 
1353	184 
1354	120 
1355	391 
1356	336 
1357	362 
1358	150 
1359	8 
1360	149 
1361	279 
1362	192 
1363	307 
1364	378 
1365	370 
1366	238 
1367	137 
1368	184 
1369	450 
1370	419 
1371	436 
1372	103 
1373	278 
1374	408 
1375	13 
1376	230 
1377	281 
1378	330 
1379	385 
1380	369 
1381	414 
1382	80 
1383	285 
1384	143 
1385	115 
1386	46 
1387	16 
1388	277 
1389	101 
1390	449 
1391	440 
1392	355 
1393	289 
1394	157 
1395	298 
1396	36 
1397	291 
1398	426 
1399	35 
1400	146 
1401	210 
1402	132 
1403	350 
1404	397 
1405	228 
1406	233 
1407	203 
1408	42 
1409	353 
1410	411 
1411	157 
1412	132 
1413	191 
1414	304 
1415	335 
1416	95 
1417	379 
1418	214 
1419	364 
1420	17 
1421	426 
1422	59 
1423	331 
1424	254 
1425	311 
1426	361 
1427	407 
1428	222 
1429	250 
1430	242 
1431	80 
1432	99 
1433	65 
1434	332 
1435	356 
1436	187 
1437	321 
1438	71 
1439	46 
1440	421 
1441	344 
1442	435 
1443	192 
1444	115 
1445	384 
1446	73 
1447	304 
1448	74 
1449	251 
1450	290 
1451	454 
1452	93 
1453	201 
1454	54 
1455	385 
1456	344 
1457	163 
1458	77 
1459	385 
1460	262 
1461	133 
1462	28 
1463	373 
1464	438 
1465	253 
1466	327 
1467	231 
1468	135 
1469	281 
1470	224 
1471	4 
1472	71 
1473	383 
1474	41 
1475	55 
1476	76 
1477	65 
1478	160 
1479	338 
1480	199 
1481	293 
1482	375 
1483	462 
1484	304 
1485	408 
1486	329 
1487	268 
1488	398 
1489	13 
1490	193 
1491	295 
1492	71 
1493	279 
1494	93 
1495	368 
1496	196 
1497	84 
1498	303 
1499	137 
1500	363 
1501	202 
1502	337 
1503	263 
1504	133 
1505	429 
1506	404 
1507	92 
1508	263 
1509	289 
1510	114 
1511	205 
1512	263 
1513	215 
1514	283 
1515	459 
1516	101 
1517	337 
1518	135 
1519	149 
1520	255 
1521	279 
1522	150 
1523	252 
1524	181 
1525	140 
1526	71 
1527	183 
1528	107 
1529	273 
1530	406 
1531	362 
1532	65 
1533	325 
1534	345 
1535	151 
1536	461 
1537	2 
1538	42 
1539	401 
1540	356 
1541	285 
1542	371 
1543	278 
1544	245 
1545	257 
1546	234 
1547	403 
1548	132 
1549	2 
1550	126 
1551	301 
1552	437 
1553	366 
1554	187 
1555	165 
1556	291 
1557	148 
1558	242 
1559	182 
1560	99 
1561	400 
1562	300 
1563	441 
1564	231 
1565	444 
1566	395 
1567	264 
1568	218 
1569	457 
1570	2 
1571	445 
1572	246 
1573	310 
1574	239 
1575	84 
1576	422 
1577	151 
1578	77 
1579	22 
1580	392 
1581	144 
1582	190 
1583	258 
1584	360 
1585	166 
1586	361 
1587	262 
1588	364 
1589	84 
1590	238 
1591	337 
1592	264 
1593	178 
1594	319 
1595	398 
1596	32 
1597	185 
1598	192 
1599	238 
1600	100 
1601	339 
1602	372 
1603	178 
1604	183 
1605	140 
1606	40 
1607	178 
1608	180 
1609	65 
1610	403 
1611	387 
1612	411 
1613	70 
1614	425 
1615	258 
1616	205 
1617	283 
1618	439 
1619	173 
1620	179 
1621	314 
1622	427 
1623	311 
1624	163 
1625	186 
1626	4 
1627	124 
1628	21 
1629	104 
1630	251 
1631	442 
1632	363 
1633	434 
1634	382 
1635	149 
1636	158 
1637	319 
1638	254 
1639	229 
1640	188 
1641	70 
1642	326 
1643	240 
1644	80 
1645	338 
1646	70 
1647	382 
1648	154 
1649	158 
1650	92 
1651	118 
1652	428 
1653	129 
1654	35 
1655	235 
1656	285 
1657	449 
1658	255 
1659	107 
1660	260 
1661	419 
1662	26 
1663	153 
1664	321 
1665	294 
1666	300 
1667	153 
1668	368 
1669	188 
1670	458 
1671	39 
1672	380 
1673	306 
1674	194 
1675	260 
1676	368 
1677	279 
1678	205 
1679	164 
1680	125 
1681	261 
1682	368 
1683	375 
1684	361 
1685	149 
1686	400 
1687	338 
1688	37 
1689	169 
1690	292 
1691	122 
1692	169 
1693	172 
1694	157 
1695	290 
1696	71 
1697	313 
1698	125 
1699	98 
1700	409 
1701	334 
1702	194 
1703	306 
1704	101 
1705	129 
1706	65 
1707	134 
1708	8 
1709	451 
1710	186 
1711	155 
1712	300 
1713	427 
1714	32 
1715	327 
1716	199 
1717	310 
1718	132 
1719	242 
1720	55 
1721	303 
1722	380 
1723	361 
1724	403 
1725	122 
1726	47 
1727	357 
1728	90 
1729	193 
1730	196 
1731	198 
1732	358 
1733	13 
1734	364 
1735	340 
1736	306 
1737	453 
1738	179 
1739	374 
1740	324 
1741	1 
1742	287 
1743	85 
1744	37 
1745	22 
1746	332 
1747	323 
1748	58 
1749	404 
1750	123 
1751	33 
1752	75 
1753	358 
1754	303 
1755	198 
1756	31 
1757	295 
1758	173 
1759	89 
1760	439 
1761	87 
1762	103 
1763	38 
1764	187 
1765	333 
1766	133 
1767	48 
1768	88 
1769	239 
1770	416 
1771	239 
1772	115 
1773	278 
1774	85 
1775	46 
1776	344 
1777	191 
1778	22 
1779	415 
1780	426 
1781	333 
1782	431 
1783	392 
1784	177 
1785	295 
1786	210 
1787	135 
1788	173 
1789	378 
1790	346 
1791	431 
1792	234 
1793	101 
1794	190 
1795	294 
1796	239 
1797	178 
1798	156 
1799	62 
1800	153 
1801	247 
1802	450 
1803	370 
1804	299 
1805	159 
1806	32 
1807	2 
1808	117 
1809	302 
1810	368 
1811	457 
1812	101 
1813	34 
1814	65 
1815	261 
1816	151 
1817	4 
1818	85 
1819	372 
1820	46 
1821	305 
1822	186 
1823	139 
1824	205 
1825	400 
1826	458 
1827	182 
1828	262 
1829	86 
1830	228 
1831	74 
1832	184 
1833	98 
1834	84 
1835	453 
1836	126 
1837	111 
1838	112 
1839	432 
1840	460 
1841	411 
1842	107 
1843	341 
1844	84 
1845	22 
1846	453 
1847	106 
1848	364 
1849	14 
1850	202 
1851	141 
1852	268 
1853	185 
1854	163 
1855	345 
1856	418 
1857	460 
1858	438 
1859	418 
1860	460 
1861	153 
1862	333 
1863	409 
1864	282 
1865	64 
1866	122 
1867	159 
1868	303 
1869	220 
1870	204 
1871	97 
1872	163 
1873	226 
1874	116 
1875	84 
1876	341 
1877	206 
1878	435 
1879	78 
1880	26 
1881	173 
1882	286 
1883	153 
1884	320 
1885	403 
1886	203 
1887	104 
1888	384 
1889	102 
1890	436 
1891	447 
1892	230 
1893	112 
1894	136 
1895	250 
1896	75 
1897	232 
1898	285 
1899	207 
1900	75 
1901	187 
1902	214 
1903	72 
1904	255 
1905	431 
1906	142 
1907	245 
1908	199 
1909	20 
1910	93 
1911	221 
1912	374 
1913	47 
1914	134 
1915	369 
1916	261 
1917	114 
1918	350 
1919	34 
1920	339 
1921	150 
1922	423 
1923	168 
1924	459 
1925	326 
1926	256 
1927	174 
1928	83 
1929	210 
1930	321 
1931	409 
1932	399 
1933	339 
1934	43 
1935	76 
1936	297 
1937	350 
1938	307 
1939	407 
1940	420 
1941	459 
1942	380 
1943	79 
1944	303 
1945	84 
1946	181 
1947	85 
1948	119 
1949	92 
1950	35 
1951	51 
1952	206 
1953	147 
1954	246 
1955	9 
1956	461 
1957	444 
1958	349 
1959	351 
1960	22 
1961	23 
1962	193 
1963	295 
1964	85 
1965	348 
1966	85 
1967	341 
1968	143 
1969	224 
1970	212 
1971	178 
1972	328 
1973	265 
1974	84 
1975	161 
1976	40 
1977	194 
1978	348 
1979	233 
1980	442 
1981	56 
1982	364 
1983	258 
1984	255 
1985	183 
1986	218 
1987	388 
1988	21 
1989	69 
1990	286 
1991	182 
1992	355 
1993	42 
1994	51 
1995	81 
1996	418 
1997	307 
1998	212 
1999	123 
2000	325 
2001	170 
2002	25 
2003	83 
2004	446 
2005	140 
2006	34 
2007	25 
2008	317 
2009	433 
2010	75 
2011	425 
2012	13 
2013	54 
2014	61 
2015	431 
2016	188 
2017	233 
2018	291 
2019	217 
2020	255 
2021	347 
2022	202 
2023	320 
2024	258 
2025	168 
2026	235 
2027	3 
2028	229 
2029	245 
2030	282 
2031	1 
2032	77 
2033	74 
2034	44 
2035	121 
2036	149 
2037	197 
2038	163 
2039	223 
2040	105 
2041	17 
2042	317 
2043	148 
2044	85 
2045	173 
2046	433 
2047	279 
2048	37 
2049	387 
2050	323 
2051	224 
2052	326 
2053	282 
2054	457 
2055	318 
2056	56 
2057	202 
2058	107 
2059	388 
2060	10 
2061	170 
2062	92 
2063	419 
2064	114 
2065	351 
2066	423 
2067	206 
2068	157 
2069	415 
2070	286 
2071	26 
2072	282 
2073	374 
2074	161 
2075	83 
2076	189 
2077	180 
2078	34 
2079	179 
2080	5 
2081	165 
2082	109 
2083	69 
2084	298 
2085	318 
2086	264 
2087	126 
2088	429 
2089	235 
2090	450 
2091	341 
2092	138 
2093	445 
2094	50 
2095	214 
2096	260 
2097	194 
2098	449 
2099	281 
2100	139 
2101	288 
2102	341 
2103	363 
2104	132 
2105	76 
2106	278 
2107	103 
2108	429 
2109	39 
2110	118 
2111	147 
2112	288 
2113	320 
2114	441 
2115	111 
2116	127 
2117	194 
2118	80 
2119	332 
2120	412 
2121	176 
2122	101 
2123	149 
2124	416 
2125	346 
2126	55 
2127	23 
2128	1 
2129	108 
2130	323 
2131	6 
2132	191 
2133	277 
2134	141 
2135	2 
2136	339 
2137	219 
2138	162 
2139	269 
2140	427 
2141	133 
2142	219 
2143	80 
2144	65 
2145	251 
2146	280 
2147	193 
2148	293 
2149	426 
2150	393 
2151	346 
2152	29 
2153	288 
2154	267 
2155	121 
2156	118 
2157	29 
2158	420 
2159	169 
2160	49 
2161	199 
2162	80 
2163	12 
2164	357 
2165	355 
2166	162 
2167	234 
2168	249 
2169	318 
2170	449 
2171	245 
2172	69 
2173	342 
2174	72 
2175	47 
2176	439 
2177	98 
2178	159 
2179	68 
2180	39 
2181	218 
2182	434 
2183	422 
2184	344 
2185	317 
2186	72 
2187	101 
2188	179 
2189	140 
2190	103 
2191	292 
2192	360 
2193	154 
2194	47 
2195	427 
2196	397 
2197	89 
2198	200 
2199	388 
2200	66 
2201	276 
2202	460 
2203	167 
2204	286 
2205	177 
2206	301 
2207	217 
2208	68 
2209	364 
2210	281 
2211	337 
2212	4 
2213	120 
2214	9 
2215	41 
2216	12 
2217	37 
2218	401 
2219	202 
2220	176 
2221	128 
2222	14 
2223	205 
2224	4 
2225	321 
2226	205 
2227	153 
2228	338 
2229	278 
2230	103 
2231	86 
2232	54 
2233	247 
2234	432 
2235	135 
2236	454 
2237	61 
2238	98 
2239	271 
2240	197 
2241	176 
2242	309 
2243	356 
2244	359 
2245	165 
2246	104 
2247	306 
2248	300 
2249	173 
2250	163 
2251	175 
2252	58 
2253	146 
2254	255 
2255	292 
2256	165 
2257	128 
2258	167 
2259	458 
2260	23 
2261	102 
2262	45 
2263	93 
2264	30 
2265	397 
2266	131 
2267	146 
2268	248 
2269	93 
2270	21 
2271	286 
2272	283 
2273	426 
2274	243 
2275	134 
2276	265 
2277	171 
2278	409 
2279	92 
2280	207 
2281	366 
2282	265 
2283	416 
2284	330 
2285	11 
2286	94 
2287	262 
2288	82 
2289	74 
2290	325 
2291	412 
2292	203 
2293	317 
2294	249 
2295	18 
2296	426 
2297	378 
2298	118 
2299	299 
2300	25 
2301	136 
2302	166 
2303	13 
2304	228 
2305	169 
2306	320 
2307	450 
2308	450 
2309	265 
2310	256 
2311	275 
2312	231 
2313	137 
2314	155 
2315	378 
2316	377 
2317	232 
2318	107 
2319	376 
2320	204 
2321	132 
2322	283 
2323	379 
2324	44 
2325	375 
2326	252 
2327	289 
2328	281 
2329	76 
2330	330 
2331	394 
2332	414 
2333	322 
2334	438 
2335	438 
2336	180 
2337	168 
2338	277 
2339	178 
2340	162 
2341	354 
2342	301 
2343	418 
2344	197 
2345	101 
2346	388 
2347	136 
2348	406 
2349	406 
2350	240 
2351	56 
2352	152 
2353	410 
2354	316 
2355	195 
2356	315 
2357	385 
2358	106 
2359	186 
2360	214 
2361	54 
2362	312 
2363	323 
2364	33 
2365	255 
2366	335 
2367	434 
2368	291 
2369	190 
2370	1 
2371	219 
2372	282 
2373	398 
2374	335 
2375	437 
2376	379 
2377	364 
2378	265 
2379	165 
2380	50 
2381	362 
2382	93 
2383	105 
2384	100 
2385	134 
2386	22 
2387	397 
2388	320 
2389	36 
2390	407 
2391	65 
2392	283 
2393	391 
2394	125 
2395	292 
2396	118 
2397	86 
2398	61 
2399	409 
2400	443 
2401	347 
2402	442 
2403	335 
2404	336 
2405	308 
2406	299 
2407	196 
2408	260 
2409	291 
2410	9 
2411	74 
2412	64 
2413	186 
2414	432 
2415	8 
2416	394 
2417	120 
2418	229 
2419	15 
2420	372 
2421	368 
2422	266 
2423	90 
2424	405 
2425	367 
2426	150 
2427	252 
2428	162 
2429	8 
2430	389 
2431	273 
2432	342 
2433	168 
2434	158 
2435	34 
2436	194 
2437	68 
2438	411 
2439	200 
2440	15 
2441	308 
2442	72 
2443	110 
2444	108 
2445	348 
2446	376 
2447	2 
2448	65 
2449	251 
2450	363 
2451	363 
2452	343 
2453	402 
2454	194 
2455	150 
2456	178 
2457	360 
2458	59 
2459	176 
2460	217 
2461	436 
2462	92 
2463	104 
2464	317 
2465	436 
2466	446 
2467	298 
2468	170 
2469	364 
2470	377 
2471	306 
2472	47 
2473	26 
2474	399 
2475	359 
2476	300 
2477	223 
2478	104 
2479	132 
2480	414 
2481	458 
2482	181 
2483	314 
2484	104 
2485	183 
2486	443 
2487	77 
2488	229 
2489	408 
2490	453 
2491	321 
2492	398 
2493	110 
2494	39 
2495	33 
2496	263 
2497	195 
2498	435 
2499	286 
2500	103 
2501	138 
2502	36 
2503	153 
2504	337 
2505	92 
2506	74 
2507	68 
2508	24 
2509	40 
2510	396 
2511	136 
2512	83 
2513	395 
2514	129 
2515	224 
2516	38 
2517	283 
2518	351 
2519	142 
2520	228 
2521	204 
2522	190 
2523	58 
2524	437 
2525	329 
2526	113 
2527	237 
2528	40 
2529	330 
2530	303 
2531	134 
2532	29 
2533	106 
2534	194 
2535	127 
2536	10 
2537	144 
2538	330 
2539	403 
2540	446 
2541	62 
2542	225 
2543	348 
2544	110 
2545	242 
2546	389 
2547	8 
2548	71 
2549	275 
2550	72 
2551	305 
2552	130 
2553	323 
2554	152 
2555	171 
2556	320 
2557	193 
2558	161 
2559	216 
2560	5 
2561	166 
2562	96 
2563	404 
2564	390 
2565	203 
2566	339 
2567	376 
2568	198 
2569	210 
2570	439 
2571	268 
2572	65 
2573	108 
2574	134 
2575	128 
2576	450 
2577	292 
2578	194 
2579	429 
2580	160 
2581	21 
2582	116 
2583	33 
2584	168 
2585	150 
2586	349 
2587	410 
2588	197 
2589	190 
2590	345 
2591	19 
2592	227 
2593	455 
2594	273 
2595	407 
2596	67 
2597	369 
2598	442 
2599	330 
2600	30 
2601	287 
2602	18 
2603	38 
2604	217 
2605	197 
2606	254 
2607	446 
2608	265 
2609	29 
2610	59 
2611	341 
2612	275 
2613	320 
2614	439 
2615	224 
2616	220 
2617	326 
2618	34 
2619	286 
2620	197 
2621	100 
2622	385 
2623	206 
2624	416 
2625	418 
2626	398 
2627	372 
2628	185 
2629	66 
2630	110 
2631	163 
2632	34 
2633	7 
2634	281 
2635	183 
2636	53 
2637	127 
2638	393 
2639	16 
2640	411 
2641	120 
2642	123 
2643	405 
2644	46 
2645	302 
2646	277 
2647	322 
2648	357 
2649	139 
2650	103 
2651	62 
2652	136 
2653	450 
2654	165 
2655	84 
2656	405 
2657	340 
2658	448 
2659	436 
2660	362 
2661	11 
2662	313 
2663	127 
2664	116 
2665	388 
2666	157 
2667	364 
2668	112 
2669	277 
2670	83 
2671	93 
2672	133 
2673	255 
2674	226 
2675	422 
2676	135 
2677	61 
2678	306 
2679	248 
2680	291 
2681	200 
2682	190 
2683	106 
2684	417 
2685	402 
2686	373 
2687	105 
2688	2 
2689	318 
2690	390 
2691	430 
2692	34 
2693	305 
2694	63 
2695	54 
2696	14 
2697	3 
2698	135 
2699	333 
2700	234 
2701	77 
2702	60 
2703	82 
2704	384 
2705	87 
2706	343 
2707	33 
2708	116 
2709	127 
2710	387 
2711	347 
2712	283 
2713	358 
2714	212 
2715	208 
2716	435 
2717	104 
2718	447 
2719	414 
2720	185 
2721	286 
2722	256 
2723	16 
2724	164 
2725	323 
2726	5 
2727	49 
2728	248 
2729	65 
2730	105 
2731	447 
2732	79 
2733	34 
2734	155 
2735	415 
2736	67 
2737	206 
2738	83 
2739	22 
2740	331 
2741	453 
2742	44 
2743	412 
2744	343 
2745	306 
2746	321 
2747	202 
2748	248 
2749	314 
2750	435 
2751	377 
2752	376 
2753	296 
2754	306 
2755	284 
2756	443 
2757	205 
2758	190 
2759	161 
2760	343 
2761	439 
2762	349 
2763	389 
2764	149 
2765	167 
2766	134 
2767	278 
2768	168 
2769	328 
2770	408 
2771	360 
2772	105 
2773	437 
2774	170 
2775	43 
2776	77 
2777	292 
2778	271 
2779	175 
2780	108 
2781	380 
2782	184 
2783	457 
2784	251 
2785	281 
2786	107 
2787	42 
2788	178 
2789	163 
2790	308 
2791	161 
2792	356 
2793	407 
2794	134 
2795	459 
2796	402 
2797	262 
2798	83 
2799	197 
2800	292 
2801	340 
2802	63 
2803	299 
2804	323 
2805	368 
2806	235 
2807	120 
2808	139 
2809	168 
2810	224 
2811	250 
2812	27 
2813	117 
2814	360 
2815	35 
2816	82 
2817	452 
2818	389 
2819	114 
2820	140 
2821	342 
2822	313 
2823	447 
2824	255 
2825	413 
2826	276 
2827	114 
2828	293 
2829	263 
2830	7 
2831	85 
2832	396 
2833	393 
2834	203 
2835	109 
2836	317 
2837	360 
2838	178 
2839	121 
2840	104 
2841	131 
2842	19 
2843	321 
2844	188 
2845	124 
2846	414 
2847	125 
2848	393 
2849	333 
2850	260 
2851	209 
2852	434 
2853	190 
2854	386 
2855	328 
2856	22 
2857	133 
2858	380 
2859	151 
2860	276 
2861	292 
2862	418 
2863	404 
2864	259 
2865	302 
2866	296 
2867	262 
2868	4 
2869	258 
2870	355 
2871	248 
2872	103 
2873	261 
2874	212 
2875	368 
2876	13 
2877	213 
2878	363 
2879	83 
2880	117 
2881	111 
2882	200 
2883	160 
2884	61 
2885	54 
2886	276 
2887	84 
2888	439 
2889	203 
2890	450 
2891	210 
2892	220 
2893	101 
2894	384 
2895	136 
2896	85 
2897	278 
2898	239 
2899	205 
2900	306 
2901	232 
2902	94 
2903	270 
2904	79 
2905	244 
2906	199 
2907	246 
2908	189 
2909	133 
2910	462 
2911	14 
2912	366 
2913	142 
2914	220 
2915	45 
2916	421 
2917	110 
2918	99 
2919	150 
2920	248 
2921	323 
2922	107 
2923	88 
2924	295 
2925	259 
2926	124 
2927	414 
2928	418 
2929	82 
2930	205 
2931	58 
2932	261 
2933	47 
2934	290 
2935	425 
2936	91 
2937	8 
2938	6 
2939	434 
2940	31 
2941	13 
2942	302 
2943	390 
2944	241 
2945	125 
2946	175 
2947	169 
2948	332 
2949	313 
2950	63 
2951	67 
2952	177 
2953	460 
2954	390 
2955	338 
2956	191 
2957	340 
2958	394 
2959	280 
2960	169 
2961	452 
2962	407 
2963	231 
2964	69 
2965	157 
2966	267 
2967	129 
2968	129 
2969	456 
2970	280 
2971	10 
2972	302 
2973	25 
2974	126 
2975	130 
2976	442 
2977	418 
2978	264 
2979	100 
2980	143 
2981	1 
2982	174 
2983	19 
2984	39 
2985	172 
2986	216 
2987	202 
2988	363 
2989	445 
2990	309 
2991	74 
2992	450 
2993	272 
2994	18 
2995	327 
2996	79 
2997	324 
2998	79 
2999	150 
3000	278 
3001	206 
3002	193 
3003	461 
3004	366 
3005	298 
3006	233 
3007	415 
3008	456 
3009	364 
3010	317 
3011	200 
3012	132 
3013	147 
3014	115 
3015	69 
3016	185 
3017	382 
3018	156 
3019	123 
3020	36 
3021	228 
3022	321 
3023	52 
3024	144 
3025	116 
3026	245 
3027	322 
3028	235 
3029	68 
3030	169 
3031	251 
3032	451 
3033	103 
3034	2 
3035	149 
3036	412 
3037	268 
3038	306 
3039	421 
3040	15 
3041	387 
3042	321 
3043	205 
3044	323 
3045	182 
3046	258 
3047	388 
3048	118 
3049	376 
3050	407 
3051	64 
3052	261 
3053	381 
3054	134 
3055	340 
3056	155 
3057	323 
3058	295 
3059	16 
3060	419 
3061	290 
3062	140 
3063	152 
3064	155 
3065	330 
3066	380 
3067	196 
3068	132 
3069	337 
3070	323 
3071	272 
3072	330 
3073	135 
3074	181 
3075	349 
3076	20 
3077	291 
3078	245 
3079	306 
3080	225 
3081	320 
3082	338 
3083	451 
3084	2 
3085	446 
3086	455 
3087	55 
3088	440 
3089	264 
3090	83 
3091	251 
3092	136 
3093	62 
3094	124 
3095	181 
3096	449 
3097	378 
3098	90 
3099	113 
3100	186 
3101	176 
3102	348 
3103	452 
3104	429 
3105	242 
3106	230 
3107	414 
3108	35 
3109	252 
3110	381 
3111	119 
3112	93 
3113	27 
3114	462 
3115	147 
3116	107 
3117	267 
3118	153 
3119	4 
3120	123 
3121	90 
3122	418 
3123	450 
3124	212 
3125	81 
3126	136 
3127	297 
3128	340 
3129	12 
3130	392 
3131	347 
3132	345 
3133	186 
3134	347 
3135	419 
3136	270 
3137	146 
3138	363 
3139	161 
3140	75 
3141	111 
3142	184 
3143	184 
3144	152 
3145	12 
3146	326 
3147	429 
3148	280 
3149	219 
3150	184 
3151	440 
3152	48 
3153	80 
3154	203 
3155	33 
3156	82 
3157	89 
3158	227 
3159	398 
3160	34 
3161	399 
3162	162 
3163	300 
3164	401 
3165	226 
3166	433 
3167	192 
3168	83 
3169	2 
3170	290 
3171	100 
3172	178 
3173	187 
3174	78 
3175	403 
3176	38 
3177	318 
3178	434 
3179	462 
3180	321 
3181	179 
3182	279 
3183	319 
3184	354 
3185	59 
3186	201 
3187	234 
3188	225 
3189	186 
3190	112 
3191	373 
3192	300 
3193	250 
3194	83 
3195	41 
3196	95 
3197	36 
3198	66 
3199	118 
3200	162 
3201	157 
3202	303 
3203	273 
3204	387 
3205	74 
3206	436 
3207	23 
3208	29 
3209	380 
3210	293 
3211	310 
3212	64 
3213	317 
3214	68 
3215	361 
3216	282 
3217	189 
3218	295 
3219	436 
3220	87 
3221	118 
3222	145 
3223	331 
3224	53 
3225	402 
3226	436 
3227	186 
3228	27 
3229	452 
3230	105 
3231	450 
3232	103 
3233	27 
3234	90 
3235	439 
3236	270 
3237	100 
3238	221 
3239	165 
3240	431 
3241	136 
3242	254 
3243	248 
3244	352 
3245	334 
3246	328 
3247	209 
3248	223 
3249	325 
3250	225 
3251	10 
3252	36 
3253	29 
3254	302 
3255	203 
3256	178 
3257	211 
3258	80 
3259	98 
3260	371 
3261	355 
3262	245 
3263	22 
3264	321 
3265	63 
3266	259 
3267	260 
3268	230 
3269	348 
3270	24 
3271	266 
3272	327 
3273	398 
3274	152 
3275	147 
3276	257 
3277	388 
3278	106 
3279	280 
3280	138 
3281	25 
3282	456 
3283	306 
3284	9 
3285	418 
3286	1 
3287	154 
3288	156 
3289	215 
3290	389 
3291	41 
3292	19 
3293	7 
3294	60 
3295	405 
3296	31 
3297	304 
3298	208 
3299	290 
3300	454 
3301	311 
3302	58 
3303	13 
3304	442 
3305	453 
3306	37 
3307	204 
3308	263 
3309	277 
3310	308 
3311	213 
3312	169 
3313	342 
3314	256 
3315	173 
3316	157 
3317	128 
3318	236 
3319	343 
3320	96 
3321	434 
3322	106 
3323	321 
3324	186 
3325	460 
3326	256 
3327	216 
3328	417 
3329	355 
3330	205 
3331	376 
3332	121 
3333	68 
3334	166 
3335	375 
3336	419 
3337	100 
3338	255 
3339	345 
3340	120 
3341	416 
3342	161 
3343	52 
3344	203 
3345	292 
3346	351 
3347	301 
3348	228 
3349	434 
3350	47 
3351	349 
3352	346 
3353	3 
3354	342 
3355	132 
3356	432 
3357	367 
3358	24 
3359	292 
3360	150 
3361	41 
3362	416 
3363	251 
3364	132 
3365	203 
3366	21 
3367	24 
3368	137 
3369	373 
3370	82 
3371	434 
3372	361 
3373	192 
3374	330 
3375	204 
3376	169 
3377	157 
3378	255 
3379	195 
3380	141 
3381	277 
3382	268 
3383	230 
3384	441 
3385	182 
3386	440 
3387	71 
3388	338 
3389	209 
3390	96 
3391	104 
3392	217 
3393	132 
3394	446 
3395	293 
3396	450 
3397	210 
3398	421 
3399	461 
3400	33 
3401	251 
3402	297 
3403	109 
3404	52 
3405	423 
3406	130 
3407	44 
3408	430 
3409	170 
3410	443 
3411	39 
3412	367 
3413	87 
3414	323 
3415	188 
3416	145 
3417	77 
3418	317 
3419	164 
3420	226 
3421	78 
3422	125 
3423	206 
3424	452 
3425	244 
3426	186 
3427	158 
3428	243 
3429	6 
3430	35 
3431	324 
3432	162 
3433	17 
3434	300 
3435	442 
3436	233 
3437	169 
3438	258 
3439	236 
3440	431 
3441	255 
3442	45 
3443	378 
3444	103 
3445	133 
3446	137 
3447	450 
3448	290 
3449	38 
3450	439 
3451	400 
3452	276 
3453	62 
3454	409 
3455	310 
3456	393 
3457	83 
3458	241 
3459	5 
3460	264 
3461	405 
3462	174 
3463	422 
3464	344 
3465	372 
3466	158 
3467	28 
3468	250 
3469	39 
3470	225 
3471	321 
3472	288 
3473	14 
3474	240 
3475	431 
3476	442 
3477	60 
3478	49 
3479	285 
3480	15 
3481	264 
3482	314 
3483	255 
3484	88 
3485	313 
3486	84 
3487	208 
3488	217 
3489	137 
3490	46 
3491	222 
3492	20 
3493	34 
3494	281 
3495	408 
3496	153 
3497	382 
3498	232 
3499	341 
3500	251 
3501	132 
3502	130 
3503	107 
3504	343 
3505	286 
3506	275 
3507	53 
3508	264 
3509	398 
3510	410 
3511	333 
3512	260 
3513	349 
3514	435 
3515	225 
3516	158 
3517	103 
3518	427 
3519	249 
3520	240 
3521	398 
3522	97 
3523	236 
3524	261 
3525	73 
3526	74 
3527	326 
3528	277 
3529	343 
3530	6 
3531	15 
3532	313 
3533	268 
3534	188 
3535	202 
3536	220 
3537	4 
3538	177 
3539	32 
3540	310 
3541	52 
3542	197 
3543	253 
3544	440 
3545	203 
3546	165 
3547	64 
3548	194 
3549	87 
3550	5 
3551	385 
3552	48 
3553	97 
3554	136 
3555	10 
3556	243 
3557	425 
3558	389 
3559	409 
3560	138 
3561	204 
3562	155 
3563	28 
3564	259 
3565	4 
3566	196 
3567	260 
3568	206 
3569	31 
3570	181 
3571	145 
3572	76 
3573	238 
3574	271 
3575	406 
3576	380 
3577	2 
3578	100 
3579	104 
3580	153 
3581	63 
3582	140 
3583	14 
3584	434 
3585	304 
3586	306 
3587	365 
3588	444 
3589	417 
3590	190 
3591	411 
3592	340 
3593	164 
3594	195 
3595	451 
3596	75 
3597	82 
3598	153 
3599	14 
3600	445 
3601	163 
3602	460 
3603	316 
3604	150 
3605	399 
3606	216 
3607	303 
3608	159 
3609	347 
3610	194 
3611	246 
3612	24 
3613	321 
3614	106 
3615	132 
3616	444 
3617	367 
3618	68 
3619	462 
3620	118 
3621	107 
3622	87 
3623	393 
3624	176 
3625	261 
3626	91 
3627	17 
3628	326 
3629	29 
3630	145 
3631	109 
3632	112 
3633	239 
3634	431 
3635	275 
3636	83 
3637	144 
3638	14 
3639	284 
3640	379 
3641	301 
3642	253 
3643	77 
3644	97 
3645	161 
3646	164 
3647	34 
3648	414 
3649	145 
3650	270 
3651	395 
3652	374 
3653	101 
3654	404 
3655	413 
3656	18 
3657	175 
3658	189 
3659	106 
3660	84 
3661	373 
3662	225 
3663	341 
3664	69 
3665	339 
3666	89 
3667	115 
3668	450 
3669	215 
3670	15 
3671	31 
3672	328 
3673	303 
3674	347 
3675	283 
3676	156 
3677	141 
3678	245 
3679	412 
3680	185 
3681	441 
3682	64 
3683	286 
3684	82 
3685	338 
3686	77 
3687	108 
3688	372 
3689	284 
3690	170 
3691	30 
3692	221 
3693	330 
3694	277 
3695	185 
3696	290 
3697	91 
3698	176 
3699	76 
3700	94 
3701	78 
3702	31 
3703	64 
3704	4 
3705	132 
3706	198 
3707	29 
3708	159 
3709	310 
3710	385 
3711	357 
3712	175 
3713	147 
3714	77 
3715	65 
3716	287 
3717	27 
3718	37 
3719	169 
3720	117 
3721	207 
3722	9 
3723	391 
3724	323 
3725	416 
3726	370 
3727	12 
3728	285 
3729	379 
3730	154 
3731	80 
3732	51 
3733	406 
3734	275 
3735	285 
3736	197 
3737	84 
3738	149 
3739	365 
3740	26 
3741	69 
3742	230 
3743	345 
3744	444 
3745	112 
3746	283 
3747	211 
3748	275 
3749	459 
3750	117 
3751	298 
3752	222 
3753	292 
3754	151 
3755	1 
3756	46 
3757	132 
3758	98 
3759	6 
3760	313 
3761	249 
3762	4 
3763	183 
3764	422 
3765	100 
3766	336 
3767	254 
3768	419 
3769	10 
3770	287 
3771	11 
3772	333 
3773	403 
3774	240 
3775	221 
3776	155 
3777	258 
3778	305 
3779	258 
3780	275 
3781	109 
3782	22 
3783	156 
3784	178 
3785	52 
3786	412 
3787	315 
3788	197 
3789	135 
3790	260 
3791	456 
3792	31 
3793	441 
3794	200 
3795	226 
3796	389 
3797	121 
3798	370 
3799	306 
3800	364 
3801	448 
3802	208 
3803	102 
3804	441 
3805	316 
3806	251 
3807	414 
3808	447 
3809	156 
3810	136 
3811	21 
3812	420 
3813	186 
3814	362 
3815	206 
3816	192 
3817	250 
3818	312 
3819	355 
3820	287 
3821	256 
3822	315 
3823	300 
3824	206 
3825	39 
3826	65 
3827	350 
3828	22 
3829	186 
3830	19 
3831	362 
3832	428 
3833	73 
3834	184 
3835	80 
3836	1 
3837	212 
3838	342 
3839	5 
3840	461 
3841	443 
3842	4 
3843	73 
3844	134 
3845	307 
3846	68 
3847	323 
3848	18 
3849	356 
3850	398 
3851	148 
3852	3 
3853	372 
3854	265 
3855	182 
3856	173 
3857	223 
3858	29 
3859	235 
3860	95 
3861	241 
3862	398 
3863	213 
3864	171 
3865	18 
3866	194 
3867	73 
3868	165 
3869	426 
3870	120 
3871	274 
3872	335 
3873	78 
3874	198 
3875	343 
3876	421 
3877	64 
3878	419 
3879	136 
3880	394 
3881	285 
3882	90 
3883	337 
3884	15 
3885	72 
3886	297 
3887	33 
3888	237 
3889	133 
3890	255 
3891	269 
3892	273 
3893	286 
3894	105 
3895	149 
3896	415 
3897	189 
3898	261 
3899	160 
3900	48 
3901	441 
3902	345 
3903	405 
3904	334 
3905	149 
3906	137 
3907	36 
3908	452 
3909	197 
3910	153 
3911	173 
3912	140 
3913	224 
3914	435 
3915	58 
3916	225 
3917	437 
3918	413 
3919	368 
3920	394 
3921	435 
3922	32 
3923	118 
3924	268 
3925	234 
3926	430 
3927	286 
3928	126 
3929	420 
3930	207 
3931	285 
3932	101 
3933	41 
3934	100 
3935	83 
3936	10 
3937	448 
3938	418 
3939	386 
3940	71 
3941	425 
3942	215 
3943	260 
3944	226 
3945	195 
3946	368 
3947	199 
3948	174 
3949	230 
3950	147 
3951	281 
3952	199 
3953	419 
3954	384 
3955	450 
3956	363 
3957	49 
3958	262 
3959	338 
3960	202 
3961	180 
3962	407 
3963	203 
3964	16 
3965	333 
3966	112 
3967	267 
3968	49 
3969	187 
3970	200 
3971	208 
3972	70 
3973	165 
3974	344 
3975	151 
3976	430 
3977	229 
3978	319 
3979	434 
3980	438 
3981	161 
3982	108 
3983	390 
3984	200 
3985	219 
3986	136 
3987	274 
3988	282 
3989	274 
3990	79 
3991	228 
3992	208 
3993	331 
3994	263 
3995	301 
3996	26 
3997	212 
3998	370 
3999	100 
4000	204 
4001	364 
4002	157 
4003	206 
4004	328 
4005	18 
4006	265 
4007	35 
4008	368 
4009	151 
4010	262 
4011	461 
4012	50 
4013	165 
4014	306 
4015	252 
4016	149 
4017	146 
4018	28 
4019	90 
4020	40 
4021	6 
4022	83 
4023	54 
4024	206 
4025	374 
4026	2 
4027	114 
4028	3 
4029	30 
4030	279 
4031	260 
4032	201 
4033	253 
4034	309 
4035	321 
4036	258 
4037	341 
4038	260 
4039	333 
4040	107 
4041	412 
4042	339 
4043	34 
4044	367 
4045	453 
4046	364 
4047	449 
4048	95 
4049	447 
4050	136 
4051	48 
4052	119 
4053	358 
4054	95 
4055	312 
4056	180 
4057	138 
4058	72 
4059	409 
4060	73 
4061	326 
4062	11 
4063	89 
4064	438 
4065	261 
4066	209 
4067	338 
4068	428 
4069	79 
4070	63 
4071	282 
4072	12 
4073	232 
4074	346 
4075	264 
4076	287 
4077	42 
4078	287 
4079	249 
4080	195 
4081	380 
4082	232 
4083	268 
4084	272 
4085	1 
4086	147 
4087	33 
4088	266 
4089	175 
4090	157 
4091	124 
4092	283 
4093	403 
4094	130 
4095	428 
4096	123 
4097	331 
4098	100 
4099	27 
4100	69 
4101	371 
4102	27 
4103	413 
4104	348 
4105	5 
4106	280 
4107	298 
4108	82 
4109	193 
4110	205 
4111	190 
4112	225 
4113	33 
4114	132 
4115	357 
4116	305 
4117	403 
4118	329 
4119	388 
4120	114 
4121	91 
4122	241 
4123	427 
4124	435 
4125	269 
4126	85 
4127	124 
4128	28 
4129	64 
4130	9 
4131	113 
4132	9 
4133	305 
4134	118 
4135	282 
4136	73 
4137	347 
4138	360 
4139	36 
4140	435 
4141	445 
4142	193 
4143	391 
4144	343 
4145	105 
4146	235 
4147	64 
4148	353 
4149	258 
4150	401 
4151	102 
4152	198 
4153	245 
4154	224 
4155	132 
4156	322 
4157	322 
4158	250 
4159	146 
4160	153 
4161	44 
4162	202 
4163	210 
4164	85 
4165	29 
4166	453 
4167	141 
4168	337 
4169	296 
4170	358 
4171	90 
4172	88 
4173	435 
4174	94 
4175	430 
4176	12 
4177	221 
4178	92 
4179	324 
4180	257 
4181	394 
4182	322 
4183	444 
4184	410 
4185	133 
4186	53 
4187	132 
4188	44 
4189	311 
4190	285 
4191	201 
4192	371 
4193	349 
4194	312 
4195	60 
4196	7 
4197	85 
4198	63 
4199	383 
4200	79 
4201	414 
4202	244 
4203	107 
4204	220 
4205	97 
4206	367 
4207	23 
4208	395 
4209	416 
4210	72 
4211	118 
4212	359 
4213	274 
4214	383 
4215	265 
4216	379 
4217	193 
4218	153 
4219	24 
4220	135 
4221	435 
4222	444 
4223	228 
4224	294 
4225	164 
4226	431 
4227	6 
4228	427 
4229	202 
4230	103 
4231	265 
4232	361 
4233	105 
4234	303 
4235	205 
4236	380 
4237	200 
4238	60 
4239	364 
4240	21 
4241	367 
4242	322 
4243	456 
4244	360 
4245	201 
4246	154 
4247	357 
4248	181 
4249	209 
4250	109 
4251	450 
4252	341 
4253	181 
4254	287 
4255	65 
4256	303 
4257	303 
4258	167 
4259	1 
4260	351 
4261	56 
4262	149 
4263	114 
4264	184 
4265	434 
4266	157 
4267	333 
4268	416 
4269	275 
4270	243 
4271	70 
4272	245 
4273	171 
4274	281 
4275	208 
4276	394 
4277	277 
4278	406 
4279	386 
4280	294 
4281	139 
4282	283 
4283	219 
4284	336 
4285	87 
4286	13 
4287	115 
4288	24 
4289	285 
4290	214 
4291	64 
4292	218 
4293	30 
4294	122 
4295	454 
4296	193 
4297	248 
4298	269 
4299	62 
4300	113 
4301	156 
4302	170 
4303	161 
4304	116 
4305	381 
4306	359 
4307	101 
4308	407 
4309	10 
4310	194 
4311	149 
4312	17 
4313	170 
4314	50 
4315	397 
4316	198 
4317	385 
4318	178 
4319	366 
4320	265 
4321	410 
4322	397 
4323	211 
4324	371 
4325	167 
4326	119 
4327	376 
4328	305 
4329	117 
4330	296 
4331	261 
4332	282 
4333	112 
4334	79 
4335	19 
4336	135 
4337	252 
4338	278 
4339	340 
4340	103 
4341	316 
4342	80 
4343	200 
4344	381 
4345	267 
4346	151 
4347	153 
4348	118 
4349	111 
4350	142 
4351	142 
4352	256 
4353	140 
4354	117 
4355	206 
4356	71 
4357	322 
4358	395 
4359	401 
4360	283 
4361	49 
4362	323 
4363	277 
4364	241 
4365	185 
4366	402 
4367	139 
4368	111 
4369	166 
4370	135 
4371	293 
4372	306 
4373	315 
4374	236 
4375	42 
4376	173 
4377	214 
4378	353 
4379	209 
4380	18 
4381	197 
4382	109 
4383	244 
4384	409 
4385	283 
4386	117 
4387	201 
4388	337 
4389	158 
4390	64 
4391	257 
4392	331 
4393	355 
4394	56 
4395	116 
4396	415 
4397	388 
4398	84 
4399	80 
4400	338 
4401	251 
4402	19 
4403	116 
4404	431 
4405	255 
4406	4 
4407	100 
4408	56 
4409	338 
4410	209 
4411	35 
4412	72 
4413	347 
4414	447 
4415	368 
4416	170 
4417	448 
4418	437 
4419	247 
4420	368 
4421	417 
4422	118 
4423	291 
4424	453 
4425	148 
4426	130 
4427	363 
4428	451 
4429	340 
4430	57 
4431	370 
4432	183 
4433	166 
4434	350 
4435	296 
4436	412 
4437	20 
4438	269 
4439	156 
4440	161 
4441	226 
4442	232 
4443	132 
4444	173 
4445	341 
4446	388 
4447	90 
4448	74 
4449	66 
4450	410 
4451	11 
4452	341 
4453	213 
4454	95 
4455	4 
4456	36 
4457	424 
4458	398 
4459	251 
4460	64 
4461	453 
4462	157 
4463	183 
4464	412 
4465	146 
4466	83 
4467	223 
4468	420 
4469	293 
4470	262 
4471	199 
4472	154 
4473	407 
4474	23 
4475	94 
4476	85 
4477	103 
4478	232 
4479	423 
4480	427 
4481	422 
4482	346 
4483	400 
4484	72 
4485	225 
4486	320 
4487	307 
4488	162 
4489	434 
4490	136 
4491	392 
4492	53 
4493	106 
4494	165 
4495	450 
4496	377 
4497	57 
4498	282 
4499	135 
4500	184 
4501	406 
4502	186 
4503	102 
4504	373 
4505	426 
4506	42 
4507	257 
4508	440 
4509	200 
4510	460 
4511	222 
4512	40 
4513	136 
4514	172 
4515	305 
4516	387 
4517	324 
4518	276 
4519	169 
4520	294 
4521	240 
4522	66 
4523	300 
4524	224 
4525	323 
4526	77 
4527	80 
4528	184 
4529	440 
4530	70 
4531	120 
4532	352 
4533	417 
4534	282 
4535	148 
4536	398 
4537	265 
4538	421 
4539	142 
4540	430 
4541	84 
4542	52 
4543	180 
4544	147 
4545	63 
4546	247 
4547	48 
4548	333 
4549	25 
4550	135 
4551	115 
4552	24 
4553	191 
4554	208 
4555	245 
4556	21 
4557	275 
4558	130 
4559	440 
4560	37 
4561	10 
4562	168 
4563	389 
4564	206 
4565	148 
4566	115 
4567	237 
4568	423 
4569	398 
4570	175 
4571	389 
4572	430 
4573	456 
4574	286 
4575	394 
4576	206 
4577	441 
4578	115 
4579	226 
4580	287 
4581	12 
4582	368 
4583	24 
4584	371 
4585	125 
4586	9 
4587	141 
4588	453 
4589	29 
4590	296 
4591	226 
4592	228 
4593	103 
4594	401 
4595	5 
4596	300 
4597	352 
4598	243 
4599	30 
4600	362 
4601	139 
4602	401 
4603	435 
4604	356 
4605	188 
4606	253 
4607	415 
4608	116 
4609	293 
4610	47 
4611	126 
4612	299 
4613	100 
4614	91 
4615	251 
4616	257 
4617	443 
4618	428 
4619	261 
4620	91 
4621	289 
4622	202 
4623	355 
4624	136 
4625	212 
4626	33 
4627	432 
4628	260 
4629	445 
4630	153 
4631	196 
4632	269 
4633	310 
4634	72 
4635	114 
4636	210 
4637	213 
4638	185 
4639	29 
4640	195 
4641	140 
4642	367 
4643	362 
4644	137 
4645	253 
4646	193 
4647	241 
4648	99 
4649	131 
4650	341 
4651	28 
4652	252 
4653	204 
4654	94 
4655	421 
4656	253 
4657	212 
4658	341 
4659	90 
4660	168 
4661	81 
4662	58 
4663	375 
4664	191 
4665	337 
4666	414 
4667	146 
4668	30 
4669	205 
4670	189 
4671	22 
4672	149 
4673	361 
4674	301 
4675	203 
4676	323 
4677	3 
4678	78 
4679	274 
4680	18 
4681	157 
4682	42 
4683	423 
4684	308 
4685	16 
4686	418 
4687	430 
4688	15 
4689	421 
4690	111 
4691	105 
4692	192 
4693	100 
4694	7 
4695	366 
4696	116 
4697	304 
4698	388 
4699	242 
4700	184 
4701	156 
4702	315 
4703	395 
4704	282 
4705	2 
4706	194 
4707	1 
4708	321 
4709	80 
4710	192 
4711	261 
4712	455 
4713	30 
4714	357 
4715	306 
4716	193 
4717	226 
4718	134 
4719	36 
4720	334 
4721	227 
4722	120 
4723	127 
4724	22 
4725	120 
4726	359 
4727	80 
4728	109 
4729	5 
4730	98 
4731	207 
4732	18 
4733	360 
4734	254 
4735	435 
4736	154 
4737	395 
4738	431 
4739	75 
4740	441 
4741	201 
4742	276 
4743	77 
4744	288 
4745	71 
4746	56 
4747	89 
4748	326 
4749	176 
4750	21 
4751	43 
4752	337 
4753	239 
4754	394 
4755	45 
4756	431 
4757	418 
4758	104 
4759	64 
4760	391 
4761	149 
4762	376 
4763	91 
4764	116 
4765	15 
4766	362 
4767	34 
4768	432 
4769	349 
4770	210 
4771	292 
4772	346 
4773	418 
4774	333 
4775	443 
4776	58 
4777	459 
4778	144 
4779	65 
4780	64 
4781	319 
4782	361 
4783	146 
4784	60 
4785	204 
4786	364 
4787	25 
4788	130 
4789	413 
4790	64 
4791	102 
4792	237 
4793	9 
4794	213 
4795	260 
4796	283 
4797	269 
4798	394 
4799	77 
4800	94 
4801	350 
4802	205 
4803	15 
4804	33 
4805	427 
4806	282 
4807	65 
4808	333 
4809	290 
4810	139 
4811	28 
4812	201 
4813	276 
4814	297 
4815	302 
4816	148 
4817	135 
4818	124 
4819	444 
4820	222 
4821	315 
4822	292 
4823	56 
4824	390 
4825	323 
4826	320 
4827	94 
4828	439 
4829	102 
4830	219 
4831	150 
4832	370 
4833	41 
4834	439 
4835	421 
4836	213 
4837	434 
4838	106 
4839	263 
4840	135 
4841	416 
4842	375 
4843	407 
4844	237 
4845	279 
4846	442 
4847	212 
4848	178 
4849	442 
4850	460 
4851	415 
4852	359 
4853	148 
4854	396 
4855	265 
4856	403 
4857	430 
4858	281 
4859	326 
4860	442 
4861	303 
4862	458 
4863	415 
4864	365 
4865	126 
4866	434 
4867	363 
4868	23 
4869	330 
4870	379 
4871	281 
4872	278 
4873	461 
4874	193 
4875	169 
4876	45 
4877	322 
4878	407 
4879	287 
4880	169 
4881	132 
4882	334 
4883	450 
4884	362 
4885	264 
4886	231 
4887	302 
4888	12 
4889	462 
4890	319 
4891	65 
4892	84 
4893	239 
4894	84 
4895	141 
4896	100 
4897	376 
4898	135 
4899	322 
4900	43 
4901	240 
4902	295 
4903	119 
4904	15 
4905	276 
4906	14 
4907	82 
4908	58 
4909	424 
4910	203 
4911	281 
4912	365 
4913	286 
4914	293 
4915	363 
4916	194 
4917	53 
4918	154 
4919	292 
4920	18 
4921	281 
4922	439 
4923	241 
4924	126 
4925	135 
4926	57 
4927	328 
4928	70 
4929	302 
4930	148 
4931	344 
4932	286 
4933	415 
4934	432 
4935	197 
4936	461 
4937	238 
4938	210 
4939	330 
4940	372 
4941	334 
4942	121 
4943	276 
4944	395 
4945	118 
4946	306 
4947	215 
4948	447 
4949	220 
4950	145 
4951	293 
4952	317 
4953	133 
4954	267 
4955	274 
4956	80 
4957	102 
4958	360 
4959	80 
4960	152 
4961	392 
4962	136 
4963	340 
4964	240 
4965	251 
4966	439 
4967	144 
4968	61 
4969	20 
4970	8 
4971	462 
4972	260 
4973	118 
4974	246 
4975	128 
4976	359 
4977	236 
4978	286 
4979	86 
4980	211 
4981	256 
4982	23 
4983	387 
4984	320 
4985	239 
4986	240 
4987	372 
4988	346 
4989	64 
4990	82 
4991	119 
4992	39 
4993	266 
4994	401 
4995	173 
4996	427 
4997	428 
4998	82 
4999	368 
5000	248 
5001	256 
5002	330 
5003	448 
5004	248 
5005	406 
5006	424 
5007	60 
5008	345 
5009	219 
5010	23 
5011	396 
5012	164 
5013	16 
5014	174 
5015	150 
5016	224 
5017	195 
5018	290 
5019	268 
5020	293 
5021	334 
5022	281 
5023	4 
5024	251 
5025	295 
5026	401 
5027	244 
5028	268 
5029	119 
5030	315 
5031	299 
5032	445 
5033	437 
5034	158 
5035	404 
5036	376 
5037	394 
5038	103 
5039	60 
5040	9 
5041	352 
5042	322 
5043	322 
5044	163 
5045	222 
5046	174 
5047	338 
5048	212 
5049	322 
5050	65 
5051	370 
5052	157 
5053	95 
5054	4 
5055	264 
5056	115 
5057	284 
5058	161 
5059	301 
5060	148 
5061	171 
5062	426 
5063	223 
5064	122 
5065	25 
5066	163 
5067	406 
5068	42 
5069	436 
5070	23 
5071	23 
5072	80 
5073	110 
5074	100 
5075	66 
5076	227 
5077	436 
5078	300 
5079	459 
5080	249 
5081	123 
5082	186 
5083	160 
5084	157 
5085	55 
5086	144 
5087	178 
5088	438 
5089	190 
5090	113 
5091	393 
5092	377 
5093	44 
5094	262 
5095	369 
5096	124 
5097	135 
5098	241 
5099	162 
5100	113 
5101	301 
5102	299 
5103	42 
5104	87 
5105	445 
5106	248 
5107	81 
5108	364 
5109	286 
5110	289 
5111	317 
5112	3 
5113	230 
5114	4 
5115	416 
5116	21 
5117	315 
5118	336 
5119	7 
5120	158 
5121	305 
5122	137 
5123	293 
5124	28 
5125	186 
5126	385 
5127	307 
5128	365 
5129	23 
5130	415 
5131	454 
5132	265 
5133	197 
5134	361 
5135	287 
5136	24 
5137	418 
5138	338 
5139	225 
5140	323 
5141	179 
5142	274 
5143	334 
5144	39 
5145	203 
5146	57 
5147	385 
5148	235 
5149	272 
5150	344 
5151	35 
5152	235 
5153	12 
5154	374 
5155	80 
5156	439 
5157	426 
5158	56 
5159	24 
5160	102 
5161	453 
5162	251 
5163	436 
5164	137 
5165	344 
5166	1 
5167	255 
5168	371 
5169	378 
5170	333 
5171	363 
5172	43 
5173	185 
5174	453 
5175	83 
5176	124 
5177	304 
5178	274 
5179	302 
5180	254 
5181	291 
5182	306 
5183	205 
5184	165 
5185	319 
5186	413 
5187	61 
5188	439 
5189	137 
5190	7 
5191	46 
5192	332 
5193	63 
5194	300 
5195	345 
5196	414 
5197	460 
5198	432 
5199	401 
5200	373 
5201	316 
5202	389 
5203	53 
5204	158 
5205	83 
5206	319 
5207	227 
5208	377 
5209	169 
5210	94 
5211	233 
5212	152 
5213	165 
5214	116 
5215	255 
5216	352 
5217	363 
5218	24 
5219	172 
5220	275 
5221	413 
5222	7 
5223	370 
5224	431 
5225	18 
5226	393 
5227	282 
5228	306 
5229	378 
5230	303 
5231	193 
5232	25 
5233	222 
5234	90 
5235	334 
5236	412 
5237	301 
5238	19 
5239	362 
5240	55 
5241	196 
5242	73 
5243	88 
5244	338 
5245	282 
5246	162 
5247	386 
5248	260 
5249	40 
5250	241 
5251	392 
5252	321 
5253	23 
5254	298 
5255	369 
5256	388 
5257	65 
5258	393 
5259	243 
5260	197 
5261	117 
5262	236 
5263	247 
5264	260 
5265	114 
5266	290 
5267	89 
5268	40 
5269	201 
5270	350 
5271	59 
5272	122 
5273	131 
5274	148 
5275	292 
5276	375 
5277	371 
5278	211 
5279	428 
5280	80 
5281	169 
5282	423 
5283	236 
5284	385 
5285	101 
5286	61 
5287	31 
5288	97 
5289	410 
5290	232 
5291	345 
5292	356 
5293	386 
5294	25 
5295	118 
5296	71 
5297	302 
5298	332 
5299	139 
5300	95 
5301	338 
5302	136 
5303	151 
5304	21 
5305	112 
5306	92 
5307	330 
5308	173 
5309	263 
5310	168 
5311	83 
5312	193 
5313	417 
5314	389 
5315	323 
5316	141 
5317	398 
5318	298 
5319	356 
5320	178 
5321	74 
5322	115 
5323	394 
5324	173 
5325	42 
5326	8 
5327	380 
5328	279 
5329	133 
5330	215 
5331	265 
5332	226 
5333	167 
5334	333 
5335	179 
5336	111 
5337	245 
5338	346 
5339	72 
5340	306 
5341	312 
5342	353 
5343	190 
5344	317 
5345	89 
5346	134 
5347	182 
5348	459 
5349	284 
5350	402 
5351	160 
5352	286 
5353	140 
5354	436 
5355	1 
5356	197 
5357	94 
5358	347 
5359	305 
5360	2 
5361	83 
5362	361 
5363	363 
5364	284 
5365	92 
5366	84 
5367	5 
5368	225 
5369	343 
5370	436 
5371	388 
5372	132 
5373	398 
5374	438 
5375	435 
5376	276 
5377	193 
5378	182 
5379	338 
5380	156 
5381	90 
5382	122 
5383	209 
5384	40 
5385	289 
5386	172 
5387	234 
5388	208 
5389	340 
5390	7 
5391	326 
5392	248 
5393	20 
5394	79 
5395	47 
5396	456 
5397	258 
5398	65 
5399	393 
5400	181 
5401	393 
5402	30 
5403	41 
5404	438 
5405	42 
5406	204 
5407	345 
5408	22 
5409	92 
5410	68 
5411	71 
5412	312 
5413	86 
5414	125 
5415	337 
5416	246 
5417	447 
5418	122 
5419	382 
5420	150 
5421	14 
5422	71 
5423	1 
5424	180 
5425	100 
5426	372 
5427	172 
5428	410 
5429	101 
5430	83 
5431	191 
5432	301 
5433	160 
5434	396 
5435	337 
5436	321 
5437	286 
5438	32 
5439	337 
5440	428 
5441	371 
5442	22 
5443	337 
5444	301 
5445	7 
5446	294 
5447	460 
5448	228 
5449	360 
5450	77 
5451	5 
5452	360 
5453	223 
5454	332 
5455	291 
5456	358 
5457	185 
5458	18 
5459	286 
5460	67 
5461	17 
5462	292 
5463	94 
5464	206 
5465	3 
5466	20 
5467	430 
5468	87 
5469	90 
5470	15 
5471	179 
5472	17 
5473	61 
5474	261 
5475	317 
5476	89 
5477	99 
5478	167 
5479	306 
5480	169 
5481	208 
5482	350 
5483	273 
5484	435 
5485	122 
5486	410 
5487	22 
5488	379 
5489	23 
5490	431 
5491	94 
5492	25 
5493	458 
5494	221 
5495	214 
5496	121 
5497	126 
5498	417 
5499	80 
5500	300 
5501	319 
5502	113 
5503	215 
5504	297 
5505	148 
5506	350 
5507	120 
5508	421 
5509	343 
5510	115 
5511	254 
5512	98 
5513	439 
5514	175 
5515	460 
5516	372 
5517	99 
5518	98 
5519	259 
5520	13 
5521	55 
5522	23 
5523	179 
5524	381 
5525	435 
5526	409 
5527	39 
5528	293 
5529	186 
5530	406 
5531	77 
5532	437 
5533	341 
5534	243 
5535	245 
5536	228 
5537	451 
5538	381 
5539	1 
5540	458 
5541	176 
5542	80 
5543	212 
5544	298 
5545	192 
5546	74 
5547	274 
5548	64 
5549	268 
5550	351 
5551	210 
5552	205 
5553	23 
5554	243 
5555	191 
5556	80 
5557	443 
5558	341 
5559	91 
5560	202 
5561	306 
5562	136 
5563	436 
5564	186 
5565	109 
5566	211 
5567	6 
5568	106 
5569	178 
5570	158 
5571	320 
5572	331 
5573	255 
5574	401 
5575	21 
5576	283 
5577	211 
5578	161 
5579	263 
5580	149 
5581	443 
5582	297 
5583	260 
5584	24 
5585	66 
5586	303 
5587	346 
5588	334 
5589	338 
5590	117 
5591	8 
5592	377 
5593	95 
5594	26 
5595	260 
5596	128 
5597	99 
5598	34 
5599	121 
5600	137 
5601	80 
5602	236 
5603	42 
5604	114 
5605	442 
5606	109 
5607	363 
5608	167 
5609	268 
5610	24 
5611	65 
5612	126 
5613	232 
5614	115 
5615	100 
5616	171 
5617	121 
5618	225 
5619	435 
5620	351 
5621	388 
5622	275 
5623	166 
5624	335 
5625	49 
5626	422 
5627	60 
5628	21 
5629	437 
5630	52 
5631	81 
5632	293 
5633	189 
5634	101 
5635	221 
5636	180 
5637	439 
5638	366 
5639	441 
5640	200 
5641	328 
5642	363 
5643	74 
5644	364 
5645	201 
5646	90 
5647	185 
5648	98 
5649	352 
5650	125 
5651	286 
5652	18 
5653	43 
5654	228 
5655	412 
5656	224 
5657	337 
5658	163 
5659	281 
5660	226 
5661	342 
5662	49 
5663	449 
5664	80 
5665	307 
5666	416 
5667	426 
5668	259 
5669	353 
5670	260 
5671	302 
5672	356 
5673	331 
5674	2 
5675	265 
5676	306 
5677	99 
5678	388 
5679	79 
5680	338 
5681	55 
5682	150 
5683	84 
5684	167 
5685	275 
5686	9 
5687	152 
5688	20 
5689	68 
5690	156 
5691	413 
5692	443 
5693	173 
5694	80 
5695	5 
5696	24 
5697	290 
5698	196 
5699	282 
5700	393 
5701	104 
5702	100 
5703	225 
5704	119 
5705	413 
5706	181 
5707	307 
5708	21 
5709	84 
5710	109 
5711	447 
5712	149 
5713	366 
5714	75 
5715	1 
5716	161 
5717	337 
5718	96 
5719	84 
5720	130 
5721	380 
5722	69 
5723	342 
5724	257 
5725	68 
5726	257 
5727	348 
5728	426 
5729	230 
5730	341 
5731	236 
5732	264 
5733	378 
5734	228 
5735	111 
5736	294 
5737	322 
5738	347 
5739	132 
5740	144 
5741	255 
5742	317 
5743	209 
5744	44 
5745	106 
5746	317 
5747	284 
5748	406 
5749	330 
5750	440 
5751	204 
5752	447 
5753	279 
5754	2 
5755	437 
5756	409 
5757	192 
5758	91 
5759	80 
5760	260 
5761	174 
5762	18 
5763	385 
5764	120 
5765	275 
5766	334 
5767	80 
5768	255 
5769	98 
5770	199 
5771	29 
5772	151 
5773	170 
5774	295 
5775	394 
5776	348 
5777	202 
5778	29 
5779	184 
5780	11 
5781	416 
5782	162 
5783	450 
5784	396 
5785	197 
5786	78 
5787	300 
5788	72 
5789	406 
5790	89 
5791	84 
5792	267 
5793	317 
5794	421 
5795	352 
5796	341 
5797	275 
5798	292 
5799	316 
5800	122 
5801	415 
5802	25 
5803	367 
5804	172 
5805	157 
5806	285 
5807	438 
5808	209 
5809	84 
5810	212 
5811	210 
5812	139 
5813	252 
5814	458 
5815	28 
5816	176 
5817	135 
5818	336 
5819	34 
5820	335 
5821	321 
5822	162 
5823	18 
5824	98 
5825	281 
5826	33 
5827	290 
5828	263 
5829	74 
5830	460 
5831	36 
5832	162 
5833	283 
5834	419 
5835	69 
5836	328 
5837	362 
5838	355 
5839	450 
5840	90 
5841	15 
5842	77 
5843	369 
5844	274 
5845	253 
5846	349 
5847	194 
5848	309 
5849	453 
5850	235 
5851	337 
5852	254 
5853	435 
5854	36 
5855	242 
5856	136 
5857	214 
5858	85 
5859	17 
5860	302 
5861	80 
5862	386 
5863	120 
5864	260 
5865	152 
5866	219 
5867	110 
5868	336 
5869	41 
5870	458 
5871	113 
5872	363 
5873	260 
5874	410 
5875	169 
5876	95 
5877	58 
5878	316 
5879	401 
5880	458 
5881	104 
5882	19 
5883	162 
5884	461 
5885	61 
5886	413 
5887	317 
5888	366 
5889	40 
5890	407 
5891	424 
5892	252 
5893	125 
5894	93 
5895	430 
5896	418 
5897	453 
5898	358 
5899	130 
5900	123 
5901	27 
5902	176 
5903	336 
5904	422 
5905	283 
5906	328 
5907	55 
5908	65 
5909	441 
5910	380 
5911	315 
5912	290 
5913	212 
5914	211 
5915	326 
5916	191 
5917	251 
5918	441 
5919	330 
5920	353 
5921	307 
5922	428 
5923	331 
5924	264 
5925	24 
5926	362 
5927	273 
5928	345 
5929	294 
5930	267 
5931	201 
5932	25 
5933	4 
5934	134 
5935	115 
5936	303 
5937	156 
5938	297 
5939	244 
5940	107 
5941	228 
5942	262 
5943	131 
5944	94 
5945	194 
5946	132 
5947	396 
5948	259 
5949	79 
5950	460 
5951	212 
5952	219 
5953	451 
5954	173 
5955	185 
5956	166 
5957	132 
5958	379 
5959	173 
5960	350 
5961	386 
5962	163 
5963	418 
5964	208 
5965	304 
5966	43 
5967	84 
5968	142 
5969	244 
5970	331 
5971	291 
5972	113 
5973	173 
5974	81 
5975	460 
5976	193 
5977	340 
5978	343 
5979	302 
5980	14 
5981	237 
5982	361 
5983	453 
5984	366 
5985	321 
5986	249 
5987	4 
5988	107 
5989	60 
5990	283 
5991	84 
5992	176 
5993	251 
5994	196 
5995	437 
5996	338 
5997	363 
5998	107 
5999	119 
6000	201 
6001	106 
6002	338 
6003	283 
6004	115 
6005	411 
6006	365 
6007	228 
6008	343 
6009	133 
6010	319 
6011	214 
6012	103 
6013	64 
6014	166 
6015	34 
6016	435 
6017	1 
6018	431 
6019	132 
6020	368 
6021	4 
6022	224 
6023	201 
6024	124 
6025	23 
6026	443 
6027	72 
6028	437 
6029	285 
6030	111 
6031	305 
6032	334 
6033	393 
6034	161 
6035	437 
6036	239 
6037	148 
6038	254 
6039	263 
6040	111 
6041	117 
6042	43 
6043	158 
6044	199 
6045	437 
6046	456 
6047	456 
6048	158 
6049	361 
6050	330 
6051	442 
6052	26 
6053	169 
6054	73 
6055	401 
6056	119 
6057	16 
6058	432 
6059	330 
6060	6 
6061	275 
6062	74 
6063	142 
6064	321 
6065	170 
6066	445 
6067	443 
6068	131 
6069	268 
6070	450 
6071	462 
6072	362 
6073	53 
6074	184 
6075	380 
6076	68 
6077	20 
6078	208 
6079	396 
6080	260 
6081	372 
6082	66 
6083	201 
6084	20 
6085	219 
6086	34 
6087	185 
6088	75 
6089	262 
6090	56 
6091	21 
6092	6 
6093	418 
6094	74 
6095	122 
6096	445 
6097	330 
6098	196 
6099	202 
6100	49 
6101	348 
6102	338 
6103	462 
6104	406 
6105	148 
6106	13 
6107	320 
6108	227 
6109	219 
6110	367 
6111	173 
6112	9 
6113	156 
6114	421 
6115	17 
6116	100 
6117	133 
6118	416 
6119	210 
6120	300 
6121	462 
6122	363 
6123	94 
6124	181 
6125	57 
6126	36 
6127	423 
6128	356 
6129	277 
6130	364 
6131	279 
6132	113 
6133	161 
6134	364 
6135	142 
6136	69 
6137	42 
6138	330 
6139	118 
6140	71 
6141	165 
6142	104 
6143	171 
6144	345 
6145	306 
6146	221 
6147	131 
6148	13 
6149	120 
6150	33 
6151	393 
6152	453 
6153	365 
6154	419 
6155	416 
6156	44 
6157	240 
6158	184 
6159	392 
6160	1 
6161	462 
6162	44 
6163	362 
6164	20 
6165	117 
6166	8 
6167	287 
6168	30 
6169	282 
6170	427 
6171	179 
6172	281 
6173	12 
6174	259 
6175	88 
6176	249 
6177	179 
6178	263 
6179	18 
6180	328 
6181	65 
6182	439 
6183	198 
6184	15 
6185	343 
6186	450 
6187	372 
6188	392 
6189	286 
6190	278 
6191	393 
6192	192 
6193	232 
6194	321 
6195	166 
6196	96 
6197	139 
6198	192 
6199	158 
6200	441 
6201	375 
6202	377 
6203	376 
6204	100 
6205	437 
6206	331 
6207	204 
6208	317 
6209	411 
6210	450 
6211	23 
6212	372 
6213	279 
6214	204 
6215	393 
6216	173 
6217	376 
6218	263 
6219	373 
6220	150 
6221	120 
6222	307 
6223	173 
6224	262 
6225	210 
6226	91 
6227	186 
6228	236 
6229	113 
6230	10 
6231	42 
6232	450 
6233	381 
6234	110 
6235	326 
6236	59 
6237	447 
6238	72 
6239	453 
6240	282 
6241	107 
6242	66 
6243	347 
6244	441 
6245	2 
6246	262 
6247	57 
6248	170 
6249	431 
6250	230 
6251	373 
6252	2 
6253	368 
6254	133 
6255	85 
6256	363 
6257	16 
6258	178 
6259	442 
6260	237 
6261	349 
6262	134 
6263	128 
6264	459 
6265	122 
6266	90 
6267	227 
6268	277 
6269	412 
6270	331 
6271	244 
6272	108 
6273	279 
6274	451 
6275	265 
6276	263 
6277	377 
6278	73 
6279	248 
6280	140 
6281	200 
6282	412 
6283	200 
6284	221 
6285	376 
6286	232 
6287	104 
6288	220 
6289	380 
6290	275 
6291	41 
6292	416 
6293	175 
6294	186 
6295	416 
6296	388 
6297	389 
6298	178 
6299	309 
6300	198 
6301	428 
6302	343 
6303	99 
6304	165 
6305	12 
6306	122 
6307	286 
6308	236 
6309	170 
6310	193 
6311	106 
6312	99 
6313	185 
6314	284 
6315	375 
6316	285 
6317	136 
6318	441 
6319	25 
6320	81 
6321	90 
6322	100 
6323	95 
6324	111 
6325	442 
6326	108 
6327	110 
6328	385 
6329	373 
6330	289 
6331	415 
6332	181 
6333	348 
6334	202 
6335	338 
6336	246 
6337	424 
6338	6 
6339	317 
6340	395 
6341	18 
6342	342 
6343	199 
6344	131 
6345	81 
6346	436 
6347	5 
6348	152 
6349	212 
6350	118 
6351	272 
6352	255 
6353	256 
6354	413 
6355	323 
6356	435 
6357	442 
6358	99 
6359	245 
6360	461 
6361	435 
6362	26 
6363	302 
6364	460 
6365	148 
6366	231 
6367	302 
6368	111 
6369	89 
6370	188 
6371	390 
6372	406 
6373	239 
6374	265 
6375	169 
6376	334 
6377	25 
6378	243 
6379	81 
6380	300 
6381	215 
6382	333 
6383	205 
6384	125 
6385	345 
6386	245 
6387	243 
6388	22 
6389	132 
6390	68 
6391	9 
6392	385 
6393	77 
6394	34 
6395	20 
6396	135 
6397	42 
6398	336 
6399	439 
6400	156 
6401	237 
6402	421 
6403	413 
6404	211 
6405	261 
6406	149 
6407	18 
6408	303 
6409	94 
6410	273 
6411	141 
6412	108 
6413	290 
6414	343 
6415	3 
6416	301 
6417	435 
6418	4 
6419	42 
6420	194 
6421	118 
6422	418 
6423	89 
6424	72 
6425	90 
6426	101 
6427	119 
6428	453 
6429	328 
6430	43 
6431	395 
6432	125 
6433	248 
6434	135 
6435	292 
6436	58 
6437	103 
6438	430 
6439	118 
6440	90 
6441	152 
6442	453 
6443	246 
6444	106 
6445	286 
6446	100 
6447	363 
6448	192 
6449	366 
6450	445 
6451	462 
6452	158 
6453	205 
6454	206 
6455	277 
6456	374 
6457	63 
6458	31 
6459	330 
6460	142 
6461	267 
6462	268 
6463	206 
6464	152 
6465	165 
6466	116 
6467	85 
6468	167 
6469	196 
6470	178 
6471	113 
6472	192 
6473	169 
6474	151 
6475	169 
6476	77 
6477	36 
6478	86 
6479	64 
6480	359 
6481	146 
6482	74 
6483	151 
6484	77 
6485	364 
6486	63 
6487	78 
6488	75 
6489	214 
6490	139 
6491	239 
6492	251 
6493	108 
6494	374 
6495	348 
6496	200 
6497	290 
6498	320 
6499	286 
6500	77 
6501	85 
6502	74 
6503	419 
6504	368 
6505	260 
6506	245 
6507	194 
6508	64 
6509	331 
6510	34 
6511	130 
6512	347 
6513	83 
6514	454 
6515	363 
6516	355 
6517	208 
6518	361 
6519	365 
6520	71 
6521	347 
6522	263 
6523	279 
6524	59 
6525	256 
6526	173 
6527	1 
6528	240 
6529	242 
6530	80 
6531	256 
6532	331 
6533	185 
6534	419 
6535	302 
6536	204 
6537	161 
6538	291 
6539	197 
6540	225 
6541	227 
6542	94 
6543	133 
6544	149 
6545	264 
6546	99 
6547	263 
6548	118 
6549	64 
6550	137 
6551	74 
6552	83 
6553	419 
6554	53 
6555	172 
6556	148 
6557	221 
6558	54 
6559	89 
6560	392 
6561	403 
6562	40 
6563	208 
6564	277 
6565	302 
6566	240 
6567	295 
6568	287 
6569	225 
6570	308 
6571	117 
6572	35 
6573	35 
6574	261 
6575	220 
6576	239 
6577	333 
6578	363 
6579	208 
6580	343 
6581	25 
6582	379 
6583	231 
6584	427 
6585	333 
6586	320 
6587	113 
6588	151 
6589	8 
6590	281 
6591	254 
6592	361 
6593	248 
6594	92 
6595	387 
6596	204 
6597	263 
6598	300 
6599	163 
6600	121 
6601	445 
6602	18 
6603	261 
6604	186 
6605	450 
6606	291 
6607	275 
6608	152 
6609	388 
6610	149 
6611	292 
6612	389 
6613	208 
6614	246 
6615	407 
6616	109 
6617	21 
6618	23 
6619	82 
6620	115 
6621	388 
6622	169 
6623	114 
6624	338 
6625	422 
6626	263 
6627	56 
6628	338 
6629	334 
6630	121 
6631	244 
6632	431 
6633	360 
6634	21 
6635	79 
6636	338 
6637	150 
6638	210 
6639	134 
6640	317 
6641	172 
6642	188 
6643	320 
6644	34 
6645	130 
6646	291 
6647	236 
6648	208 
6649	453 
6650	334 
6651	346 
6652	199 
6653	55 
6654	426 
6655	330 
6656	210 
6657	381 
6658	64 
6659	333 
6660	124 
6661	347 
6662	171 
6663	306 
6664	169 
6665	223 
6666	460 
6667	137 
6668	29 
6669	191 
6670	436 
6671	64 
6672	298 
6673	360 
6674	168 
6675	191 
6676	79 
6677	321 
6678	197 
6679	55 
6680	265 
6681	232 
6682	55 
6683	228 
6684	352 
6685	317 
6686	241 
6687	413 
6688	65 
6689	343 
6690	166 
6691	193 
6692	320 
6693	174 
6694	341 
6695	439 
6696	198 
6697	110 
6698	105 
6699	426 
6700	258 
6701	362 
6702	406 
6703	200 
6704	178 
6705	192 
6706	172 
6707	392 
6708	333 
6709	58 
6710	293 
6711	419 
6712	461 
6713	36 
6714	107 
6715	19 
6716	290 
6717	144 
6718	141 
6719	368 
6720	86 
6721	258 
6722	211 
6723	453 
6724	34 
6725	89 
6726	277 
6727	185 
6728	336 
6729	172 
6730	19 
6731	152 
6732	193 
6733	18 
6734	225 
6735	265 
6736	365 
6737	404 
6738	89 
6739	204 
6740	4 
6741	438 
6742	295 
6743	413 
6744	389 
6745	1 
6746	42 
6747	300 
6748	437 
6749	34 
6750	228 
6751	7 
6752	209 
6753	321 
6754	78 
6755	264 
6756	117 
6757	419 
6758	150 
6759	265 
6760	21 
6761	373 
6762	394 
6763	260 
6764	29 
6765	33 
6766	362 
6767	448 
6768	13 
6769	215 
6770	209 
6771	198 
6772	251 
6773	442 
6774	128 
6775	47 
6776	174 
6777	447 
6778	392 
6779	358 
6780	426 
6781	293 
6782	58 
6783	373 
6784	212 
6785	173 
6786	435 
6787	423 
6788	4 
6789	416 
6790	341 
6791	323 
6792	379 
6793	388 
6794	166 
6795	178 
6796	43 
6797	448 
6798	146 
6799	13 
6800	277 
6801	236 
6802	284 
6803	331 
6804	381 
6805	118 
6806	5 
6807	373 
6808	260 
6809	254 
6810	26 
6811	111 
6812	200 
6813	275 
6814	232 
6815	265 
6816	225 
6817	89 
6818	60 
6819	454 
6820	42 
6821	385 
6822	225 
6823	53 
6824	65 
6825	23 
6826	277 
6827	184 
6828	190 
6829	317 
6830	241 
6831	173 
6832	206 
6833	328 
6834	194 
6835	198 
6836	347 
6837	205 
6838	211 
6839	43 
6840	179 
6841	92 
6842	263 
6843	131 
6844	82 
6845	125 
6846	300 
6847	283 
6848	197 
6849	347 
6850	117 
6851	347 
6852	208 
6853	419 
6854	338 
6855	44 
6856	225 
6857	343 
6858	174 
6859	149 
6860	17 
6861	41 
6862	31 
6863	460 
6864	366 
6865	90 
6866	136 
6867	26 
6868	30 
6869	221 
6870	423 
6871	190 
6872	264 
6873	418 
6874	427 
6875	287 
6876	338 
6877	336 
6878	111 
6879	278 
6880	107 
6881	333 
6882	65 
6883	255 
6884	340 
6885	65 
6886	302 
6887	363 
6888	251 
6889	301 
6890	393 
6891	358 
6892	78 
6893	297 
6894	23 
6895	200 
6896	163 
6897	227 
6898	39 
6899	211 
6900	42 
6901	84 
6902	454 
6903	82 
6904	174 
6905	190 
6906	428 
6907	226 
6908	24 
6909	355 
6910	439 
6911	130 
6912	108 
6913	196 
6914	338 
6915	74 
6916	168 
6917	170 
6918	5 
6919	106 
6920	249 
6921	114 
6922	23 
6923	13 
6924	169 
6925	303 
6926	193 
6927	453 
6928	147 
6929	265 
6930	373 
6931	169 
6932	254 
6933	413 
6934	65 
6935	249 
6936	185 
6937	68 
6938	282 
6939	49 
6940	204 
6941	445 
6942	244 
6943	63 
6944	173 
6945	363 
6946	292 
6947	90 
6948	158 
6949	64 
6950	146 
6951	140 
6952	135 
6953	424 
6954	281 
6955	14 
6956	438 
6957	451 
6958	450 
6959	95 
6960	14 
6961	286 
6962	376 
6963	398 
6964	376 
6965	20 
6966	136 
6967	25 
6968	49 
6969	17 
6970	358 
6971	358 
6972	186 
6973	115 
6974	378 
6975	436 
6976	43 
6977	385 
6978	206 
6979	30 
6980	161 
6981	381 
6982	453 
6983	111 
6984	179 
6985	14 
6986	174 
6987	170 
6988	321 
6989	418 
6990	168 
6991	279 
6992	240 
6993	338 
6994	461 
6995	241 
6996	31 
6997	17 
6998	186 
6999	36 
7000	18 
7001	443 
7002	244 
7003	395 
7004	436 
7005	163 
7006	2 
7007	419 
7008	118 
7009	173 
7010	246 
7011	286 
7012	99 
7013	268 
7014	47 
7015	23 
7016	454 
7017	388 
7018	406 
7019	460 
7020	85 
7021	21 
7022	211 
7023	10 
7024	453 
7025	282 
7026	84 
7027	152 
7028	274 
7029	265 
7030	431 
7031	306 
7032	173 
7033	68 
7034	173 
7035	303 
7036	414 
7037	193 
7038	303 
7039	436 
7040	203 
7041	432 
7042	360 
7043	211 
7044	65 
7045	303 
7046	170 
7047	243 
7048	47 
7049	133 
7050	68 
7051	373 
7052	379 
7053	388 
7054	410 
7055	427 
7056	337 
7057	172 
7058	94 
7059	347 
7060	303 
7061	404 
7062	435 
7063	393 
7064	100 
7065	275 
7066	358 
7067	167 
7068	196 
7069	65 
7070	231 
7071	401 
7072	355 
7073	376 
7074	161 
7075	426 
7076	388 
7077	336 
7078	456 
7079	47 
7080	49 
7081	305 
7082	363 
7083	136 
7084	193 
7085	243 
7086	225 
7087	6 
7088	264 
7089	390 
7090	83 
7091	168 
7092	345 
7093	197 
7094	10 
7095	330 
7096	7 
7097	107 
7098	117 
7099	154 
7100	121 
7101	212 
7102	121 
7103	206 
7104	424 
7105	81 
7106	226 
7107	368 
7108	286 
7109	255 
7110	237 
7111	297 
7112	103 
7113	404 
7114	188 
7115	135 
7116	111 
7117	68 
7118	262 
7119	386 
7120	263 
7121	100 
7122	445 
7123	124 
7124	196 
7125	18 
7126	105 
7127	151 
7128	374 
7129	29 
7130	64 
7131	84 
7132	260 
7133	260 
7134	307 
7135	366 
7136	376 
7137	107 
7138	365 
7139	261 
7140	197 
7141	65 
7142	347 
7143	448 
7144	64 
7145	14 
7146	186 
7147	124 
7148	169 
7149	426 
7150	221 
7151	367 
7152	171 
7153	153 
7154	330 
7155	441 
7156	389 
7157	89 
7158	443 
7159	42 
7160	453 
7161	77 
7162	153 
7163	148 
7164	74 
7165	115 
7166	386 
7167	252 
7168	368 
7169	181 
7170	157 
7171	85 
7172	168 
7173	330 
7174	459 
7175	289 
7176	336 
7177	205 
7178	347 
7179	460 
7180	114 
7181	91 
7182	232 
7183	343 
7184	73 
7185	385 
7186	1 
7187	151 
7188	20 
7189	114 
7190	75 
7191	285 
7192	126 
7193	231 
7194	260 
7195	130 
7196	258 
7197	115 
7198	7 
7199	135 
7200	14 
7201	109 
7202	80 
7203	126 
7204	113 
7205	84 
7206	419 
7207	184 
7208	61 
7209	165 
7210	93 
7211	34 
7212	228 
7213	432 
7214	158 
7215	132 
7216	63 
7217	128 
7218	317 
7219	101 
7220	7 
7221	135 
7222	69 
7223	44 
7224	69 
7225	3 
7226	80 
7227	436 
7228	156 
7229	106 
7230	29 
7231	55 
7232	432 
7233	4 
7234	372 
7235	33 
7236	20 
7237	426 
7238	322 
7239	54 
7240	410 
7241	65 
7242	277 
7243	209 
7244	258 
7245	291 
7246	131 
7247	454 
7248	134 
7249	188 
7250	131 
7251	83 
7252	3 
7253	93 
7254	39 
7255	116 
7256	389 
7257	71 
7258	63 
7259	306 
7260	131 
7261	142 
7262	450 
7263	208 
7264	125 
7265	34 
7266	380 
7267	297 
7268	283 
7269	185 
7270	268 
7271	390 
7272	202 
7273	442 
7274	77 
7275	197 
7276	194 
7277	110 
7278	362 
7279	117 
7280	185 
7281	276 
7282	149 
7283	80 
7284	436 
7285	287 
7286	453 
7287	274 
7288	188 
7289	228 
7290	167 
7291	61 
7292	162 
7293	407 
7294	227 
7295	188 
7296	202 
7297	360 
7298	227 
7299	31 
7300	260 
7301	372 
7302	198 
7303	265 
7304	173 
7305	380 
7306	41 
7307	192 
7308	19 
7309	74 
7310	204 
7311	322 
7312	120 
7313	450 
7314	208 
7315	111 
7316	134 
7317	204 
7318	409 
7319	439 
7320	111 
7321	136 
7322	78 
7323	186 
7324	118 
7325	459 
7326	367 
7327	363 
7328	414 
7329	116 
7330	255 
7331	328 
7332	348 
7333	80 
7334	22 
7335	131 
7336	22 
7337	185 
7338	355 
7339	259 
7340	193 
7341	136 
7342	435 
7343	265 
7344	458 
7345	364 
7346	225 
7347	388 
7348	251 
7349	368 
7350	265 
7351	185 
7352	278 
7353	409 
7354	132 
7355	417 
7356	6 
7357	185 
7358	300 
7359	89 
7360	453 
7361	406 
7362	373 
7363	170 
7364	13 
7365	92 
7366	225 
7367	237 
7368	319 
7369	150 
7370	232 
7371	375 
7372	345 
7373	380 
7374	421 
7375	23 
7376	286 
7377	285 
7378	141 
7379	462 
7380	249 
7381	5 
7382	341 
7383	65 
7384	18 
7385	302 
7386	33 
7387	60 
7388	323 
7389	442 
7390	349 
7391	24 
7392	118 
7393	31 
7394	103 
7395	224 
7396	251 
7397	6 
7398	292 
7399	376 
7400	449 
7401	197 
7402	262 
7403	2 
7404	256 
7405	21 
7406	284 
7407	204 
7408	398 
7409	372 
7410	279 
7411	8 
7412	302 
7413	41 
7414	197 
7415	184 
7416	84 
7417	410 
7418	361 
7419	151 
7420	228 
7421	298 
7422	24 
7423	418 
7424	406 
7425	253 
7426	201 
7427	409 
7428	385 
7429	133 
7430	157 
7431	290 
7432	74 
7433	60 
7434	142 
7435	367 
7436	161 
7437	17 
7438	178 
7439	27 
7440	301 
7441	337 
7442	146 
7443	303 
7444	1 
7445	29 
7446	436 
7447	29 
7448	285 
7449	184 
7450	206 
7451	291 
7452	194 
7453	175 
7454	388 
7455	162 
7456	225 
7457	21 
7458	322 
7459	174 
7460	200 
7461	255 
7462	92 
7463	4 
7464	435 
7465	190 
7466	301 
7467	94 
7468	432 
7469	23 
7470	193 
7471	378 
7472	211 
7473	232 
7474	449 
7475	59 
7476	291 
7477	366 
7478	95 
7479	345 
7480	394 
7481	416 
7482	370 
7483	253 
7484	103 
7485	434 
7486	262 
7487	34 
7488	84 
7489	4 
7490	281 
7491	358 
7492	228 
7493	320 
7494	141 
7495	21 
7496	210 
7497	204 
7498	173 
7499	437 
7500	3 
7501	459 
7502	91 
7503	118 
7504	137 
7505	323 
7506	291 
7507	135 
7508	205 
7509	418 
7510	341 
7511	413 
7512	162 
7513	199 
7514	450 
7515	150 
7516	157 
7517	419 
7518	349 
7519	303 
7520	342 
7521	389 
7522	22 
7523	367 
7524	294 
7525	261 
7526	184 
7527	152 
7528	14 
7529	302 
7530	42 
7531	293 
7532	281 
7533	376 
7534	286 
7535	29 
7536	44 
7537	291 
7538	277 
7539	393 
7540	167 
7541	282 
7542	74 
7543	393 
7544	328 
7545	345 
7546	162 
7547	388 
7548	373 
7549	16 
7550	105 
7551	72 
7552	64 
7553	261 
7554	84 
7555	300 
7556	31 
7557	345 
7558	301 
7559	427 
7560	178 
7561	200 
7562	421 
7563	322 
7564	449 
7565	98 
7566	442 
7567	147 
7568	441 
7569	289 
7570	370 
7571	69 
7572	152 
7573	58 
7574	184 
7575	292 
7576	79 
7577	158 
7578	117 
7579	2 
7580	322 
7581	100 
7582	5 
7583	25 
7584	91 
7585	286 
7586	264 
7587	65 
7588	173 
7589	146 
7590	18 
7591	442 
7592	142 
7593	319 
7594	386 
7595	144 
7596	320 
7597	413 
7598	406 
7599	232 
7600	77 
7601	295 
7602	165 
7603	43 
7604	170 
7605	334 
7606	224 
7607	345 
7608	423 
7609	131 
7610	264 
7611	179 
7612	437 
7613	72 
7614	151 
7615	113 
7616	18 
7617	161 
7618	192 
7619	295 
7620	15 
7621	424 
7622	334 
7623	64 
7624	390 
7625	378 
7626	255 
7627	232 
7628	3 
7629	284 
7630	432 
7631	206 
7632	355 
7633	22 
7634	412 
7635	447 
7636	232 
7637	261 
7638	202 
7639	150 
7640	130 
7641	244 
7642	319 
7643	78 
7644	359 
7645	360 
7646	251 
7647	434 
7648	34 
7649	414 
7650	4 
7651	321 
7652	133 
7653	297 
7654	196 
7655	30 
7656	258 
7657	365 
7658	232 
7659	358 
7660	20 
7661	264 
7662	161 
7663	460 
7664	103 
7665	63 
7666	25 
7667	228 
7668	275 
7669	114 
7670	291 
7671	17 
7672	20 
7673	186 
7674	3 
7675	136 
7676	142 
7677	200 
7678	260 
7679	256 
7680	23 
7681	362 
7682	73 
7683	337 
7684	419 
7685	91 
7686	116 
7687	415 
7688	440 
7689	237 
7690	378 
7691	307 
7692	58 
7693	113 
7694	389 
7695	427 
7696	244 
7697	287 
7698	424 
7699	456 
7700	336 
7701	358 
7702	186 
7703	171 
7704	447 
7705	103 
7706	372 
7707	174 
7708	25 
7709	449 
7710	165 
7711	202 
7712	261 
7713	117 
7714	349 
7715	321 
7716	359 
7717	215 
7718	165 
7719	125 
7720	370 
7721	431 
7722	258 
7723	107 
7724	393 
7725	64 
7726	18 
7727	109 
7728	73 
7729	204 
7730	170 
7731	249 
7732	169 
7733	135 
7734	295 
7735	301 
7736	436 
7737	208 
7738	386 
7739	16 
7740	198 
7741	431 
7742	445 
7743	158 
7744	244 
7745	307 
7746	292 
7747	64 
7748	74 
7749	225 
7750	137 
7751	360 
7752	262 
7753	137 
7754	204 
7755	419 
7756	252 
7757	158 
7758	190 
7759	47 
7760	388 
7761	149 
7762	323 
7763	330 
7764	161 
7765	413 
7766	373 
7767	206 
7768	17 
7769	341 
7770	25 
7771	445 
7772	226 
7773	93 
7774	16 
7775	328 
7776	35 
7777	133 
7778	345 
7779	133 
7780	348 
7781	412 
7782	265 
7783	282 
7784	368 
7785	237 
7786	257 
7787	156 
7788	268 
7789	188 
7790	439 
7791	193 
7792	298 
7793	23 
7794	153 
7795	302 
7796	370 
7797	226 
7798	47 
7799	82 
7800	290 
7801	94 
7802	161 
7803	462 
7804	441 
7805	204 
7806	149 
7807	125 
7808	170 
7809	265 
7810	82 
7811	419 
7812	92 
7813	165 
7814	345 
7815	12 
7816	85 
7817	283 
7818	108 
7819	83 
7820	36 
7821	256 
7822	120 
7823	84 
7824	24 
7825	287 
7826	5 
7827	3 
7828	252 
7829	442 
7830	268 
7831	36 
7832	174 
7833	209 
7834	293 
7835	179 
7836	230 
7837	136 
7838	2 
7839	197 
7840	80 
7841	157 
7842	252 
7843	158 
7844	338 
7845	236 
7846	190 
7847	74 
7848	79 
7849	283 
7850	264 
7851	148 
7852	415 
7853	346 
7854	78 
7855	209 
7856	284 
7857	410 
7858	3 
7859	260 
7860	439 
7861	199 
7862	386 
7863	347 
7864	121 
7865	79 
7866	60 
7867	390 
7868	29 
7869	58 
7870	441 
7871	236 
7872	285 
7873	211 
7874	94 
7875	307 
7876	14 
7877	370 
7878	301 
7879	201 
7880	126 
7881	257 
7882	152 
7883	21 
7884	232 
7885	197 
7886	142 
7887	355 
7888	196 
7889	434 
7890	205 
7891	362 
7892	7 
7893	203 
7894	347 
7895	118 
7896	64 
7897	186 
7898	211 
7899	395 
7900	5 
7901	194 
7902	337 
7903	65 
7904	447 
7905	135 
7906	277 
7907	260 
7908	328 
7909	205 
7910	259 
7911	322 
7912	265 
7913	449 
7914	92 
7915	179 
7916	121 
7917	285 
7918	390 
7919	111 
7920	434 
7921	12 
7922	6 
7923	437 
7924	16 
7925	4 
7926	435 
7927	64 
7928	331 
7929	343 
7930	249 
7931	161 
7932	414 
7933	23 
7934	133 
7935	317 
7936	431 
7937	289 
7938	24 
7939	290 
7940	16 
7941	331 
7942	212 
7943	22 
7944	287 
7945	392 
7946	29 
7947	317 
7948	450 
7949	23 
7950	264 
7951	193 
7952	260 
7953	10 
7954	156 
7955	22 
7956	365 
7957	108 
7958	206 
7959	442 
7960	380 
7961	398 
7962	12 
7963	103 
7964	22 
7965	16 
7966	149 
7967	98 
7968	18 
7969	19 
7970	251 
7971	252 
7972	89 
7973	204 
7974	255 
7975	447 
7976	188 
7977	388 
7978	90 
7979	219 
7980	401 
7981	263 
7982	262 
7983	228 
7984	109 
7985	441 
7986	74 
7987	199 
7988	263 
7989	92 
7990	136 
7991	459 
7992	126 
7993	68 
7994	275 
7995	459 
7996	366 
7997	372 
7998	241 
7999	5 
8000	73 
8001	392 
8002	65 
8003	286 
8004	261 
8005	132 
8006	372 
8007	259 
8008	450 
8009	212 
8010	99 
8011	292 
8012	346 
8013	63 
8014	424 
8015	302 
8016	206 
8017	116 
8018	15 
8019	74 
8020	74 
8021	415 
8022	380 
8023	83 
8024	319 
8025	232 
8026	453 
8027	58 
8028	30 
8029	209 
8030	257 
8031	197 
8032	163 
8033	83 
8034	204 
8035	197 
8036	336 
8037	320 
8038	169 
8039	146 
8040	85 
8041	18 
8042	77 
8043	68 
8044	58 
8045	370 
8046	196 
8047	277 
8048	93 
8049	436 
8050	169 
8051	90 
8052	333 
8053	103 
8054	410 
8055	363 
8056	412 
8057	431 
8058	3 
8059	435 
8060	103 
8061	17 
8062	225 
8063	40 
8064	427 
8065	111 
8066	376 
8067	26 
8068	99 
8069	300 
8070	385 
8071	262 
8072	297 
8073	321 
8074	3 
8075	33 
8076	437 
8077	338 
8078	106 
8079	257 
8080	219 
8081	323 
8082	149 
8083	365 
8084	158 
8085	201 
8086	423 
8087	378 
8088	372 
8089	188 
8090	63 
8091	169 
8092	184 
8093	263 
8094	2 
8095	336 
8096	83 
8097	130 
8098	171 
8099	447 
8100	317 
8101	197 
8102	241 
8103	151 
8104	49 
8105	462 
8106	373 
8107	36 
8108	362 
8109	401 
8110	370 
8111	116 
8112	368 
8113	423 
8114	386 
8115	333 
8116	176 
8117	355 
8118	401 
8119	378 
8120	100 
8121	414 
8122	69 
8123	409 
8124	225 
8125	134 
8126	225 
8127	186 
8128	445 
8129	388 
8130	114 
8131	370 
8132	6 
8133	341 
8134	372 
8135	14 
8136	192 
8137	35 
8138	169 
8139	12 
8140	462 
8141	41 
8142	205 
8143	215 
8144	43 
8145	363 
8146	419 
8147	115 
8148	105 
8149	18 
8150	441 
8151	85 
8152	196 
8153	173 
8154	453 
8155	71 
8156	215 
8157	4 
8158	333 
8159	142 
8160	459 
8161	376 
8162	265 
8163	225 
8164	445 
8165	93 
8166	89 
8167	334 
8168	103 
8169	317 
8170	68 
8171	426 
8172	441 
8173	389 
8174	407 
8175	194 
8176	25 
8177	415 
8178	249 
8179	428 
8180	338 
8181	419 
8182	289 
8183	115 
8184	153 
8185	206 
8186	424 
8187	79 
8188	321 
8189	328 
8190	140 
8191	380 
8192	442 
8193	392 
8194	337 
8195	205 
8196	149 
8197	31 
8198	364 
8199	33 
8200	255 
8201	428 
8202	36 
8203	5 
8204	184 
8205	427 
8206	192 
8207	202 
8208	174 
8209	101 
8210	232 
8211	321 
8212	193 
8213	15 
8214	80 
8215	135 
8216	388 
8217	141 
8218	262 
8219	437 
8220	108 
8221	424 
8222	263 
8223	74 
8224	292 
8225	302 
8226	219 
8227	113 
8228	227 
8229	69 
8230	428 
8231	263 
8232	196 
8233	349 
8234	284 
8235	205 
8236	414 
8237	355 
8238	13 
8239	171 
8240	260 
8241	380 
8242	462 
8243	415 
8244	103 
8245	289 
8246	423 
8247	243 
8248	74 
8249	453 
8250	90 
8251	388 
8252	281 
8253	36 
8254	259 
8255	320 
8256	161 
8257	60 
8258	80 
8259	22 
8260	23 
8261	22 
8262	13 
8263	84 
8264	284 
8265	260 
8266	212 
8267	292 
8268	84 
8269	410 
8270	389 
8271	432 
8272	170 
8273	178 
8274	236 
8275	243 
8276	277 
8277	279 
8278	232 
8279	392 
8280	31 
8281	345 
8282	133 
8283	71 
8284	22 
8285	241 
8286	169 
8287	170 
8288	340 
8289	134 
8290	44 
8291	29 
8292	367 
8293	20 
8294	368 
8295	153 
8296	434 
8297	306 
8298	439 
8299	103 
8300	423 
8301	431 
8302	367 
8303	35 
8304	42 
8305	25 
8306	355 
8307	289 
8308	99 
8309	442 
8310	301 
8311	323 
8312	447 
8313	93 
8314	58 
8315	252 
8316	293 
8317	232 
8318	25 
8319	295 
8320	89 
8321	77 
8322	120 
8323	103 
8324	142 
8325	188 
8326	328 
8327	90 
8328	321 
8329	431 
8330	434 
8331	60 
8332	283 
8333	148 
8334	132 
8335	426 
8336	355 
8337	228 
8338	22 
8339	34 
8340	89 
8341	347 
8342	130 
8343	1 
8344	409 
8345	115 
8346	168 
8347	197 
8348	406 
8349	150 
8350	376 
8351	171 
8352	149 
8353	258 
8354	83 
8355	320 
8356	152 
8357	441 
8358	205 
8359	5 
8360	416 
8361	136 
8362	319 
8363	162 
8364	41 
8365	358 
8366	436 
8367	341 
8368	450 
8369	78 
8370	346 
8371	303 
8372	345 
8373	300 
8374	18 
8375	103 
8376	345 
8377	85 
8378	427 
8379	168 
8380	240 
8381	149 
8382	414 
8383	130 
8384	64 
8385	343 
8386	414 
8387	117 
8388	386 
8389	330 
8390	105 
8391	322 
8392	126 
8393	116 
8394	410 
8395	158 
8396	65 
8397	341 
8398	459 
8399	435 
8400	186 
8401	34 
8402	185 
8403	303 
8404	260 
8405	300 
8406	185 
8407	131 
8408	435 
8409	104 
8410	443 
8411	165 
8412	142 
8413	150 
8414	450 
8415	239 
8416	84 
8417	25 
8418	409 
8419	301 
8420	363 
8421	25 
8422	161 
8423	380 
8424	79 
8425	364 
8426	215 
8427	291 
8428	64 
8429	450 
8430	44 
8431	414 
8432	17 
8433	258 
8434	224 
8435	307 
8436	47 
8437	435 
8438	447 
8439	120 
8440	82 
8441	268 
8442	419 
8443	4 
8444	1 
8445	291 
8446	441 
8447	224 
8448	389 
8449	26 
8450	320 
8451	265 
8452	200 
8453	158 
8454	224 
8455	360 
8456	245 
8457	126 
8458	398 
8459	320 
8460	4 
8461	460 
8462	303 
8463	151 
8464	393 
8465	58 
8466	431 
8467	83 
8468	202 
8469	141 
8470	186 
8471	430 
8472	55 
8473	130 
8474	340 
8475	29 
8476	131 
8477	424 
8478	363 
8479	363 
8480	83 
8481	256 
8482	343 
8483	188 
8484	136 
8485	268 
8486	176 
8487	26 
8488	30 
8489	142 
8490	69 
8491	346 
8492	430 
8493	361 
8494	331 
8495	211 
8496	156 
8497	426 
8498	263 
8499	366 
8500	258 
8501	358 
8502	386 
8503	34 
8504	30 
8505	93 
8506	142 
8507	20 
8508	197 
8509	115 
8510	200 
8511	363 
8512	2 
8513	240 
8514	118 
8515	69 
8516	290 
8517	284 
8518	83 
8519	118 
8520	424 
8521	85 
8522	319 
8523	336 
8524	258 
8525	243 
8526	290 
8527	320 
8528	283 
8529	108 
8530	418 
8531	330 
8532	460 
8533	33 
8534	346 
8535	366 
8536	132 
8537	414 
8538	21 
8539	265 
8540	243 
8541	83 
8542	368 
8543	80 
8544	83 
8545	197 
8546	447 
8547	111 
8548	445 
8549	320 
8550	41 
8551	65 
8552	430 
8553	414 
8554	424 
8555	225 
8556	419 
8557	243 
8558	74 
8559	42 
8560	419 
8561	149 
8562	132 
8563	185 
8564	232 
8565	215 
8566	290 
8567	92 
8568	239 
8569	99 
8570	74 
8571	133 
8572	134 
8573	12 
8574	4 
8575	412 
8576	347 
8577	251 
8578	355 
8579	279 
8580	100 
8581	118 
8582	60 
8583	263 
8584	413 
8585	389 
8586	306 
8587	427 
8588	363 
8589	150 
8590	364 
8591	255 
8592	251 
8593	345 
8594	268 
8595	336 
8596	349 
8597	15 
8598	337 
8599	18 
8600	190 
8601	225 
8602	349 
8603	210 
8604	260 
8605	204 
8606	323 
8607	334 
8608	426 
8609	108 
8610	343 
8611	232 
8612	188 
8613	196 
8614	24 
8615	262 
8616	115 
8617	372 
8618	450 
8619	333 
8620	42 
8621	392 
8622	278 
8623	302 
8624	340 
8625	105 
8626	132 
8627	169 
8628	13 
8629	236 
8630	120 
8631	240 
8632	419 
8633	453 
8634	362 
8635	302 
8636	30 
8637	264 
8638	416 
8639	89 
8640	210 
8641	141 
8642	228 
8643	200 
8644	228 
8645	18 
8646	89 
8647	34 
8648	133 
8649	275 
8650	284 
8651	252 
8652	328 
8653	437 
8654	21 
8655	36 
8656	413 
8657	210 
8658	85 
8659	251 
8660	445 
8661	251 
8662	116 
8663	141 
8664	118 
8665	225 
8666	334 
8667	355 
8668	4 
8669	83 
8670	210 
8671	142 
8672	141 
8673	378 
8674	190 
8675	228 
8676	85 
8677	173 
8678	414 
8679	416 
8680	120 
8681	380 
8682	111 
8683	118 
8684	263 
8685	412 
8686	437 
8687	111 
8688	320 
8689	264 
8690	435 
8691	135 
8692	184 
8693	302 
8694	158 
8695	442 
8696	378 
8697	103 
8698	361 
8699	436 
8700	426 
8701	206 
8702	157 
8703	281 
8704	319 
8705	130 
8706	205 
8707	251 
8708	65 
8709	89 
8710	248 
8711	193 
8712	330 
8713	63 
8714	370 
8715	135 
8716	319 
8717	163 
8718	338 
8719	161 
8720	99 
8721	398 
8722	302 
8723	418 
8724	82 
8725	165 
8726	317 
8727	286 
8728	16 
8729	133 
8730	317 
8731	130 
8732	64 
8733	201 
8734	173 
8735	197 
8736	193 
8737	393 
8738	437 
8739	16 
8740	439 
8741	239 
8742	291 
8743	406 
8744	373 
8745	427 
8746	201 
8747	300 
8748	362 
8749	185 
8750	322 
8751	435 
8752	389 
8753	323 
8754	225 
8755	185 
8756	36 
8757	156 
8758	347 
8759	192 
8760	283 
8761	278 
8762	83 
8763	188 
8764	362 
8765	368 
8766	188 
8767	362 
8768	261 
8769	292 
8770	232 
8771	184 
8772	292 
8773	232 
8774	204 
8775	319 
8776	333 
8777	388 
8778	406 
8779	204 
8780	228 
8781	447 
8782	306 
8783	307 
8784	285 
8785	428 
8786	192 
8787	438 
8788	320 
8789	368 
8790	173 
8791	161 
8792	16 
8793	428 
8794	239 
8795	355 
8796	322 
8797	42 
8798	414 
8799	103 
8800	406 
8801	388 
8802	113 
8803	338 
8804	358 
8805	328 
8806	334 
8807	120 
8808	358 
8809	323 
8810	295 
8811	363 
8812	82 
8813	376 
8814	21 
8815	18 
8816	419 
8817	291 
8818	65 
8819	141 
8820	192 
8821	293 
8822	410 
8823	368 
8824	261 
8825	194 
8826	202 
8827	317 
8828	459 
8829	169 
8830	424 
8831	148 
8832	262 
8833	424 
8834	151 
8835	224 
8836	82 
8837	361 
8838	184 
8839	5 
8840	251 
8841	68 
8842	263 
8843	321 
8844	255 
8845	106 
8846	293 
8847	165 
8848	132 
8849	232 
8850	208 
8851	306 
8852	23 
8853	263 
8854	302 
8855	193 
8856	36 
8857	196 
8858	334 
8859	18 
8860	84 
8861	268 
8862	116 
8863	100 
8864	442 
8865	65 
8866	7 
8867	173 
8868	107 
8869	261 
8870	300 
8871	439 
8872	203 
8873	320 
8874	169 
8875	392 
8876	163 
8877	161 
8878	292 
8879	368 
8880	196 
8881	188 
8882	186 
8883	90 
8884	169 
8885	435 
8886	255 
8887	428 
8888	428 
8889	439 
8890	260 
8891	291 
8892	363 
8893	243 
8894	439 
8895	228 
8896	232 
8897	100 
8898	72 
8899	260 
8900	105 
8901	184 
8902	321 
8903	211 
8904	60 
8905	347 
8906	12 
8907	204 
8908	4 
8909	150 
8910	114 
8911	286 
8912	210 
8913	232 
8914	89 
8915	24 
8916	347 
8917	163 
8918	205 
8919	401 
8920	104 
8921	85 
8922	30 
8923	277 
8924	33 
8925	114 
8926	29 
8927	101 
8928	459 
8929	337 
8930	414 
8931	236 
8932	427 
8933	285 
8934	248 
8935	323 
8936	190 
8937	77 
8938	261 
8939	193 
8940	442 
8941	18 
8942	447 
8943	224 
8944	152 
8945	22 
8946	334 
8947	178 
8948	393 
8949	306 
8950	158 
8951	317 
8952	5 
8953	89 
8954	264 
8955	251 
8956	373 
8957	232 
8958	169 
8959	389 
8960	370 
8961	380 
8962	211 
8963	434 
8964	74 
8965	74 
8966	224 
8967	2 
8968	363 
8969	380 
8970	120 
8971	174 
8972	265 
8973	36 
8974	116 
8975	3 
8976	245 
8977	460 
8978	228 
8979	79 
8980	108 
8981	92 
8982	398 
8983	347 
8984	225 
8985	343 
8986	219 
8987	462 
8988	290 
8989	317 
8990	41 
8991	245 
8992	368 
8993	330 
8994	212 
8995	210 
8996	341 
8997	290 
8998	42 
8999	14 
9000	319 
9001	291 
9002	340 
9003	151 
9004	372 
9005	436 
9006	186 
9007	141 
9008	204 
9009	319 
9010	85 
9011	431 
9012	170 
9013	283 
9014	320 
9015	152 
9016	206 
9017	165 
9018	36 
9019	355 
9020	158 
9021	118 
9022	275 
9023	292 
9024	347 
9025	197 
9026	69 
9027	157 
9028	282 
9029	378 
9030	258 
9031	14 
9032	338 
9033	388 
9034	290 
9035	137 
9036	101 
9037	232 
9038	103 
9039	169 
9040	137 
9041	256 
9042	462 
9043	114 
9044	333 
9045	152 
9046	442 
9047	196 
9048	389 
9049	136 
9050	224 
9051	442 
9052	306 
9053	194 
9054	212 
9055	376 
9056	261 
9057	345 
9058	111 
9059	36 
9060	345 
9061	203 
9062	21 
9063	184 
9064	251 
9065	29 
9066	83 
9067	228 
9068	84 
9069	103 
9070	255 
9071	406 
9072	322 
9073	406 
9074	265 
9075	385 
9076	323 
9077	85 
9078	197 
9079	392 
9080	275 
9081	2 
9082	133 
9083	255 
9084	190 
9085	336 
9086	89 
9087	322 
9088	219 
9089	151 
9090	323 
9091	142 
9092	23 
9093	286 
9094	22 
9095	291 
9096	435 
9097	264 
9098	162 
9099	441 
9100	13 
9101	389 
9102	321 
9103	281 
9104	107 
9105	156 
9106	161 
9107	186 
9108	41 
9109	439 
9110	90 
9111	262 
9112	392 
9113	426 
9114	262 
9115	291 
9116	268 
9117	334 
9118	185 
9119	228 
9120	427 
9121	370 
9122	157 
9123	368 
9124	13 
9125	283 
9126	419 
9127	104 
9128	185 
9129	228 
9130	393 
9131	89 
9132	41 
9133	84 
9134	435 
9135	436 
9136	337 
9137	25 
9138	256 
9139	292 
9140	317 
9141	412 
9142	419 
9143	16 
9144	64 
9145	34 
9146	283 
9147	60 
9148	419 
9149	79 
9150	224 
9151	161 
9152	163 
9153	362 
9154	13 
9155	186 
9156	111 
9157	300 
9158	85 
9159	205 
9160	21 
9161	413 
9162	441 
9163	412 
9164	203 
9165	307 
9166	393 
9167	41 
9168	380 
9169	18 
9170	22 
9171	133 
9172	317 
9173	136 
9174	115 
9175	368 
9176	156 
9177	117 
9178	80 
9179	90 
9180	208 
9181	336 
9182	265 
9183	120 
9184	426 
9185	178 
9186	4 
9187	185 
9188	282 
9189	22 
9190	89 
9191	414 
9192	330 
9193	286 
9194	136 
9195	360 
9196	165 
9197	185 
9198	202 
9199	321 
9200	361 
9201	197 
9202	77 
9203	358 
9204	268 
9205	301 
9206	275 
9207	74 
9208	64 
9209	200 
9210	184 
9211	437 
9212	77 
9213	132 
9214	173 
9215	306 
9216	453 
9217	203 
9218	60 
9219	21 
9220	29 
9221	319 
9222	322 
9223	306 
9224	72 
9225	368 
9226	337 
9227	132 
9228	275 
9229	431 
9230	268 
9231	89 
9232	23 
9233	300 
9234	152 
9235	74 
9236	307 
9237	333 
9238	363 
9239	245 
9240	202 
9241	368 
9242	416 
9243	341 
9244	302 
9245	116 
9246	334 
9247	34 
9248	336 
9249	368 
9250	376 
9251	441 
9252	169 
9253	268 
9254	343 
9255	104 
9256	161 
9257	406 
9258	291 
9259	306 
9260	33 
9261	300 
9262	412 
9263	378 
9264	15 
9265	100 
9266	42 
9267	389 
9268	18 
9269	162 
9270	372 
9271	264 
9272	232 
9273	161 
9274	117 
9275	13 
9276	292 
9277	100 
9278	169 
9279	202 
9280	418 
9281	186 
9282	361 
9283	435 
9284	12 
9285	15 
9286	197 
9287	64 
9288	333 
9289	415 
9290	389 
9291	2 
9292	170 
9293	368 
9294	132 
9295	283 
9296	358 
9297	285 
9298	388 
9299	260 
9300	193 
9301	431 
9302	33 
9303	292 
9304	136 
9305	18 
9306	320 
9307	413 
9308	211 
9309	12 
9310	184 
9311	22 
9312	439 
9313	362 
9314	225 
9315	224 
9316	82 
9317	338 
9318	290 
9319	150 
9320	442 
9321	283 
9322	74 
9323	290 
9324	105 
9325	389 
9326	306 
9327	152 
9328	203 
9329	82 
9330	156 
9331	201 
9332	115 
9333	118 
9334	212 
9335	261 
9336	12 
9337	132 
9338	80 
9339	398 
9340	208 
9341	360 
9342	328 
9343	85 
9344	13 
9345	453 
9346	334 
9347	445 
9348	193 
9349	201 
9350	445 
9351	333 
9352	89 
9353	132 
9354	208 
9355	156 
9356	398 
9357	281 
9358	4 
9359	389 
9360	260 
9361	58 
9362	362 
9363	156 
9364	2 
9365	12 
9366	460 
9367	245 
9368	120 
9369	22 
9370	204 
9371	211 
9372	170 
9373	186 
9374	197 
9375	321 
9376	245 
9377	459 
9378	398 
9379	83 
9380	319 
9381	378 
9382	163 
9383	264 
9384	373 
9385	4 
9386	442 
9387	41 
9388	419 
9389	245 
9390	211 
9391	23 
9392	261 
9393	373 
9394	132 
9395	328 
9396	439 
9397	185 
9398	85 
9399	68 
9400	283 
9401	376 
9402	12 
9403	264 
9404	169 
9405	133 
9406	208 
9407	418 
9408	328 
9409	169 
9410	165 
9411	378 
9412	157 
9413	111 
9414	1 
9415	292 
9416	117 
9417	302 
9418	393 
9419	60 
9420	275 
9421	79 
9422	82 
9423	330 
9424	83 
9425	360 
9426	107 
9427	90 
9428	363 
9429	157 
9430	194 
9431	118 
9432	388 
9433	286 
9434	21 
9435	368 
9436	341 
9437	157 
9438	85 
9439	389 
9440	111 
9441	302 
9442	132 
9443	41 
9444	192 
9445	153 
9446	185 
9447	307 
9448	135 
9449	163 
9450	184 
9451	317 
9452	25 
9453	133 
9454	13 
9455	201 
9456	142 
9457	132 
9458	255 
9459	212 
9460	100 
9461	307 
9462	376 
9463	133 
9464	228 
9465	23 
9466	416 
9467	413 
9468	330 
9469	157 
9470	418 
9471	173 
9472	364 
9473	419 
9474	118 
9475	118 
9476	161 
9477	185 
9478	158 
9479	439 
9480	201 
9481	60 
9482	29 
9483	170 
9484	79 
9485	321 
9486	149 
9487	281 
9488	328 
9489	161 
9490	83 
9491	142 
9492	439 
9493	300 
9494	303 
9495	161 
9496	115 
9497	80 
9498	162 
9499	64 
9500	205 
9501	58 
9502	1 
9503	25 
9504	437 
9505	89 
9506	427 
9507	197 
9508	157 
9509	4 
9510	251 
9511	385 
9512	322 
9513	418 
9514	135 
9515	431 
9516	307 
9517	36 
9518	135 
9519	12 
9520	372 
9521	292 
9522	268 
9523	68 
9524	178 
9525	186 
9526	192 
9527	439 
9528	251 
9529	158 
9530	439 
9531	251 
9532	135 
9533	338 
9534	103 
9535	251 
9536	282 
9537	90 
9538	441 
9539	307 
9540	132 
9541	302 
9542	251 
9543	323 
9544	303 
9545	103 
9546	22 
9547	4 
9548	281 
9549	333 
9550	453 
9551	450 
9552	303 
9553	101 
9554	149 
9555	161 
9556	34 
9557	368 
9558	261 
9559	36 
9560	447 
9561	201 
9562	149 
9563	42 
9564	393 
9565	149 
9566	228 
9567	23 
9568	264 
9569	341 
9570	450 
9571	436 
9572	372 
9573	260 
9574	18 
9575	165 
9576	292 
9577	322 
9578	169 
9579	363 
9580	260 
9581	64 
9582	393 
9583	388 
9584	150 
9585	450 
9586	194 
9587	439 
9588	208 
9589	338 
9590	5 
9591	413 
9592	149 
9593	292 
9594	292 
9595	261 
9596	277 
9597	320 
9598	427 
9599	152 
9600	323 
9601	317 
9602	117 
9603	21 
9604	142 
9605	372 
9606	136 
9607	184 
9608	111 
9609	435 
9610	453 
9611	162 
9612	210 
9613	64 
9614	165 
9615	439 
9616	414 
9617	302 
9618	330 
9619	197 
9620	103 
9621	33 
9622	101 
9623	152 
9624	24 
9625	330 
9626	77 
9627	283 
9628	77 
9629	376 
9630	459 
9631	333 
9632	372 
9633	302 
9634	111 
9635	200 
9636	376 
9637	277 
9638	162 
9639	343 
9640	362 
9641	89 
9642	418 
9643	355 
9644	460 
9645	193 
9646	372 
9647	347 
9648	165 
9649	447 
9650	84 
9651	251 
9652	262 
9653	5 
9654	364 
9655	90 
9656	65 
9657	333 
9658	84 
9659	103 
9660	317 
9661	24 
9662	341 
9663	447 
9664	306 
9665	372 
9666	205 
9667	450 
9668	13 
9669	74 
9670	161 
9671	42 
9672	322 
9673	115 
9674	261 
9675	103 
9676	173 
9677	265 
9678	120 
9679	338 
9680	24 
9681	262 
9682	111 
9683	328 
9684	453 
9685	36 
9686	414 
9687	142 
9688	173 
9689	149 
9690	414 
9691	225 
9692	251 
9693	323 
9694	442 
9695	372 
9696	117 
9697	338 
9698	303 
9699	323 
9700	205 
9701	150 
9702	1 
9703	135 
9704	185 
9705	282 
9706	64 
9707	23 
9708	197 
9709	18 
9710	206 
9711	413 
9712	201 
9713	162 
9714	286 
9715	376 
9716	232 
9717	65 
9718	268 
9719	436 
9720	2 
9721	192 
9722	406 
9723	398 
9724	281 
9725	157 
9726	24 
9727	435 
9728	286 
9729	255 
9730	245 
9731	225 
9732	170 
9733	165 
9734	212 
9735	225 
9736	24 
9737	21 
9738	197 
9739	431 
9740	158 
9741	77 
9742	442 
9743	25 
9744	283 
9745	261 
9746	388 
9747	388 
9748	414 
9749	149 
9750	103 
9751	376 
9752	321 
9753	64 
9754	64 
9755	442 
9756	210 
9757	322 
9758	255 
9759	210 
9760	268 
9761	193 
9762	419 
9763	212 
9764	263 
9765	156 
9766	204 
9767	142 
9768	90 
9769	347 
9770	178 
9771	255 
9772	84 
9773	135 
9774	255 
9775	185 
9776	178 
9777	281 
9778	388 
9779	389 
9780	277 
9781	111 
9782	197 
9783	13 
9784	426 
9785	204 
9786	419 
9787	225 
9788	13 
9789	393 
9790	1 
9791	68 
9792	275 
9793	436 
9794	204 
9795	118 
9796	321 
9797	136 
9798	192 
9799	21 
9800	263 
9801	228 
9802	368 
9803	84 
9804	232 
9805	426 
9806	317 
9807	419 
9808	169 
9809	319 
9810	376 
9811	184 
9812	436 
9813	178 
9814	345 
9815	89 
9816	362 
9817	29 
9818	13 
9819	173 
9820	200 
9821	192 
9822	264 
9823	300 
9824	263 
9825	135 
9826	453 
9827	320 
9828	300 
9829	165 
9830	192 
9831	323 
9832	23 
9833	277 
9834	90 
9835	210 
9836	157 
9837	18 
9838	161 
9839	65 
9840	333 
9841	323 
9842	65 
9843	90 
9844	21 
9845	2 
9846	292 
9847	173 
9848	201 
9849	184 
9850	431 
9851	323 
9852	393 
9853	283 
9854	5 
9855	322 
9856	398 
9857	25 
9858	321 
9859	264 
9860	201 
9861	341 
9862	317 
9863	169 
9864	4 
9865	283 
9866	185 
9867	338 
9868	251 
9869	2 
9870	306 
9871	100 
9872	228 
9873	414 
9874	135 
9875	142 
9876	419 
9877	225 
9878	255 
9879	338 
9880	450 
9881	323 
9882	450 
9883	262 
9884	323 
9885	34 
9886	89 
9887	418 
9888	25 
9889	442 
9890	232 
9891	281 
9892	136 
9893	283 
9894	80 
9895	435 
9896	85 
9897	398 
9898	363 
9899	277 
9900	84 
9901	330 
9902	80 
9903	368 
9904	136 
9905	205 
9906	398 
9907	197 
9908	330 
9909	184 
9910	388 
9911	111 
9912	83 
9913	363 
9914	398 
9915	225 
9916	419 
9917	232 
9918	435 
9919	263 
9920	142 
9921	118 
9922	100 
9923	77 
9924	292 
9925	255 
9926	64 
9927	333 
9928	4 
9929	74 
9930	268 
9931	265 
9932	2 
9933	4 
9934	300 
9935	4 
9936	338 
9937	149 
9938	89 
9939	197 
9940	132 
9941	306 
9942	261 
9943	142 
9944	368 
9945	389 
9946	83 
9947	186 
9948	64 
9949	436 
9950	368 
9951	225 
9952	265 
9953	225 
9954	372 
9955	347 
9956	418 
9957	74 
9958	22 
9959	345 
9960	419 
9961	372 
9962	303 
9963	389 
9964	158 
9965	368 
9966	165 
9967	34 
9968	265 
9969	321 
9970	184 
9971	103 
9972	1 
9973	442 
9974	136 
9975	161 
9976	275 
9977	161 
9978	419 
9979	442 
9980	362 
9981	84 
9982	65 
9983	322 
9984	36 
9985	292 
9986	136 
9987	225 
9988	169 
9989	29 
9990	118 
9991	103 
9992	64 
9993	22 
9994	347 
9995	283 
9996	200 
9997	264 
9998	261 
9999	225 
10000	36 
