1	208 
2	26 
3	52 
4	120 
5	138 
6	275 
7	244 
8	124 
9	76 
10	205 
11	242 
12	246 
13	238 
14	4 
15	250 
16	298 
17	175 
18	86 
19	113 
20	225 
21	39 
22	236 
23	338 
24	77 
25	49 
26	51 
27	121 
28	118 
29	226 
30	165 
31	201 
32	151 
33	321 
34	172 
35	63 
36	123 
37	246 
38	15 
39	315 
40	58 
41	245 
42	297 
43	261 
44	327 
45	124 
46	70 
47	301 
48	118 
49	100 
50	182 
51	274 
52	193 
53	303 
54	239 
55	285 
56	237 
57	162 
58	91 
59	7 
60	63 
61	209 
62	196 
63	216 
64	313 
65	57 
66	331 
67	223 
68	116 
69	262 
70	301 
71	124 
72	220 
73	162 
74	100 
75	130 
76	103 
77	58 
78	39 
79	91 
80	52 
81	32 
82	303 
83	18 
84	279 
85	122 
86	21 
87	100 
88	15 
89	298 
90	76 
91	103 
92	13 
93	293 
94	176 
95	160 
96	316 
97	247 
98	156 
99	9 
100	173 
101	150 
102	151 
103	91 
104	223 
105	131 
106	317 
107	230 
108	205 
109	166 
110	32 
111	5 
112	319 
113	119 
114	160 
115	284 
116	100 
117	186 
118	75 
119	90 
120	49 
121	100 
122	278 
123	262 
124	16 
125	252 
126	71 
127	300 
128	32 
129	87 
130	197 
131	315 
132	36 
133	25 
134	201 
135	262 
136	131 
137	163 
138	19 
139	320 
140	230 
141	100 
142	262 
143	77 
144	14 
145	327 
146	100 
147	64 
148	284 
149	279 
150	305 
151	226 
152	325 
153	148 
154	114 
155	109 
156	315 
157	237 
158	293 
159	109 
160	57 
161	303 
162	166 
163	161 
164	140 
165	168 
166	212 
167	21 
168	279 
169	50 
170	186 
171	336 
172	209 
173	31 
174	172 
175	279 
176	255 
177	32 
178	68 
179	104 
180	57 
181	166 
182	47 
183	263 
184	129 
185	16 
186	86 
187	308 
188	44 
189	168 
190	220 
191	14 
192	91 
193	44 
194	45 
195	323 
196	320 
197	13 
198	166 
199	235 
200	234 
201	83 
202	63 
203	135 
204	183 
205	75 
206	266 
207	261 
208	238 
209	224 
210	123 
211	52 
212	197 
213	240 
214	166 
215	27 
216	262 
217	125 
218	262 
219	128 
220	80 
221	302 
222	20 
223	340 
224	99 
225	343 
226	318 
227	273 
228	209 
229	344 
230	112 
231	108 
232	295 
233	166 
234	196 
235	238 
236	213 
237	17 
238	236 
239	213 
240	186 
241	208 
242	144 
243	61 
244	310 
245	338 
246	136 
247	62 
248	319 
249	63 
250	303 
251	130 
252	230 
253	315 
254	63 
255	36 
256	141 
257	294 
258	287 
259	91 
260	217 
261	57 
262	313 
263	166 
264	332 
265	293 
266	106 
267	53 
268	146 
269	241 
270	100 
271	38 
272	144 
273	115 
274	340 
275	32 
276	180 
277	86 
278	41 
279	118 
280	92 
281	340 
282	118 
283	319 
284	44 
285	100 
286	286 
287	63 
288	186 
289	182 
290	22 
291	224 
292	130 
293	171 
294	289 
295	185 
296	146 
297	165 
298	238 
299	196 
300	315 
301	303 
302	196 
303	167 
304	248 
305	313 
306	165 
307	99 
308	314 
309	190 
310	121 
311	317 
312	80 
313	237 
314	343 
315	57 
316	77 
317	250 
318	89 
319	89 
320	288 
321	112 
322	230 
323	75 
324	247 
325	16 
326	75 
327	238 
328	299 
329	182 
330	112 
331	187 
332	224 
333	112 
334	182 
335	298 
336	95 
337	169 
338	343 
339	184 
340	75 
341	179 
342	75 
343	161 
344	215 
345	130 
346	67 
347	198 
348	134 
349	262 
350	294 
351	38 
352	287 
353	290 
354	4 
355	165 
356	182 
357	262 
358	328 
359	112 
360	336 
361	74 
362	106 
363	24 
364	107 
365	122 
366	207 
367	216 
368	249 
369	308 
370	59 
371	130 
372	95 
373	113 
374	311 
375	263 
376	196 
377	255 
378	160 
379	35 
380	307 
381	284 
382	121 
383	308 
384	340 
385	271 
386	143 
387	41 
388	85 
389	197 
390	89 
391	106 
392	63 
393	241 
394	16 
395	200 
396	96 
397	104 
398	203 
399	241 
400	109 
401	196 
402	161 
403	285 
404	87 
405	298 
406	261 
407	107 
408	82 
409	100 
410	65 
411	166 
412	222 
413	343 
414	228 
415	298 
416	57 
417	336 
418	270 
419	248 
420	267 
421	38 
422	62 
423	295 
424	46 
425	188 
426	77 
427	279 
428	36 
429	63 
430	336 
431	315 
432	301 
433	68 
434	86 
435	324 
436	296 
437	65 
438	159 
439	196 
440	18 
441	13 
442	201 
443	186 
444	183 
445	137 
446	188 
447	55 
448	155 
449	38 
450	315 
451	21 
452	229 
453	80 
454	199 
455	59 
456	327 
457	39 
458	24 
459	296 
460	303 
461	208 
462	215 
463	233 
464	133 
465	275 
466	249 
467	157 
468	303 
469	238 
470	343 
471	26 
472	40 
473	261 
474	340 
475	13 
476	124 
477	121 
478	213 
479	51 
480	103 
481	35 
482	119 
483	91 
484	182 
485	320 
486	293 
487	116 
488	46 
489	130 
490	324 
491	288 
492	200 
493	320 
494	303 
495	264 
496	20 
497	111 
498	284 
499	296 
500	246 
501	205 
502	67 
503	115 
504	150 
505	343 
506	283 
507	187 
508	303 
509	303 
510	241 
511	213 
512	145 
513	166 
514	100 
515	324 
516	256 
517	98 
518	275 
519	86 
520	125 
521	103 
522	188 
523	314 
524	131 
525	76 
526	103 
527	340 
528	153 
529	76 
530	223 
531	182 
532	57 
533	123 
534	212 
535	184 
536	103 
537	91 
538	325 
539	21 
540	213 
541	195 
542	4 
543	208 
544	202 
545	110 
546	57 
547	282 
548	22 
549	238 
550	26 
551	76 
552	209 
553	252 
554	207 
555	343 
556	327 
557	126 
558	118 
559	204 
560	162 
561	196 
562	45 
563	81 
564	229 
565	43 
566	276 
567	279 
568	316 
569	318 
570	158 
571	314 
572	21 
573	75 
574	228 
575	301 
576	99 
577	202 
578	201 
579	57 
580	38 
581	298 
582	42 
583	63 
584	123 
585	287 
586	51 
587	31 
588	182 
589	47 
590	338 
591	288 
592	118 
593	289 
594	262 
595	126 
596	337 
597	54 
598	237 
599	279 
600	91 
601	328 
602	91 
603	112 
604	276 
605	58 
606	180 
607	329 
608	127 
609	319 
610	303 
611	56 
612	239 
613	20 
614	129 
615	79 
616	118 
617	315 
618	166 
619	335 
620	120 
621	13 
622	27 
623	182 
624	41 
625	312 
626	248 
627	152 
628	126 
629	166 
630	184 
631	130 
632	57 
633	94 
634	148 
635	330 
636	243 
637	63 
638	284 
639	338 
640	130 
641	174 
642	339 
643	197 
644	230 
645	161 
646	343 
647	109 
648	7 
649	150 
650	185 
651	161 
652	32 
653	63 
654	330 
655	314 
656	42 
657	219 
658	157 
659	45 
660	42 
661	262 
662	57 
663	165 
664	193 
665	197 
666	96 
667	108 
668	216 
669	120 
670	200 
671	309 
672	79 
673	261 
674	327 
675	146 
676	118 
677	63 
678	294 
679	71 
680	119 
681	287 
682	165 
683	323 
684	258 
685	341 
686	182 
687	336 
688	235 
689	262 
690	279 
691	262 
692	197 
693	229 
694	214 
695	330 
696	19 
697	40 
698	21 
699	49 
700	57 
701	131 
702	130 
703	66 
704	171 
705	343 
706	10 
707	288 
708	301 
709	264 
710	4 
711	72 
712	288 
713	88 
714	67 
715	166 
716	68 
717	46 
718	241 
719	42 
720	26 
721	182 
722	89 
723	182 
724	249 
725	127 
726	148 
727	313 
728	224 
729	277 
730	73 
731	99 
732	108 
733	131 
734	177 
735	47 
736	106 
737	215 
738	303 
739	104 
740	93 
741	52 
742	284 
743	286 
744	271 
745	272 
746	173 
747	315 
748	320 
749	154 
750	243 
751	30 
752	91 
753	279 
754	38 
755	79 
756	209 
757	111 
758	88 
759	170 
760	145 
761	186 
762	337 
763	124 
764	38 
765	315 
766	332 
767	322 
768	181 
769	31 
770	193 
771	213 
772	62 
773	216 
774	14 
775	38 
776	270 
777	322 
778	270 
779	204 
780	100 
781	327 
782	32 
783	130 
784	73 
785	301 
786	145 
787	296 
788	49 
789	258 
790	248 
791	119 
792	4 
793	42 
794	270 
795	134 
796	127 
797	248 
798	72 
799	6 
800	138 
801	258 
802	266 
803	91 
804	304 
805	262 
806	103 
807	101 
808	109 
809	47 
810	5 
811	184 
812	83 
813	137 
814	303 
815	7 
816	131 
817	298 
818	324 
819	175 
820	34 
821	254 
822	119 
823	324 
824	28 
825	184 
826	144 
827	91 
828	238 
829	110 
830	305 
831	99 
832	340 
833	248 
834	279 
835	138 
836	186 
837	213 
838	26 
839	301 
840	42 
841	74 
842	340 
843	269 
844	287 
845	129 
846	321 
847	130 
848	131 
849	319 
850	95 
851	130 
852	309 
853	152 
854	182 
855	186 
856	182 
857	118 
858	5 
859	241 
860	197 
861	315 
862	303 
863	166 
864	242 
865	209 
866	228 
867	232 
868	160 
869	298 
870	132 
871	101 
872	213 
873	54 
874	269 
875	288 
876	344 
877	279 
878	272 
879	319 
880	343 
881	226 
882	44 
883	81 
884	224 
885	32 
886	197 
887	35 
888	125 
889	315 
890	158 
891	58 
892	190 
893	284 
894	265 
895	129 
896	325 
897	34 
898	48 
899	38 
900	204 
901	24 
902	118 
903	118 
904	241 
905	228 
906	114 
907	263 
908	269 
909	178 
910	85 
911	253 
912	55 
913	88 
914	136 
915	158 
916	145 
917	141 
918	128 
919	239 
920	212 
921	77 
922	13 
923	124 
924	177 
925	154 
926	129 
927	45 
928	259 
929	31 
930	228 
931	335 
932	34 
933	110 
934	264 
935	211 
936	266 
937	236 
938	127 
939	72 
940	214 
941	271 
942	281 
943	230 
944	293 
945	146 
946	152 
947	279 
948	144 
949	332 
950	265 
951	26 
952	210 
953	199 
954	20 
955	277 
956	134 
957	8 
958	139 
959	28 
960	88 
961	320 
962	257 
963	209 
964	108 
965	133 
966	196 
967	143 
968	207 
969	194 
970	157 
971	41 
972	90 
973	56 
974	196 
975	304 
976	58 
977	76 
978	280 
979	131 
980	224 
981	29 
982	246 
983	247 
984	234 
985	308 
986	144 
987	110 
988	288 
989	196 
990	160 
991	54 
992	65 
993	289 
994	37 
995	261 
996	274 
997	32 
998	57 
999	249 
1000	86 
1001	99 
1002	238 
1003	161 
1004	197 
1005	57 
1006	241 
1007	239 
1008	5 
1009	71 
1010	277 
1011	320 
1012	294 
1013	73 
1014	231 
1015	161 
1016	44 
1017	319 
1018	67 
1019	174 
1020	171 
1021	108 
1022	39 
1023	109 
1024	209 
1025	337 
1026	294 
1027	185 
1028	144 
1029	275 
1030	161 
1031	290 
1032	257 
1033	199 
1034	300 
1035	44 
1036	289 
1037	239 
1038	101 
1039	166 
1040	149 
1041	248 
1042	343 
1043	313 
1044	168 
1045	34 
1046	15 
1047	122 
1048	13 
1049	19 
1050	38 
1051	316 
1052	139 
1053	261 
1054	329 
1055	148 
1056	161 
1057	133 
1058	105 
1059	302 
1060	9 
1061	74 
1062	16 
1063	169 
1064	288 
1065	308 
1066	304 
1067	106 
1068	242 
1069	322 
1070	83 
1071	91 
1072	158 
1073	4 
1074	198 
1075	239 
1076	83 
1077	57 
1078	239 
1079	125 
1080	222 
1081	82 
1082	230 
1083	189 
1084	154 
1085	95 
1086	100 
1087	140 
1088	226 
1089	239 
1090	23 
1091	272 
1092	216 
1093	108 
1094	185 
1095	49 
1096	72 
1097	270 
1098	118 
1099	140 
1100	112 
1101	101 
1102	340 
1103	103 
1104	170 
1105	31 
1106	79 
1107	131 
1108	289 
1109	136 
1110	101 
1111	127 
1112	224 
1113	102 
1114	19 
1115	226 
1116	213 
1117	271 
1118	166 
1119	47 
1120	278 
1121	273 
1122	209 
1123	97 
1124	145 
1125	262 
1126	186 
1127	275 
1128	65 
1129	324 
1130	67 
1131	215 
1132	261 
1133	121 
1134	84 
1135	32 
1136	44 
1137	212 
1138	143 
1139	148 
1140	133 
1141	143 
1142	103 
1143	343 
1144	168 
1145	259 
1146	241 
1147	298 
1148	64 
1149	135 
1150	287 
1151	169 
1152	300 
1153	324 
1154	176 
1155	114 
1156	236 
1157	157 
1158	136 
1159	48 
1160	185 
1161	299 
1162	301 
1163	161 
1164	134 
1165	130 
1166	13 
1167	61 
1168	115 
1169	245 
1170	59 
1171	202 
1172	89 
1173	235 
1174	71 
1175	42 
1176	58 
1177	174 
1178	177 
1179	58 
1180	216 
1181	186 
1182	63 
1183	255 
1184	10 
1185	234 
1186	330 
1187	113 
1188	58 
1189	13 
1190	226 
1191	303 
1192	234 
1193	239 
1194	145 
1195	212 
1196	95 
1197	44 
1198	10 
1199	252 
1200	250 
1201	211 
1202	272 
1203	213 
1204	284 
1205	211 
1206	65 
1207	230 
1208	288 
1209	168 
1210	294 
1211	108 
1212	195 
1213	193 
1214	110 
1215	77 
1216	28 
1217	155 
1218	228 
1219	273 
1220	88 
1221	51 
1222	123 
1223	124 
1224	288 
1225	131 
1226	196 
1227	205 
1228	229 
1229	315 
1230	118 
1231	109 
1232	232 
1233	72 
1234	44 
1235	200 
1236	305 
1237	21 
1238	323 
1239	122 
1240	35 
1241	131 
1242	14 
1243	204 
1244	322 
1245	196 
1246	210 
1247	261 
1248	261 
1249	219 
1250	224 
1251	315 
1252	268 
1253	161 
1254	138 
1255	323 
1256	197 
1257	339 
1258	342 
1259	50 
1260	36 
1261	317 
1262	28 
1263	30 
1264	298 
1265	182 
1266	9 
1267	287 
1268	118 
1269	279 
1270	127 
1271	139 
1272	121 
1273	210 
1274	276 
1275	18 
1276	210 
1277	100 
1278	252 
1279	333 
1280	16 
1281	266 
1282	126 
1283	259 
1284	279 
1285	279 
1286	140 
1287	291 
1288	75 
1289	202 
1290	335 
1291	223 
1292	213 
1293	248 
1294	327 
1295	32 
1296	193 
1297	185 
1298	276 
1299	91 
1300	305 
1301	102 
1302	330 
1303	294 
1304	196 
1305	114 
1306	248 
1307	219 
1308	228 
1309	15 
1310	12 
1311	186 
1312	43 
1313	187 
1314	330 
1315	206 
1316	37 
1317	211 
1318	230 
1319	61 
1320	340 
1321	118 
1322	157 
1323	52 
1324	241 
1325	19 
1326	83 
1327	296 
1328	51 
1329	157 
1330	338 
1331	179 
1332	20 
1333	263 
1334	140 
1335	139 
1336	235 
1337	204 
1338	153 
1339	83 
1340	169 
1341	190 
1342	18 
1343	284 
1344	277 
1345	158 
1346	180 
1347	21 
1348	143 
1349	128 
1350	24 
1351	176 
1352	234 
1353	148 
1354	40 
1355	215 
1356	330 
1357	159 
1358	145 
1359	92 
1360	145 
1361	102 
1362	205 
1363	269 
1364	310 
1365	109 
1366	19 
1367	192 
1368	185 
1369	270 
1370	248 
1371	116 
1372	237 
1373	173 
1374	117 
1375	31 
1376	213 
1377	117 
1378	140 
1379	336 
1380	164 
1381	196 
1382	187 
1383	268 
1384	295 
1385	211 
1386	284 
1387	296 
1388	220 
1389	228 
1390	29 
1391	241 
1392	264 
1393	193 
1394	332 
1395	275 
1396	209 
1397	21 
1398	137 
1399	237 
1400	29 
1401	69 
1402	13 
1403	162 
1404	38 
1405	210 
1406	73 
1407	238 
1408	273 
1409	79 
1410	212 
1411	323 
1412	193 
1413	33 
1414	239 
1415	21 
1416	21 
1417	109 
1418	286 
1419	28 
1420	99 
1421	93 
1422	210 
1423	222 
1424	140 
1425	343 
1426	257 
1427	197 
1428	125 
1429	341 
1430	181 
1431	306 
1432	197 
1433	103 
1434	278 
1435	213 
1436	159 
1437	193 
1438	137 
1439	205 
1440	230 
1441	277 
1442	292 
1443	323 
1444	307 
1445	270 
1446	247 
1447	19 
1448	315 
1449	215 
1450	81 
1451	320 
1452	337 
1453	341 
1454	58 
1455	209 
1456	307 
1457	95 
1458	152 
1459	138 
1460	45 
1461	341 
1462	261 
1463	85 
1464	215 
1465	63 
1466	121 
1467	209 
1468	63 
1469	243 
1470	340 
1471	3 
1472	26 
1473	185 
1474	131 
1475	31 
1476	326 
1477	98 
1478	21 
1479	282 
1480	145 
1481	190 
1482	38 
1483	26 
1484	145 
1485	256 
1486	330 
1487	130 
1488	91 
1489	197 
1490	204 
1491	173 
1492	214 
1493	113 
1494	323 
1495	197 
1496	189 
1497	253 
1498	10 
1499	50 
1500	305 
1501	13 
1502	179 
1503	48 
1504	147 
1505	66 
1506	229 
1507	42 
1508	161 
1509	149 
1510	14 
1511	271 
1512	124 
1513	197 
1514	158 
1515	201 
1516	219 
1517	192 
1518	287 
1519	243 
1520	74 
1521	173 
1522	184 
1523	65 
1524	174 
1525	236 
1526	39 
1527	238 
1528	143 
1529	332 
1530	262 
1531	94 
1532	116 
1533	341 
1534	24 
1535	322 
1536	289 
1537	129 
1538	95 
1539	135 
1540	175 
1541	84 
1542	220 
1543	273 
1544	178 
1545	278 
1546	195 
1547	131 
1548	212 
1549	230 
1550	191 
1551	161 
1552	225 
1553	213 
1554	296 
1555	255 
1556	243 
1557	105 
1558	207 
1559	320 
1560	300 
1561	198 
1562	6 
1563	51 
1564	111 
1565	183 
1566	340 
1567	319 
1568	319 
1569	30 
1570	72 
1571	342 
1572	185 
1573	155 
1574	31 
1575	201 
1576	238 
1577	130 
1578	269 
1579	344 
1580	238 
1581	187 
1582	234 
1583	220 
1584	148 
1585	243 
1586	216 
1587	330 
1588	140 
1589	201 
1590	162 
1591	328 
1592	209 
1593	170 
1594	21 
1595	319 
1596	108 
1597	295 
1598	277 
1599	44 
1600	195 
1601	83 
1602	104 
1603	129 
1604	297 
1605	21 
1606	319 
1607	218 
1608	224 
1609	313 
1610	29 
1611	103 
1612	141 
1613	169 
1614	16 
1615	295 
1616	292 
1617	131 
1618	113 
1619	243 
1620	129 
1621	343 
1622	204 
1623	261 
1624	224 
1625	158 
1626	13 
1627	100 
1628	289 
1629	108 
1630	306 
1631	338 
1632	29 
1633	238 
1634	175 
1635	25 
1636	64 
1637	80 
1638	261 
1639	140 
1640	13 
1641	88 
1642	341 
1643	201 
1644	165 
1645	108 
1646	109 
1647	97 
1648	322 
1649	103 
1650	9 
1651	305 
1652	99 
1653	131 
1654	64 
1655	145 
1656	95 
1657	145 
1658	65 
1659	208 
1660	17 
1661	301 
1662	92 
1663	123 
1664	74 
1665	275 
1666	265 
1667	107 
1668	264 
1669	32 
1670	58 
1671	20 
1672	89 
1673	219 
1674	30 
1675	139 
1676	175 
1677	75 
1678	190 
1679	105 
1680	154 
1681	211 
1682	248 
1683	231 
1684	325 
1685	158 
1686	85 
1687	99 
1688	288 
1689	240 
1690	278 
1691	215 
1692	344 
1693	145 
1694	59 
1695	24 
1696	148 
1697	146 
1698	307 
1699	23 
1700	103 
1701	199 
1702	309 
1703	268 
1704	68 
1705	191 
1706	42 
1707	69 
1708	165 
1709	78 
1710	243 
1711	43 
1712	210 
1713	288 
1714	4 
1715	305 
1716	208 
1717	145 
1718	117 
1719	51 
1720	35 
1721	332 
1722	261 
1723	82 
1724	32 
1725	283 
1726	62 
1727	336 
1728	51 
1729	115 
1730	225 
1731	165 
1732	230 
1733	219 
1734	50 
1735	155 
1736	243 
1737	241 
1738	254 
1739	59 
1740	47 
1741	250 
1742	322 
1743	256 
1744	168 
1745	16 
1746	145 
1747	337 
1748	328 
1749	128 
1750	204 
1751	275 
1752	123 
1753	198 
1754	251 
1755	210 
1756	128 
1757	146 
1758	160 
1759	64 
1760	108 
1761	215 
1762	306 
1763	32 
1764	9 
1765	187 
1766	338 
1767	42 
1768	256 
1769	44 
1770	47 
1771	62 
1772	39 
1773	59 
1774	270 
1775	19 
1776	4 
1777	129 
1778	5 
1779	173 
1780	238 
1781	239 
1782	79 
1783	272 
1784	134 
1785	243 
1786	213 
1787	193 
1788	344 
1789	308 
1790	25 
1791	134 
1792	221 
1793	134 
1794	336 
1795	261 
1796	11 
1797	244 
1798	112 
1799	188 
1800	6 
1801	243 
1802	277 
1803	58 
1804	274 
1805	46 
1806	19 
1807	226 
1808	281 
1809	339 
1810	56 
1811	300 
1812	180 
1813	195 
1814	64 
1815	20 
1816	277 
1817	326 
1818	243 
1819	38 
1820	241 
1821	291 
1822	67 
1823	148 
1824	134 
1825	80 
1826	133 
1827	313 
1828	66 
1829	344 
1830	79 
1831	271 
1832	6 
1833	237 
1834	296 
1835	301 
1836	71 
1837	94 
1838	161 
1839	254 
1840	231 
1841	19 
1842	316 
1843	209 
1844	198 
1845	305 
1846	50 
1847	341 
1848	134 
1849	103 
1850	56 
1851	137 
1852	155 
1853	224 
1854	298 
1855	309 
1856	102 
1857	325 
1858	267 
1859	177 
1860	164 
1861	319 
1862	123 
1863	67 
1864	55 
1865	35 
1866	268 
1867	248 
1868	251 
1869	248 
1870	244 
1871	335 
1872	208 
1873	230 
1874	165 
1875	13 
1876	66 
1877	275 
1878	8 
1879	319 
1880	226 
1881	312 
1882	142 
1883	107 
1884	36 
1885	120 
1886	260 
1887	193 
1888	223 
1889	95 
1890	31 
1891	111 
1892	44 
1893	4 
1894	272 
1895	231 
1896	21 
1897	154 
1898	269 
1899	90 
1900	316 
1901	79 
1902	127 
1903	121 
1904	211 
1905	324 
1906	44 
1907	191 
1908	268 
1909	215 
1910	204 
1911	117 
1912	248 
1913	306 
1914	298 
1915	294 
1916	298 
1917	271 
1918	75 
1919	105 
1920	87 
1921	90 
1922	132 
1923	106 
1924	294 
1925	333 
1926	288 
1927	4 
1928	217 
1929	319 
1930	223 
1931	159 
1932	204 
1933	35 
1934	327 
1935	69 
1936	248 
1937	41 
1938	73 
1939	105 
1940	12 
1941	128 
1942	158 
1943	74 
1944	240 
1945	26 
1946	299 
1947	255 
1948	236 
1949	110 
1950	239 
1951	51 
1952	286 
1953	284 
1954	32 
1955	40 
1956	157 
1957	77 
1958	74 
1959	2 
1960	81 
1961	331 
1962	80 
1963	140 
1964	147 
1965	135 
1966	99 
1967	24 
1968	86 
1969	325 
1970	224 
1971	19 
1972	194 
1973	90 
1974	47 
1975	113 
1976	199 
1977	144 
1978	133 
1979	139 
1980	333 
1981	99 
1982	340 
1983	12 
1984	140 
1985	134 
1986	140 
1987	236 
1988	153 
1989	310 
1990	125 
1991	75 
1992	25 
1993	15 
1994	160 
1995	292 
1996	203 
1997	146 
1998	169 
1999	101 
2000	230 
2001	26 
2002	69 
2003	111 
2004	89 
2005	230 
2006	108 
2007	70 
2008	243 
2009	82 
2010	330 
2011	281 
2012	289 
2013	65 
2014	211 
2015	31 
2016	25 
2017	324 
2018	291 
2019	236 
2020	340 
2021	266 
2022	211 
2023	190 
2024	121 
2025	261 
2026	318 
2027	33 
2028	224 
2029	138 
2030	187 
2031	199 
2032	45 
2033	312 
2034	156 
2035	141 
2036	44 
2037	289 
2038	214 
2039	241 
2040	327 
2041	219 
2042	215 
2043	16 
2044	109 
2045	177 
2046	183 
2047	281 
2048	298 
2049	54 
2050	259 
2051	296 
2052	245 
2053	204 
2054	324 
2055	278 
2056	96 
2057	72 
2058	41 
2059	218 
2060	343 
2061	211 
2062	2 
2063	239 
2064	65 
2065	134 
2066	248 
2067	58 
2068	217 
2069	95 
2070	1 
2071	169 
2072	48 
2073	213 
2074	74 
2075	301 
2076	58 
2077	126 
2078	36 
2079	15 
2080	209 
2081	163 
2082	25 
2083	181 
2084	284 
2085	242 
2086	327 
2087	272 
2088	133 
2089	235 
2090	98 
2091	316 
2092	23 
2093	150 
2094	193 
2095	18 
2096	140 
2097	79 
2098	123 
2099	104 
2100	72 
2101	108 
2102	271 
2103	313 
2104	98 
2105	250 
2106	158 
2107	56 
2108	234 
2109	215 
2110	291 
2111	34 
2112	49 
2113	40 
2114	229 
2115	82 
2116	25 
2117	198 
2118	101 
2119	332 
2120	287 
2121	17 
2122	330 
2123	235 
2124	30 
2125	15 
2126	134 
2127	256 
2128	177 
2129	27 
2130	325 
2131	210 
2132	78 
2133	254 
2134	344 
2135	70 
2136	137 
2137	5 
2138	54 
2139	165 
2140	337 
2141	269 
2142	6 
2143	244 
2144	18 
2145	164 
2146	12 
2147	256 
2148	205 
2149	17 
2150	77 
2151	116 
2152	45 
2153	27 
2154	294 
2155	258 
2156	320 
2157	90 
2158	127 
2159	320 
2160	308 
2161	344 
2162	318 
2163	109 
2164	186 
2165	344 
2166	128 
2167	3 
2168	64 
2169	278 
2170	208 
2171	110 
2172	308 
2173	206 
2174	162 
2175	238 
2176	227 
2177	212 
2178	164 
2179	228 
2180	37 
2181	230 
2182	253 
2183	264 
2184	93 
2185	86 
2186	31 
2187	214 
2188	6 
2189	204 
2190	35 
2191	228 
2192	171 
2193	331 
2194	278 
2195	333 
2196	86 
2197	336 
2198	36 
2199	317 
2200	186 
2201	165 
2202	52 
2203	108 
2204	317 
2205	137 
2206	210 
2207	132 
2208	77 
2209	123 
2210	13 
2211	9 
2212	204 
2213	275 
2214	116 
2215	104 
2216	296 
2217	117 
2218	175 
2219	31 
2220	273 
2221	159 
2222	9 
2223	8 
2224	139 
2225	4 
2226	241 
2227	178 
2228	280 
2229	140 
2230	19 
2231	158 
2232	14 
2233	226 
2234	284 
2235	170 
2236	327 
2237	337 
2238	109 
2239	52 
2240	25 
2241	102 
2242	82 
2243	313 
2244	317 
2245	226 
2246	212 
2247	256 
2248	122 
2249	327 
2250	97 
2251	185 
2252	128 
2253	17 
2254	222 
2255	281 
2256	325 
2257	318 
2258	35 
2259	316 
2260	277 
2261	246 
2262	104 
2263	128 
2264	90 
2265	138 
2266	12 
2267	344 
2268	67 
2269	329 
2270	8 
2271	246 
2272	18 
2273	74 
2274	116 
2275	239 
2276	250 
2277	209 
2278	86 
2279	253 
2280	202 
2281	245 
2282	202 
2283	330 
2284	281 
2285	126 
2286	272 
2287	6 
2288	1 
2289	336 
2290	16 
2291	313 
2292	105 
2293	321 
2294	18 
2295	1 
2296	3 
2297	33 
2298	320 
2299	73 
2300	78 
2301	327 
2302	277 
2303	324 
2304	194 
2305	137 
2306	21 
2307	264 
2308	108 
2309	250 
2310	156 
2311	103 
2312	37 
2313	153 
2314	180 
2315	103 
2316	36 
2317	104 
2318	162 
2319	122 
2320	13 
2321	278 
2322	338 
2323	73 
2324	75 
2325	288 
2326	170 
2327	231 
2328	310 
2329	109 
2330	281 
2331	107 
2332	161 
2333	319 
2334	210 
2335	190 
2336	135 
2337	172 
2338	115 
2339	216 
2340	168 
2341	108 
2342	115 
2343	335 
2344	289 
2345	157 
2346	241 
2347	223 
2348	310 
2349	292 
2350	219 
2351	274 
2352	99 
2353	30 
2354	234 
2355	123 
2356	133 
2357	161 
2358	46 
2359	254 
2360	324 
2361	68 
2362	320 
2363	169 
2364	128 
2365	266 
2366	205 
2367	74 
2368	278 
2369	342 
2370	285 
2371	54 
2372	226 
2373	133 
2374	239 
2375	212 
2376	157 
2377	233 
2378	310 
2379	69 
2380	89 
2381	62 
2382	26 
2383	265 
2384	172 
2385	12 
2386	79 
2387	62 
2388	143 
2389	137 
2390	224 
2391	280 
2392	288 
2393	154 
2394	167 
2395	49 
2396	324 
2397	35 
2398	344 
2399	128 
2400	273 
2401	83 
2402	259 
2403	34 
2404	341 
2405	104 
2406	325 
2407	2 
2408	50 
2409	138 
2410	210 
2411	167 
2412	328 
2413	341 
2414	99 
2415	105 
2416	165 
2417	58 
2418	344 
2419	280 
2420	334 
2421	324 
2422	298 
2423	269 
2424	215 
2425	145 
2426	51 
2427	316 
2428	151 
2429	298 
2430	323 
2431	226 
2432	154 
2433	142 
2434	283 
2435	232 
2436	19 
2437	320 
2438	69 
2439	178 
2440	247 
2441	312 
2442	225 
2443	170 
2444	225 
2445	268 
2446	153 
2447	61 
2448	19 
2449	47 
2450	59 
2451	41 
2452	86 
2453	106 
2454	75 
2455	55 
2456	117 
2457	204 
2458	338 
2459	340 
2460	184 
2461	78 
2462	280 
2463	330 
2464	307 
2465	173 
2466	69 
2467	299 
2468	19 
2469	24 
2470	340 
2471	277 
2472	189 
2473	278 
2474	344 
2475	117 
2476	325 
2477	65 
2478	255 
2479	70 
2480	208 
2481	295 
2482	267 
2483	138 
2484	282 
2485	105 
2486	106 
2487	51 
2488	109 
2489	234 
2490	277 
2491	181 
2492	56 
2493	328 
2494	65 
2495	267 
2496	344 
2497	330 
2498	212 
2499	9 
2500	74 
2501	92 
2502	128 
2503	152 
2504	137 
2505	211 
2506	219 
2507	137 
2508	297 
2509	58 
2510	222 
2511	71 
2512	136 
2513	29 
2514	269 
2515	200 
2516	342 
2517	293 
2518	210 
2519	140 
2520	10 
2521	137 
2522	112 
2523	14 
2524	3 
2525	60 
2526	59 
2527	3 
2528	272 
2529	313 
2530	236 
2531	136 
2532	99 
2533	86 
2534	193 
2535	301 
2536	19 
2537	14 
2538	199 
2539	314 
2540	137 
2541	312 
2542	332 
2543	127 
2544	215 
2545	211 
2546	33 
2547	142 
2548	68 
2549	286 
2550	72 
2551	215 
2552	202 
2553	313 
2554	324 
2555	221 
2556	149 
2557	6 
2558	49 
2559	193 
2560	70 
2561	317 
2562	143 
2563	117 
2564	249 
2565	160 
2566	44 
2567	129 
2568	223 
2569	284 
2570	105 
2571	250 
2572	80 
2573	285 
2574	14 
2575	216 
2576	120 
2577	338 
2578	332 
2579	104 
2580	195 
2581	74 
2582	19 
2583	79 
2584	121 
2585	342 
2586	45 
2587	326 
2588	69 
2589	296 
2590	245 
2591	237 
2592	277 
2593	222 
2594	237 
2595	320 
2596	175 
2597	165 
2598	26 
2599	66 
2600	160 
2601	113 
2602	140 
2603	265 
2604	38 
2605	156 
2606	62 
2607	42 
2608	334 
2609	37 
2610	66 
2611	304 
2612	295 
2613	234 
2614	113 
2615	256 
2616	67 
2617	51 
2618	87 
2619	288 
2620	298 
2621	101 
2622	164 
2623	145 
2624	172 
2625	45 
2626	85 
2627	117 
2628	340 
2629	44 
2630	247 
2631	190 
2632	274 
2633	51 
2634	140 
2635	312 
2636	210 
2637	286 
2638	338 
2639	341 
2640	297 
2641	96 
2642	11 
2643	151 
2644	221 
2645	275 
2646	6 
2647	189 
2648	160 
2649	77 
2650	125 
2651	280 
2652	237 
2653	257 
2654	115 
2655	138 
2656	211 
2657	104 
2658	243 
2659	239 
2660	231 
2661	177 
2662	82 
2663	170 
2664	327 
2665	247 
2666	112 
2667	46 
2668	300 
2669	216 
2670	341 
2671	174 
2672	158 
2673	16 
2674	251 
2675	78 
2676	64 
2677	146 
2678	69 
2679	153 
2680	254 
2681	208 
2682	327 
2683	177 
2684	199 
2685	146 
2686	38 
2687	82 
2688	62 
2689	301 
2690	211 
2691	162 
2692	218 
2693	12 
2694	137 
2695	143 
2696	211 
2697	28 
2698	286 
2699	329 
2700	33 
2701	321 
2702	190 
2703	204 
2704	243 
2705	332 
2706	139 
2707	310 
2708	186 
2709	50 
2710	87 
2711	282 
2712	189 
2713	290 
2714	208 
2715	99 
2716	4 
2717	121 
2718	89 
2719	232 
2720	294 
2721	76 
2722	269 
2723	2 
2724	25 
2725	114 
2726	173 
2727	222 
2728	274 
2729	270 
2730	205 
2731	211 
2732	219 
2733	222 
2734	314 
2735	321 
2736	158 
2737	129 
2738	101 
2739	69 
2740	239 
2741	61 
2742	133 
2743	274 
2744	40 
2745	29 
2746	14 
2747	26 
2748	128 
2749	5 
2750	337 
2751	338 
2752	330 
2753	83 
2754	127 
2755	64 
2756	338 
2757	282 
2758	16 
2759	68 
2760	237 
2761	246 
2762	26 
2763	41 
2764	223 
2765	187 
2766	5 
2767	78 
2768	99 
2769	157 
2770	121 
2771	84 
2772	42 
2773	120 
2774	45 
2775	201 
2776	249 
2777	67 
2778	335 
2779	208 
2780	327 
2781	226 
2782	37 
2783	225 
2784	264 
2785	319 
2786	241 
2787	107 
2788	128 
2789	228 
2790	186 
2791	277 
2792	272 
2793	7 
2794	32 
2795	224 
2796	125 
2797	312 
2798	29 
2799	155 
2800	179 
2801	90 
2802	336 
2803	102 
2804	249 
2805	212 
2806	23 
2807	73 
2808	276 
2809	37 
2810	58 
2811	169 
2812	200 
2813	89 
2814	223 
2815	260 
2816	259 
2817	83 
2818	313 
2819	185 
2820	338 
2821	228 
2822	106 
2823	146 
2824	304 
2825	50 
2826	76 
2827	83 
2828	224 
2829	246 
2830	115 
2831	113 
2832	112 
2833	35 
2834	29 
2835	41 
2836	29 
2837	34 
2838	59 
2839	179 
2840	147 
2841	146 
2842	105 
2843	31 
2844	47 
2845	246 
2846	47 
2847	208 
2848	105 
2849	67 
2850	114 
2851	58 
2852	99 
2853	25 
2854	320 
2855	194 
2856	136 
2857	113 
2858	30 
2859	60 
2860	157 
2861	194 
2862	128 
2863	281 
2864	113 
2865	186 
2866	121 
2867	137 
2868	322 
2869	275 
2870	29 
2871	290 
2872	106 
2873	112 
2874	32 
2875	123 
2876	87 
2877	183 
2878	210 
2879	106 
2880	17 
2881	64 
2882	132 
2883	227 
2884	250 
2885	52 
2886	109 
2887	286 
2888	186 
2889	289 
2890	150 
2891	249 
2892	112 
2893	9 
2894	59 
2895	109 
2896	235 
2897	198 
2898	42 
2899	16 
2900	23 
2901	59 
2902	153 
2903	158 
2904	159 
2905	81 
2906	221 
2907	14 
2908	152 
2909	212 
2910	324 
2911	137 
2912	137 
2913	293 
2914	216 
2915	283 
2916	273 
2917	85 
2918	193 
2919	330 
2920	33 
2921	224 
2922	297 
2923	329 
2924	191 
2925	176 
2926	55 
2927	17 
2928	44 
2929	299 
2930	222 
2931	288 
2932	215 
2933	229 
2934	10 
2935	78 
2936	249 
2937	134 
2938	222 
2939	219 
2940	177 
2941	204 
2942	295 
2943	250 
2944	285 
2945	60 
2946	319 
2947	272 
2948	135 
2949	147 
2950	330 
2951	254 
2952	97 
2953	78 
2954	335 
2955	84 
2956	251 
2957	326 
2958	75 
2959	5 
2960	82 
2961	155 
2962	272 
2963	27 
2964	234 
2965	61 
2966	93 
2967	344 
2968	243 
2969	189 
2970	64 
2971	206 
2972	302 
2973	17 
2974	76 
2975	237 
2976	153 
2977	343 
2978	20 
2979	124 
2980	59 
2981	296 
2982	308 
2983	127 
2984	53 
2985	222 
2986	185 
2987	35 
2988	38 
2989	237 
2990	313 
2991	70 
2992	59 
2993	119 
2994	211 
2995	162 
2996	335 
2997	323 
2998	247 
2999	322 
3000	228 
3001	154 
3002	221 
3003	144 
3004	188 
3005	176 
3006	236 
3007	120 
3008	268 
3009	275 
3010	29 
3011	133 
3012	4 
3013	343 
3014	8 
3015	96 
3016	282 
3017	218 
3018	23 
3019	175 
3020	151 
3021	341 
3022	234 
3023	296 
3024	61 
3025	200 
3026	79 
3027	252 
3028	156 
3029	94 
3030	318 
3031	294 
3032	219 
3033	64 
3034	272 
3035	78 
3036	65 
3037	215 
3038	37 
3039	244 
3040	323 
3041	310 
3042	56 
3043	204 
3044	128 
3045	81 
3046	61 
3047	39 
3048	302 
3049	14 
3050	111 
3051	214 
3052	35 
3053	152 
3054	89 
3055	284 
3056	263 
3057	311 
3058	281 
3059	247 
3060	7 
3061	160 
3062	263 
3063	3 
3064	134 
3065	183 
3066	81 
3067	4 
3068	312 
3069	343 
3070	136 
3071	69 
3072	311 
3073	299 
3074	177 
3075	6 
3076	94 
3077	302 
3078	190 
3079	326 
3080	71 
3081	127 
3082	308 
3083	237 
3084	317 
3085	5 
3086	254 
3087	263 
3088	157 
3089	15 
3090	237 
3091	112 
3092	116 
3093	163 
3094	79 
3095	195 
3096	314 
3097	189 
3098	128 
3099	255 
3100	344 
3101	183 
3102	295 
3103	305 
3104	302 
3105	308 
3106	216 
3107	98 
3108	132 
3109	133 
3110	90 
3111	320 
3112	264 
3113	167 
3114	14 
3115	223 
3116	244 
3117	222 
3118	101 
3119	206 
3120	318 
3121	136 
3122	72 
3123	5 
3124	54 
3125	185 
3126	116 
3127	78 
3128	310 
3129	42 
3130	264 
3131	275 
3132	284 
3133	102 
3134	244 
3135	176 
3136	290 
3137	256 
3138	69 
3139	169 
3140	162 
3141	114 
3142	207 
3143	242 
3144	16 
3145	278 
3146	341 
3147	247 
3148	90 
3149	200 
3150	42 
3151	40 
3152	112 
3153	212 
3154	54 
3155	276 
3156	158 
3157	133 
3158	237 
3159	64 
3160	16 
3161	51 
3162	72 
3163	14 
3164	231 
3165	79 
3166	332 
3167	256 
3168	297 
3169	68 
3170	25 
3171	205 
3172	247 
3173	344 
3174	73 
3175	123 
3176	147 
3177	199 
3178	154 
3179	94 
3180	301 
3181	256 
3182	217 
3183	185 
3184	95 
3185	38 
3186	228 
3187	218 
3188	185 
3189	128 
3190	126 
3191	190 
3192	305 
3193	177 
3194	40 
3195	46 
3196	329 
3197	75 
3198	342 
3199	174 
3200	75 
3201	123 
3202	243 
3203	69 
3204	258 
3205	134 
3206	219 
3207	36 
3208	155 
3209	200 
3210	139 
3211	17 
3212	5 
3213	240 
3214	282 
3215	198 
3216	205 
3217	265 
3218	68 
3219	14 
3220	295 
3221	323 
3222	28 
3223	148 
3224	101 
3225	75 
3226	295 
3227	24 
3228	318 
3229	53 
3230	135 
3231	79 
3232	220 
3233	18 
3234	181 
3235	155 
3236	36 
3237	77 
3238	26 
3239	55 
3240	150 
3241	268 
3242	36 
3243	26 
3244	62 
3245	269 
3246	333 
3247	223 
3248	176 
3249	69 
3250	71 
3251	257 
3252	90 
3253	233 
3254	138 
3255	14 
3256	72 
3257	129 
3258	273 
3259	64 
3260	107 
3261	266 
3262	138 
3263	257 
3264	102 
3265	314 
3266	42 
3267	341 
3268	223 
3269	333 
3270	259 
3271	178 
3272	154 
3273	194 
3274	25 
3275	310 
3276	101 
3277	268 
3278	2 
3279	150 
3280	280 
3281	70 
3282	215 
3283	287 
3284	31 
3285	237 
3286	65 
3287	205 
3288	240 
3289	73 
3290	223 
3291	202 
3292	102 
3293	229 
3294	291 
3295	46 
3296	68 
3297	216 
3298	342 
3299	190 
3300	292 
3301	162 
3302	332 
3303	69 
3304	205 
3305	276 
3306	222 
3307	302 
3308	109 
3309	138 
3310	290 
3311	146 
3312	43 
3313	81 
3314	158 
3315	268 
3316	66 
3317	16 
3318	185 
3319	17 
3320	51 
3321	126 
3322	134 
3323	206 
3324	169 
3325	14 
3326	29 
3327	139 
3328	278 
3329	120 
3330	302 
3331	338 
3332	275 
3333	135 
3334	65 
3335	168 
3336	193 
3337	138 
3338	327 
3339	181 
3340	189 
3341	174 
3342	96 
3343	149 
3344	237 
3345	66 
3346	175 
3347	69 
3348	179 
3349	336 
3350	75 
3351	122 
3352	136 
3353	229 
3354	38 
3355	162 
3356	104 
3357	294 
3358	189 
3359	180 
3360	208 
3361	211 
3362	7 
3363	305 
3364	170 
3365	344 
3366	310 
3367	254 
3368	62 
3369	158 
3370	111 
3371	312 
3372	227 
3373	184 
3374	139 
3375	112 
3376	309 
3377	229 
3378	228 
3379	105 
3380	205 
3381	179 
3382	138 
3383	66 
3384	138 
3385	25 
3386	204 
3387	12 
3388	78 
3389	157 
3390	86 
3391	168 
3392	320 
3393	178 
3394	49 
3395	154 
3396	296 
3397	188 
3398	321 
3399	214 
3400	176 
3401	343 
3402	223 
3403	341 
3404	273 
3405	260 
3406	221 
3407	42 
3408	61 
3409	56 
3410	107 
3411	140 
3412	324 
3413	106 
3414	275 
3415	331 
3416	282 
3417	164 
3418	271 
3419	127 
3420	134 
3421	310 
3422	83 
3423	56 
3424	76 
3425	71 
3426	139 
3427	55 
3428	129 
3429	185 
3430	275 
3431	113 
3432	270 
3433	284 
3434	4 
3435	83 
3436	229 
3437	90 
3438	158 
3439	214 
3440	17 
3441	291 
3442	285 
3443	146 
3444	119 
3445	31 
3446	297 
3447	189 
3448	260 
3449	69 
3450	159 
3451	62 
3452	217 
3453	169 
3454	228 
3455	31 
3456	307 
3457	3 
3458	243 
3459	14 
3460	297 
3461	107 
3462	117 
3463	101 
3464	287 
3465	29 
3466	318 
3467	59 
3468	39 
3469	90 
3470	283 
3471	134 
3472	246 
3473	214 
3474	268 
3475	264 
3476	116 
3477	193 
3478	10 
3479	221 
3480	139 
3481	59 
3482	219 
3483	276 
3484	333 
3485	220 
3486	5 
3487	276 
3488	199 
3489	70 
3490	304 
3491	285 
3492	5 
3493	256 
3494	324 
3495	149 
3496	115 
3497	36 
3498	289 
3499	89 
3500	228 
3501	60 
3502	40 
3503	273 
3504	123 
3505	294 
3506	127 
3507	22 
3508	278 
3509	214 
3510	307 
3511	290 
3512	155 
3513	264 
3514	152 
3515	254 
3516	278 
3517	126 
3518	69 
3519	125 
3520	271 
3521	95 
3522	17 
3523	88 
3524	18 
3525	139 
3526	146 
3527	329 
3528	341 
3529	74 
3530	86 
3531	26 
3532	247 
3533	327 
3534	30 
3535	148 
3536	313 
3537	120 
3538	223 
3539	169 
3540	335 
3541	51 
3542	193 
3543	135 
3544	141 
3545	284 
3546	247 
3547	336 
3548	116 
3549	275 
3550	227 
3551	228 
3552	77 
3553	185 
3554	157 
3555	291 
3556	193 
3557	264 
3558	26 
3559	46 
3560	276 
3561	92 
3562	50 
3563	133 
3564	296 
3565	306 
3566	223 
3567	77 
3568	322 
3569	129 
3570	329 
3571	322 
3572	293 
3573	191 
3574	287 
3575	205 
3576	316 
3577	306 
3578	43 
3579	98 
3580	35 
3581	89 
3582	52 
3583	68 
3584	24 
3585	267 
3586	278 
3587	246 
3588	9 
3589	121 
3590	220 
3591	217 
3592	291 
3593	270 
3594	17 
3595	49 
3596	229 
3597	201 
3598	164 
3599	304 
3600	168 
3601	64 
3602	96 
3603	20 
3604	295 
3605	119 
3606	233 
3607	138 
3608	127 
3609	20 
3610	251 
3611	201 
3612	162 
3613	28 
3614	300 
3615	37 
3616	114 
3617	22 
3618	192 
3619	59 
3620	285 
3621	168 
3622	104 
3623	171 
3624	83 
3625	326 
3626	163 
3627	45 
3628	151 
3629	120 
3630	135 
3631	294 
3632	18 
3633	251 
3634	234 
3635	98 
3636	294 
3637	308 
3638	317 
3639	216 
3640	178 
3641	219 
3642	325 
3643	309 
3644	310 
3645	206 
3646	139 
3647	187 
3648	173 
3649	74 
3650	336 
3651	111 
3652	39 
3653	129 
3654	120 
3655	171 
3656	331 
3657	210 
3658	175 
3659	287 
3660	233 
3661	112 
3662	52 
3663	169 
3664	64 
3665	68 
3666	219 
3667	80 
3668	287 
3669	257 
3670	127 
3671	221 
3672	280 
3673	266 
3674	72 
3675	31 
3676	89 
3677	250 
3678	247 
3679	181 
3680	336 
3681	86 
3682	28 
3683	219 
3684	84 
3685	214 
3686	124 
3687	93 
3688	293 
3689	7 
3690	2 
3691	337 
3692	157 
3693	253 
3694	114 
3695	86 
3696	212 
3697	34 
3698	76 
3699	144 
3700	83 
3701	181 
3702	246 
3703	257 
3704	235 
3705	110 
3706	79 
3707	259 
3708	31 
3709	317 
3710	65 
3711	180 
3712	291 
3713	256 
3714	305 
3715	34 
3716	102 
3717	71 
3718	175 
3719	46 
3720	184 
3721	292 
3722	143 
3723	328 
3724	205 
3725	258 
3726	17 
3727	92 
3728	101 
3729	9 
3730	16 
3731	270 
3732	43 
3733	65 
3734	62 
3735	192 
3736	195 
3737	127 
3738	110 
3739	119 
3740	89 
3741	50 
3742	8 
3743	183 
3744	301 
3745	296 
3746	153 
3747	48 
3748	156 
3749	201 
3750	110 
3751	208 
3752	249 
3753	268 
3754	107 
3755	212 
3756	152 
3757	92 
3758	191 
3759	101 
3760	80 
3761	2 
3762	229 
3763	308 
3764	223 
3765	149 
3766	150 
3767	277 
3768	283 
3769	146 
3770	149 
3771	200 
3772	293 
3773	173 
3774	276 
3775	175 
3776	289 
3777	29 
3778	216 
3779	321 
3780	24 
3781	18 
3782	337 
3783	129 
3784	268 
3785	36 
3786	313 
3787	2 
3788	247 
3789	263 
3790	277 
3791	171 
3792	150 
3793	123 
3794	206 
3795	190 
3796	252 
3797	36 
3798	208 
3799	240 
3800	264 
3801	194 
3802	156 
3803	35 
3804	289 
3805	277 
3806	188 
3807	163 
3808	17 
3809	23 
3810	259 
3811	90 
3812	251 
3813	114 
3814	97 
3815	148 
3816	105 
3817	10 
3818	35 
3819	233 
3820	318 
3821	188 
3822	175 
3823	115 
3824	207 
3825	156 
3826	154 
3827	328 
3828	107 
3829	220 
3830	179 
3831	229 
3832	286 
3833	146 
3834	173 
3835	292 
3836	121 
3837	2 
3838	287 
3839	132 
3840	264 
3841	147 
3842	48 
3843	208 
3844	85 
3845	10 
3846	195 
3847	40 
3848	242 
3849	17 
3850	312 
3851	321 
3852	36 
3853	245 
3854	151 
3855	148 
3856	133 
3857	175 
3858	292 
3859	308 
3860	287 
3861	256 
3862	328 
3863	35 
3864	325 
3865	56 
3866	235 
3867	112 
3868	113 
3869	76 
3870	311 
3871	120 
3872	293 
3873	333 
3874	256 
3875	35 
3876	184 
3877	28 
3878	246 
3879	218 
3880	219 
3881	264 
3882	174 
3883	64 
3884	163 
3885	121 
3886	247 
3887	12 
3888	123 
3889	163 
3890	78 
3891	66 
3892	27 
3893	251 
3894	77 
3895	307 
3896	154 
3897	90 
3898	43 
3899	296 
3900	35 
3901	30 
3902	339 
3903	39 
3904	157 
3905	114 
3906	67 
3907	316 
3908	255 
3909	336 
3910	310 
3911	104 
3912	178 
3913	86 
3914	11 
3915	157 
3916	141 
3917	171 
3918	170 
3919	139 
3920	180 
3921	250 
3922	310 
3923	22 
3924	107 
3925	328 
3926	260 
3927	149 
3928	39 
3929	234 
3930	306 
3931	4 
3932	313 
3933	190 
3934	334 
3935	52 
3936	293 
3937	268 
3938	272 
3939	116 
3940	42 
3941	232 
3942	217 
3943	183 
3944	280 
3945	302 
3946	338 
3947	177 
3948	338 
3949	117 
3950	335 
3951	46 
3952	102 
3953	86 
3954	208 
3955	219 
3956	6 
3957	106 
3958	191 
3959	181 
3960	82 
3961	106 
3962	171 
3963	214 
3964	337 
3965	254 
3966	304 
3967	151 
3968	42 
3969	52 
3970	220 
3971	309 
3972	269 
3973	220 
3974	183 
3975	7 
3976	60 
3977	1 
3978	9 
3979	61 
3980	56 
3981	202 
3982	228 
3983	133 
3984	46 
3985	184 
3986	310 
3987	147 
3988	322 
3989	251 
3990	277 
3991	269 
3992	187 
3993	190 
3994	74 
3995	179 
3996	289 
3997	276 
3998	129 
3999	55 
4000	121 
4001	112 
4002	311 
4003	168 
4004	294 
4005	283 
4006	78 
4007	74 
4008	333 
4009	151 
4010	129 
4011	5 
4012	313 
4013	246 
4014	88 
4015	10 
4016	214 
4017	336 
4018	34 
4019	129 
4020	34 
4021	45 
4022	126 
4023	201 
4024	113 
4025	250 
4026	335 
4027	250 
4028	164 
4029	138 
4030	22 
4031	61 
4032	146 
4033	65 
4034	273 
4035	88 
4036	159 
4037	51 
4038	293 
4039	232 
4040	49 
4041	177 
4042	178 
4043	170 
4044	52 
4045	101 
4046	307 
4047	334 
4048	152 
4049	282 
4050	200 
4051	123 
4052	156 
4053	207 
4054	8 
4055	65 
4056	78 
4057	337 
4058	326 
4059	255 
4060	152 
4061	106 
4062	113 
4063	337 
4064	214 
4065	263 
4066	106 
4067	210 
4068	249 
4069	105 
4070	256 
4071	169 
4072	180 
4073	310 
4074	177 
4075	321 
4076	272 
4077	126 
4078	83 
4079	341 
4080	10 
4081	9 
4082	23 
4083	104 
4084	305 
4085	305 
4086	90 
4087	24 
4088	146 
4089	52 
4090	255 
4091	121 
4092	33 
4093	98 
4094	341 
4095	110 
4096	323 
4097	171 
4098	187 
4099	309 
4100	160 
4101	88 
4102	157 
4103	270 
4104	24 
4105	192 
4106	221 
4107	240 
4108	169 
4109	119 
4110	22 
4111	306 
4112	172 
4113	292 
4114	105 
4115	114 
4116	86 
4117	323 
4118	192 
4119	17 
4120	272 
4121	36 
4122	28 
4123	125 
4124	24 
4125	124 
4126	122 
4127	54 
4128	276 
4129	194 
4130	88 
4131	323 
4132	121 
4133	39 
4134	72 
4135	52 
4136	16 
4137	3 
4138	278 
4139	98 
4140	120 
4141	296 
4142	259 
4143	162 
4144	231 
4145	314 
4146	87 
4147	188 
4148	117 
4149	266 
4150	67 
4151	163 
4152	138 
4153	6 
4154	321 
4155	321 
4156	66 
4157	170 
4158	126 
4159	200 
4160	301 
4161	101 
4162	65 
4163	17 
4164	39 
4165	62 
4166	277 
4167	62 
4168	200 
4169	165 
4170	328 
4171	89 
4172	165 
4173	4 
4174	249 
4175	153 
4176	102 
4177	306 
4178	120 
4179	337 
4180	295 
4181	304 
4182	71 
4183	314 
4184	98 
4185	82 
4186	274 
4187	33 
4188	333 
4189	264 
4190	333 
4191	202 
4192	273 
4193	51 
4194	87 
4195	222 
4196	113 
4197	301 
4198	218 
4199	10 
4200	82 
4201	160 
4202	266 
4203	138 
4204	122 
4205	175 
4206	253 
4207	18 
4208	71 
4209	318 
4210	286 
4211	210 
4212	200 
4213	244 
4214	226 
4215	234 
4216	246 
4217	48 
4218	106 
4219	308 
4220	39 
4221	34 
4222	337 
4223	77 
4224	336 
4225	102 
4226	242 
4227	245 
4228	73 
4229	280 
4230	59 
4231	6 
4232	24 
4233	77 
4234	101 
4235	111 
4236	142 
4237	287 
4238	105 
4239	273 
4240	325 
4241	180 
4242	94 
4243	194 
4244	317 
4245	89 
4246	148 
4247	64 
4248	313 
4249	107 
4250	217 
4251	192 
4252	136 
4253	34 
4254	310 
4255	113 
4256	337 
4257	199 
4258	252 
4259	111 
4260	255 
4261	115 
4262	85 
4263	229 
4264	234 
4265	267 
4266	250 
4267	159 
4268	289 
4269	77 
4270	200 
4271	223 
4272	110 
4273	156 
4274	214 
4275	174 
4276	308 
4277	84 
4278	316 
4279	217 
4280	115 
4281	78 
4282	229 
4283	50 
4284	246 
4285	206 
4286	93 
4287	95 
4288	252 
4289	36 
4290	194 
4291	287 
4292	233 
4293	39 
4294	234 
4295	198 
4296	189 
4297	120 
4298	251 
4299	76 
4300	94 
4301	282 
4302	149 
4303	207 
4304	199 
4305	178 
4306	316 
4307	289 
4308	172 
4309	66 
4310	60 
4311	164 
4312	37 
4313	43 
4314	274 
4315	322 
4316	120 
4317	337 
4318	214 
4319	79 
4320	72 
4321	10 
4322	23 
4323	61 
4324	295 
4325	250 
4326	205 
4327	105 
4328	180 
4329	192 
4330	175 
4331	293 
4332	332 
4333	8 
4334	40 
4335	85 
4336	221 
4337	106 
4338	135 
4339	233 
4340	172 
4341	102 
4342	110 
4343	203 
4344	300 
4345	46 
4346	289 
4347	43 
4348	286 
4349	59 
4350	101 
4351	191 
4352	2 
4353	124 
4354	306 
4355	338 
4356	101 
4357	323 
4358	73 
4359	10 
4360	143 
4361	306 
4362	116 
4363	90 
4364	251 
4365	72 
4366	78 
4367	170 
4368	252 
4369	274 
4370	335 
4371	285 
4372	271 
4373	333 
4374	24 
4375	170 
4376	84 
4377	89 
4378	306 
4379	280 
4380	90 
4381	86 
4382	148 
4383	329 
4384	295 
4385	332 
4386	18 
4387	202 
4388	316 
4389	7 
4390	11 
4391	333 
4392	329 
4393	127 
4394	304 
4395	242 
4396	274 
4397	328 
4398	125 
4399	92 
4400	316 
4401	246 
4402	27 
4403	142 
4404	78 
4405	16 
4406	302 
4407	40 
4408	338 
4409	256 
4410	337 
4411	234 
4412	149 
4413	122 
4414	115 
4415	77 
4416	329 
4417	304 
4418	25 
4419	77 
4420	41 
4421	325 
4422	333 
4423	233 
4424	247 
4425	6 
4426	287 
4427	190 
4428	328 
4429	264 
4430	133 
4431	37 
4432	78 
4433	29 
4434	141 
4435	122 
4436	114 
4437	150 
4438	222 
4439	336 
4440	160 
4441	287 
4442	149 
4443	335 
4444	6 
4445	283 
4446	164 
4447	283 
4448	316 
4449	308 
4450	210 
4451	337 
4452	127 
4453	310 
4454	266 
4455	177 
4456	176 
4457	76 
4458	252 
4459	205 
4460	104 
4461	299 
4462	231 
4463	229 
4464	301 
4465	257 
4466	35 
4467	156 
4468	169 
4469	102 
4470	270 
4471	191 
4472	177 
4473	49 
4474	116 
4475	259 
4476	18 
4477	207 
4478	174 
4479	236 
4480	265 
4481	191 
4482	188 
4483	226 
4484	113 
4485	30 
4486	31 
4487	124 
4488	195 
4489	80 
4490	126 
4491	268 
4492	66 
4493	61 
4494	79 
4495	221 
4496	291 
4497	16 
4498	70 
4499	146 
4500	250 
4501	30 
4502	150 
4503	149 
4504	68 
4505	271 
4506	337 
4507	338 
4508	54 
4509	149 
4510	123 
4511	300 
4512	316 
4513	178 
4514	190 
4515	323 
4516	174 
4517	85 
4518	39 
4519	305 
4520	323 
4521	152 
4522	164 
4523	147 
4524	83 
4525	40 
4526	175 
4527	3 
4528	126 
4529	70 
4530	293 
4531	93 
4532	87 
4533	68 
4534	328 
4535	179 
4536	18 
4537	17 
4538	30 
4539	98 
4540	305 
4541	250 
4542	325 
4543	88 
4544	339 
4545	127 
4546	83 
4547	339 
4548	97 
4549	195 
4550	304 
4551	231 
4552	29 
4553	272 
4554	70 
4555	68 
4556	41 
4557	164 
4558	306 
4559	95 
4560	304 
4561	245 
4562	225 
4563	205 
4564	47 
4565	316 
4566	177 
4567	113 
4568	61 
4569	216 
4570	183 
4571	47 
4572	276 
4573	268 
4574	107 
4575	50 
4576	250 
4577	251 
4578	124 
4579	98 
4580	293 
4581	300 
4582	267 
4583	304 
4584	202 
4585	188 
4586	266 
4587	45 
4588	188 
4589	175 
4590	300 
4591	198 
4592	201 
4593	49 
4594	150 
4595	188 
4596	155 
4597	221 
4598	33 
4599	68 
4600	149 
4601	212 
4602	124 
4603	171 
4604	76 
4605	341 
4606	157 
4607	141 
4608	162 
4609	280 
4610	154 
4611	189 
4612	259 
4613	217 
4614	87 
4615	160 
4616	240 
4617	296 
4618	48 
4619	77 
4620	294 
4621	49 
4622	263 
4623	282 
4624	302 
4625	6 
4626	268 
4627	9 
4628	85 
4629	254 
4630	87 
4631	249 
4632	188 
4633	125 
4634	220 
4635	85 
4636	1 
4637	73 
4638	160 
4639	276 
4640	122 
4641	162 
4642	78 
4643	234 
4644	135 
4645	85 
4646	151 
4647	236 
4648	232 
4649	89 
4650	171 
4651	153 
4652	194 
4653	174 
4654	165 
4655	325 
4656	113 
4657	276 
4658	15 
4659	245 
4660	187 
4661	6 
4662	317 
4663	191 
4664	269 
4665	225 
4666	332 
4667	183 
4668	312 
4669	36 
4670	119 
4671	18 
4672	183 
4673	113 
4674	234 
4675	106 
4676	232 
4677	300 
4678	325 
4679	171 
4680	305 
4681	223 
4682	169 
4683	250 
4684	278 
4685	308 
4686	227 
4687	135 
4688	176 
4689	88 
4690	176 
4691	229 
4692	321 
4693	210 
4694	29 
4695	106 
4696	177 
4697	207 
4698	20 
4699	323 
4700	179 
4701	289 
4702	266 
4703	318 
4704	56 
4705	339 
4706	171 
4707	51 
4708	160 
4709	28 
4710	325 
4711	31 
4712	12 
4713	323 
4714	264 
4715	175 
4716	67 
4717	269 
4718	87 
4719	302 
4720	41 
4721	190 
4722	244 
4723	74 
4724	304 
4725	266 
4726	88 
4727	10 
4728	34 
4729	79 
4730	192 
4731	50 
4732	95 
4733	326 
4734	300 
4735	162 
4736	207 
4737	150 
4738	282 
4739	301 
4740	80 
4741	194 
4742	116 
4743	212 
4744	296 
4745	317 
4746	277 
4747	48 
4748	153 
4749	139 
4750	82 
4751	154 
4752	207 
4753	73 
4754	117 
4755	328 
4756	36 
4757	3 
4758	152 
4759	291 
4760	240 
4761	178 
4762	45 
4763	329 
4764	258 
4765	139 
4766	119 
4767	310 
4768	200 
4769	316 
4770	208 
4771	5 
4772	194 
4773	304 
4774	149 
4775	187 
4776	114 
4777	116 
4778	217 
4779	301 
4780	52 
4781	263 
4782	342 
4783	208 
4784	247 
4785	67 
4786	260 
4787	82 
4788	155 
4789	60 
4790	148 
4791	259 
4792	120 
4793	267 
4794	217 
4795	273 
4796	266 
4797	148 
4798	294 
4799	83 
4800	334 
4801	110 
4802	81 
4803	232 
4804	342 
4805	173 
4806	41 
4807	163 
4808	133 
4809	232 
4810	283 
4811	142 
4812	149 
4813	331 
4814	226 
4815	162 
4816	11 
4817	172 
4818	318 
4819	43 
4820	247 
4821	252 
4822	331 
4823	33 
4824	93 
4825	79 
4826	72 
4827	54 
4828	253 
4829	271 
4830	293 
4831	71 
4832	325 
4833	201 
4834	47 
4835	171 
4836	341 
4837	326 
4838	93 
4839	43 
4840	222 
4841	305 
4842	173 
4843	82 
4844	8 
4845	318 
4846	260 
4847	115 
4848	333 
4849	40 
4850	160 
4851	36 
4852	214 
4853	202 
4854	285 
4855	281 
4856	180 
4857	301 
4858	98 
4859	176 
4860	76 
4861	342 
4862	321 
4863	226 
4864	150 
4865	120 
4866	201 
4867	325 
4868	54 
4869	218 
4870	36 
4871	85 
4872	139 
4873	174 
4874	106 
4875	155 
4876	305 
4877	338 
4878	168 
4879	191 
4880	321 
4881	107 
4882	325 
4883	68 
4884	188 
4885	214 
4886	23 
4887	153 
4888	2 
4889	292 
4890	167 
4891	17 
4892	258 
4893	302 
4894	232 
4895	255 
4896	18 
4897	139 
4898	98 
4899	240 
4900	78 
4901	165 
4902	273 
4903	169 
4904	247 
4905	76 
4906	107 
4907	268 
4908	120 
4909	272 
4910	202 
4911	70 
4912	72 
4913	286 
4914	246 
4915	323 
4916	49 
4917	8 
4918	85 
4919	306 
4920	318 
4921	341 
4922	285 
4923	247 
4924	20 
4925	64 
4926	226 
4927	184 
4928	250 
4929	203 
4930	132 
4931	190 
4932	6 
4933	139 
4934	268 
4935	316 
4936	256 
4937	56 
4938	177 
4939	294 
4940	95 
4941	144 
4942	40 
4943	251 
4944	295 
4945	205 
4946	29 
4947	270 
4948	269 
4949	104 
4950	240 
4951	151 
4952	64 
4953	45 
4954	157 
4955	174 
4956	281 
4957	24 
4958	88 
4959	2 
4960	70 
4961	6 
4962	249 
4963	159 
4964	183 
4965	28 
4966	281 
4967	214 
4968	210 
4969	34 
4970	259 
4971	235 
4972	195 
4973	73 
4974	212 
4975	80 
4976	98 
4977	48 
4978	84 
4979	15 
4980	252 
4981	45 
4982	70 
4983	312 
4984	229 
4985	50 
4986	198 
4987	147 
4988	104 
4989	269 
4990	155 
4991	216 
4992	322 
4993	88 
4994	310 
4995	60 
4996	244 
4997	342 
4998	142 
4999	289 
5000	90 
5001	51 
5002	192 
5003	268 
5004	20 
5005	87 
5006	15 
5007	304 
5008	240 
5009	311 
5010	312 
5011	240 
5012	121 
5013	328 
5014	171 
5015	179 
5016	190 
5017	126 
5018	171 
5019	50 
5020	6 
5021	116 
5022	102 
5023	114 
5024	175 
5025	217 
5026	256 
5027	188 
5028	189 
5029	116 
5030	264 
5031	264 
5032	310 
5033	64 
5034	59 
5035	82 
5036	334 
5037	229 
5038	199 
5039	70 
5040	4 
5041	339 
5042	178 
5043	333 
5044	73 
5045	7 
5046	111 
5047	143 
5048	297 
5049	37 
5050	174 
5051	163 
5052	297 
5053	164 
5054	282 
5055	259 
5056	293 
5057	278 
5058	97 
5059	329 
5060	95 
5061	333 
5062	163 
5063	268 
5064	11 
5065	164 
5066	189 
5067	22 
5068	292 
5069	269 
5070	201 
5071	45 
5072	311 
5073	107 
5074	102 
5075	254 
5076	249 
5077	20 
5078	1 
5079	71 
5080	141 
5081	171 
5082	311 
5083	4 
5084	54 
5085	150 
5086	48 
5087	188 
5088	111 
5089	179 
5090	74 
5091	229 
5092	256 
5093	180 
5094	133 
5095	273 
5096	72 
5097	334 
5098	300 
5099	306 
5100	236 
5101	184 
5102	220 
5103	251 
5104	45 
5105	175 
5106	55 
5107	290 
5108	46 
5109	300 
5110	304 
5111	124 
5112	305 
5113	67 
5114	126 
5115	45 
5116	226 
5117	11 
5118	143 
5119	306 
5120	253 
5121	30 
5122	290 
5123	83 
5124	260 
5125	291 
5126	316 
5127	51 
5128	181 
5129	165 
5130	104 
5131	312 
5132	29 
5133	5 
5134	71 
5135	251 
5136	222 
5137	168 
5138	216 
5139	110 
5140	82 
5141	294 
5142	233 
5143	328 
5144	175 
5145	245 
5146	154 
5147	270 
5148	41 
5149	302 
5150	173 
5151	295 
5152	249 
5153	194 
5154	255 
5155	50 
5156	41 
5157	266 
5158	188 
5159	305 
5160	259 
5161	66 
5162	321 
5163	151 
5164	217 
5165	43 
5166	59 
5167	4 
5168	245 
5169	245 
5170	183 
5171	59 
5172	267 
5173	95 
5174	135 
5175	6 
5176	171 
5177	83 
5178	272 
5179	309 
5180	3 
5181	271 
5182	116 
5183	5 
5184	67 
5185	41 
5186	333 
5187	46 
5188	252 
5189	249 
5190	156 
5191	50 
5192	45 
5193	259 
5194	179 
5195	289 
5196	10 
5197	147 
5198	149 
5199	205 
5200	269 
5201	111 
5202	68 
5203	76 
5204	232 
5205	200 
5206	66 
5207	192 
5208	20 
5209	218 
5210	30 
5211	260 
5212	316 
5213	273 
5214	258 
5215	72 
5216	164 
5217	314 
5218	313 
5219	331 
5220	141 
5221	20 
5222	266 
5223	329 
5224	24 
5225	78 
5226	89 
5227	28 
5228	308 
5229	71 
5230	76 
5231	326 
5232	56 
5233	6 
5234	39 
5235	249 
5236	217 
5237	125 
5238	88 
5239	205 
5240	37 
5241	160 
5242	48 
5243	256 
5244	305 
5245	4 
5246	323 
5247	255 
5248	276 
5249	133 
5250	72 
5251	70 
5252	153 
5253	212 
5254	172 
5255	48 
5256	83 
5257	203 
5258	24 
5259	96 
5260	4 
5261	72 
5262	135 
5263	147 
5264	203 
5265	120 
5266	227 
5267	256 
5268	246 
5269	1 
5270	125 
5271	169 
5272	318 
5273	240 
5274	115 
5275	27 
5276	71 
5277	39 
5278	150 
5279	181 
5280	309 
5281	55 
5282	316 
5283	43 
5284	220 
5285	48 
5286	151 
5287	94 
5288	85 
5289	297 
5290	162 
5291	114 
5292	245 
5293	154 
5294	174 
5295	116 
5296	52 
5297	143 
5298	252 
5299	160 
5300	117 
5301	30 
5302	176 
5303	43 
5304	43 
5305	271 
5306	231 
5307	321 
5308	162 
5309	331 
5310	62 
5311	232 
5312	294 
5313	329 
5314	217 
5315	40 
5316	66 
5317	302 
5318	188 
5319	62 
5320	189 
5321	89 
5322	227 
5323	2 
5324	339 
5325	273 
5326	184 
5327	8 
5328	154 
5329	29 
5330	293 
5331	12 
5332	149 
5333	236 
5334	332 
5335	190 
5336	159 
5337	194 
5338	122 
5339	155 
5340	170 
5341	266 
5342	332 
5343	282 
5344	82 
5345	311 
5346	85 
5347	155 
5348	240 
5349	45 
5350	156 
5351	60 
5352	183 
5353	331 
5354	225 
5355	151 
5356	107 
5357	255 
5358	306 
5359	68 
5360	15 
5361	144 
5362	263 
5363	249 
5364	76 
5365	110 
5366	23 
5367	203 
5368	169 
5369	74 
5370	299 
5371	339 
5372	300 
5373	107 
5374	56 
5375	276 
5376	278 
5377	119 
5378	68 
5379	52 
5380	342 
5381	180 
5382	290 
5383	307 
5384	34 
5385	313 
5386	23 
5387	171 
5388	141 
5389	27 
5390	334 
5391	300 
5392	179 
5393	54 
5394	147 
5395	187 
5396	198 
5397	34 
5398	153 
5399	267 
5400	191 
5401	70 
5402	142 
5403	171 
5404	24 
5405	61 
5406	33 
5407	59 
5408	160 
5409	195 
5410	124 
5411	332 
5412	104 
5413	1 
5414	168 
5415	270 
5416	312 
5417	114 
5418	39 
5419	183 
5420	307 
5421	251 
5422	111 
5423	300 
5424	221 
5425	207 
5426	54 
5427	43 
5428	163 
5429	22 
5430	341 
5431	8 
5432	163 
5433	170 
5434	229 
5435	306 
5436	30 
5437	299 
5438	189 
5439	22 
5440	307 
5441	135 
5442	302 
5443	52 
5444	312 
5445	125 
5446	68 
5447	148 
5448	252 
5449	39 
5450	85 
5451	25 
5452	181 
5453	304 
5454	81 
5455	132 
5456	265 
5457	311 
5458	110 
5459	225 
5460	222 
5461	105 
5462	312 
5463	214 
5464	334 
5465	276 
5466	39 
5467	39 
5468	120 
5469	92 
5470	156 
5471	72 
5472	156 
5473	169 
5474	321 
5475	82 
5476	198 
5477	225 
5478	105 
5479	33 
5480	200 
5481	24 
5482	313 
5483	269 
5484	305 
5485	333 
5486	176 
5487	180 
5488	171 
5489	120 
5490	8 
5491	276 
5492	151 
5493	208 
5494	276 
5495	104 
5496	143 
5497	254 
5498	37 
5499	252 
5500	48 
5501	333 
5502	321 
5503	304 
5504	22 
5505	198 
5506	198 
5507	117 
5508	39 
5509	285 
5510	282 
5511	41 
5512	189 
5513	97 
5514	29 
5515	292 
5516	206 
5517	94 
5518	122 
5519	194 
5520	48 
5521	199 
5522	136 
5523	60 
5524	225 
5525	81 
5526	283 
5527	244 
5528	249 
5529	246 
5530	226 
5531	98 
5532	292 
5533	2 
5534	285 
5535	202 
5536	332 
5537	269 
5538	149 
5539	132 
5540	210 
5541	126 
5542	217 
5543	282 
5544	143 
5545	283 
5546	163 
5547	208 
5548	263 
5549	257 
5550	322 
5551	212 
5552	62 
5553	252 
5554	280 
5555	202 
5556	281 
5557	133 
5558	258 
5559	159 
5560	304 
5561	189 
5562	168 
5563	94 
5564	335 
5565	191 
5566	222 
5567	62 
5568	56 
5569	135 
5570	246 
5571	98 
5572	339 
5573	156 
5574	200 
5575	133 
5576	110 
5577	233 
5578	4 
5579	312 
5580	198 
5581	317 
5582	52 
5583	143 
5584	295 
5585	76 
5586	18 
5587	332 
5588	124 
5589	155 
5590	116 
5591	157 
5592	265 
5593	45 
5594	270 
5595	125 
5596	76 
5597	157 
5598	299 
5599	163 
5600	18 
5601	34 
5602	202 
5603	188 
5604	173 
5605	149 
5606	334 
5607	61 
5608	290 
5609	33 
5610	259 
5611	168 
5612	286 
5613	62 
5614	253 
5615	246 
5616	43 
5617	216 
5618	308 
5619	300 
5620	235 
5621	283 
5622	178 
5623	68 
5624	88 
5625	331 
5626	267 
5627	290 
5628	83 
5629	119 
5630	225 
5631	104 
5632	240 
5633	116 
5634	225 
5635	102 
5636	37 
5637	265 
5638	207 
5639	74 
5640	212 
5641	119 
5642	89 
5643	293 
5644	266 
5645	119 
5646	97 
5647	73 
5648	160 
5649	322 
5650	293 
5651	62 
5652	335 
5653	289 
5654	266 
5655	276 
5656	318 
5657	120 
5658	199 
5659	266 
5660	62 
5661	225 
5662	201 
5663	207 
5664	154 
5665	269 
5666	70 
5667	136 
5668	235 
5669	317 
5670	18 
5671	111 
5672	214 
5673	115 
5674	304 
5675	183 
5676	249 
5677	326 
5678	81 
5679	1 
5680	102 
5681	110 
5682	291 
5683	172 
5684	195 
5685	208 
5686	322 
5687	342 
5688	240 
5689	254 
5690	66 
5691	49 
5692	335 
5693	117 
5694	124 
5695	334 
5696	82 
5697	162 
5698	189 
5699	235 
5700	20 
5701	225 
5702	53 
5703	314 
5704	240 
5705	48 
5706	304 
5707	271 
5708	33 
5709	177 
5710	126 
5711	52 
5712	135 
5713	23 
5714	281 
5715	39 
5716	160 
5717	311 
5718	265 
5719	70 
5720	88 
5721	317 
5722	253 
5723	47 
5724	164 
5725	46 
5726	125 
5727	170 
5728	249 
5729	66 
5730	341 
5731	271 
5732	232 
5733	265 
5734	192 
5735	155 
5736	264 
5737	180 
5738	80 
5739	3 
5740	202 
5741	180 
5742	27 
5743	23 
5744	125 
5745	151 
5746	143 
5747	222 
5748	245 
5749	236 
5750	244 
5751	150 
5752	111 
5753	332 
5754	302 
5755	234 
5756	54 
5757	115 
5758	111 
5759	341 
5760	115 
5761	142 
5762	173 
5763	62 
5764	259 
5765	23 
5766	280 
5767	216 
5768	47 
5769	181 
5770	216 
5771	269 
5772	202 
5773	80 
5774	184 
5775	82 
5776	203 
5777	333 
5778	148 
5779	331 
5780	12 
5781	244 
5782	33 
5783	220 
5784	2 
5785	194 
5786	165 
5787	232 
5788	342 
5789	342 
5790	148 
5791	152 
5792	81 
5793	300 
5794	258 
5795	54 
5796	282 
5797	266 
5798	76 
5799	274 
5800	318 
5801	82 
5802	37 
5803	10 
5804	235 
5805	56 
5806	321 
5807	207 
5808	141 
5809	52 
5810	70 
5811	189 
5812	88 
5813	272 
5814	95 
5815	260 
5816	2 
5817	176 
5818	122 
5819	94 
5820	258 
5821	167 
5822	155 
5823	49 
5824	214 
5825	155 
5826	2 
5827	12 
5828	212 
5829	53 
5830	49 
5831	171 
5832	309 
5833	28 
5834	10 
5835	285 
5836	110 
5837	22 
5838	136 
5839	321 
5840	222 
5841	216 
5842	269 
5843	89 
5844	33 
5845	34 
5846	300 
5847	155 
5848	119 
5849	263 
5850	132 
5851	190 
5852	10 
5853	105 
5854	270 
5855	265 
5856	141 
5857	107 
5858	141 
5859	321 
5860	305 
5861	194 
5862	87 
5863	135 
5864	255 
5865	177 
5866	271 
5867	12 
5868	157 
5869	236 
5870	259 
5871	317 
5872	18 
5873	199 
5874	322 
5875	263 
5876	74 
5877	278 
5878	225 
5879	60 
5880	202 
5881	110 
5882	53 
5883	9 
5884	85 
5885	206 
5886	255 
5887	170 
5888	255 
5889	189 
5890	313 
5891	25 
5892	225 
5893	256 
5894	102 
5895	254 
5896	40 
5897	189 
5898	43 
5899	22 
5900	242 
5901	73 
5902	1 
5903	222 
5904	253 
5905	88 
5906	34 
5907	255 
5908	179 
5909	191 
5910	119 
5911	278 
5912	48 
5913	232 
5914	312 
5915	300 
5916	229 
5917	150 
5918	332 
5919	195 
5920	80 
5921	114 
5922	66 
5923	281 
5924	194 
5925	88 
5926	105 
5927	291 
5928	66 
5929	231 
5930	188 
5931	168 
5932	167 
5933	147 
5934	342 
5935	285 
5936	159 
5937	61 
5938	74 
5939	122 
5940	189 
5941	252 
5942	7 
5943	110 
5944	195 
5945	153 
5946	299 
5947	48 
5948	191 
5949	206 
5950	333 
5951	5 
5952	308 
5953	220 
5954	176 
5955	74 
5956	217 
5957	50 
5958	119 
5959	125 
5960	114 
5961	216 
5962	107 
5963	335 
5964	217 
5965	149 
5966	12 
5967	155 
5968	96 
5969	222 
5970	18 
5971	10 
5972	119 
5973	90 
5974	246 
5975	82 
5976	30 
5977	342 
5978	122 
5979	329 
5980	102 
5981	328 
5982	198 
5983	121 
5984	61 
5985	264 
5986	227 
5987	105 
5988	135 
5989	191 
5990	282 
5991	39 
5992	1 
5993	266 
5994	272 
5995	24 
5996	92 
5997	231 
5998	312 
5999	329 
6000	152 
6001	49 
6002	199 
6003	155 
6004	334 
6005	132 
6006	90 
6007	117 
6008	259 
6009	240 
6010	266 
6011	46 
6012	339 
6013	190 
6014	162 
6015	312 
6016	218 
6017	88 
6018	339 
6019	97 
6020	328 
6021	12 
6022	41 
6023	40 
6024	252 
6025	76 
6026	177 
6027	292 
6028	115 
6029	295 
6030	249 
6031	272 
6032	236 
6033	98 
6034	125 
6035	234 
6036	148 
6037	50 
6038	235 
6039	177 
6040	233 
6041	111 
6042	46 
6043	179 
6044	68 
6045	200 
6046	110 
6047	255 
6048	180 
6049	34 
6050	269 
6051	20 
6052	199 
6053	174 
6054	25 
6055	162 
6056	150 
6057	222 
6058	254 
6059	153 
6060	50 
6061	46 
6062	92 
6063	60 
6064	295 
6065	135 
6066	322 
6067	300 
6068	34 
6069	251 
6070	184 
6071	187 
6072	314 
6073	271 
6074	217 
6075	293 
6076	5 
6077	192 
6078	332 
6079	70 
6080	102 
6081	49 
6082	153 
6083	168 
6084	95 
6085	144 
6086	111 
6087	142 
6088	144 
6089	49 
6090	328 
6091	259 
6092	136 
6093	252 
6094	28 
6095	125 
6096	30 
6097	50 
6098	314 
6099	331 
6100	93 
6101	195 
6102	56 
6103	162 
6104	163 
6105	231 
6106	285 
6107	297 
6108	8 
6109	290 
6110	8 
6111	111 
6112	49 
6113	334 
6114	85 
6115	15 
6116	202 
6117	220 
6118	266 
6119	326 
6120	15 
6121	199 
6122	199 
6123	85 
6124	66 
6125	252 
6126	227 
6127	318 
6128	180 
6129	95 
6130	257 
6131	121 
6132	117 
6133	334 
6134	328 
6135	252 
6136	199 
6137	162 
6138	276 
6139	67 
6140	249 
6141	290 
6142	240 
6143	276 
6144	291 
6145	105 
6146	203 
6147	290 
6148	119 
6149	328 
6150	214 
6151	254 
6152	117 
6153	136 
6154	52 
6155	125 
6156	122 
6157	233 
6158	236 
6159	227 
6160	87 
6161	12 
6162	135 
6163	102 
6164	179 
6165	126 
6166	328 
6167	163 
6168	234 
6169	67 
6170	172 
6171	10 
6172	331 
6173	10 
6174	302 
6175	342 
6176	291 
6177	3 
6178	124 
6179	178 
6180	334 
6181	295 
6182	263 
6183	15 
6184	40 
6185	214 
6186	155 
6187	302 
6188	259 
6189	200 
6190	2 
6191	154 
6192	98 
6193	278 
6194	206 
6195	208 
6196	309 
6197	132 
6198	198 
6199	10 
6200	263 
6201	218 
6202	9 
6203	85 
6204	334 
6205	54 
6206	102 
6207	181 
6208	306 
6209	312 
6210	135 
6211	176 
6212	125 
6213	156 
6214	82 
6215	312 
6216	119 
6217	54 
6218	249 
6219	220 
6220	33 
6221	122 
6222	187 
6223	339 
6224	195 
6225	153 
6226	271 
6227	314 
6228	306 
6229	17 
6230	12 
6231	68 
6232	321 
6233	295 
6234	61 
6235	148 
6236	90 
6237	300 
6238	96 
6239	226 
6240	22 
6241	291 
6242	314 
6243	283 
6244	22 
6245	110 
6246	152 
6247	61 
6248	253 
6249	191 
6250	61 
6251	312 
6252	233 
6253	66 
6254	22 
6255	226 
6256	331 
6257	329 
6258	199 
6259	258 
6260	121 
6261	111 
6262	173 
6263	291 
6264	281 
6265	117 
6266	10 
6267	280 
6268	157 
6269	299 
6270	257 
6271	332 
6272	267 
6273	232 
6274	88 
6275	80 
6276	293 
6277	267 
6278	30 
6279	61 
6280	54 
6281	80 
6282	257 
6283	189 
6284	244 
6285	334 
6286	136 
6287	217 
6288	190 
6289	105 
6290	293 
6291	66 
6292	285 
6293	23 
6294	124 
6295	92 
6296	273 
6297	302 
6298	314 
6299	55 
6300	181 
6301	202 
6302	28 
6303	94 
6304	311 
6305	90 
6306	71 
6307	174 
6308	34 
6309	255 
6310	159 
6311	264 
6312	183 
6313	202 
6314	286 
6315	272 
6316	220 
6317	210 
6318	232 
6319	245 
6320	48 
6321	83 
6322	278 
6323	321 
6324	233 
6325	179 
6326	299 
6327	84 
6328	220 
6329	232 
6330	281 
6331	111 
6332	232 
6333	61 
6334	9 
6335	33 
6336	311 
6337	234 
6338	271 
6339	173 
6340	240 
6341	96 
6342	85 
6343	55 
6344	317 
6345	183 
6346	328 
6347	180 
6348	299 
6349	87 
6350	114 
6351	111 
6352	295 
6353	107 
6354	178 
6355	54 
6356	266 
6357	335 
6358	173 
6359	317 
6360	9 
6361	339 
6362	203 
6363	207 
6364	306 
6365	5 
6366	201 
6367	125 
6368	232 
6369	309 
6370	33 
6371	124 
6372	210 
6373	245 
6374	321 
6375	318 
6376	274 
6377	107 
6378	95 
6379	265 
6380	282 
6381	55 
6382	293 
6383	332 
6384	119 
6385	150 
6386	67 
6387	34 
6388	251 
6389	272 
6390	5 
6391	188 
6392	254 
6393	2 
6394	232 
6395	267 
6396	282 
6397	5 
6398	171 
6399	159 
6400	194 
6401	265 
6402	96 
6403	218 
6404	326 
6405	70 
6406	331 
6407	141 
6408	111 
6409	22 
6410	245 
6411	37 
6412	278 
6413	206 
6414	176 
6415	290 
6416	150 
6417	30 
6418	22 
6419	90 
6420	66 
6421	174 
6422	48 
6423	252 
6424	22 
6425	218 
6426	52 
6427	212 
6428	34 
6429	2 
6430	220 
6431	15 
6432	272 
6433	200 
6434	322 
6435	221 
6436	265 
6437	225 
6438	281 
6439	50 
6440	87 
6441	163 
6442	317 
6443	12 
6444	291 
6445	236 
6446	282 
6447	178 
6448	240 
6449	165 
6450	96 
6451	60 
6452	25 
6453	190 
6454	210 
6455	66 
6456	80 
6457	200 
6458	200 
6459	207 
6460	30 
6461	165 
6462	218 
6463	201 
6464	12 
6465	111 
6466	265 
6467	98 
6468	22 
6469	188 
6470	253 
6471	322 
6472	85 
6473	334 
6474	203 
6475	274 
6476	162 
6477	30 
6478	107 
6479	317 
6480	242 
6481	236 
6482	15 
6483	281 
6484	95 
6485	179 
6486	153 
6487	40 
6488	93 
6489	171 
6490	251 
6491	232 
6492	334 
6493	334 
6494	226 
6495	308 
6496	183 
6497	234 
6498	56 
6499	96 
6500	292 
6501	329 
6502	20 
6503	252 
6504	309 
6505	181 
6506	234 
6507	95 
6508	159 
6509	312 
6510	280 
6511	2 
6512	321 
6513	122 
6514	55 
6515	251 
6516	177 
6517	115 
6518	40 
6519	265 
6520	8 
6521	339 
6522	119 
6523	148 
6524	132 
6525	231 
6526	242 
6527	12 
6528	278 
6529	149 
6530	143 
6531	236 
6532	46 
6533	177 
6534	10 
6535	23 
6536	220 
6537	43 
6538	92 
6539	282 
6540	164 
6541	142 
6542	314 
6543	47 
6544	270 
6545	143 
6546	30 
6547	318 
6548	263 
6549	43 
6550	17 
6551	183 
6552	231 
6553	55 
6554	85 
6555	172 
6556	217 
6557	152 
6558	87 
6559	70 
6560	331 
6561	37 
6562	199 
6563	119 
6564	202 
6565	333 
6566	49 
6567	70 
6568	231 
6569	270 
6570	258 
6571	43 
6572	251 
6573	240 
6574	37 
6575	233 
6576	260 
6577	54 
6578	342 
6579	217 
6580	167 
6581	87 
6582	98 
6583	318 
6584	195 
6585	188 
6586	308 
6587	47 
6588	297 
6589	60 
6590	226 
6591	41 
6592	41 
6593	102 
6594	20 
6595	321 
6596	335 
6597	124 
6598	187 
6599	280 
6600	200 
6601	111 
6602	84 
6603	170 
6604	251 
6605	20 
6606	184 
6607	328 
6608	318 
6609	208 
6610	167 
6611	95 
6612	270 
6613	47 
6614	12 
6615	87 
6616	184 
6617	282 
6618	37 
6619	81 
6620	94 
6621	170 
6622	221 
6623	154 
6624	154 
6625	122 
6626	283 
6627	141 
6628	80 
6629	295 
6630	159 
6631	125 
6632	263 
6633	48 
6634	126 
6635	7 
6636	334 
6637	282 
6638	314 
6639	117 
6640	307 
6641	165 
6642	254 
6643	95 
6644	55 
6645	7 
6646	274 
6647	70 
6648	236 
6649	334 
6650	144 
6651	81 
6652	152 
6653	334 
6654	331 
6655	177 
6656	37 
6657	156 
6658	94 
6659	180 
6660	254 
6661	95 
6662	30 
6663	52 
6664	181 
6665	124 
6666	172 
6667	187 
6668	70 
6669	141 
6670	121 
6671	244 
6672	202 
6673	254 
6674	318 
6675	236 
6676	264 
6677	10 
6678	148 
6679	291 
6680	141 
6681	22 
6682	335 
6683	271 
6684	252 
6685	43 
6686	212 
6687	149 
6688	282 
6689	9 
6690	156 
6691	50 
6692	12 
6693	66 
6694	187 
6695	331 
6696	136 
6697	141 
6698	87 
6699	231 
6700	206 
6701	242 
6702	180 
6703	285 
6704	81 
6705	299 
6706	107 
6707	148 
6708	56 
6709	225 
6710	198 
6711	164 
6712	17 
6713	240 
6714	314 
6715	98 
6716	71 
6717	328 
6718	22 
6719	148 
6720	232 
6721	235 
6722	245 
6723	199 
6724	87 
6725	48 
6726	236 
6727	255 
6728	115 
6729	17 
6730	163 
6731	274 
6732	285 
6733	20 
6734	244 
6735	25 
6736	286 
6737	142 
6738	245 
6739	54 
6740	199 
6741	302 
6742	40 
6743	282 
6744	232 
6745	299 
6746	265 
6747	220 
6748	184 
6749	156 
6750	52 
6751	41 
6752	41 
6753	22 
6754	8 
6755	328 
6756	163 
6757	258 
6758	264 
6759	184 
6760	263 
6761	271 
6762	41 
6763	40 
6764	141 
6765	200 
6766	126 
6767	154 
6768	203 
6769	335 
6770	80 
6771	207 
6772	244 
6773	12 
6774	226 
6775	98 
6776	141 
6777	290 
6778	114 
6779	271 
6780	245 
6781	179 
6782	25 
6783	49 
6784	60 
6785	265 
6786	184 
6787	98 
6788	20 
6789	307 
6790	339 
6791	251 
6792	231 
6793	334 
6794	55 
6795	11 
6796	20 
6797	124 
6798	114 
6799	314 
6800	30 
6801	2 
6802	15 
6803	48 
6804	255 
6805	306 
6806	37 
6807	46 
6808	152 
6809	207 
6810	283 
6811	202 
6812	167 
6813	212 
6814	221 
6815	281 
6816	242 
6817	307 
6818	81 
6819	20 
6820	49 
6821	271 
6822	55 
6823	322 
6824	5 
6825	274 
6826	335 
6827	291 
6828	281 
6829	23 
6830	251 
6831	309 
6832	117 
6833	132 
6834	150 
6835	49 
6836	28 
6837	244 
6838	192 
6839	251 
6840	188 
6841	153 
6842	206 
6843	217 
6844	124 
6845	270 
6846	245 
6847	125 
6848	240 
6849	318 
6850	270 
6851	200 
6852	232 
6853	295 
6854	251 
6855	149 
6856	295 
6857	220 
6858	271 
6859	233 
6860	259 
6861	286 
6862	7 
6863	218 
6864	309 
6865	80 
6866	142 
6867	73 
6868	96 
6869	73 
6870	142 
6871	286 
6872	163 
6873	199 
6874	274 
6875	271 
6876	273 
6877	265 
6878	201 
6879	176 
6880	33 
6881	84 
6882	212 
6883	192 
6884	283 
6885	165 
6886	61 
6887	271 
6888	142 
6889	168 
6890	335 
6891	342 
6892	257 
6893	48 
6894	333 
6895	273 
6896	141 
6897	22 
6898	96 
6899	195 
6900	30 
6901	302 
6902	94 
6903	231 
6904	107 
6905	342 
6906	208 
6907	331 
6908	17 
6909	87 
6910	225 
6911	40 
6912	273 
6913	240 
6914	117 
6915	297 
6916	203 
6917	172 
6918	15 
6919	342 
6920	245 
6921	255 
6922	23 
6923	43 
6924	10 
6925	143 
6926	163 
6927	183 
6928	54 
6929	23 
6930	285 
6931	335 
6932	180 
6933	244 
6934	233 
6935	179 
6936	15 
6937	20 
6938	245 
6939	231 
6940	190 
6941	307 
6942	257 
6943	96 
6944	235 
6945	132 
6946	178 
6947	115 
6948	245 
6949	220 
6950	163 
6951	121 
6952	22 
6953	191 
6954	207 
6955	164 
6956	90 
6957	225 
6958	207 
6959	260 
6960	135 
6961	283 
6962	73 
6963	253 
6964	40 
6965	93 
6966	236 
6967	181 
6968	286 
6969	181 
6970	242 
6971	174 
6972	107 
6973	188 
6974	317 
6975	124 
6976	252 
6977	48 
6978	30 
6979	114 
6980	227 
6981	11 
6982	257 
6983	201 
6984	23 
6985	144 
6986	126 
6987	258 
6988	180 
6989	283 
6990	132 
6991	9 
6992	240 
6993	184 
6994	114 
6995	291 
6996	198 
6997	297 
6998	22 
6999	199 
7000	308 
7001	188 
7002	270 
7003	274 
7004	30 
7005	98 
7006	10 
7007	322 
7008	56 
7009	81 
7010	1 
7011	52 
7012	97 
7013	84 
7014	132 
7015	191 
7016	50 
7017	164 
7018	7 
7019	257 
7020	317 
7021	122 
7022	265 
7023	126 
7024	302 
7025	297 
7026	149 
7027	257 
7028	192 
7029	194 
7030	282 
7031	251 
7032	297 
7033	46 
7034	203 
7035	177 
7036	121 
7037	5 
7038	306 
7039	179 
7040	20 
7041	285 
7042	11 
7043	17 
7044	274 
7045	285 
7046	71 
7047	90 
7048	181 
7049	98 
7050	170 
7051	273 
7052	267 
7053	98 
7054	220 
7055	233 
7056	114 
7057	1 
7058	48 
7059	55 
7060	260 
7061	285 
7062	80 
7063	33 
7064	96 
7065	286 
7066	335 
7067	80 
7068	314 
7069	84 
7070	207 
7071	273 
7072	66 
7073	43 
7074	143 
7075	117 
7076	150 
7077	314 
7078	259 
7079	255 
7080	43 
7081	84 
7082	90 
7083	121 
7084	96 
7085	141 
7086	96 
7087	12 
7088	190 
7089	333 
7090	143 
7091	40 
7092	154 
7093	236 
7094	253 
7095	5 
7096	218 
7097	283 
7098	334 
7099	121 
7100	2 
7101	12 
7102	93 
7103	181 
7104	270 
7105	254 
7106	98 
7107	178 
7108	47 
7109	115 
7110	34 
7111	191 
7112	302 
7113	255 
7114	67 
7115	242 
7116	231 
7117	3 
7118	255 
7119	73 
7120	97 
7121	285 
7122	333 
7123	151 
7124	95 
7125	1 
7126	144 
7127	147 
7128	201 
7129	263 
7130	115 
7131	67 
7132	201 
7133	73 
7134	258 
7135	263 
7136	244 
7137	191 
7138	227 
7139	55 
7140	260 
7141	87 
7142	84 
7143	152 
7144	92 
7145	143 
7146	115 
7147	184 
7148	255 
7149	206 
7150	17 
7151	217 
7152	270 
7153	61 
7154	148 
7155	81 
7156	339 
7157	54 
7158	30 
7159	273 
7160	207 
7161	314 
7162	163 
7163	333 
7164	97 
7165	183 
7166	34 
7167	174 
7168	203 
7169	306 
7170	11 
7171	201 
7172	114 
7173	318 
7174	297 
7175	307 
7176	3 
7177	122 
7178	322 
7179	183 
7180	334 
7181	329 
7182	309 
7183	318 
7184	292 
7185	144 
7186	92 
7187	33 
7188	259 
7189	242 
7190	283 
7191	71 
7192	135 
7193	117 
7194	152 
7195	97 
7196	88 
7197	184 
7198	148 
7199	178 
7200	147 
7201	307 
7202	302 
7203	111 
7204	201 
7205	297 
7206	33 
7207	167 
7208	267 
7209	309 
7210	274 
7211	311 
7212	115 
7213	144 
7214	329 
7215	207 
7216	5 
7217	22 
7218	212 
7219	220 
7220	84 
7221	227 
7222	117 
7223	218 
7224	55 
7225	61 
7226	254 
7227	9 
7228	117 
7229	144 
7230	297 
7231	61 
7232	136 
7233	254 
7234	92 
7235	253 
7236	54 
7237	227 
7238	71 
7239	47 
7240	143 
7241	253 
7242	10 
7243	163 
7244	2 
7245	322 
7246	144 
7247	342 
7248	114 
7249	71 
7250	274 
7251	291 
7252	311 
7253	33 
7254	221 
7255	90 
7256	195 
7257	206 
7258	135 
7259	153 
7260	150 
7261	80 
7262	245 
7263	195 
7264	199 
7265	142 
7266	150 
7267	245 
7268	88 
7269	141 
7270	41 
7271	55 
7272	7 
7273	114 
7274	206 
7275	142 
7276	55 
7277	240 
7278	280 
7279	194 
7280	143 
7281	283 
7282	178 
7283	281 
7284	168 
7285	90 
7286	80 
7287	342 
7288	227 
7289	60 
7290	8 
7291	191 
7292	97 
7293	17 
7294	164 
7295	183 
7296	220 
7297	153 
7298	297 
7299	46 
7300	207 
7301	8 
7302	179 
7303	153 
7304	306 
7305	227 
7306	150 
7307	226 
7308	271 
7309	1 
7310	306 
7311	24 
7312	40 
7313	8 
7314	273 
7315	274 
7316	227 
7317	227 
7318	53 
7319	217 
7320	53 
7321	20 
7322	317 
7323	150 
7324	208 
7325	195 
7326	309 
7327	231 
7328	15 
7329	15 
7330	81 
7331	23 
7332	331 
7333	225 
7334	322 
7335	167 
7336	1 
7337	291 
7338	173 
7339	98 
7340	201 
7341	23 
7342	326 
7343	263 
7344	281 
7345	159 
7346	8 
7347	181 
7348	227 
7349	61 
7350	47 
7351	28 
7352	5 
7353	27 
7354	163 
7355	87 
7356	263 
7357	292 
7358	151 
7359	147 
7360	2 
7361	260 
7362	156 
7363	172 
7364	267 
7365	335 
7366	184 
7367	167 
7368	81 
7369	192 
7370	73 
7371	95 
7372	317 
7373	201 
7374	273 
7375	159 
7376	267 
7377	295 
7378	143 
7379	306 
7380	7 
7381	46 
7382	167 
7383	282 
7384	56 
7385	141 
7386	46 
7387	96 
7388	236 
7389	218 
7390	183 
7391	143 
7392	314 
7393	207 
7394	170 
7395	143 
7396	242 
7397	334 
7398	88 
7399	181 
7400	326 
7401	136 
7402	25 
7403	50 
7404	297 
7405	144 
7406	150 
7407	163 
7408	257 
7409	126 
7410	23 
7411	11 
7412	93 
7413	153 
7414	306 
7415	207 
7416	306 
7417	148 
7418	309 
7419	136 
7420	54 
7421	285 
7422	331 
7423	154 
7424	22 
7425	135 
7426	11 
7427	177 
7428	282 
7429	329 
7430	71 
7431	263 
7432	23 
7433	159 
7434	54 
7435	226 
7436	283 
7437	80 
7438	195 
7439	55 
7440	152 
7441	217 
7442	227 
7443	317 
7444	236 
7445	147 
7446	25 
7447	5 
7448	326 
7449	252 
7450	280 
7451	153 
7452	50 
7453	144 
7454	191 
7455	94 
7456	195 
7457	124 
7458	71 
7459	339 
7460	317 
7461	195 
7462	27 
7463	292 
7464	92 
7465	233 
7466	15 
7467	225 
7468	235 
7469	187 
7470	244 
7471	342 
7472	217 
7473	203 
7474	333 
7475	41 
7476	314 
7477	203 
7478	187 
7479	314 
7480	309 
7481	164 
7482	126 
7483	40 
7484	217 
7485	226 
7486	164 
7487	322 
7488	88 
7489	8 
7490	317 
7491	274 
7492	225 
7493	208 
7494	143 
7495	333 
7496	8 
7497	5 
7498	9 
7499	180 
7500	335 
7501	254 
7502	194 
7503	122 
7504	33 
7505	270 
7506	165 
7507	335 
7508	67 
7509	67 
7510	203 
7511	2 
7512	176 
7513	181 
7514	33 
7515	24 
7516	132 
7517	227 
7518	201 
7519	115 
7520	90 
7521	233 
7522	328 
7523	339 
7524	265 
7525	328 
7526	317 
7527	153 
7528	15 
7529	156 
7530	257 
7531	170 
7532	50 
7533	258 
7534	198 
7535	47 
7536	292 
7537	318 
7538	60 
7539	25 
7540	34 
7541	191 
7542	260 
7543	198 
7544	147 
7545	231 
7546	3 
7547	252 
7548	257 
7549	290 
7550	147 
7551	285 
7552	265 
7553	2 
7554	43 
7555	308 
7556	191 
7557	253 
7558	322 
7559	152 
7560	115 
7561	156 
7562	311 
7563	285 
7564	339 
7565	67 
7566	143 
7567	334 
7568	156 
7569	260 
7570	43 
7571	174 
7572	11 
7573	191 
7574	90 
7575	92 
7576	114 
7577	33 
7578	203 
7579	124 
7580	329 
7581	80 
7582	11 
7583	253 
7584	1 
7585	295 
7586	8 
7587	263 
7588	308 
7589	235 
7590	156 
7591	81 
7592	53 
7593	149 
7594	273 
7595	260 
7596	285 
7597	291 
7598	297 
7599	267 
7600	28 
7601	150 
7602	176 
7603	54 
7604	231 
7605	333 
7606	97 
7607	318 
7608	135 
7609	342 
7610	259 
7611	240 
7612	236 
7613	254 
7614	136 
7615	280 
7616	81 
7617	329 
7618	80 
7619	37 
7620	326 
7621	67 
7622	179 
7623	28 
7624	55 
7625	34 
7626	198 
7627	308 
7628	291 
7629	144 
7630	170 
7631	11 
7632	192 
7633	183 
7634	93 
7635	291 
7636	121 
7637	156 
7638	173 
7639	93 
7640	117 
7641	176 
7642	265 
7643	259 
7644	94 
7645	3 
7646	339 
7647	318 
7648	184 
7649	122 
7650	331 
7651	94 
7652	170 
7653	231 
7654	156 
7655	314 
7656	53 
7657	41 
7658	286 
7659	92 
7660	71 
7661	41 
7662	203 
7663	126 
7664	10 
7665	15 
7666	308 
7667	115 
7668	167 
7669	132 
7670	135 
7671	233 
7672	254 
7673	25 
7674	54 
7675	84 
7676	334 
7677	163 
7678	309 
7679	292 
7680	252 
7681	263 
7682	227 
7683	92 
7684	176 
7685	67 
7686	88 
7687	152 
7688	335 
7689	84 
7690	142 
7691	291 
7692	218 
7693	252 
7694	176 
7695	172 
7696	179 
7697	273 
7698	302 
7699	142 
7700	331 
7701	297 
7702	299 
7703	60 
7704	286 
7705	252 
7706	283 
7707	41 
7708	259 
7709	245 
7710	172 
7711	252 
7712	260 
7713	80 
7714	265 
7715	308 
7716	173 
7717	11 
7718	126 
7719	149 
7720	184 
7721	117 
7722	167 
7723	254 
7724	242 
7725	97 
7726	12 
7727	178 
7728	280 
7729	302 
7730	258 
7731	165 
7732	173 
7733	286 
7734	195 
7735	2 
7736	154 
7737	60 
7738	174 
7739	297 
7740	164 
7741	245 
7742	81 
7743	111 
7744	218 
7745	207 
7746	152 
7747	117 
7748	307 
7749	92 
7750	308 
7751	87 
7752	165 
7753	1 
7754	292 
7755	153 
7756	281 
7757	235 
7758	12 
7759	126 
7760	47 
7761	164 
7762	153 
7763	322 
7764	126 
7765	314 
7766	80 
7767	225 
7768	244 
7769	331 
7770	152 
7771	2 
7772	183 
7773	165 
7774	181 
7775	295 
7776	245 
7777	191 
7778	178 
7779	263 
7780	156 
7781	267 
7782	259 
7783	163 
7784	308 
7785	191 
7786	142 
7787	195 
7788	326 
7789	285 
7790	322 
7791	314 
7792	195 
7793	22 
7794	97 
7795	40 
7796	226 
7797	2 
7798	67 
7799	24 
7800	179 
7801	92 
7802	147 
7803	233 
7804	299 
7805	163 
7806	150 
7807	329 
7808	218 
7809	170 
7810	342 
7811	314 
7812	295 
7813	226 
7814	195 
7815	56 
7816	231 
7817	12 
7818	122 
7819	92 
7820	142 
7821	170 
7822	117 
7823	290 
7824	206 
7825	27 
7826	115 
7827	326 
7828	60 
7829	60 
7830	291 
7831	218 
7832	307 
7833	163 
7834	280 
7835	2 
7836	311 
7837	56 
7838	136 
7839	81 
7840	11 
7841	147 
7842	331 
7843	227 
7844	331 
7845	282 
7846	121 
7847	53 
7848	167 
7849	173 
7850	71 
7851	111 
7852	195 
7853	156 
7854	292 
7855	178 
7856	37 
7857	181 
7858	180 
7859	299 
7860	176 
7861	55 
7862	8 
7863	24 
7864	15 
7865	141 
7866	8 
7867	33 
7868	235 
7869	12 
7870	292 
7871	245 
7872	1 
7873	54 
7874	235 
7875	168 
7876	50 
7877	136 
7878	50 
7879	60 
7880	176 
7881	302 
7882	167 
7883	240 
7884	176 
7885	280 
7886	331 
7887	178 
7888	180 
7889	218 
7890	3 
7891	94 
7892	151 
7893	179 
7894	9 
7895	142 
7896	218 
7897	179 
7898	259 
7899	93 
7900	93 
7901	192 
7902	94 
7903	299 
7904	46 
7905	318 
7906	7 
7907	326 
7908	309 
7909	263 
7910	33 
7911	122 
7912	111 
7913	71 
7914	111 
7915	7 
7916	136 
7917	183 
7918	165 
7919	242 
7920	46 
7921	56 
7922	267 
7923	331 
7924	307 
7925	165 
7926	154 
7927	28 
7928	178 
7929	37 
7930	53 
7931	290 
7932	80 
7933	93 
7934	9 
7935	231 
7936	121 
7937	71 
7938	167 
7939	40 
7940	291 
7941	55 
7942	270 
7943	254 
7944	221 
7945	172 
7946	218 
7947	231 
7948	47 
7949	12 
7950	286 
7951	53 
7952	192 
7953	92 
7954	281 
7955	43 
7956	174 
7957	122 
7958	184 
7959	245 
7960	136 
7961	88 
7962	180 
7963	92 
7964	339 
7965	11 
7966	283 
7967	3 
7968	183 
7969	136 
7970	156 
7971	71 
7972	208 
7973	154 
7974	56 
7975	297 
7976	198 
7977	302 
7978	153 
7979	331 
7980	244 
7981	11 
7982	164 
7983	50 
7984	174 
7985	153 
7986	15 
7987	165 
7988	221 
7989	153 
7990	142 
7991	92 
7992	152 
7993	299 
7994	12 
7995	90 
7996	167 
7997	172 
7998	267 
7999	23 
8000	96 
8001	164 
8002	50 
8003	206 
8004	270 
8005	142 
8006	265 
8007	184 
8008	221 
8009	335 
8010	176 
8011	176 
8012	191 
8013	22 
8014	299 
8015	285 
8016	242 
8017	291 
8018	165 
8019	23 
8020	218 
8021	318 
8022	297 
8023	156 
8024	322 
8025	81 
8026	208 
8027	165 
8028	152 
8029	231 
8030	53 
8031	164 
8032	334 
8033	295 
8034	164 
8035	3 
8036	281 
8037	22 
8038	173 
8039	192 
8040	33 
8041	242 
8042	192 
8043	28 
8044	318 
8045	93 
8046	15 
8047	136 
8048	84 
8049	50 
8050	67 
8051	311 
8052	67 
8053	184 
8054	191 
8055	335 
8056	149 
8057	2 
8058	329 
8059	281 
8060	274 
8061	73 
8062	292 
8063	302 
8064	126 
8065	274 
8066	15 
8067	226 
8068	225 
8069	311 
8070	90 
8071	7 
8072	149 
8073	218 
8074	178 
8075	147 
8076	55 
8077	191 
8078	180 
8079	33 
8080	227 
8081	60 
8082	149 
8083	260 
8084	40 
8085	207 
8086	231 
8087	329 
8088	149 
8089	136 
8090	285 
8091	225 
8092	270 
8093	37 
8094	60 
8095	43 
8096	25 
8097	8 
8098	308 
8099	50 
8100	167 
8101	141 
8102	334 
8103	174 
8104	291 
8105	207 
8106	326 
8107	94 
8108	233 
8109	54 
8110	149 
8111	259 
8112	258 
8113	8 
8114	173 
8115	159 
8116	235 
8117	141 
8118	164 
8119	15 
8120	117 
8121	151 
8122	96 
8123	206 
8124	265 
8125	47 
8126	167 
8127	179 
8128	291 
8129	334 
8130	221 
8131	326 
8132	297 
8133	270 
8134	50 
8135	47 
8136	142 
8137	176 
8138	231 
8139	81 
8140	141 
8141	203 
8142	281 
8143	9 
8144	88 
8145	7 
8146	174 
8147	297 
8148	55 
8149	257 
8150	179 
8151	136 
8152	8 
8153	280 
8154	227 
8155	144 
8156	170 
8157	252 
8158	84 
8159	242 
8160	96 
8161	27 
8162	87 
8163	281 
8164	203 
8165	253 
8166	24 
8167	9 
8168	43 
8169	81 
8170	170 
8171	84 
8172	56 
8173	307 
8174	167 
8175	207 
8176	329 
8177	221 
8178	260 
8179	339 
8180	207 
8181	181 
8182	309 
8183	152 
8184	87 
8185	164 
8186	96 
8187	297 
8188	339 
8189	172 
8190	165 
8191	164 
8192	192 
8193	67 
8194	3 
8195	111 
8196	3 
8197	121 
8198	56 
8199	181 
8200	309 
8201	147 
8202	1 
8203	342 
8204	203 
8205	153 
8206	183 
8207	297 
8208	164 
8209	41 
8210	203 
8211	147 
8212	53 
8213	92 
8214	43 
8215	46 
8216	55 
8217	122 
8218	27 
8219	263 
8220	263 
8221	121 
8222	154 
8223	33 
8224	43 
8225	8 
8226	96 
8227	290 
8228	178 
8229	225 
8230	326 
8231	281 
8232	71 
8233	25 
8234	226 
8235	126 
8236	40 
8237	15 
8238	285 
8239	192 
8240	3 
8241	168 
8242	9 
8243	203 
8244	24 
8245	281 
8246	60 
8247	154 
8248	184 
8249	152 
8250	149 
8251	286 
8252	40 
8253	203 
8254	260 
8255	172 
8256	84 
8257	7 
8258	253 
8259	308 
8260	90 
8261	302 
8262	280 
8263	274 
8264	117 
8265	92 
8266	257 
8267	174 
8268	267 
8269	41 
8270	174 
8271	257 
8272	297 
8273	176 
8274	274 
8275	257 
8276	41 
8277	172 
8278	170 
8279	8 
8280	179 
8281	55 
8282	47 
8283	152 
8284	280 
8285	290 
8286	181 
8287	73 
8288	147 
8289	309 
8290	41 
8291	233 
8292	208 
8293	53 
8294	235 
8295	260 
8296	274 
8297	194 
8298	27 
8299	244 
8300	206 
8301	37 
8302	88 
8303	81 
8304	47 
8305	309 
8306	192 
8307	176 
8308	299 
8309	258 
8310	253 
8311	252 
8312	15 
8313	53 
8314	46 
8315	90 
8316	339 
8317	233 
8318	94 
8319	181 
8320	342 
8321	132 
8322	81 
8323	194 
8324	92 
8325	206 
8326	235 
8327	290 
8328	73 
8329	281 
8330	244 
8331	167 
8332	122 
8333	339 
8334	136 
8335	231 
8336	173 
8337	165 
8338	221 
8339	270 
8340	132 
8341	1 
8342	218 
8343	285 
8344	56 
8345	227 
8346	176 
8347	90 
8348	152 
8349	47 
8350	96 
8351	11 
8352	179 
8353	141 
8354	149 
8355	33 
8356	41 
8357	187 
8358	207 
8359	311 
8360	259 
8361	87 
8362	297 
8363	227 
8364	267 
8365	283 
8366	253 
8367	329 
8368	8 
8369	260 
8370	259 
8371	322 
8372	173 
8373	184 
8374	25 
8375	258 
8376	260 
8377	159 
8378	297 
8379	208 
8380	253 
8381	15 
8382	225 
8383	334 
8384	299 
8385	173 
8386	71 
8387	84 
8388	265 
8389	203 
8390	97 
8391	87 
8392	84 
8393	71 
8394	92 
8395	149 
8396	309 
8397	53 
8398	7 
8399	94 
8400	206 
8401	254 
8402	179 
8403	184 
8404	24 
8405	11 
8406	180 
8407	302 
8408	84 
8409	56 
8410	122 
8411	281 
8412	342 
8413	192 
8414	27 
8415	307 
8416	203 
8417	132 
8418	285 
8419	88 
8420	198 
8421	260 
8422	173 
8423	3 
8424	227 
8425	24 
8426	24 
8427	7 
8428	258 
8429	263 
8430	1 
8431	260 
8432	274 
8433	258 
8434	25 
8435	159 
8436	339 
8437	290 
8438	322 
8439	258 
8440	283 
8441	342 
8442	67 
8443	7 
8444	218 
8445	267 
8446	257 
8447	286 
8448	252 
8449	24 
8450	15 
8451	283 
8452	27 
8453	318 
8454	117 
8455	299 
8456	144 
8457	81 
8458	84 
8459	84 
8460	258 
8461	342 
8462	47 
8463	3 
8464	46 
8465	235 
8466	136 
8467	9 
8468	73 
8469	257 
8470	258 
8471	43 
8472	53 
8473	84 
8474	233 
8475	208 
8476	307 
8477	3 
8478	11 
8479	206 
8480	290 
8481	194 
8482	282 
8483	194 
8484	176 
8485	167 
8486	142 
8487	7 
8488	126 
8489	97 
8490	225 
8491	7 
8492	178 
8493	147 
8494	225 
8495	3 
8496	329 
8497	84 
8498	253 
8499	218 
8500	322 
8501	15 
8502	307 
8503	43 
8504	339 
8505	290 
8506	326 
8507	307 
8508	342 
8509	1 
8510	263 
8511	1 
8512	126 
8513	27 
8514	147 
8515	242 
8516	28 
8517	159 
8518	28 
8519	53 
8520	3 
8521	94 
8522	290 
8523	43 
8524	23 
8525	263 
8526	225 
8527	55 
8528	81 
8529	192 
8530	257 
8531	339 
8532	198 
8533	339 
8534	235 
8535	47 
8536	92 
8537	311 
8538	25 
8539	260 
8540	24 
8541	194 
8542	292 
8543	174 
8544	94 
8545	152 
8546	168 
8547	254 
8548	122 
8549	144 
8550	151 
8551	9 
8552	56 
8553	233 
8554	221 
8555	73 
8556	142 
8557	96 
8558	259 
8559	302 
8560	94 
8561	122 
8562	194 
8563	152 
8564	207 
8565	297 
8566	81 
8567	84 
8568	40 
8569	170 
8570	235 
8571	225 
8572	253 
8573	53 
8574	90 
8575	154 
8576	84 
8577	168 
8578	73 
8579	154 
8580	178 
8581	258 
8582	184 
8583	198 
8584	154 
8585	11 
8586	81 
8587	47 
8588	24 
8589	41 
8590	290 
8591	281 
8592	170 
8593	235 
8594	227 
8595	81 
8596	60 
8597	11 
8598	73 
8599	244 
8600	233 
8601	73 
8602	283 
8603	126 
8604	331 
8605	172 
8606	81 
8607	92 
8608	142 
8609	242 
8610	1 
8611	117 
8612	3 
8613	93 
8614	309 
8615	283 
8616	126 
8617	27 
8618	233 
8619	136 
8620	318 
8621	67 
8622	84 
8623	286 
8624	168 
8625	260 
8626	253 
8627	290 
8628	253 
8629	254 
8630	88 
8631	311 
8632	302 
8633	168 
8634	281 
8635	221 
8636	47 
8637	168 
8638	285 
8639	168 
8640	179 
8641	260 
8642	56 
8643	180 
8644	144 
8645	93 
8646	265 
8647	244 
8648	122 
8649	88 
8650	96 
8651	84 
8652	302 
8653	184 
8654	3 
8655	154 
8656	181 
8657	184 
8658	311 
8659	170 
8660	154 
8661	25 
8662	309 
8663	267 
8664	9 
8665	203 
8666	218 
8667	46 
8668	242 
8669	292 
8670	218 
8671	244 
8672	87 
8673	206 
8674	167 
8675	152 
8676	37 
8677	244 
8678	265 
8679	67 
8680	142 
8681	257 
8682	286 
8683	235 
8684	292 
8685	274 
8686	147 
8687	9 
8688	55 
8689	55 
8690	339 
8691	141 
8692	24 
8693	93 
8694	326 
8695	267 
8696	299 
8697	203 
8698	144 
8699	208 
8700	60 
8701	235 
8702	192 
8703	180 
8704	132 
8705	309 
8706	339 
8707	331 
8708	187 
8709	167 
8710	281 
8711	309 
8712	290 
8713	178 
8714	73 
8715	15 
8716	233 
8717	282 
8718	267 
8719	203 
8720	203 
8721	258 
8722	233 
8723	203 
8724	329 
8725	259 
8726	172 
8727	55 
8728	207 
8729	326 
8730	281 
8731	170 
8732	178 
8733	233 
8734	117 
8735	331 
8736	244 
8737	154 
8738	136 
8739	8 
8740	53 
8741	244 
8742	25 
8743	147 
8744	149 
8745	208 
8746	281 
8747	194 
8748	254 
8749	253 
8750	326 
8751	96 
8752	142 
8753	84 
8754	326 
8755	84 
8756	274 
8757	282 
8758	144 
8759	136 
8760	67 
8761	144 
8762	218 
8763	165 
8764	122 
8765	147 
8766	11 
8767	96 
8768	141 
8769	253 
8770	147 
8771	311 
8772	339 
8773	187 
8774	56 
8775	136 
8776	28 
8777	96 
8778	25 
8779	283 
8780	326 
8781	334 
8782	292 
8783	342 
8784	170 
8785	141 
8786	97 
8787	28 
8788	259 
8789	172 
8790	47 
8791	203 
8792	47 
8793	282 
8794	41 
8795	67 
8796	233 
8797	92 
8798	203 
8799	84 
8800	172 
8801	60 
8802	88 
8803	283 
8804	254 
8805	290 
8806	37 
8807	244 
8808	187 
8809	280 
8810	311 
8811	60 
8812	174 
8813	97 
8814	159 
8815	172 
8816	307 
8817	206 
8818	192 
8819	283 
8820	73 
8821	37 
8822	1 
8823	24 
8824	11 
8825	192 
8826	318 
8827	326 
8828	23 
8829	97 
8830	285 
8831	334 
8832	173 
8833	151 
8834	28 
8835	25 
8836	307 
8837	122 
8838	227 
8839	235 
8840	187 
8841	170 
8842	280 
8843	253 
8844	282 
8845	41 
8846	172 
8847	141 
8848	192 
8849	180 
8850	1 
8851	297 
8852	203 
8853	203 
8854	297 
8855	23 
8856	309 
8857	253 
8858	206 
8859	339 
8860	97 
8861	181 
8862	8 
8863	244 
8864	7 
8865	283 
8866	149 
8867	167 
8868	81 
8869	94 
8870	167 
8871	290 
8872	292 
8873	235 
8874	297 
8875	159 
8876	329 
8877	141 
8878	257 
8879	53 
8880	309 
8881	144 
8882	37 
8883	260 
8884	334 
8885	84 
8886	299 
8887	267 
8888	1 
8889	218 
8890	96 
8891	147 
8892	55 
8893	27 
8894	342 
8895	260 
8896	56 
8897	168 
8898	292 
8899	218 
8900	53 
8901	9 
8902	290 
8903	92 
8904	192 
8905	179 
8906	218 
8907	60 
8908	206 
8909	28 
8910	37 
8911	56 
8912	329 
8913	283 
8914	194 
8915	187 
8916	334 
8917	60 
8918	187 
8919	132 
8920	257 
8921	96 
8922	290 
8923	178 
8924	292 
8925	132 
8926	173 
8927	329 
8928	286 
8929	311 
8930	93 
8931	25 
8932	286 
8933	165 
8934	221 
8935	178 
8936	253 
8937	23 
8938	9 
8939	178 
8940	172 
8941	27 
8942	208 
8943	167 
8944	180 
8945	55 
8946	180 
8947	331 
8948	179 
8949	23 
8950	178 
8951	37 
8952	7 
8953	47 
8954	208 
8955	7 
8956	81 
8957	307 
8958	233 
8959	286 
8960	1 
8961	292 
8962	267 
8963	258 
8964	168 
8965	60 
8966	342 
8967	46 
8968	282 
8969	9 
8970	7 
8971	235 
8972	92 
8973	265 
8974	192 
8975	267 
8976	194 
8977	170 
8978	242 
8979	299 
8980	1 
8981	11 
8982	90 
8983	94 
8984	97 
8985	96 
8986	37 
8987	274 
8988	329 
8989	97 
8990	92 
8991	87 
8992	96 
8993	151 
8994	233 
8995	24 
8996	203 
8997	311 
8998	46 
8999	206 
9000	194 
9001	97 
9002	96 
9003	329 
9004	292 
9005	132 
9006	283 
9007	97 
9008	147 
9009	342 
9010	233 
9011	53 
9012	132 
9013	265 
9014	311 
9015	37 
9016	206 
9017	265 
9018	180 
9019	274 
9020	147 
9021	194 
9022	136 
9023	282 
9024	60 
9025	37 
9026	7 
9027	292 
9028	53 
9029	233 
9030	53 
9031	181 
9032	180 
9033	141 
9034	286 
9035	221 
9036	311 
9037	8 
9038	274 
9039	260 
9040	132 
9041	28 
9042	244 
9043	41 
9044	227 
9045	194 
9046	149 
9047	299 
9048	147 
9049	172 
9050	168 
9051	192 
9052	187 
9053	265 
9054	206 
9055	9 
9056	132 
9057	53 
9058	331 
9059	257 
9060	187 
9061	253 
9062	307 
9063	7 
9064	25 
9065	198 
9066	168 
9067	41 
9068	56 
9069	227 
9070	37 
9071	92 
9072	179 
9073	168 
9074	97 
9075	299 
9076	11 
9077	170 
9078	221 
9079	227 
9080	292 
9081	331 
9082	151 
9083	96 
9084	242 
9085	292 
9086	254 
9087	41 
9088	60 
9089	235 
9090	292 
9091	178 
9092	283 
9093	151 
9094	274 
9095	151 
9096	87 
9097	307 
9098	283 
9099	178 
9100	11 
9101	206 
9102	253 
9103	194 
9104	187 
9105	53 
9106	286 
9107	274 
9108	254 
9109	168 
9110	122 
9111	93 
9112	23 
9113	254 
9114	97 
9115	92 
9116	96 
9117	194 
9118	258 
9119	167 
9120	23 
9121	339 
9122	23 
9123	173 
9124	342 
9125	258 
9126	141 
9127	37 
9128	257 
9129	235 
9130	87 
9131	206 
9132	73 
9133	187 
9134	242 
9135	311 
9136	292 
9137	56 
9138	7 
9139	307 
9140	286 
9141	7 
9142	309 
9143	274 
9144	227 
9145	218 
9146	159 
9147	147 
9148	233 
9149	339 
9150	282 
9151	151 
9152	151 
9153	257 
9154	174 
9155	28 
9156	307 
9157	159 
9158	144 
9159	3 
9160	151 
9161	257 
9162	309 
9163	27 
9164	280 
9165	227 
9166	218 
9167	311 
9168	297 
9169	28 
9170	142 
9171	27 
9172	326 
9173	326 
9174	267 
9175	173 
9176	326 
9177	27 
9178	174 
9179	37 
9180	147 
9181	28 
9182	142 
9183	286 
9184	187 
9185	60 
9186	136 
9187	151 
9188	147 
9189	144 
9190	244 
9191	235 
9192	198 
9193	311 
9194	141 
9195	309 
9196	144 
9197	7 
9198	28 
9199	7 
9200	1 
9201	192 
9202	142 
9203	274 
9204	170 
9205	265 
9206	9 
9207	179 
9208	9 
9209	11 
9210	286 
9211	181 
9212	257 
9213	122 
9214	244 
9215	27 
9216	203 
9217	198 
9218	56 
9219	93 
9220	96 
9221	132 
9222	174 
9223	9 
9224	307 
9225	94 
9226	260 
9227	23 
9228	221 
9229	1 
9230	178 
9231	326 
9232	53 
9233	27 
9234	167 
9235	93 
9236	242 
9237	60 
9238	172 
9239	178 
9240	9 
9241	206 
9242	3 
9243	180 
9244	331 
9245	283 
9246	192 
9247	299 
9248	221 
9249	132 
9250	94 
9251	265 
9252	1 
9253	206 
9254	167 
9255	311 
9256	286 
9257	144 
9258	339 
9259	27 
9260	8 
9261	290 
9262	97 
9263	311 
9264	53 
9265	94 
9266	168 
9267	92 
9268	235 
9269	180 
9270	198 
9271	331 
9272	218 
9273	254 
9274	342 
9275	253 
9276	329 
9277	311 
9278	60 
9279	8 
9280	94 
9281	258 
9282	309 
9283	11 
9284	267 
9285	179 
9286	299 
9287	159 
9288	242 
9289	122 
9290	151 
9291	97 
9292	283 
9293	23 
9294	23 
9295	132 
9296	132 
9297	198 
9298	28 
9299	242 
9300	198 
9301	227 
9302	97 
9303	192 
9304	329 
9305	311 
9306	87 
9307	9 
9308	244 
9309	198 
9310	172 
9311	339 
9312	342 
9313	167 
9314	93 
9315	87 
9316	90 
9317	147 
9318	253 
9319	311 
9320	87 
9321	174 
9322	90 
9323	257 
9324	174 
9325	274 
9326	254 
9327	144 
9328	11 
9329	206 
9330	260 
9331	28 
9332	25 
9333	235 
9334	94 
9335	206 
9336	181 
9337	60 
9338	27 
9339	11 
9340	174 
9341	235 
9342	142 
9343	93 
9344	28 
9345	92 
9346	227 
9347	173 
9348	192 
9349	92 
9350	299 
9351	151 
9352	181 
9353	159 
9354	3 
9355	280 
9356	56 
9357	141 
9358	290 
9359	3 
9360	132 
9361	198 
9362	173 
9363	292 
9364	168 
9365	170 
9366	11 
9367	326 
9368	93 
9369	309 
9370	265 
9371	331 
9372	326 
9373	53 
9374	198 
9375	206 
9376	331 
9377	94 
9378	144 
9379	159 
9380	23 
9381	181 
9382	307 
9383	290 
9384	309 
9385	235 
9386	28 
9387	265 
9388	227 
9389	25 
9390	267 
9391	194 
9392	11 
9393	92 
9394	132 
9395	7 
9396	192 
9397	173 
9398	299 
9399	56 
9400	179 
9401	286 
9402	167 
9403	307 
9404	60 
9405	28 
9406	173 
9407	25 
9408	90 
9409	307 
9410	170 
9411	3 
9412	257 
9413	9 
9414	309 
9415	170 
9416	97 
9417	168 
9418	93 
9419	93 
9420	326 
9421	147 
9422	147 
9423	141 
9424	331 
9425	221 
9426	290 
9427	23 
9428	290 
9429	267 
9430	11 
9431	265 
9432	27 
9433	144 
9434	144 
9435	244 
9436	28 
9437	8 
9438	192 
9439	60 
9440	172 
9441	198 
9442	46 
9443	267 
9444	94 
9445	94 
9446	97 
9447	180 
9448	172 
9449	56 
9450	267 
9451	181 
9452	151 
9453	290 
9454	258 
9455	11 
9456	53 
9457	9 
9458	132 
9459	173 
9460	253 
9461	221 
9462	194 
9463	93 
9464	28 
9465	242 
9466	267 
9467	299 
9468	159 
9469	94 
9470	329 
9471	3 
9472	167 
9473	27 
9474	27 
9475	329 
9476	311 
9477	286 
9478	198 
9479	151 
9480	227 
9481	280 
9482	25 
9483	326 
9484	172 
9485	141 
9486	96 
9487	292 
9488	168 
9489	132 
9490	25 
9491	92 
9492	173 
9493	181 
9494	242 
9495	11 
9496	7 
9497	73 
9498	257 
9499	311 
9500	242 
9501	258 
9502	25 
9503	73 
9504	8 
9505	292 
9506	90 
9507	290 
9508	60 
9509	311 
9510	267 
9511	1 
9512	53 
9513	342 
9514	280 
9515	180 
9516	307 
9517	73 
9518	168 
9519	142 
9520	27 
9521	194 
9522	265 
9523	23 
9524	192 
9525	3 
9526	7 
9527	258 
9528	331 
9529	299 
9530	267 
9531	242 
9532	87 
9533	1 
9534	94 
9535	159 
9536	94 
9537	53 
9538	53 
9539	329 
9540	181 
9541	280 
9542	181 
9543	159 
9544	258 
9545	280 
9546	174 
9547	73 
9548	92 
9549	280 
9550	46 
9551	174 
9552	299 
9553	307 
9554	280 
9555	257 
9556	244 
9557	168 
9558	198 
9559	242 
9560	53 
9561	244 
9562	27 
9563	257 
9564	257 
9565	3 
9566	142 
9567	11 
9568	11 
9569	132 
9570	265 
9571	46 
9572	94 
9573	1 
9574	311 
9575	93 
9576	90 
9577	265 
9578	73 
9579	174 
9580	159 
9581	280 
9582	187 
9583	93 
9584	290 
9585	280 
9586	168 
9587	198 
9588	307 
9589	167 
9590	93 
9591	151 
9592	242 
9593	299 
9594	331 
9595	187 
9596	56 
9597	198 
9598	227 
9599	181 
9600	280 
9601	7 
9602	25 
9603	151 
9604	311 
9605	7 
9606	329 
9607	174 
9608	8 
9609	221 
9610	167 
9611	221 
9612	292 
9613	144 
9614	280 
9615	172 
9616	23 
9617	1 
9618	73 
9619	174 
9620	53 
9621	27 
9622	173 
9623	280 
9624	173 
9625	206 
9626	221 
9627	187 
9628	221 
9629	159 
9630	260 
9631	267 
9632	151 
9633	25 
9634	97 
9635	253 
9636	329 
9637	151 
9638	132 
9639	286 
9640	93 
9641	27 
9642	144 
9643	257 
9644	27 
9645	227 
9646	280 
9647	329 
9648	253 
9649	56 
9650	56 
9651	227 
9652	309 
9653	267 
9654	260 
9655	23 
9656	206 
9657	326 
9658	242 
9659	94 
9660	258 
9661	221 
9662	280 
9663	172 
9664	94 
9665	3 
9666	144 
9667	180 
9668	260 
9669	23 
9670	187 
9671	132 
9672	260 
9673	292 
9674	93 
9675	1 
9676	206 
9677	132 
9678	159 
9679	174 
9680	260 
9681	174 
9682	28 
9683	11 
9684	187 
9685	27 
9686	132 
9687	227 
9688	87 
9689	174 
9690	53 
9691	3 
9692	187 
9693	260 
9694	87 
9695	97 
9696	172 
9697	87 
9698	132 
9699	27 
9700	221 
9701	180 
9702	242 
9703	299 
9704	93 
9705	97 
9706	242 
9707	172 
9708	194 
9709	28 
9710	187 
9711	87 
9712	159 
9713	260 
9714	97 
9715	242 
9716	11 
9717	173 
9718	172 
9719	227 
9720	326 
9721	46 
9722	221 
9723	174 
9724	7 
9725	244 
9726	180 
9727	8 
9728	167 
9729	53 
9730	132 
9731	151 
9732	25 
9733	167 
9734	7 
9735	258 
9736	198 
9737	267 
9738	299 
9739	97 
9740	151 
9741	97 
9742	8 
9743	253 
9744	221 
9745	227 
9746	23 
9747	254 
9748	194 
9749	299 
9750	307 
9751	93 
9752	87 
9753	307 
9754	286 
9755	258 
9756	167 
9757	151 
9758	309 
9759	307 
9760	187 
9761	180 
9762	3 
9763	172 
9764	167 
9765	260 
9766	11 
9767	242 
9768	326 
9769	151 
9770	97 
9771	142 
9772	3 
9773	3 
9774	23 
9775	167 
9776	309 
9777	23 
9778	326 
9779	206 
9780	172 
9781	267 
9782	27 
9783	299 
9784	28 
9785	260 
9786	299 
9787	227 
9788	221 
9789	73 
9790	307 
9791	194 
9792	244 
9793	28 
9794	286 
9795	87 
9796	173 
9797	326 
9798	8 
9799	258 
9800	3 
9801	159 
9802	8 
9803	1 
9804	194 
9805	53 
9806	27 
9807	227 
9808	221 
9809	142 
9810	258 
9811	3 
9812	28 
9813	159 
9814	227 
9815	144 
9816	221 
9817	286 
9818	242 
9819	187 
9820	221 
9821	244 
9822	46 
9823	23 
9824	227 
9825	1 
9826	242 
9827	242 
9828	221 
9829	142 
9830	27 
9831	27 
9832	254 
9833	73 
9834	326 
9835	326 
9836	242 
9837	258 
9838	151 
9839	258 
9840	1 
9841	172 
9842	254 
9843	27 
9844	28 
9845	46 
9846	1 
9847	151 
9848	258 
9849	53 
9850	97 
9851	187 
9852	53 
9853	28 
9854	1 
9855	23 
9856	73 
9857	3 
9858	151 
9859	173 
9860	159 
9861	93 
9862	206 
9863	244 
9864	97 
9865	142 
9866	53 
9867	172 
9868	132 
9869	254 
9870	254 
9871	299 
9872	159 
9873	187 
9874	93 
9875	194 
9876	173 
9877	97 
9878	173 
9879	27 
9880	159 
9881	174 
9882	286 
9883	206 
9884	159 
9885	187 
9886	254 
9887	253 
9888	221 
9889	299 
9890	144 
9891	254 
9892	307 
9893	258 
9894	167 
9895	73 
9896	93 
9897	286 
9898	46 
9899	46 
9900	144 
9901	167 
9902	221 
9903	144 
9904	221 
9905	307 
9906	307 
9907	206 
9908	8 
9909	159 
9910	206 
9911	53 
9912	28 
9913	286 
9914	198 
9915	286 
9916	53 
9917	242 
9918	144 
9919	93 
9920	227 
9921	93 
9922	46 
9923	242 
9924	221 
9925	198 
9926	142 
9927	46 
9928	28 
9929	132 
9930	27 
9931	242 
9932	159 
9933	97 
9934	254 
9935	253 
9936	3 
9937	28 
9938	253 
9939	93 
9940	142 
9941	244 
9942	244 
9943	46 
9944	97 
9945	254 
9946	28 
9947	3 
9948	206 
9949	253 
9950	167 
9951	258 
9952	3 
9953	198 
9954	142 
9955	93 
9956	46 
9957	172 
9958	53 
9959	286 
9960	142 
9961	307 
9962	132 
9963	97 
9964	28 
9965	53 
9966	253 
9967	254 
9968	1 
9969	198 
9970	93 
9971	3 
9972	172 
9973	258 
9974	198 
9975	174 
9976	28 
9977	132 
9978	258 
9979	46 
9980	46 
9981	253 
9982	142 
9983	242 
9984	307 
9985	159 
9986	46 
9987	1 
9988	167 
9989	142 
9990	221 
9991	28 
9992	159 
9993	46 
9994	97 
9995	53 
9996	97 
9997	151 
9998	173 
9999	206 
10000	1 
