1	36 
2	354 
3	280 
4	98 
5	196 
6	21 
7	103 
8	129 
9	134 
10	310 
11	131 
12	381 
13	228 
14	249 
15	63 
16	419 
17	110 
18	348 
19	234 
20	165 
21	325 
22	73 
23	218 
24	35 
25	106 
26	382 
27	384 
28	228 
29	377 
30	404 
31	360 
32	188 
33	248 
34	341 
35	106 
36	55 
37	275 
38	200 
39	66 
40	55 
41	281 
42	164 
43	85 
44	116 
45	94 
46	24 
47	291 
48	4 
49	135 
50	365 
51	381 
52	346 
53	317 
54	84 
55	217 
56	167 
57	197 
58	177 
59	368 
60	178 
61	178 
62	172 
63	376 
64	410 
65	329 
66	133 
67	408 
68	178 
69	163 
70	7 
71	406 
72	63 
73	409 
74	307 
75	295 
76	342 
77	409 
78	264 
79	104 
80	26 
81	12 
82	108 
83	381 
84	164 
85	317 
86	356 
87	425 
88	278 
89	116 
90	296 
91	270 
92	331 
93	404 
94	65 
95	177 
96	423 
97	58 
98	334 
99	136 
100	402 
101	75 
102	148 
103	411 
104	312 
105	409 
106	40 
107	412 
108	376 
109	177 
110	381 
111	286 
112	327 
113	136 
114	403 
115	63 
116	135 
117	338 
118	310 
119	20 
120	27 
121	192 
122	218 
123	86 
124	209 
125	316 
126	80 
127	131 
128	402 
129	218 
130	90 
131	375 
132	126 
133	394 
134	137 
135	148 
136	95 
137	257 
138	153 
139	380 
140	51 
141	157 
142	149 
143	371 
144	231 
145	112 
146	172 
147	63 
148	414 
149	334 
150	161 
151	265 
152	195 
153	236 
154	395 
155	150 
156	75 
157	144 
158	387 
159	257 
160	76 
161	259 
162	52 
163	380 
164	393 
165	63 
166	314 
167	380 
168	158 
169	195 
170	348 
171	337 
172	55 
173	126 
174	265 
175	135 
176	10 
177	418 
178	373 
179	332 
180	178 
181	270 
182	59 
183	188 
184	78 
185	210 
186	205 
187	355 
188	118 
189	273 
190	182 
191	205 
192	403 
193	354 
194	82 
195	225 
196	350 
197	323 
198	28 
199	187 
200	296 
201	164 
202	346 
203	76 
204	189 
205	4 
206	129 
207	303 
208	27 
209	264 
210	124 
211	135 
212	244 
213	410 
214	131 
215	261 
216	338 
217	146 
218	418 
219	237 
220	393 
221	178 
222	58 
223	26 
224	359 
225	370 
226	328 
227	154 
228	141 
229	279 
230	72 
231	331 
232	96 
233	125 
234	110 
235	127 
236	149 
237	103 
238	217 
239	410 
240	3 
241	126 
242	46 
243	250 
244	71 
245	276 
246	115 
247	43 
248	284 
249	123 
250	280 
251	212 
252	19 
253	399 
254	341 
255	338 
256	274 
257	153 
258	365 
259	114 
260	188 
261	422 
262	176 
263	43 
264	135 
265	116 
266	75 
267	14 
268	80 
269	50 
270	122 
271	185 
272	268 
273	172 
274	341 
275	92 
276	66 
277	384 
278	217 
279	6 
280	338 
281	24 
282	332 
283	136 
284	292 
285	88 
286	126 
287	190 
288	60 
289	64 
290	150 
291	375 
292	263 
293	74 
294	143 
295	28 
296	81 
297	213 
298	130 
299	373 
300	214 
301	331 
302	6 
303	19 
304	268 
305	118 
306	207 
307	404 
308	316 
309	85 
310	246 
311	400 
312	182 
313	145 
314	212 
315	250 
316	52 
317	90 
318	136 
319	273 
320	109 
321	174 
322	26 
323	136 
324	276 
325	298 
326	419 
327	38 
328	53 
329	11 
330	284 
331	285 
332	280 
333	42 
334	122 
335	183 
336	257 
337	389 
338	236 
339	48 
340	85 
341	191 
342	304 
343	348 
344	69 
345	314 
346	212 
347	119 
348	57 
349	151 
350	210 
351	412 
352	178 
353	311 
354	283 
355	32 
356	399 
357	63 
358	131 
359	40 
360	222 
361	186 
362	168 
363	111 
364	151 
365	85 
366	4 
367	136 
368	77 
369	341 
370	118 
371	6 
372	67 
373	405 
374	202 
375	316 
376	215 
377	263 
378	347 
379	360 
380	195 
381	96 
382	402 
383	263 
384	42 
385	169 
386	393 
387	380 
388	209 
389	196 
390	11 
391	389 
392	198 
393	338 
394	388 
395	45 
396	63 
397	123 
398	409 
399	271 
400	284 
401	204 
402	255 
403	136 
404	307 
405	284 
406	46 
407	276 
408	62 
409	295 
410	416 
411	382 
412	375 
413	259 
414	22 
415	53 
416	423 
417	358 
418	369 
419	130 
420	287 
421	14 
422	257 
423	119 
424	333 
425	375 
426	115 
427	282 
428	394 
429	210 
430	410 
431	78 
432	64 
433	122 
434	299 
435	241 
436	314 
437	273 
438	90 
439	123 
440	92 
441	381 
442	322 
443	210 
444	155 
445	66 
446	85 
447	41 
448	258 
449	292 
450	24 
451	270 
452	86 
453	338 
454	82 
455	33 
456	105 
457	205 
458	304 
459	115 
460	28 
461	343 
462	247 
463	37 
464	197 
465	389 
466	5 
467	177 
468	290 
469	263 
470	75 
471	262 
472	178 
473	377 
474	381 
475	406 
476	166 
477	282 
478	66 
479	33 
480	58 
481	75 
482	172 
483	376 
484	163 
485	378 
486	43 
487	7 
488	276 
489	97 
490	252 
491	4 
492	84 
493	346 
494	334 
495	381 
496	175 
497	316 
498	375 
499	284 
500	327 
501	364 
502	178 
503	150 
504	227 
505	380 
506	86 
507	83 
508	194 
509	110 
510	402 
511	411 
512	235 
513	105 
514	172 
515	383 
516	342 
517	78 
518	11 
519	307 
520	79 
521	307 
522	139 
523	261 
524	78 
525	295 
526	177 
527	251 
528	347 
529	212 
530	387 
531	264 
532	362 
533	51 
534	301 
535	339 
536	326 
537	82 
538	406 
539	360 
540	122 
541	263 
542	110 
543	264 
544	211 
545	188 
546	134 
547	123 
548	375 
549	112 
550	424 
551	45 
552	75 
553	350 
554	295 
555	419 
556	300 
557	199 
558	116 
559	410 
560	55 
561	75 
562	402 
563	217 
564	172 
565	145 
566	371 
567	219 
568	333 
569	163 
570	3 
571	336 
572	161 
573	205 
574	137 
575	138 
576	136 
577	80 
578	190 
579	150 
580	92 
581	297 
582	214 
583	211 
584	335 
585	282 
586	263 
587	209 
588	340 
589	205 
590	28 
591	111 
592	316 
593	415 
594	364 
595	402 
596	140 
597	329 
598	122 
599	195 
600	375 
601	101 
602	278 
603	122 
604	40 
605	285 
606	418 
607	82 
608	90 
609	219 
610	218 
611	17 
612	116 
613	63 
614	236 
615	117 
616	132 
617	172 
618	142 
619	402 
620	383 
621	93 
622	196 
623	243 
624	35 
625	396 
626	7 
627	115 
628	261 
629	226 
630	396 
631	237 
632	215 
633	195 
634	195 
635	284 
636	118 
637	114 
638	257 
639	321 
640	104 
641	80 
642	205 
643	365 
644	288 
645	42 
646	324 
647	253 
648	218 
649	327 
650	375 
651	123 
652	236 
653	281 
654	136 
655	385 
656	264 
657	264 
658	128 
659	343 
660	9 
661	177 
662	408 
663	249 
664	333 
665	4 
666	390 
667	85 
668	310 
669	34 
670	420 
671	274 
672	114 
673	296 
674	107 
675	284 
676	195 
677	334 
678	273 
679	64 
680	66 
681	416 
682	312 
683	407 
684	71 
685	289 
686	205 
687	347 
688	220 
689	77 
690	283 
691	402 
692	40 
693	86 
694	55 
695	295 
696	61 
697	172 
698	356 
699	164 
700	50 
701	124 
702	380 
703	145 
704	246 
705	387 
706	236 
707	202 
708	347 
709	120 
710	392 
711	175 
712	21 
713	401 
714	182 
715	417 
716	316 
717	7 
718	347 
719	417 
720	74 
721	29 
722	84 
723	38 
724	268 
725	178 
726	210 
727	411 
728	255 
729	5 
730	170 
731	280 
732	210 
733	16 
734	217 
735	63 
736	309 
737	186 
738	382 
739	397 
740	181 
741	143 
742	172 
743	249 
744	94 
745	187 
746	318 
747	398 
748	326 
749	231 
750	226 
751	261 
752	83 
753	157 
754	119 
755	25 
756	370 
757	331 
758	258 
759	403 
760	86 
761	256 
762	106 
763	313 
764	302 
765	263 
766	374 
767	166 
768	212 
769	285 
770	11 
771	332 
772	308 
773	423 
774	339 
775	138 
776	280 
777	86 
778	217 
779	386 
780	116 
781	383 
782	418 
783	393 
784	73 
785	111 
786	82 
787	328 
788	6 
789	384 
790	348 
791	117 
792	318 
793	411 
794	314 
795	366 
796	5 
797	374 
798	360 
799	26 
800	307 
801	86 
802	217 
803	373 
804	188 
805	71 
806	394 
807	98 
808	218 
809	3 
810	130 
811	373 
812	421 
813	390 
814	139 
815	163 
816	215 
817	7 
818	122 
819	265 
820	151 
821	50 
822	80 
823	106 
824	116 
825	214 
826	6 
827	320 
828	48 
829	172 
830	183 
831	57 
832	116 
833	211 
834	178 
835	113 
836	59 
837	402 
838	136 
839	48 
840	282 
841	177 
842	382 
843	218 
844	185 
845	191 
846	161 
847	123 
848	170 
849	418 
850	195 
851	211 
852	62 
853	182 
854	302 
855	11 
856	345 
857	29 
858	37 
859	160 
860	81 
861	387 
862	295 
863	414 
864	183 
865	328 
866	101 
867	320 
868	249 
869	389 
870	109 
871	394 
872	273 
873	315 
874	343 
875	370 
876	121 
877	47 
878	3 
879	55 
880	263 
881	72 
882	130 
883	119 
884	116 
885	338 
886	85 
887	126 
888	304 
889	126 
890	85 
891	194 
892	1 
893	4 
894	256 
895	419 
896	294 
897	116 
898	329 
899	217 
900	122 
901	287 
902	285 
903	34 
904	333 
905	261 
906	75 
907	186 
908	210 
909	191 
910	382 
911	210 
912	307 
913	232 
914	289 
915	85 
916	80 
917	80 
918	60 
919	55 
920	217 
921	359 
922	204 
923	163 
924	85 
925	176 
926	201 
927	232 
928	257 
929	101 
930	21 
931	237 
932	316 
933	126 
934	199 
935	234 
936	308 
937	103 
938	86 
939	83 
940	46 
941	222 
942	387 
943	304 
944	45 
945	381 
946	55 
947	299 
948	300 
949	115 
950	111 
951	190 
952	409 
953	149 
954	425 
955	20 
956	2 
957	73 
958	180 
959	270 
960	349 
961	101 
962	175 
963	346 
964	205 
965	330 
966	310 
967	88 
968	94 
969	271 
970	363 
971	410 
972	261 
973	164 
974	3 
975	45 
976	363 
977	421 
978	263 
979	109 
980	155 
981	160 
982	336 
983	226 
984	210 
985	225 
986	55 
987	317 
988	14 
989	326 
990	92 
991	423 
992	142 
993	225 
994	123 
995	387 
996	338 
997	204 
998	372 
999	110 
1000	191 
1001	92 
1002	316 
1003	75 
1004	310 
1005	360 
1006	277 
1007	271 
1008	228 
1009	66 
1010	215 
1011	397 
1012	316 
1013	80 
1014	188 
1015	375 
1016	386 
1017	380 
1018	310 
1019	249 
1020	406 
1021	81 
1022	80 
1023	405 
1024	380 
1025	124 
1026	75 
1027	307 
1028	95 
1029	217 
1030	56 
1031	328 
1032	5 
1033	11 
1034	179 
1035	95 
1036	89 
1037	37 
1038	375 
1039	144 
1040	250 
1041	205 
1042	417 
1043	79 
1044	126 
1045	311 
1046	70 
1047	398 
1048	264 
1049	366 
1050	101 
1051	409 
1052	211 
1053	259 
1054	63 
1055	365 
1056	150 
1057	25 
1058	219 
1059	328 
1060	263 
1061	80 
1062	106 
1063	148 
1064	104 
1065	50 
1066	283 
1067	385 
1068	135 
1069	390 
1070	122 
1071	310 
1072	264 
1073	151 
1074	33 
1075	171 
1076	284 
1077	17 
1078	159 
1079	76 
1080	355 
1081	163 
1082	33 
1083	31 
1084	210 
1085	30 
1086	113 
1087	250 
1088	372 
1089	186 
1090	343 
1091	66 
1092	121 
1093	411 
1094	304 
1095	224 
1096	357 
1097	86 
1098	315 
1099	110 
1100	218 
1101	55 
1102	145 
1103	258 
1104	276 
1105	404 
1106	126 
1107	144 
1108	189 
1109	54 
1110	336 
1111	307 
1112	383 
1113	274 
1114	23 
1115	47 
1116	257 
1117	401 
1118	152 
1119	206 
1120	284 
1121	40 
1122	361 
1123	253 
1124	256 
1125	2 
1126	101 
1127	334 
1128	377 
1129	191 
1130	255 
1131	411 
1132	332 
1133	242 
1134	126 
1135	355 
1136	121 
1137	193 
1138	338 
1139	381 
1140	239 
1141	257 
1142	89 
1143	260 
1144	51 
1145	97 
1146	151 
1147	12 
1148	297 
1149	365 
1150	266 
1151	412 
1152	64 
1153	388 
1154	322 
1155	164 
1156	265 
1157	171 
1158	314 
1159	189 
1160	209 
1161	156 
1162	371 
1163	297 
1164	138 
1165	156 
1166	417 
1167	69 
1168	131 
1169	276 
1170	384 
1171	105 
1172	23 
1173	118 
1174	129 
1175	93 
1176	294 
1177	386 
1178	50 
1179	170 
1180	50 
1181	287 
1182	94 
1183	117 
1184	44 
1185	170 
1186	180 
1187	102 
1188	333 
1189	146 
1190	306 
1191	10 
1192	21 
1193	391 
1194	150 
1195	412 
1196	280 
1197	24 
1198	418 
1199	222 
1200	358 
1201	404 
1202	6 
1203	326 
1204	152 
1205	131 
1206	225 
1207	423 
1208	175 
1209	350 
1210	298 
1211	388 
1212	206 
1213	331 
1214	227 
1215	299 
1216	262 
1217	292 
1218	127 
1219	275 
1220	273 
1221	329 
1222	404 
1223	104 
1224	301 
1225	6 
1226	114 
1227	98 
1228	267 
1229	177 
1230	67 
1231	319 
1232	320 
1233	90 
1234	349 
1235	141 
1236	129 
1237	242 
1238	134 
1239	416 
1240	187 
1241	281 
1242	309 
1243	165 
1244	237 
1245	143 
1246	235 
1247	130 
1248	279 
1249	212 
1250	159 
1251	255 
1252	215 
1253	188 
1254	278 
1255	243 
1256	199 
1257	43 
1258	153 
1259	382 
1260	74 
1261	272 
1262	273 
1263	386 
1264	329 
1265	138 
1266	244 
1267	82 
1268	76 
1269	201 
1270	408 
1271	372 
1272	208 
1273	403 
1274	273 
1275	240 
1276	169 
1277	373 
1278	253 
1279	4 
1280	326 
1281	49 
1282	165 
1283	423 
1284	349 
1285	203 
1286	125 
1287	67 
1288	29 
1289	193 
1290	163 
1291	363 
1292	331 
1293	131 
1294	415 
1295	44 
1296	122 
1297	225 
1298	311 
1299	161 
1300	192 
1301	248 
1302	382 
1303	161 
1304	106 
1305	261 
1306	251 
1307	121 
1308	292 
1309	274 
1310	6 
1311	16 
1312	307 
1313	302 
1314	77 
1315	251 
1316	291 
1317	345 
1318	81 
1319	205 
1320	19 
1321	235 
1322	223 
1323	321 
1324	300 
1325	194 
1326	21 
1327	206 
1328	26 
1329	64 
1330	220 
1331	292 
1332	409 
1333	420 
1334	151 
1335	144 
1336	179 
1337	27 
1338	368 
1339	114 
1340	40 
1341	277 
1342	59 
1343	214 
1344	297 
1345	403 
1346	123 
1347	176 
1348	255 
1349	322 
1350	105 
1351	389 
1352	378 
1353	142 
1354	347 
1355	69 
1356	225 
1357	395 
1358	143 
1359	232 
1360	330 
1361	54 
1362	355 
1363	345 
1364	310 
1365	103 
1366	112 
1367	118 
1368	226 
1369	252 
1370	223 
1371	243 
1372	332 
1373	292 
1374	265 
1375	196 
1376	335 
1377	94 
1378	21 
1379	48 
1380	156 
1381	406 
1382	411 
1383	70 
1384	313 
1385	18 
1386	246 
1387	133 
1388	30 
1389	2 
1390	367 
1391	215 
1392	226 
1393	363 
1394	99 
1395	305 
1396	315 
1397	396 
1398	188 
1399	384 
1400	246 
1401	24 
1402	404 
1403	96 
1404	286 
1405	154 
1406	204 
1407	348 
1408	159 
1409	365 
1410	410 
1411	255 
1412	191 
1413	257 
1414	363 
1415	295 
1416	187 
1417	68 
1418	327 
1419	11 
1420	192 
1421	132 
1422	62 
1423	53 
1424	338 
1425	39 
1426	163 
1427	189 
1428	153 
1429	339 
1430	106 
1431	153 
1432	218 
1433	57 
1434	351 
1435	92 
1436	229 
1437	73 
1438	343 
1439	319 
1440	268 
1441	130 
1442	158 
1443	138 
1444	290 
1445	382 
1446	294 
1447	99 
1448	218 
1449	149 
1450	177 
1451	372 
1452	45 
1453	125 
1454	118 
1455	413 
1456	274 
1457	123 
1458	412 
1459	312 
1460	183 
1461	363 
1462	309 
1463	98 
1464	121 
1465	13 
1466	84 
1467	228 
1468	45 
1469	58 
1470	46 
1471	33 
1472	4 
1473	393 
1474	363 
1475	393 
1476	39 
1477	200 
1478	41 
1479	228 
1480	86 
1481	267 
1482	198 
1483	289 
1484	81 
1485	72 
1486	149 
1487	199 
1488	138 
1489	7 
1490	216 
1491	403 
1492	219 
1493	417 
1494	415 
1495	220 
1496	382 
1497	364 
1498	216 
1499	209 
1500	273 
1501	69 
1502	121 
1503	410 
1504	30 
1505	102 
1506	26 
1507	228 
1508	337 
1509	287 
1510	317 
1511	293 
1512	131 
1513	17 
1514	125 
1515	170 
1516	68 
1517	102 
1518	269 
1519	359 
1520	10 
1521	195 
1522	142 
1523	99 
1524	290 
1525	405 
1526	66 
1527	3 
1528	362 
1529	289 
1530	347 
1531	425 
1532	333 
1533	135 
1534	229 
1535	404 
1536	201 
1537	11 
1538	389 
1539	416 
1540	360 
1541	291 
1542	281 
1543	198 
1544	20 
1545	155 
1546	127 
1547	215 
1548	355 
1549	45 
1550	409 
1551	358 
1552	411 
1553	21 
1554	389 
1555	277 
1556	78 
1557	232 
1558	416 
1559	324 
1560	88 
1561	239 
1562	404 
1563	311 
1564	2 
1565	81 
1566	132 
1567	171 
1568	315 
1569	53 
1570	168 
1571	204 
1572	160 
1573	180 
1574	262 
1575	154 
1576	64 
1577	70 
1578	130 
1579	310 
1580	382 
1581	186 
1582	238 
1583	257 
1584	66 
1585	419 
1586	289 
1587	76 
1588	281 
1589	410 
1590	357 
1591	78 
1592	271 
1593	191 
1594	394 
1595	413 
1596	422 
1597	253 
1598	392 
1599	52 
1600	125 
1601	297 
1602	194 
1603	20 
1604	335 
1605	273 
1606	370 
1607	133 
1608	103 
1609	20 
1610	292 
1611	180 
1612	187 
1613	388 
1614	411 
1615	326 
1616	258 
1617	416 
1618	356 
1619	425 
1620	107 
1621	292 
1622	232 
1623	119 
1624	153 
1625	408 
1626	31 
1627	351 
1628	369 
1629	76 
1630	292 
1631	208 
1632	419 
1633	307 
1634	90 
1635	180 
1636	170 
1637	200 
1638	372 
1639	114 
1640	211 
1641	215 
1642	405 
1643	243 
1644	247 
1645	158 
1646	407 
1647	35 
1648	151 
1649	79 
1650	82 
1651	238 
1652	223 
1653	266 
1654	246 
1655	38 
1656	165 
1657	69 
1658	111 
1659	138 
1660	11 
1661	366 
1662	270 
1663	121 
1664	366 
1665	4 
1666	15 
1667	27 
1668	188 
1669	362 
1670	87 
1671	253 
1672	384 
1673	387 
1674	416 
1675	118 
1676	219 
1677	181 
1678	271 
1679	313 
1680	351 
1681	312 
1682	70 
1683	38 
1684	271 
1685	231 
1686	53 
1687	244 
1688	114 
1689	320 
1690	224 
1691	189 
1692	90 
1693	271 
1694	267 
1695	61 
1696	8 
1697	418 
1698	373 
1699	114 
1700	374 
1701	316 
1702	394 
1703	231 
1704	351 
1705	252 
1706	40 
1707	258 
1708	274 
1709	141 
1710	164 
1711	405 
1712	215 
1713	180 
1714	30 
1715	69 
1716	90 
1717	177 
1718	242 
1719	330 
1720	276 
1721	37 
1722	318 
1723	180 
1724	310 
1725	192 
1726	197 
1727	13 
1728	278 
1729	331 
1730	161 
1731	100 
1732	227 
1733	337 
1734	83 
1735	130 
1736	109 
1737	400 
1738	33 
1739	160 
1740	399 
1741	399 
1742	156 
1743	236 
1744	419 
1745	209 
1746	53 
1747	378 
1748	368 
1749	387 
1750	379 
1751	180 
1752	354 
1753	193 
1754	373 
1755	343 
1756	67 
1757	49 
1758	191 
1759	356 
1760	119 
1761	288 
1762	419 
1763	417 
1764	187 
1765	350 
1766	253 
1767	380 
1768	184 
1769	296 
1770	49 
1771	52 
1772	401 
1773	195 
1774	6 
1775	276 
1776	392 
1777	191 
1778	285 
1779	31 
1780	391 
1781	350 
1782	137 
1783	393 
1784	351 
1785	200 
1786	373 
1787	182 
1788	415 
1789	117 
1790	118 
1791	103 
1792	369 
1793	259 
1794	174 
1795	255 
1796	125 
1797	377 
1798	70 
1799	418 
1800	34 
1801	173 
1802	382 
1803	309 
1804	129 
1805	231 
1806	386 
1807	329 
1808	410 
1809	43 
1810	284 
1811	255 
1812	61 
1813	202 
1814	272 
1815	120 
1816	37 
1817	248 
1818	302 
1819	296 
1820	60 
1821	334 
1822	321 
1823	264 
1824	131 
1825	329 
1826	294 
1827	37 
1828	344 
1829	301 
1830	20 
1831	149 
1832	387 
1833	225 
1834	130 
1835	419 
1836	88 
1837	314 
1838	56 
1839	151 
1840	236 
1841	146 
1842	226 
1843	405 
1844	135 
1845	22 
1846	344 
1847	297 
1848	176 
1849	209 
1850	341 
1851	222 
1852	359 
1853	101 
1854	15 
1855	155 
1856	289 
1857	135 
1858	32 
1859	123 
1860	198 
1861	355 
1862	197 
1863	84 
1864	146 
1865	90 
1866	160 
1867	160 
1868	7 
1869	61 
1870	20 
1871	408 
1872	193 
1873	42 
1874	225 
1875	324 
1876	313 
1877	120 
1878	313 
1879	218 
1880	16 
1881	37 
1882	290 
1883	102 
1884	100 
1885	356 
1886	203 
1887	118 
1888	18 
1889	70 
1890	405 
1891	130 
1892	281 
1893	359 
1894	356 
1895	299 
1896	110 
1897	197 
1898	381 
1899	25 
1900	369 
1901	367 
1902	182 
1903	233 
1904	404 
1905	188 
1906	386 
1907	130 
1908	219 
1909	20 
1910	102 
1911	149 
1912	76 
1913	398 
1914	110 
1915	228 
1916	229 
1917	369 
1918	376 
1919	206 
1920	297 
1921	227 
1922	418 
1923	392 
1924	129 
1925	215 
1926	120 
1927	57 
1928	121 
1929	280 
1930	309 
1931	389 
1932	298 
1933	350 
1934	365 
1935	9 
1936	3 
1937	291 
1938	185 
1939	244 
1940	294 
1941	335 
1942	29 
1943	197 
1944	120 
1945	248 
1946	370 
1947	50 
1948	21 
1949	370 
1950	158 
1951	248 
1952	215 
1953	424 
1954	378 
1955	160 
1956	303 
1957	71 
1958	408 
1959	250 
1960	22 
1961	340 
1962	211 
1963	133 
1964	7 
1965	236 
1966	275 
1967	253 
1968	224 
1969	38 
1970	255 
1971	421 
1972	163 
1973	347 
1974	386 
1975	196 
1976	322 
1977	223 
1978	193 
1979	171 
1980	299 
1981	14 
1982	342 
1983	344 
1984	128 
1985	419 
1986	209 
1987	327 
1988	261 
1989	181 
1990	65 
1991	231 
1992	359 
1993	318 
1994	10 
1995	107 
1996	110 
1997	425 
1998	234 
1999	110 
2000	157 
2001	303 
2002	380 
2003	328 
2004	376 
2005	253 
2006	46 
2007	161 
2008	337 
2009	300 
2010	123 
2011	264 
2012	402 
2013	404 
2014	30 
2015	117 
2016	33 
2017	377 
2018	359 
2019	232 
2020	394 
2021	315 
2022	89 
2023	394 
2024	297 
2025	295 
2026	367 
2027	333 
2028	101 
2029	247 
2030	57 
2031	22 
2032	344 
2033	364 
2034	370 
2035	14 
2036	23 
2037	6 
2038	60 
2039	272 
2040	308 
2041	425 
2042	40 
2043	40 
2044	302 
2045	121 
2046	131 
2047	356 
2048	304 
2049	99 
2050	254 
2051	257 
2052	289 
2053	311 
2054	127 
2055	197 
2056	373 
2057	160 
2058	236 
2059	109 
2060	47 
2061	179 
2062	301 
2063	118 
2064	293 
2065	209 
2066	342 
2067	212 
2068	209 
2069	232 
2070	43 
2071	311 
2072	389 
2073	1 
2074	143 
2075	221 
2076	16 
2077	311 
2078	418 
2079	302 
2080	159 
2081	115 
2082	242 
2083	423 
2084	128 
2085	223 
2086	262 
2087	39 
2088	330 
2089	258 
2090	324 
2091	369 
2092	5 
2093	325 
2094	242 
2095	329 
2096	276 
2097	6 
2098	152 
2099	321 
2100	231 
2101	364 
2102	290 
2103	373 
2104	82 
2105	269 
2106	39 
2107	64 
2108	220 
2109	151 
2110	155 
2111	227 
2112	370 
2113	42 
2114	54 
2115	145 
2116	120 
2117	397 
2118	403 
2119	166 
2120	103 
2121	58 
2122	52 
2123	283 
2124	188 
2125	290 
2126	142 
2127	374 
2128	286 
2129	417 
2130	66 
2131	74 
2132	355 
2133	162 
2134	158 
2135	325 
2136	49 
2137	378 
2138	16 
2139	345 
2140	169 
2141	254 
2142	74 
2143	129 
2144	92 
2145	298 
2146	105 
2147	64 
2148	103 
2149	114 
2150	146 
2151	329 
2152	185 
2153	54 
2154	341 
2155	417 
2156	222 
2157	334 
2158	31 
2159	169 
2160	362 
2161	266 
2162	414 
2163	255 
2164	3 
2165	365 
2166	325 
2167	49 
2168	13 
2169	115 
2170	268 
2171	129 
2172	138 
2173	84 
2174	259 
2175	72 
2176	154 
2177	229 
2178	171 
2179	231 
2180	10 
2181	57 
2182	231 
2183	403 
2184	303 
2185	269 
2186	351 
2187	237 
2188	371 
2189	81 
2190	364 
2191	414 
2192	225 
2193	319 
2194	248 
2195	91 
2196	271 
2197	13 
2198	324 
2199	383 
2200	370 
2201	239 
2202	371 
2203	259 
2204	366 
2205	91 
2206	132 
2207	47 
2208	193 
2209	22 
2210	247 
2211	262 
2212	37 
2213	283 
2214	117 
2215	325 
2216	303 
2217	151 
2218	58 
2219	18 
2220	289 
2221	212 
2222	387 
2223	32 
2224	11 
2225	28 
2226	250 
2227	274 
2228	208 
2229	131 
2230	246 
2231	15 
2232	366 
2233	369 
2234	46 
2235	379 
2236	309 
2237	408 
2238	21 
2239	78 
2240	229 
2241	87 
2242	29 
2243	47 
2244	395 
2245	358 
2246	170 
2247	406 
2248	365 
2249	67 
2250	376 
2251	190 
2252	270 
2253	97 
2254	42 
2255	46 
2256	408 
2257	201 
2258	258 
2259	276 
2260	244 
2261	82 
2262	425 
2263	299 
2264	194 
2265	9 
2266	255 
2267	258 
2268	164 
2269	50 
2270	410 
2271	294 
2272	184 
2273	260 
2274	10 
2275	297 
2276	335 
2277	62 
2278	165 
2279	53 
2280	168 
2281	368 
2282	10 
2283	93 
2284	314 
2285	394 
2286	288 
2287	27 
2288	332 
2289	58 
2290	25 
2291	121 
2292	98 
2293	347 
2294	412 
2295	386 
2296	307 
2297	368 
2298	221 
2299	140 
2300	189 
2301	294 
2302	42 
2303	110 
2304	147 
2305	236 
2306	35 
2307	31 
2308	291 
2309	69 
2310	343 
2311	72 
2312	329 
2313	35 
2314	9 
2315	221 
2316	181 
2317	266 
2318	52 
2319	111 
2320	386 
2321	253 
2322	223 
2323	1 
2324	321 
2325	289 
2326	301 
2327	73 
2328	132 
2329	383 
2330	403 
2331	247 
2332	185 
2333	112 
2334	46 
2335	332 
2336	241 
2337	299 
2338	194 
2339	423 
2340	416 
2341	31 
2342	272 
2343	36 
2344	371 
2345	216 
2346	199 
2347	10 
2348	389 
2349	153 
2350	406 
2351	258 
2352	8 
2353	191 
2354	46 
2355	193 
2356	175 
2357	57 
2358	82 
2359	281 
2360	349 
2361	88 
2362	47 
2363	125 
2364	371 
2365	252 
2366	74 
2367	251 
2368	197 
2369	386 
2370	182 
2371	101 
2372	156 
2373	161 
2374	179 
2375	57 
2376	76 
2377	285 
2378	119 
2379	220 
2380	2 
2381	340 
2382	185 
2383	119 
2384	400 
2385	89 
2386	183 
2387	70 
2388	296 
2389	281 
2390	111 
2391	14 
2392	423 
2393	180 
2394	347 
2395	312 
2396	93 
2397	384 
2398	59 
2399	391 
2400	82 
2401	298 
2402	370 
2403	234 
2404	51 
2405	420 
2406	45 
2407	266 
2408	194 
2409	356 
2410	190 
2411	1 
2412	279 
2413	14 
2414	343 
2415	45 
2416	164 
2417	287 
2418	143 
2419	325 
2420	111 
2421	115 
2422	367 
2423	112 
2424	155 
2425	298 
2426	93 
2427	42 
2428	10 
2429	372 
2430	140 
2431	271 
2432	288 
2433	319 
2434	294 
2435	196 
2436	337 
2437	162 
2438	137 
2439	337 
2440	59 
2441	226 
2442	355 
2443	74 
2444	397 
2445	357 
2446	57 
2447	261 
2448	150 
2449	198 
2450	396 
2451	417 
2452	388 
2453	298 
2454	38 
2455	200 
2456	177 
2457	179 
2458	47 
2459	191 
2460	138 
2461	20 
2462	365 
2463	74 
2464	366 
2465	152 
2466	149 
2467	121 
2468	133 
2469	129 
2470	66 
2471	139 
2472	146 
2473	235 
2474	374 
2475	10 
2476	45 
2477	313 
2478	407 
2479	132 
2480	295 
2481	196 
2482	212 
2483	14 
2484	181 
2485	386 
2486	326 
2487	337 
2488	140 
2489	244 
2490	302 
2491	21 
2492	209 
2493	119 
2494	370 
2495	231 
2496	173 
2497	161 
2498	38 
2499	146 
2500	42 
2501	3 
2502	16 
2503	183 
2504	333 
2505	197 
2506	270 
2507	251 
2508	417 
2509	104 
2510	147 
2511	227 
2512	169 
2513	366 
2514	319 
2515	302 
2516	389 
2517	223 
2518	12 
2519	182 
2520	194 
2521	213 
2522	35 
2523	397 
2524	187 
2525	297 
2526	84 
2527	201 
2528	424 
2529	9 
2530	21 
2531	335 
2532	237 
2533	43 
2534	91 
2535	60 
2536	342 
2537	416 
2538	411 
2539	107 
2540	325 
2541	356 
2542	137 
2543	35 
2544	305 
2545	241 
2546	363 
2547	291 
2548	100 
2549	301 
2550	339 
2551	234 
2552	100 
2553	390 
2554	33 
2555	359 
2556	202 
2557	360 
2558	385 
2559	64 
2560	95 
2561	369 
2562	113 
2563	108 
2564	197 
2565	99 
2566	30 
2567	304 
2568	194 
2569	102 
2570	128 
2571	239 
2572	69 
2573	50 
2574	105 
2575	341 
2576	365 
2577	133 
2578	408 
2579	411 
2580	220 
2581	339 
2582	138 
2583	421 
2584	231 
2585	206 
2586	269 
2587	155 
2588	33 
2589	303 
2590	28 
2591	311 
2592	146 
2593	239 
2594	82 
2595	273 
2596	170 
2597	418 
2598	134 
2599	84 
2600	370 
2601	159 
2602	54 
2603	296 
2604	89 
2605	312 
2606	166 
2607	289 
2608	386 
2609	221 
2610	282 
2611	409 
2612	420 
2613	68 
2614	35 
2615	398 
2616	40 
2617	327 
2618	225 
2619	179 
2620	211 
2621	81 
2622	24 
2623	283 
2624	265 
2625	346 
2626	3 
2627	223 
2628	246 
2629	168 
2630	260 
2631	343 
2632	298 
2633	192 
2634	319 
2635	398 
2636	244 
2637	24 
2638	111 
2639	96 
2640	165 
2641	340 
2642	241 
2643	391 
2644	249 
2645	44 
2646	97 
2647	101 
2648	43 
2649	100 
2650	250 
2651	295 
2652	355 
2653	46 
2654	13 
2655	73 
2656	56 
2657	132 
2658	207 
2659	400 
2660	237 
2661	21 
2662	28 
2663	212 
2664	4 
2665	329 
2666	320 
2667	295 
2668	52 
2669	91 
2670	133 
2671	229 
2672	412 
2673	108 
2674	14 
2675	70 
2676	394 
2677	152 
2678	232 
2679	358 
2680	196 
2681	114 
2682	372 
2683	333 
2684	423 
2685	282 
2686	390 
2687	241 
2688	185 
2689	212 
2690	309 
2691	103 
2692	13 
2693	387 
2694	124 
2695	300 
2696	149 
2697	276 
2698	77 
2699	78 
2700	132 
2701	305 
2702	141 
2703	414 
2704	347 
2705	419 
2706	418 
2707	320 
2708	203 
2709	346 
2710	256 
2711	160 
2712	356 
2713	88 
2714	332 
2715	3 
2716	256 
2717	280 
2718	203 
2719	155 
2720	299 
2721	60 
2722	306 
2723	108 
2724	405 
2725	44 
2726	224 
2727	151 
2728	417 
2729	125 
2730	379 
2731	394 
2732	259 
2733	77 
2734	166 
2735	161 
2736	100 
2737	33 
2738	127 
2739	58 
2740	262 
2741	271 
2742	31 
2743	95 
2744	18 
2745	1 
2746	238 
2747	33 
2748	360 
2749	4 
2750	161 
2751	365 
2752	275 
2753	141 
2754	294 
2755	348 
2756	292 
2757	103 
2758	265 
2759	373 
2760	20 
2761	230 
2762	225 
2763	389 
2764	9 
2765	76 
2766	230 
2767	333 
2768	299 
2769	84 
2770	117 
2771	397 
2772	132 
2773	390 
2774	115 
2775	191 
2776	388 
2777	319 
2778	115 
2779	336 
2780	292 
2781	104 
2782	101 
2783	347 
2784	190 
2785	319 
2786	288 
2787	142 
2788	293 
2789	183 
2790	41 
2791	151 
2792	421 
2793	38 
2794	22 
2795	125 
2796	367 
2797	414 
2798	310 
2799	384 
2800	190 
2801	423 
2802	277 
2803	401 
2804	211 
2805	270 
2806	157 
2807	7 
2808	262 
2809	67 
2810	243 
2811	11 
2812	285 
2813	288 
2814	182 
2815	160 
2816	38 
2817	169 
2818	268 
2819	269 
2820	290 
2821	43 
2822	219 
2823	121 
2824	293 
2825	250 
2826	38 
2827	399 
2828	187 
2829	203 
2830	268 
2831	44 
2832	351 
2833	166 
2834	353 
2835	254 
2836	222 
2837	291 
2838	99 
2839	322 
2840	342 
2841	408 
2842	187 
2843	152 
2844	137 
2845	342 
2846	409 
2847	251 
2848	40 
2849	399 
2850	337 
2851	181 
2852	52 
2853	395 
2854	342 
2855	286 
2856	59 
2857	135 
2858	223 
2859	46 
2860	125 
2861	199 
2862	245 
2863	100 
2864	76 
2865	163 
2866	315 
2867	253 
2868	88 
2869	51 
2870	209 
2871	237 
2872	26 
2873	236 
2874	44 
2875	346 
2876	77 
2877	192 
2878	46 
2879	247 
2880	159 
2881	253 
2882	292 
2883	132 
2884	129 
2885	190 
2886	302 
2887	181 
2888	164 
2889	219 
2890	272 
2891	54 
2892	221 
2893	147 
2894	15 
2895	42 
2896	227 
2897	415 
2898	278 
2899	141 
2900	396 
2901	96 
2902	24 
2903	23 
2904	367 
2905	73 
2906	236 
2907	142 
2908	310 
2909	219 
2910	98 
2911	106 
2912	153 
2913	13 
2914	262 
2915	16 
2916	56 
2917	230 
2918	229 
2919	166 
2920	413 
2921	321 
2922	241 
2923	271 
2924	396 
2925	77 
2926	138 
2927	261 
2928	317 
2929	425 
2930	315 
2931	413 
2932	348 
2933	20 
2934	44 
2935	90 
2936	320 
2937	12 
2938	200 
2939	339 
2940	53 
2941	388 
2942	299 
2943	103 
2944	271 
2945	193 
2946	219 
2947	148 
2948	399 
2949	84 
2950	72 
2951	36 
2952	245 
2953	331 
2954	166 
2955	211 
2956	333 
2957	367 
2958	198 
2959	93 
2960	420 
2961	31 
2962	105 
2963	270 
2964	423 
2965	265 
2966	124 
2967	149 
2968	336 
2969	19 
2970	17 
2971	133 
2972	286 
2973	17 
2974	184 
2975	166 
2976	145 
2977	277 
2978	112 
2979	153 
2980	32 
2981	251 
2982	272 
2983	144 
2984	207 
2985	409 
2986	406 
2987	422 
2988	47 
2989	278 
2990	37 
2991	15 
2992	9 
2993	29 
2994	235 
2995	65 
2996	91 
2997	283 
2998	79 
2999	244 
3000	99 
3001	28 
3002	186 
3003	342 
3004	40 
3005	76 
3006	260 
3007	164 
3008	242 
3009	320 
3010	58 
3011	337 
3012	329 
3013	343 
3014	165 
3015	150 
3016	153 
3017	326 
3018	239 
3019	91 
3020	247 
3021	137 
3022	385 
3023	298 
3024	337 
3025	374 
3026	74 
3027	364 
3028	391 
3029	190 
3030	176 
3031	3 
3032	308 
3033	423 
3034	344 
3035	146 
3036	403 
3037	308 
3038	142 
3039	23 
3040	363 
3041	281 
3042	13 
3043	91 
3044	403 
3045	81 
3046	350 
3047	27 
3048	145 
3049	399 
3050	115 
3051	358 
3052	34 
3053	372 
3054	376 
3055	385 
3056	71 
3057	326 
3058	222 
3059	267 
3060	390 
3061	112 
3062	286 
3063	35 
3064	306 
3065	203 
3066	325 
3067	93 
3068	233 
3069	112 
3070	71 
3071	145 
3072	74 
3073	405 
3074	10 
3075	36 
3076	158 
3077	161 
3078	160 
3079	376 
3080	198 
3081	146 
3082	193 
3083	155 
3084	297 
3085	265 
3086	71 
3087	249 
3088	185 
3089	251 
3090	311 
3091	396 
3092	334 
3093	399 
3094	379 
3095	243 
3096	156 
3097	198 
3098	269 
3099	355 
3100	388 
3101	303 
3102	349 
3103	37 
3104	344 
3105	89 
3106	198 
3107	61 
3108	92 
3109	168 
3110	299 
3111	360 
3112	87 
3113	196 
3114	253 
3115	99 
3116	384 
3117	34 
3118	233 
3119	164 
3120	388 
3121	324 
3122	209 
3123	265 
3124	363 
3125	334 
3126	383 
3127	342 
3128	254 
3129	89 
3130	324 
3131	237 
3132	313 
3133	288 
3134	54 
3135	358 
3136	337 
3137	340 
3138	199 
3139	425 
3140	239 
3141	378 
3142	108 
3143	261 
3144	225 
3145	147 
3146	340 
3147	399 
3148	274 
3149	40 
3150	401 
3151	201 
3152	374 
3153	425 
3154	125 
3155	351 
3156	314 
3157	98 
3158	157 
3159	165 
3160	141 
3161	120 
3162	354 
3163	246 
3164	56 
3165	212 
3166	240 
3167	318 
3168	197 
3169	306 
3170	157 
3171	242 
3172	379 
3173	173 
3174	81 
3175	271 
3176	421 
3177	17 
3178	115 
3179	235 
3180	372 
3181	64 
3182	203 
3183	106 
3184	421 
3185	45 
3186	332 
3187	73 
3188	106 
3189	265 
3190	187 
3191	150 
3192	159 
3193	68 
3194	30 
3195	143 
3196	371 
3197	84 
3198	282 
3199	112 
3200	311 
3201	125 
3202	114 
3203	141 
3204	199 
3205	9 
3206	207 
3207	309 
3208	100 
3209	270 
3210	117 
3211	134 
3212	243 
3213	36 
3214	339 
3215	344 
3216	59 
3217	61 
3218	317 
3219	157 
3220	99 
3221	414 
3222	339 
3223	114 
3224	223 
3225	90 
3226	90 
3227	206 
3228	245 
3229	424 
3230	424 
3231	320 
3232	390 
3233	77 
3234	124 
3235	128 
3236	9 
3237	106 
3238	383 
3239	32 
3240	61 
3241	261 
3242	232 
3243	43 
3244	298 
3245	169 
3246	317 
3247	416 
3248	277 
3249	200 
3250	49 
3251	194 
3252	19 
3253	185 
3254	416 
3255	153 
3256	149 
3257	76 
3258	200 
3259	152 
3260	56 
3261	297 
3262	355 
3263	258 
3264	71 
3265	420 
3266	59 
3267	305 
3268	150 
3269	363 
3270	153 
3271	219 
3272	140 
3273	364 
3274	248 
3275	408 
3276	51 
3277	112 
3278	385 
3279	70 
3280	124 
3281	33 
3282	72 
3283	185 
3284	239 
3285	108 
3286	382 
3287	309 
3288	288 
3289	265 
3290	336 
3291	67 
3292	327 
3293	311 
3294	16 
3295	269 
3296	83 
3297	221 
3298	345 
3299	221 
3300	233 
3301	250 
3302	71 
3303	30 
3304	68 
3305	58 
3306	128 
3307	270 
3308	275 
3309	96 
3310	32 
3311	352 
3312	35 
3313	143 
3314	97 
3315	7 
3316	315 
3317	422 
3318	329 
3319	283 
3320	415 
3321	145 
3322	328 
3323	333 
3324	133 
3325	107 
3326	286 
3327	260 
3328	137 
3329	400 
3330	371 
3331	144 
3332	354 
3333	72 
3334	411 
3335	182 
3336	2 
3337	162 
3338	34 
3339	60 
3340	341 
3341	242 
3342	383 
3343	31 
3344	269 
3345	255 
3346	304 
3347	221 
3348	142 
3349	269 
3350	318 
3351	396 
3352	2 
3353	346 
3354	20 
3355	288 
3356	399 
3357	133 
3358	140 
3359	350 
3360	366 
3361	315 
3362	50 
3363	318 
3364	250 
3365	281 
3366	303 
3367	256 
3368	287 
3369	405 
3370	421 
3371	35 
3372	371 
3373	24 
3374	393 
3375	171 
3376	412 
3377	369 
3378	285 
3379	97 
3380	147 
3381	166 
3382	364 
3383	42 
3384	259 
3385	308 
3386	10 
3387	412 
3388	140 
3389	54 
3390	60 
3391	324 
3392	157 
3393	247 
3394	294 
3395	289 
3396	35 
3397	258 
3398	246 
3399	300 
3400	374 
3401	266 
3402	57 
3403	249 
3404	47 
3405	69 
3406	42 
3407	43 
3408	369 
3409	364 
3410	38 
3411	354 
3412	156 
3413	251 
3414	279 
3415	335 
3416	42 
3417	124 
3418	222 
3419	88 
3420	166 
3421	179 
3422	111 
3423	246 
3424	312 
3425	254 
3426	424 
3427	71 
3428	399 
3429	81 
3430	129 
3431	299 
3432	391 
3433	132 
3434	182 
3435	293 
3436	171 
3437	207 
3438	96 
3439	291 
3440	370 
3441	56 
3442	348 
3443	203 
3444	201 
3445	250 
3446	234 
3447	102 
3448	247 
3449	196 
3450	197 
3451	241 
3452	48 
3453	424 
3454	148 
3455	377 
3456	349 
3457	17 
3458	396 
3459	262 
3460	309 
3461	147 
3462	15 
3463	103 
3464	26 
3465	70 
3466	304 
3467	124 
3468	199 
3469	103 
3470	201 
3471	223 
3472	127 
3473	45 
3474	413 
3475	199 
3476	32 
3477	27 
3478	65 
3479	148 
3480	113 
3481	364 
3482	379 
3483	187 
3484	258 
3485	242 
3486	371 
3487	360 
3488	19 
3489	399 
3490	373 
3491	361 
3492	94 
3493	319 
3494	155 
3495	26 
3496	14 
3497	15 
3498	183 
3499	400 
3500	256 
3501	7 
3502	156 
3503	207 
3504	241 
3505	153 
3506	5 
3507	391 
3508	299 
3509	407 
3510	83 
3511	412 
3512	155 
3513	10 
3514	65 
3515	207 
3516	120 
3517	294 
3518	184 
3519	30 
3520	368 
3521	34 
3522	213 
3523	350 
3524	34 
3525	314 
3526	206 
3527	52 
3528	228 
3529	18 
3530	243 
3531	100 
3532	358 
3533	175 
3534	379 
3535	342 
3536	69 
3537	371 
3538	2 
3539	36 
3540	317 
3541	119 
3542	262 
3543	141 
3544	12 
3545	87 
3546	242 
3547	180 
3548	422 
3549	206 
3550	107 
3551	183 
3552	158 
3553	352 
3554	278 
3555	120 
3556	339 
3557	25 
3558	224 
3559	314 
3560	74 
3561	53 
3562	348 
3563	144 
3564	400 
3565	201 
3566	180 
3567	283 
3568	214 
3569	69 
3570	219 
3571	360 
3572	125 
3573	304 
3574	203 
3575	201 
3576	230 
3577	206 
3578	384 
3579	385 
3580	147 
3581	302 
3582	332 
3583	31 
3584	17 
3585	141 
3586	67 
3587	300 
3588	248 
3589	301 
3590	358 
3591	203 
3592	356 
3593	109 
3594	119 
3595	301 
3596	127 
3597	190 
3598	22 
3599	150 
3600	335 
3601	170 
3602	332 
3603	56 
3604	132 
3605	59 
3606	35 
3607	98 
3608	192 
3609	104 
3610	363 
3611	38 
3612	162 
3613	133 
3614	201 
3615	173 
3616	384 
3617	171 
3618	62 
3619	168 
3620	95 
3621	317 
3622	301 
3623	360 
3624	73 
3625	320 
3626	398 
3627	369 
3628	36 
3629	31 
3630	291 
3631	385 
3632	305 
3633	277 
3634	413 
3635	25 
3636	137 
3637	360 
3638	403 
3639	308 
3640	379 
3641	5 
3642	340 
3643	167 
3644	92 
3645	70 
3646	219 
3647	353 
3648	396 
3649	50 
3650	162 
3651	355 
3652	31 
3653	346 
3654	165 
3655	162 
3656	27 
3657	154 
3658	352 
3659	32 
3660	232 
3661	359 
3662	162 
3663	139 
3664	36 
3665	208 
3666	223 
3667	394 
3668	407 
3669	71 
3670	388 
3671	194 
3672	360 
3673	396 
3674	119 
3675	260 
3676	328 
3677	204 
3678	189 
3679	13 
3680	334 
3681	59 
3682	179 
3683	317 
3684	34 
3685	282 
3686	16 
3687	124 
3688	366 
3689	312 
3690	139 
3691	277 
3692	36 
3693	317 
3694	281 
3695	319 
3696	237 
3697	107 
3698	56 
3699	352 
3700	321 
3701	156 
3702	362 
3703	60 
3704	155 
3705	144 
3706	143 
3707	174 
3708	99 
3709	311 
3710	157 
3711	293 
3712	150 
3713	104 
3714	76 
3715	20 
3716	406 
3717	245 
3718	383 
3719	51 
3720	199 
3721	90 
3722	364 
3723	425 
3724	202 
3725	94 
3726	138 
3727	119 
3728	78 
3729	288 
3730	20 
3731	202 
3732	274 
3733	393 
3734	84 
3735	279 
3736	61 
3737	328 
3738	137 
3739	134 
3740	117 
3741	47 
3742	241 
3743	407 
3744	146 
3745	237 
3746	408 
3747	415 
3748	100 
3749	31 
3750	285 
3751	349 
3752	303 
3753	278 
3754	71 
3755	397 
3756	166 
3757	154 
3758	39 
3759	339 
3760	222 
3761	14 
3762	234 
3763	311 
3764	43 
3765	135 
3766	229 
3767	253 
3768	393 
3769	32 
3770	201 
3771	189 
3772	349 
3773	247 
3774	290 
3775	69 
3776	367 
3777	342 
3778	19 
3779	332 
3780	361 
3781	296 
3782	37 
3783	139 
3784	237 
3785	211 
3786	244 
3787	111 
3788	23 
3789	36 
3790	249 
3791	166 
3792	107 
3793	120 
3794	298 
3795	216 
3796	129 
3797	137 
3798	318 
3799	143 
3800	228 
3801	194 
3802	300 
3803	265 
3804	225 
3805	350 
3806	240 
3807	319 
3808	163 
3809	57 
3810	358 
3811	84 
3812	281 
3813	233 
3814	98 
3815	141 
3816	353 
3817	5 
3818	239 
3819	297 
3820	297 
3821	425 
3822	320 
3823	158 
3824	137 
3825	285 
3826	271 
3827	252 
3828	304 
3829	422 
3830	169 
3831	379 
3832	96 
3833	194 
3834	336 
3835	286 
3836	379 
3837	34 
3838	164 
3839	324 
3840	132 
3841	128 
3842	348 
3843	61 
3844	8 
3845	74 
3846	291 
3847	181 
3848	207 
3849	53 
3850	144 
3851	304 
3852	189 
3853	400 
3854	149 
3855	114 
3856	111 
3857	8 
3858	234 
3859	267 
3860	308 
3861	117 
3862	251 
3863	57 
3864	335 
3865	325 
3866	302 
3867	83 
3868	425 
3869	202 
3870	319 
3871	168 
3872	133 
3873	343 
3874	15 
3875	84 
3876	382 
3877	158 
3878	187 
3879	39 
3880	152 
3881	184 
3882	279 
3883	94 
3884	147 
3885	74 
3886	216 
3887	405 
3888	232 
3889	278 
3890	324 
3891	400 
3892	14 
3893	260 
3894	181 
3895	47 
3896	390 
3897	249 
3898	294 
3899	207 
3900	346 
3901	414 
3902	388 
3903	43 
3904	230 
3905	252 
3906	334 
3907	328 
3908	384 
3909	279 
3910	207 
3911	19 
3912	32 
3913	120 
3914	143 
3915	97 
3916	56 
3917	361 
3918	135 
3919	180 
3920	14 
3921	49 
3922	376 
3923	41 
3924	266 
3925	401 
3926	115 
3927	152 
3928	361 
3929	113 
3930	407 
3931	36 
3932	320 
3933	234 
3934	337 
3935	362 
3936	190 
3937	401 
3938	89 
3939	242 
3940	106 
3941	128 
3942	327 
3943	70 
3944	260 
3945	342 
3946	37 
3947	366 
3948	266 
3949	98 
3950	23 
3951	352 
3952	226 
3953	362 
3954	305 
3955	51 
3956	287 
3957	301 
3958	149 
3959	62 
3960	297 
3961	90 
3962	238 
3963	201 
3964	395 
3965	203 
3966	248 
3967	238 
3968	409 
3969	357 
3970	372 
3971	124 
3972	66 
3973	353 
3974	346 
3975	62 
3976	199 
3977	192 
3978	88 
3979	30 
3980	342 
3981	156 
3982	142 
3983	176 
3984	388 
3985	198 
3986	28 
3987	100 
3988	186 
3989	165 
3990	168 
3991	60 
3992	67 
3993	91 
3994	156 
3995	99 
3996	59 
3997	350 
3998	305 
3999	168 
4000	302 
4001	157 
4002	247 
4003	272 
4004	332 
4005	343 
4006	298 
4007	254 
4008	193 
4009	303 
4010	359 
4011	51 
4012	187 
4013	364 
4014	198 
4015	142 
4016	61 
4017	388 
4018	142 
4019	408 
4020	158 
4021	31 
4022	59 
4023	318 
4024	127 
4025	290 
4026	328 
4027	258 
4028	337 
4029	206 
4030	27 
4031	5 
4032	376 
4033	220 
4034	24 
4035	207 
4036	374 
4037	250 
4038	196 
4039	425 
4040	278 
4041	16 
4042	361 
4043	102 
4044	138 
4045	267 
4046	221 
4047	260 
4048	15 
4049	87 
4050	129 
4051	27 
4052	325 
4053	16 
4054	294 
4055	163 
4056	349 
4057	275 
4058	206 
4059	98 
4060	29 
4061	246 
4062	251 
4063	213 
4064	332 
4065	33 
4066	93 
4067	81 
4068	274 
4069	154 
4070	267 
4071	362 
4072	159 
4073	180 
4074	134 
4075	220 
4076	269 
4077	392 
4078	60 
4079	400 
4080	128 
4081	342 
4082	319 
4083	267 
4084	230 
4085	315 
4086	248 
4087	260 
4088	160 
4089	288 
4090	231 
4091	169 
4092	13 
4093	202 
4094	400 
4095	144 
4096	30 
4097	328 
4098	1 
4099	15 
4100	339 
4101	25 
4102	88 
4103	176 
4104	68 
4105	34 
4106	53 
4107	340 
4108	159 
4109	227 
4110	60 
4111	304 
4112	385 
4113	167 
4114	371 
4115	408 
4116	357 
4117	152 
4118	334 
4119	65 
4120	403 
4121	160 
4122	120 
4123	157 
4124	337 
4125	184 
4126	44 
4127	394 
4128	78 
4129	235 
4130	339 
4131	390 
4132	56 
4133	244 
4134	61 
4135	200 
4136	96 
4137	117 
4138	346 
4139	250 
4140	241 
4141	36 
4142	321 
4143	231 
4144	24 
4145	391 
4146	185 
4147	385 
4148	26 
4149	406 
4150	32 
4151	206 
4152	324 
4153	196 
4154	9 
4155	77 
4156	252 
4157	361 
4158	69 
4159	243 
4160	67 
4161	128 
4162	120 
4163	145 
4164	179 
4165	285 
4166	181 
4167	134 
4168	57 
4169	334 
4170	117 
4171	388 
4172	35 
4173	229 
4174	137 
4175	376 
4176	72 
4177	379 
4178	34 
4179	133 
4180	104 
4181	413 
4182	209 
4183	256 
4184	138 
4185	328 
4186	169 
4187	343 
4188	300 
4189	286 
4190	10 
4191	393 
4192	414 
4193	18 
4194	390 
4195	23 
4196	166 
4197	157 
4198	357 
4199	226 
4200	422 
4201	376 
4202	124 
4203	393 
4204	396 
4205	36 
4206	32 
4207	52 
4208	289 
4209	167 
4210	37 
4211	309 
4212	267 
4213	262 
4214	239 
4215	26 
4216	93 
4217	187 
4218	317 
4219	7 
4220	64 
4221	357 
4222	94 
4223	305 
4224	361 
4225	300 
4226	321 
4227	1 
4228	49 
4229	313 
4230	109 
4231	50 
4232	94 
4233	96 
4234	70 
4235	335 
4236	23 
4237	308 
4238	92 
4239	145 
4240	49 
4241	206 
4242	117 
4243	58 
4244	93 
4245	65 
4246	60 
4247	302 
4248	357 
4249	244 
4250	248 
4251	52 
4252	279 
4253	185 
4254	352 
4255	323 
4256	362 
4257	142 
4258	73 
4259	383 
4260	83 
4261	87 
4262	15 
4263	12 
4264	420 
4265	224 
4266	179 
4267	412 
4268	383 
4269	351 
4270	266 
4271	400 
4272	211 
4273	231 
4274	141 
4275	416 
4276	368 
4277	219 
4278	37 
4279	397 
4280	302 
4281	206 
4282	214 
4283	138 
4284	50 
4285	141 
4286	278 
4287	169 
4288	99 
4289	362 
4290	357 
4291	405 
4292	366 
4293	293 
4294	344 
4295	230 
4296	341 
4297	203 
4298	234 
4299	196 
4300	105 
4301	413 
4302	41 
4303	354 
4304	421 
4305	135 
4306	147 
4307	407 
4308	305 
4309	356 
4310	353 
4311	239 
4312	24 
4313	197 
4314	14 
4315	256 
4316	269 
4317	366 
4318	168 
4319	378 
4320	285 
4321	49 
4322	242 
4323	176 
4324	28 
4325	182 
4326	175 
4327	183 
4328	107 
4329	16 
4330	108 
4331	377 
4332	343 
4333	398 
4334	134 
4335	107 
4336	262 
4337	203 
4338	395 
4339	247 
4340	5 
4341	343 
4342	112 
4343	222 
4344	371 
4345	111 
4346	369 
4347	173 
4348	291 
4349	51 
4350	285 
4351	289 
4352	275 
4353	139 
4354	238 
4355	421 
4356	129 
4357	272 
4358	334 
4359	8 
4360	376 
4361	222 
4362	286 
4363	91 
4364	238 
4365	106 
4366	392 
4367	8 
4368	226 
4369	140 
4370	392 
4371	190 
4372	197 
4373	223 
4374	78 
4375	132 
4376	133 
4377	52 
4378	424 
4379	192 
4380	424 
4381	183 
4382	223 
4383	422 
4384	187 
4385	29 
4386	296 
4387	211 
4388	211 
4389	302 
4390	281 
4391	87 
4392	357 
4393	405 
4394	322 
4395	278 
4396	317 
4397	26 
4398	143 
4399	232 
4400	414 
4401	135 
4402	16 
4403	129 
4404	331 
4405	26 
4406	322 
4407	26 
4408	308 
4409	94 
4410	232 
4411	245 
4412	10 
4413	187 
4414	324 
4415	241 
4416	280 
4417	246 
4418	67 
4419	24 
4420	88 
4421	234 
4422	368 
4423	159 
4424	173 
4425	395 
4426	145 
4427	18 
4428	180 
4429	167 
4430	405 
4431	297 
4432	296 
4433	288 
4434	185 
4435	207 
4436	185 
4437	297 
4438	79 
4439	349 
4440	50 
4441	194 
4442	225 
4443	424 
4444	99 
4445	182 
4446	421 
4447	143 
4448	213 
4449	92 
4450	239 
4451	220 
4452	353 
4453	137 
4454	207 
4455	147 
4456	169 
4457	412 
4458	128 
4459	168 
4460	214 
4461	187 
4462	405 
4463	335 
4464	230 
4465	35 
4466	379 
4467	27 
4468	223 
4469	349 
4470	19 
4471	420 
4472	140 
4473	274 
4474	185 
4475	343 
4476	214 
4477	344 
4478	390 
4479	339 
4480	339 
4481	204 
4482	352 
4483	181 
4484	283 
4485	394 
4486	7 
4487	8 
4488	326 
4489	234 
4490	372 
4491	377 
4492	351 
4493	277 
4494	214 
4495	117 
4496	107 
4497	35 
4498	18 
4499	300 
4500	208 
4501	92 
4502	160 
4503	175 
4504	214 
4505	282 
4506	313 
4507	60 
4508	162 
4509	303 
4510	107 
4511	216 
4512	203 
4513	94 
4514	291 
4515	163 
4516	349 
4517	289 
4518	62 
4519	415 
4520	391 
4521	49 
4522	49 
4523	200 
4524	323 
4525	104 
4526	36 
4527	244 
4528	379 
4529	346 
4530	147 
4531	23 
4532	313 
4533	93 
4534	132 
4535	371 
4536	267 
4537	179 
4538	341 
4539	414 
4540	54 
4541	39 
4542	235 
4543	23 
4544	289 
4545	227 
4546	207 
4547	363 
4548	183 
4549	348 
4550	288 
4551	385 
4552	415 
4553	90 
4554	158 
4555	405 
4556	160 
4557	391 
4558	288 
4559	237 
4560	12 
4561	383 
4562	312 
4563	269 
4564	270 
4565	141 
4566	390 
4567	204 
4568	267 
4569	239 
4570	58 
4571	48 
4572	283 
4573	321 
4574	369 
4575	208 
4576	359 
4577	378 
4578	371 
4579	344 
4580	228 
4581	26 
4582	374 
4583	401 
4584	13 
4585	167 
4586	346 
4587	36 
4588	305 
4589	143 
4590	71 
4591	296 
4592	155 
4593	421 
4594	313 
4595	319 
4596	337 
4597	324 
4598	309 
4599	29 
4600	405 
4601	359 
4602	145 
4603	145 
4604	113 
4605	277 
4606	203 
4607	267 
4608	32 
4609	19 
4610	156 
4611	374 
4612	237 
4613	25 
4614	94 
4615	342 
4616	324 
4617	230 
4618	374 
4619	235 
4620	168 
4621	272 
4622	38 
4623	213 
4624	322 
4625	78 
4626	150 
4627	47 
4628	72 
4629	285 
4630	313 
4631	29 
4632	220 
4633	105 
4634	274 
4635	150 
4636	138 
4637	194 
4638	393 
4639	72 
4640	163 
4641	395 
4642	88 
4643	102 
4644	25 
4645	398 
4646	69 
4647	197 
4648	234 
4649	252 
4650	107 
4651	159 
4652	353 
4653	395 
4654	392 
4655	94 
4656	298 
4657	344 
4658	108 
4659	330 
4660	78 
4661	336 
4662	350 
4663	134 
4664	393 
4665	348 
4666	400 
4667	145 
4668	372 
4669	277 
4670	99 
4671	422 
4672	240 
4673	318 
4674	152 
4675	164 
4676	349 
4677	7 
4678	356 
4679	23 
4680	26 
4681	97 
4682	400 
4683	185 
4684	315 
4685	59 
4686	268 
4687	168 
4688	157 
4689	293 
4690	314 
4691	260 
4692	305 
4693	44 
4694	351 
4695	421 
4696	339 
4697	412 
4698	328 
4699	156 
4700	362 
4701	262 
4702	158 
4703	216 
4704	344 
4705	216 
4706	377 
4707	233 
4708	384 
4709	124 
4710	71 
4711	245 
4712	269 
4713	170 
4714	235 
4715	60 
4716	192 
4717	312 
4718	320 
4719	106 
4720	147 
4721	59 
4722	350 
4723	124 
4724	344 
4725	64 
4726	37 
4727	356 
4728	79 
4729	88 
4730	143 
4731	283 
4732	384 
4733	97 
4734	214 
4735	355 
4736	241 
4737	274 
4738	13 
4739	219 
4740	171 
4741	37 
4742	304 
4743	407 
4744	425 
4745	141 
4746	175 
4747	27 
4748	358 
4749	164 
4750	23 
4751	346 
4752	293 
4753	181 
4754	112 
4755	327 
4756	18 
4757	224 
4758	196 
4759	93 
4760	327 
4761	155 
4762	368 
4763	275 
4764	409 
4765	5 
4766	7 
4767	167 
4768	79 
4769	148 
4770	12 
4771	247 
4772	96 
4773	179 
4774	288 
4775	348 
4776	260 
4777	143 
4778	379 
4779	169 
4780	36 
4781	398 
4782	258 
4783	358 
4784	371 
4785	232 
4786	1 
4787	241 
4788	422 
4789	401 
4790	111 
4791	369 
4792	67 
4793	104 
4794	408 
4795	247 
4796	68 
4797	406 
4798	65 
4799	300 
4800	162 
4801	308 
4802	47 
4803	278 
4804	233 
4805	61 
4806	62 
4807	170 
4808	180 
4809	340 
4810	12 
4811	315 
4812	171 
4813	252 
4814	252 
4815	127 
4816	148 
4817	187 
4818	327 
4819	198 
4820	249 
4821	227 
4822	181 
4823	313 
4824	332 
4825	9 
4826	291 
4827	202 
4828	320 
4829	372 
4830	378 
4831	398 
4832	377 
4833	171 
4834	170 
4835	93 
4836	270 
4837	102 
4838	100 
4839	377 
4840	256 
4841	27 
4842	226 
4843	342 
4844	30 
4845	62 
4846	44 
4847	147 
4848	279 
4849	73 
4850	162 
4851	409 
4852	213 
4853	158 
4854	113 
4855	249 
4856	374 
4857	145 
4858	120 
4859	192 
4860	167 
4861	229 
4862	238 
4863	238 
4864	41 
4865	416 
4866	378 
4867	234 
4868	59 
4869	354 
4870	204 
4871	228 
4872	53 
4873	48 
4874	142 
4875	406 
4876	49 
4877	251 
4878	414 
4879	140 
4880	133 
4881	58 
4882	60 
4883	30 
4884	107 
4885	72 
4886	230 
4887	227 
4888	397 
4889	57 
4890	320 
4891	247 
4892	52 
4893	127 
4894	414 
4895	349 
4896	208 
4897	28 
4898	298 
4899	170 
4900	112 
4901	312 
4902	345 
4903	29 
4904	48 
4905	222 
4906	366 
4907	167 
4908	186 
4909	120 
4910	258 
4911	185 
4912	108 
4913	233 
4914	222 
4915	352 
4916	272 
4917	395 
4918	412 
4919	37 
4920	111 
4921	44 
4922	91 
4923	28 
4924	281 
4925	78 
4926	393 
4927	106 
4928	290 
4929	267 
4930	248 
4931	317 
4932	281 
4933	268 
4934	72 
4935	306 
4936	26 
4937	270 
4938	221 
4939	298 
4940	296 
4941	245 
4942	219 
4943	12 
4944	184 
4945	5 
4946	36 
4947	148 
4948	74 
4949	134 
4950	152 
4951	229 
4952	200 
4953	183 
4954	28 
4955	179 
4956	378 
4957	315 
4958	192 
4959	22 
4960	254 
4961	37 
4962	97 
4963	363 
4964	366 
4965	281 
4966	193 
4967	200 
4968	72 
4969	17 
4970	186 
4971	325 
4972	303 
4973	145 
4974	124 
4975	48 
4976	285 
4977	239 
4978	256 
4979	148 
4980	193 
4981	301 
4982	251 
4983	398 
4984	127 
4985	32 
4986	157 
4987	234 
4988	146 
4989	174 
4990	308 
4991	383 
4992	59 
4993	87 
4994	194 
4995	353 
4996	335 
4997	99 
4998	355 
4999	401 
5000	298 
5001	135 
5002	336 
5003	401 
5004	48 
5005	183 
5006	300 
5007	184 
5008	322 
5009	398 
5010	94 
5011	330 
5012	174 
5013	226 
5014	244 
5015	416 
5016	353 
5017	176 
5018	274 
5019	71 
5020	391 
5021	189 
5022	156 
5023	345 
5024	159 
5025	313 
5026	267 
5027	227 
5028	206 
5029	173 
5030	372 
5031	331 
5032	70 
5033	384 
5034	280 
5035	146 
5036	47 
5037	65 
5038	137 
5039	213 
5040	406 
5041	277 
5042	199 
5043	91 
5044	95 
5045	378 
5046	406 
5047	154 
5048	296 
5049	77 
5050	44 
5051	243 
5052	17 
5053	99 
5054	66 
5055	313 
5056	97 
5057	340 
5058	17 
5059	219 
5060	196 
5061	272 
5062	383 
5063	199 
5064	109 
5065	397 
5066	15 
5067	328 
5068	15 
5069	208 
5070	29 
5071	232 
5072	355 
5073	214 
5074	88 
5075	148 
5076	64 
5077	240 
5078	283 
5079	394 
5080	146 
5081	199 
5082	51 
5083	173 
5084	242 
5085	272 
5086	249 
5087	100 
5088	246 
5089	192 
5090	128 
5091	303 
5092	353 
5093	35 
5094	317 
5095	377 
5096	120 
5097	272 
5098	260 
5099	398 
5100	305 
5101	248 
5102	269 
5103	362 
5104	186 
5105	242 
5106	25 
5107	267 
5108	171 
5109	143 
5110	57 
5111	415 
5112	232 
5113	323 
5114	398 
5115	167 
5116	376 
5117	26 
5118	278 
5119	293 
5120	254 
5121	61 
5122	154 
5123	226 
5124	422 
5125	181 
5126	154 
5127	74 
5128	361 
5129	304 
5130	30 
5131	16 
5132	374 
5133	44 
5134	34 
5135	99 
5136	176 
5137	351 
5138	262 
5139	129 
5140	208 
5141	240 
5142	148 
5143	95 
5144	301 
5145	283 
5146	158 
5147	204 
5148	317 
5149	312 
5150	102 
5151	7 
5152	242 
5153	2 
5154	369 
5155	354 
5156	81 
5157	256 
5158	207 
5159	93 
5160	305 
5161	368 
5162	184 
5163	277 
5164	296 
5165	231 
5166	193 
5167	154 
5168	374 
5169	162 
5170	204 
5171	278 
5172	39 
5173	187 
5174	170 
5175	184 
5176	320 
5177	142 
5178	314 
5179	397 
5180	213 
5181	90 
5182	13 
5183	279 
5184	111 
5185	189 
5186	224 
5187	256 
5188	97 
5189	18 
5190	34 
5191	422 
5192	156 
5193	301 
5194	358 
5195	60 
5196	17 
5197	296 
5198	214 
5199	395 
5200	113 
5201	256 
5202	224 
5203	290 
5204	47 
5205	70 
5206	117 
5207	120 
5208	281 
5209	48 
5210	142 
5211	349 
5212	68 
5213	252 
5214	225 
5215	88 
5216	332 
5217	330 
5218	260 
5219	162 
5220	269 
5221	61 
5222	193 
5223	305 
5224	309 
5225	356 
5226	16 
5227	279 
5228	367 
5229	239 
5230	112 
5231	2 
5232	401 
5233	376 
5234	390 
5235	95 
5236	296 
5237	300 
5238	408 
5239	348 
5240	165 
5241	414 
5242	363 
5243	248 
5244	336 
5245	208 
5246	79 
5247	175 
5248	348 
5249	159 
5250	395 
5251	38 
5252	78 
5253	349 
5254	293 
5255	220 
5256	28 
5257	38 
5258	23 
5259	156 
5260	240 
5261	44 
5262	185 
5263	401 
5264	77 
5265	108 
5266	270 
5267	105 
5268	251 
5269	62 
5270	113 
5271	282 
5272	278 
5273	73 
5274	235 
5275	415 
5276	111 
5277	256 
5278	293 
5279	96 
5280	272 
5281	374 
5282	67 
5283	158 
5284	146 
5285	56 
5286	102 
5287	154 
5288	2 
5289	384 
5290	391 
5291	8 
5292	68 
5293	113 
5294	83 
5295	17 
5296	170 
5297	186 
5298	412 
5299	221 
5300	79 
5301	173 
5302	358 
5303	196 
5304	414 
5305	335 
5306	361 
5307	287 
5308	243 
5309	361 
5310	105 
5311	232 
5312	72 
5313	198 
5314	167 
5315	309 
5316	278 
5317	315 
5318	15 
5319	144 
5320	235 
5321	243 
5322	22 
5323	12 
5324	243 
5325	251 
5326	346 
5327	272 
5328	8 
5329	327 
5330	124 
5331	235 
5332	357 
5333	377 
5334	354 
5335	97 
5336	8 
5337	140 
5338	185 
5339	260 
5340	147 
5341	351 
5342	400 
5343	285 
5344	8 
5345	251 
5346	48 
5347	36 
5348	157 
5349	53 
5350	58 
5351	12 
5352	340 
5353	29 
5354	385 
5355	150 
5356	32 
5357	235 
5358	321 
5359	2 
5360	413 
5361	87 
5362	279 
5363	350 
5364	193 
5365	238 
5366	12 
5367	367 
5368	16 
5369	330 
5370	112 
5371	341 
5372	18 
5373	363 
5374	113 
5375	189 
5376	353 
5377	322 
5378	192 
5379	25 
5380	304 
5381	100 
5382	88 
5383	83 
5384	117 
5385	222 
5386	384 
5387	252 
5388	134 
5389	13 
5390	367 
5391	376 
5392	97 
5393	72 
5394	52 
5395	41 
5396	377 
5397	362 
5398	251 
5399	41 
5400	152 
5401	213 
5402	53 
5403	1 
5404	220 
5405	200 
5406	398 
5407	96 
5408	318 
5409	350 
5410	368 
5411	363 
5412	25 
5413	222 
5414	390 
5415	13 
5416	272 
5417	127 
5418	8 
5419	356 
5420	327 
5421	226 
5422	112 
5423	2 
5424	198 
5425	92 
5426	416 
5427	9 
5428	302 
5429	70 
5430	242 
5431	176 
5432	330 
5433	280 
5434	39 
5435	5 
5436	344 
5437	192 
5438	168 
5439	357 
5440	35 
5441	393 
5442	401 
5443	422 
5444	354 
5445	173 
5446	30 
5447	207 
5448	301 
5449	356 
5450	165 
5451	285 
5452	165 
5453	83 
5454	312 
5455	283 
5456	238 
5457	342 
5458	296 
5459	74 
5460	180 
5461	240 
5462	8 
5463	270 
5464	24 
5465	113 
5466	422 
5467	262 
5468	159 
5469	158 
5470	102 
5471	181 
5472	78 
5473	259 
5474	346 
5475	169 
5476	16 
5477	167 
5478	231 
5479	282 
5480	190 
5481	286 
5482	356 
5483	378 
5484	282 
5485	322 
5486	48 
5487	300 
5488	421 
5489	70 
5490	183 
5491	44 
5492	227 
5493	233 
5494	37 
5495	183 
5496	238 
5497	260 
5498	267 
5499	73 
5500	227 
5501	315 
5502	393 
5503	397 
5504	306 
5505	15 
5506	181 
5507	144 
5508	401 
5509	421 
5510	204 
5511	83 
5512	77 
5513	379 
5514	247 
5515	162 
5516	100 
5517	406 
5518	320 
5519	304 
5520	112 
5521	190 
5522	67 
5523	169 
5524	72 
5525	24 
5526	98 
5527	259 
5528	47 
5529	282 
5530	168 
5531	27 
5532	372 
5533	275 
5534	379 
5535	424 
5536	7 
5537	51 
5538	96 
5539	41 
5540	109 
5541	376 
5542	341 
5543	48 
5544	27 
5545	111 
5546	244 
5547	279 
5548	301 
5549	58 
5550	38 
5551	308 
5552	68 
5553	176 
5554	376 
5555	22 
5556	79 
5557	325 
5558	280 
5559	127 
5560	52 
5561	22 
5562	277 
5563	64 
5564	259 
5565	262 
5566	422 
5567	339 
5568	229 
5569	286 
5570	51 
5571	306 
5572	83 
5573	335 
5574	162 
5575	369 
5576	305 
5577	290 
5578	413 
5579	315 
5580	164 
5581	145 
5582	16 
5583	335 
5584	409 
5585	413 
5586	407 
5587	154 
5588	306 
5589	406 
5590	182 
5591	182 
5592	256 
5593	291 
5594	377 
5595	342 
5596	315 
5597	309 
5598	175 
5599	282 
5600	259 
5601	184 
5602	332 
5603	102 
5604	274 
5605	98 
5606	230 
5607	98 
5608	35 
5609	279 
5610	392 
5611	300 
5612	58 
5613	398 
5614	1 
5615	108 
5616	358 
5617	204 
5618	283 
5619	221 
5620	198 
5621	127 
5622	184 
5623	174 
5624	156 
5625	238 
5626	113 
5627	167 
5628	282 
5629	30 
5630	401 
5631	352 
5632	353 
5633	53 
5634	66 
5635	354 
5636	154 
5637	228 
5638	251 
5639	293 
5640	93 
5641	68 
5642	398 
5643	254 
5644	321 
5645	23 
5646	331 
5647	68 
5648	170 
5649	303 
5650	391 
5651	171 
5652	34 
5653	390 
5654	352 
5655	416 
5656	65 
5657	214 
5658	35 
5659	162 
5660	34 
5661	383 
5662	27 
5663	287 
5664	395 
5665	200 
5666	287 
5667	120 
5668	252 
5669	233 
5670	167 
5671	241 
5672	162 
5673	208 
5674	241 
5675	77 
5676	98 
5677	222 
5678	225 
5679	38 
5680	192 
5681	280 
5682	235 
5683	29 
5684	229 
5685	83 
5686	414 
5687	351 
5688	256 
5689	144 
5690	290 
5691	51 
5692	287 
5693	243 
5694	105 
5695	51 
5696	39 
5697	344 
5698	268 
5699	67 
5700	145 
5701	157 
5702	51 
5703	278 
5704	54 
5705	275 
5706	344 
5707	37 
5708	339 
5709	167 
5710	180 
5711	19 
5712	322 
5713	39 
5714	107 
5715	79 
5716	320 
5717	81 
5718	361 
5719	32 
5720	409 
5721	8 
5722	318 
5723	17 
5724	383 
5725	285 
5726	47 
5727	7 
5728	65 
5729	363 
5730	247 
5731	87 
5732	216 
5733	303 
5734	91 
5735	346 
5736	287 
5737	350 
5738	376 
5739	268 
5740	227 
5741	414 
5742	242 
5743	107 
5744	397 
5745	106 
5746	291 
5747	25 
5748	44 
5749	379 
5750	407 
5751	173 
5752	17 
5753	322 
5754	24 
5755	180 
5756	353 
5757	269 
5758	71 
5759	1 
5760	254 
5761	120 
5762	328 
5763	35 
5764	238 
5765	58 
5766	37 
5767	73 
5768	312 
5769	47 
5770	1 
5771	199 
5772	71 
5773	348 
5774	395 
5775	162 
5776	117 
5777	224 
5778	170 
5779	106 
5780	87 
5781	409 
5782	192 
5783	359 
5784	140 
5785	272 
5786	169 
5787	66 
5788	38 
5789	113 
5790	208 
5791	148 
5792	362 
5793	379 
5794	64 
5795	287 
5796	17 
5797	104 
5798	146 
5799	412 
5800	252 
5801	189 
5802	244 
5803	363 
5804	350 
5805	274 
5806	164 
5807	143 
5808	352 
5809	379 
5810	198 
5811	145 
5812	312 
5813	90 
5814	24 
5815	281 
5816	247 
5817	230 
5818	396 
5819	142 
5820	148 
5821	71 
5822	407 
5823	67 
5824	104 
5825	237 
5826	138 
5827	396 
5828	34 
5829	12 
5830	70 
5831	229 
5832	179 
5833	252 
5834	231 
5835	48 
5836	322 
5837	293 
5838	330 
5839	127 
5840	395 
5841	72 
5842	77 
5843	269 
5844	378 
5845	226 
5846	240 
5847	281 
5848	81 
5849	30 
5850	100 
5851	270 
5852	228 
5853	169 
5854	38 
5855	2 
5856	152 
5857	179 
5858	25 
5859	270 
5860	350 
5861	233 
5862	99 
5863	144 
5864	173 
5865	15 
5866	99 
5867	49 
5868	287 
5869	144 
5870	18 
5871	139 
5872	65 
5873	224 
5874	83 
5875	248 
5876	262 
5877	286 
5878	328 
5879	19 
5880	104 
5881	266 
5882	168 
5883	358 
5884	246 
5885	192 
5886	27 
5887	202 
5888	30 
5889	213 
5890	98 
5891	97 
5892	293 
5893	384 
5894	361 
5895	143 
5896	408 
5897	204 
5898	44 
5899	312 
5900	332 
5901	326 
5902	361 
5903	148 
5904	383 
5905	222 
5906	247 
5907	106 
5908	235 
5909	369 
5910	167 
5911	179 
5912	97 
5913	372 
5914	88 
5915	15 
5916	105 
5917	249 
5918	254 
5919	314 
5920	32 
5921	227 
5922	231 
5923	56 
5924	368 
5925	54 
5926	321 
5927	422 
5928	204 
5929	306 
5930	32 
5931	330 
5932	352 
5933	155 
5934	173 
5935	239 
5936	12 
5937	238 
5938	312 
5939	277 
5940	157 
5941	36 
5942	358 
5943	214 
5944	35 
5945	102 
5946	303 
5947	395 
5948	184 
5949	2 
5950	173 
5951	252 
5952	202 
5953	48 
5954	391 
5955	65 
5956	285 
5957	62 
5958	92 
5959	98 
5960	124 
5961	314 
5962	424 
5963	330 
5964	176 
5965	102 
5966	214 
5967	342 
5968	235 
5969	391 
5970	274 
5971	140 
5972	277 
5973	300 
5974	95 
5975	282 
5976	127 
5977	145 
5978	221 
5979	89 
5980	213 
5981	73 
5982	109 
5983	342 
5984	354 
5985	41 
5986	226 
5987	227 
5988	147 
5989	204 
5990	408 
5991	272 
5992	100 
5993	344 
5994	279 
5995	199 
5996	229 
5997	224 
5998	199 
5999	244 
6000	189 
6001	384 
6002	400 
6003	330 
6004	254 
6005	79 
6006	99 
6007	363 
6008	168 
6009	331 
6010	378 
6011	139 
6012	68 
6013	49 
6014	401 
6015	367 
6016	60 
6017	326 
6018	242 
6019	142 
6020	225 
6021	318 
6022	92 
6023	107 
6024	352 
6025	97 
6026	220 
6027	422 
6028	102 
6029	158 
6030	105 
6031	327 
6032	47 
6033	155 
6034	368 
6035	279 
6036	224 
6037	368 
6038	342 
6039	259 
6040	173 
6041	314 
6042	368 
6043	290 
6044	228 
6045	303 
6046	200 
6047	420 
6048	306 
6049	372 
6050	231 
6051	204 
6052	38 
6053	61 
6054	238 
6055	8 
6056	70 
6057	113 
6058	237 
6059	224 
6060	29 
6061	52 
6062	49 
6063	162 
6064	167 
6065	56 
6066	196 
6067	204 
6068	415 
6069	200 
6070	291 
6071	13 
6072	12 
6073	54 
6074	90 
6075	66 
6076	19 
6077	44 
6078	239 
6079	230 
6080	32 
6081	54 
6082	320 
6083	377 
6084	1 
6085	407 
6086	128 
6087	286 
6088	348 
6089	409 
6090	341 
6091	196 
6092	231 
6093	16 
6094	169 
6095	109 
6096	9 
6097	65 
6098	91 
6099	321 
6100	254 
6101	352 
6102	266 
6103	68 
6104	67 
6105	95 
6106	359 
6107	230 
6108	22 
6109	421 
6110	246 
6111	245 
6112	124 
6113	168 
6114	371 
6115	146 
6116	147 
6117	57 
6118	226 
6119	228 
6120	2 
6121	267 
6122	243 
6123	351 
6124	36 
6125	400 
6126	81 
6127	275 
6128	97 
6129	88 
6130	282 
6131	35 
6132	298 
6133	51 
6134	202 
6135	56 
6136	56 
6137	73 
6138	66 
6139	83 
6140	51 
6141	239 
6142	58 
6143	306 
6144	68 
6145	325 
6146	64 
6147	204 
6148	407 
6149	66 
6150	229 
6151	17 
6152	109 
6153	305 
6154	326 
6155	167 
6156	256 
6157	226 
6158	351 
6159	159 
6160	287 
6161	150 
6162	139 
6163	88 
6164	41 
6165	285 
6166	235 
6167	335 
6168	340 
6169	220 
6170	73 
6171	155 
6172	64 
6173	268 
6174	280 
6175	189 
6176	321 
6177	22 
6178	184 
6179	424 
6180	241 
6181	267 
6182	372 
6183	233 
6184	279 
6185	208 
6186	193 
6187	152 
6188	142 
6189	361 
6190	112 
6191	233 
6192	283 
6193	301 
6194	397 
6195	152 
6196	157 
6197	105 
6198	298 
6199	24 
6200	340 
6201	23 
6202	157 
6203	213 
6204	102 
6205	87 
6206	315 
6207	28 
6208	287 
6209	230 
6210	321 
6211	198 
6212	18 
6213	169 
6214	267 
6215	339 
6216	303 
6217	202 
6218	48 
6219	48 
6220	144 
6221	22 
6222	297 
6223	400 
6224	19 
6225	348 
6226	15 
6227	392 
6228	120 
6229	249 
6230	213 
6231	286 
6232	106 
6233	414 
6234	227 
6235	241 
6236	29 
6237	128 
6238	306 
6239	392 
6240	198 
6241	368 
6242	53 
6243	148 
6244	390 
6245	89 
6246	174 
6247	293 
6248	247 
6249	277 
6250	336 
6251	182 
6252	8 
6253	54 
6254	23 
6255	100 
6256	336 
6257	245 
6258	107 
6259	83 
6260	327 
6261	352 
6262	398 
6263	9 
6264	216 
6265	275 
6266	368 
6267	241 
6268	93 
6269	185 
6270	274 
6271	239 
6272	100 
6273	415 
6274	158 
6275	174 
6276	362 
6277	340 
6278	109 
6279	179 
6280	109 
6281	146 
6282	173 
6283	367 
6284	198 
6285	65 
6286	23 
6287	357 
6288	229 
6289	66 
6290	108 
6291	106 
6292	309 
6293	252 
6294	41 
6295	159 
6296	98 
6297	190 
6298	190 
6299	73 
6300	314 
6301	400 
6302	109 
6303	259 
6304	193 
6305	77 
6306	325 
6307	421 
6308	159 
6309	259 
6310	23 
6311	301 
6312	230 
6313	285 
6314	278 
6315	424 
6316	391 
6317	120 
6318	254 
6319	326 
6320	60 
6321	268 
6322	272 
6323	143 
6324	341 
6325	154 
6326	233 
6327	189 
6328	109 
6329	278 
6330	92 
6331	341 
6332	139 
6333	287 
6334	142 
6335	400 
6336	150 
6337	87 
6338	28 
6339	107 
6340	2 
6341	252 
6342	13 
6343	397 
6344	267 
6345	251 
6346	385 
6347	65 
6348	286 
6349	225 
6350	414 
6351	350 
6352	58 
6353	73 
6354	173 
6355	220 
6356	22 
6357	305 
6358	326 
6359	30 
6360	384 
6361	5 
6362	173 
6363	5 
6364	224 
6365	49 
6366	413 
6367	306 
6368	249 
6369	53 
6370	152 
6371	213 
6372	220 
6373	127 
6374	93 
6375	134 
6376	246 
6377	208 
6378	328 
6379	230 
6380	275 
6381	49 
6382	352 
6383	154 
6384	269 
6385	256 
6386	49 
6387	262 
6388	169 
6389	225 
6390	233 
6391	113 
6392	32 
6393	41 
6394	401 
6395	175 
6396	200 
6397	214 
6398	301 
6399	171 
6400	9 
6401	144 
6402	62 
6403	111 
6404	362 
6405	362 
6406	322 
6407	17 
6408	176 
6409	406 
6410	90 
6411	305 
6412	9 
6413	420 
6414	352 
6415	282 
6416	300 
6417	328 
6418	377 
6419	196 
6420	345 
6421	66 
6422	231 
6423	227 
6424	190 
6425	362 
6426	179 
6427	180 
6428	148 
6429	12 
6430	270 
6431	351 
6432	7 
6433	368 
6434	9 
6435	112 
6436	109 
6437	312 
6438	202 
6439	190 
6440	254 
6441	127 
6442	277 
6443	148 
6444	290 
6445	2 
6446	202 
6447	193 
6448	67 
6449	108 
6450	78 
6451	193 
6452	259 
6453	416 
6454	352 
6455	283 
6456	57 
6457	70 
6458	89 
6459	357 
6460	303 
6461	152 
6462	336 
6463	305 
6464	24 
6465	321 
6466	344 
6467	65 
6468	229 
6469	112 
6470	422 
6471	47 
6472	274 
6473	357 
6474	83 
6475	36 
6476	245 
6477	420 
6478	179 
6479	390 
6480	259 
6481	12 
6482	353 
6483	146 
6484	77 
6485	54 
6486	396 
6487	251 
6488	214 
6489	266 
6490	398 
6491	83 
6492	104 
6493	362 
6494	18 
6495	95 
6496	147 
6497	228 
6498	379 
6499	147 
6500	421 
6501	139 
6502	249 
6503	17 
6504	279 
6505	385 
6506	351 
6507	12 
6508	24 
6509	19 
6510	221 
6511	144 
6512	346 
6513	278 
6514	274 
6515	266 
6516	277 
6517	267 
6518	182 
6519	297 
6520	259 
6521	254 
6522	185 
6523	105 
6524	262 
6525	246 
6526	318 
6527	412 
6528	91 
6529	248 
6530	184 
6531	67 
6532	159 
6533	306 
6534	420 
6535	229 
6536	113 
6537	91 
6538	335 
6539	145 
6540	89 
6541	140 
6542	90 
6543	291 
6544	354 
6545	49 
6546	214 
6547	39 
6548	57 
6549	327 
6550	140 
6551	367 
6552	379 
6553	300 
6554	109 
6555	146 
6556	318 
6557	262 
6558	229 
6559	93 
6560	208 
6561	90 
6562	222 
6563	102 
6564	290 
6565	321 
6566	401 
6567	224 
6568	154 
6569	30 
6570	291 
6571	326 
6572	17 
6573	350 
6574	152 
6575	28 
6576	83 
6577	56 
6578	353 
6579	88 
6580	169 
6581	99 
6582	241 
6583	344 
6584	290 
6585	5 
6586	13 
6587	322 
6588	300 
6589	139 
6590	127 
6591	106 
6592	208 
6593	358 
6594	221 
6595	241 
6596	61 
6597	275 
6598	330 
6599	252 
6600	315 
6601	331 
6602	78 
6603	379 
6604	301 
6605	412 
6606	15 
6607	155 
6608	8 
6609	325 
6610	176 
6611	98 
6612	327 
6613	58 
6614	189 
6615	228 
6616	391 
6617	239 
6618	32 
6619	390 
6620	377 
6621	312 
6622	9 
6623	323 
6624	239 
6625	281 
6626	233 
6627	385 
6628	269 
6629	108 
6630	73 
6631	93 
6632	95 
6633	282 
6634	249 
6635	112 
6636	185 
6637	272 
6638	247 
6639	159 
6640	13 
6641	412 
6642	53 
6643	306 
6644	30 
6645	290 
6646	259 
6647	96 
6648	29 
6649	396 
6650	345 
6651	70 
6652	415 
6653	150 
6654	190 
6655	224 
6656	275 
6657	280 
6658	371 
6659	268 
6660	57 
6661	92 
6662	8 
6663	340 
6664	401 
6665	392 
6666	287 
6667	266 
6668	200 
6669	312 
6670	415 
6671	421 
6672	167 
6673	421 
6674	200 
6675	396 
6676	321 
6677	169 
6678	290 
6679	8 
6680	5 
6681	256 
6682	64 
6683	335 
6684	415 
6685	214 
6686	176 
6687	48 
6688	328 
6689	128 
6690	16 
6691	246 
6692	184 
6693	224 
6694	245 
6695	340 
6696	18 
6697	68 
6698	326 
6699	262 
6700	159 
6701	335 
6702	39 
6703	12 
6704	36 
6705	146 
6706	9 
6707	251 
6708	127 
6709	150 
6710	224 
6711	159 
6712	41 
6713	341 
6714	171 
6715	95 
6716	154 
6717	241 
6718	328 
6719	362 
6720	16 
6721	155 
6722	424 
6723	308 
6724	106 
6725	351 
6726	91 
6727	348 
6728	96 
6729	283 
6730	100 
6731	362 
6732	249 
6733	305 
6734	412 
6735	363 
6736	140 
6737	36 
6738	286 
6739	266 
6740	187 
6741	109 
6742	179 
6743	287 
6744	412 
6745	277 
6746	60 
6747	9 
6748	243 
6749	48 
6750	345 
6751	401 
6752	397 
6753	105 
6754	243 
6755	105 
6756	147 
6757	67 
6758	297 
6759	286 
6760	254 
6761	57 
6762	346 
6763	92 
6764	415 
6765	8 
6766	341 
6767	150 
6768	293 
6769	93 
6770	275 
6771	143 
6772	128 
6773	275 
6774	415 
6775	96 
6776	341 
6777	395 
6778	184 
6779	140 
6780	275 
6781	145 
6782	22 
6783	336 
6784	37 
6785	391 
6786	354 
6787	280 
6788	174 
6789	78 
6790	221 
6791	331 
6792	318 
6793	165 
6794	233 
6795	8 
6796	401 
6797	147 
6798	266 
6799	359 
6800	358 
6801	202 
6802	171 
6803	109 
6804	321 
6805	104 
6806	293 
6807	336 
6808	90 
6809	290 
6810	28 
6811	18 
6812	106 
6813	286 
6814	134 
6815	192 
6816	224 
6817	139 
6818	335 
6819	414 
6820	120 
6821	327 
6822	422 
6823	239 
6824	287 
6825	422 
6826	98 
6827	328 
6828	165 
6829	335 
6830	98 
6831	49 
6832	78 
6833	297 
6834	237 
6835	301 
6836	416 
6837	171 
6838	308 
6839	315 
6840	220 
6841	176 
6842	18 
6843	243 
6844	155 
6845	230 
6846	339 
6847	392 
6848	420 
6849	220 
6850	368 
6851	291 
6852	48 
6853	314 
6854	220 
6855	176 
6856	104 
6857	25 
6858	213 
6859	300 
6860	61 
6861	79 
6862	318 
6863	230 
6864	106 
6865	395 
6866	336 
6867	140 
6868	354 
6869	105 
6870	248 
6871	308 
6872	281 
6873	18 
6874	230 
6875	62 
6876	186 
6877	275 
6878	144 
6879	167 
6880	392 
6881	406 
6882	390 
6883	361 
6884	400 
6885	213 
6886	1 
6887	391 
6888	67 
6889	322 
6890	330 
6891	252 
6892	146 
6893	391 
6894	174 
6895	331 
6896	226 
6897	41 
6898	368 
6899	213 
6900	169 
6901	416 
6902	53 
6903	249 
6904	293 
6905	315 
6906	390 
6907	5 
6908	413 
6909	225 
6910	148 
6911	266 
6912	301 
6913	363 
6914	309 
6915	247 
6916	222 
6917	278 
6918	406 
6919	312 
6920	62 
6921	192 
6922	325 
6923	108 
6924	36 
6925	293 
6926	17 
6927	41 
6928	282 
6929	371 
6930	128 
6931	186 
6932	35 
6933	247 
6934	105 
6935	378 
6936	64 
6937	239 
6938	300 
6939	335 
6940	96 
6941	368 
6942	229 
6943	25 
6944	187 
6945	111 
6946	213 
6947	92 
6948	54 
6949	318 
6950	371 
6951	379 
6952	189 
6953	422 
6954	184 
6955	321 
6956	237 
6957	348 
6958	233 
6959	120 
6960	144 
6961	342 
6962	412 
6963	29 
6964	56 
6965	109 
6966	52 
6967	89 
6968	385 
6969	152 
6970	279 
6971	225 
6972	165 
6973	108 
6974	315 
6975	286 
6976	81 
6977	184 
6978	395 
6979	90 
6980	320 
6981	279 
6982	165 
6983	200 
6984	54 
6985	306 
6986	392 
6987	238 
6988	244 
6989	25 
6990	290 
6991	148 
6992	308 
6993	150 
6994	174 
6995	29 
6996	422 
6997	32 
6998	145 
6999	60 
7000	53 
7001	120 
7002	243 
7003	226 
7004	251 
7005	281 
7006	165 
7007	192 
7008	145 
7009	322 
7010	222 
7011	357 
7012	62 
7013	392 
7014	406 
7015	249 
7016	216 
7017	330 
7018	225 
7019	144 
7020	291 
7021	18 
7022	109 
7023	422 
7024	200 
7025	240 
7026	358 
7027	89 
7028	412 
7029	377 
7030	354 
7031	89 
7032	213 
7033	61 
7034	359 
7035	92 
7036	159 
7037	367 
7038	291 
7039	17 
7040	111 
7041	315 
7042	89 
7043	155 
7044	221 
7045	397 
7046	351 
7047	298 
7048	1 
7049	309 
7050	369 
7051	18 
7052	169 
7053	91 
7054	220 
7055	127 
7056	345 
7057	396 
7058	260 
7059	202 
7060	246 
7061	60 
7062	357 
7063	414 
7064	384 
7065	406 
7066	64 
7067	174 
7068	293 
7069	169 
7070	251 
7071	159 
7072	213 
7073	64 
7074	278 
7075	240 
7076	139 
7077	395 
7078	220 
7079	53 
7080	293 
7081	240 
7082	111 
7083	384 
7084	390 
7085	165 
7086	105 
7087	19 
7088	357 
7089	12 
7090	247 
7091	53 
7092	390 
7093	420 
7094	221 
7095	353 
7096	158 
7097	53 
7098	17 
7099	216 
7100	323 
7101	62 
7102	8 
7103	158 
7104	56 
7105	415 
7106	283 
7107	266 
7108	22 
7109	339 
7110	81 
7111	186 
7112	180 
7113	202 
7114	2 
7115	233 
7116	240 
7117	112 
7118	332 
7119	139 
7120	358 
7121	351 
7122	278 
7123	407 
7124	397 
7125	351 
7126	220 
7127	309 
7128	78 
7129	226 
7130	341 
7131	208 
7132	424 
7133	165 
7134	93 
7135	220 
7136	112 
7137	2 
7138	390 
7139	208 
7140	221 
7141	9 
7142	226 
7143	9 
7144	252 
7145	359 
7146	56 
7147	91 
7148	281 
7149	79 
7150	158 
7151	222 
7152	190 
7153	340 
7154	406 
7155	249 
7156	309 
7157	277 
7158	298 
7159	19 
7160	244 
7161	91 
7162	340 
7163	216 
7164	28 
7165	208 
7166	79 
7167	99 
7168	416 
7169	320 
7170	41 
7171	358 
7172	52 
7173	266 
7174	414 
7175	277 
7176	280 
7177	230 
7178	148 
7179	77 
7180	367 
7181	424 
7182	330 
7183	148 
7184	266 
7185	391 
7186	185 
7187	25 
7188	36 
7189	318 
7190	259 
7191	268 
7192	68 
7193	323 
7194	104 
7195	5 
7196	243 
7197	18 
7198	99 
7199	377 
7200	352 
7201	1 
7202	19 
7203	105 
7204	41 
7205	245 
7206	127 
7207	48 
7208	150 
7209	332 
7210	298 
7211	106 
7212	369 
7213	227 
7214	5 
7215	98 
7216	57 
7217	184 
7218	248 
7219	357 
7220	228 
7221	266 
7222	1 
7223	12 
7224	56 
7225	155 
7226	180 
7227	342 
7228	406 
7229	208 
7230	298 
7231	145 
7232	325 
7233	352 
7234	323 
7235	379 
7236	361 
7237	306 
7238	341 
7239	241 
7240	367 
7241	228 
7242	230 
7243	52 
7244	392 
7245	322 
7246	108 
7247	290 
7248	361 
7249	15 
7250	213 
7251	92 
7252	128 
7253	293 
7254	357 
7255	353 
7256	293 
7257	244 
7258	102 
7259	392 
7260	275 
7261	1 
7262	173 
7263	260 
7264	243 
7265	290 
7266	187 
7267	238 
7268	187 
7269	228 
7270	39 
7271	165 
7272	167 
7273	169 
7274	12 
7275	92 
7276	139 
7277	325 
7278	240 
7279	231 
7280	185 
7281	285 
7282	328 
7283	228 
7284	73 
7285	189 
7286	246 
7287	89 
7288	331 
7289	22 
7290	79 
7291	359 
7292	397 
7293	385 
7294	240 
7295	25 
7296	68 
7297	251 
7298	108 
7299	134 
7300	238 
7301	268 
7302	15 
7303	202 
7304	320 
7305	39 
7306	245 
7307	244 
7308	81 
7309	260 
7310	5 
7311	186 
7312	113 
7313	224 
7314	145 
7315	231 
7316	369 
7317	48 
7318	361 
7319	331 
7320	395 
7321	81 
7322	120 
7323	173 
7324	222 
7325	244 
7326	225 
7327	144 
7328	397 
7329	279 
7330	62 
7331	238 
7332	331 
7333	341 
7334	416 
7335	306 
7336	98 
7337	176 
7338	220 
7339	233 
7340	318 
7341	401 
7342	139 
7343	35 
7344	280 
7345	173 
7346	96 
7347	225 
7348	377 
7349	100 
7350	52 
7351	318 
7352	318 
7353	357 
7354	65 
7355	148 
7356	128 
7357	254 
7358	1 
7359	77 
7360	93 
7361	143 
7362	358 
7363	331 
7364	185 
7365	238 
7366	231 
7367	81 
7368	19 
7369	144 
7370	384 
7371	158 
7372	189 
7373	25 
7374	81 
7375	340 
7376	359 
7377	353 
7378	78 
7379	322 
7380	68 
7381	120 
7382	91 
7383	189 
7384	104 
7385	171 
7386	377 
7387	64 
7388	314 
7389	53 
7390	367 
7391	22 
7392	332 
7393	285 
7394	175 
7395	330 
7396	291 
7397	260 
7398	237 
7399	54 
7400	358 
7401	102 
7402	328 
7403	259 
7404	144 
7405	200 
7406	246 
7407	357 
7408	200 
7409	314 
7410	407 
7411	127 
7412	392 
7413	322 
7414	167 
7415	415 
7416	351 
7417	57 
7418	22 
7419	339 
7420	216 
7421	239 
7422	420 
7423	2 
7424	390 
7425	186 
7426	384 
7427	186 
7428	64 
7429	314 
7430	377 
7431	89 
7432	60 
7433	368 
7434	32 
7435	52 
7436	171 
7437	108 
7438	68 
7439	314 
7440	239 
7441	326 
7442	286 
7443	87 
7444	325 
7445	17 
7446	91 
7447	18 
7448	53 
7449	202 
7450	13 
7451	165 
7452	5 
7453	146 
7454	65 
7455	238 
7456	367 
7457	367 
7458	174 
7459	36 
7460	73 
7461	361 
7462	158 
7463	184 
7464	208 
7465	104 
7466	73 
7467	378 
7468	392 
7469	309 
7470	420 
7471	323 
7472	143 
7473	341 
7474	62 
7475	213 
7476	228 
7477	68 
7478	154 
7479	244 
7480	392 
7481	352 
7482	175 
7483	5 
7484	238 
7485	155 
7486	91 
7487	154 
7488	230 
7489	28 
7490	17 
7491	41 
7492	106 
7493	159 
7494	102 
7495	397 
7496	371 
7497	77 
7498	308 
7499	247 
7500	291 
7501	17 
7502	279 
7503	173 
7504	134 
7505	416 
7506	340 
7507	222 
7508	280 
7509	54 
7510	325 
7511	1 
7512	200 
7513	41 
7514	89 
7515	54 
7516	282 
7517	175 
7518	315 
7519	354 
7520	89 
7521	221 
7522	54 
7523	407 
7524	318 
7525	224 
7526	332 
7527	2 
7528	62 
7529	231 
7530	323 
7531	79 
7532	395 
7533	173 
7534	326 
7535	1 
7536	68 
7537	12 
7538	95 
7539	268 
7540	368 
7541	378 
7542	244 
7543	104 
7544	412 
7545	78 
7546	306 
7547	396 
7548	283 
7549	41 
7550	281 
7551	331 
7552	283 
7553	392 
7554	229 
7555	331 
7556	1 
7557	104 
7558	81 
7559	352 
7560	282 
7561	8 
7562	392 
7563	25 
7564	139 
7565	202 
7566	287 
7567	300 
7568	140 
7569	246 
7570	17 
7571	359 
7572	416 
7573	228 
7574	327 
7575	281 
7576	65 
7577	158 
7578	308 
7579	369 
7580	77 
7581	323 
7582	17 
7583	22 
7584	326 
7585	308 
7586	326 
7587	279 
7588	330 
7589	189 
7590	229 
7591	230 
7592	5 
7593	245 
7594	327 
7595	378 
7596	100 
7597	407 
7598	13 
7599	39 
7600	281 
7601	221 
7602	315 
7603	331 
7604	36 
7605	279 
7606	208 
7607	13 
7608	238 
7609	285 
7610	413 
7611	106 
7612	300 
7613	222 
7614	354 
7615	254 
7616	280 
7617	65 
7618	291 
7619	52 
7620	39 
7621	95 
7622	62 
7623	87 
7624	379 
7625	28 
7626	32 
7627	245 
7628	259 
7629	230 
7630	28 
7631	13 
7632	176 
7633	287 
7634	5 
7635	1 
7636	112 
7637	185 
7638	384 
7639	92 
7640	275 
7641	144 
7642	87 
7643	275 
7644	220 
7645	87 
7646	32 
7647	41 
7648	140 
7649	9 
7650	216 
7651	184 
7652	18 
7653	29 
7654	89 
7655	200 
7656	413 
7657	331 
7658	9 
7659	221 
7660	325 
7661	407 
7662	248 
7663	378 
7664	336 
7665	202 
7666	5 
7667	308 
7668	104 
7669	64 
7670	56 
7671	275 
7672	108 
7673	143 
7674	267 
7675	420 
7676	202 
7677	237 
7678	18 
7679	392 
7680	260 
7681	175 
7682	175 
7683	154 
7684	227 
7685	228 
7686	291 
7687	29 
7688	378 
7689	102 
7690	32 
7691	314 
7692	233 
7693	112 
7694	392 
7695	173 
7696	392 
7697	79 
7698	237 
7699	70 
7700	15 
7701	216 
7702	77 
7703	323 
7704	287 
7705	171 
7706	96 
7707	221 
7708	339 
7709	225 
7710	385 
7711	17 
7712	416 
7713	424 
7714	169 
7715	225 
7716	246 
7717	368 
7718	128 
7719	424 
7720	180 
7721	224 
7722	158 
7723	53 
7724	79 
7725	327 
7726	175 
7727	229 
7728	221 
7729	280 
7730	267 
7731	392 
7732	385 
7733	221 
7734	415 
7735	134 
7736	266 
7737	244 
7738	367 
7739	358 
7740	275 
7741	120 
7742	336 
7743	309 
7744	154 
7745	32 
7746	60 
7747	155 
7748	167 
7749	134 
7750	112 
7751	167 
7752	92 
7753	89 
7754	112 
7755	280 
7756	314 
7757	56 
7758	237 
7759	245 
7760	367 
7761	100 
7762	278 
7763	397 
7764	22 
7765	357 
7766	222 
7767	341 
7768	397 
7769	99 
7770	239 
7771	192 
7772	237 
7773	2 
7774	175 
7775	174 
7776	239 
7777	95 
7778	173 
7779	104 
7780	326 
7781	174 
7782	291 
7783	36 
7784	174 
7785	189 
7786	259 
7787	266 
7788	227 
7789	406 
7790	62 
7791	397 
7792	28 
7793	420 
7794	308 
7795	233 
7796	322 
7797	140 
7798	266 
7799	233 
7800	2 
7801	237 
7802	330 
7803	169 
7804	336 
7805	379 
7806	354 
7807	176 
7808	15 
7809	68 
7810	339 
7811	174 
7812	79 
7813	106 
7814	175 
7815	92 
7816	56 
7817	15 
7818	106 
7819	216 
7820	100 
7821	314 
7822	224 
7823	415 
7824	340 
7825	208 
7826	77 
7827	259 
7828	96 
7829	100 
7830	424 
7831	87 
7832	25 
7833	245 
7834	340 
7835	28 
7836	238 
7837	224 
7838	342 
7839	190 
7840	228 
7841	331 
7842	87 
7843	239 
7844	395 
7845	1 
7846	186 
7847	171 
7848	283 
7849	286 
7850	336 
7851	342 
7852	326 
7853	293 
7854	377 
7855	308 
7856	208 
7857	345 
7858	354 
7859	385 
7860	175 
7861	143 
7862	190 
7863	216 
7864	165 
7865	9 
7866	17 
7867	354 
7868	327 
7869	395 
7870	354 
7871	189 
7872	424 
7873	182 
7874	254 
7875	159 
7876	331 
7877	221 
7878	268 
7879	371 
7880	165 
7881	146 
7882	336 
7883	330 
7884	54 
7885	22 
7886	309 
7887	112 
7888	91 
7889	96 
7890	238 
7891	240 
7892	352 
7893	154 
7894	102 
7895	359 
7896	237 
7897	352 
7898	412 
7899	222 
7900	325 
7901	28 
7902	352 
7903	15 
7904	291 
7905	154 
7906	240 
7907	424 
7908	77 
7909	377 
7910	216 
7911	369 
7912	378 
7913	412 
7914	233 
7915	52 
7916	171 
7917	237 
7918	87 
7919	22 
7920	25 
7921	79 
7922	171 
7923	120 
7924	330 
7925	52 
7926	245 
7927	227 
7928	128 
7929	77 
7930	139 
7931	268 
7932	318 
7933	280 
7934	41 
7935	243 
7936	354 
7937	65 
7938	95 
7939	275 
7940	407 
7941	146 
7942	328 
7943	41 
7944	70 
7945	259 
7946	99 
7947	306 
7948	259 
7949	330 
7950	230 
7951	358 
7952	254 
7953	281 
7954	22 
7955	354 
7956	102 
7957	134 
7958	68 
7959	325 
7960	224 
7961	385 
7962	424 
7963	19 
7964	322 
7965	143 
7966	36 
7967	339 
7968	275 
7969	112 
7970	70 
7971	233 
7972	243 
7973	396 
7974	104 
7975	260 
7976	202 
7977	22 
7978	184 
7979	185 
7980	233 
7981	241 
7982	413 
7983	323 
7984	260 
7985	371 
7986	240 
7987	62 
7988	286 
7989	5 
7990	5 
7991	245 
7992	108 
7993	420 
7994	359 
7995	146 
7996	341 
7997	184 
7998	189 
7999	369 
8000	341 
8001	359 
8002	325 
8003	222 
8004	368 
8005	19 
8006	325 
8007	248 
8008	9 
8009	192 
8010	62 
8011	278 
8012	283 
8013	361 
8014	336 
8015	285 
8016	87 
8017	128 
8018	79 
8019	146 
8020	385 
8021	412 
8022	413 
8023	112 
8024	108 
8025	184 
8026	385 
8027	64 
8028	2 
8029	287 
8030	326 
8031	248 
8032	315 
8033	339 
8034	28 
8035	64 
8036	65 
8037	158 
8038	252 
8039	357 
8040	252 
8041	108 
8042	260 
8043	104 
8044	19 
8045	323 
8046	340 
8047	314 
8048	240 
8049	359 
8050	266 
8051	244 
8052	285 
8053	96 
8054	248 
8055	401 
8056	17 
8057	325 
8058	53 
8059	243 
8060	385 
8061	241 
8062	54 
8063	200 
8064	358 
8065	112 
8066	345 
8067	291 
8068	173 
8069	318 
8070	371 
8071	385 
8072	190 
8073	342 
8074	332 
8075	396 
8076	228 
8077	202 
8078	2 
8079	100 
8080	165 
8081	341 
8082	245 
8083	357 
8084	330 
8085	331 
8086	52 
8087	96 
8088	171 
8089	192 
8090	239 
8091	244 
8092	406 
8093	283 
8094	352 
8095	1 
8096	286 
8097	357 
8098	227 
8099	186 
8100	154 
8101	322 
8102	70 
8103	367 
8104	325 
8105	406 
8106	134 
8107	325 
8108	62 
8109	113 
8110	17 
8111	17 
8112	139 
8113	92 
8114	186 
8115	2 
8116	87 
8117	208 
8118	182 
8119	108 
8120	91 
8121	15 
8122	367 
8123	1 
8124	173 
8125	25 
8126	146 
8127	176 
8128	415 
8129	330 
8130	208 
8131	369 
8132	228 
8133	244 
8134	359 
8135	176 
8136	182 
8137	283 
8138	240 
8139	353 
8140	241 
8141	392 
8142	327 
8143	314 
8144	228 
8145	70 
8146	96 
8147	155 
8148	106 
8149	268 
8150	165 
8151	61 
8152	342 
8153	368 
8154	91 
8155	245 
8156	9 
8157	413 
8158	278 
8159	252 
8160	62 
8161	345 
8162	208 
8163	19 
8164	202 
8165	367 
8166	420 
8167	248 
8168	134 
8169	306 
8170	278 
8171	216 
8172	165 
8173	222 
8174	134 
8175	77 
8176	227 
8177	280 
8178	79 
8179	252 
8180	65 
8181	239 
8182	241 
8183	36 
8184	327 
8185	239 
8186	140 
8187	1 
8188	361 
8189	420 
8190	174 
8191	248 
8192	330 
8193	309 
8194	62 
8195	228 
8196	282 
8197	424 
8198	412 
8199	189 
8200	281 
8201	139 
8202	416 
8203	9 
8204	309 
8205	171 
8206	406 
8207	96 
8208	200 
8209	140 
8210	306 
8211	175 
8212	95 
8213	367 
8214	282 
8215	113 
8216	216 
8217	134 
8218	267 
8219	216 
8220	39 
8221	424 
8222	155 
8223	413 
8224	352 
8225	336 
8226	108 
8227	396 
8228	87 
8229	104 
8230	224 
8231	330 
8232	267 
8233	91 
8234	251 
8235	91 
8236	155 
8237	401 
8238	70 
8239	5 
8240	367 
8241	182 
8242	53 
8243	293 
8244	240 
8245	342 
8246	146 
8247	385 
8248	240 
8249	243 
8250	395 
8251	353 
8252	52 
8253	174 
8254	367 
8255	420 
8256	407 
8257	325 
8258	155 
8259	259 
8260	5 
8261	385 
8262	99 
8263	412 
8264	227 
8265	336 
8266	233 
8267	108 
8268	176 
8269	61 
8270	385 
8271	395 
8272	154 
8273	336 
8274	134 
8275	186 
8276	190 
8277	19 
8278	379 
8279	240 
8280	260 
8281	286 
8282	353 
8283	154 
8284	185 
8285	266 
8286	233 
8287	267 
8288	407 
8289	286 
8290	128 
8291	395 
8292	306 
8293	186 
8294	359 
8295	175 
8296	70 
8297	339 
8298	104 
8299	357 
8300	216 
8301	396 
8302	359 
8303	401 
8304	39 
8305	371 
8306	287 
8307	113 
8308	286 
8309	104 
8310	96 
8311	342 
8312	202 
8313	176 
8314	70 
8315	251 
8316	189 
8317	17 
8318	180 
8319	62 
8320	379 
8321	154 
8322	309 
8323	420 
8324	378 
8325	278 
8326	182 
8327	19 
8328	29 
8329	359 
8330	155 
8331	77 
8332	267 
8333	39 
8334	106 
8335	15 
8336	104 
8337	266 
8338	68 
8339	139 
8340	424 
8341	61 
8342	154 
8343	415 
8344	89 
8345	155 
8346	326 
8347	358 
8348	357 
8349	342 
8350	155 
8351	240 
8352	401 
8353	28 
8354	287 
8355	342 
8356	192 
8357	91 
8358	345 
8359	245 
8360	139 
8361	241 
8362	120 
8363	339 
8364	331 
8365	243 
8366	227 
8367	140 
8368	208 
8369	260 
8370	113 
8371	246 
8372	154 
8373	287 
8374	61 
8375	5 
8376	361 
8377	174 
8378	385 
8379	359 
8380	331 
8381	309 
8382	353 
8383	68 
8384	326 
8385	251 
8386	413 
8387	182 
8388	65 
8389	339 
8390	68 
8391	352 
8392	15 
8393	239 
8394	77 
8395	128 
8396	182 
8397	155 
8398	176 
8399	416 
8400	246 
8401	352 
8402	268 
8403	326 
8404	367 
8405	145 
8406	246 
8407	287 
8408	171 
8409	286 
8410	243 
8411	79 
8412	134 
8413	241 
8414	260 
8415	280 
8416	306 
8417	176 
8418	254 
8419	308 
8420	266 
8421	243 
8422	241 
8423	65 
8424	325 
8425	190 
8426	175 
8427	325 
8428	282 
8429	371 
8430	182 
8431	171 
8432	331 
8433	416 
8434	392 
8435	9 
8436	189 
8437	407 
8438	112 
8439	267 
8440	340 
8441	182 
8442	2 
8443	354 
8444	345 
8445	57 
8446	62 
8447	106 
8448	200 
8449	251 
8450	28 
8451	65 
8452	340 
8453	345 
8454	330 
8455	99 
8456	323 
8457	145 
8458	65 
8459	128 
8460	339 
8461	192 
8462	184 
8463	308 
8464	227 
8465	25 
8466	146 
8467	91 
8468	252 
8469	128 
8470	202 
8471	176 
8472	5 
8473	53 
8474	29 
8475	15 
8476	339 
8477	322 
8478	77 
8479	251 
8480	25 
8481	280 
8482	36 
8483	192 
8484	252 
8485	385 
8486	309 
8487	171 
8488	216 
8489	104 
8490	420 
8491	228 
8492	70 
8493	140 
8494	392 
8495	5 
8496	268 
8497	416 
8498	282 
8499	354 
8500	171 
8501	359 
8502	243 
8503	52 
8504	318 
8505	358 
8506	208 
8507	2 
8508	245 
8509	240 
8510	309 
8511	184 
8512	15 
8513	260 
8514	396 
8515	113 
8516	227 
8517	245 
8518	413 
8519	358 
8520	68 
8521	29 
8522	330 
8523	245 
8524	267 
8525	287 
8526	240 
8527	361 
8528	413 
8529	41 
8530	25 
8531	251 
8532	268 
8533	79 
8534	392 
8535	407 
8536	32 
8537	322 
8538	233 
8539	192 
8540	407 
8541	286 
8542	401 
8543	19 
8544	248 
8545	57 
8546	28 
8547	99 
8548	173 
8549	415 
8550	252 
8551	2 
8552	184 
8553	25 
8554	140 
8555	406 
8556	392 
8557	354 
8558	19 
8559	241 
8560	89 
8561	401 
8562	233 
8563	245 
8564	278 
8565	395 
8566	406 
8567	291 
8568	309 
8569	395 
8570	95 
8571	186 
8572	216 
8573	332 
8574	169 
8575	254 
8576	293 
8577	345 
8578	353 
8579	9 
8580	322 
8581	106 
8582	41 
8583	140 
8584	182 
8585	336 
8586	342 
8587	192 
8588	227 
8589	260 
8590	240 
8591	282 
8592	354 
8593	202 
8594	336 
8595	331 
8596	254 
8597	1 
8598	326 
8599	184 
8600	25 
8601	192 
8602	378 
8603	95 
8604	192 
8605	358 
8606	245 
8607	120 
8608	379 
8609	139 
8610	182 
8611	145 
8612	415 
8613	186 
8614	331 
8615	174 
8616	175 
8617	413 
8618	106 
8619	323 
8620	345 
8621	330 
8622	318 
8623	128 
8624	248 
8625	416 
8626	326 
8627	108 
8628	32 
8629	326 
8630	95 
8631	112 
8632	396 
8633	280 
8634	246 
8635	378 
8636	57 
8637	318 
8638	415 
8639	345 
8640	286 
8641	415 
8642	318 
8643	309 
8644	246 
8645	241 
8646	371 
8647	243 
8648	113 
8649	53 
8650	17 
8651	68 
8652	99 
8653	186 
8654	378 
8655	416 
8656	140 
8657	241 
8658	246 
8659	202 
8660	330 
8661	340 
8662	369 
8663	361 
8664	318 
8665	95 
8666	91 
8667	332 
8668	268 
8669	176 
8670	252 
8671	28 
8672	306 
8673	413 
8674	371 
8675	180 
8676	112 
8677	326 
8678	369 
8679	358 
8680	361 
8681	396 
8682	79 
8683	134 
8684	260 
8685	412 
8686	345 
8687	239 
8688	240 
8689	416 
8690	87 
8691	140 
8692	306 
8693	79 
8694	309 
8695	359 
8696	182 
8697	53 
8698	134 
8699	57 
8700	339 
8701	252 
8702	95 
8703	36 
8704	254 
8705	95 
8706	378 
8707	268 
8708	340 
8709	184 
8710	336 
8711	128 
8712	401 
8713	99 
8714	424 
8715	5 
8716	267 
8717	54 
8718	79 
8719	186 
8720	340 
8721	140 
8722	260 
8723	208 
8724	318 
8725	57 
8726	32 
8727	15 
8728	208 
8729	268 
8730	345 
8731	175 
8732	327 
8733	379 
8734	340 
8735	25 
8736	106 
8737	407 
8738	15 
8739	108 
8740	282 
8741	77 
8742	308 
8743	227 
8744	174 
8745	340 
8746	412 
8747	96 
8748	89 
8749	412 
8750	318 
8751	308 
8752	278 
8753	340 
8754	192 
8755	325 
8756	322 
8757	180 
8758	68 
8759	29 
8760	32 
8761	79 
8762	25 
8763	155 
8764	385 
8765	79 
8766	413 
8767	254 
8768	56 
8769	396 
8770	293 
8771	243 
8772	1 
8773	378 
8774	185 
8775	345 
8776	182 
8777	108 
8778	406 
8779	424 
8780	95 
8781	245 
8782	140 
8783	293 
8784	185 
8785	353 
8786	68 
8787	369 
8788	65 
8789	293 
8790	19 
8791	378 
8792	327 
8793	104 
8794	174 
8795	378 
8796	359 
8797	52 
8798	248 
8799	139 
8800	227 
8801	352 
8802	240 
8803	53 
8804	282 
8805	128 
8806	371 
8807	323 
8808	392 
8809	77 
8810	108 
8811	95 
8812	57 
8813	243 
8814	354 
8815	185 
8816	184 
8817	19 
8818	134 
8819	371 
8820	39 
8821	246 
8822	25 
8823	190 
8824	340 
8825	280 
8826	413 
8827	233 
8828	424 
8829	306 
8830	15 
8831	407 
8832	184 
8833	379 
8834	332 
8835	371 
8836	192 
8837	79 
8838	240 
8839	91 
8840	39 
8841	1 
8842	336 
8843	89 
8844	413 
8845	65 
8846	113 
8847	245 
8848	308 
8849	68 
8850	216 
8851	54 
8852	61 
8853	308 
8854	52 
8855	89 
8856	332 
8857	345 
8858	19 
8859	282 
8860	286 
8861	41 
8862	345 
8863	25 
8864	280 
8865	369 
8866	361 
8867	70 
8868	174 
8869	2 
8870	68 
8871	354 
8872	96 
8873	62 
8874	323 
8875	180 
8876	57 
8877	415 
8878	184 
8879	180 
8880	112 
8881	308 
8882	96 
8883	240 
8884	17 
8885	420 
8886	306 
8887	282 
8888	252 
8889	175 
8890	62 
8891	336 
8892	354 
8893	352 
8894	65 
8895	41 
8896	322 
8897	52 
8898	407 
8899	359 
8900	184 
8901	77 
8902	260 
8903	378 
8904	252 
8905	62 
8906	245 
8907	56 
8908	180 
8909	392 
8910	424 
8911	267 
8912	36 
8913	108 
8914	308 
8915	286 
8916	323 
8917	248 
8918	345 
8919	327 
8920	369 
8921	323 
8922	104 
8923	352 
8924	134 
8925	322 
8926	87 
8927	268 
8928	106 
8929	95 
8930	95 
8931	330 
8932	325 
8933	240 
8934	185 
8935	345 
8936	416 
8937	68 
8938	185 
8939	155 
8940	95 
8941	29 
8942	267 
8943	2 
8944	369 
8945	52 
8946	396 
8947	39 
8948	396 
8949	62 
8950	322 
8951	342 
8952	322 
8953	293 
8954	155 
8955	407 
8956	240 
8957	190 
8958	5 
8959	353 
8960	106 
8961	70 
8962	327 
8963	52 
8964	1 
8965	308 
8966	396 
8967	385 
8968	323 
8969	180 
8970	216 
8971	420 
8972	412 
8973	243 
8974	140 
8975	306 
8976	323 
8977	251 
8978	248 
8979	239 
8980	340 
8981	369 
8982	243 
8983	53 
8984	322 
8985	134 
8986	359 
8987	396 
8988	345 
8989	57 
8990	248 
8991	91 
8992	108 
8993	352 
8994	371 
8995	77 
8996	361 
8997	359 
8998	174 
8999	267 
9000	286 
9001	353 
9002	91 
9003	139 
9004	293 
9005	174 
9006	5 
9007	359 
9008	155 
9009	407 
9010	61 
9011	396 
9012	96 
9013	379 
9014	243 
9015	396 
9016	87 
9017	19 
9018	227 
9019	280 
9020	139 
9021	184 
9022	245 
9023	246 
9024	56 
9025	420 
9026	68 
9027	424 
9028	186 
9029	175 
9030	2 
9031	413 
9032	180 
9033	134 
9034	309 
9035	41 
9036	139 
9037	29 
9038	306 
9039	407 
9040	361 
9041	174 
9042	134 
9043	216 
9044	29 
9045	180 
9046	174 
9047	396 
9048	246 
9049	330 
9050	208 
9051	95 
9052	61 
9053	309 
9054	96 
9055	190 
9056	413 
9057	15 
9058	322 
9059	251 
9060	184 
9061	413 
9062	331 
9063	61 
9064	174 
9065	57 
9066	175 
9067	61 
9068	332 
9069	1 
9070	29 
9071	415 
9072	140 
9073	41 
9074	57 
9075	379 
9076	113 
9077	424 
9078	87 
9079	358 
9080	56 
9081	246 
9082	309 
9083	407 
9084	192 
9085	1 
9086	41 
9087	185 
9088	280 
9089	41 
9090	216 
9091	56 
9092	415 
9093	216 
9094	254 
9095	96 
9096	192 
9097	325 
9098	358 
9099	208 
9100	424 
9101	57 
9102	240 
9103	416 
9104	89 
9105	175 
9106	89 
9107	353 
9108	134 
9109	352 
9110	254 
9111	240 
9112	330 
9113	186 
9114	174 
9115	65 
9116	406 
9117	108 
9118	327 
9119	352 
9120	293 
9121	65 
9122	332 
9123	240 
9124	318 
9125	208 
9126	108 
9127	128 
9128	331 
9129	340 
9130	186 
9131	345 
9132	91 
9133	174 
9134	19 
9135	54 
9136	420 
9137	233 
9138	54 
9139	39 
9140	87 
9141	216 
9142	246 
9143	254 
9144	286 
9145	251 
9146	293 
9147	29 
9148	61 
9149	5 
9150	357 
9151	95 
9152	420 
9153	369 
9154	54 
9155	293 
9156	336 
9157	369 
9158	39 
9159	95 
9160	318 
9161	112 
9162	336 
9163	267 
9164	208 
9165	268 
9166	327 
9167	19 
9168	286 
9169	39 
9170	413 
9171	331 
9172	280 
9173	268 
9174	415 
9175	104 
9176	41 
9177	96 
9178	19 
9179	248 
9180	112 
9181	36 
9182	91 
9183	371 
9184	184 
9185	248 
9186	19 
9187	39 
9188	1 
9189	396 
9190	227 
9191	113 
9192	268 
9193	175 
9194	190 
9195	336 
9196	91 
9197	15 
9198	407 
9199	358 
9200	233 
9201	175 
9202	140 
9203	369 
9204	89 
9205	70 
9206	318 
9207	185 
9208	190 
9209	267 
9210	180 
9211	309 
9212	336 
9213	254 
9214	420 
9215	309 
9216	175 
9217	139 
9218	96 
9219	233 
9220	353 
9221	345 
9222	104 
9223	65 
9224	216 
9225	357 
9226	357 
9227	65 
9228	251 
9229	286 
9230	342 
9231	155 
9232	392 
9233	17 
9234	248 
9235	41 
9236	268 
9237	331 
9238	41 
9239	192 
9240	371 
9241	186 
9242	57 
9243	29 
9244	104 
9245	95 
9246	68 
9247	358 
9248	245 
9249	57 
9250	180 
9251	268 
9252	180 
9253	420 
9254	190 
9255	190 
9256	185 
9257	52 
9258	175 
9259	254 
9260	413 
9261	108 
9262	336 
9263	52 
9264	180 
9265	29 
9266	323 
9267	140 
9268	323 
9269	87 
9270	192 
9271	267 
9272	361 
9273	420 
9274	113 
9275	306 
9276	331 
9277	113 
9278	68 
9279	286 
9280	415 
9281	323 
9282	282 
9283	175 
9284	246 
9285	327 
9286	113 
9287	134 
9288	54 
9289	406 
9290	227 
9291	95 
9292	128 
9293	87 
9294	54 
9295	174 
9296	361 
9297	420 
9298	267 
9299	325 
9300	371 
9301	340 
9302	95 
9303	359 
9304	248 
9305	415 
9306	70 
9307	413 
9308	345 
9309	104 
9310	353 
9311	396 
9312	139 
9313	420 
9314	113 
9315	134 
9316	39 
9317	52 
9318	128 
9319	39 
9320	240 
9321	190 
9322	309 
9323	68 
9324	95 
9325	29 
9326	306 
9327	345 
9328	108 
9329	357 
9330	52 
9331	268 
9332	245 
9333	361 
9334	325 
9335	369 
9336	267 
9337	113 
9338	56 
9339	19 
9340	216 
9341	323 
9342	190 
9343	358 
9344	190 
9345	89 
9346	41 
9347	251 
9348	353 
9349	327 
9350	332 
9351	406 
9352	251 
9353	396 
9354	331 
9355	57 
9356	134 
9357	17 
9358	407 
9359	29 
9360	140 
9361	54 
9362	361 
9363	406 
9364	216 
9365	208 
9366	216 
9367	68 
9368	216 
9369	407 
9370	268 
9371	251 
9372	155 
9373	357 
9374	268 
9375	286 
9376	113 
9377	227 
9378	420 
9379	134 
9380	29 
9381	254 
9382	246 
9383	340 
9384	325 
9385	15 
9386	139 
9387	15 
9388	369 
9389	68 
9390	424 
9391	54 
9392	424 
9393	353 
9394	424 
9395	358 
9396	89 
9397	280 
9398	245 
9399	56 
9400	190 
9401	268 
9402	327 
9403	65 
9404	233 
9405	113 
9406	282 
9407	128 
9408	190 
9409	70 
9410	268 
9411	95 
9412	369 
9413	186 
9414	68 
9415	96 
9416	1 
9417	95 
9418	175 
9419	268 
9420	361 
9421	216 
9422	208 
9423	186 
9424	1 
9425	19 
9426	155 
9427	89 
9428	306 
9429	332 
9430	248 
9431	353 
9432	54 
9433	371 
9434	186 
9435	233 
9436	139 
9437	332 
9438	19 
9439	248 
9440	190 
9441	174 
9442	413 
9443	309 
9444	155 
9445	128 
9446	306 
9447	332 
9448	108 
9449	61 
9450	407 
9451	327 
9452	233 
9453	268 
9454	420 
9455	406 
9456	306 
9457	361 
9458	359 
9459	190 
9460	175 
9461	39 
9462	340 
9463	180 
9464	323 
9465	155 
9466	208 
9467	306 
9468	108 
9469	245 
9470	65 
9471	57 
9472	240 
9473	108 
9474	245 
9475	227 
9476	29 
9477	180 
9478	406 
9479	246 
9480	65 
9481	357 
9482	57 
9483	128 
9484	70 
9485	424 
9486	254 
9487	345 
9488	39 
9489	128 
9490	174 
9491	245 
9492	180 
9493	306 
9494	29 
9495	353 
9496	113 
9497	282 
9498	361 
9499	96 
9500	139 
9501	233 
9502	96 
9503	251 
9504	280 
9505	227 
9506	70 
9507	56 
9508	248 
9509	56 
9510	128 
9511	56 
9512	245 
9513	424 
9514	353 
9515	233 
9516	254 
9517	29 
9518	345 
9519	345 
9520	208 
9521	139 
9522	248 
9523	61 
9524	104 
9525	371 
9526	323 
9527	39 
9528	371 
9529	248 
9530	52 
9531	407 
9532	254 
9533	415 
9534	353 
9535	361 
9536	39 
9537	57 
9538	61 
9539	87 
9540	87 
9541	282 
9542	186 
9543	407 
9544	248 
9545	96 
9546	1 
9547	87 
9548	286 
9549	140 
9550	306 
9551	140 
9552	87 
9553	128 
9554	371 
9555	216 
9556	216 
9557	17 
9558	113 
9559	245 
9560	52 
9561	357 
9562	413 
9563	246 
9564	180 
9565	280 
9566	65 
9567	323 
9568	323 
9569	29 
9570	175 
9571	19 
9572	54 
9573	245 
9574	246 
9575	282 
9576	254 
9577	1 
9578	407 
9579	96 
9580	39 
9581	415 
9582	240 
9583	87 
9584	420 
9585	325 
9586	68 
9587	56 
9588	54 
9589	267 
9590	70 
9591	327 
9592	39 
9593	87 
9594	89 
9595	254 
9596	358 
9597	254 
9598	233 
9599	323 
9600	345 
9601	251 
9602	1 
9603	155 
9604	357 
9605	254 
9606	361 
9607	89 
9608	327 
9609	420 
9610	306 
9611	332 
9612	325 
9613	251 
9614	61 
9615	325 
9616	267 
9617	424 
9618	413 
9619	70 
9620	87 
9621	1 
9622	180 
9623	113 
9624	332 
9625	371 
9626	61 
9627	208 
9628	128 
9629	174 
9630	413 
9631	233 
9632	323 
9633	327 
9634	155 
9635	424 
9636	323 
9637	139 
9638	240 
9639	17 
9640	332 
9641	327 
9642	323 
9643	415 
9644	420 
9645	323 
9646	208 
9647	17 
9648	358 
9649	357 
9650	309 
9651	254 
9652	68 
9653	309 
9654	323 
9655	104 
9656	323 
9657	413 
9658	96 
9659	406 
9660	96 
9661	186 
9662	251 
9663	280 
9664	306 
9665	413 
9666	87 
9667	29 
9668	113 
9669	139 
9670	54 
9671	327 
9672	327 
9673	104 
9674	280 
9675	70 
9676	420 
9677	325 
9678	70 
9679	240 
9680	413 
9681	29 
9682	104 
9683	357 
9684	345 
9685	155 
9686	282 
9687	174 
9688	424 
9689	406 
9690	358 
9691	332 
9692	39 
9693	54 
9694	345 
9695	420 
9696	357 
9697	248 
9698	61 
9699	357 
9700	353 
9701	280 
9702	413 
9703	361 
9704	358 
9705	358 
9706	186 
9707	358 
9708	361 
9709	89 
9710	358 
9711	54 
9712	39 
9713	70 
9714	406 
9715	87 
9716	282 
9717	415 
9718	327 
9719	245 
9720	128 
9721	89 
9722	113 
9723	325 
9724	39 
9725	39 
9726	280 
9727	39 
9728	327 
9729	353 
9730	332 
9731	413 
9732	280 
9733	68 
9734	174 
9735	358 
9736	61 
9737	174 
9738	186 
9739	186 
9740	61 
9741	186 
9742	89 
9743	309 
9744	415 
9745	361 
9746	248 
9747	357 
9748	345 
9749	208 
9750	1 
9751	174 
9752	323 
9753	306 
9754	413 
9755	282 
9756	155 
9757	17 
9758	68 
9759	89 
9760	293 
9761	56 
9762	113 
9763	406 
9764	39 
9765	128 
9766	208 
9767	87 
9768	54 
9769	332 
9770	282 
9771	353 
9772	139 
9773	240 
9774	174 
9775	96 
9776	56 
9777	68 
9778	54 
9779	1 
9780	323 
9781	358 
9782	1 
9783	358 
9784	87 
9785	113 
9786	345 
9787	56 
9788	128 
9789	17 
9790	54 
9791	39 
9792	128 
9793	280 
9794	248 
9795	345 
9796	87 
9797	240 
9798	415 
9799	357 
9800	345 
9801	113 
9802	89 
9803	87 
9804	293 
9805	29 
9806	358 
9807	293 
9808	155 
9809	56 
9810	174 
9811	280 
9812	306 
9813	332 
9814	353 
9815	61 
9816	186 
9817	420 
9818	415 
9819	415 
9820	327 
9821	282 
9822	406 
9823	174 
9824	293 
9825	208 
9826	306 
9827	87 
9828	128 
9829	87 
9830	413 
9831	70 
9832	39 
9833	139 
9834	186 
9835	186 
9836	420 
9837	248 
9838	323 
9839	293 
9840	332 
9841	248 
9842	280 
9843	332 
9844	361 
9845	282 
9846	406 
9847	208 
9848	280 
9849	406 
9850	248 
9851	1 
9852	155 
9853	39 
9854	361 
9855	293 
9856	54 
9857	332 
9858	61 
9859	186 
9860	54 
9861	293 
9862	174 
9863	415 
9864	139 
9865	248 
9866	309 
9867	406 
9868	89 
9869	39 
9870	309 
9871	332 
9872	39 
9873	139 
9874	128 
9875	293 
9876	345 
9877	61 
9878	332 
9879	323 
9880	240 
9881	323 
9882	353 
9883	186 
9884	61 
9885	293 
9886	96 
9887	1 
9888	208 
9889	323 
9890	39 
9891	353 
9892	332 
9893	353 
9894	174 
9895	280 
9896	327 
9897	282 
9898	323 
9899	87 
9900	420 
9901	54 
9902	68 
9903	96 
9904	1 
9905	70 
9906	61 
9907	68 
9908	415 
9909	54 
9910	113 
9911	128 
9912	415 
9913	155 
9914	87 
9915	56 
9916	113 
9917	89 
9918	113 
9919	186 
9920	56 
9921	282 
9922	240 
9923	345 
9924	353 
9925	327 
9926	282 
9927	186 
9928	61 
9929	240 
9930	89 
9931	139 
9932	68 
9933	186 
9934	353 
9935	139 
9936	309 
9937	327 
9938	240 
9939	345 
9940	89 
9941	406 
9942	208 
9943	208 
9944	68 
9945	413 
9946	89 
9947	87 
9948	87 
9949	327 
9950	309 
9951	327 
9952	353 
9953	406 
9954	61 
9955	174 
9956	327 
9957	70 
9958	70 
9959	61 
9960	155 
9961	128 
9962	39 
9963	186 
9964	139 
9965	61 
9966	61 
9967	139 
9968	186 
9969	56 
9970	139 
9971	345 
9972	56 
9973	345 
9974	345 
9975	327 
9976	39 
9977	406 
9978	332 
9979	323 
9980	208 
9981	208 
9982	155 
9983	358 
9984	56 
9985	309 
9986	56 
9987	309 
9988	345 
9989	56 
9990	332 
9991	406 
9992	113 
9993	406 
9994	345 
9995	174 
9996	113 
9997	248 
9998	248 
9999	323 
10000	240 
