1	164 
2	172 
3	280 
4	16 
5	197 
6	137 
7	184 
8	151 
9	23 
10	94 
11	203 
12	251 
13	193 
14	264 
15	197 
16	172 
17	248 
18	89 
19	70 
20	159 
21	160 
22	290 
23	116 
24	105 
25	262 
26	289 
27	271 
28	98 
29	256 
30	7 
31	152 
32	62 
33	147 
34	103 
35	80 
36	119 
37	165 
38	164 
39	79 
40	160 
41	168 
42	170 
43	100 
44	37 
45	212 
46	134 
47	194 
48	125 
49	2 
50	227 
51	180 
52	141 
53	86 
54	89 
55	274 
56	66 
57	83 
58	290 
59	246 
60	124 
61	126 
62	168 
63	28 
64	202 
65	275 
66	227 
67	88 
68	168 
69	219 
70	271 
71	257 
72	101 
73	211 
74	164 
75	66 
76	40 
77	69 
78	259 
79	15 
80	166 
81	287 
82	180 
83	228 
84	112 
85	260 
86	148 
87	292 
88	227 
89	124 
90	5 
91	1 
92	148 
93	23 
94	102 
95	274 
96	238 
97	84 
98	202 
99	165 
100	250 
101	262 
102	286 
103	256 
104	49 
105	285 
106	46 
107	199 
108	127 
109	133 
110	26 
111	244 
112	116 
113	42 
114	28 
115	231 
116	180 
117	122 
118	233 
119	204 
120	29 
121	19 
122	19 
123	291 
124	93 
125	82 
126	56 
127	86 
128	109 
129	257 
130	141 
131	3 
132	106 
133	259 
134	109 
135	289 
136	80 
137	265 
138	9 
139	289 
140	80 
141	98 
142	277 
143	70 
144	104 
145	252 
146	30 
147	207 
148	31 
149	279 
150	145 
151	289 
152	259 
153	227 
154	192 
155	196 
156	86 
157	276 
158	143 
159	285 
160	19 
161	219 
162	36 
163	248 
164	254 
165	86 
166	113 
167	276 
168	146 
169	4 
170	7 
171	261 
172	181 
173	259 
174	116 
175	76 
176	32 
177	258 
178	229 
179	102 
180	122 
181	269 
182	85 
183	44 
184	86 
185	122 
186	263 
187	173 
188	94 
189	234 
190	291 
191	133 
192	148 
193	151 
194	78 
195	74 
196	77 
197	164 
198	244 
199	265 
200	22 
201	54 
202	23 
203	127 
204	61 
205	152 
206	87 
207	200 
208	91 
209	174 
210	292 
211	50 
212	76 
213	53 
214	28 
215	112 
216	116 
217	206 
218	174 
219	205 
220	203 
221	8 
222	153 
223	104 
224	9 
225	283 
226	126 
227	45 
228	85 
229	49 
230	291 
231	254 
232	95 
233	53 
234	7 
235	203 
236	83 
237	172 
238	226 
239	88 
240	70 
241	16 
242	266 
243	72 
244	260 
245	85 
246	124 
247	163 
248	227 
249	277 
250	62 
251	151 
252	178 
253	269 
254	177 
255	117 
256	109 
257	257 
258	96 
259	208 
260	118 
261	198 
262	235 
263	86 
264	151 
265	204 
266	130 
267	124 
268	148 
269	158 
270	110 
271	128 
272	292 
273	203 
274	1 
275	190 
276	207 
277	286 
278	246 
279	138 
280	94 
281	228 
282	186 
283	60 
284	261 
285	86 
286	243 
287	18 
288	285 
289	68 
290	201 
291	103 
292	273 
293	207 
294	195 
295	148 
296	107 
297	242 
298	232 
299	170 
300	112 
301	262 
302	47 
303	36 
304	273 
305	185 
306	118 
307	122 
308	239 
309	204 
310	291 
311	229 
312	236 
313	176 
314	193 
315	26 
316	31 
317	259 
318	276 
319	102 
320	23 
321	286 
322	219 
323	259 
324	231 
325	191 
326	23 
327	273 
328	177 
329	188 
330	71 
331	40 
332	260 
333	190 
334	82 
335	101 
336	31 
337	130 
338	151 
339	7 
340	20 
341	223 
342	190 
343	288 
344	168 
345	160 
346	220 
347	31 
348	74 
349	158 
350	31 
351	194 
352	17 
353	34 
354	130 
355	96 
356	172 
357	176 
358	242 
359	123 
360	272 
361	196 
362	290 
363	42 
364	83 
365	292 
366	190 
367	6 
368	1 
369	99 
370	208 
371	190 
372	146 
373	110 
374	49 
375	144 
376	123 
377	279 
378	200 
379	216 
380	118 
381	118 
382	1 
383	14 
384	125 
385	166 
386	144 
387	47 
388	190 
389	122 
390	40 
391	3 
392	3 
393	136 
394	136 
395	291 
396	173 
397	281 
398	28 
399	142 
400	104 
401	153 
402	288 
403	278 
404	278 
405	138 
406	86 
407	290 
408	235 
409	32 
410	204 
411	191 
412	142 
413	156 
414	242 
415	291 
416	263 
417	267 
418	124 
419	291 
420	77 
421	75 
422	145 
423	105 
424	146 
425	183 
426	153 
427	150 
428	19 
429	130 
430	273 
431	39 
432	276 
433	124 
434	62 
435	78 
436	267 
437	118 
438	190 
439	30 
440	150 
441	179 
442	290 
443	237 
444	248 
445	23 
446	104 
447	99 
448	140 
449	119 
450	232 
451	33 
452	42 
453	86 
454	155 
455	291 
456	278 
457	240 
458	12 
459	136 
460	202 
461	199 
462	211 
463	291 
464	48 
465	224 
466	181 
467	127 
468	196 
469	6 
470	6 
471	267 
472	153 
473	220 
474	12 
475	145 
476	195 
477	130 
478	196 
479	281 
480	231 
481	177 
482	49 
483	162 
484	164 
485	10 
486	75 
487	7 
488	123 
489	144 
490	124 
491	118 
492	247 
493	276 
494	90 
495	236 
496	138 
497	78 
498	113 
499	280 
500	23 
501	135 
502	164 
503	98 
504	57 
505	160 
506	275 
507	173 
508	89 
509	213 
510	118 
511	63 
512	15 
513	31 
514	292 
515	271 
516	122 
517	43 
518	108 
519	124 
520	107 
521	67 
522	145 
523	26 
524	37 
525	49 
526	74 
527	242 
528	45 
529	30 
530	37 
531	230 
532	241 
533	196 
534	271 
535	16 
536	96 
537	232 
538	139 
539	177 
540	88 
541	231 
542	132 
543	214 
544	148 
545	231 
546	286 
547	279 
548	172 
549	229 
550	153 
551	1 
552	198 
553	31 
554	133 
555	105 
556	169 
557	13 
558	159 
559	243 
560	243 
561	114 
562	122 
563	220 
564	117 
565	258 
566	45 
567	100 
568	174 
569	43 
570	94 
571	178 
572	287 
573	174 
574	78 
575	60 
576	183 
577	194 
578	78 
579	209 
580	218 
581	44 
582	90 
583	209 
584	94 
585	114 
586	36 
587	79 
588	125 
589	244 
590	110 
591	108 
592	83 
593	230 
594	10 
595	158 
596	230 
597	207 
598	93 
599	238 
600	100 
601	156 
602	291 
603	237 
604	270 
605	132 
606	24 
607	123 
608	126 
609	67 
610	168 
611	217 
612	53 
613	147 
614	228 
615	43 
616	260 
617	185 
618	186 
619	279 
620	145 
621	194 
622	227 
623	263 
624	280 
625	225 
626	291 
627	111 
628	163 
629	96 
630	123 
631	136 
632	276 
633	108 
634	82 
635	234 
636	250 
637	270 
638	84 
639	23 
640	78 
641	7 
642	43 
643	82 
644	214 
645	160 
646	204 
647	19 
648	36 
649	64 
650	153 
651	88 
652	131 
653	164 
654	97 
655	1 
656	196 
657	210 
658	48 
659	35 
660	235 
661	64 
662	19 
663	94 
664	15 
665	193 
666	190 
667	69 
668	161 
669	207 
670	56 
671	210 
672	116 
673	129 
674	194 
675	115 
676	291 
677	215 
678	49 
679	147 
680	164 
681	148 
682	110 
683	273 
684	53 
685	180 
686	238 
687	12 
688	60 
689	190 
690	128 
691	203 
692	69 
693	63 
694	122 
695	117 
696	83 
697	254 
698	144 
699	231 
700	259 
701	256 
702	208 
703	202 
704	86 
705	115 
706	81 
707	123 
708	78 
709	151 
710	138 
711	131 
712	135 
713	291 
714	217 
715	187 
716	12 
717	42 
718	118 
719	88 
720	14 
721	60 
722	30 
723	76 
724	178 
725	130 
726	240 
727	153 
728	151 
729	36 
730	41 
731	161 
732	290 
733	185 
734	259 
735	99 
736	51 
737	161 
738	49 
739	148 
740	195 
741	24 
742	154 
743	138 
744	23 
745	171 
746	276 
747	281 
748	276 
749	143 
750	27 
751	204 
752	89 
753	108 
754	172 
755	43 
756	155 
757	274 
758	145 
759	251 
760	144 
761	239 
762	255 
763	117 
764	119 
765	16 
766	151 
767	240 
768	273 
769	135 
770	20 
771	259 
772	116 
773	87 
774	259 
775	292 
776	124 
777	74 
778	78 
779	188 
780	104 
781	22 
782	226 
783	112 
784	138 
785	229 
786	42 
787	185 
788	127 
789	230 
790	65 
791	229 
792	238 
793	287 
794	203 
795	230 
796	74 
797	137 
798	97 
799	107 
800	250 
801	197 
802	258 
803	271 
804	217 
805	153 
806	215 
807	73 
808	190 
809	176 
810	150 
811	13 
812	261 
813	200 
814	61 
815	122 
816	16 
817	3 
818	171 
819	139 
820	82 
821	237 
822	274 
823	164 
824	207 
825	21 
826	62 
827	34 
828	159 
829	44 
830	277 
831	217 
832	126 
833	149 
834	199 
835	84 
836	19 
837	275 
838	142 
839	60 
840	191 
841	12 
842	5 
843	278 
844	53 
845	282 
846	220 
847	22 
848	154 
849	141 
850	87 
851	90 
852	88 
853	53 
854	135 
855	37 
856	110 
857	101 
858	37 
859	55 
860	195 
861	110 
862	115 
863	98 
864	63 
865	79 
866	12 
867	281 
868	286 
869	212 
870	152 
871	99 
872	199 
873	168 
874	94 
875	278 
876	219 
877	279 
878	2 
879	278 
880	18 
881	6 
882	47 
883	162 
884	262 
885	208 
886	55 
887	195 
888	189 
889	147 
890	274 
891	40 
892	238 
893	231 
894	240 
895	291 
896	117 
897	88 
898	93 
899	175 
900	55 
901	40 
902	172 
903	118 
904	178 
905	134 
906	179 
907	166 
908	165 
909	91 
910	237 
911	252 
912	15 
913	200 
914	248 
915	278 
916	238 
917	269 
918	69 
919	168 
920	76 
921	180 
922	281 
923	279 
924	17 
925	289 
926	197 
927	163 
928	26 
929	213 
930	168 
931	173 
932	123 
933	239 
934	23 
935	99 
936	244 
937	84 
938	15 
939	130 
940	88 
941	217 
942	123 
943	138 
944	223 
945	44 
946	152 
947	181 
948	78 
949	11 
950	224 
951	31 
952	242 
953	22 
954	19 
955	143 
956	259 
957	84 
958	48 
959	292 
960	211 
961	273 
962	98 
963	223 
964	115 
965	52 
966	283 
967	262 
968	212 
969	3 
970	239 
971	122 
972	26 
973	144 
974	239 
975	2 
976	161 
977	152 
978	7 
979	76 
980	44 
981	235 
982	34 
983	112 
984	2 
985	44 
986	127 
987	255 
988	292 
989	77 
990	261 
991	124 
992	187 
993	88 
994	276 
995	15 
996	278 
997	257 
998	287 
999	292 
1000	75 
1001	220 
1002	23 
1003	283 
1004	13 
1005	148 
1006	108 
1007	182 
1008	108 
1009	3 
1010	110 
1011	12 
1012	267 
1013	179 
1014	278 
1015	52 
1016	63 
1017	124 
1018	92 
1019	106 
1020	251 
1021	221 
1022	23 
1023	128 
1024	235 
1025	127 
1026	12 
1027	13 
1028	110 
1029	37 
1030	108 
1031	193 
1032	30 
1033	94 
1034	36 
1035	79 
1036	114 
1037	31 
1038	289 
1039	227 
1040	254 
1041	286 
1042	262 
1043	162 
1044	288 
1045	212 
1046	75 
1047	32 
1048	137 
1049	276 
1050	287 
1051	40 
1052	262 
1053	147 
1054	52 
1055	62 
1056	19 
1057	60 
1058	138 
1059	174 
1060	53 
1061	51 
1062	66 
1063	254 
1064	76 
1065	56 
1066	204 
1067	60 
1068	133 
1069	60 
1070	1 
1071	7 
1072	243 
1073	190 
1074	48 
1075	43 
1076	267 
1077	182 
1078	50 
1079	159 
1080	129 
1081	272 
1082	183 
1083	35 
1084	31 
1085	33 
1086	281 
1087	165 
1088	175 
1089	97 
1090	257 
1091	271 
1092	237 
1093	30 
1094	97 
1095	75 
1096	248 
1097	223 
1098	276 
1099	103 
1100	151 
1101	144 
1102	142 
1103	55 
1104	122 
1105	13 
1106	163 
1107	192 
1108	190 
1109	207 
1110	272 
1111	276 
1112	101 
1113	85 
1114	192 
1115	292 
1116	191 
1117	151 
1118	190 
1119	112 
1120	178 
1121	132 
1122	54 
1123	17 
1124	279 
1125	12 
1126	166 
1127	177 
1128	79 
1129	44 
1130	25 
1131	138 
1132	261 
1133	198 
1134	241 
1135	91 
1136	128 
1137	142 
1138	276 
1139	1 
1140	86 
1141	73 
1142	145 
1143	170 
1144	23 
1145	161 
1146	274 
1147	28 
1148	213 
1149	17 
1150	1 
1151	181 
1152	122 
1153	36 
1154	22 
1155	98 
1156	19 
1157	117 
1158	93 
1159	196 
1160	124 
1161	139 
1162	113 
1163	116 
1164	136 
1165	268 
1166	194 
1167	18 
1168	54 
1169	258 
1170	130 
1171	36 
1172	133 
1173	78 
1174	152 
1175	12 
1176	157 
1177	220 
1178	32 
1179	249 
1180	242 
1181	259 
1182	156 
1183	156 
1184	61 
1185	118 
1186	137 
1187	126 
1188	9 
1189	192 
1190	175 
1191	3 
1192	220 
1193	82 
1194	76 
1195	214 
1196	9 
1197	209 
1198	86 
1199	74 
1200	263 
1201	213 
1202	271 
1203	36 
1204	120 
1205	223 
1206	81 
1207	135 
1208	92 
1209	112 
1210	170 
1211	131 
1212	250 
1213	48 
1214	237 
1215	110 
1216	82 
1217	216 
1218	278 
1219	62 
1220	216 
1221	92 
1222	117 
1223	267 
1224	242 
1225	74 
1226	134 
1227	220 
1228	233 
1229	81 
1230	73 
1231	116 
1232	102 
1233	196 
1234	76 
1235	115 
1236	138 
1237	287 
1238	154 
1239	89 
1240	33 
1241	110 
1242	220 
1243	276 
1244	2 
1245	84 
1246	232 
1247	118 
1248	48 
1249	176 
1250	77 
1251	230 
1252	239 
1253	157 
1254	204 
1255	87 
1256	194 
1257	16 
1258	155 
1259	284 
1260	138 
1261	277 
1262	44 
1263	126 
1264	219 
1265	257 
1266	94 
1267	123 
1268	138 
1269	16 
1270	59 
1271	49 
1272	285 
1273	2 
1274	76 
1275	88 
1276	65 
1277	171 
1278	131 
1279	194 
1280	17 
1281	175 
1282	156 
1283	97 
1284	292 
1285	166 
1286	6 
1287	281 
1288	127 
1289	150 
1290	237 
1291	252 
1292	259 
1293	207 
1294	73 
1295	108 
1296	52 
1297	114 
1298	217 
1299	47 
1300	61 
1301	94 
1302	179 
1303	13 
1304	243 
1305	47 
1306	13 
1307	142 
1308	219 
1309	138 
1310	162 
1311	65 
1312	33 
1313	130 
1314	46 
1315	23 
1316	219 
1317	209 
1318	5 
1319	35 
1320	104 
1321	253 
1322	208 
1323	264 
1324	198 
1325	290 
1326	10 
1327	132 
1328	172 
1329	134 
1330	49 
1331	2 
1332	64 
1333	95 
1334	117 
1335	76 
1336	202 
1337	13 
1338	51 
1339	114 
1340	97 
1341	69 
1342	3 
1343	118 
1344	27 
1345	167 
1346	131 
1347	124 
1348	184 
1349	44 
1350	53 
1351	183 
1352	166 
1353	173 
1354	32 
1355	55 
1356	13 
1357	79 
1358	192 
1359	60 
1360	280 
1361	234 
1362	47 
1363	248 
1364	13 
1365	92 
1366	21 
1367	137 
1368	85 
1369	170 
1370	187 
1371	57 
1372	96 
1373	281 
1374	222 
1375	117 
1376	196 
1377	4 
1378	154 
1379	60 
1380	115 
1381	138 
1382	286 
1383	224 
1384	184 
1385	44 
1386	127 
1387	130 
1388	165 
1389	160 
1390	214 
1391	123 
1392	16 
1393	84 
1394	155 
1395	88 
1396	218 
1397	221 
1398	215 
1399	92 
1400	29 
1401	102 
1402	15 
1403	269 
1404	149 
1405	174 
1406	20 
1407	229 
1408	15 
1409	98 
1410	241 
1411	210 
1412	236 
1413	163 
1414	259 
1415	2 
1416	125 
1417	88 
1418	110 
1419	161 
1420	284 
1421	189 
1422	266 
1423	40 
1424	7 
1425	186 
1426	45 
1427	123 
1428	13 
1429	257 
1430	27 
1431	53 
1432	104 
1433	167 
1434	275 
1435	148 
1436	110 
1437	40 
1438	122 
1439	255 
1440	135 
1441	274 
1442	172 
1443	33 
1444	122 
1445	222 
1446	259 
1447	124 
1448	138 
1449	60 
1450	92 
1451	266 
1452	2 
1453	83 
1454	1 
1455	292 
1456	43 
1457	281 
1458	41 
1459	22 
1460	105 
1461	21 
1462	288 
1463	88 
1464	12 
1465	283 
1466	276 
1467	284 
1468	88 
1469	252 
1470	3 
1471	122 
1472	183 
1473	196 
1474	168 
1475	29 
1476	42 
1477	227 
1478	109 
1479	76 
1480	130 
1481	279 
1482	180 
1483	235 
1484	6 
1485	108 
1486	133 
1487	279 
1488	122 
1489	164 
1490	81 
1491	256 
1492	277 
1493	151 
1494	85 
1495	104 
1496	49 
1497	5 
1498	260 
1499	28 
1500	248 
1501	75 
1502	48 
1503	31 
1504	168 
1505	164 
1506	276 
1507	14 
1508	256 
1509	48 
1510	276 
1511	140 
1512	26 
1513	147 
1514	273 
1515	208 
1516	221 
1517	151 
1518	111 
1519	123 
1520	179 
1521	190 
1522	125 
1523	126 
1524	94 
1525	227 
1526	292 
1527	116 
1528	49 
1529	205 
1530	289 
1531	161 
1532	224 
1533	204 
1534	42 
1535	148 
1536	106 
1537	151 
1538	127 
1539	126 
1540	128 
1541	249 
1542	278 
1543	289 
1544	118 
1545	30 
1546	248 
1547	190 
1548	82 
1549	259 
1550	144 
1551	285 
1552	264 
1553	123 
1554	9 
1555	245 
1556	123 
1557	51 
1558	75 
1559	134 
1560	235 
1561	202 
1562	35 
1563	12 
1564	14 
1565	58 
1566	226 
1567	227 
1568	40 
1569	142 
1570	151 
1571	86 
1572	89 
1573	30 
1574	279 
1575	102 
1576	125 
1577	180 
1578	234 
1579	69 
1580	170 
1581	15 
1582	172 
1583	8 
1584	218 
1585	127 
1586	39 
1587	285 
1588	23 
1589	194 
1590	286 
1591	118 
1592	132 
1593	74 
1594	46 
1595	221 
1596	203 
1597	177 
1598	106 
1599	254 
1600	188 
1601	92 
1602	288 
1603	194 
1604	161 
1605	55 
1606	119 
1607	48 
1608	101 
1609	32 
1610	281 
1611	84 
1612	253 
1613	39 
1614	206 
1615	117 
1616	82 
1617	158 
1618	251 
1619	88 
1620	221 
1621	215 
1622	264 
1623	235 
1624	97 
1625	93 
1626	58 
1627	245 
1628	283 
1629	86 
1630	34 
1631	36 
1632	209 
1633	45 
1634	92 
1635	180 
1636	46 
1637	285 
1638	219 
1639	82 
1640	207 
1641	14 
1642	8 
1643	148 
1644	272 
1645	124 
1646	276 
1647	48 
1648	44 
1649	11 
1650	242 
1651	285 
1652	286 
1653	103 
1654	85 
1655	179 
1656	4 
1657	60 
1658	235 
1659	216 
1660	217 
1661	127 
1662	285 
1663	40 
1664	15 
1665	196 
1666	60 
1667	283 
1668	8 
1669	40 
1670	88 
1671	13 
1672	232 
1673	45 
1674	75 
1675	46 
1676	71 
1677	291 
1678	148 
1679	92 
1680	66 
1681	281 
1682	16 
1683	261 
1684	118 
1685	138 
1686	87 
1687	213 
1688	41 
1689	40 
1690	285 
1691	209 
1692	268 
1693	292 
1694	71 
1695	247 
1696	250 
1697	85 
1698	53 
1699	3 
1700	34 
1701	178 
1702	198 
1703	220 
1704	102 
1705	86 
1706	180 
1707	7 
1708	29 
1709	183 
1710	220 
1711	210 
1712	75 
1713	33 
1714	272 
1715	63 
1716	196 
1717	248 
1718	113 
1719	88 
1720	110 
1721	284 
1722	184 
1723	143 
1724	252 
1725	158 
1726	86 
1727	246 
1728	233 
1729	167 
1730	129 
1731	292 
1732	262 
1733	210 
1734	214 
1735	98 
1736	123 
1737	23 
1738	276 
1739	159 
1740	190 
1741	285 
1742	206 
1743	76 
1744	276 
1745	49 
1746	276 
1747	279 
1748	260 
1749	147 
1750	143 
1751	288 
1752	60 
1753	76 
1754	214 
1755	126 
1756	22 
1757	111 
1758	231 
1759	157 
1760	14 
1761	98 
1762	259 
1763	146 
1764	217 
1765	39 
1766	230 
1767	143 
1768	162 
1769	153 
1770	120 
1771	202 
1772	279 
1773	292 
1774	156 
1775	56 
1776	225 
1777	208 
1778	144 
1779	64 
1780	178 
1781	75 
1782	86 
1783	75 
1784	68 
1785	215 
1786	155 
1787	172 
1788	75 
1789	177 
1790	274 
1791	266 
1792	190 
1793	84 
1794	74 
1795	7 
1796	77 
1797	217 
1798	228 
1799	134 
1800	116 
1801	173 
1802	203 
1803	272 
1804	6 
1805	15 
1806	130 
1807	283 
1808	121 
1809	65 
1810	48 
1811	181 
1812	252 
1813	214 
1814	22 
1815	46 
1816	41 
1817	53 
1818	64 
1819	172 
1820	115 
1821	80 
1822	140 
1823	33 
1824	63 
1825	250 
1826	278 
1827	278 
1828	239 
1829	157 
1830	222 
1831	13 
1832	210 
1833	199 
1834	210 
1835	215 
1836	161 
1837	286 
1838	159 
1839	242 
1840	7 
1841	179 
1842	227 
1843	161 
1844	15 
1845	34 
1846	213 
1847	259 
1848	12 
1849	110 
1850	31 
1851	270 
1852	287 
1853	42 
1854	185 
1855	196 
1856	9 
1857	38 
1858	126 
1859	227 
1860	21 
1861	69 
1862	159 
1863	190 
1864	219 
1865	118 
1866	53 
1867	58 
1868	177 
1869	8 
1870	233 
1871	195 
1872	199 
1873	96 
1874	187 
1875	36 
1876	122 
1877	262 
1878	94 
1879	60 
1880	12 
1881	261 
1882	20 
1883	227 
1884	259 
1885	46 
1886	94 
1887	227 
1888	15 
1889	92 
1890	221 
1891	138 
1892	109 
1893	110 
1894	278 
1895	229 
1896	189 
1897	229 
1898	195 
1899	227 
1900	250 
1901	164 
1902	229 
1903	71 
1904	207 
1905	246 
1906	97 
1907	13 
1908	170 
1909	168 
1910	64 
1911	133 
1912	208 
1913	285 
1914	170 
1915	147 
1916	262 
1917	177 
1918	176 
1919	143 
1920	266 
1921	267 
1922	8 
1923	68 
1924	97 
1925	262 
1926	110 
1927	150 
1928	117 
1929	7 
1930	289 
1931	288 
1932	282 
1933	36 
1934	124 
1935	99 
1936	46 
1937	235 
1938	267 
1939	95 
1940	154 
1941	237 
1942	236 
1943	87 
1944	193 
1945	229 
1946	223 
1947	13 
1948	119 
1949	80 
1950	261 
1951	4 
1952	286 
1953	290 
1954	251 
1955	32 
1956	117 
1957	87 
1958	123 
1959	124 
1960	284 
1961	205 
1962	229 
1963	108 
1964	99 
1965	217 
1966	62 
1967	182 
1968	227 
1969	68 
1970	291 
1971	43 
1972	262 
1973	205 
1974	31 
1975	78 
1976	268 
1977	153 
1978	80 
1979	46 
1980	82 
1981	169 
1982	97 
1983	3 
1984	157 
1985	222 
1986	156 
1987	131 
1988	161 
1989	13 
1990	191 
1991	216 
1992	220 
1993	84 
1994	198 
1995	264 
1996	196 
1997	2 
1998	198 
1999	10 
2000	170 
2001	45 
2002	17 
2003	270 
2004	274 
2005	10 
2006	251 
2007	220 
2008	93 
2009	281 
2010	1 
2011	214 
2012	274 
2013	278 
2014	172 
2015	238 
2016	136 
2017	46 
2018	268 
2019	242 
2020	282 
2021	231 
2022	35 
2023	161 
2024	120 
2025	88 
2026	188 
2027	191 
2028	178 
2029	292 
2030	179 
2031	46 
2032	156 
2033	19 
2034	136 
2035	27 
2036	37 
2037	157 
2038	245 
2039	86 
2040	128 
2041	192 
2042	44 
2043	123 
2044	56 
2045	270 
2046	172 
2047	292 
2048	58 
2049	206 
2050	158 
2051	196 
2052	291 
2053	78 
2054	202 
2055	235 
2056	172 
2057	16 
2058	113 
2059	229 
2060	33 
2061	132 
2062	66 
2063	191 
2064	258 
2065	208 
2066	208 
2067	121 
2068	229 
2069	35 
2070	55 
2071	51 
2072	68 
2073	244 
2074	147 
2075	209 
2076	31 
2077	224 
2078	7 
2079	117 
2080	174 
2081	134 
2082	247 
2083	23 
2084	3 
2085	286 
2086	94 
2087	291 
2088	177 
2089	19 
2090	87 
2091	275 
2092	161 
2093	72 
2094	62 
2095	45 
2096	124 
2097	90 
2098	119 
2099	252 
2100	15 
2101	15 
2102	268 
2103	7 
2104	68 
2105	70 
2106	39 
2107	33 
2108	75 
2109	216 
2110	154 
2111	278 
2112	194 
2113	214 
2114	267 
2115	93 
2116	217 
2117	290 
2118	122 
2119	203 
2120	101 
2121	164 
2122	15 
2123	74 
2124	31 
2125	60 
2126	53 
2127	64 
2128	147 
2129	78 
2130	221 
2131	39 
2132	68 
2133	56 
2134	5 
2135	278 
2136	86 
2137	11 
2138	276 
2139	36 
2140	223 
2141	191 
2142	209 
2143	108 
2144	96 
2145	164 
2146	61 
2147	46 
2148	169 
2149	277 
2150	48 
2151	34 
2152	168 
2153	177 
2154	6 
2155	198 
2156	245 
2157	135 
2158	1 
2159	12 
2160	200 
2161	141 
2162	288 
2163	73 
2164	210 
2165	226 
2166	191 
2167	23 
2168	36 
2169	249 
2170	15 
2171	93 
2172	31 
2173	130 
2174	181 
2175	125 
2176	197 
2177	261 
2178	91 
2179	182 
2180	194 
2181	23 
2182	39 
2183	86 
2184	66 
2185	86 
2186	216 
2187	108 
2188	23 
2189	285 
2190	244 
2191	13 
2192	7 
2193	259 
2194	19 
2195	21 
2196	281 
2197	16 
2198	227 
2199	132 
2200	19 
2201	59 
2202	108 
2203	219 
2204	206 
2205	120 
2206	292 
2207	243 
2208	196 
2209	175 
2210	182 
2211	146 
2212	291 
2213	44 
2214	38 
2215	211 
2216	229 
2217	16 
2218	288 
2219	209 
2220	210 
2221	101 
2222	236 
2223	46 
2224	3 
2225	244 
2226	143 
2227	43 
2228	156 
2229	82 
2230	70 
2231	82 
2232	60 
2233	87 
2234	12 
2235	123 
2236	94 
2237	124 
2238	159 
2239	23 
2240	202 
2241	243 
2242	119 
2243	244 
2244	223 
2245	274 
2246	156 
2247	208 
2248	26 
2249	194 
2250	66 
2251	236 
2252	75 
2253	60 
2254	109 
2255	194 
2256	258 
2257	80 
2258	196 
2259	262 
2260	11 
2261	241 
2262	256 
2263	127 
2264	256 
2265	199 
2266	257 
2267	268 
2268	113 
2269	76 
2270	217 
2271	89 
2272	9 
2273	117 
2274	171 
2275	188 
2276	47 
2277	231 
2278	1 
2279	19 
2280	60 
2281	252 
2282	143 
2283	80 
2284	271 
2285	150 
2286	23 
2287	121 
2288	288 
2289	131 
2290	32 
2291	196 
2292	45 
2293	182 
2294	242 
2295	92 
2296	49 
2297	193 
2298	281 
2299	16 
2300	161 
2301	126 
2302	162 
2303	19 
2304	228 
2305	147 
2306	229 
2307	22 
2308	18 
2309	147 
2310	17 
2311	194 
2312	122 
2313	76 
2314	192 
2315	264 
2316	106 
2317	136 
2318	152 
2319	105 
2320	102 
2321	97 
2322	1 
2323	276 
2324	155 
2325	134 
2326	94 
2327	250 
2328	242 
2329	221 
2330	18 
2331	49 
2332	12 
2333	213 
2334	147 
2335	205 
2336	74 
2337	128 
2338	246 
2339	150 
2340	45 
2341	208 
2342	217 
2343	126 
2344	63 
2345	84 
2346	185 
2347	161 
2348	147 
2349	136 
2350	244 
2351	170 
2352	207 
2353	98 
2354	186 
2355	288 
2356	177 
2357	156 
2358	39 
2359	147 
2360	238 
2361	261 
2362	196 
2363	245 
2364	261 
2365	118 
2366	115 
2367	94 
2368	153 
2369	170 
2370	15 
2371	202 
2372	151 
2373	140 
2374	164 
2375	138 
2376	207 
2377	105 
2378	198 
2379	117 
2380	191 
2381	22 
2382	7 
2383	280 
2384	12 
2385	68 
2386	31 
2387	74 
2388	263 
2389	215 
2390	87 
2391	117 
2392	44 
2393	106 
2394	291 
2395	23 
2396	129 
2397	161 
2398	118 
2399	207 
2400	147 
2401	259 
2402	67 
2403	272 
2404	165 
2405	276 
2406	261 
2407	247 
2408	92 
2409	291 
2410	126 
2411	174 
2412	82 
2413	288 
2414	193 
2415	236 
2416	60 
2417	147 
2418	235 
2419	33 
2420	234 
2421	292 
2422	291 
2423	31 
2424	194 
2425	74 
2426	172 
2427	181 
2428	200 
2429	234 
2430	105 
2431	60 
2432	13 
2433	263 
2434	131 
2435	138 
2436	249 
2437	204 
2438	279 
2439	80 
2440	167 
2441	125 
2442	178 
2443	7 
2444	249 
2445	147 
2446	151 
2447	21 
2448	82 
2449	44 
2450	292 
2451	281 
2452	10 
2453	60 
2454	31 
2455	210 
2456	26 
2457	59 
2458	49 
2459	172 
2460	77 
2461	126 
2462	73 
2463	88 
2464	235 
2465	165 
2466	90 
2467	274 
2468	60 
2469	265 
2470	107 
2471	291 
2472	146 
2473	38 
2474	169 
2475	82 
2476	249 
2477	238 
2478	290 
2479	30 
2480	264 
2481	9 
2482	268 
2483	5 
2484	276 
2485	121 
2486	153 
2487	25 
2488	29 
2489	272 
2490	53 
2491	82 
2492	1 
2493	276 
2494	226 
2495	279 
2496	273 
2497	170 
2498	216 
2499	186 
2500	12 
2501	267 
2502	150 
2503	254 
2504	137 
2505	74 
2506	244 
2507	20 
2508	75 
2509	24 
2510	140 
2511	95 
2512	252 
2513	116 
2514	138 
2515	248 
2516	14 
2517	151 
2518	42 
2519	225 
2520	164 
2521	209 
2522	51 
2523	225 
2524	36 
2525	173 
2526	182 
2527	81 
2528	12 
2529	58 
2530	67 
2531	127 
2532	184 
2533	256 
2534	263 
2535	286 
2536	88 
2537	196 
2538	7 
2539	60 
2540	259 
2541	276 
2542	100 
2543	252 
2544	193 
2545	278 
2546	265 
2547	150 
2548	3 
2549	103 
2550	39 
2551	229 
2552	102 
2553	100 
2554	204 
2555	28 
2556	70 
2557	164 
2558	45 
2559	197 
2560	217 
2561	266 
2562	87 
2563	155 
2564	61 
2565	29 
2566	241 
2567	53 
2568	120 
2569	110 
2570	94 
2571	229 
2572	220 
2573	110 
2574	137 
2575	16 
2576	35 
2577	126 
2578	150 
2579	150 
2580	263 
2581	1 
2582	23 
2583	2 
2584	121 
2585	49 
2586	203 
2587	292 
2588	15 
2589	289 
2590	46 
2591	52 
2592	113 
2593	147 
2594	40 
2595	272 
2596	54 
2597	275 
2598	288 
2599	219 
2600	143 
2601	219 
2602	242 
2603	3 
2604	94 
2605	138 
2606	77 
2607	242 
2608	31 
2609	259 
2610	91 
2611	77 
2612	16 
2613	199 
2614	221 
2615	48 
2616	124 
2617	97 
2618	121 
2619	154 
2620	286 
2621	57 
2622	148 
2623	157 
2624	207 
2625	119 
2626	235 
2627	116 
2628	251 
2629	279 
2630	196 
2631	78 
2632	134 
2633	266 
2634	98 
2635	157 
2636	255 
2637	156 
2638	36 
2639	1 
2640	213 
2641	279 
2642	93 
2643	36 
2644	45 
2645	12 
2646	19 
2647	39 
2648	161 
2649	110 
2650	143 
2651	259 
2652	238 
2653	18 
2654	39 
2655	140 
2656	240 
2657	60 
2658	48 
2659	204 
2660	153 
2661	114 
2662	229 
2663	279 
2664	199 
2665	65 
2666	238 
2667	157 
2668	41 
2669	238 
2670	64 
2671	31 
2672	147 
2673	16 
2674	167 
2675	49 
2676	36 
2677	91 
2678	48 
2679	255 
2680	22 
2681	227 
2682	228 
2683	124 
2684	211 
2685	118 
2686	88 
2687	263 
2688	254 
2689	191 
2690	157 
2691	7 
2692	98 
2693	155 
2694	93 
2695	192 
2696	79 
2697	279 
2698	26 
2699	261 
2700	143 
2701	180 
2702	238 
2703	234 
2704	105 
2705	34 
2706	31 
2707	42 
2708	54 
2709	49 
2710	33 
2711	121 
2712	247 
2713	274 
2714	111 
2715	94 
2716	112 
2717	271 
2718	17 
2719	49 
2720	209 
2721	219 
2722	165 
2723	21 
2724	244 
2725	143 
2726	139 
2727	183 
2728	59 
2729	29 
2730	172 
2731	74 
2732	259 
2733	110 
2734	148 
2735	281 
2736	132 
2737	65 
2738	122 
2739	31 
2740	221 
2741	280 
2742	43 
2743	10 
2744	241 
2745	24 
2746	279 
2747	109 
2748	10 
2749	142 
2750	194 
2751	136 
2752	107 
2753	76 
2754	125 
2755	195 
2756	184 
2757	252 
2758	117 
2759	26 
2760	252 
2761	279 
2762	148 
2763	110 
2764	73 
2765	221 
2766	156 
2767	96 
2768	22 
2769	94 
2770	277 
2771	75 
2772	117 
2773	117 
2774	277 
2775	124 
2776	88 
2777	199 
2778	128 
2779	60 
2780	179 
2781	117 
2782	32 
2783	86 
2784	209 
2785	3 
2786	273 
2787	31 
2788	128 
2789	142 
2790	163 
2791	88 
2792	224 
2793	279 
2794	178 
2795	89 
2796	68 
2797	32 
2798	46 
2799	1 
2800	234 
2801	19 
2802	62 
2803	5 
2804	31 
2805	271 
2806	137 
2807	122 
2808	118 
2809	84 
2810	83 
2811	157 
2812	266 
2813	108 
2814	197 
2815	25 
2816	288 
2817	111 
2818	171 
2819	148 
2820	242 
2821	104 
2822	219 
2823	208 
2824	2 
2825	196 
2826	218 
2827	280 
2828	260 
2829	86 
2830	96 
2831	22 
2832	208 
2833	51 
2834	16 
2835	113 
2836	134 
2837	149 
2838	269 
2839	46 
2840	123 
2841	234 
2842	170 
2843	197 
2844	44 
2845	134 
2846	148 
2847	62 
2848	119 
2849	1 
2850	150 
2851	123 
2852	194 
2853	27 
2854	190 
2855	229 
2856	249 
2857	150 
2858	44 
2859	106 
2860	259 
2861	72 
2862	109 
2863	100 
2864	128 
2865	18 
2866	206 
2867	161 
2868	187 
2869	276 
2870	128 
2871	178 
2872	3 
2873	185 
2874	80 
2875	219 
2876	112 
2877	267 
2878	121 
2879	282 
2880	240 
2881	51 
2882	244 
2883	246 
2884	78 
2885	156 
2886	124 
2887	142 
2888	103 
2889	63 
2890	94 
2891	207 
2892	150 
2893	241 
2894	140 
2895	39 
2896	233 
2897	34 
2898	26 
2899	54 
2900	39 
2901	275 
2902	19 
2903	36 
2904	175 
2905	1 
2906	211 
2907	176 
2908	200 
2909	116 
2910	172 
2911	27 
2912	252 
2913	127 
2914	62 
2915	40 
2916	51 
2917	190 
2918	229 
2919	34 
2920	208 
2921	53 
2922	164 
2923	214 
2924	20 
2925	33 
2926	125 
2927	1 
2928	110 
2929	158 
2930	149 
2931	138 
2932	164 
2933	45 
2934	66 
2935	7 
2936	273 
2937	121 
2938	49 
2939	100 
2940	291 
2941	65 
2942	136 
2943	51 
2944	226 
2945	159 
2946	253 
2947	248 
2948	186 
2949	209 
2950	229 
2951	244 
2952	257 
2953	154 
2954	9 
2955	48 
2956	178 
2957	185 
2958	45 
2959	92 
2960	259 
2961	2 
2962	229 
2963	28 
2964	218 
2965	23 
2966	12 
2967	150 
2968	223 
2969	67 
2970	200 
2971	244 
2972	198 
2973	49 
2974	172 
2975	183 
2976	9 
2977	222 
2978	158 
2979	5 
2980	276 
2981	285 
2982	25 
2983	171 
2984	75 
2985	78 
2986	156 
2987	88 
2988	13 
2989	178 
2990	248 
2991	29 
2992	126 
2993	269 
2994	229 
2995	226 
2996	220 
2997	32 
2998	151 
2999	244 
3000	39 
3001	45 
3002	86 
3003	252 
3004	62 
3005	83 
3006	152 
3007	248 
3008	269 
3009	88 
3010	253 
3011	201 
3012	118 
3013	273 
3014	280 
3015	178 
3016	111 
3017	200 
3018	183 
3019	39 
3020	36 
3021	285 
3022	241 
3023	169 
3024	17 
3025	270 
3026	1 
3027	138 
3028	200 
3029	270 
3030	58 
3031	127 
3032	107 
3033	242 
3034	151 
3035	15 
3036	107 
3037	176 
3038	54 
3039	63 
3040	36 
3041	65 
3042	13 
3043	171 
3044	110 
3045	122 
3046	242 
3047	81 
3048	88 
3049	1 
3050	98 
3051	279 
3052	162 
3053	169 
3054	39 
3055	255 
3056	70 
3057	164 
3058	80 
3059	254 
3060	39 
3061	292 
3062	75 
3063	159 
3064	14 
3065	36 
3066	104 
3067	278 
3068	202 
3069	252 
3070	12 
3071	9 
3072	86 
3073	170 
3074	138 
3075	103 
3076	182 
3077	99 
3078	114 
3079	211 
3080	272 
3081	7 
3082	248 
3083	183 
3084	291 
3085	102 
3086	76 
3087	275 
3088	214 
3089	118 
3090	214 
3091	96 
3092	50 
3093	82 
3094	34 
3095	222 
3096	49 
3097	13 
3098	110 
3099	168 
3100	67 
3101	161 
3102	7 
3103	289 
3104	291 
3105	250 
3106	122 
3107	100 
3108	72 
3109	252 
3110	284 
3111	95 
3112	15 
3113	84 
3114	66 
3115	8 
3116	79 
3117	3 
3118	42 
3119	150 
3120	104 
3121	199 
3122	24 
3123	253 
3124	272 
3125	62 
3126	251 
3127	40 
3128	204 
3129	5 
3130	247 
3131	16 
3132	121 
3133	16 
3134	124 
3135	78 
3136	60 
3137	281 
3138	86 
3139	271 
3140	202 
3141	275 
3142	265 
3143	160 
3144	156 
3145	152 
3146	126 
3147	63 
3148	185 
3149	60 
3150	164 
3151	39 
3152	194 
3153	249 
3154	204 
3155	156 
3156	261 
3157	93 
3158	200 
3159	20 
3160	141 
3161	292 
3162	178 
3163	151 
3164	76 
3165	38 
3166	130 
3167	76 
3168	30 
3169	149 
3170	282 
3171	75 
3172	194 
3173	227 
3174	149 
3175	186 
3176	273 
3177	288 
3178	181 
3179	82 
3180	90 
3181	156 
3182	184 
3183	60 
3184	170 
3185	130 
3186	232 
3187	282 
3188	258 
3189	81 
3190	13 
3191	201 
3192	234 
3193	196 
3194	118 
3195	187 
3196	118 
3197	147 
3198	13 
3199	80 
3200	275 
3201	281 
3202	155 
3203	87 
3204	189 
3205	153 
3206	122 
3207	94 
3208	219 
3209	35 
3210	116 
3211	123 
3212	161 
3213	202 
3214	63 
3215	259 
3216	252 
3217	18 
3218	280 
3219	267 
3220	36 
3221	172 
3222	286 
3223	140 
3224	142 
3225	129 
3226	75 
3227	276 
3228	284 
3229	96 
3230	219 
3231	58 
3232	102 
3233	120 
3234	204 
3235	153 
3236	156 
3237	156 
3238	39 
3239	259 
3240	74 
3241	88 
3242	112 
3243	231 
3244	39 
3245	276 
3246	74 
3247	72 
3248	194 
3249	264 
3250	153 
3251	153 
3252	60 
3253	211 
3254	247 
3255	146 
3256	92 
3257	257 
3258	189 
3259	185 
3260	250 
3261	117 
3262	187 
3263	150 
3264	32 
3265	193 
3266	112 
3267	260 
3268	13 
3269	25 
3270	27 
3271	281 
3272	92 
3273	21 
3274	65 
3275	103 
3276	267 
3277	215 
3278	80 
3279	219 
3280	274 
3281	94 
3282	122 
3283	34 
3284	155 
3285	156 
3286	97 
3287	247 
3288	14 
3289	261 
3290	255 
3291	161 
3292	235 
3293	114 
3294	285 
3295	252 
3296	157 
3297	196 
3298	153 
3299	67 
3300	147 
3301	235 
3302	12 
3303	13 
3304	142 
3305	2 
3306	41 
3307	223 
3308	36 
3309	210 
3310	196 
3311	22 
3312	288 
3313	148 
3314	271 
3315	60 
3316	280 
3317	188 
3318	279 
3319	137 
3320	3 
3321	126 
3322	290 
3323	151 
3324	157 
3325	46 
3326	138 
3327	285 
3328	46 
3329	137 
3330	211 
3331	127 
3332	147 
3333	229 
3334	260 
3335	11 
3336	2 
3337	53 
3338	119 
3339	117 
3340	205 
3341	274 
3342	207 
3343	52 
3344	108 
3345	4 
3346	175 
3347	291 
3348	75 
3349	124 
3350	39 
3351	290 
3352	20 
3353	172 
3354	172 
3355	191 
3356	193 
3357	266 
3358	80 
3359	7 
3360	231 
3361	26 
3362	150 
3363	156 
3364	45 
3365	36 
3366	273 
3367	163 
3368	2 
3369	78 
3370	100 
3371	94 
3372	171 
3373	228 
3374	81 
3375	48 
3376	66 
3377	102 
3378	88 
3379	56 
3380	51 
3381	283 
3382	245 
3383	291 
3384	87 
3385	68 
3386	49 
3387	28 
3388	30 
3389	96 
3390	96 
3391	15 
3392	180 
3393	203 
3394	44 
3395	282 
3396	78 
3397	64 
3398	23 
3399	46 
3400	44 
3401	147 
3402	130 
3403	57 
3404	15 
3405	216 
3406	103 
3407	235 
3408	71 
3409	232 
3410	278 
3411	137 
3412	3 
3413	255 
3414	286 
3415	291 
3416	171 
3417	24 
3418	50 
3419	138 
3420	56 
3421	240 
3422	281 
3423	28 
3424	219 
3425	25 
3426	36 
3427	66 
3428	229 
3429	175 
3430	15 
3431	50 
3432	187 
3433	196 
3434	1 
3435	147 
3436	261 
3437	245 
3438	208 
3439	138 
3440	117 
3441	64 
3442	36 
3443	4 
3444	23 
3445	94 
3446	58 
3447	141 
3448	153 
3449	107 
3450	137 
3451	74 
3452	59 
3453	88 
3454	263 
3455	213 
3456	292 
3457	80 
3458	285 
3459	190 
3460	263 
3461	120 
3462	107 
3463	210 
3464	193 
3465	25 
3466	15 
3467	205 
3468	97 
3469	256 
3470	205 
3471	53 
3472	228 
3473	2 
3474	120 
3475	141 
3476	176 
3477	281 
3478	136 
3479	24 
3480	124 
3481	112 
3482	44 
3483	254 
3484	194 
3485	62 
3486	34 
3487	256 
3488	259 
3489	143 
3490	5 
3491	216 
3492	65 
3493	3 
3494	78 
3495	163 
3496	291 
3497	209 
3498	159 
3499	200 
3500	92 
3501	150 
3502	34 
3503	53 
3504	188 
3505	266 
3506	285 
3507	16 
3508	9 
3509	186 
3510	122 
3511	234 
3512	268 
3513	156 
3514	147 
3515	150 
3516	70 
3517	20 
3518	137 
3519	92 
3520	153 
3521	214 
3522	15 
3523	138 
3524	137 
3525	218 
3526	231 
3527	229 
3528	64 
3529	27 
3530	276 
3531	257 
3532	156 
3533	172 
3534	23 
3535	256 
3536	78 
3537	23 
3538	66 
3539	84 
3540	63 
3541	292 
3542	15 
3543	169 
3544	90 
3545	273 
3546	250 
3547	99 
3548	23 
3549	129 
3550	282 
3551	61 
3552	138 
3553	134 
3554	115 
3555	121 
3556	188 
3557	62 
3558	105 
3559	156 
3560	82 
3561	68 
3562	72 
3563	210 
3564	53 
3565	13 
3566	75 
3567	154 
3568	136 
3569	194 
3570	66 
3571	179 
3572	62 
3573	272 
3574	189 
3575	7 
3576	64 
3577	20 
3578	77 
3579	194 
3580	196 
3581	158 
3582	62 
3583	1 
3584	120 
3585	210 
3586	196 
3587	75 
3588	117 
3589	163 
3590	15 
3591	40 
3592	256 
3593	75 
3594	166 
3595	223 
3596	66 
3597	194 
3598	99 
3599	84 
3600	257 
3601	103 
3602	50 
3603	185 
3604	66 
3605	102 
3606	15 
3607	161 
3608	96 
3609	63 
3610	190 
3611	184 
3612	118 
3613	128 
3614	88 
3615	122 
3616	231 
3617	161 
3618	274 
3619	34 
3620	60 
3621	96 
3622	38 
3623	248 
3624	150 
3625	244 
3626	156 
3627	136 
3628	210 
3629	102 
3630	252 
3631	148 
3632	245 
3633	222 
3634	54 
3635	240 
3636	112 
3637	291 
3638	207 
3639	44 
3640	280 
3641	292 
3642	13 
3643	271 
3644	20 
3645	112 
3646	212 
3647	227 
3648	227 
3649	45 
3650	112 
3651	168 
3652	262 
3653	291 
3654	235 
3655	148 
3656	201 
3657	45 
3658	2 
3659	174 
3660	149 
3661	141 
3662	164 
3663	176 
3664	84 
3665	208 
3666	108 
3667	117 
3668	232 
3669	227 
3670	190 
3671	153 
3672	222 
3673	241 
3674	178 
3675	278 
3676	84 
3677	59 
3678	48 
3679	45 
3680	23 
3681	56 
3682	12 
3683	30 
3684	285 
3685	222 
3686	62 
3687	208 
3688	223 
3689	62 
3690	73 
3691	59 
3692	59 
3693	221 
3694	263 
3695	1 
3696	95 
3697	268 
3698	278 
3699	24 
3700	120 
3701	229 
3702	43 
3703	49 
3704	118 
3705	210 
3706	207 
3707	248 
3708	102 
3709	180 
3710	117 
3711	46 
3712	278 
3713	200 
3714	84 
3715	271 
3716	154 
3717	207 
3718	86 
3719	238 
3720	157 
3721	32 
3722	131 
3723	110 
3724	104 
3725	1 
3726	168 
3727	217 
3728	73 
3729	172 
3730	36 
3731	44 
3732	204 
3733	154 
3734	225 
3735	201 
3736	246 
3737	98 
3738	255 
3739	42 
3740	224 
3741	252 
3742	169 
3743	57 
3744	95 
3745	102 
3746	4 
3747	129 
3748	23 
3749	246 
3750	14 
3751	244 
3752	72 
3753	208 
3754	126 
3755	67 
3756	111 
3757	49 
3758	219 
3759	30 
3760	242 
3761	102 
3762	82 
3763	164 
3764	153 
3765	64 
3766	65 
3767	227 
3768	261 
3769	112 
3770	58 
3771	118 
3772	164 
3773	175 
3774	60 
3775	196 
3776	270 
3777	288 
3778	71 
3779	173 
3780	143 
3781	88 
3782	88 
3783	157 
3784	36 
3785	148 
3786	166 
3787	87 
3788	278 
3789	9 
3790	221 
3791	71 
3792	16 
3793	22 
3794	105 
3795	78 
3796	196 
3797	38 
3798	3 
3799	201 
3800	3 
3801	274 
3802	164 
3803	207 
3804	159 
3805	159 
3806	42 
3807	62 
3808	9 
3809	153 
3810	144 
3811	68 
3812	118 
3813	94 
3814	117 
3815	209 
3816	187 
3817	139 
3818	90 
3819	109 
3820	60 
3821	123 
3822	24 
3823	9 
3824	240 
3825	274 
3826	71 
3827	291 
3828	148 
3829	20 
3830	9 
3831	189 
3832	48 
3833	71 
3834	270 
3835	148 
3836	76 
3837	178 
3838	104 
3839	62 
3840	99 
3841	217 
3842	25 
3843	46 
3844	148 
3845	156 
3846	204 
3847	241 
3848	211 
3849	74 
3850	153 
3851	274 
3852	116 
3853	40 
3854	66 
3855	48 
3856	156 
3857	118 
3858	248 
3859	87 
3860	60 
3861	170 
3862	261 
3863	152 
3864	184 
3865	82 
3866	285 
3867	28 
3868	288 
3869	31 
3870	39 
3871	212 
3872	80 
3873	227 
3874	261 
3875	7 
3876	289 
3877	203 
3878	106 
3879	200 
3880	87 
3881	159 
3882	123 
3883	41 
3884	265 
3885	123 
3886	10 
3887	225 
3888	50 
3889	168 
3890	116 
3891	28 
3892	12 
3893	28 
3894	159 
3895	60 
3896	161 
3897	146 
3898	94 
3899	292 
3900	48 
3901	51 
3902	280 
3903	269 
3904	277 
3905	151 
3906	60 
3907	281 
3908	217 
3909	219 
3910	242 
3911	140 
3912	155 
3913	169 
3914	152 
3915	207 
3916	134 
3917	281 
3918	112 
3919	146 
3920	221 
3921	7 
3922	231 
3923	248 
3924	82 
3925	252 
3926	180 
3927	75 
3928	259 
3929	221 
3930	15 
3931	36 
3932	1 
3933	146 
3934	186 
3935	66 
3936	66 
3937	123 
3938	8 
3939	91 
3940	166 
3941	40 
3942	95 
3943	209 
3944	49 
3945	84 
3946	208 
3947	280 
3948	276 
3949	82 
3950	285 
3951	147 
3952	288 
3953	148 
3954	269 
3955	122 
3956	265 
3957	250 
3958	288 
3959	244 
3960	188 
3961	196 
3962	103 
3963	290 
3964	263 
3965	87 
3966	142 
3967	44 
3968	75 
3969	200 
3970	253 
3971	291 
3972	70 
3973	60 
3974	36 
3975	147 
3976	124 
3977	108 
3978	126 
3979	233 
3980	220 
3981	194 
3982	43 
3983	150 
3984	286 
3985	211 
3986	38 
3987	94 
3988	216 
3989	256 
3990	62 
3991	3 
3992	255 
3993	70 
3994	282 
3995	200 
3996	88 
3997	250 
3998	106 
3999	102 
4000	290 
4001	156 
4002	99 
4003	238 
4004	234 
4005	256 
4006	118 
4007	129 
4008	80 
4009	196 
4010	236 
4011	204 
4012	200 
4013	128 
4014	175 
4015	182 
4016	43 
4017	124 
4018	256 
4019	30 
4020	178 
4021	48 
4022	30 
4023	246 
4024	76 
4025	49 
4026	155 
4027	71 
4028	256 
4029	25 
4030	40 
4031	235 
4032	147 
4033	103 
4034	129 
4035	276 
4036	157 
4037	226 
4038	118 
4039	72 
4040	127 
4041	178 
4042	40 
4043	156 
4044	191 
4045	60 
4046	148 
4047	228 
4048	77 
4049	40 
4050	120 
4051	276 
4052	207 
4053	70 
4054	124 
4055	140 
4056	291 
4057	94 
4058	125 
4059	212 
4060	272 
4061	278 
4062	156 
4063	221 
4064	168 
4065	232 
4066	124 
4067	22 
4068	44 
4069	86 
4070	210 
4071	80 
4072	91 
4073	205 
4074	180 
4075	149 
4076	213 
4077	172 
4078	86 
4079	1 
4080	202 
4081	92 
4082	111 
4083	16 
4084	15 
4085	112 
4086	70 
4087	136 
4088	216 
4089	233 
4090	194 
4091	284 
4092	213 
4093	244 
4094	41 
4095	54 
4096	115 
4097	97 
4098	180 
4099	231 
4100	9 
4101	244 
4102	247 
4103	237 
4104	43 
4105	272 
4106	162 
4107	32 
4108	1 
4109	40 
4110	62 
4111	281 
4112	151 
4113	167 
4114	168 
4115	219 
4116	196 
4117	122 
4118	1 
4119	252 
4120	59 
4121	71 
4122	172 
4123	75 
4124	113 
4125	150 
4126	244 
4127	209 
4128	73 
4129	19 
4130	194 
4131	45 
4132	9 
4133	216 
4134	244 
4135	281 
4136	156 
4137	204 
4138	214 
4139	16 
4140	119 
4141	139 
4142	234 
4143	138 
4144	102 
4145	79 
4146	62 
4147	35 
4148	274 
4149	291 
4150	252 
4151	92 
4152	158 
4153	290 
4154	167 
4155	104 
4156	35 
4157	223 
4158	48 
4159	291 
4160	125 
4161	256 
4162	267 
4163	213 
4164	1 
4165	238 
4166	6 
4167	166 
4168	125 
4169	38 
4170	200 
4171	41 
4172	72 
4173	151 
4174	128 
4175	143 
4176	173 
4177	261 
4178	76 
4179	278 
4180	50 
4181	188 
4182	51 
4183	152 
4184	280 
4185	154 
4186	227 
4187	15 
4188	13 
4189	140 
4190	49 
4191	212 
4192	2 
4193	31 
4194	179 
4195	98 
4196	240 
4197	189 
4198	137 
4199	72 
4200	88 
4201	148 
4202	117 
4203	196 
4204	265 
4205	70 
4206	15 
4207	19 
4208	40 
4209	227 
4210	235 
4211	267 
4212	285 
4213	141 
4214	70 
4215	151 
4216	261 
4217	254 
4218	102 
4219	125 
4220	273 
4221	223 
4222	274 
4223	245 
4224	119 
4225	159 
4226	51 
4227	208 
4228	199 
4229	263 
4230	74 
4231	45 
4232	60 
4233	286 
4234	108 
4235	201 
4236	285 
4237	263 
4238	216 
4239	153 
4240	147 
4241	279 
4242	152 
4243	12 
4244	147 
4245	212 
4246	16 
4247	265 
4248	249 
4249	66 
4250	284 
4251	212 
4252	1 
4253	153 
4254	80 
4255	255 
4256	58 
4257	194 
4258	45 
4259	196 
4260	99 
4261	259 
4262	289 
4263	40 
4264	126 
4265	164 
4266	127 
4267	49 
4268	46 
4269	1 
4270	175 
4271	204 
4272	136 
4273	279 
4274	62 
4275	161 
4276	271 
4277	290 
4278	209 
4279	190 
4280	51 
4281	62 
4282	190 
4283	207 
4284	148 
4285	86 
4286	31 
4287	233 
4288	86 
4289	138 
4290	92 
4291	76 
4292	33 
4293	122 
4294	46 
4295	86 
4296	210 
4297	176 
4298	158 
4299	259 
4300	58 
4301	121 
4302	216 
4303	175 
4304	27 
4305	3 
4306	222 
4307	190 
4308	16 
4309	246 
4310	146 
4311	48 
4312	240 
4313	77 
4314	168 
4315	156 
4316	39 
4317	62 
4318	23 
4319	150 
4320	63 
4321	59 
4322	208 
4323	87 
4324	127 
4325	151 
4326	208 
4327	259 
4328	271 
4329	123 
4330	128 
4331	220 
4332	84 
4333	41 
4334	143 
4335	156 
4336	252 
4337	274 
4338	42 
4339	231 
4340	281 
4341	35 
4342	28 
4343	40 
4344	244 
4345	225 
4346	21 
4347	76 
4348	2 
4349	11 
4350	60 
4351	90 
4352	276 
4353	291 
4354	139 
4355	249 
4356	285 
4357	266 
4358	97 
4359	278 
4360	36 
4361	281 
4362	130 
4363	159 
4364	281 
4365	161 
4366	59 
4367	292 
4368	274 
4369	75 
4370	281 
4371	12 
4372	271 
4373	281 
4374	273 
4375	54 
4376	23 
4377	192 
4378	238 
4379	125 
4380	32 
4381	148 
4382	223 
4383	222 
4384	126 
4385	123 
4386	156 
4387	39 
4388	80 
4389	193 
4390	73 
4391	88 
4392	7 
4393	233 
4394	290 
4395	82 
4396	217 
4397	244 
4398	172 
4399	223 
4400	146 
4401	73 
4402	264 
4403	86 
4404	149 
4405	53 
4406	84 
4407	228 
4408	279 
4409	13 
4410	32 
4411	164 
4412	138 
4413	154 
4414	76 
4415	155 
4416	57 
4417	172 
4418	121 
4419	108 
4420	96 
4421	2 
4422	234 
4423	236 
4424	217 
4425	256 
4426	285 
4427	35 
4428	112 
4429	107 
4430	38 
4431	250 
4432	147 
4433	53 
4434	16 
4435	48 
4436	169 
4437	190 
4438	224 
4439	15 
4440	84 
4441	76 
4442	221 
4443	120 
4444	153 
4445	138 
4446	105 
4447	79 
4448	292 
4449	152 
4450	258 
4451	57 
4452	248 
4453	137 
4454	94 
4455	77 
4456	59 
4457	4 
4458	288 
4459	75 
4460	12 
4461	71 
4462	118 
4463	91 
4464	156 
4465	31 
4466	210 
4467	164 
4468	48 
4469	52 
4470	148 
4471	43 
4472	285 
4473	252 
4474	259 
4475	282 
4476	118 
4477	117 
4478	102 
4479	262 
4480	286 
4481	193 
4482	59 
4483	229 
4484	110 
4485	154 
4486	143 
4487	151 
4488	122 
4489	164 
4490	161 
4491	66 
4492	110 
4493	147 
4494	128 
4495	9 
4496	90 
4497	97 
4498	65 
4499	156 
4500	168 
4501	223 
4502	292 
4503	62 
4504	130 
4505	162 
4506	42 
4507	253 
4508	262 
4509	78 
4510	103 
4511	126 
4512	40 
4513	66 
4514	259 
4515	189 
4516	153 
4517	28 
4518	31 
4519	276 
4520	39 
4521	153 
4522	249 
4523	160 
4524	108 
4525	45 
4526	204 
4527	78 
4528	134 
4529	146 
4530	40 
4531	157 
4532	112 
4533	51 
4534	15 
4535	82 
4536	123 
4537	57 
4538	66 
4539	202 
4540	160 
4541	39 
4542	170 
4543	124 
4544	136 
4545	28 
4546	59 
4547	50 
4548	98 
4549	23 
4550	137 
4551	94 
4552	252 
4553	44 
4554	14 
4555	153 
4556	147 
4557	59 
4558	242 
4559	118 
4560	102 
4561	222 
4562	39 
4563	284 
4564	86 
4565	7 
4566	209 
4567	123 
4568	209 
4569	76 
4570	110 
4571	30 
4572	88 
4573	166 
4574	66 
4575	49 
4576	105 
4577	205 
4578	254 
4579	66 
4580	46 
4581	102 
4582	41 
4583	282 
4584	218 
4585	285 
4586	286 
4587	1 
4588	65 
4589	94 
4590	116 
4591	42 
4592	31 
4593	279 
4594	183 
4595	8 
4596	183 
4597	292 
4598	211 
4599	87 
4600	148 
4601	213 
4602	259 
4603	285 
4604	156 
4605	108 
4606	227 
4607	156 
4608	138 
4609	138 
4610	38 
4611	189 
4612	62 
4613	175 
4614	142 
4615	185 
4616	168 
4617	164 
4618	45 
4619	217 
4620	217 
4621	112 
4622	40 
4623	51 
4624	23 
4625	112 
4626	265 
4627	11 
4628	284 
4629	51 
4630	190 
4631	255 
4632	254 
4633	9 
4634	3 
4635	122 
4636	244 
4637	32 
4638	82 
4639	217 
4640	19 
4641	78 
4642	268 
4643	84 
4644	60 
4645	117 
4646	219 
4647	172 
4648	96 
4649	22 
4650	110 
4651	60 
4652	3 
4653	82 
4654	62 
4655	261 
4656	224 
4657	285 
4658	103 
4659	125 
4660	261 
4661	20 
4662	218 
4663	262 
4664	238 
4665	8 
4666	116 
4667	113 
4668	39 
4669	251 
4670	206 
4671	273 
4672	263 
4673	159 
4674	202 
4675	156 
4676	94 
4677	76 
4678	202 
4679	9 
4680	225 
4681	120 
4682	278 
4683	253 
4684	214 
4685	250 
4686	97 
4687	148 
4688	288 
4689	280 
4690	75 
4691	80 
4692	152 
4693	237 
4694	136 
4695	80 
4696	278 
4697	268 
4698	19 
4699	201 
4700	278 
4701	19 
4702	12 
4703	162 
4704	85 
4705	158 
4706	154 
4707	274 
4708	123 
4709	128 
4710	156 
4711	177 
4712	148 
4713	78 
4714	172 
4715	13 
4716	178 
4717	16 
4718	50 
4719	13 
4720	257 
4721	105 
4722	214 
4723	52 
4724	9 
4725	13 
4726	86 
4727	178 
4728	16 
4729	13 
4730	82 
4731	84 
4732	193 
4733	153 
4734	11 
4735	162 
4736	166 
4737	82 
4738	112 
4739	227 
4740	94 
4741	108 
4742	226 
4743	290 
4744	235 
4745	42 
4746	92 
4747	40 
4748	227 
4749	136 
4750	50 
4751	292 
4752	32 
4753	272 
4754	74 
4755	104 
4756	80 
4757	62 
4758	98 
4759	279 
4760	261 
4761	13 
4762	205 
4763	60 
4764	278 
4765	285 
4766	151 
4767	153 
4768	100 
4769	151 
4770	251 
4771	53 
4772	224 
4773	273 
4774	100 
4775	64 
4776	16 
4777	121 
4778	256 
4779	229 
4780	180 
4781	76 
4782	62 
4783	262 
4784	276 
4785	127 
4786	221 
4787	196 
4788	16 
4789	148 
4790	117 
4791	233 
4792	177 
4793	48 
4794	172 
4795	278 
4796	180 
4797	252 
4798	252 
4799	146 
4800	75 
4801	73 
4802	137 
4803	88 
4804	57 
4805	234 
4806	8 
4807	190 
4808	32 
4809	220 
4810	131 
4811	125 
4812	208 
4813	82 
4814	53 
4815	177 
4816	137 
4817	146 
4818	30 
4819	157 
4820	8 
4821	40 
4822	152 
4823	279 
4824	288 
4825	147 
4826	16 
4827	189 
4828	136 
4829	262 
4830	274 
4831	274 
4832	268 
4833	60 
4834	14 
4835	281 
4836	235 
4837	68 
4838	150 
4839	88 
4840	112 
4841	235 
4842	276 
4843	229 
4844	278 
4845	170 
4846	256 
4847	168 
4848	244 
4849	156 
4850	151 
4851	98 
4852	196 
4853	253 
4854	124 
4855	118 
4856	123 
4857	78 
4858	32 
4859	76 
4860	108 
4861	172 
4862	150 
4863	9 
4864	26 
4865	11 
4866	116 
4867	164 
4868	97 
4869	162 
4870	236 
4871	211 
4872	235 
4873	180 
4874	97 
4875	167 
4876	95 
4877	40 
4878	94 
4879	96 
4880	253 
4881	123 
4882	31 
4883	208 
4884	82 
4885	58 
4886	13 
4887	159 
4888	127 
4889	207 
4890	206 
4891	53 
4892	62 
4893	97 
4894	219 
4895	204 
4896	219 
4897	288 
4898	291 
4899	256 
4900	36 
4901	219 
4902	286 
4903	102 
4904	88 
4905	30 
4906	112 
4907	150 
4908	278 
4909	166 
4910	245 
4911	44 
4912	156 
4913	33 
4914	120 
4915	15 
4916	31 
4917	245 
4918	28 
4919	276 
4920	203 
4921	9 
4922	223 
4923	78 
4924	157 
4925	169 
4926	288 
4927	190 
4928	53 
4929	105 
4930	214 
4931	87 
4932	57 
4933	199 
4934	86 
4935	291 
4936	1 
4937	158 
4938	38 
4939	152 
4940	253 
4941	204 
4942	36 
4943	85 
4944	118 
4945	48 
4946	253 
4947	121 
4948	204 
4949	281 
4950	233 
4951	159 
4952	45 
4953	161 
4954	279 
4955	278 
4956	222 
4957	280 
4958	208 
4959	204 
4960	263 
4961	203 
4962	118 
4963	183 
4964	51 
4965	128 
4966	150 
4967	3 
4968	41 
4969	194 
4970	273 
4971	75 
4972	43 
4973	233 
4974	291 
4975	35 
4976	94 
4977	57 
4978	241 
4979	110 
4980	82 
4981	159 
4982	23 
4983	36 
4984	153 
4985	31 
4986	274 
4987	1 
4988	98 
4989	23 
4990	150 
4991	86 
4992	238 
4993	124 
4994	231 
4995	174 
4996	124 
4997	30 
4998	86 
4999	117 
5000	250 
5001	72 
5002	279 
5003	266 
5004	42 
5005	58 
5006	63 
5007	271 
5008	44 
5009	92 
5010	168 
5011	111 
5012	185 
5013	262 
5014	36 
5015	266 
5016	185 
5017	288 
5018	88 
5019	280 
5020	52 
5021	170 
5022	102 
5023	222 
5024	156 
5025	44 
5026	137 
5027	86 
5028	156 
5029	122 
5030	225 
5031	105 
5032	23 
5033	94 
5034	157 
5035	76 
5036	68 
5037	252 
5038	156 
5039	5 
5040	44 
5041	151 
5042	28 
5043	67 
5044	125 
5045	117 
5046	156 
5047	130 
5048	136 
5049	121 
5050	226 
5051	103 
5052	258 
5053	88 
5054	263 
5055	120 
5056	263 
5057	259 
5058	50 
5059	117 
5060	242 
5061	98 
5062	161 
5063	19 
5064	118 
5065	172 
5066	162 
5067	248 
5068	108 
5069	86 
5070	229 
5071	64 
5072	151 
5073	269 
5074	281 
5075	209 
5076	64 
5077	278 
5078	96 
5079	2 
5080	36 
5081	228 
5082	190 
5083	281 
5084	247 
5085	147 
5086	231 
5087	41 
5088	149 
5089	285 
5090	30 
5091	112 
5092	34 
5093	125 
5094	176 
5095	152 
5096	144 
5097	273 
5098	64 
5099	40 
5100	34 
5101	262 
5102	23 
5103	112 
5104	48 
5105	1 
5106	13 
5107	180 
5108	192 
5109	1 
5110	62 
5111	87 
5112	94 
5113	143 
5114	128 
5115	279 
5116	204 
5117	138 
5118	59 
5119	46 
5120	76 
5121	264 
5122	218 
5123	291 
5124	257 
5125	276 
5126	218 
5127	292 
5128	272 
5129	22 
5130	223 
5131	139 
5132	22 
5133	73 
5134	177 
5135	285 
5136	123 
5137	153 
5138	39 
5139	110 
5140	272 
5141	284 
5142	258 
5143	108 
5144	234 
5145	117 
5146	45 
5147	280 
5148	204 
5149	23 
5150	136 
5151	95 
5152	286 
5153	96 
5154	46 
5155	242 
5156	127 
5157	102 
5158	291 
5159	271 
5160	87 
5161	192 
5162	84 
5163	96 
5164	159 
5165	274 
5166	261 
5167	252 
5168	94 
5169	44 
5170	179 
5171	219 
5172	227 
5173	109 
5174	266 
5175	1 
5176	108 
5177	150 
5178	82 
5179	144 
5180	1 
5181	62 
5182	112 
5183	281 
5184	108 
5185	46 
5186	95 
5187	263 
5188	102 
5189	219 
5190	233 
5191	82 
5192	259 
5193	201 
5194	44 
5195	36 
5196	64 
5197	204 
5198	253 
5199	134 
5200	250 
5201	87 
5202	164 
5203	290 
5204	259 
5205	155 
5206	128 
5207	261 
5208	288 
5209	87 
5210	50 
5211	143 
5212	266 
5213	225 
5214	160 
5215	291 
5216	208 
5217	285 
5218	273 
5219	128 
5220	194 
5221	32 
5222	247 
5223	73 
5224	75 
5225	201 
5226	156 
5227	229 
5228	229 
5229	284 
5230	115 
5231	226 
5232	177 
5233	16 
5234	150 
5235	87 
5236	205 
5237	267 
5238	40 
5239	42 
5240	209 
5241	153 
5242	128 
5243	36 
5244	178 
5245	1 
5246	96 
5247	53 
5248	128 
5249	45 
5250	196 
5251	105 
5252	76 
5253	147 
5254	103 
5255	190 
5256	278 
5257	151 
5258	95 
5259	8 
5260	90 
5261	117 
5262	63 
5263	255 
5264	48 
5265	67 
5266	102 
5267	105 
5268	231 
5269	39 
5270	292 
5271	84 
5272	272 
5273	244 
5274	257 
5275	1 
5276	63 
5277	292 
5278	167 
5279	77 
5280	16 
5281	22 
5282	71 
5283	263 
5284	11 
5285	170 
5286	153 
5287	24 
5288	148 
5289	60 
5290	235 
5291	279 
5292	253 
5293	1 
5294	126 
5295	265 
5296	241 
5297	64 
5298	256 
5299	261 
5300	245 
5301	252 
5302	45 
5303	5 
5304	204 
5305	92 
5306	202 
5307	111 
5308	159 
5309	92 
5310	84 
5311	88 
5312	123 
5313	24 
5314	117 
5315	50 
5316	203 
5317	128 
5318	259 
5319	70 
5320	154 
5321	35 
5322	68 
5323	121 
5324	193 
5325	220 
5326	123 
5327	97 
5328	22 
5329	122 
5330	226 
5331	119 
5332	227 
5333	84 
5334	193 
5335	159 
5336	237 
5337	138 
5338	244 
5339	44 
5340	161 
5341	249 
5342	278 
5343	290 
5344	288 
5345	86 
5346	229 
5347	174 
5348	291 
5349	148 
5350	280 
5351	60 
5352	70 
5353	221 
5354	40 
5355	190 
5356	119 
5357	193 
5358	274 
5359	167 
5360	28 
5361	263 
5362	252 
5363	67 
5364	87 
5365	54 
5366	70 
5367	265 
5368	273 
5369	167 
5370	13 
5371	108 
5372	153 
5373	70 
5374	223 
5375	15 
5376	9 
5377	85 
5378	21 
5379	200 
5380	39 
5381	123 
5382	163 
5383	244 
5384	36 
5385	172 
5386	125 
5387	138 
5388	161 
5389	238 
5390	273 
5391	60 
5392	211 
5393	273 
5394	242 
5395	163 
5396	138 
5397	245 
5398	264 
5399	67 
5400	36 
5401	140 
5402	52 
5403	123 
5404	225 
5405	150 
5406	72 
5407	103 
5408	240 
5409	264 
5410	154 
5411	200 
5412	241 
5413	76 
5414	7 
5415	245 
5416	180 
5417	274 
5418	111 
5419	134 
5420	122 
5421	196 
5422	139 
5423	116 
5424	279 
5425	208 
5426	40 
5427	249 
5428	31 
5429	118 
5430	274 
5431	48 
5432	53 
5433	178 
5434	70 
5435	276 
5436	21 
5437	285 
5438	31 
5439	150 
5440	237 
5441	57 
5442	100 
5443	134 
5444	231 
5445	147 
5446	87 
5447	250 
5448	127 
5449	289 
5450	65 
5451	60 
5452	244 
5453	61 
5454	60 
5455	109 
5456	194 
5457	127 
5458	238 
5459	151 
5460	290 
5461	121 
5462	196 
5463	46 
5464	122 
5465	280 
5466	151 
5467	150 
5468	233 
5469	77 
5470	163 
5471	139 
5472	264 
5473	109 
5474	244 
5475	252 
5476	273 
5477	262 
5478	255 
5479	108 
5480	40 
5481	159 
5482	62 
5483	98 
5484	262 
5485	212 
5486	222 
5487	12 
5488	220 
5489	223 
5490	127 
5491	288 
5492	36 
5493	60 
5494	234 
5495	4 
5496	78 
5497	128 
5498	196 
5499	75 
5500	213 
5501	256 
5502	263 
5503	278 
5504	31 
5505	250 
5506	87 
5507	76 
5508	78 
5509	88 
5510	292 
5511	166 
5512	285 
5513	276 
5514	45 
5515	126 
5516	183 
5517	261 
5518	189 
5519	138 
5520	272 
5521	236 
5522	121 
5523	259 
5524	202 
5525	90 
5526	202 
5527	139 
5528	258 
5529	98 
5530	192 
5531	138 
5532	130 
5533	161 
5534	219 
5535	240 
5536	33 
5537	244 
5538	246 
5539	268 
5540	128 
5541	13 
5542	125 
5543	194 
5544	261 
5545	128 
5546	139 
5547	4 
5548	177 
5549	147 
5550	86 
5551	48 
5552	127 
5553	157 
5554	142 
5555	49 
5556	285 
5557	255 
5558	121 
5559	76 
5560	117 
5561	278 
5562	61 
5563	235 
5564	235 
5565	40 
5566	16 
5567	193 
5568	218 
5569	43 
5570	109 
5571	253 
5572	268 
5573	87 
5574	12 
5575	190 
5576	75 
5577	178 
5578	8 
5579	161 
5580	265 
5581	157 
5582	196 
5583	1 
5584	155 
5585	196 
5586	194 
5587	61 
5588	266 
5589	259 
5590	86 
5591	71 
5592	151 
5593	248 
5594	99 
5595	31 
5596	94 
5597	71 
5598	265 
5599	41 
5600	194 
5601	2 
5602	49 
5603	59 
5604	203 
5605	122 
5606	198 
5607	96 
5608	238 
5609	170 
5610	153 
5611	126 
5612	80 
5613	9 
5614	238 
5615	19 
5616	22 
5617	125 
5618	75 
5619	126 
5620	82 
5621	168 
5622	174 
5623	221 
5624	12 
5625	11 
5626	208 
5627	22 
5628	244 
5629	139 
5630	112 
5631	156 
5632	71 
5633	206 
5634	66 
5635	59 
5636	46 
5637	77 
5638	263 
5639	242 
5640	281 
5641	249 
5642	80 
5643	198 
5644	66 
5645	108 
5646	213 
5647	238 
5648	127 
5649	35 
5650	149 
5651	24 
5652	259 
5653	30 
5654	103 
5655	82 
5656	250 
5657	204 
5658	74 
5659	168 
5660	78 
5661	288 
5662	263 
5663	58 
5664	286 
5665	154 
5666	136 
5667	86 
5668	60 
5669	138 
5670	217 
5671	194 
5672	288 
5673	281 
5674	97 
5675	199 
5676	291 
5677	117 
5678	148 
5679	179 
5680	281 
5681	175 
5682	1 
5683	172 
5684	204 
5685	201 
5686	221 
5687	73 
5688	24 
5689	76 
5690	148 
5691	128 
5692	210 
5693	113 
5694	126 
5695	168 
5696	221 
5697	217 
5698	183 
5699	179 
5700	209 
5701	80 
5702	49 
5703	71 
5704	265 
5705	52 
5706	111 
5707	31 
5708	231 
5709	40 
5710	267 
5711	276 
5712	75 
5713	227 
5714	167 
5715	130 
5716	45 
5717	273 
5718	248 
5719	60 
5720	258 
5721	180 
5722	45 
5723	238 
5724	148 
5725	121 
5726	86 
5727	108 
5728	136 
5729	78 
5730	48 
5731	276 
5732	216 
5733	174 
5734	128 
5735	7 
5736	136 
5737	75 
5738	99 
5739	224 
5740	63 
5741	26 
5742	128 
5743	261 
5744	86 
5745	60 
5746	161 
5747	190 
5748	60 
5749	288 
5750	233 
5751	68 
5752	119 
5753	66 
5754	126 
5755	163 
5756	42 
5757	190 
5758	170 
5759	49 
5760	68 
5761	234 
5762	123 
5763	44 
5764	152 
5765	53 
5766	235 
5767	76 
5768	281 
5769	34 
5770	255 
5771	286 
5772	219 
5773	127 
5774	217 
5775	111 
5776	204 
5777	58 
5778	3 
5779	80 
5780	87 
5781	16 
5782	138 
5783	76 
5784	126 
5785	272 
5786	156 
5787	122 
5788	209 
5789	60 
5790	290 
5791	59 
5792	288 
5793	99 
5794	30 
5795	87 
5796	64 
5797	209 
5798	98 
5799	42 
5800	159 
5801	87 
5802	19 
5803	28 
5804	289 
5805	204 
5806	127 
5807	1 
5808	288 
5809	150 
5810	290 
5811	34 
5812	157 
5813	214 
5814	61 
5815	168 
5816	229 
5817	119 
5818	36 
5819	203 
5820	138 
5821	62 
5822	100 
5823	32 
5824	196 
5825	224 
5826	228 
5827	109 
5828	147 
5829	123 
5830	148 
5831	105 
5832	68 
5833	248 
5834	234 
5835	252 
5836	128 
5837	221 
5838	290 
5839	204 
5840	290 
5841	140 
5842	43 
5843	68 
5844	139 
5845	63 
5846	148 
5847	224 
5848	88 
5849	252 
5850	140 
5851	233 
5852	202 
5853	231 
5854	68 
5855	178 
5856	162 
5857	168 
5858	5 
5859	15 
5860	244 
5861	276 
5862	28 
5863	279 
5864	126 
5865	203 
5866	208 
5867	122 
5868	142 
5869	153 
5870	196 
5871	241 
5872	210 
5873	97 
5874	36 
5875	12 
5876	202 
5877	68 
5878	119 
5879	279 
5880	49 
5881	76 
5882	50 
5883	168 
5884	61 
5885	45 
5886	206 
5887	112 
5888	204 
5889	259 
5890	149 
5891	202 
5892	202 
5893	160 
5894	115 
5895	257 
5896	265 
5897	154 
5898	278 
5899	220 
5900	148 
5901	254 
5902	14 
5903	118 
5904	217 
5905	273 
5906	139 
5907	151 
5908	123 
5909	105 
5910	44 
5911	174 
5912	70 
5913	85 
5914	23 
5915	244 
5916	26 
5917	96 
5918	7 
5919	31 
5920	71 
5921	138 
5922	271 
5923	73 
5924	75 
5925	255 
5926	219 
5927	204 
5928	49 
5929	274 
5930	109 
5931	238 
5932	276 
5933	2 
5934	75 
5935	5 
5936	76 
5937	1 
5938	42 
5939	62 
5940	229 
5941	159 
5942	82 
5943	278 
5944	242 
5945	36 
5946	15 
5947	75 
5948	59 
5949	40 
5950	117 
5951	240 
5952	48 
5953	168 
5954	66 
5955	88 
5956	233 
5957	40 
5958	172 
5959	53 
5960	250 
5961	150 
5962	174 
5963	124 
5964	112 
5965	59 
5966	219 
5967	167 
5968	221 
5969	279 
5970	8 
5971	60 
5972	88 
5973	67 
5974	279 
5975	117 
5976	159 
5977	65 
5978	76 
5979	241 
5980	254 
5981	261 
5982	229 
5983	13 
5984	261 
5985	235 
5986	276 
5987	229 
5988	80 
5989	168 
5990	253 
5991	100 
5992	97 
5993	50 
5994	274 
5995	175 
5996	150 
5997	261 
5998	147 
5999	279 
6000	112 
6001	241 
6002	227 
6003	218 
6004	62 
6005	127 
6006	84 
6007	206 
6008	23 
6009	127 
6010	2 
6011	160 
6012	134 
6013	161 
6014	161 
6015	75 
6016	223 
6017	22 
6018	13 
6019	147 
6020	159 
6021	34 
6022	251 
6023	51 
6024	19 
6025	160 
6026	259 
6027	78 
6028	259 
6029	148 
6030	98 
6031	281 
6032	64 
6033	49 
6034	245 
6035	75 
6036	226 
6037	264 
6038	119 
6039	87 
6040	136 
6041	86 
6042	31 
6043	201 
6044	227 
6045	281 
6046	169 
6047	272 
6048	126 
6049	44 
6050	263 
6051	46 
6052	31 
6053	216 
6054	21 
6055	271 
6056	63 
6057	170 
6058	3 
6059	147 
6060	21 
6061	250 
6062	240 
6063	199 
6064	253 
6065	52 
6066	229 
6067	31 
6068	4 
6069	203 
6070	227 
6071	84 
6072	11 
6073	112 
6074	235 
6075	51 
6076	75 
6077	11 
6078	267 
6079	9 
6080	151 
6081	39 
6082	151 
6083	167 
6084	185 
6085	213 
6086	26 
6087	1 
6088	252 
6089	147 
6090	74 
6091	92 
6092	4 
6093	105 
6094	136 
6095	110 
6096	160 
6097	53 
6098	28 
6099	142 
6100	108 
6101	274 
6102	161 
6103	202 
6104	112 
6105	259 
6106	278 
6107	108 
6108	178 
6109	276 
6110	281 
6111	142 
6112	62 
6113	169 
6114	219 
6115	53 
6116	122 
6117	3 
6118	87 
6119	289 
6120	245 
6121	128 
6122	183 
6123	227 
6124	88 
6125	175 
6126	77 
6127	156 
6128	196 
6129	65 
6130	175 
6131	240 
6132	190 
6133	254 
6134	30 
6135	52 
6136	254 
6137	1 
6138	33 
6139	123 
6140	262 
6141	15 
6142	222 
6143	111 
6144	126 
6145	40 
6146	60 
6147	117 
6148	34 
6149	224 
6150	8 
6151	138 
6152	254 
6153	94 
6154	250 
6155	258 
6156	202 
6157	272 
6158	178 
6159	80 
6160	63 
6161	113 
6162	31 
6163	65 
6164	263 
6165	207 
6166	163 
6167	203 
6168	19 
6169	60 
6170	202 
6171	48 
6172	233 
6173	136 
6174	48 
6175	34 
6176	102 
6177	42 
6178	97 
6179	117 
6180	8 
6181	121 
6182	288 
6183	100 
6184	217 
6185	86 
6186	31 
6187	278 
6188	223 
6189	84 
6190	267 
6191	8 
6192	268 
6193	261 
6194	19 
6195	290 
6196	36 
6197	217 
6198	124 
6199	1 
6200	276 
6201	113 
6202	44 
6203	194 
6204	94 
6205	11 
6206	117 
6207	100 
6208	168 
6209	45 
6210	161 
6211	92 
6212	274 
6213	31 
6214	110 
6215	62 
6216	285 
6217	221 
6218	77 
6219	172 
6220	46 
6221	94 
6222	3 
6223	194 
6224	3 
6225	244 
6226	32 
6227	63 
6228	94 
6229	15 
6230	178 
6231	211 
6232	164 
6233	49 
6234	206 
6235	68 
6236	229 
6237	278 
6238	191 
6239	63 
6240	285 
6241	62 
6242	71 
6243	31 
6244	154 
6245	96 
6246	53 
6247	62 
6248	259 
6249	116 
6250	98 
6251	244 
6252	248 
6253	201 
6254	44 
6255	259 
6256	20 
6257	147 
6258	122 
6259	271 
6260	94 
6261	207 
6262	24 
6263	162 
6264	280 
6265	77 
6266	15 
6267	276 
6268	33 
6269	220 
6270	36 
6271	121 
6272	117 
6273	266 
6274	76 
6275	274 
6276	242 
6277	2 
6278	30 
6279	136 
6280	80 
6281	216 
6282	210 
6283	256 
6284	35 
6285	48 
6286	85 
6287	169 
6288	66 
6289	203 
6290	77 
6291	263 
6292	33 
6293	281 
6294	164 
6295	190 
6296	44 
6297	200 
6298	210 
6299	115 
6300	16 
6301	233 
6302	31 
6303	292 
6304	204 
6305	31 
6306	99 
6307	153 
6308	105 
6309	242 
6310	121 
6311	250 
6312	21 
6313	122 
6314	271 
6315	77 
6316	151 
6317	274 
6318	13 
6319	147 
6320	274 
6321	127 
6322	286 
6323	78 
6324	268 
6325	151 
6326	16 
6327	78 
6328	60 
6329	87 
6330	128 
6331	30 
6332	248 
6333	44 
6334	150 
6335	70 
6336	104 
6337	108 
6338	78 
6339	120 
6340	284 
6341	35 
6342	148 
6343	118 
6344	253 
6345	225 
6346	138 
6347	45 
6348	33 
6349	151 
6350	281 
6351	183 
6352	87 
6353	261 
6354	87 
6355	254 
6356	138 
6357	15 
6358	265 
6359	259 
6360	74 
6361	40 
6362	121 
6363	199 
6364	64 
6365	161 
6366	77 
6367	126 
6368	1 
6369	250 
6370	2 
6371	118 
6372	5 
6373	276 
6374	110 
6375	113 
6376	241 
6377	126 
6378	276 
6379	94 
6380	237 
6381	219 
6382	204 
6383	40 
6384	276 
6385	128 
6386	2 
6387	66 
6388	206 
6389	256 
6390	138 
6391	172 
6392	62 
6393	174 
6394	138 
6395	261 
6396	172 
6397	30 
6398	124 
6399	248 
6400	136 
6401	174 
6402	196 
6403	94 
6404	60 
6405	154 
6406	88 
6407	15 
6408	202 
6409	251 
6410	267 
6411	285 
6412	2 
6413	292 
6414	225 
6415	45 
6416	112 
6417	92 
6418	4 
6419	59 
6420	115 
6421	30 
6422	253 
6423	257 
6424	41 
6425	88 
6426	80 
6427	159 
6428	278 
6429	78 
6430	286 
6431	237 
6432	250 
6433	80 
6434	194 
6435	42 
6436	179 
6437	40 
6438	210 
6439	82 
6440	36 
6441	76 
6442	206 
6443	235 
6444	217 
6445	281 
6446	292 
6447	202 
6448	284 
6449	271 
6450	151 
6451	198 
6452	286 
6453	169 
6454	172 
6455	252 
6456	19 
6457	4 
6458	143 
6459	126 
6460	291 
6461	168 
6462	185 
6463	128 
6464	86 
6465	53 
6466	193 
6467	9 
6468	263 
6469	73 
6470	261 
6471	244 
6472	98 
6473	120 
6474	87 
6475	161 
6476	220 
6477	31 
6478	276 
6479	120 
6480	238 
6481	128 
6482	250 
6483	150 
6484	73 
6485	59 
6486	161 
6487	261 
6488	122 
6489	8 
6490	174 
6491	161 
6492	161 
6493	174 
6494	63 
6495	202 
6496	59 
6497	255 
6498	242 
6499	174 
6500	151 
6501	31 
6502	80 
6503	126 
6504	118 
6505	159 
6506	20 
6507	153 
6508	190 
6509	274 
6510	104 
6511	259 
6512	190 
6513	153 
6514	1 
6515	153 
6516	263 
6517	94 
6518	96 
6519	227 
6520	39 
6521	16 
6522	40 
6523	276 
6524	117 
6525	204 
6526	96 
6527	45 
6528	263 
6529	147 
6530	31 
6531	7 
6532	159 
6533	172 
6534	125 
6535	148 
6536	276 
6537	156 
6538	62 
6539	203 
6540	185 
6541	153 
6542	261 
6543	190 
6544	201 
6545	150 
6546	2 
6547	123 
6548	290 
6549	112 
6550	9 
6551	77 
6552	196 
6553	21 
6554	136 
6555	218 
6556	16 
6557	150 
6558	204 
6559	279 
6560	204 
6561	23 
6562	220 
6563	125 
6564	60 
6565	147 
6566	259 
6567	150 
6568	67 
6569	30 
6570	123 
6571	168 
6572	245 
6573	123 
6574	291 
6575	148 
6576	278 
6577	261 
6578	190 
6579	259 
6580	290 
6581	156 
6582	78 
6583	245 
6584	259 
6585	245 
6586	125 
6587	136 
6588	221 
6589	262 
6590	117 
6591	33 
6592	148 
6593	87 
6594	119 
6595	266 
6596	217 
6597	126 
6598	62 
6599	122 
6600	41 
6601	235 
6602	104 
6603	68 
6604	159 
6605	178 
6606	219 
6607	30 
6608	263 
6609	252 
6610	84 
6611	291 
6612	42 
6613	140 
6614	273 
6615	123 
6616	153 
6617	262 
6618	9 
6619	155 
6620	127 
6621	44 
6622	122 
6623	225 
6624	175 
6625	78 
6626	128 
6627	223 
6628	218 
6629	147 
6630	104 
6631	148 
6632	227 
6633	9 
6634	191 
6635	125 
6636	124 
6637	118 
6638	178 
6639	64 
6640	2 
6641	134 
6642	63 
6643	76 
6644	98 
6645	271 
6646	175 
6647	219 
6648	185 
6649	291 
6650	259 
6651	219 
6652	196 
6653	281 
6654	130 
6655	292 
6656	75 
6657	250 
6658	40 
6659	34 
6660	2 
6661	226 
6662	116 
6663	175 
6664	159 
6665	242 
6666	137 
6667	118 
6668	36 
6669	64 
6670	74 
6671	20 
6672	1 
6673	19 
6674	151 
6675	267 
6676	53 
6677	2 
6678	254 
6679	53 
6680	278 
6681	220 
6682	77 
6683	250 
6684	250 
6685	87 
6686	151 
6687	259 
6688	285 
6689	105 
6690	112 
6691	196 
6692	32 
6693	60 
6694	12 
6695	256 
6696	290 
6697	198 
6698	87 
6699	199 
6700	105 
6701	168 
6702	24 
6703	66 
6704	16 
6705	68 
6706	63 
6707	233 
6708	244 
6709	285 
6710	112 
6711	265 
6712	80 
6713	64 
6714	229 
6715	32 
6716	147 
6717	86 
6718	51 
6719	245 
6720	65 
6721	139 
6722	15 
6723	74 
6724	274 
6725	22 
6726	245 
6727	274 
6728	193 
6729	122 
6730	245 
6731	36 
6732	261 
6733	153 
6734	253 
6735	51 
6736	116 
6737	105 
6738	88 
6739	98 
6740	196 
6741	281 
6742	244 
6743	13 
6744	53 
6745	128 
6746	200 
6747	122 
6748	23 
6749	76 
6750	12 
6751	262 
6752	153 
6753	289 
6754	286 
6755	290 
6756	261 
6757	150 
6758	104 
6759	16 
6760	104 
6761	70 
6762	169 
6763	60 
6764	112 
6765	213 
6766	183 
6767	53 
6768	251 
6769	36 
6770	252 
6771	268 
6772	225 
6773	203 
6774	251 
6775	48 
6776	148 
6777	94 
6778	147 
6779	40 
6780	240 
6781	251 
6782	86 
6783	3 
6784	168 
6785	108 
6786	152 
6787	45 
6788	116 
6789	248 
6790	257 
6791	84 
6792	94 
6793	96 
6794	124 
6795	70 
6796	159 
6797	40 
6798	245 
6799	36 
6800	219 
6801	15 
6802	284 
6803	49 
6804	19 
6805	108 
6806	13 
6807	201 
6808	58 
6809	65 
6810	261 
6811	125 
6812	50 
6813	50 
6814	169 
6815	148 
6816	102 
6817	292 
6818	143 
6819	219 
6820	115 
6821	152 
6822	2 
6823	44 
6824	256 
6825	58 
6826	202 
6827	244 
6828	103 
6829	256 
6830	263 
6831	204 
6832	22 
6833	48 
6834	44 
6835	214 
6836	58 
6837	102 
6838	39 
6839	5 
6840	75 
6841	48 
6842	279 
6843	117 
6844	109 
6845	220 
6846	84 
6847	22 
6848	244 
6849	8 
6850	163 
6851	291 
6852	78 
6853	124 
6854	237 
6855	220 
6856	218 
6857	66 
6858	223 
6859	80 
6860	80 
6861	41 
6862	178 
6863	291 
6864	84 
6865	252 
6866	242 
6867	105 
6868	172 
6869	268 
6870	255 
6871	238 
6872	39 
6873	137 
6874	271 
6875	292 
6876	84 
6877	226 
6878	147 
6879	286 
6880	204 
6881	286 
6882	30 
6883	207 
6884	105 
6885	155 
6886	123 
6887	8 
6888	65 
6889	271 
6890	50 
6891	111 
6892	261 
6893	155 
6894	231 
6895	76 
6896	285 
6897	105 
6898	196 
6899	263 
6900	126 
6901	3 
6902	193 
6903	125 
6904	190 
6905	21 
6906	172 
6907	78 
6908	259 
6909	209 
6910	128 
6911	154 
6912	112 
6913	43 
6914	3 
6915	157 
6916	242 
6917	180 
6918	23 
6919	22 
6920	117 
6921	86 
6922	267 
6923	280 
6924	140 
6925	112 
6926	190 
6927	28 
6928	147 
6929	22 
6930	44 
6931	284 
6932	63 
6933	199 
6934	66 
6935	234 
6936	51 
6937	99 
6938	198 
6939	203 
6940	227 
6941	204 
6942	285 
6943	175 
6944	285 
6945	12 
6946	261 
6947	290 
6948	196 
6949	174 
6950	156 
6951	154 
6952	31 
6953	98 
6954	214 
6955	227 
6956	218 
6957	115 
6958	75 
6959	62 
6960	223 
6961	49 
6962	229 
6963	127 
6964	33 
6965	194 
6966	256 
6967	183 
6968	98 
6969	263 
6970	164 
6971	12 
6972	13 
6973	58 
6974	66 
6975	76 
6976	235 
6977	217 
6978	210 
6979	256 
6980	64 
6981	219 
6982	43 
6983	252 
6984	26 
6985	289 
6986	76 
6987	199 
6988	257 
6989	21 
6990	102 
6991	119 
6992	178 
6993	71 
6994	124 
6995	41 
6996	220 
6997	19 
6998	147 
6999	252 
7000	64 
7001	137 
7002	66 
7003	127 
7004	153 
7005	16 
7006	53 
7007	102 
7008	148 
7009	87 
7010	13 
7011	67 
7012	75 
7013	259 
7014	123 
7015	253 
7016	211 
7017	49 
7018	60 
7019	248 
7020	183 
7021	13 
7022	16 
7023	117 
7024	248 
7025	123 
7026	42 
7027	76 
7028	22 
7029	119 
7030	75 
7031	42 
7032	159 
7033	191 
7034	229 
7035	274 
7036	172 
7037	256 
7038	87 
7039	199 
7040	150 
7041	130 
7042	259 
7043	237 
7044	22 
7045	73 
7046	278 
7047	231 
7048	202 
7049	2 
7050	103 
7051	276 
7052	180 
7053	250 
7054	7 
7055	159 
7056	259 
7057	22 
7058	234 
7059	66 
7060	248 
7061	43 
7062	126 
7063	151 
7064	62 
7065	178 
7066	39 
7067	285 
7068	20 
7069	263 
7070	227 
7071	148 
7072	44 
7073	19 
7074	161 
7075	225 
7076	161 
7077	231 
7078	2 
7079	234 
7080	13 
7081	63 
7082	276 
7083	30 
7084	76 
7085	19 
7086	193 
7087	190 
7088	68 
7089	5 
7090	136 
7091	110 
7092	174 
7093	266 
7094	251 
7095	49 
7096	234 
7097	121 
7098	98 
7099	157 
7100	214 
7101	290 
7102	159 
7103	285 
7104	108 
7105	148 
7106	261 
7107	211 
7108	9 
7109	234 
7110	279 
7111	2 
7112	161 
7113	1 
7114	223 
7115	231 
7116	88 
7117	208 
7118	288 
7119	218 
7120	77 
7121	105 
7122	50 
7123	75 
7124	217 
7125	216 
7126	46 
7127	225 
7128	34 
7129	256 
7130	290 
7131	31 
7132	218 
7133	99 
7134	240 
7135	248 
7136	274 
7137	104 
7138	284 
7139	125 
7140	223 
7141	50 
7142	126 
7143	178 
7144	223 
7145	223 
7146	118 
7147	151 
7148	208 
7149	70 
7150	136 
7151	46 
7152	2 
7153	288 
7154	259 
7155	286 
7156	204 
7157	105 
7158	221 
7159	179 
7160	94 
7161	136 
7162	8 
7163	82 
7164	130 
7165	285 
7166	179 
7167	82 
7168	279 
7169	151 
7170	266 
7171	204 
7172	280 
7173	276 
7174	92 
7175	139 
7176	154 
7177	75 
7178	254 
7179	123 
7180	291 
7181	178 
7182	208 
7183	254 
7184	250 
7185	244 
7186	209 
7187	237 
7188	116 
7189	12 
7190	253 
7191	102 
7192	267 
7193	191 
7194	225 
7195	255 
7196	234 
7197	42 
7198	274 
7199	286 
7200	16 
7201	244 
7202	50 
7203	281 
7204	4 
7205	244 
7206	50 
7207	190 
7208	153 
7209	194 
7210	222 
7211	194 
7212	290 
7213	274 
7214	22 
7215	120 
7216	291 
7217	259 
7218	286 
7219	152 
7220	279 
7221	148 
7222	123 
7223	219 
7224	117 
7225	235 
7226	210 
7227	150 
7228	196 
7229	96 
7230	153 
7231	127 
7232	42 
7233	169 
7234	68 
7235	110 
7236	136 
7237	39 
7238	39 
7239	87 
7240	263 
7241	117 
7242	194 
7243	76 
7244	67 
7245	209 
7246	190 
7247	60 
7248	250 
7249	80 
7250	121 
7251	82 
7252	150 
7253	97 
7254	13 
7255	276 
7256	124 
7257	51 
7258	261 
7259	112 
7260	150 
7261	204 
7262	194 
7263	279 
7264	152 
7265	73 
7266	63 
7267	235 
7268	36 
7269	35 
7270	137 
7271	71 
7272	96 
7273	19 
7274	12 
7275	268 
7276	86 
7277	233 
7278	154 
7279	252 
7280	77 
7281	248 
7282	198 
7283	23 
7284	15 
7285	151 
7286	130 
7287	67 
7288	104 
7289	125 
7290	290 
7291	214 
7292	265 
7293	286 
7294	244 
7295	225 
7296	151 
7297	259 
7298	159 
7299	153 
7300	276 
7301	9 
7302	155 
7303	46 
7304	198 
7305	36 
7306	51 
7307	4 
7308	19 
7309	272 
7310	238 
7311	170 
7312	92 
7313	151 
7314	98 
7315	231 
7316	174 
7317	286 
7318	121 
7319	156 
7320	154 
7321	76 
7322	285 
7323	190 
7324	3 
7325	67 
7326	41 
7327	204 
7328	250 
7329	248 
7330	75 
7331	23 
7332	223 
7333	49 
7334	53 
7335	99 
7336	286 
7337	1 
7338	80 
7339	66 
7340	153 
7341	119 
7342	40 
7343	244 
7344	159 
7345	261 
7346	20 
7347	117 
7348	49 
7349	276 
7350	30 
7351	62 
7352	64 
7353	256 
7354	203 
7355	225 
7356	151 
7357	274 
7358	150 
7359	121 
7360	122 
7361	108 
7362	156 
7363	190 
7364	268 
7365	279 
7366	21 
7367	118 
7368	23 
7369	46 
7370	117 
7371	78 
7372	244 
7373	78 
7374	242 
7375	274 
7376	201 
7377	210 
7378	291 
7379	180 
7380	8 
7381	39 
7382	250 
7383	256 
7384	3 
7385	159 
7386	147 
7387	125 
7388	196 
7389	117 
7390	284 
7391	225 
7392	274 
7393	262 
7394	148 
7395	22 
7396	94 
7397	233 
7398	45 
7399	147 
7400	94 
7401	217 
7402	183 
7403	124 
7404	36 
7405	196 
7406	227 
7407	265 
7408	285 
7409	242 
7410	4 
7411	274 
7412	102 
7413	73 
7414	19 
7415	39 
7416	262 
7417	196 
7418	119 
7419	23 
7420	118 
7421	201 
7422	164 
7423	292 
7424	86 
7425	183 
7426	281 
7427	21 
7428	124 
7429	125 
7430	66 
7431	127 
7432	104 
7433	214 
7434	172 
7435	117 
7436	121 
7437	261 
7438	39 
7439	53 
7440	250 
7441	178 
7442	142 
7443	155 
7444	164 
7445	34 
7446	78 
7447	94 
7448	210 
7449	201 
7450	73 
7451	13 
7452	88 
7453	87 
7454	272 
7455	88 
7456	248 
7457	276 
7458	153 
7459	105 
7460	121 
7461	68 
7462	204 
7463	84 
7464	23 
7465	263 
7466	231 
7467	276 
7468	43 
7469	42 
7470	97 
7471	278 
7472	272 
7473	34 
7474	70 
7475	30 
7476	94 
7477	286 
7478	257 
7479	53 
7480	46 
7481	62 
7482	285 
7483	40 
7484	274 
7485	53 
7486	126 
7487	33 
7488	148 
7489	266 
7490	266 
7491	12 
7492	286 
7493	147 
7494	15 
7495	122 
7496	245 
7497	172 
7498	7 
7499	257 
7500	80 
7501	193 
7502	183 
7503	8 
7504	262 
7505	110 
7506	157 
7507	268 
7508	120 
7509	30 
7510	63 
7511	71 
7512	281 
7513	229 
7514	34 
7515	126 
7516	3 
7517	271 
7518	22 
7519	252 
7520	105 
7521	210 
7522	175 
7523	267 
7524	279 
7525	7 
7526	66 
7527	45 
7528	208 
7529	183 
7530	28 
7531	284 
7532	22 
7533	156 
7534	96 
7535	98 
7536	223 
7537	73 
7538	16 
7539	8 
7540	202 
7541	292 
7542	7 
7543	278 
7544	108 
7545	290 
7546	210 
7547	70 
7548	210 
7549	48 
7550	143 
7551	1 
7552	180 
7553	94 
7554	1 
7555	288 
7556	151 
7557	122 
7558	75 
7559	19 
7560	276 
7561	78 
7562	75 
7563	1 
7564	220 
7565	20 
7566	208 
7567	70 
7568	291 
7569	143 
7570	34 
7571	128 
7572	259 
7573	44 
7574	138 
7575	92 
7576	117 
7577	94 
7578	292 
7579	156 
7580	41 
7581	36 
7582	15 
7583	204 
7584	116 
7585	74 
7586	21 
7587	88 
7588	77 
7589	121 
7590	75 
7591	94 
7592	32 
7593	77 
7594	261 
7595	274 
7596	75 
7597	2 
7598	125 
7599	84 
7600	124 
7601	117 
7602	134 
7603	286 
7604	65 
7605	36 
7606	44 
7607	60 
7608	255 
7609	259 
7610	198 
7611	216 
7612	15 
7613	94 
7614	136 
7615	138 
7616	203 
7617	276 
7618	259 
7619	185 
7620	126 
7621	218 
7622	13 
7623	13 
7624	148 
7625	94 
7626	84 
7627	13 
7628	96 
7629	262 
7630	120 
7631	7 
7632	23 
7633	39 
7634	9 
7635	262 
7636	255 
7637	41 
7638	75 
7639	84 
7640	117 
7641	276 
7642	291 
7643	142 
7644	261 
7645	198 
7646	36 
7647	118 
7648	154 
7649	207 
7650	286 
7651	204 
7652	75 
7653	88 
7654	60 
7655	172 
7656	120 
7657	290 
7658	70 
7659	256 
7660	290 
7661	78 
7662	3 
7663	196 
7664	161 
7665	138 
7666	110 
7667	263 
7668	134 
7669	112 
7670	148 
7671	84 
7672	20 
7673	120 
7674	110 
7675	278 
7676	87 
7677	94 
7678	66 
7679	126 
7680	234 
7681	153 
7682	248 
7683	229 
7684	267 
7685	250 
7686	259 
7687	39 
7688	267 
7689	45 
7690	147 
7691	36 
7692	71 
7693	130 
7694	123 
7695	252 
7696	153 
7697	39 
7698	142 
7699	208 
7700	177 
7701	151 
7702	194 
7703	175 
7704	138 
7705	257 
7706	147 
7707	244 
7708	190 
7709	217 
7710	155 
7711	292 
7712	34 
7713	210 
7714	199 
7715	262 
7716	30 
7717	86 
7718	154 
7719	291 
7720	86 
7721	286 
7722	39 
7723	252 
7724	252 
7725	127 
7726	44 
7727	238 
7728	154 
7729	42 
7730	75 
7731	159 
7732	87 
7733	154 
7734	58 
7735	244 
7736	138 
7737	204 
7738	53 
7739	1 
7740	203 
7741	154 
7742	248 
7743	196 
7744	42 
7745	63 
7746	273 
7747	48 
7748	151 
7749	164 
7750	76 
7751	153 
7752	40 
7753	261 
7754	286 
7755	21 
7756	39 
7757	123 
7758	290 
7759	147 
7760	198 
7761	285 
7762	62 
7763	204 
7764	123 
7765	233 
7766	234 
7767	204 
7768	112 
7769	248 
7770	75 
7771	172 
7772	1 
7773	276 
7774	9 
7775	123 
7776	59 
7777	265 
7778	286 
7779	148 
7780	66 
7781	200 
7782	30 
7783	34 
7784	137 
7785	259 
7786	259 
7787	75 
7788	196 
7789	143 
7790	78 
7791	138 
7792	138 
7793	291 
7794	255 
7795	118 
7796	209 
7797	108 
7798	138 
7799	40 
7800	45 
7801	78 
7802	110 
7803	125 
7804	268 
7805	148 
7806	180 
7807	7 
7808	281 
7809	125 
7810	175 
7811	234 
7812	102 
7813	40 
7814	225 
7815	219 
7816	62 
7817	286 
7818	12 
7819	123 
7820	164 
7821	200 
7822	1 
7823	210 
7824	15 
7825	194 
7826	177 
7827	227 
7828	16 
7829	168 
7830	153 
7831	194 
7832	78 
7833	80 
7834	286 
7835	87 
7836	148 
7837	40 
7838	34 
7839	259 
7840	103 
7841	1 
7842	285 
7843	23 
7844	71 
7845	110 
7846	151 
7847	252 
7848	39 
7849	273 
7850	128 
7851	180 
7852	235 
7853	151 
7854	31 
7855	238 
7856	43 
7857	263 
7858	291 
7859	62 
7860	266 
7861	200 
7862	202 
7863	130 
7864	31 
7865	65 
7866	209 
7867	119 
7868	178 
7869	2 
7870	104 
7871	122 
7872	62 
7873	168 
7874	143 
7875	21 
7876	261 
7877	48 
7878	193 
7879	44 
7880	16 
7881	110 
7882	292 
7883	244 
7884	82 
7885	58 
7886	147 
7887	110 
7888	152 
7889	209 
7890	155 
7891	276 
7892	153 
7893	80 
7894	134 
7895	168 
7896	235 
7897	8 
7898	155 
7899	110 
7900	148 
7901	202 
7902	40 
7903	142 
7904	124 
7905	49 
7906	276 
7907	112 
7908	73 
7909	43 
7910	98 
7911	53 
7912	272 
7913	138 
7914	42 
7915	203 
7916	174 
7917	157 
7918	62 
7919	278 
7920	271 
7921	12 
7922	36 
7923	108 
7924	76 
7925	259 
7926	262 
7927	76 
7928	202 
7929	87 
7930	49 
7931	164 
7932	159 
7933	3 
7934	20 
7935	121 
7936	118 
7937	15 
7938	13 
7939	276 
7940	242 
7941	257 
7942	117 
7943	44 
7944	117 
7945	53 
7946	136 
7947	15 
7948	2 
7949	32 
7950	112 
7951	233 
7952	15 
7953	138 
7954	103 
7955	196 
7956	281 
7957	175 
7958	174 
7959	172 
7960	170 
7961	221 
7962	63 
7963	204 
7964	2 
7965	62 
7966	117 
7967	291 
7968	108 
7969	122 
7970	180 
7971	288 
7972	68 
7973	208 
7974	203 
7975	263 
7976	19 
7977	155 
7978	48 
7979	242 
7980	288 
7981	19 
7982	121 
7983	147 
7984	245 
7985	126 
7986	46 
7987	274 
7988	280 
7989	147 
7990	291 
7991	153 
7992	290 
7993	151 
7994	130 
7995	154 
7996	120 
7997	196 
7998	288 
7999	42 
8000	13 
8001	229 
8002	233 
8003	33 
8004	280 
8005	86 
8006	148 
8007	150 
8008	110 
8009	127 
8010	80 
8011	126 
8012	138 
8013	266 
8014	2 
8015	151 
8016	84 
8017	155 
8018	102 
8019	172 
8020	223 
8021	23 
8022	15 
8023	112 
8024	124 
8025	87 
8026	49 
8027	74 
8028	278 
8029	60 
8030	15 
8031	60 
8032	75 
8033	102 
8034	117 
8035	214 
8036	219 
8037	74 
8038	130 
8039	208 
8040	8 
8041	118 
8042	178 
8043	42 
8044	62 
8045	8 
8046	96 
8047	120 
8048	194 
8049	45 
8050	250 
8051	42 
8052	12 
8053	227 
8054	86 
8055	190 
8056	238 
8057	84 
8058	8 
8059	34 
8060	225 
8061	254 
8062	86 
8063	210 
8064	273 
8065	156 
8066	248 
8067	76 
8068	13 
8069	190 
8070	86 
8071	256 
8072	70 
8073	288 
8074	66 
8075	15 
8076	121 
8077	9 
8078	33 
8079	12 
8080	134 
8081	62 
8082	257 
8083	238 
8084	2 
8085	117 
8086	119 
8087	196 
8088	170 
8089	155 
8090	193 
8091	204 
8092	255 
8093	66 
8094	161 
8095	151 
8096	102 
8097	126 
8098	58 
8099	276 
8100	172 
8101	70 
8102	238 
8103	183 
8104	39 
8105	86 
8106	286 
8107	219 
8108	151 
8109	142 
8110	153 
8111	122 
8112	128 
8113	274 
8114	127 
8115	28 
8116	259 
8117	248 
8118	39 
8119	46 
8120	41 
8121	153 
8122	204 
8123	202 
8124	217 
8125	268 
8126	276 
8127	278 
8128	153 
8129	33 
8130	87 
8131	22 
8132	39 
8133	193 
8134	32 
8135	292 
8136	217 
8137	58 
8138	238 
8139	172 
8140	172 
8141	280 
8142	204 
8143	202 
8144	288 
8145	22 
8146	126 
8147	279 
8148	42 
8149	116 
8150	210 
8151	88 
8152	53 
8153	194 
8154	43 
8155	248 
8156	122 
8157	66 
8158	151 
8159	74 
8160	71 
8161	120 
8162	219 
8163	105 
8164	118 
8165	64 
8166	227 
8167	59 
8168	39 
8169	39 
8170	105 
8171	178 
8172	159 
8173	104 
8174	94 
8175	21 
8176	164 
8177	252 
8178	235 
8179	207 
8180	178 
8181	13 
8182	203 
8183	208 
8184	153 
8185	208 
8186	44 
8187	62 
8188	202 
8189	110 
8190	3 
8191	290 
8192	204 
8193	151 
8194	1 
8195	221 
8196	96 
8197	254 
8198	78 
8199	147 
8200	16 
8201	175 
8202	96 
8203	153 
8204	150 
8205	245 
8206	53 
8207	262 
8208	252 
8209	278 
8210	151 
8211	288 
8212	97 
8213	259 
8214	7 
8215	266 
8216	261 
8217	272 
8218	60 
8219	235 
8220	219 
8221	124 
8222	292 
8223	272 
8224	202 
8225	156 
8226	238 
8227	208 
8228	62 
8229	229 
8230	86 
8231	255 
8232	217 
8233	124 
8234	49 
8235	194 
8236	119 
8237	279 
8238	105 
8239	98 
8240	104 
8241	244 
8242	103 
8243	53 
8244	84 
8245	128 
8246	292 
8247	43 
8248	194 
8249	261 
8250	120 
8251	261 
8252	174 
8253	148 
8254	51 
8255	172 
8256	76 
8257	45 
8258	53 
8259	40 
8260	183 
8261	276 
8262	66 
8263	263 
8264	178 
8265	134 
8266	60 
8267	8 
8268	157 
8269	150 
8270	151 
8271	136 
8272	210 
8273	74 
8274	148 
8275	175 
8276	42 
8277	200 
8278	103 
8279	121 
8280	154 
8281	231 
8282	50 
8283	136 
8284	105 
8285	196 
8286	194 
8287	147 
8288	124 
8289	117 
8290	121 
8291	42 
8292	272 
8293	151 
8294	126 
8295	255 
8296	267 
8297	1 
8298	147 
8299	66 
8300	217 
8301	94 
8302	276 
8303	1 
8304	125 
8305	159 
8306	87 
8307	174 
8308	285 
8309	70 
8310	98 
8311	267 
8312	126 
8313	183 
8314	60 
8315	33 
8316	172 
8317	39 
8318	291 
8319	164 
8320	148 
8321	78 
8322	164 
8323	229 
8324	208 
8325	285 
8326	64 
8327	154 
8328	267 
8329	170 
8330	217 
8331	217 
8332	161 
8333	15 
8334	221 
8335	194 
8336	124 
8337	178 
8338	221 
8339	86 
8340	66 
8341	62 
8342	168 
8343	19 
8344	138 
8345	12 
8346	63 
8347	161 
8348	142 
8349	8 
8350	112 
8351	172 
8352	252 
8353	82 
8354	142 
8355	86 
8356	202 
8357	148 
8358	105 
8359	161 
8360	62 
8361	261 
8362	278 
8363	194 
8364	77 
8365	94 
8366	242 
8367	19 
8368	219 
8369	66 
8370	217 
8371	156 
8372	19 
8373	238 
8374	102 
8375	16 
8376	164 
8377	153 
8378	285 
8379	214 
8380	53 
8381	74 
8382	66 
8383	28 
8384	183 
8385	274 
8386	7 
8387	150 
8388	207 
8389	124 
8390	262 
8391	256 
8392	103 
8393	12 
8394	164 
8395	44 
8396	66 
8397	290 
8398	86 
8399	147 
8400	44 
8401	82 
8402	31 
8403	157 
8404	220 
8405	3 
8406	217 
8407	292 
8408	1 
8409	259 
8410	221 
8411	142 
8412	261 
8413	118 
8414	209 
8415	273 
8416	150 
8417	190 
8418	30 
8419	196 
8420	136 
8421	194 
8422	94 
8423	48 
8424	118 
8425	274 
8426	147 
8427	92 
8428	244 
8429	274 
8430	116 
8431	128 
8432	136 
8433	285 
8434	223 
8435	94 
8436	245 
8437	108 
8438	219 
8439	76 
8440	276 
8441	63 
8442	15 
8443	154 
8444	13 
8445	147 
8446	94 
8447	22 
8448	48 
8449	252 
8450	45 
8451	12 
8452	227 
8453	208 
8454	86 
8455	94 
8456	98 
8457	194 
8458	172 
8459	39 
8460	53 
8461	118 
8462	164 
8463	128 
8464	108 
8465	126 
8466	3 
8467	209 
8468	50 
8469	124 
8470	229 
8471	42 
8472	274 
8473	180 
8474	120 
8475	62 
8476	279 
8477	234 
8478	86 
8479	159 
8480	151 
8481	210 
8482	156 
8483	42 
8484	261 
8485	68 
8486	45 
8487	281 
8488	117 
8489	155 
8490	138 
8491	2 
8492	214 
8493	75 
8494	242 
8495	174 
8496	234 
8497	70 
8498	74 
8499	48 
8500	63 
8501	229 
8502	180 
8503	34 
8504	13 
8505	8 
8506	281 
8507	229 
8508	151 
8509	86 
8510	175 
8511	59 
8512	13 
8513	94 
8514	156 
8515	40 
8516	75 
8517	235 
8518	175 
8519	271 
8520	3 
8521	44 
8522	22 
8523	274 
8524	147 
8525	39 
8526	42 
8527	128 
8528	123 
8529	196 
8530	214 
8531	180 
8532	98 
8533	50 
8534	214 
8535	190 
8536	161 
8537	217 
8538	16 
8539	121 
8540	36 
8541	178 
8542	138 
8543	62 
8544	118 
8545	244 
8546	76 
8547	124 
8548	272 
8549	8 
8550	46 
8551	74 
8552	156 
8553	118 
8554	175 
8555	117 
8556	150 
8557	256 
8558	48 
8559	136 
8560	280 
8561	15 
8562	151 
8563	2 
8564	262 
8565	159 
8566	261 
8567	194 
8568	13 
8569	272 
8570	46 
8571	161 
8572	70 
8573	88 
8574	221 
8575	136 
8576	60 
8577	123 
8578	125 
8579	36 
8580	250 
8581	112 
8582	292 
8583	136 
8584	147 
8585	22 
8586	117 
8587	172 
8588	136 
8589	281 
8590	138 
8591	291 
8592	87 
8593	136 
8594	60 
8595	286 
8596	122 
8597	16 
8598	143 
8599	16 
8600	208 
8601	40 
8602	202 
8603	63 
8604	256 
8605	32 
8606	12 
8607	76 
8608	267 
8609	97 
8610	286 
8611	262 
8612	75 
8613	13 
8614	42 
8615	285 
8616	48 
8617	110 
8618	235 
8619	117 
8620	161 
8621	220 
8622	60 
8623	194 
8624	31 
8625	281 
8626	148 
8627	175 
8628	108 
8629	116 
8630	32 
8631	219 
8632	227 
8633	190 
8634	78 
8635	118 
8636	104 
8637	45 
8638	76 
8639	63 
8640	127 
8641	238 
8642	151 
8643	194 
8644	94 
8645	15 
8646	117 
8647	34 
8648	34 
8649	86 
8650	13 
8651	229 
8652	231 
8653	190 
8654	291 
8655	94 
8656	123 
8657	126 
8658	80 
8659	136 
8660	121 
8661	122 
8662	280 
8663	76 
8664	8 
8665	92 
8666	138 
8667	128 
8668	285 
8669	250 
8670	126 
8671	274 
8672	66 
8673	154 
8674	245 
8675	175 
8676	45 
8677	291 
8678	274 
8679	164 
8680	221 
8681	16 
8682	128 
8683	3 
8684	150 
8685	290 
8686	122 
8687	250 
8688	263 
8689	259 
8690	214 
8691	291 
8692	274 
8693	219 
8694	68 
8695	151 
8696	194 
8697	86 
8698	161 
8699	150 
8700	45 
8701	82 
8702	84 
8703	286 
8704	116 
8705	46 
8706	223 
8707	220 
8708	157 
8709	45 
8710	150 
8711	250 
8712	86 
8713	263 
8714	278 
8715	45 
8716	1 
8717	82 
8718	202 
8719	279 
8720	68 
8721	286 
8722	203 
8723	164 
8724	172 
8725	183 
8726	15 
8727	49 
8728	190 
8729	7 
8730	23 
8731	242 
8732	244 
8733	68 
8734	62 
8735	248 
8736	1 
8737	227 
8738	285 
8739	221 
8740	88 
8741	84 
8742	130 
8743	281 
8744	151 
8745	32 
8746	261 
8747	86 
8748	194 
8749	276 
8750	196 
8751	23 
8752	75 
8753	219 
8754	117 
8755	156 
8756	204 
8757	12 
8758	36 
8759	221 
8760	180 
8761	45 
8762	194 
8763	128 
8764	118 
8765	238 
8766	112 
8767	39 
8768	121 
8769	45 
8770	48 
8771	8 
8772	125 
8773	62 
8774	280 
8775	122 
8776	217 
8777	34 
8778	153 
8779	223 
8780	148 
8781	7 
8782	178 
8783	274 
8784	125 
8785	88 
8786	9 
8787	39 
8788	74 
8789	286 
8790	208 
8791	63 
8792	136 
8793	285 
8794	203 
8795	60 
8796	16 
8797	292 
8798	16 
8799	285 
8800	125 
8801	248 
8802	125 
8803	153 
8804	63 
8805	273 
8806	66 
8807	46 
8808	148 
8809	112 
8810	219 
8811	126 
8812	94 
8813	94 
8814	40 
8815	190 
8816	22 
8817	74 
8818	49 
8819	30 
8820	15 
8821	40 
8822	153 
8823	288 
8824	39 
8825	75 
8826	40 
8827	127 
8828	178 
8829	219 
8830	78 
8831	196 
8832	125 
8833	227 
8834	13 
8835	271 
8836	207 
8837	151 
8838	68 
8839	250 
8840	273 
8841	78 
8842	92 
8843	3 
8844	49 
8845	223 
8846	63 
8847	273 
8848	204 
8849	235 
8850	76 
8851	217 
8852	231 
8853	86 
8854	267 
8855	136 
8856	154 
8857	3 
8858	278 
8859	13 
8860	203 
8861	44 
8862	196 
8863	87 
8864	124 
8865	261 
8866	62 
8867	223 
8868	292 
8869	219 
8870	290 
8871	62 
8872	262 
8873	49 
8874	60 
8875	108 
8876	130 
8877	128 
8878	148 
8879	190 
8880	234 
8881	62 
8882	117 
8883	123 
8884	150 
8885	75 
8886	48 
8887	150 
8888	172 
8889	194 
8890	221 
8891	278 
8892	1 
8893	161 
8894	290 
8895	46 
8896	98 
8897	204 
8898	267 
8899	126 
8900	19 
8901	88 
8902	112 
8903	102 
8904	19 
8905	286 
8906	292 
8907	44 
8908	70 
8909	88 
8910	46 
8911	8 
8912	290 
8913	94 
8914	121 
8915	45 
8916	45 
8917	2 
8918	190 
8919	60 
8920	87 
8921	82 
8922	118 
8923	15 
8924	62 
8925	292 
8926	202 
8927	262 
8928	117 
8929	108 
8930	238 
8931	279 
8932	112 
8933	62 
8934	161 
8935	16 
8936	48 
8937	248 
8938	238 
8939	136 
8940	3 
8941	39 
8942	248 
8943	70 
8944	46 
8945	46 
8946	221 
8947	242 
8948	23 
8949	148 
8950	285 
8951	44 
8952	252 
8953	147 
8954	96 
8955	136 
8956	190 
8957	70 
8958	13 
8959	276 
8960	80 
8961	86 
8962	36 
8963	196 
8964	2 
8965	62 
8966	108 
8967	223 
8968	23 
8969	63 
8970	278 
8971	108 
8972	261 
8973	138 
8974	126 
8975	150 
8976	262 
8977	252 
8978	217 
8979	13 
8980	252 
8981	44 
8982	229 
8983	46 
8984	261 
8985	76 
8986	262 
8987	217 
8988	219 
8989	238 
8990	244 
8991	274 
8992	172 
8993	244 
8994	202 
8995	1 
8996	273 
8997	66 
8998	256 
8999	235 
9000	136 
9001	168 
9002	223 
9003	274 
9004	288 
9005	147 
9006	172 
9007	31 
9008	291 
9009	108 
9010	46 
9011	235 
9012	252 
9013	102 
9014	126 
9015	172 
9016	44 
9017	45 
9018	127 
9019	219 
9020	281 
9021	156 
9022	122 
9023	76 
9024	288 
9025	150 
9026	13 
9027	108 
9028	178 
9029	178 
9030	281 
9031	288 
9032	172 
9033	62 
9034	48 
9035	36 
9036	153 
9037	274 
9038	276 
9039	23 
9040	102 
9041	196 
9042	151 
9043	147 
9044	150 
9045	78 
9046	124 
9047	19 
9048	66 
9049	248 
9050	19 
9051	274 
9052	7 
9053	23 
9054	42 
9055	108 
9056	87 
9057	210 
9058	290 
9059	62 
9060	117 
9061	108 
9062	75 
9063	150 
9064	261 
9065	153 
9066	49 
9067	12 
9068	202 
9069	60 
9070	288 
9071	98 
9072	147 
9073	172 
9074	53 
9075	242 
9076	45 
9077	82 
9078	210 
9079	112 
9080	202 
9081	159 
9082	292 
9083	292 
9084	118 
9085	62 
9086	112 
9087	223 
9088	23 
9089	74 
9090	31 
9091	259 
9092	202 
9093	190 
9094	126 
9095	76 
9096	248 
9097	235 
9098	190 
9099	148 
9100	86 
9101	125 
9102	238 
9103	118 
9104	84 
9105	88 
9106	124 
9107	23 
9108	164 
9109	80 
9110	128 
9111	53 
9112	87 
9113	98 
9114	102 
9115	49 
9116	96 
9117	194 
9118	60 
9119	125 
9120	227 
9121	36 
9122	172 
9123	13 
9124	229 
9125	31 
9126	1 
9127	23 
9128	261 
9129	178 
9130	136 
9131	13 
9132	194 
9133	151 
9134	244 
9135	156 
9136	31 
9137	13 
9138	124 
9139	62 
9140	286 
9141	66 
9142	86 
9143	248 
9144	292 
9145	121 
9146	168 
9147	242 
9148	279 
9149	74 
9150	164 
9151	53 
9152	276 
9153	44 
9154	126 
9155	235 
9156	122 
9157	7 
9158	88 
9159	16 
9160	118 
9161	124 
9162	80 
9163	259 
9164	263 
9165	196 
9166	274 
9167	62 
9168	44 
9169	23 
9170	235 
9171	13 
9172	291 
9173	30 
9174	60 
9175	273 
9176	110 
9177	42 
9178	196 
9179	288 
9180	60 
9181	154 
9182	136 
9183	291 
9184	276 
9185	88 
9186	22 
9187	128 
9188	168 
9189	288 
9190	30 
9191	154 
9192	98 
9193	154 
9194	42 
9195	108 
9196	223 
9197	62 
9198	292 
9199	288 
9200	12 
9201	279 
9202	138 
9203	121 
9204	7 
9205	102 
9206	118 
9207	202 
9208	219 
9209	44 
9210	88 
9211	148 
9212	168 
9213	194 
9214	3 
9215	252 
9216	118 
9217	87 
9218	147 
9219	74 
9220	259 
9221	53 
9222	110 
9223	204 
9224	36 
9225	279 
9226	30 
9227	138 
9228	127 
9229	178 
9230	39 
9231	285 
9232	138 
9233	128 
9234	19 
9235	86 
9236	244 
9237	194 
9238	16 
9239	256 
9240	125 
9241	164 
9242	126 
9243	60 
9244	121 
9245	16 
9246	128 
9247	259 
9248	94 
9249	39 
9250	13 
9251	16 
9252	190 
9253	147 
9254	219 
9255	36 
9256	219 
9257	30 
9258	126 
9259	161 
9260	74 
9261	117 
9262	121 
9263	202 
9264	74 
9265	49 
9266	274 
9267	74 
9268	153 
9269	87 
9270	168 
9271	86 
9272	286 
9273	196 
9274	36 
9275	159 
9276	219 
9277	88 
9278	15 
9279	202 
9280	242 
9281	16 
9282	118 
9283	147 
9284	44 
9285	274 
9286	80 
9287	7 
9288	161 
9289	112 
9290	153 
9291	82 
9292	48 
9293	123 
9294	138 
9295	238 
9296	53 
9297	291 
9298	42 
9299	44 
9300	80 
9301	76 
9302	219 
9303	242 
9304	278 
9305	23 
9306	62 
9307	30 
9308	76 
9309	196 
9310	153 
9311	88 
9312	15 
9313	194 
9314	292 
9315	118 
9316	19 
9317	30 
9318	125 
9319	196 
9320	156 
9321	124 
9322	7 
9323	217 
9324	7 
9325	227 
9326	138 
9327	278 
9328	229 
9329	291 
9330	13 
9331	36 
9332	229 
9333	118 
9334	124 
9335	292 
9336	12 
9337	80 
9338	86 
9339	147 
9340	42 
9341	196 
9342	60 
9343	285 
9344	263 
9345	136 
9346	82 
9347	127 
9348	204 
9349	74 
9350	202 
9351	62 
9352	274 
9353	138 
9354	147 
9355	204 
9356	227 
9357	202 
9358	126 
9359	147 
9360	75 
9361	219 
9362	235 
9363	291 
9364	279 
9365	86 
9366	202 
9367	122 
9368	150 
9369	40 
9370	62 
9371	288 
9372	290 
9373	82 
9374	88 
9375	78 
9376	40 
9377	122 
9378	62 
9379	49 
9380	238 
9381	291 
9382	23 
9383	88 
9384	223 
9385	36 
9386	279 
9387	178 
9388	88 
9389	178 
9390	159 
9391	217 
9392	263 
9393	244 
9394	117 
9395	292 
9396	112 
9397	223 
9398	290 
9399	78 
9400	151 
9401	223 
9402	117 
9403	86 
9404	208 
9405	279 
9406	7 
9407	75 
9408	128 
9409	194 
9410	45 
9411	75 
9412	124 
9413	235 
9414	126 
9415	31 
9416	44 
9417	196 
9418	75 
9419	40 
9420	164 
9421	150 
9422	110 
9423	244 
9424	263 
9425	238 
9426	12 
9427	274 
9428	150 
9429	84 
9430	150 
9431	15 
9432	281 
9433	196 
9434	86 
9435	290 
9436	259 
9437	75 
9438	288 
9439	223 
9440	48 
9441	112 
9442	204 
9443	44 
9444	274 
9445	252 
9446	153 
9447	2 
9448	118 
9449	75 
9450	153 
9451	223 
9452	75 
9453	291 
9454	112 
9455	49 
9456	16 
9457	291 
9458	128 
9459	128 
9460	172 
9461	238 
9462	122 
9463	12 
9464	164 
9465	150 
9466	161 
9467	3 
9468	285 
9469	40 
9470	229 
9471	229 
9472	196 
9473	286 
9474	153 
9475	108 
9476	290 
9477	151 
9478	276 
9479	66 
9480	49 
9481	244 
9482	45 
9483	281 
9484	285 
9485	31 
9486	138 
9487	66 
9488	13 
9489	281 
9490	279 
9491	108 
9492	117 
9493	49 
9494	108 
9495	178 
9496	153 
9497	108 
9498	87 
9499	147 
9500	153 
9501	62 
9502	286 
9503	88 
9504	276 
9505	235 
9506	161 
9507	202 
9508	194 
9509	276 
9510	217 
9511	2 
9512	278 
9513	190 
9514	49 
9515	15 
9516	292 
9517	76 
9518	219 
9519	88 
9520	136 
9521	53 
9522	204 
9523	108 
9524	123 
9525	138 
9526	76 
9527	153 
9528	291 
9529	7 
9530	126 
9531	62 
9532	150 
9533	16 
9534	172 
9535	153 
9536	292 
9537	161 
9538	2 
9539	122 
9540	15 
9541	36 
9542	23 
9543	124 
9544	118 
9545	276 
9546	227 
9547	290 
9548	259 
9549	75 
9550	259 
9551	108 
9552	16 
9553	164 
9554	39 
9555	88 
9556	110 
9557	229 
9558	118 
9559	45 
9560	60 
9561	15 
9562	217 
9563	172 
9564	227 
9565	40 
9566	118 
9567	15 
9568	122 
9569	219 
9570	86 
9571	153 
9572	76 
9573	82 
9574	62 
9575	148 
9576	44 
9577	292 
9578	82 
9579	23 
9580	110 
9581	66 
9582	147 
9583	49 
9584	53 
9585	1 
9586	86 
9587	123 
9588	147 
9589	202 
9590	86 
9591	279 
9592	219 
9593	148 
9594	49 
9595	227 
9596	108 
9597	151 
9598	291 
9599	229 
9600	202 
9601	217 
9602	276 
9603	150 
9604	148 
9605	190 
9606	40 
9607	278 
9608	23 
9609	75 
9610	23 
9611	261 
9612	1 
9613	53 
9614	60 
9615	292 
9616	31 
9617	217 
9618	94 
9619	281 
9620	112 
9621	117 
9622	53 
9623	147 
9624	164 
9625	112 
9626	39 
9627	227 
9628	13 
9629	12 
9630	164 
9631	172 
9632	138 
9633	261 
9634	148 
9635	108 
9636	45 
9637	138 
9638	94 
9639	86 
9640	75 
9641	164 
9642	278 
9643	153 
9644	88 
9645	153 
9646	40 
9647	276 
9648	13 
9649	252 
9650	291 
9651	156 
9652	94 
9653	117 
9654	190 
9655	123 
9656	23 
9657	286 
9658	288 
9659	288 
9660	286 
9661	49 
9662	123 
9663	161 
9664	78 
9665	13 
9666	150 
9667	39 
9668	39 
9669	62 
9670	261 
9671	108 
9672	151 
9673	122 
9674	202 
9675	118 
9676	276 
9677	151 
9678	286 
9679	288 
9680	108 
9681	53 
9682	78 
9683	31 
9684	122 
9685	36 
9686	288 
9687	94 
9688	229 
9689	118 
9690	49 
9691	13 
9692	151 
9693	123 
9694	274 
9695	39 
9696	15 
9697	259 
9698	148 
9699	153 
9700	288 
9701	244 
9702	164 
9703	194 
9704	39 
9705	16 
9706	76 
9707	138 
9708	66 
9709	274 
9710	259 
9711	23 
9712	66 
9713	147 
9714	281 
9715	147 
9716	259 
9717	45 
9718	86 
9719	194 
9720	117 
9721	291 
9722	16 
9723	151 
9724	151 
9725	126 
9726	87 
9727	252 
9728	196 
9729	36 
9730	60 
9731	23 
9732	252 
9733	196 
9734	279 
9735	286 
9736	13 
9737	153 
9738	122 
9739	196 
9740	259 
9741	194 
9742	13 
9743	138 
9744	86 
9745	286 
9746	123 
9747	36 
9748	60 
9749	138 
9750	53 
9751	122 
9752	278 
9753	112 
9754	76 
9755	88 
9756	49 
9757	44 
9758	36 
9759	15 
9760	39 
9761	219 
9762	23 
9763	76 
9764	281 
9765	291 
9766	126 
9767	62 
9768	62 
9769	31 
9770	244 
9771	88 
9772	279 
9773	15 
9774	161 
9775	123 
9776	244 
9777	76 
9778	40 
9779	16 
9780	124 
9781	122 
9782	53 
9783	76 
9784	147 
9785	172 
9786	204 
9787	161 
9788	40 
9789	259 
9790	278 
9791	124 
9792	156 
9793	153 
9794	44 
9795	53 
9796	138 
9797	86 
9798	108 
9799	60 
9800	86 
9801	150 
9802	161 
9803	122 
9804	244 
9805	23 
9806	44 
9807	219 
9808	281 
9809	151 
9810	16 
9811	49 
9812	151 
9813	23 
9814	75 
9815	204 
9816	13 
9817	15 
9818	60 
9819	259 
9820	291 
9821	194 
9822	244 
9823	13 
9824	126 
9825	151 
9826	122 
9827	15 
9828	276 
9829	156 
9830	60 
9831	261 
9832	36 
9833	138 
9834	204 
9835	151 
9836	291 
9837	219 
9838	117 
9839	281 
9840	196 
9841	292 
9842	261 
9843	49 
9844	49 
9845	190 
9846	190 
9847	49 
9848	292 
9849	196 
9850	23 
9851	123 
9852	44 
9853	156 
9854	147 
9855	118 
9856	156 
9857	23 
9858	148 
9859	261 
9860	86 
9861	36 
9862	278 
9863	276 
9864	172 
9865	291 
9866	86 
9867	274 
9868	153 
9869	49 
9870	261 
9871	138 
9872	40 
9873	49 
9874	60 
9875	44 
9876	147 
9877	150 
9878	259 
9879	44 
9880	153 
9881	94 
9882	274 
9883	274 
9884	274 
9885	276 
9886	138 
9887	172 
9888	259 
9889	194 
9890	274 
9891	151 
9892	23 
9893	94 
9894	62 
9895	1 
9896	86 
9897	196 
9898	1 
9899	156 
9900	291 
9901	276 
9902	36 
9903	194 
9904	23 
9905	138 
9906	94 
9907	23 
9908	156 
9909	196 
9910	148 
9911	118 
9912	276 
9913	117 
9914	172 
9915	1 
9916	94 
9917	23 
9918	151 
9919	274 
9920	148 
9921	117 
9922	147 
9923	75 
9924	276 
9925	86 
9926	76 
9927	156 
9928	76 
9929	88 
9930	88 
9931	194 
9932	86 
9933	147 
9934	15 
9935	1 
9936	13 
9937	276 
9938	117 
9939	274 
9940	156 
9941	86 
9942	88 
9943	274 
9944	147 
9945	259 
9946	1 
9947	196 
9948	76 
9949	62 
9950	259 
9951	118 
9952	274 
9953	60 
9954	86 
9955	147 
9956	75 
9957	276 
9958	259 
9959	1 
9960	1 
9961	151 
9962	118 
9963	117 
9964	194 
9965	60 
9966	60 
9967	23 
9968	138 
9969	62 
9970	15 
9971	291 
9972	153 
9973	148 
9974	194 
9975	117 
9976	151 
9977	60 
9978	94 
9979	276 
9980	62 
9981	291 
9982	36 
9983	36 
9984	274 
9985	274 
9986	94 
9987	138 
9988	276 
9989	13 
9990	76 
9991	153 
9992	196 
9993	274 
9994	60 
9995	153 
9996	153 
9997	151 
9998	62 
9999	36 
10000	138 
