1	279 
2	26 
3	197 
4	282 
5	89 
6	215 
7	180 
8	316 
9	131 
10	264 
11	81 
12	30 
13	210 
14	210 
15	115 
16	89 
17	65 
18	173 
19	301 
20	218 
21	319 
22	59 
23	182 
24	261 
25	38 
26	192 
27	22 
28	309 
29	260 
30	226 
31	276 
32	61 
33	237 
34	28 
35	192 
36	81 
37	185 
38	186 
39	2 
40	61 
41	139 
42	296 
43	46 
44	43 
45	163 
46	277 
47	111 
48	61 
49	299 
50	72 
51	284 
52	317 
53	68 
54	321 
55	205 
56	306 
57	180 
58	96 
59	32 
60	296 
61	253 
62	89 
63	60 
64	301 
65	226 
66	236 
67	16 
68	24 
69	294 
70	318 
71	126 
72	181 
73	93 
74	52 
75	89 
76	116 
77	225 
78	201 
79	183 
80	260 
81	276 
82	67 
83	115 
84	56 
85	59 
86	316 
87	155 
88	7 
89	281 
90	288 
91	12 
92	73 
93	285 
94	61 
95	232 
96	62 
97	207 
98	292 
99	107 
100	50 
101	255 
102	15 
103	8 
104	195 
105	250 
106	77 
107	245 
108	39 
109	132 
110	263 
111	253 
112	261 
113	301 
114	74 
115	195 
116	71 
117	181 
118	191 
119	238 
120	42 
121	4 
122	149 
123	230 
124	286 
125	182 
126	152 
127	111 
128	276 
129	144 
130	104 
131	84 
132	116 
133	169 
134	108 
135	175 
136	62 
137	262 
138	123 
139	10 
140	230 
141	207 
142	198 
143	74 
144	147 
145	144 
146	136 
147	285 
148	95 
149	164 
150	237 
151	105 
152	155 
153	221 
154	130 
155	64 
156	39 
157	159 
158	261 
159	182 
160	228 
161	222 
162	99 
163	110 
164	245 
165	24 
166	224 
167	77 
168	262 
169	52 
170	131 
171	143 
172	3 
173	7 
174	93 
175	130 
176	276 
177	180 
178	48 
179	217 
180	124 
181	149 
182	218 
183	26 
184	266 
185	147 
186	171 
187	232 
188	277 
189	197 
190	70 
191	89 
192	95 
193	178 
194	311 
195	227 
196	245 
197	307 
198	237 
199	88 
200	170 
201	179 
202	8 
203	278 
204	323 
205	221 
206	303 
207	208 
208	321 
209	2 
210	203 
211	116 
212	258 
213	182 
214	93 
215	76 
216	231 
217	131 
218	98 
219	323 
220	74 
221	123 
222	22 
223	286 
224	310 
225	81 
226	15 
227	239 
228	78 
229	161 
230	64 
231	30 
232	292 
233	144 
234	11 
235	93 
236	242 
237	84 
238	157 
239	141 
240	34 
241	112 
242	139 
243	180 
244	175 
245	280 
246	175 
247	82 
248	68 
249	310 
250	187 
251	281 
252	179 
253	239 
254	131 
255	27 
256	71 
257	2 
258	201 
259	232 
260	311 
261	68 
262	150 
263	124 
264	172 
265	107 
266	88 
267	297 
268	179 
269	278 
270	185 
271	81 
272	112 
273	258 
274	209 
275	69 
276	48 
277	290 
278	301 
279	71 
280	223 
281	312 
282	297 
283	90 
284	189 
285	321 
286	168 
287	5 
288	109 
289	54 
290	88 
291	22 
292	192 
293	116 
294	160 
295	34 
296	287 
297	74 
298	297 
299	33 
300	180 
301	169 
302	87 
303	77 
304	62 
305	62 
306	146 
307	146 
308	259 
309	155 
310	116 
311	284 
312	112 
313	311 
314	173 
315	165 
316	290 
317	153 
318	319 
319	180 
320	11 
321	203 
322	59 
323	149 
324	149 
325	315 
326	46 
327	206 
328	322 
329	180 
330	231 
331	26 
332	169 
333	307 
334	77 
335	286 
336	142 
337	225 
338	117 
339	311 
340	263 
341	283 
342	150 
343	126 
344	193 
345	293 
346	269 
347	2 
348	93 
349	38 
350	208 
351	136 
352	324 
353	304 
354	110 
355	228 
356	171 
357	42 
358	316 
359	316 
360	133 
361	282 
362	222 
363	221 
364	288 
365	165 
366	131 
367	26 
368	243 
369	56 
370	285 
371	309 
372	91 
373	201 
374	105 
375	122 
376	225 
377	319 
378	78 
379	210 
380	200 
381	166 
382	182 
383	133 
384	286 
385	69 
386	116 
387	2 
388	202 
389	303 
390	280 
391	161 
392	193 
393	166 
394	95 
395	147 
396	101 
397	276 
398	301 
399	46 
400	62 
401	154 
402	260 
403	48 
404	81 
405	182 
406	120 
407	324 
408	311 
409	172 
410	180 
411	190 
412	21 
413	311 
414	182 
415	81 
416	303 
417	131 
418	47 
419	79 
420	317 
421	99 
422	299 
423	1 
424	242 
425	185 
426	77 
427	185 
428	68 
429	64 
430	135 
431	33 
432	255 
433	276 
434	90 
435	316 
436	17 
437	252 
438	131 
439	13 
440	61 
441	194 
442	147 
443	182 
444	113 
445	261 
446	22 
447	292 
448	61 
449	240 
450	133 
451	192 
452	116 
453	161 
454	22 
455	24 
456	59 
457	82 
458	256 
459	210 
460	277 
461	45 
462	263 
463	26 
464	276 
465	42 
466	77 
467	239 
468	16 
469	311 
470	53 
471	4 
472	267 
473	289 
474	165 
475	116 
476	310 
477	24 
478	3 
479	74 
480	207 
481	285 
482	207 
483	5 
484	111 
485	147 
486	162 
487	59 
488	113 
489	134 
490	141 
491	120 
492	243 
493	297 
494	90 
495	117 
496	227 
497	178 
498	182 
499	243 
500	189 
501	312 
502	305 
503	281 
504	240 
505	307 
506	182 
507	300 
508	112 
509	108 
510	325 
511	24 
512	146 
513	61 
514	316 
515	201 
516	285 
517	98 
518	200 
519	248 
520	238 
521	179 
522	172 
523	149 
524	241 
525	250 
526	255 
527	251 
528	288 
529	151 
530	239 
531	17 
532	90 
533	131 
534	79 
535	78 
536	92 
537	191 
538	236 
539	31 
540	90 
541	243 
542	261 
543	318 
544	113 
545	262 
546	21 
547	130 
548	28 
549	55 
550	236 
551	174 
552	225 
553	101 
554	42 
555	17 
556	29 
557	42 
558	279 
559	225 
560	60 
561	271 
562	298 
563	177 
564	164 
565	87 
566	250 
567	186 
568	77 
569	28 
570	27 
571	152 
572	203 
573	167 
574	192 
575	139 
576	112 
577	141 
578	243 
579	18 
580	88 
581	106 
582	250 
583	164 
584	56 
585	27 
586	303 
587	232 
588	55 
589	301 
590	194 
591	199 
592	81 
593	98 
594	61 
595	82 
596	269 
597	22 
598	78 
599	26 
600	172 
601	250 
602	25 
603	200 
604	201 
605	152 
606	274 
607	223 
608	88 
609	195 
610	231 
611	84 
612	226 
613	290 
614	262 
615	99 
616	218 
617	189 
618	182 
619	68 
620	110 
621	16 
622	185 
623	263 
624	157 
625	158 
626	175 
627	46 
628	8 
629	223 
630	264 
631	273 
632	171 
633	22 
634	180 
635	325 
636	192 
637	17 
638	36 
639	304 
640	316 
641	41 
642	94 
643	287 
644	299 
645	229 
646	106 
647	99 
648	189 
649	38 
650	186 
651	266 
652	125 
653	167 
654	241 
655	88 
656	166 
657	49 
658	261 
659	266 
660	280 
661	160 
662	215 
663	4 
664	150 
665	18 
666	83 
667	168 
668	108 
669	237 
670	270 
671	228 
672	316 
673	30 
674	61 
675	139 
676	26 
677	73 
678	246 
679	240 
680	16 
681	81 
682	228 
683	277 
684	141 
685	149 
686	255 
687	316 
688	22 
689	123 
690	84 
691	214 
692	277 
693	183 
694	172 
695	228 
696	292 
697	58 
698	166 
699	202 
700	311 
701	119 
702	43 
703	263 
704	131 
705	171 
706	261 
707	5 
708	315 
709	100 
710	184 
711	157 
712	170 
713	80 
714	240 
715	262 
716	220 
717	323 
718	42 
719	165 
720	255 
721	183 
722	86 
723	103 
724	101 
725	21 
726	10 
727	274 
728	192 
729	106 
730	78 
731	177 
732	232 
733	174 
734	103 
735	209 
736	140 
737	33 
738	207 
739	94 
740	263 
741	184 
742	141 
743	54 
744	88 
745	227 
746	307 
747	93 
748	181 
749	167 
750	217 
751	179 
752	156 
753	190 
754	214 
755	165 
756	279 
757	189 
758	147 
759	166 
760	77 
761	88 
762	106 
763	180 
764	30 
765	243 
766	171 
767	173 
768	48 
769	1 
770	266 
771	180 
772	232 
773	84 
774	252 
775	21 
776	210 
777	237 
778	250 
779	182 
780	310 
781	106 
782	112 
783	171 
784	316 
785	93 
786	246 
787	114 
788	68 
789	93 
790	61 
791	171 
792	11 
793	26 
794	178 
795	149 
796	213 
797	16 
798	255 
799	277 
800	170 
801	90 
802	68 
803	197 
804	192 
805	93 
806	83 
807	21 
808	222 
809	286 
810	11 
811	141 
812	102 
813	81 
814	33 
815	71 
816	271 
817	164 
818	223 
819	89 
820	166 
821	75 
822	54 
823	157 
824	129 
825	10 
826	17 
827	152 
828	17 
829	31 
830	196 
831	315 
832	62 
833	4 
834	213 
835	8 
836	228 
837	12 
838	263 
839	141 
840	182 
841	40 
842	304 
843	148 
844	316 
845	81 
846	165 
847	130 
848	90 
849	278 
850	131 
851	62 
852	84 
853	74 
854	180 
855	83 
856	281 
857	147 
858	9 
859	165 
860	294 
861	1 
862	230 
863	151 
864	93 
865	185 
866	207 
867	301 
868	267 
869	264 
870	286 
871	281 
872	203 
873	69 
874	16 
875	18 
876	149 
877	30 
878	246 
879	66 
880	113 
881	110 
882	226 
883	40 
884	142 
885	30 
886	280 
887	30 
888	207 
889	145 
890	218 
891	181 
892	190 
893	267 
894	20 
895	216 
896	321 
897	107 
898	65 
899	217 
900	30 
901	310 
902	319 
903	301 
904	134 
905	93 
906	180 
907	98 
908	38 
909	210 
910	131 
911	144 
912	31 
913	61 
914	185 
915	205 
916	81 
917	165 
918	288 
919	11 
920	1 
921	131 
922	316 
923	93 
924	131 
925	34 
926	275 
927	111 
928	261 
929	323 
930	137 
931	263 
932	244 
933	261 
934	42 
935	38 
936	21 
937	213 
938	11 
939	172 
940	281 
941	61 
942	141 
943	131 
944	232 
945	84 
946	75 
947	141 
948	78 
949	40 
950	34 
951	77 
952	152 
953	88 
954	278 
955	239 
956	320 
957	101 
958	68 
959	201 
960	96 
961	239 
962	3 
963	68 
964	105 
965	87 
966	81 
967	243 
968	288 
969	100 
970	168 
971	11 
972	278 
973	72 
974	13 
975	247 
976	90 
977	5 
978	279 
979	180 
980	298 
981	294 
982	301 
983	230 
984	303 
985	43 
986	62 
987	123 
988	78 
989	316 
990	161 
991	240 
992	275 
993	45 
994	46 
995	250 
996	71 
997	243 
998	173 
999	60 
1000	4 
1001	147 
1002	155 
1003	202 
1004	112 
1005	1 
1006	152 
1007	161 
1008	183 
1009	225 
1010	20 
1011	169 
1012	56 
1013	158 
1014	238 
1015	98 
1016	78 
1017	150 
1018	309 
1019	207 
1020	149 
1021	198 
1022	90 
1023	164 
1024	21 
1025	213 
1026	68 
1027	17 
1028	189 
1029	279 
1030	280 
1031	266 
1032	155 
1033	67 
1034	42 
1035	42 
1036	94 
1037	228 
1038	210 
1039	86 
1040	41 
1041	60 
1042	236 
1043	3 
1044	60 
1045	62 
1046	22 
1047	106 
1048	169 
1049	153 
1050	189 
1051	311 
1052	209 
1053	166 
1054	85 
1055	12 
1056	33 
1057	131 
1058	63 
1059	180 
1060	181 
1061	159 
1062	116 
1063	62 
1064	68 
1065	99 
1066	79 
1067	50 
1068	81 
1069	230 
1070	106 
1071	112 
1072	214 
1073	61 
1074	276 
1075	247 
1076	281 
1077	236 
1078	130 
1079	85 
1080	183 
1081	30 
1082	245 
1083	208 
1084	117 
1085	6 
1086	320 
1087	226 
1088	81 
1089	149 
1090	300 
1091	185 
1092	248 
1093	169 
1094	279 
1095	69 
1096	283 
1097	121 
1098	73 
1099	76 
1100	213 
1101	253 
1102	126 
1103	236 
1104	30 
1105	64 
1106	25 
1107	302 
1108	97 
1109	171 
1110	143 
1111	29 
1112	214 
1113	24 
1114	250 
1115	26 
1116	266 
1117	280 
1118	209 
1119	311 
1120	224 
1121	288 
1122	176 
1123	5 
1124	108 
1125	192 
1126	229 
1127	271 
1128	291 
1129	266 
1130	319 
1131	38 
1132	270 
1133	16 
1134	84 
1135	206 
1136	226 
1137	80 
1138	61 
1139	172 
1140	274 
1141	285 
1142	93 
1143	185 
1144	26 
1145	131 
1146	147 
1147	171 
1148	21 
1149	299 
1150	180 
1151	181 
1152	276 
1153	172 
1154	161 
1155	52 
1156	293 
1157	243 
1158	147 
1159	11 
1160	289 
1161	196 
1162	96 
1163	232 
1164	57 
1165	30 
1166	176 
1167	279 
1168	55 
1169	24 
1170	78 
1171	236 
1172	34 
1173	86 
1174	75 
1175	314 
1176	189 
1177	126 
1178	170 
1179	252 
1180	253 
1181	97 
1182	140 
1183	11 
1184	324 
1185	81 
1186	315 
1187	287 
1188	180 
1189	279 
1190	131 
1191	171 
1192	165 
1193	279 
1194	116 
1195	175 
1196	271 
1197	319 
1198	88 
1199	163 
1200	186 
1201	150 
1202	160 
1203	52 
1204	170 
1205	147 
1206	148 
1207	195 
1208	185 
1209	237 
1210	139 
1211	95 
1212	276 
1213	175 
1214	8 
1215	90 
1216	78 
1217	210 
1218	300 
1219	147 
1220	320 
1221	172 
1222	321 
1223	94 
1224	35 
1225	250 
1226	24 
1227	130 
1228	173 
1229	240 
1230	181 
1231	279 
1232	181 
1233	277 
1234	192 
1235	53 
1236	265 
1237	42 
1238	192 
1239	60 
1240	200 
1241	149 
1242	68 
1243	179 
1244	6 
1245	93 
1246	26 
1247	303 
1248	319 
1249	131 
1250	157 
1251	219 
1252	201 
1253	23 
1254	40 
1255	146 
1256	316 
1257	239 
1258	317 
1259	124 
1260	180 
1261	84 
1262	143 
1263	144 
1264	161 
1265	207 
1266	192 
1267	261 
1268	149 
1269	107 
1270	55 
1271	289 
1272	33 
1273	253 
1274	176 
1275	167 
1276	97 
1277	181 
1278	179 
1279	157 
1280	167 
1281	316 
1282	319 
1283	117 
1284	260 
1285	230 
1286	182 
1287	58 
1288	202 
1289	116 
1290	83 
1291	281 
1292	171 
1293	107 
1294	38 
1295	221 
1296	146 
1297	316 
1298	57 
1299	30 
1300	17 
1301	273 
1302	78 
1303	251 
1304	185 
1305	223 
1306	50 
1307	6 
1308	64 
1309	275 
1310	176 
1311	147 
1312	106 
1313	90 
1314	263 
1315	89 
1316	149 
1317	185 
1318	316 
1319	100 
1320	97 
1321	1 
1322	137 
1323	236 
1324	287 
1325	139 
1326	89 
1327	209 
1328	163 
1329	87 
1330	116 
1331	180 
1332	192 
1333	39 
1334	60 
1335	89 
1336	4 
1337	13 
1338	77 
1339	140 
1340	165 
1341	42 
1342	243 
1343	325 
1344	178 
1345	140 
1346	311 
1347	175 
1348	53 
1349	130 
1350	236 
1351	271 
1352	61 
1353	117 
1354	128 
1355	220 
1356	195 
1357	192 
1358	88 
1359	232 
1360	185 
1361	241 
1362	8 
1363	248 
1364	41 
1365	171 
1366	40 
1367	257 
1368	311 
1369	281 
1370	60 
1371	85 
1372	263 
1373	155 
1374	294 
1375	195 
1376	108 
1377	310 
1378	160 
1379	316 
1380	93 
1381	318 
1382	310 
1383	214 
1384	236 
1385	199 
1386	115 
1387	72 
1388	94 
1389	168 
1390	300 
1391	8 
1392	96 
1393	134 
1394	79 
1395	244 
1396	17 
1397	207 
1398	15 
1399	109 
1400	314 
1401	182 
1402	122 
1403	261 
1404	293 
1405	78 
1406	241 
1407	171 
1408	51 
1409	320 
1410	51 
1411	175 
1412	94 
1413	186 
1414	161 
1415	44 
1416	195 
1417	82 
1418	90 
1419	190 
1420	275 
1421	183 
1422	138 
1423	165 
1424	221 
1425	297 
1426	19 
1427	56 
1428	221 
1429	59 
1430	166 
1431	90 
1432	74 
1433	182 
1434	56 
1435	186 
1436	22 
1437	175 
1438	243 
1439	12 
1440	148 
1441	42 
1442	8 
1443	140 
1444	51 
1445	174 
1446	56 
1447	88 
1448	81 
1449	8 
1450	47 
1451	286 
1452	261 
1453	149 
1454	319 
1455	304 
1456	175 
1457	30 
1458	195 
1459	30 
1460	144 
1461	291 
1462	190 
1463	169 
1464	245 
1465	271 
1466	266 
1467	203 
1468	292 
1469	164 
1470	49 
1471	227 
1472	74 
1473	305 
1474	200 
1475	301 
1476	103 
1477	277 
1478	26 
1479	292 
1480	202 
1481	65 
1482	147 
1483	115 
1484	243 
1485	286 
1486	59 
1487	297 
1488	93 
1489	312 
1490	197 
1491	17 
1492	5 
1493	60 
1494	31 
1495	225 
1496	42 
1497	271 
1498	112 
1499	325 
1500	141 
1501	74 
1502	90 
1503	130 
1504	33 
1505	141 
1506	320 
1507	11 
1508	244 
1509	250 
1510	92 
1511	318 
1512	68 
1513	240 
1514	291 
1515	207 
1516	29 
1517	181 
1518	301 
1519	93 
1520	84 
1521	287 
1522	61 
1523	6 
1524	226 
1525	94 
1526	276 
1527	196 
1528	316 
1529	261 
1530	117 
1531	68 
1532	299 
1533	233 
1534	128 
1535	74 
1536	279 
1537	263 
1538	243 
1539	193 
1540	161 
1541	255 
1542	121 
1543	196 
1544	206 
1545	168 
1546	88 
1547	11 
1548	211 
1549	276 
1550	302 
1551	311 
1552	58 
1553	210 
1554	253 
1555	169 
1556	52 
1557	24 
1558	65 
1559	28 
1560	88 
1561	15 
1562	230 
1563	276 
1564	130 
1565	59 
1566	50 
1567	201 
1568	42 
1569	93 
1570	279 
1571	17 
1572	11 
1573	74 
1574	259 
1575	316 
1576	263 
1577	221 
1578	259 
1579	284 
1580	61 
1581	87 
1582	250 
1583	55 
1584	30 
1585	156 
1586	265 
1587	177 
1588	301 
1589	111 
1590	241 
1591	192 
1592	202 
1593	68 
1594	79 
1595	151 
1596	227 
1597	204 
1598	141 
1599	228 
1600	38 
1601	267 
1602	92 
1603	62 
1604	29 
1605	130 
1606	79 
1607	238 
1608	223 
1609	179 
1610	74 
1611	214 
1612	78 
1613	260 
1614	280 
1615	171 
1616	111 
1617	184 
1618	184 
1619	232 
1620	81 
1621	77 
1622	287 
1623	182 
1624	226 
1625	42 
1626	81 
1627	134 
1628	88 
1629	321 
1630	247 
1631	228 
1632	281 
1633	118 
1634	61 
1635	101 
1636	233 
1637	315 
1638	301 
1639	38 
1640	22 
1641	86 
1642	65 
1643	216 
1644	17 
1645	115 
1646	15 
1647	294 
1648	315 
1649	105 
1650	301 
1651	203 
1652	5 
1653	207 
1654	221 
1655	266 
1656	171 
1657	61 
1658	6 
1659	251 
1660	284 
1661	303 
1662	34 
1663	203 
1664	61 
1665	172 
1666	187 
1667	311 
1668	222 
1669	214 
1670	107 
1671	64 
1672	17 
1673	141 
1674	56 
1675	307 
1676	239 
1677	276 
1678	213 
1679	74 
1680	302 
1681	22 
1682	30 
1683	325 
1684	265 
1685	192 
1686	175 
1687	220 
1688	94 
1689	201 
1690	6 
1691	161 
1692	231 
1693	318 
1694	237 
1695	74 
1696	257 
1697	282 
1698	81 
1699	147 
1700	187 
1701	38 
1702	255 
1703	78 
1704	213 
1705	214 
1706	243 
1707	228 
1708	321 
1709	48 
1710	161 
1711	260 
1712	186 
1713	136 
1714	325 
1715	60 
1716	285 
1717	214 
1718	10 
1719	15 
1720	269 
1721	228 
1722	311 
1723	245 
1724	171 
1725	30 
1726	134 
1727	84 
1728	35 
1729	210 
1730	101 
1731	316 
1732	166 
1733	62 
1734	291 
1735	1 
1736	228 
1737	249 
1738	22 
1739	19 
1740	315 
1741	178 
1742	5 
1743	183 
1744	2 
1745	286 
1746	279 
1747	13 
1748	61 
1749	279 
1750	182 
1751	224 
1752	93 
1753	141 
1754	89 
1755	166 
1756	281 
1757	268 
1758	325 
1759	131 
1760	272 
1761	169 
1762	315 
1763	140 
1764	306 
1765	64 
1766	161 
1767	166 
1768	146 
1769	169 
1770	325 
1771	210 
1772	182 
1773	104 
1774	194 
1775	93 
1776	68 
1777	190 
1778	165 
1779	142 
1780	68 
1781	183 
1782	190 
1783	322 
1784	11 
1785	116 
1786	62 
1787	243 
1788	141 
1789	148 
1790	29 
1791	293 
1792	41 
1793	122 
1794	310 
1795	273 
1796	213 
1797	147 
1798	313 
1799	250 
1800	216 
1801	274 
1802	288 
1803	300 
1804	53 
1805	291 
1806	93 
1807	43 
1808	259 
1809	248 
1810	260 
1811	271 
1812	89 
1813	185 
1814	3 
1815	126 
1816	138 
1817	201 
1818	267 
1819	137 
1820	47 
1821	44 
1822	121 
1823	274 
1824	95 
1825	21 
1826	166 
1827	36 
1828	47 
1829	116 
1830	94 
1831	281 
1832	286 
1833	185 
1834	147 
1835	227 
1836	16 
1837	42 
1838	61 
1839	78 
1840	150 
1841	264 
1842	287 
1843	316 
1844	62 
1845	284 
1846	169 
1847	192 
1848	182 
1849	106 
1850	134 
1851	277 
1852	81 
1853	3 
1854	84 
1855	258 
1856	65 
1857	190 
1858	185 
1859	199 
1860	115 
1861	323 
1862	239 
1863	325 
1864	31 
1865	319 
1866	101 
1867	227 
1868	203 
1869	147 
1870	167 
1871	320 
1872	97 
1873	108 
1874	17 
1875	214 
1876	158 
1877	69 
1878	252 
1879	225 
1880	109 
1881	23 
1882	68 
1883	265 
1884	89 
1885	125 
1886	287 
1887	219 
1888	325 
1889	106 
1890	201 
1891	119 
1892	163 
1893	236 
1894	232 
1895	263 
1896	314 
1897	325 
1898	160 
1899	131 
1900	26 
1901	279 
1902	137 
1903	79 
1904	201 
1905	267 
1906	90 
1907	65 
1908	284 
1909	286 
1910	192 
1911	79 
1912	22 
1913	250 
1914	185 
1915	179 
1916	301 
1917	319 
1918	163 
1919	261 
1920	77 
1921	155 
1922	306 
1923	209 
1924	2 
1925	238 
1926	190 
1927	203 
1928	112 
1929	201 
1930	24 
1931	282 
1932	107 
1933	141 
1934	55 
1935	102 
1936	301 
1937	305 
1938	250 
1939	320 
1940	286 
1941	147 
1942	192 
1943	161 
1944	250 
1945	178 
1946	280 
1947	275 
1948	81 
1949	203 
1950	116 
1951	171 
1952	131 
1953	228 
1954	176 
1955	100 
1956	296 
1957	107 
1958	319 
1959	26 
1960	165 
1961	1 
1962	41 
1963	62 
1964	145 
1965	177 
1966	6 
1967	228 
1968	29 
1969	315 
1970	11 
1971	204 
1972	222 
1973	192 
1974	116 
1975	167 
1976	81 
1977	262 
1978	134 
1979	24 
1980	325 
1981	308 
1982	19 
1983	137 
1984	125 
1985	84 
1986	134 
1987	16 
1988	5 
1989	29 
1990	57 
1991	17 
1992	181 
1993	255 
1994	38 
1995	258 
1996	43 
1997	78 
1998	225 
1999	160 
2000	279 
2001	23 
2002	292 
2003	288 
2004	111 
2005	68 
2006	159 
2007	185 
2008	189 
2009	245 
2010	173 
2011	214 
2012	202 
2013	183 
2014	286 
2015	81 
2016	141 
2017	95 
2018	11 
2019	53 
2020	149 
2021	219 
2022	5 
2023	137 
2024	286 
2025	243 
2026	304 
2027	277 
2028	50 
2029	94 
2030	95 
2031	185 
2032	4 
2033	198 
2034	272 
2035	112 
2036	214 
2037	301 
2038	36 
2039	88 
2040	174 
2041	201 
2042	280 
2043	225 
2044	229 
2045	11 
2046	112 
2047	9 
2048	132 
2049	91 
2050	304 
2051	286 
2052	171 
2053	168 
2054	226 
2055	112 
2056	33 
2057	111 
2058	1 
2059	269 
2060	163 
2061	293 
2062	55 
2063	250 
2064	310 
2065	84 
2066	156 
2067	223 
2068	303 
2069	62 
2070	199 
2071	291 
2072	127 
2073	17 
2074	225 
2075	131 
2076	89 
2077	239 
2078	66 
2079	101 
2080	286 
2081	310 
2082	99 
2083	214 
2084	158 
2085	116 
2086	156 
2087	185 
2088	152 
2089	155 
2090	255 
2091	250 
2092	310 
2093	134 
2094	241 
2095	43 
2096	8 
2097	43 
2098	213 
2099	142 
2100	164 
2101	301 
2102	320 
2103	174 
2104	15 
2105	72 
2106	24 
2107	236 
2108	68 
2109	8 
2110	163 
2111	214 
2112	139 
2113	89 
2114	227 
2115	192 
2116	17 
2117	190 
2118	167 
2119	304 
2120	190 
2121	160 
2122	24 
2123	262 
2124	51 
2125	55 
2126	192 
2127	232 
2128	99 
2129	10 
2130	312 
2131	189 
2132	161 
2133	263 
2134	6 
2135	277 
2136	8 
2137	9 
2138	117 
2139	68 
2140	147 
2141	262 
2142	291 
2143	281 
2144	19 
2145	201 
2146	209 
2147	126 
2148	42 
2149	234 
2150	12 
2151	207 
2152	130 
2153	285 
2154	11 
2155	227 
2156	272 
2157	255 
2158	63 
2159	313 
2160	283 
2161	232 
2162	200 
2163	134 
2164	219 
2165	149 
2166	44 
2167	36 
2168	53 
2169	213 
2170	316 
2171	286 
2172	147 
2173	51 
2174	167 
2175	60 
2176	236 
2177	196 
2178	116 
2179	127 
2180	5 
2181	17 
2182	311 
2183	245 
2184	22 
2185	51 
2186	45 
2187	236 
2188	106 
2189	115 
2190	81 
2191	22 
2192	325 
2193	84 
2194	53 
2195	250 
2196	69 
2197	262 
2198	11 
2199	136 
2200	226 
2201	298 
2202	213 
2203	270 
2204	228 
2205	309 
2206	8 
2207	303 
2208	221 
2209	72 
2210	196 
2211	5 
2212	297 
2213	40 
2214	213 
2215	1 
2216	160 
2217	107 
2218	8 
2219	321 
2220	225 
2221	286 
2222	219 
2223	60 
2224	78 
2225	99 
2226	159 
2227	88 
2228	238 
2229	60 
2230	182 
2231	235 
2232	192 
2233	88 
2234	75 
2235	8 
2236	157 
2237	241 
2238	142 
2239	185 
2240	8 
2241	265 
2242	99 
2243	158 
2244	306 
2245	58 
2246	13 
2247	282 
2248	24 
2249	104 
2250	319 
2251	32 
2252	43 
2253	232 
2254	118 
2255	64 
2256	146 
2257	222 
2258	316 
2259	161 
2260	56 
2261	147 
2262	46 
2263	80 
2264	316 
2265	63 
2266	55 
2267	225 
2268	175 
2269	286 
2270	189 
2271	198 
2272	138 
2273	78 
2274	312 
2275	147 
2276	181 
2277	102 
2278	237 
2279	201 
2280	133 
2281	11 
2282	276 
2283	279 
2284	196 
2285	42 
2286	9 
2287	149 
2288	243 
2289	263 
2290	262 
2291	107 
2292	111 
2293	324 
2294	190 
2295	177 
2296	38 
2297	45 
2298	85 
2299	112 
2300	40 
2301	166 
2302	61 
2303	220 
2304	262 
2305	41 
2306	69 
2307	88 
2308	141 
2309	95 
2310	6 
2311	312 
2312	236 
2313	49 
2314	185 
2315	117 
2316	218 
2317	172 
2318	301 
2319	14 
2320	203 
2321	13 
2322	279 
2323	97 
2324	133 
2325	44 
2326	180 
2327	147 
2328	236 
2329	311 
2330	84 
2331	62 
2332	312 
2333	221 
2334	186 
2335	292 
2336	201 
2337	181 
2338	250 
2339	317 
2340	21 
2341	286 
2342	281 
2343	319 
2344	73 
2345	180 
2346	310 
2347	211 
2348	44 
2349	145 
2350	120 
2351	303 
2352	225 
2353	46 
2354	314 
2355	213 
2356	117 
2357	213 
2358	240 
2359	62 
2360	24 
2361	164 
2362	247 
2363	201 
2364	317 
2365	118 
2366	212 
2367	280 
2368	60 
2369	325 
2370	203 
2371	190 
2372	116 
2373	93 
2374	152 
2375	311 
2376	77 
2377	89 
2378	88 
2379	203 
2380	142 
2381	43 
2382	225 
2383	175 
2384	323 
2385	316 
2386	119 
2387	186 
2388	106 
2389	49 
2390	185 
2391	18 
2392	175 
2393	273 
2394	158 
2395	149 
2396	22 
2397	279 
2398	63 
2399	114 
2400	261 
2401	81 
2402	284 
2403	232 
2404	5 
2405	24 
2406	13 
2407	268 
2408	243 
2409	286 
2410	25 
2411	17 
2412	285 
2413	15 
2414	282 
2415	53 
2416	115 
2417	128 
2418	292 
2419	78 
2420	76 
2421	182 
2422	188 
2423	204 
2424	220 
2425	319 
2426	284 
2427	206 
2428	61 
2429	132 
2430	84 
2431	196 
2432	26 
2433	310 
2434	179 
2435	190 
2436	202 
2437	219 
2438	28 
2439	74 
2440	106 
2441	185 
2442	171 
2443	62 
2444	78 
2445	287 
2446	261 
2447	191 
2448	220 
2449	185 
2450	1 
2451	301 
2452	42 
2453	40 
2454	164 
2455	234 
2456	297 
2457	321 
2458	226 
2459	119 
2460	112 
2461	266 
2462	243 
2463	236 
2464	159 
2465	16 
2466	188 
2467	45 
2468	17 
2469	201 
2470	11 
2471	219 
2472	84 
2473	303 
2474	68 
2475	161 
2476	75 
2477	282 
2478	74 
2479	319 
2480	21 
2481	28 
2482	276 
2483	26 
2484	133 
2485	5 
2486	43 
2487	55 
2488	322 
2489	294 
2490	261 
2491	263 
2492	149 
2493	131 
2494	112 
2495	246 
2496	189 
2497	165 
2498	213 
2499	308 
2500	214 
2501	207 
2502	164 
2503	99 
2504	281 
2505	201 
2506	277 
2507	81 
2508	281 
2509	91 
2510	141 
2511	325 
2512	300 
2513	224 
2514	33 
2515	165 
2516	284 
2517	243 
2518	182 
2519	262 
2520	255 
2521	203 
2522	88 
2523	260 
2524	69 
2525	144 
2526	182 
2527	63 
2528	84 
2529	144 
2530	316 
2531	222 
2532	325 
2533	291 
2534	276 
2535	213 
2536	26 
2537	286 
2538	106 
2539	292 
2540	177 
2541	214 
2542	5 
2543	138 
2544	60 
2545	198 
2546	58 
2547	262 
2548	281 
2549	23 
2550	285 
2551	169 
2552	263 
2553	214 
2554	276 
2555	38 
2556	243 
2557	122 
2558	202 
2559	9 
2560	220 
2561	88 
2562	8 
2563	198 
2564	117 
2565	15 
2566	9 
2567	161 
2568	321 
2569	2 
2570	75 
2571	299 
2572	295 
2573	213 
2574	51 
2575	301 
2576	147 
2577	311 
2578	84 
2579	65 
2580	287 
2581	62 
2582	16 
2583	163 
2584	185 
2585	203 
2586	241 
2587	223 
2588	175 
2589	268 
2590	56 
2591	61 
2592	106 
2593	161 
2594	325 
2595	10 
2596	53 
2597	311 
2598	59 
2599	12 
2600	239 
2601	214 
2602	281 
2603	240 
2604	111 
2605	12 
2606	154 
2607	222 
2608	88 
2609	81 
2610	187 
2611	152 
2612	261 
2613	111 
2614	252 
2615	185 
2616	173 
2617	133 
2618	91 
2619	288 
2620	171 
2621	119 
2622	255 
2623	316 
2624	132 
2625	214 
2626	256 
2627	315 
2628	100 
2629	316 
2630	179 
2631	183 
2632	264 
2633	147 
2634	48 
2635	228 
2636	222 
2637	17 
2638	242 
2639	101 
2640	115 
2641	73 
2642	225 
2643	182 
2644	207 
2645	98 
2646	56 
2647	21 
2648	52 
2649	14 
2650	140 
2651	252 
2652	141 
2653	115 
2654	185 
2655	236 
2656	292 
2657	16 
2658	15 
2659	245 
2660	220 
2661	236 
2662	79 
2663	243 
2664	73 
2665	34 
2666	137 
2667	68 
2668	223 
2669	261 
2670	114 
2671	147 
2672	313 
2673	9 
2674	254 
2675	292 
2676	126 
2677	310 
2678	186 
2679	77 
2680	81 
2681	223 
2682	74 
2683	61 
2684	34 
2685	217 
2686	301 
2687	271 
2688	268 
2689	147 
2690	167 
2691	112 
2692	16 
2693	204 
2694	128 
2695	8 
2696	275 
2697	240 
2698	222 
2699	89 
2700	25 
2701	97 
2702	263 
2703	90 
2704	135 
2705	26 
2706	236 
2707	292 
2708	182 
2709	6 
2710	185 
2711	271 
2712	134 
2713	279 
2714	220 
2715	320 
2716	108 
2717	15 
2718	123 
2719	136 
2720	209 
2721	190 
2722	262 
2723	291 
2724	42 
2725	261 
2726	280 
2727	116 
2728	273 
2729	242 
2730	255 
2731	58 
2732	81 
2733	100 
2734	42 
2735	212 
2736	182 
2737	134 
2738	241 
2739	321 
2740	243 
2741	249 
2742	274 
2743	315 
2744	284 
2745	165 
2746	131 
2747	19 
2748	56 
2749	140 
2750	165 
2751	202 
2752	169 
2753	29 
2754	245 
2755	38 
2756	107 
2757	94 
2758	111 
2759	150 
2760	32 
2761	117 
2762	189 
2763	58 
2764	85 
2765	80 
2766	88 
2767	81 
2768	11 
2769	311 
2770	108 
2771	316 
2772	270 
2773	301 
2774	30 
2775	16 
2776	189 
2777	14 
2778	243 
2779	273 
2780	220 
2781	311 
2782	233 
2783	263 
2784	226 
2785	222 
2786	67 
2787	192 
2788	4 
2789	307 
2790	185 
2791	64 
2792	254 
2793	226 
2794	56 
2795	201 
2796	180 
2797	230 
2798	218 
2799	275 
2800	42 
2801	180 
2802	139 
2803	34 
2804	60 
2805	5 
2806	180 
2807	110 
2808	12 
2809	236 
2810	161 
2811	321 
2812	98 
2813	77 
2814	168 
2815	1 
2816	179 
2817	311 
2818	202 
2819	262 
2820	80 
2821	197 
2822	30 
2823	263 
2824	227 
2825	248 
2826	81 
2827	185 
2828	191 
2829	167 
2830	291 
2831	110 
2832	142 
2833	281 
2834	108 
2835	95 
2836	318 
2837	277 
2838	22 
2839	223 
2840	223 
2841	42 
2842	55 
2843	319 
2844	149 
2845	26 
2846	243 
2847	74 
2848	3 
2849	271 
2850	51 
2851	57 
2852	74 
2853	141 
2854	57 
2855	235 
2856	8 
2857	53 
2858	250 
2859	103 
2860	147 
2861	280 
2862	263 
2863	100 
2864	173 
2865	42 
2866	312 
2867	11 
2868	213 
2869	89 
2870	22 
2871	227 
2872	277 
2873	206 
2874	76 
2875	202 
2876	168 
2877	202 
2878	255 
2879	126 
2880	89 
2881	121 
2882	281 
2883	141 
2884	89 
2885	201 
2886	43 
2887	247 
2888	61 
2889	182 
2890	41 
2891	5 
2892	291 
2893	311 
2894	101 
2895	31 
2896	222 
2897	155 
2898	250 
2899	41 
2900	280 
2901	163 
2902	134 
2903	179 
2904	116 
2905	27 
2906	287 
2907	194 
2908	116 
2909	245 
2910	171 
2911	183 
2912	39 
2913	123 
2914	79 
2915	313 
2916	295 
2917	261 
2918	201 
2919	80 
2920	182 
2921	30 
2922	109 
2923	74 
2924	201 
2925	287 
2926	192 
2927	220 
2928	46 
2929	2 
2930	301 
2931	228 
2932	212 
2933	23 
2934	127 
2935	285 
2936	322 
2937	303 
2938	325 
2939	257 
2940	166 
2941	171 
2942	215 
2943	285 
2944	311 
2945	192 
2946	48 
2947	88 
2948	112 
2949	62 
2950	5 
2951	29 
2952	279 
2953	236 
2954	178 
2955	62 
2956	163 
2957	232 
2958	24 
2959	30 
2960	192 
2961	201 
2962	8 
2963	221 
2964	171 
2965	232 
2966	54 
2967	87 
2968	180 
2969	161 
2970	1 
2971	45 
2972	145 
2973	144 
2974	139 
2975	12 
2976	281 
2977	127 
2978	272 
2979	324 
2980	59 
2981	120 
2982	24 
2983	153 
2984	26 
2985	243 
2986	154 
2987	56 
2988	237 
2989	207 
2990	58 
2991	303 
2992	60 
2993	42 
2994	261 
2995	16 
2996	202 
2997	252 
2998	17 
2999	64 
3000	167 
3001	44 
3002	167 
3003	216 
3004	265 
3005	84 
3006	172 
3007	112 
3008	41 
3009	39 
3010	24 
3011	74 
3012	38 
3013	135 
3014	128 
3015	19 
3016	228 
3017	144 
3018	14 
3019	172 
3020	4 
3021	180 
3022	310 
3023	112 
3024	286 
3025	60 
3026	22 
3027	307 
3028	133 
3029	84 
3030	112 
3031	261 
3032	309 
3033	94 
3034	227 
3035	197 
3036	52 
3037	208 
3038	131 
3039	5 
3040	263 
3041	210 
3042	161 
3043	234 
3044	226 
3045	165 
3046	161 
3047	19 
3048	165 
3049	136 
3050	149 
3051	81 
3052	1 
3053	155 
3054	182 
3055	163 
3056	190 
3057	131 
3058	107 
3059	15 
3060	239 
3061	261 
3062	210 
3063	197 
3064	41 
3065	247 
3066	166 
3067	234 
3068	22 
3069	215 
3070	288 
3071	316 
3072	42 
3073	288 
3074	250 
3075	77 
3076	68 
3077	210 
3078	38 
3079	319 
3080	250 
3081	191 
3082	247 
3083	179 
3084	11 
3085	168 
3086	107 
3087	213 
3088	133 
3089	163 
3090	113 
3091	16 
3092	141 
3093	42 
3094	257 
3095	104 
3096	288 
3097	276 
3098	21 
3099	275 
3100	84 
3101	142 
3102	138 
3103	89 
3104	53 
3105	86 
3106	26 
3107	9 
3108	11 
3109	197 
3110	235 
3111	194 
3112	89 
3113	226 
3114	202 
3115	12 
3116	262 
3117	179 
3118	198 
3119	174 
3120	181 
3121	115 
3122	98 
3123	90 
3124	303 
3125	166 
3126	250 
3127	185 
3128	171 
3129	7 
3130	311 
3131	9 
3132	165 
3133	144 
3134	8 
3135	287 
3136	279 
3137	316 
3138	68 
3139	30 
3140	255 
3141	115 
3142	133 
3143	325 
3144	292 
3145	68 
3146	221 
3147	287 
3148	319 
3149	321 
3150	247 
3151	268 
3152	199 
3153	114 
3154	192 
3155	261 
3156	107 
3157	130 
3158	282 
3159	88 
3160	51 
3161	77 
3162	292 
3163	5 
3164	311 
3165	153 
3166	30 
3167	189 
3168	185 
3169	233 
3170	44 
3171	240 
3172	35 
3173	94 
3174	287 
3175	284 
3176	185 
3177	185 
3178	207 
3179	201 
3180	288 
3181	107 
3182	33 
3183	64 
3184	287 
3185	286 
3186	61 
3187	325 
3188	141 
3189	242 
3190	171 
3191	182 
3192	83 
3193	61 
3194	254 
3195	301 
3196	89 
3197	57 
3198	281 
3199	201 
3200	68 
3201	164 
3202	228 
3203	69 
3204	301 
3205	90 
3206	235 
3207	213 
3208	38 
3209	259 
3210	133 
3211	33 
3212	61 
3213	309 
3214	170 
3215	182 
3216	192 
3217	2 
3218	210 
3219	93 
3220	319 
3221	99 
3222	112 
3223	141 
3224	166 
3225	61 
3226	11 
3227	43 
3228	38 
3229	165 
3230	93 
3231	218 
3232	215 
3233	74 
3234	227 
3235	228 
3236	214 
3237	78 
3238	51 
3239	1 
3240	136 
3241	171 
3242	60 
3243	116 
3244	46 
3245	68 
3246	266 
3247	310 
3248	127 
3249	184 
3250	43 
3251	74 
3252	139 
3253	110 
3254	275 
3255	266 
3256	149 
3257	8 
3258	276 
3259	301 
3260	129 
3261	88 
3262	202 
3263	286 
3264	63 
3265	48 
3266	14 
3267	262 
3268	267 
3269	13 
3270	189 
3271	61 
3272	24 
3273	263 
3274	17 
3275	232 
3276	196 
3277	45 
3278	239 
3279	139 
3280	56 
3281	224 
3282	211 
3283	207 
3284	63 
3285	285 
3286	301 
3287	99 
3288	129 
3289	122 
3290	237 
3291	131 
3292	208 
3293	288 
3294	223 
3295	301 
3296	205 
3297	43 
3298	277 
3299	44 
3300	124 
3301	93 
3302	164 
3303	108 
3304	231 
3305	187 
3306	182 
3307	287 
3308	35 
3309	324 
3310	159 
3311	232 
3312	311 
3313	182 
3314	271 
3315	167 
3316	243 
3317	68 
3318	56 
3319	1 
3320	183 
3321	169 
3322	242 
3323	84 
3324	281 
3325	285 
3326	182 
3327	26 
3328	185 
3329	289 
3330	149 
3331	325 
3332	9 
3333	9 
3334	41 
3335	197 
3336	243 
3337	141 
3338	79 
3339	128 
3340	148 
3341	89 
3342	41 
3343	108 
3344	252 
3345	107 
3346	182 
3347	81 
3348	88 
3349	311 
3350	80 
3351	263 
3352	230 
3353	263 
3354	42 
3355	131 
3356	91 
3357	324 
3358	263 
3359	282 
3360	122 
3361	202 
3362	285 
3363	320 
3364	240 
3365	106 
3366	207 
3367	164 
3368	137 
3369	247 
3370	125 
3371	283 
3372	24 
3373	288 
3374	22 
3375	20 
3376	101 
3377	112 
3378	23 
3379	60 
3380	28 
3381	131 
3382	255 
3383	273 
3384	258 
3385	9 
3386	261 
3387	266 
3388	132 
3389	284 
3390	319 
3391	293 
3392	1 
3393	263 
3394	60 
3395	145 
3396	139 
3397	301 
3398	144 
3399	179 
3400	9 
3401	90 
3402	61 
3403	81 
3404	83 
3405	293 
3406	292 
3407	285 
3408	112 
3409	311 
3410	232 
3411	189 
3412	40 
3413	280 
3414	226 
3415	85 
3416	139 
3417	115 
3418	301 
3419	318 
3420	165 
3421	79 
3422	152 
3423	238 
3424	192 
3425	50 
3426	116 
3427	311 
3428	303 
3429	22 
3430	182 
3431	169 
3432	93 
3433	280 
3434	84 
3435	276 
3436	294 
3437	169 
3438	34 
3439	275 
3440	190 
3441	33 
3442	203 
3443	8 
3444	309 
3445	63 
3446	134 
3447	171 
3448	88 
3449	267 
3450	65 
3451	58 
3452	63 
3453	34 
3454	131 
3455	221 
3456	170 
3457	292 
3458	81 
3459	161 
3460	108 
3461	79 
3462	270 
3463	60 
3464	196 
3465	205 
3466	171 
3467	99 
3468	9 
3469	111 
3470	255 
3471	17 
3472	281 
3473	168 
3474	255 
3475	325 
3476	320 
3477	295 
3478	38 
3479	208 
3480	201 
3481	318 
3482	139 
3483	84 
3484	43 
3485	12 
3486	61 
3487	95 
3488	22 
3489	8 
3490	140 
3491	81 
3492	51 
3493	297 
3494	101 
3495	119 
3496	310 
3497	303 
3498	86 
3499	173 
3500	319 
3501	175 
3502	172 
3503	55 
3504	175 
3505	288 
3506	172 
3507	261 
3508	316 
3509	245 
3510	285 
3511	124 
3512	104 
3513	94 
3514	131 
3515	263 
3516	11 
3517	279 
3518	215 
3519	40 
3520	279 
3521	74 
3522	97 
3523	112 
3524	180 
3525	229 
3526	261 
3527	281 
3528	267 
3529	77 
3530	89 
3531	249 
3532	61 
3533	74 
3534	83 
3535	311 
3536	11 
3537	318 
3538	223 
3539	29 
3540	118 
3541	88 
3542	204 
3543	183 
3544	248 
3545	84 
3546	12 
3547	281 
3548	196 
3549	232 
3550	9 
3551	112 
3552	39 
3553	147 
3554	257 
3555	182 
3556	12 
3557	186 
3558	48 
3559	60 
3560	277 
3561	192 
3562	193 
3563	193 
3564	202 
3565	156 
3566	133 
3567	313 
3568	13 
3569	38 
3570	5 
3571	192 
3572	225 
3573	61 
3574	281 
3575	287 
3576	308 
3577	21 
3578	8 
3579	249 
3580	319 
3581	5 
3582	191 
3583	17 
3584	90 
3585	276 
3586	92 
3587	65 
3588	115 
3589	285 
3590	220 
3591	273 
3592	90 
3593	226 
3594	279 
3595	234 
3596	188 
3597	252 
3598	27 
3599	287 
3600	160 
3601	144 
3602	120 
3603	286 
3604	280 
3605	279 
3606	229 
3607	36 
3608	167 
3609	281 
3610	68 
3611	93 
3612	263 
3613	201 
3614	91 
3615	262 
3616	53 
3617	8 
3618	209 
3619	281 
3620	112 
3621	186 
3622	99 
3623	61 
3624	21 
3625	101 
3626	106 
3627	91 
3628	84 
3629	283 
3630	116 
3631	8 
3632	204 
3633	108 
3634	162 
3635	46 
3636	182 
3637	189 
3638	131 
3639	84 
3640	44 
3641	214 
3642	21 
3643	63 
3644	263 
3645	232 
3646	308 
3647	26 
3648	232 
3649	165 
3650	137 
3651	81 
3652	285 
3653	288 
3654	164 
3655	229 
3656	11 
3657	266 
3658	180 
3659	316 
3660	97 
3661	37 
3662	147 
3663	264 
3664	84 
3665	225 
3666	298 
3667	8 
3668	247 
3669	280 
3670	223 
3671	204 
3672	290 
3673	39 
3674	149 
3675	72 
3676	99 
3677	310 
3678	289 
3679	49 
3680	263 
3681	267 
3682	275 
3683	279 
3684	150 
3685	147 
3686	320 
3687	90 
3688	56 
3689	241 
3690	260 
3691	76 
3692	133 
3693	141 
3694	221 
3695	136 
3696	60 
3697	27 
3698	24 
3699	68 
3700	221 
3701	243 
3702	114 
3703	29 
3704	108 
3705	212 
3706	324 
3707	181 
3708	26 
3709	192 
3710	131 
3711	165 
3712	26 
3713	316 
3714	26 
3715	248 
3716	210 
3717	22 
3718	214 
3719	274 
3720	250 
3721	30 
3722	163 
3723	251 
3724	228 
3725	33 
3726	136 
3727	192 
3728	313 
3729	94 
3730	279 
3731	141 
3732	93 
3733	68 
3734	325 
3735	144 
3736	262 
3737	24 
3738	203 
3739	291 
3740	286 
3741	236 
3742	181 
3743	201 
3744	181 
3745	96 
3746	279 
3747	60 
3748	182 
3749	99 
3750	228 
3751	89 
3752	275 
3753	140 
3754	77 
3755	118 
3756	119 
3757	207 
3758	99 
3759	228 
3760	17 
3761	207 
3762	303 
3763	8 
3764	4 
3765	112 
3766	285 
3767	256 
3768	28 
3769	174 
3770	171 
3771	7 
3772	61 
3773	18 
3774	151 
3775	78 
3776	120 
3777	77 
3778	105 
3779	136 
3780	164 
3781	92 
3782	250 
3783	88 
3784	1 
3785	273 
3786	249 
3787	321 
3788	260 
3789	276 
3790	50 
3791	308 
3792	239 
3793	221 
3794	42 
3795	321 
3796	287 
3797	17 
3798	255 
3799	277 
3800	22 
3801	227 
3802	62 
3803	225 
3804	77 
3805	148 
3806	15 
3807	51 
3808	104 
3809	243 
3810	316 
3811	171 
3812	179 
3813	105 
3814	197 
3815	141 
3816	163 
3817	135 
3818	30 
3819	214 
3820	213 
3821	150 
3822	17 
3823	93 
3824	301 
3825	243 
3826	239 
3827	214 
3828	284 
3829	299 
3830	78 
3831	217 
3832	306 
3833	284 
3834	11 
3835	318 
3836	156 
3837	25 
3838	160 
3839	167 
3840	236 
3841	227 
3842	80 
3843	7 
3844	172 
3845	50 
3846	149 
3847	281 
3848	180 
3849	26 
3850	62 
3851	296 
3852	126 
3853	318 
3854	52 
3855	243 
3856	258 
3857	255 
3858	221 
3859	99 
3860	185 
3861	192 
3862	183 
3863	155 
3864	288 
3865	261 
3866	147 
3867	68 
3868	88 
3869	201 
3870	256 
3871	181 
3872	108 
3873	122 
3874	302 
3875	301 
3876	308 
3877	236 
3878	14 
3879	11 
3880	22 
3881	42 
3882	172 
3883	277 
3884	287 
3885	319 
3886	103 
3887	37 
3888	319 
3889	134 
3890	62 
3891	219 
3892	129 
3893	112 
3894	281 
3895	171 
3896	22 
3897	110 
3898	79 
3899	121 
3900	126 
3901	84 
3902	147 
3903	141 
3904	225 
3905	222 
3906	213 
3907	136 
3908	221 
3909	53 
3910	75 
3911	196 
3912	66 
3913	252 
3914	228 
3915	98 
3916	301 
3917	316 
3918	250 
3919	178 
3920	34 
3921	35 
3922	165 
3923	90 
3924	62 
3925	8 
3926	131 
3927	318 
3928	228 
3929	182 
3930	261 
3931	304 
3932	196 
3933	179 
3934	58 
3935	210 
3936	252 
3937	187 
3938	131 
3939	55 
3940	53 
3941	182 
3942	169 
3943	117 
3944	235 
3945	214 
3946	295 
3947	62 
3948	147 
3949	131 
3950	320 
3951	161 
3952	65 
3953	321 
3954	209 
3955	120 
3956	295 
3957	299 
3958	161 
3959	303 
3960	109 
3961	248 
3962	250 
3963	89 
3964	26 
3965	267 
3966	171 
3967	271 
3968	55 
3969	276 
3970	212 
3971	229 
3972	134 
3973	127 
3974	205 
3975	84 
3976	179 
3977	226 
3978	325 
3979	213 
3980	286 
3981	236 
3982	99 
3983	54 
3984	179 
3985	42 
3986	77 
3987	47 
3988	87 
3989	81 
3990	265 
3991	210 
3992	288 
3993	112 
3994	277 
3995	41 
3996	33 
3997	188 
3998	173 
3999	169 
4000	18 
4001	74 
4002	6 
4003	147 
4004	43 
4005	222 
4006	78 
4007	148 
4008	240 
4009	193 
4010	171 
4011	262 
4012	145 
4013	110 
4014	212 
4015	163 
4016	50 
4017	221 
4018	7 
4019	37 
4020	165 
4021	26 
4022	227 
4023	250 
4024	61 
4025	35 
4026	169 
4027	228 
4028	303 
4029	174 
4030	65 
4031	53 
4032	43 
4033	147 
4034	116 
4035	288 
4036	254 
4037	147 
4038	9 
4039	73 
4040	11 
4041	316 
4042	286 
4043	101 
4044	179 
4045	53 
4046	300 
4047	271 
4048	303 
4049	301 
4050	240 
4051	43 
4052	52 
4053	131 
4054	139 
4055	120 
4056	10 
4057	279 
4058	107 
4059	21 
4060	248 
4061	77 
4062	108 
4063	38 
4064	311 
4065	117 
4066	175 
4067	44 
4068	224 
4069	82 
4070	163 
4071	11 
4072	58 
4073	281 
4074	21 
4075	213 
4076	185 
4077	189 
4078	255 
4079	309 
4080	188 
4081	24 
4082	13 
4083	93 
4084	74 
4085	167 
4086	240 
4087	33 
4088	99 
4089	115 
4090	79 
4091	38 
4092	154 
4093	143 
4094	99 
4095	167 
4096	181 
4097	150 
4098	180 
4099	210 
4100	305 
4101	218 
4102	294 
4103	212 
4104	150 
4105	203 
4106	48 
4107	81 
4108	317 
4109	81 
4110	134 
4111	266 
4112	237 
4113	325 
4114	185 
4115	152 
4116	178 
4117	167 
4118	277 
4119	61 
4120	182 
4121	207 
4122	225 
4123	255 
4124	259 
4125	316 
4126	112 
4127	92 
4128	141 
4129	213 
4130	26 
4131	213 
4132	269 
4133	44 
4134	161 
4135	43 
4136	214 
4137	111 
4138	143 
4139	211 
4140	232 
4141	131 
4142	249 
4143	88 
4144	108 
4145	112 
4146	82 
4147	232 
4148	226 
4149	162 
4150	147 
4151	68 
4152	42 
4153	310 
4154	205 
4155	26 
4156	188 
4157	30 
4158	310 
4159	216 
4160	321 
4161	66 
4162	112 
4163	262 
4164	192 
4165	163 
4166	29 
4167	17 
4168	26 
4169	38 
4170	242 
4171	147 
4172	51 
4173	61 
4174	23 
4175	147 
4176	147 
4177	221 
4178	131 
4179	220 
4180	108 
4181	161 
4182	48 
4183	169 
4184	156 
4185	288 
4186	146 
4187	144 
4188	68 
4189	271 
4190	297 
4191	180 
4192	205 
4193	34 
4194	266 
4195	313 
4196	101 
4197	108 
4198	315 
4199	169 
4200	74 
4201	219 
4202	226 
4203	293 
4204	68 
4205	179 
4206	280 
4207	91 
4208	303 
4209	74 
4210	214 
4211	288 
4212	299 
4213	303 
4214	147 
4215	224 
4216	60 
4217	21 
4218	218 
4219	37 
4220	190 
4221	11 
4222	80 
4223	12 
4224	315 
4225	192 
4226	195 
4227	281 
4228	231 
4229	281 
4230	44 
4231	313 
4232	97 
4233	289 
4234	213 
4235	185 
4236	177 
4237	138 
4238	283 
4239	315 
4240	154 
4241	203 
4242	293 
4243	319 
4244	261 
4245	165 
4246	56 
4247	111 
4248	210 
4249	196 
4250	177 
4251	165 
4252	48 
4253	32 
4254	289 
4255	316 
4256	72 
4257	252 
4258	248 
4259	217 
4260	229 
4261	240 
4262	9 
4263	203 
4264	22 
4265	1 
4266	3 
4267	60 
4268	187 
4269	69 
4270	151 
4271	167 
4272	281 
4273	319 
4274	112 
4275	281 
4276	134 
4277	142 
4278	28 
4279	302 
4280	214 
4281	318 
4282	185 
4283	81 
4284	8 
4285	149 
4286	203 
4287	243 
4288	4 
4289	66 
4290	131 
4291	277 
4292	17 
4293	299 
4294	62 
4295	136 
4296	171 
4297	70 
4298	21 
4299	139 
4300	139 
4301	102 
4302	144 
4303	164 
4304	262 
4305	263 
4306	127 
4307	141 
4308	145 
4309	228 
4310	305 
4311	169 
4312	77 
4313	227 
4314	51 
4315	124 
4316	189 
4317	179 
4318	127 
4319	137 
4320	155 
4321	214 
4322	79 
4323	53 
4324	93 
4325	295 
4326	261 
4327	1 
4328	112 
4329	243 
4330	51 
4331	301 
4332	210 
4333	261 
4334	174 
4335	68 
4336	90 
4337	165 
4338	321 
4339	79 
4340	314 
4341	34 
4342	4 
4343	310 
4344	93 
4345	257 
4346	285 
4347	37 
4348	84 
4349	319 
4350	12 
4351	84 
4352	107 
4353	11 
4354	161 
4355	299 
4356	271 
4357	212 
4358	323 
4359	93 
4360	90 
4361	137 
4362	225 
4363	8 
4364	169 
4365	164 
4366	22 
4367	62 
4368	281 
4369	91 
4370	279 
4371	210 
4372	174 
4373	221 
4374	185 
4375	300 
4376	141 
4377	131 
4378	272 
4379	321 
4380	93 
4381	322 
4382	305 
4383	203 
4384	141 
4385	192 
4386	294 
4387	314 
4388	274 
4389	17 
4390	310 
4391	35 
4392	22 
4393	243 
4394	167 
4395	256 
4396	106 
4397	203 
4398	201 
4399	77 
4400	227 
4401	1 
4402	226 
4403	285 
4404	172 
4405	243 
4406	141 
4407	156 
4408	261 
4409	43 
4410	312 
4411	319 
4412	182 
4413	158 
4414	136 
4415	122 
4416	203 
4417	293 
4418	282 
4419	38 
4420	24 
4421	77 
4422	141 
4423	266 
4424	196 
4425	8 
4426	250 
4427	99 
4428	167 
4429	301 
4430	90 
4431	99 
4432	267 
4433	50 
4434	161 
4435	261 
4436	248 
4437	51 
4438	169 
4439	116 
4440	228 
4441	311 
4442	185 
4443	11 
4444	301 
4445	56 
4446	88 
4447	182 
4448	149 
4449	230 
4450	15 
4451	74 
4452	162 
4453	244 
4454	93 
4455	226 
4456	221 
4457	189 
4458	163 
4459	266 
4460	37 
4461	89 
4462	279 
4463	290 
4464	29 
4465	207 
4466	240 
4467	73 
4468	163 
4469	179 
4470	223 
4471	233 
4472	149 
4473	134 
4474	61 
4475	141 
4476	70 
4477	99 
4478	89 
4479	301 
4480	193 
4481	144 
4482	134 
4483	159 
4484	187 
4485	80 
4486	197 
4487	166 
4488	185 
4489	291 
4490	106 
4491	15 
4492	90 
4493	245 
4494	55 
4495	279 
4496	185 
4497	302 
4498	292 
4499	171 
4500	228 
4501	201 
4502	214 
4503	229 
4504	88 
4505	316 
4506	17 
4507	244 
4508	33 
4509	237 
4510	145 
4511	20 
4512	261 
4513	183 
4514	140 
4515	10 
4516	46 
4517	43 
4518	26 
4519	292 
4520	263 
4521	296 
4522	250 
4523	175 
4524	244 
4525	41 
4526	139 
4527	111 
4528	101 
4529	311 
4530	276 
4531	158 
4532	172 
4533	115 
4534	202 
4535	325 
4536	97 
4537	261 
4538	174 
4539	24 
4540	90 
4541	164 
4542	62 
4543	131 
4544	247 
4545	126 
4546	98 
4547	41 
4548	165 
4549	197 
4550	8 
4551	21 
4552	113 
4553	115 
4554	56 
4555	299 
4556	161 
4557	136 
4558	28 
4559	56 
4560	147 
4561	8 
4562	134 
4563	233 
4564	192 
4565	87 
4566	77 
4567	84 
4568	20 
4569	71 
4570	266 
4571	246 
4572	217 
4573	303 
4574	185 
4575	298 
4576	276 
4577	16 
4578	282 
4579	295 
4580	161 
4581	137 
4582	95 
4583	319 
4584	167 
4585	15 
4586	42 
4587	54 
4588	210 
4589	119 
4590	105 
4591	28 
4592	218 
4593	169 
4594	315 
4595	138 
4596	271 
4597	187 
4598	9 
4599	38 
4600	78 
4601	140 
4602	147 
4603	179 
4604	304 
4605	135 
4606	1 
4607	137 
4608	99 
4609	271 
4610	54 
4611	220 
4612	221 
4613	182 
4614	61 
4615	214 
4616	248 
4617	118 
4618	154 
4619	236 
4620	294 
4621	153 
4622	254 
4623	314 
4624	201 
4625	301 
4626	255 
4627	93 
4628	219 
4629	250 
4630	102 
4631	11 
4632	22 
4633	185 
4634	214 
4635	182 
4636	61 
4637	301 
4638	231 
4639	321 
4640	180 
4641	286 
4642	113 
4643	263 
4644	232 
4645	264 
4646	17 
4647	209 
4648	62 
4649	198 
4650	265 
4651	276 
4652	167 
4653	39 
4654	223 
4655	15 
4656	213 
4657	260 
4658	67 
4659	89 
4660	170 
4661	149 
4662	48 
4663	180 
4664	228 
4665	319 
4666	116 
4667	116 
4668	245 
4669	9 
4670	13 
4671	321 
4672	91 
4673	22 
4674	179 
4675	148 
4676	88 
4677	236 
4678	59 
4679	70 
4680	29 
4681	12 
4682	243 
4683	119 
4684	272 
4685	287 
4686	238 
4687	180 
4688	11 
4689	181 
4690	34 
4691	232 
4692	81 
4693	35 
4694	197 
4695	247 
4696	192 
4697	30 
4698	68 
4699	286 
4700	101 
4701	247 
4702	134 
4703	255 
4704	325 
4705	11 
4706	152 
4707	164 
4708	251 
4709	319 
4710	29 
4711	298 
4712	154 
4713	89 
4714	280 
4715	297 
4716	236 
4717	112 
4718	247 
4719	228 
4720	301 
4721	281 
4722	250 
4723	85 
4724	96 
4725	250 
4726	129 
4727	284 
4728	316 
4729	318 
4730	189 
4731	102 
4732	233 
4733	70 
4734	141 
4735	93 
4736	8 
4737	301 
4738	279 
4739	61 
4740	225 
4741	223 
4742	81 
4743	188 
4744	221 
4745	167 
4746	180 
4747	310 
4748	9 
4749	301 
4750	125 
4751	261 
4752	174 
4753	141 
4754	173 
4755	62 
4756	182 
4757	321 
4758	318 
4759	131 
4760	36 
4761	37 
4762	210 
4763	115 
4764	73 
4765	58 
4766	81 
4767	262 
4768	310 
4769	78 
4770	166 
4771	88 
4772	240 
4773	32 
4774	11 
4775	126 
4776	282 
4777	298 
4778	236 
4779	187 
4780	38 
4781	131 
4782	263 
4783	301 
4784	190 
4785	259 
4786	180 
4787	311 
4788	313 
4789	286 
4790	30 
4791	252 
4792	269 
4793	284 
4794	255 
4795	78 
4796	167 
4797	3 
4798	31 
4799	228 
4800	106 
4801	79 
4802	150 
4803	60 
4804	234 
4805	227 
4806	207 
4807	69 
4808	203 
4809	166 
4810	201 
4811	178 
4812	24 
4813	171 
4814	68 
4815	164 
4816	210 
4817	161 
4818	12 
4819	134 
4820	296 
4821	225 
4822	281 
4823	200 
4824	177 
4825	89 
4826	117 
4827	168 
4828	267 
4829	316 
4830	62 
4831	45 
4832	161 
4833	287 
4834	89 
4835	117 
4836	183 
4837	291 
4838	182 
4839	6 
4840	17 
4841	112 
4842	189 
4843	42 
4844	130 
4845	161 
4846	201 
4847	291 
4848	144 
4849	311 
4850	243 
4851	4 
4852	255 
4853	240 
4854	88 
4855	182 
4856	93 
4857	240 
4858	22 
4859	228 
4860	69 
4861	205 
4862	131 
4863	291 
4864	53 
4865	114 
4866	5 
4867	318 
4868	136 
4869	17 
4870	213 
4871	61 
4872	222 
4873	250 
4874	150 
4875	41 
4876	36 
4877	147 
4878	60 
4879	169 
4880	210 
4881	149 
4882	24 
4883	318 
4884	75 
4885	35 
4886	196 
4887	1 
4888	93 
4889	225 
4890	136 
4891	5 
4892	263 
4893	324 
4894	286 
4895	209 
4896	116 
4897	198 
4898	269 
4899	32 
4900	100 
4901	173 
4902	234 
4903	263 
4904	167 
4905	93 
4906	133 
4907	189 
4908	303 
4909	106 
4910	163 
4911	176 
4912	287 
4913	213 
4914	263 
4915	171 
4916	177 
4917	62 
4918	309 
4919	257 
4920	281 
4921	101 
4922	212 
4923	215 
4924	38 
4925	227 
4926	142 
4927	226 
4928	175 
4929	138 
4930	32 
4931	142 
4932	11 
4933	94 
4934	190 
4935	286 
4936	223 
4937	11 
4938	267 
4939	40 
4940	192 
4941	9 
4942	285 
4943	139 
4944	85 
4945	11 
4946	282 
4947	111 
4948	325 
4949	207 
4950	187 
4951	34 
4952	236 
4953	190 
4954	53 
4955	250 
4956	301 
4957	5 
4958	325 
4959	21 
4960	17 
4961	56 
4962	179 
4963	210 
4964	225 
4965	192 
4966	247 
4967	84 
4968	45 
4969	288 
4970	213 
4971	161 
4972	265 
4973	52 
4974	317 
4975	64 
4976	320 
4977	43 
4978	23 
4979	225 
4980	81 
4981	299 
4982	110 
4983	193 
4984	274 
4985	166 
4986	93 
4987	164 
4988	93 
4989	203 
4990	223 
4991	66 
4992	286 
4993	77 
4994	222 
4995	30 
4996	112 
4997	232 
4998	5 
4999	56 
5000	11 
5001	211 
5002	292 
5003	34 
5004	279 
5005	293 
5006	61 
5007	163 
5008	195 
5009	201 
5010	52 
5011	263 
5012	167 
5013	87 
5014	166 
5015	34 
5016	165 
5017	90 
5018	150 
5019	225 
5020	22 
5021	224 
5022	190 
5023	14 
5024	117 
5025	227 
5026	281 
5027	303 
5028	73 
5029	169 
5030	100 
5031	148 
5032	61 
5033	215 
5034	301 
5035	191 
5036	282 
5037	214 
5038	282 
5039	3 
5040	57 
5041	174 
5042	230 
5043	11 
5044	220 
5045	266 
5046	33 
5047	148 
5048	120 
5049	79 
5050	44 
5051	77 
5052	68 
5053	129 
5054	199 
5055	81 
5056	9 
5057	134 
5058	228 
5059	8 
5060	69 
5061	38 
5062	54 
5063	269 
5064	41 
5065	85 
5066	209 
5067	61 
5068	113 
5069	311 
5070	13 
5071	304 
5072	243 
5073	21 
5074	52 
5075	241 
5076	90 
5077	67 
5078	202 
5079	220 
5080	287 
5081	24 
5082	216 
5083	131 
5084	243 
5085	147 
5086	267 
5087	55 
5088	291 
5089	134 
5090	39 
5091	175 
5092	67 
5093	145 
5094	60 
5095	162 
5096	92 
5097	183 
5098	266 
5099	225 
5100	30 
5101	201 
5102	35 
5103	175 
5104	185 
5105	106 
5106	134 
5107	62 
5108	79 
5109	227 
5110	111 
5111	196 
5112	235 
5113	288 
5114	81 
5115	56 
5116	304 
5117	99 
5118	321 
5119	250 
5120	9 
5121	222 
5122	97 
5123	236 
5124	77 
5125	271 
5126	12 
5127	321 
5128	215 
5129	277 
5130	201 
5131	141 
5132	137 
5133	261 
5134	286 
5135	307 
5136	61 
5137	146 
5138	167 
5139	231 
5140	78 
5141	325 
5142	43 
5143	167 
5144	42 
5145	81 
5146	167 
5147	311 
5148	225 
5149	186 
5150	266 
5151	149 
5152	305 
5153	193 
5154	92 
5155	171 
5156	1 
5157	239 
5158	24 
5159	112 
5160	77 
5161	263 
5162	3 
5163	168 
5164	88 
5165	218 
5166	261 
5167	247 
5168	261 
5169	110 
5170	5 
5171	150 
5172	20 
5173	165 
5174	118 
5175	23 
5176	321 
5177	142 
5178	201 
5179	60 
5180	105 
5181	303 
5182	133 
5183	62 
5184	38 
5185	44 
5186	210 
5187	301 
5188	292 
5189	279 
5190	110 
5191	17 
5192	68 
5193	282 
5194	116 
5195	77 
5196	279 
5197	321 
5198	182 
5199	273 
5200	316 
5201	213 
5202	70 
5203	90 
5204	117 
5205	18 
5206	85 
5207	61 
5208	34 
5209	186 
5210	89 
5211	192 
5212	8 
5213	120 
5214	177 
5215	213 
5216	310 
5217	111 
5218	133 
5219	286 
5220	283 
5221	210 
5222	186 
5223	229 
5224	226 
5225	315 
5226	21 
5227	119 
5228	8 
5229	285 
5230	78 
5231	185 
5232	311 
5233	201 
5234	149 
5235	69 
5236	201 
5237	62 
5238	81 
5239	1 
5240	69 
5241	182 
5242	285 
5243	95 
5244	239 
5245	12 
5246	248 
5247	130 
5248	211 
5249	73 
5250	213 
5251	175 
5252	61 
5253	323 
5254	220 
5255	276 
5256	178 
5257	325 
5258	179 
5259	31 
5260	203 
5261	266 
5262	81 
5263	269 
5264	201 
5265	211 
5266	207 
5267	167 
5268	276 
5269	144 
5270	30 
5271	183 
5272	292 
5273	28 
5274	41 
5275	102 
5276	189 
5277	115 
5278	66 
5279	97 
5280	1 
5281	8 
5282	207 
5283	78 
5284	294 
5285	250 
5286	143 
5287	285 
5288	152 
5289	209 
5290	202 
5291	56 
5292	313 
5293	318 
5294	236 
5295	279 
5296	236 
5297	188 
5298	21 
5299	167 
5300	34 
5301	303 
5302	210 
5303	183 
5304	134 
5305	112 
5306	220 
5307	186 
5308	266 
5309	106 
5310	199 
5311	179 
5312	15 
5313	228 
5314	248 
5315	60 
5316	267 
5317	210 
5318	165 
5319	263 
5320	141 
5321	152 
5322	29 
5323	164 
5324	69 
5325	185 
5326	32 
5327	119 
5328	192 
5329	214 
5330	5 
5331	28 
5332	228 
5333	101 
5334	89 
5335	255 
5336	68 
5337	138 
5338	4 
5339	247 
5340	37 
5341	1 
5342	34 
5343	89 
5344	187 
5345	247 
5346	79 
5347	171 
5348	160 
5349	26 
5350	61 
5351	228 
5352	108 
5353	279 
5354	152 
5355	65 
5356	95 
5357	280 
5358	225 
5359	151 
5360	179 
5361	213 
5362	205 
5363	147 
5364	291 
5365	318 
5366	228 
5367	195 
5368	316 
5369	238 
5370	262 
5371	180 
5372	279 
5373	116 
5374	265 
5375	48 
5376	237 
5377	286 
5378	26 
5379	281 
5380	17 
5381	239 
5382	130 
5383	253 
5384	223 
5385	281 
5386	188 
5387	165 
5388	56 
5389	93 
5390	310 
5391	22 
5392	160 
5393	309 
5394	252 
5395	85 
5396	171 
5397	204 
5398	6 
5399	320 
5400	112 
5401	149 
5402	263 
5403	224 
5404	77 
5405	147 
5406	161 
5407	130 
5408	134 
5409	90 
5410	263 
5411	301 
5412	43 
5413	38 
5414	134 
5415	227 
5416	89 
5417	190 
5418	199 
5419	135 
5420	117 
5421	228 
5422	262 
5423	227 
5424	265 
5425	239 
5426	292 
5427	141 
5428	247 
5429	106 
5430	16 
5431	75 
5432	192 
5433	68 
5434	99 
5435	65 
5436	141 
5437	178 
5438	51 
5439	235 
5440	284 
5441	320 
5442	179 
5443	3 
5444	4 
5445	279 
5446	81 
5447	245 
5448	182 
5449	325 
5450	142 
5451	281 
5452	192 
5453	38 
5454	315 
5455	174 
5456	11 
5457	186 
5458	226 
5459	276 
5460	311 
5461	187 
5462	77 
5463	147 
5464	134 
5465	115 
5466	286 
5467	90 
5468	279 
5469	152 
5470	235 
5471	321 
5472	236 
5473	169 
5474	277 
5475	108 
5476	238 
5477	169 
5478	207 
5479	225 
5480	51 
5481	161 
5482	119 
5483	209 
5484	203 
5485	196 
5486	94 
5487	267 
5488	279 
5489	88 
5490	299 
5491	263 
5492	250 
5493	156 
5494	22 
5495	112 
5496	316 
5497	250 
5498	53 
5499	221 
5500	11 
5501	108 
5502	62 
5503	214 
5504	130 
5505	17 
5506	88 
5507	309 
5508	260 
5509	62 
5510	161 
5511	46 
5512	282 
5513	39 
5514	102 
5515	38 
5516	94 
5517	141 
5518	62 
5519	185 
5520	77 
5521	21 
5522	309 
5523	319 
5524	4 
5525	285 
5526	11 
5527	281 
5528	141 
5529	236 
5530	84 
5531	182 
5532	145 
5533	263 
5534	17 
5535	179 
5536	116 
5537	310 
5538	108 
5539	223 
5540	311 
5541	141 
5542	266 
5543	58 
5544	112 
5545	94 
5546	192 
5547	4 
5548	6 
5549	250 
5550	185 
5551	53 
5552	100 
5553	163 
5554	100 
5555	210 
5556	246 
5557	261 
5558	116 
5559	301 
5560	30 
5561	44 
5562	68 
5563	315 
5564	165 
5565	301 
5566	167 
5567	183 
5568	185 
5569	304 
5570	79 
5571	41 
5572	288 
5573	3 
5574	161 
5575	22 
5576	210 
5577	84 
5578	61 
5579	84 
5580	17 
5581	87 
5582	145 
5583	174 
5584	250 
5585	12 
5586	266 
5587	322 
5588	22 
5589	243 
5590	60 
5591	205 
5592	262 
5593	320 
5594	243 
5595	141 
5596	188 
5597	74 
5598	99 
5599	63 
5600	202 
5601	166 
5602	238 
5603	43 
5604	77 
5605	225 
5606	86 
5607	72 
5608	68 
5609	325 
5610	94 
5611	192 
5612	311 
5613	74 
5614	276 
5615	141 
5616	292 
5617	93 
5618	244 
5619	48 
5620	325 
5621	26 
5622	230 
5623	144 
5624	262 
5625	265 
5626	292 
5627	26 
5628	256 
5629	11 
5630	81 
5631	313 
5632	239 
5633	77 
5634	133 
5635	311 
5636	305 
5637	43 
5638	182 
5639	131 
5640	94 
5641	166 
5642	187 
5643	56 
5644	110 
5645	264 
5646	230 
5647	166 
5648	22 
5649	228 
5650	286 
5651	51 
5652	198 
5653	213 
5654	228 
5655	209 
5656	149 
5657	72 
5658	131 
5659	94 
5660	190 
5661	55 
5662	181 
5663	97 
5664	237 
5665	178 
5666	94 
5667	172 
5668	203 
5669	316 
5670	81 
5671	56 
5672	39 
5673	256 
5674	160 
5675	4 
5676	175 
5677	315 
5678	232 
5679	11 
5680	285 
5681	276 
5682	175 
5683	118 
5684	202 
5685	202 
5686	167 
5687	107 
5688	141 
5689	299 
5690	39 
5691	213 
5692	202 
5693	161 
5694	303 
5695	300 
5696	149 
5697	41 
5698	181 
5699	262 
5700	310 
5701	30 
5702	12 
5703	39 
5704	310 
5705	236 
5706	238 
5707	180 
5708	183 
5709	100 
5710	17 
5711	89 
5712	171 
5713	210 
5714	171 
5715	22 
5716	39 
5717	5 
5718	54 
5719	248 
5720	164 
5721	322 
5722	79 
5723	274 
5724	17 
5725	26 
5726	311 
5727	250 
5728	243 
5729	29 
5730	261 
5731	301 
5732	42 
5733	267 
5734	245 
5735	223 
5736	228 
5737	246 
5738	89 
5739	55 
5740	62 
5741	42 
5742	301 
5743	136 
5744	20 
5745	311 
5746	98 
5747	248 
5748	110 
5749	263 
5750	189 
5751	249 
5752	261 
5753	185 
5754	3 
5755	17 
5756	149 
5757	316 
5758	276 
5759	15 
5760	74 
5761	138 
5762	303 
5763	45 
5764	169 
5765	55 
5766	162 
5767	243 
5768	149 
5769	174 
5770	72 
5771	276 
5772	260 
5773	131 
5774	178 
5775	205 
5776	255 
5777	17 
5778	30 
5779	232 
5780	112 
5781	19 
5782	62 
5783	190 
5784	68 
5785	185 
5786	292 
5787	314 
5788	314 
5789	51 
5790	93 
5791	131 
5792	155 
5793	222 
5794	108 
5795	247 
5796	189 
5797	276 
5798	133 
5799	280 
5800	299 
5801	99 
5802	169 
5803	291 
5804	224 
5805	30 
5806	44 
5807	285 
5808	185 
5809	89 
5810	174 
5811	83 
5812	148 
5813	33 
5814	166 
5815	130 
5816	141 
5817	60 
5818	165 
5819	62 
5820	311 
5821	51 
5822	16 
5823	69 
5824	16 
5825	288 
5826	17 
5827	271 
5828	172 
5829	9 
5830	116 
5831	112 
5832	80 
5833	61 
5834	181 
5835	167 
5836	318 
5837	108 
5838	286 
5839	6 
5840	84 
5841	45 
5842	313 
5843	180 
5844	40 
5845	112 
5846	103 
5847	61 
5848	2 
5849	141 
5850	73 
5851	177 
5852	224 
5853	22 
5854	202 
5855	250 
5856	282 
5857	136 
5858	17 
5859	277 
5860	216 
5861	164 
5862	1 
5863	325 
5864	68 
5865	92 
5866	236 
5867	106 
5868	325 
5869	83 
5870	179 
5871	33 
5872	244 
5873	223 
5874	263 
5875	26 
5876	149 
5877	254 
5878	120 
5879	201 
5880	175 
5881	81 
5882	202 
5883	279 
5884	284 
5885	81 
5886	51 
5887	201 
5888	247 
5889	22 
5890	246 
5891	2 
5892	26 
5893	218 
5894	42 
5895	127 
5896	61 
5897	166 
5898	189 
5899	46 
5900	325 
5901	22 
5902	236 
5903	112 
5904	86 
5905	254 
5906	221 
5907	100 
5908	14 
5909	261 
5910	62 
5911	94 
5912	69 
5913	24 
5914	79 
5915	103 
5916	308 
5917	130 
5918	106 
5919	40 
5920	325 
5921	169 
5922	222 
5923	38 
5924	106 
5925	315 
5926	171 
5927	148 
5928	163 
5929	88 
5930	218 
5931	26 
5932	42 
5933	11 
5934	315 
5935	60 
5936	213 
5937	321 
5938	118 
5939	144 
5940	2 
5941	261 
5942	20 
5943	255 
5944	279 
5945	187 
5946	193 
5947	250 
5948	214 
5949	189 
5950	24 
5951	164 
5952	220 
5953	34 
5954	311 
5955	165 
5956	257 
5957	167 
5958	222 
5959	147 
5960	56 
5961	280 
5962	1 
5963	276 
5964	89 
5965	68 
5966	80 
5967	16 
5968	319 
5969	237 
5970	131 
5971	169 
5972	315 
5973	311 
5974	191 
5975	84 
5976	286 
5977	127 
5978	38 
5979	218 
5980	45 
5981	271 
5982	99 
5983	321 
5984	201 
5985	276 
5986	89 
5987	41 
5988	260 
5989	22 
5990	131 
5991	84 
5992	112 
5993	30 
5994	304 
5995	166 
5996	172 
5997	266 
5998	1 
5999	190 
6000	63 
6001	261 
6002	276 
6003	316 
6004	131 
6005	239 
6006	316 
6007	260 
6008	85 
6009	291 
6010	61 
6011	72 
6012	171 
6013	243 
6014	167 
6015	60 
6016	241 
6017	26 
6018	145 
6019	287 
6020	202 
6021	54 
6022	303 
6023	86 
6024	252 
6025	261 
6026	311 
6027	145 
6028	201 
6029	160 
6030	255 
6031	321 
6032	126 
6033	88 
6034	182 
6035	233 
6036	87 
6037	90 
6038	11 
6039	191 
6040	17 
6041	277 
6042	185 
6043	80 
6044	99 
6045	285 
6046	173 
6047	321 
6048	22 
6049	97 
6050	112 
6051	185 
6052	186 
6053	181 
6054	29 
6055	186 
6056	276 
6057	228 
6058	168 
6059	210 
6060	141 
6061	177 
6062	288 
6063	9 
6064	133 
6065	160 
6066	185 
6067	211 
6068	200 
6069	320 
6070	312 
6071	276 
6072	286 
6073	141 
6074	255 
6075	180 
6076	72 
6077	304 
6078	221 
6079	107 
6080	320 
6081	5 
6082	165 
6083	106 
6084	142 
6085	84 
6086	224 
6087	17 
6088	106 
6089	116 
6090	99 
6091	232 
6092	1 
6093	39 
6094	161 
6095	276 
6096	90 
6097	165 
6098	261 
6099	198 
6100	243 
6101	196 
6102	149 
6103	261 
6104	3 
6105	311 
6106	34 
6107	279 
6108	96 
6109	120 
6110	224 
6111	116 
6112	325 
6113	1 
6114	106 
6115	196 
6116	68 
6117	89 
6118	123 
6119	64 
6120	320 
6121	284 
6122	189 
6123	137 
6124	250 
6125	127 
6126	187 
6127	29 
6128	38 
6129	24 
6130	262 
6131	1 
6132	293 
6133	90 
6134	5 
6135	266 
6136	261 
6137	277 
6138	107 
6139	250 
6140	84 
6141	201 
6142	301 
6143	321 
6144	263 
6145	258 
6146	186 
6147	16 
6148	311 
6149	95 
6150	62 
6151	165 
6152	44 
6153	201 
6154	43 
6155	279 
6156	51 
6157	93 
6158	179 
6159	248 
6160	232 
6161	218 
6162	21 
6163	65 
6164	16 
6165	228 
6166	101 
6167	271 
6168	264 
6169	162 
6170	167 
6171	166 
6172	165 
6173	175 
6174	42 
6175	165 
6176	277 
6177	24 
6178	224 
6179	5 
6180	163 
6181	5 
6182	261 
6183	279 
6184	265 
6185	77 
6186	287 
6187	90 
6188	68 
6189	320 
6190	309 
6191	164 
6192	218 
6193	30 
6194	201 
6195	89 
6196	62 
6197	130 
6198	297 
6199	236 
6200	283 
6201	89 
6202	45 
6203	130 
6204	147 
6205	316 
6206	152 
6207	287 
6208	180 
6209	162 
6210	168 
6211	61 
6212	26 
6213	292 
6214	11 
6215	99 
6216	247 
6217	77 
6218	195 
6219	68 
6220	17 
6221	31 
6222	279 
6223	301 
6224	255 
6225	131 
6226	174 
6227	16 
6228	147 
6229	267 
6230	8 
6231	111 
6232	127 
6233	233 
6234	93 
6235	285 
6236	63 
6237	24 
6238	93 
6239	311 
6240	168 
6241	233 
6242	172 
6243	266 
6244	280 
6245	72 
6246	185 
6247	183 
6248	140 
6249	122 
6250	178 
6251	68 
6252	116 
6253	134 
6254	269 
6255	69 
6256	284 
6257	149 
6258	171 
6259	30 
6260	201 
6261	262 
6262	165 
6263	43 
6264	8 
6265	303 
6266	141 
6267	311 
6268	131 
6269	171 
6270	141 
6271	139 
6272	146 
6273	255 
6274	163 
6275	179 
6276	156 
6277	166 
6278	9 
6279	16 
6280	250 
6281	276 
6282	105 
6283	84 
6284	259 
6285	213 
6286	282 
6287	159 
6288	250 
6289	230 
6290	185 
6291	154 
6292	266 
6293	64 
6294	214 
6295	62 
6296	27 
6297	89 
6298	279 
6299	169 
6300	99 
6301	84 
6302	139 
6303	164 
6304	11 
6305	68 
6306	252 
6307	165 
6308	131 
6309	77 
6310	289 
6311	279 
6312	192 
6313	43 
6314	246 
6315	219 
6316	61 
6317	213 
6318	163 
6319	225 
6320	228 
6321	228 
6322	233 
6323	29 
6324	190 
6325	285 
6326	214 
6327	201 
6328	213 
6329	124 
6330	106 
6331	96 
6332	282 
6333	29 
6334	236 
6335	292 
6336	56 
6337	134 
6338	100 
6339	163 
6340	288 
6341	286 
6342	195 
6343	102 
6344	11 
6345	8 
6346	219 
6347	145 
6348	230 
6349	42 
6350	167 
6351	247 
6352	187 
6353	203 
6354	320 
6355	11 
6356	287 
6357	147 
6358	182 
6359	250 
6360	207 
6361	112 
6362	282 
6363	55 
6364	84 
6365	201 
6366	262 
6367	81 
6368	17 
6369	161 
6370	316 
6371	171 
6372	15 
6373	130 
6374	160 
6375	229 
6376	141 
6377	45 
6378	56 
6379	147 
6380	279 
6381	224 
6382	245 
6383	315 
6384	221 
6385	79 
6386	29 
6387	141 
6388	112 
6389	304 
6390	175 
6391	261 
6392	258 
6393	165 
6394	173 
6395	159 
6396	232 
6397	292 
6398	17 
6399	225 
6400	27 
6401	106 
6402	223 
6403	127 
6404	188 
6405	89 
6406	188 
6407	61 
6408	223 
6409	301 
6410	279 
6411	74 
6412	303 
6413	39 
6414	216 
6415	105 
6416	226 
6417	232 
6418	219 
6419	192 
6420	77 
6421	264 
6422	130 
6423	61 
6424	21 
6425	213 
6426	282 
6427	17 
6428	81 
6429	107 
6430	286 
6431	16 
6432	214 
6433	81 
6434	43 
6435	292 
6436	188 
6437	60 
6438	152 
6439	312 
6440	284 
6441	255 
6442	136 
6443	279 
6444	225 
6445	102 
6446	108 
6447	183 
6448	34 
6449	262 
6450	173 
6451	110 
6452	204 
6453	56 
6454	212 
6455	222 
6456	286 
6457	281 
6458	213 
6459	29 
6460	43 
6461	140 
6462	214 
6463	17 
6464	11 
6465	245 
6466	284 
6467	106 
6468	322 
6469	289 
6470	230 
6471	174 
6472	228 
6473	325 
6474	214 
6475	239 
6476	323 
6477	75 
6478	180 
6479	204 
6480	59 
6481	1 
6482	255 
6483	73 
6484	237 
6485	44 
6486	81 
6487	87 
6488	120 
6489	189 
6490	225 
6491	280 
6492	85 
6493	85 
6494	325 
6495	312 
6496	22 
6497	90 
6498	172 
6499	310 
6500	11 
6501	60 
6502	318 
6503	210 
6504	185 
6505	279 
6506	41 
6507	201 
6508	93 
6509	88 
6510	4 
6511	311 
6512	182 
6513	134 
6514	81 
6515	165 
6516	56 
6517	32 
6518	292 
6519	293 
6520	116 
6521	191 
6522	90 
6523	236 
6524	145 
6525	243 
6526	292 
6527	30 
6528	167 
6529	86 
6530	86 
6531	297 
6532	180 
6533	174 
6534	112 
6535	182 
6536	154 
6537	56 
6538	141 
6539	166 
6540	203 
6541	247 
6542	253 
6543	183 
6544	266 
6545	171 
6546	6 
6547	159 
6548	134 
6549	44 
6550	78 
6551	201 
6552	77 
6553	68 
6554	141 
6555	13 
6556	42 
6557	315 
6558	112 
6559	179 
6560	316 
6561	271 
6562	12 
6563	311 
6564	198 
6565	133 
6566	90 
6567	5 
6568	89 
6569	101 
6570	315 
6571	284 
6572	134 
6573	8 
6574	227 
6575	189 
6576	223 
6577	273 
6578	202 
6579	63 
6580	12 
6581	282 
6582	191 
6583	249 
6584	77 
6585	202 
6586	181 
6587	181 
6588	213 
6589	271 
6590	81 
6591	78 
6592	301 
6593	286 
6594	261 
6595	171 
6596	197 
6597	68 
6598	263 
6599	149 
6600	78 
6601	80 
6602	61 
6603	177 
6604	100 
6605	185 
6606	168 
6607	53 
6608	45 
6609	131 
6610	33 
6611	57 
6612	313 
6613	99 
6614	124 
6615	134 
6616	285 
6617	22 
6618	12 
6619	321 
6620	51 
6621	314 
6622	303 
6623	112 
6624	227 
6625	88 
6626	301 
6627	226 
6628	318 
6629	279 
6630	186 
6631	182 
6632	309 
6633	220 
6634	147 
6635	68 
6636	57 
6637	279 
6638	60 
6639	165 
6640	269 
6641	255 
6642	171 
6643	8 
6644	310 
6645	319 
6646	249 
6647	141 
6648	166 
6649	122 
6650	209 
6651	320 
6652	308 
6653	59 
6654	86 
6655	91 
6656	16 
6657	64 
6658	98 
6659	318 
6660	141 
6661	263 
6662	30 
6663	305 
6664	81 
6665	165 
6666	180 
6667	22 
6668	35 
6669	192 
6670	87 
6671	189 
6672	115 
6673	220 
6674	50 
6675	115 
6676	301 
6677	213 
6678	315 
6679	165 
6680	262 
6681	62 
6682	325 
6683	131 
6684	168 
6685	221 
6686	62 
6687	137 
6688	293 
6689	175 
6690	277 
6691	155 
6692	253 
6693	168 
6694	30 
6695	141 
6696	291 
6697	182 
6698	178 
6699	325 
6700	57 
6701	312 
6702	181 
6703	68 
6704	225 
6705	245 
6706	239 
6707	281 
6708	192 
6709	200 
6710	88 
6711	80 
6712	210 
6713	85 
6714	288 
6715	72 
6716	164 
6717	9 
6718	214 
6719	35 
6720	312 
6721	62 
6722	239 
6723	297 
6724	171 
6725	276 
6726	99 
6727	313 
6728	112 
6729	236 
6730	230 
6731	112 
6732	258 
6733	325 
6734	189 
6735	193 
6736	84 
6737	286 
6738	165 
6739	52 
6740	90 
6741	33 
6742	11 
6743	190 
6744	61 
6745	148 
6746	161 
6747	201 
6748	281 
6749	147 
6750	29 
6751	15 
6752	183 
6753	291 
6754	64 
6755	225 
6756	321 
6757	236 
6758	30 
6759	61 
6760	136 
6761	45 
6762	207 
6763	182 
6764	77 
6765	192 
6766	84 
6767	232 
6768	277 
6769	24 
6770	203 
6771	17 
6772	182 
6773	42 
6774	147 
6775	94 
6776	126 
6777	170 
6778	72 
6779	195 
6780	60 
6781	201 
6782	171 
6783	230 
6784	133 
6785	299 
6786	292 
6787	141 
6788	166 
6789	32 
6790	266 
6791	221 
6792	312 
6793	45 
6794	232 
6795	116 
6796	107 
6797	81 
6798	325 
6799	146 
6800	195 
6801	161 
6802	244 
6803	15 
6804	158 
6805	221 
6806	324 
6807	96 
6808	133 
6809	23 
6810	88 
6811	312 
6812	8 
6813	174 
6814	72 
6815	42 
6816	226 
6817	281 
6818	172 
6819	228 
6820	133 
6821	26 
6822	93 
6823	11 
6824	192 
6825	187 
6826	116 
6827	277 
6828	158 
6829	65 
6830	261 
6831	61 
6832	180 
6833	117 
6834	271 
6835	24 
6836	169 
6837	11 
6838	325 
6839	130 
6840	196 
6841	271 
6842	171 
6843	29 
6844	187 
6845	309 
6846	192 
6847	166 
6848	149 
6849	163 
6850	219 
6851	141 
6852	182 
6853	262 
6854	21 
6855	37 
6856	320 
6857	201 
6858	276 
6859	180 
6860	190 
6861	277 
6862	261 
6863	98 
6864	130 
6865	283 
6866	146 
6867	286 
6868	13 
6869	112 
6870	201 
6871	1 
6872	312 
6873	158 
6874	169 
6875	321 
6876	255 
6877	325 
6878	100 
6879	202 
6880	243 
6881	232 
6882	89 
6883	93 
6884	308 
6885	273 
6886	11 
6887	17 
6888	319 
6889	138 
6890	133 
6891	22 
6892	222 
6893	31 
6894	311 
6895	62 
6896	95 
6897	17 
6898	11 
6899	171 
6900	16 
6901	107 
6902	68 
6903	17 
6904	5 
6905	210 
6906	258 
6907	55 
6908	17 
6909	316 
6910	247 
6911	225 
6912	39 
6913	174 
6914	283 
6915	118 
6916	239 
6917	195 
6918	261 
6919	301 
6920	68 
6921	68 
6922	11 
6923	39 
6924	146 
6925	72 
6926	11 
6927	315 
6928	291 
6929	325 
6930	41 
6931	259 
6932	202 
6933	214 
6934	33 
6935	120 
6936	120 
6937	171 
6938	166 
6939	321 
6940	61 
6941	263 
6942	261 
6943	41 
6944	243 
6945	6 
6946	33 
6947	301 
6948	227 
6949	107 
6950	317 
6951	11 
6952	269 
6953	241 
6954	149 
6955	106 
6956	261 
6957	13 
6958	325 
6959	324 
6960	165 
6961	5 
6962	88 
6963	169 
6964	108 
6965	30 
6966	9 
6967	325 
6968	214 
6969	250 
6970	33 
6971	17 
6972	323 
6973	173 
6974	56 
6975	144 
6976	303 
6977	149 
6978	106 
6979	41 
6980	241 
6981	286 
6982	88 
6983	68 
6984	281 
6985	168 
6986	292 
6987	111 
6988	287 
6989	318 
6990	95 
6991	203 
6992	319 
6993	286 
6994	55 
6995	266 
6996	221 
6997	299 
6998	126 
6999	149 
7000	303 
7001	16 
7002	130 
7003	276 
7004	61 
7005	288 
7006	89 
7007	285 
7008	308 
7009	202 
7010	50 
7011	178 
7012	316 
7013	280 
7014	168 
7015	322 
7016	85 
7017	149 
7018	235 
7019	77 
7020	263 
7021	164 
7022	155 
7023	58 
7024	68 
7025	198 
7026	178 
7027	180 
7028	301 
7029	277 
7030	309 
7031	250 
7032	171 
7033	325 
7034	112 
7035	167 
7036	175 
7037	131 
7038	100 
7039	16 
7040	214 
7041	72 
7042	8 
7043	166 
7044	26 
7045	197 
7046	325 
7047	232 
7048	190 
7049	222 
7050	169 
7051	172 
7052	207 
7053	144 
7054	99 
7055	167 
7056	255 
7057	166 
7058	259 
7059	261 
7060	171 
7061	106 
7062	5 
7063	260 
7064	261 
7065	111 
7066	112 
7067	203 
7068	115 
7069	131 
7070	237 
7071	197 
7072	78 
7073	271 
7074	133 
7075	134 
7076	212 
7077	107 
7078	169 
7079	201 
7080	243 
7081	56 
7082	277 
7083	141 
7084	263 
7085	89 
7086	189 
7087	141 
7088	112 
7089	224 
7090	169 
7091	40 
7092	22 
7093	222 
7094	74 
7095	243 
7096	15 
7097	267 
7098	179 
7099	276 
7100	1 
7101	281 
7102	60 
7103	209 
7104	232 
7105	304 
7106	246 
7107	263 
7108	213 
7109	255 
7110	309 
7111	23 
7112	77 
7113	1 
7114	287 
7115	179 
7116	317 
7117	190 
7118	61 
7119	30 
7120	264 
7121	38 
7122	279 
7123	255 
7124	213 
7125	61 
7126	138 
7127	282 
7128	5 
7129	238 
7130	9 
7131	190 
7132	63 
7133	174 
7134	77 
7135	182 
7136	11 
7137	319 
7138	94 
7139	323 
7140	226 
7141	166 
7142	227 
7143	220 
7144	161 
7145	96 
7146	276 
7147	43 
7148	111 
7149	93 
7150	94 
7151	166 
7152	232 
7153	282 
7154	325 
7155	164 
7156	168 
7157	286 
7158	111 
7159	94 
7160	112 
7161	262 
7162	147 
7163	140 
7164	266 
7165	259 
7166	11 
7167	221 
7168	117 
7169	224 
7170	301 
7171	78 
7172	169 
7173	81 
7174	250 
7175	316 
7176	218 
7177	259 
7178	175 
7179	22 
7180	303 
7181	226 
7182	65 
7183	325 
7184	301 
7185	316 
7186	38 
7187	161 
7188	281 
7189	237 
7190	21 
7191	288 
7192	219 
7193	46 
7194	8 
7195	53 
7196	301 
7197	207 
7198	280 
7199	293 
7200	271 
7201	169 
7202	149 
7203	232 
7204	174 
7205	249 
7206	223 
7207	261 
7208	161 
7209	5 
7210	286 
7211	33 
7212	190 
7213	325 
7214	215 
7215	253 
7216	236 
7217	11 
7218	31 
7219	315 
7220	45 
7221	164 
7222	22 
7223	317 
7224	241 
7225	38 
7226	44 
7227	179 
7228	259 
7229	249 
7230	196 
7231	22 
7232	68 
7233	77 
7234	61 
7235	210 
7236	56 
7237	325 
7238	141 
7239	34 
7240	111 
7241	196 
7242	16 
7243	30 
7244	263 
7245	237 
7246	118 
7247	116 
7248	271 
7249	29 
7250	79 
7251	226 
7252	286 
7253	93 
7254	281 
7255	192 
7256	237 
7257	311 
7258	288 
7259	108 
7260	9 
7261	286 
7262	185 
7263	190 
7264	282 
7265	88 
7266	177 
7267	61 
7268	46 
7269	124 
7270	210 
7271	282 
7272	243 
7273	141 
7274	218 
7275	137 
7276	213 
7277	69 
7278	261 
7279	44 
7280	187 
7281	169 
7282	177 
7283	65 
7284	311 
7285	107 
7286	185 
7287	2 
7288	72 
7289	205 
7290	161 
7291	245 
7292	99 
7293	149 
7294	281 
7295	50 
7296	319 
7297	320 
7298	40 
7299	262 
7300	56 
7301	93 
7302	93 
7303	174 
7304	41 
7305	11 
7306	250 
7307	263 
7308	232 
7309	79 
7310	277 
7311	78 
7312	22 
7313	182 
7314	222 
7315	220 
7316	108 
7317	213 
7318	164 
7319	5 
7320	228 
7321	304 
7322	269 
7323	51 
7324	317 
7325	149 
7326	172 
7327	136 
7328	301 
7329	24 
7330	171 
7331	225 
7332	203 
7333	281 
7334	263 
7335	177 
7336	81 
7337	116 
7338	186 
7339	168 
7340	168 
7341	300 
7342	284 
7343	227 
7344	286 
7345	222 
7346	281 
7347	31 
7348	180 
7349	56 
7350	163 
7351	265 
7352	284 
7353	68 
7354	31 
7355	55 
7356	60 
7357	163 
7358	222 
7359	45 
7360	74 
7361	41 
7362	318 
7363	107 
7364	181 
7365	166 
7366	177 
7367	262 
7368	141 
7369	292 
7370	317 
7371	77 
7372	96 
7373	169 
7374	28 
7375	12 
7376	107 
7377	213 
7378	214 
7379	161 
7380	189 
7381	185 
7382	171 
7383	168 
7384	322 
7385	191 
7386	304 
7387	185 
7388	29 
7389	30 
7390	97 
7391	81 
7392	6 
7393	240 
7394	81 
7395	169 
7396	84 
7397	263 
7398	39 
7399	69 
7400	248 
7401	84 
7402	30 
7403	214 
7404	221 
7405	78 
7406	22 
7407	11 
7408	149 
7409	190 
7410	255 
7411	170 
7412	175 
7413	134 
7414	209 
7415	136 
7416	68 
7417	99 
7418	282 
7419	100 
7420	214 
7421	196 
7422	61 
7423	186 
7424	285 
7425	219 
7426	13 
7427	319 
7428	182 
7429	207 
7430	149 
7431	141 
7432	172 
7433	236 
7434	42 
7435	207 
7436	177 
7437	16 
7438	240 
7439	203 
7440	62 
7441	93 
7442	325 
7443	1 
7444	195 
7445	12 
7446	245 
7447	55 
7448	93 
7449	182 
7450	261 
7451	173 
7452	266 
7453	171 
7454	275 
7455	300 
7456	112 
7457	301 
7458	263 
7459	99 
7460	60 
7461	192 
7462	45 
7463	9 
7464	11 
7465	313 
7466	133 
7467	287 
7468	187 
7469	210 
7470	99 
7471	106 
7472	280 
7473	187 
7474	147 
7475	281 
7476	259 
7477	91 
7478	136 
7479	8 
7480	15 
7481	34 
7482	207 
7483	30 
7484	263 
7485	316 
7486	252 
7487	84 
7488	77 
7489	247 
7490	60 
7491	316 
7492	189 
7493	288 
7494	214 
7495	187 
7496	202 
7497	22 
7498	46 
7499	257 
7500	26 
7501	9 
7502	131 
7503	285 
7504	107 
7505	292 
7506	240 
7507	247 
7508	180 
7509	81 
7510	313 
7511	230 
7512	127 
7513	188 
7514	316 
7515	315 
7516	15 
7517	8 
7518	228 
7519	112 
7520	175 
7521	101 
7522	322 
7523	163 
7524	79 
7525	57 
7526	26 
7527	266 
7528	276 
7529	261 
7530	81 
7531	190 
7532	92 
7533	245 
7534	116 
7535	189 
7536	303 
7537	9 
7538	250 
7539	207 
7540	201 
7541	177 
7542	255 
7543	232 
7544	303 
7545	311 
7546	180 
7547	15 
7548	45 
7549	271 
7550	281 
7551	201 
7552	203 
7553	285 
7554	55 
7555	131 
7556	213 
7557	228 
7558	215 
7559	124 
7560	77 
7561	192 
7562	101 
7563	282 
7564	88 
7565	24 
7566	2 
7567	285 
7568	250 
7569	171 
7570	115 
7571	74 
7572	276 
7573	107 
7574	236 
7575	196 
7576	22 
7577	277 
7578	42 
7579	77 
7580	196 
7581	213 
7582	55 
7583	163 
7584	149 
7585	149 
7586	260 
7587	93 
7588	226 
7589	232 
7590	180 
7591	192 
7592	11 
7593	282 
7594	164 
7595	52 
7596	248 
7597	160 
7598	233 
7599	221 
7600	286 
7601	301 
7602	22 
7603	312 
7604	227 
7605	112 
7606	43 
7607	1 
7608	17 
7609	207 
7610	77 
7611	75 
7612	61 
7613	146 
7614	24 
7615	112 
7616	48 
7617	255 
7618	257 
7619	210 
7620	24 
7621	310 
7622	62 
7623	243 
7624	172 
7625	172 
7626	34 
7627	112 
7628	310 
7629	315 
7630	164 
7631	165 
7632	40 
7633	88 
7634	134 
7635	261 
7636	263 
7637	99 
7638	180 
7639	228 
7640	316 
7641	169 
7642	276 
7643	279 
7644	8 
7645	228 
7646	127 
7647	183 
7648	88 
7649	285 
7650	39 
7651	90 
7652	222 
7653	88 
7654	111 
7655	141 
7656	160 
7657	279 
7658	181 
7659	321 
7660	277 
7661	17 
7662	118 
7663	281 
7664	189 
7665	214 
7666	177 
7667	309 
7668	108 
7669	212 
7670	210 
7671	189 
7672	99 
7673	74 
7674	288 
7675	166 
7676	246 
7677	17 
7678	78 
7679	164 
7680	185 
7681	161 
7682	303 
7683	249 
7684	86 
7685	203 
7686	243 
7687	16 
7688	210 
7689	201 
7690	21 
7691	303 
7692	299 
7693	24 
7694	68 
7695	286 
7696	102 
7697	266 
7698	26 
7699	279 
7700	21 
7701	81 
7702	286 
7703	32 
7704	31 
7705	56 
7706	167 
7707	223 
7708	265 
7709	15 
7710	117 
7711	61 
7712	106 
7713	165 
7714	319 
7715	166 
7716	171 
7717	197 
7718	190 
7719	171 
7720	158 
7721	247 
7722	4 
7723	190 
7724	255 
7725	225 
7726	236 
7727	236 
7728	223 
7729	34 
7730	111 
7731	263 
7732	68 
7733	100 
7734	227 
7735	98 
7736	85 
7737	238 
7738	73 
7739	136 
7740	26 
7741	77 
7742	247 
7743	214 
7744	74 
7745	262 
7746	17 
7747	241 
7748	89 
7749	325 
7750	201 
7751	182 
7752	115 
7753	108 
7754	191 
7755	220 
7756	30 
7757	205 
7758	168 
7759	195 
7760	218 
7761	24 
7762	219 
7763	68 
7764	84 
7765	190 
7766	165 
7767	226 
7768	166 
7769	150 
7770	94 
7771	310 
7772	181 
7773	204 
7774	275 
7775	201 
7776	169 
7777	29 
7778	203 
7779	179 
7780	182 
7781	12 
7782	163 
7783	312 
7784	52 
7785	228 
7786	266 
7787	149 
7788	44 
7789	279 
7790	271 
7791	30 
7792	178 
7793	267 
7794	161 
7795	212 
7796	131 
7797	6 
7798	89 
7799	205 
7800	94 
7801	99 
7802	68 
7803	68 
7804	263 
7805	320 
7806	214 
7807	318 
7808	310 
7809	252 
7810	316 
7811	316 
7812	214 
7813	61 
7814	120 
7815	195 
7816	101 
7817	149 
7818	131 
7819	55 
7820	4 
7821	301 
7822	115 
7823	8 
7824	207 
7825	5 
7826	144 
7827	79 
7828	179 
7829	237 
7830	230 
7831	88 
7832	261 
7833	252 
7834	73 
7835	23 
7836	72 
7837	169 
7838	161 
7839	42 
7840	88 
7841	180 
7842	142 
7843	246 
7844	42 
7845	257 
7846	221 
7847	52 
7848	61 
7849	26 
7850	262 
7851	11 
7852	182 
7853	263 
7854	288 
7855	117 
7856	41 
7857	264 
7858	280 
7859	97 
7860	235 
7861	186 
7862	56 
7863	300 
7864	263 
7865	77 
7866	42 
7867	147 
7868	127 
7869	55 
7870	77 
7871	112 
7872	293 
7873	315 
7874	235 
7875	60 
7876	5 
7877	42 
7878	43 
7879	291 
7880	214 
7881	11 
7882	68 
7883	78 
7884	61 
7885	248 
7886	5 
7887	321 
7888	41 
7889	41 
7890	193 
7891	107 
7892	90 
7893	53 
7894	90 
7895	2 
7896	311 
7897	127 
7898	6 
7899	90 
7900	78 
7901	107 
7902	220 
7903	12 
7904	316 
7905	133 
7906	86 
7907	55 
7908	260 
7909	122 
7910	228 
7911	221 
7912	111 
7913	213 
7914	6 
7915	29 
7916	168 
7917	9 
7918	30 
7919	230 
7920	185 
7921	30 
7922	240 
7923	43 
7924	276 
7925	201 
7926	210 
7927	281 
7928	68 
7929	311 
7930	287 
7931	166 
7932	122 
7933	169 
7934	42 
7935	155 
7936	222 
7937	126 
7938	169 
7939	112 
7940	141 
7941	316 
7942	189 
7943	97 
7944	313 
7945	247 
7946	318 
7947	214 
7948	84 
7949	146 
7950	223 
7951	235 
7952	210 
7953	81 
7954	180 
7955	259 
7956	179 
7957	282 
7958	243 
7959	177 
7960	277 
7961	171 
7962	281 
7963	50 
7964	155 
7965	204 
7966	62 
7967	147 
7968	292 
7969	149 
7970	15 
7971	111 
7972	262 
7973	178 
7974	88 
7975	9 
7976	169 
7977	42 
7978	134 
7979	16 
7980	210 
7981	4 
7982	141 
7983	166 
7984	325 
7985	288 
7986	230 
7987	9 
7988	126 
7989	77 
7990	94 
7991	9 
7992	180 
7993	180 
7994	147 
7995	77 
7996	90 
7997	169 
7998	195 
7999	271 
8000	311 
8001	131 
8002	316 
8003	204 
8004	215 
8005	192 
8006	249 
8007	77 
8008	185 
8009	145 
8010	190 
8011	279 
8012	166 
8013	94 
8014	300 
8015	99 
8016	261 
8017	320 
8018	115 
8019	88 
8020	186 
8021	149 
8022	168 
8023	17 
8024	33 
8025	51 
8026	94 
8027	149 
8028	116 
8029	146 
8030	163 
8031	150 
8032	286 
8033	228 
8034	65 
8035	179 
8036	89 
8037	130 
8038	44 
8039	303 
8040	133 
8041	26 
8042	131 
8043	266 
8044	288 
8045	39 
8046	280 
8047	214 
8048	94 
8049	317 
8050	86 
8051	147 
8052	41 
8053	9 
8054	43 
8055	286 
8056	68 
8057	39 
8058	182 
8059	169 
8060	131 
8061	22 
8062	42 
8063	142 
8064	300 
8065	31 
8066	235 
8067	213 
8068	279 
8069	182 
8070	281 
8071	141 
8072	214 
8073	232 
8074	160 
8075	89 
8076	232 
8077	16 
8078	311 
8079	223 
8080	168 
8081	42 
8082	226 
8083	24 
8084	248 
8085	236 
8086	77 
8087	101 
8088	303 
8089	225 
8090	263 
8091	292 
8092	5 
8093	285 
8094	42 
8095	34 
8096	134 
8097	141 
8098	185 
8099	182 
8100	292 
8101	44 
8102	61 
8103	164 
8104	146 
8105	271 
8106	131 
8107	196 
8108	73 
8109	90 
8110	17 
8111	293 
8112	321 
8113	237 
8114	182 
8115	165 
8116	22 
8117	169 
8118	22 
8119	68 
8120	318 
8121	131 
8122	81 
8123	149 
8124	164 
8125	78 
8126	315 
8127	1 
8128	185 
8129	43 
8130	147 
8131	9 
8132	250 
8133	107 
8134	77 
8135	147 
8136	134 
8137	116 
8138	201 
8139	77 
8140	240 
8141	30 
8142	16 
8143	171 
8144	284 
8145	193 
8146	145 
8147	319 
8148	169 
8149	126 
8150	88 
8151	190 
8152	223 
8153	89 
8154	11 
8155	16 
8156	43 
8157	287 
8158	97 
8159	213 
8160	45 
8161	56 
8162	321 
8163	61 
8164	89 
8165	169 
8166	237 
8167	58 
8168	127 
8169	316 
8170	89 
8171	131 
8172	193 
8173	99 
8174	38 
8175	173 
8176	319 
8177	239 
8178	112 
8179	166 
8180	94 
8181	303 
8182	169 
8183	58 
8184	38 
8185	190 
8186	106 
8187	325 
8188	112 
8189	24 
8190	141 
8191	316 
8192	112 
8193	89 
8194	150 
8195	81 
8196	44 
8197	152 
8198	77 
8199	42 
8200	152 
8201	192 
8202	213 
8203	163 
8204	299 
8205	61 
8206	46 
8207	22 
8208	161 
8209	90 
8210	107 
8211	325 
8212	21 
8213	255 
8214	68 
8215	172 
8216	86 
8217	189 
8218	5 
8219	9 
8220	311 
8221	247 
8222	56 
8223	169 
8224	80 
8225	263 
8226	16 
8227	232 
8228	145 
8229	89 
8230	50 
8231	56 
8232	1 
8233	165 
8234	77 
8235	44 
8236	112 
8237	303 
8238	33 
8239	261 
8240	189 
8241	172 
8242	224 
8243	188 
8244	204 
8245	215 
8246	89 
8247	40 
8248	262 
8249	126 
8250	51 
8251	131 
8252	315 
8253	265 
8254	149 
8255	226 
8256	310 
8257	85 
8258	316 
8259	250 
8260	80 
8261	139 
8262	210 
8263	63 
8264	225 
8265	90 
8266	183 
8267	225 
8268	182 
8269	222 
8270	203 
8271	88 
8272	185 
8273	166 
8274	183 
8275	285 
8276	311 
8277	17 
8278	202 
8279	202 
8280	232 
8281	325 
8282	227 
8283	218 
8284	310 
8285	38 
8286	86 
8287	45 
8288	5 
8289	182 
8290	145 
8291	261 
8292	117 
8293	293 
8294	90 
8295	182 
8296	16 
8297	226 
8298	150 
8299	12 
8300	181 
8301	74 
8302	214 
8303	140 
8304	172 
8305	9 
8306	263 
8307	263 
8308	193 
8309	116 
8310	230 
8311	227 
8312	69 
8313	213 
8314	311 
8315	164 
8316	5 
8317	115 
8318	155 
8319	81 
8320	87 
8321	301 
8322	68 
8323	291 
8324	141 
8325	89 
8326	310 
8327	318 
8328	236 
8329	30 
8330	169 
8331	99 
8332	167 
8333	64 
8334	311 
8335	141 
8336	279 
8337	169 
8338	255 
8339	275 
8340	161 
8341	133 
8342	215 
8343	161 
8344	22 
8345	266 
8346	8 
8347	106 
8348	34 
8349	311 
8350	167 
8351	30 
8352	179 
8353	293 
8354	79 
8355	219 
8356	110 
8357	192 
8358	261 
8359	247 
8360	94 
8361	181 
8362	239 
8363	262 
8364	245 
8365	187 
8366	187 
8367	12 
8368	209 
8369	87 
8370	86 
8371	9 
8372	161 
8373	1 
8374	319 
8375	172 
8376	155 
8377	97 
8378	275 
8379	243 
8380	271 
8381	88 
8382	223 
8383	318 
8384	255 
8385	22 
8386	202 
8387	303 
8388	69 
8389	228 
8390	281 
8391	17 
8392	282 
8393	186 
8394	26 
8395	232 
8396	111 
8397	203 
8398	17 
8399	285 
8400	288 
8401	42 
8402	171 
8403	240 
8404	147 
8405	93 
8406	58 
8407	107 
8408	56 
8409	223 
8410	17 
8411	189 
8412	26 
8413	316 
8414	21 
8415	175 
8416	185 
8417	11 
8418	112 
8419	50 
8420	155 
8421	45 
8422	192 
8423	276 
8424	80 
8425	227 
8426	99 
8427	263 
8428	175 
8429	320 
8430	177 
8431	197 
8432	213 
8433	161 
8434	310 
8435	279 
8436	276 
8437	315 
8438	255 
8439	288 
8440	68 
8441	193 
8442	292 
8443	89 
8444	108 
8445	106 
8446	293 
8447	136 
8448	88 
8449	165 
8450	178 
8451	280 
8452	325 
8453	221 
8454	74 
8455	40 
8456	38 
8457	62 
8458	174 
8459	325 
8460	180 
8461	186 
8462	250 
8463	266 
8464	319 
8465	50 
8466	316 
8467	293 
8468	89 
8469	79 
8470	261 
8471	180 
8472	17 
8473	226 
8474	325 
8475	161 
8476	72 
8477	284 
8478	227 
8479	227 
8480	4 
8481	325 
8482	84 
8483	79 
8484	285 
8485	266 
8486	147 
8487	167 
8488	94 
8489	179 
8490	62 
8491	131 
8492	56 
8493	263 
8494	111 
8495	285 
8496	221 
8497	196 
8498	33 
8499	261 
8500	106 
8501	243 
8502	190 
8503	222 
8504	186 
8505	213 
8506	309 
8507	42 
8508	288 
8509	172 
8510	171 
8511	219 
8512	42 
8513	9 
8514	293 
8515	161 
8516	24 
8517	185 
8518	147 
8519	237 
8520	213 
8521	223 
8522	282 
8523	136 
8524	63 
8525	41 
8526	201 
8527	292 
8528	111 
8529	178 
8530	288 
8531	303 
8532	240 
8533	56 
8534	147 
8535	167 
8536	279 
8537	169 
8538	185 
8539	186 
8540	149 
8541	263 
8542	221 
8543	201 
8544	130 
8545	116 
8546	260 
8547	227 
8548	180 
8549	97 
8550	250 
8551	185 
8552	207 
8553	89 
8554	22 
8555	84 
8556	288 
8557	43 
8558	141 
8559	161 
8560	21 
8561	22 
8562	236 
8563	74 
8564	133 
8565	287 
8566	245 
8567	292 
8568	193 
8569	185 
8570	12 
8571	53 
8572	100 
8573	185 
8574	316 
8575	97 
8576	325 
8577	316 
8578	186 
8579	185 
8580	149 
8581	33 
8582	112 
8583	127 
8584	61 
8585	112 
8586	69 
8587	88 
8588	17 
8589	1 
8590	88 
8591	144 
8592	90 
8593	237 
8594	236 
8595	161 
8596	182 
8597	95 
8598	117 
8599	267 
8600	65 
8601	163 
8602	285 
8603	196 
8604	11 
8605	169 
8606	189 
8607	210 
8608	41 
8609	90 
8610	161 
8611	240 
8612	55 
8613	95 
8614	267 
8615	187 
8616	214 
8617	309 
8618	187 
8619	315 
8620	107 
8621	266 
8622	161 
8623	45 
8624	120 
8625	111 
8626	226 
8627	78 
8628	112 
8629	201 
8630	164 
8631	38 
8632	201 
8633	166 
8634	241 
8635	106 
8636	147 
8637	286 
8638	12 
8639	178 
8640	142 
8641	53 
8642	281 
8643	136 
8644	81 
8645	218 
8646	202 
8647	181 
8648	265 
8649	68 
8650	73 
8651	252 
8652	90 
8653	266 
8654	77 
8655	168 
8656	225 
8657	232 
8658	276 
8659	187 
8660	43 
8661	241 
8662	175 
8663	239 
8664	81 
8665	60 
8666	261 
8667	60 
8668	203 
8669	68 
8670	81 
8671	236 
8672	303 
8673	133 
8674	271 
8675	164 
8676	16 
8677	111 
8678	9 
8679	51 
8680	228 
8681	167 
8682	112 
8683	261 
8684	93 
8685	213 
8686	181 
8687	210 
8688	243 
8689	77 
8690	281 
8691	189 
8692	227 
8693	252 
8694	263 
8695	136 
8696	77 
8697	255 
8698	171 
8699	285 
8700	182 
8701	196 
8702	186 
8703	11 
8704	197 
8705	149 
8706	44 
8707	182 
8708	203 
8709	1 
8710	84 
8711	207 
8712	77 
8713	228 
8714	169 
8715	146 
8716	111 
8717	180 
8718	145 
8719	4 
8720	11 
8721	316 
8722	150 
8723	139 
8724	214 
8725	213 
8726	241 
8727	81 
8728	149 
8729	311 
8730	319 
8731	112 
8732	210 
8733	9 
8734	94 
8735	89 
8736	281 
8737	11 
8738	89 
8739	182 
8740	141 
8741	64 
8742	116 
8743	9 
8744	230 
8745	228 
8746	144 
8747	196 
8748	77 
8749	130 
8750	171 
8751	53 
8752	227 
8753	4 
8754	236 
8755	16 
8756	131 
8757	185 
8758	74 
8759	15 
8760	61 
8761	42 
8762	165 
8763	112 
8764	186 
8765	236 
8766	50 
8767	74 
8768	232 
8769	203 
8770	168 
8771	44 
8772	288 
8773	180 
8774	311 
8775	136 
8776	81 
8777	196 
8778	21 
8779	169 
8780	93 
8781	169 
8782	243 
8783	271 
8784	280 
8785	84 
8786	147 
8787	146 
8788	243 
8789	22 
8790	26 
8791	17 
8792	195 
8793	141 
8794	134 
8795	24 
8796	99 
8797	38 
8798	263 
8799	261 
8800	81 
8801	271 
8802	107 
8803	320 
8804	185 
8805	311 
8806	30 
8807	261 
8808	38 
8809	261 
8810	62 
8811	131 
8812	228 
8813	301 
8814	174 
8815	175 
8816	247 
8817	17 
8818	165 
8819	12 
8820	146 
8821	277 
8822	266 
8823	111 
8824	185 
8825	149 
8826	186 
8827	77 
8828	214 
8829	287 
8830	24 
8831	196 
8832	22 
8833	88 
8834	222 
8835	84 
8836	167 
8837	5 
8838	182 
8839	260 
8840	16 
8841	149 
8842	279 
8843	90 
8844	43 
8845	214 
8846	316 
8847	84 
8848	225 
8849	42 
8850	22 
8851	9 
8852	99 
8853	8 
8854	266 
8855	182 
8856	245 
8857	201 
8858	182 
8859	284 
8860	189 
8861	263 
8862	201 
8863	252 
8864	221 
8865	164 
8866	255 
8867	107 
8868	260 
8869	41 
8870	134 
8871	195 
8872	77 
8873	192 
8874	112 
8875	16 
8876	16 
8877	8 
8878	303 
8879	11 
8880	167 
8881	38 
8882	230 
8883	116 
8884	163 
8885	34 
8886	107 
8887	197 
8888	30 
8889	312 
8890	68 
8891	321 
8892	280 
8893	1 
8894	261 
8895	321 
8896	8 
8897	81 
8898	279 
8899	226 
8900	53 
8901	116 
8902	93 
8903	165 
8904	277 
8905	33 
8906	284 
8907	26 
8908	311 
8909	163 
8910	107 
8911	90 
8912	84 
8913	16 
8914	179 
8915	78 
8916	93 
8917	279 
8918	321 
8919	175 
8920	30 
8921	248 
8922	1 
8923	45 
8924	30 
8925	43 
8926	26 
8927	141 
8928	213 
8929	17 
8930	321 
8931	44 
8932	288 
8933	325 
8934	262 
8935	171 
8936	276 
8937	12 
8938	301 
8939	43 
8940	311 
8941	12 
8942	1 
8943	237 
8944	72 
8945	149 
8946	41 
8947	192 
8948	4 
8949	17 
8950	30 
8951	319 
8952	266 
8953	6 
8954	68 
8955	315 
8956	236 
8957	34 
8958	130 
8959	130 
8960	44 
8961	202 
8962	106 
8963	21 
8964	81 
8965	1 
8966	11 
8967	255 
8968	11 
8969	232 
8970	207 
8971	192 
8972	255 
8973	141 
8974	239 
8975	287 
8976	45 
8977	261 
8978	293 
8979	171 
8980	111 
8981	44 
8982	26 
8983	197 
8984	77 
8985	169 
8986	228 
8987	180 
8988	260 
8989	150 
8990	252 
8991	168 
8992	169 
8993	1 
8994	134 
8995	237 
8996	9 
8997	5 
8998	230 
8999	131 
9000	325 
9001	39 
9002	192 
9003	30 
9004	262 
9005	115 
9006	88 
9007	260 
9008	232 
9009	239 
9010	210 
9011	185 
9012	117 
9013	88 
9014	101 
9015	165 
9016	288 
9017	131 
9018	210 
9019	280 
9020	293 
9021	255 
9022	164 
9023	88 
9024	175 
9025	42 
9026	5 
9027	68 
9028	12 
9029	16 
9030	141 
9031	180 
9032	62 
9033	228 
9034	255 
9035	201 
9036	16 
9037	163 
9038	12 
9039	232 
9040	112 
9041	185 
9042	108 
9043	74 
9044	175 
9045	180 
9046	175 
9047	181 
9048	38 
9049	282 
9050	90 
9051	263 
9052	172 
9053	68 
9054	164 
9055	171 
9056	78 
9057	201 
9058	74 
9059	169 
9060	279 
9061	41 
9062	286 
9063	201 
9064	42 
9065	288 
9066	99 
9067	84 
9068	321 
9069	316 
9070	77 
9071	250 
9072	325 
9073	88 
9074	81 
9075	93 
9076	195 
9077	210 
9078	88 
9079	276 
9080	161 
9081	5 
9082	225 
9083	161 
9084	277 
9085	56 
9086	141 
9087	116 
9088	214 
9089	62 
9090	243 
9091	213 
9092	84 
9093	88 
9094	77 
9095	89 
9096	282 
9097	286 
9098	180 
9099	175 
9100	168 
9101	325 
9102	281 
9103	195 
9104	175 
9105	286 
9106	183 
9107	311 
9108	149 
9109	42 
9110	9 
9111	99 
9112	1 
9113	9 
9114	279 
9115	286 
9116	149 
9117	165 
9118	61 
9119	9 
9120	89 
9121	285 
9122	319 
9123	171 
9124	192 
9125	88 
9126	175 
9127	81 
9128	163 
9129	247 
9130	245 
9131	301 
9132	232 
9133	101 
9134	77 
9135	175 
9136	16 
9137	263 
9138	101 
9139	185 
9140	279 
9141	112 
9142	149 
9143	84 
9144	61 
9145	301 
9146	34 
9147	210 
9148	17 
9149	56 
9150	287 
9151	192 
9152	180 
9153	112 
9154	168 
9155	243 
9156	30 
9157	180 
9158	261 
9159	213 
9160	17 
9161	281 
9162	282 
9163	108 
9164	44 
9165	22 
9166	22 
9167	68 
9168	316 
9169	5 
9170	44 
9171	41 
9172	165 
9173	250 
9174	282 
9175	1 
9176	51 
9177	149 
9178	90 
9179	108 
9180	81 
9181	260 
9182	164 
9183	271 
9184	84 
9185	263 
9186	310 
9187	237 
9188	276 
9189	101 
9190	301 
9191	147 
9192	165 
9193	141 
9194	163 
9195	171 
9196	266 
9197	325 
9198	301 
9199	210 
9200	255 
9201	130 
9202	43 
9203	24 
9204	315 
9205	89 
9206	141 
9207	279 
9208	250 
9209	16 
9210	149 
9211	94 
9212	45 
9213	108 
9214	16 
9215	22 
9216	131 
9217	84 
9218	161 
9219	301 
9220	17 
9221	285 
9222	11 
9223	9 
9224	133 
9225	44 
9226	247 
9227	38 
9228	81 
9229	131 
9230	286 
9231	183 
9232	319 
9233	93 
9234	325 
9235	84 
9236	147 
9237	42 
9238	292 
9239	263 
9240	115 
9241	276 
9242	166 
9243	77 
9244	62 
9245	325 
9246	88 
9247	81 
9248	171 
9249	277 
9250	68 
9251	210 
9252	311 
9253	201 
9254	89 
9255	30 
9256	8 
9257	261 
9258	112 
9259	169 
9260	210 
9261	169 
9262	107 
9263	319 
9264	207 
9265	319 
9266	301 
9267	293 
9268	94 
9269	77 
9270	318 
9271	301 
9272	90 
9273	131 
9274	243 
9275	9 
9276	226 
9277	81 
9278	186 
9279	182 
9280	230 
9281	88 
9282	26 
9283	141 
9284	221 
9285	319 
9286	93 
9287	237 
9288	8 
9289	141 
9290	88 
9291	240 
9292	68 
9293	167 
9294	133 
9295	62 
9296	311 
9297	303 
9298	69 
9299	311 
9300	321 
9301	111 
9302	325 
9303	77 
9304	321 
9305	223 
9306	90 
9307	26 
9308	316 
9309	78 
9310	182 
9311	29 
9312	45 
9313	316 
9314	147 
9315	55 
9316	186 
9317	89 
9318	61 
9319	281 
9320	187 
9321	316 
9322	133 
9323	68 
9324	320 
9325	223 
9326	112 
9327	316 
9328	60 
9329	165 
9330	93 
9331	271 
9332	33 
9333	245 
9334	41 
9335	285 
9336	196 
9337	11 
9338	210 
9339	90 
9340	33 
9341	15 
9342	1 
9343	261 
9344	236 
9345	116 
9346	11 
9347	112 
9348	38 
9349	316 
9350	284 
9351	262 
9352	316 
9353	247 
9354	243 
9355	292 
9356	316 
9357	279 
9358	130 
9359	116 
9360	141 
9361	26 
9362	11 
9363	161 
9364	182 
9365	42 
9366	276 
9367	168 
9368	26 
9369	201 
9370	186 
9371	316 
9372	5 
9373	325 
9374	190 
9375	280 
9376	214 
9377	301 
9378	185 
9379	282 
9380	168 
9381	167 
9382	281 
9383	89 
9384	316 
9385	250 
9386	41 
9387	226 
9388	284 
9389	53 
9390	141 
9391	279 
9392	281 
9393	243 
9394	301 
9395	243 
9396	38 
9397	214 
9398	115 
9399	99 
9400	263 
9401	9 
9402	213 
9403	183 
9404	180 
9405	201 
9406	172 
9407	107 
9408	276 
9409	88 
9410	261 
9411	99 
9412	115 
9413	227 
9414	190 
9415	130 
9416	106 
9417	284 
9418	180 
9419	230 
9420	8 
9421	225 
9422	180 
9423	11 
9424	285 
9425	213 
9426	141 
9427	149 
9428	5 
9429	201 
9430	12 
9431	1 
9432	277 
9433	62 
9434	261 
9435	181 
9436	255 
9437	227 
9438	51 
9439	93 
9440	166 
9441	42 
9442	77 
9443	175 
9444	182 
9445	189 
9446	134 
9447	221 
9448	187 
9449	261 
9450	240 
9451	112 
9452	147 
9453	107 
9454	236 
9455	201 
9456	164 
9457	321 
9458	319 
9459	183 
9460	9 
9461	131 
9462	77 
9463	89 
9464	301 
9465	1 
9466	286 
9467	147 
9468	185 
9469	5 
9470	311 
9471	221 
9472	210 
9473	227 
9474	228 
9475	93 
9476	325 
9477	180 
9478	5 
9479	1 
9480	301 
9481	213 
9482	22 
9483	112 
9484	8 
9485	166 
9486	319 
9487	180 
9488	149 
9489	165 
9490	226 
9491	84 
9492	38 
9493	134 
9494	164 
9495	68 
9496	301 
9497	81 
9498	266 
9499	280 
9500	42 
9501	225 
9502	227 
9503	26 
9504	168 
9505	61 
9506	116 
9507	8 
9508	261 
9509	166 
9510	223 
9511	56 
9512	282 
9513	325 
9514	214 
9515	316 
9516	316 
9517	213 
9518	255 
9519	161 
9520	189 
9521	112 
9522	261 
9523	255 
9524	79 
9525	285 
9526	255 
9527	227 
9528	325 
9529	106 
9530	68 
9531	263 
9532	24 
9533	169 
9534	21 
9535	286 
9536	44 
9537	321 
9538	168 
9539	134 
9540	116 
9541	261 
9542	1 
9543	89 
9544	77 
9545	161 
9546	222 
9547	81 
9548	232 
9549	42 
9550	11 
9551	108 
9552	81 
9553	221 
9554	62 
9555	271 
9556	9 
9557	149 
9558	17 
9559	78 
9560	141 
9561	90 
9562	250 
9563	30 
9564	90 
9565	261 
9566	22 
9567	130 
9568	189 
9569	185 
9570	78 
9571	12 
9572	141 
9573	203 
9574	81 
9575	22 
9576	116 
9577	81 
9578	261 
9579	236 
9580	287 
9581	108 
9582	141 
9583	201 
9584	34 
9585	192 
9586	134 
9587	11 
9588	262 
9589	190 
9590	26 
9591	94 
9592	68 
9593	255 
9594	78 
9595	236 
9596	202 
9597	210 
9598	30 
9599	44 
9600	134 
9601	141 
9602	131 
9603	232 
9604	68 
9605	131 
9606	21 
9607	262 
9608	202 
9609	255 
9610	141 
9611	276 
9612	106 
9613	202 
9614	131 
9615	116 
9616	180 
9617	277 
9618	277 
9619	263 
9620	77 
9621	247 
9622	281 
9623	9 
9624	164 
9625	221 
9626	62 
9627	189 
9628	261 
9629	255 
9630	210 
9631	310 
9632	316 
9633	232 
9634	172 
9635	261 
9636	286 
9637	167 
9638	9 
9639	147 
9640	243 
9641	182 
9642	81 
9643	88 
9644	301 
9645	223 
9646	90 
9647	167 
9648	301 
9649	141 
9650	26 
9651	281 
9652	281 
9653	11 
9654	228 
9655	30 
9656	292 
9657	78 
9658	42 
9659	210 
9660	147 
9661	30 
9662	22 
9663	11 
9664	161 
9665	282 
9666	68 
9667	112 
9668	213 
9669	250 
9670	210 
9671	116 
9672	161 
9673	228 
9674	303 
9675	11 
9676	11 
9677	166 
9678	147 
9679	22 
9680	285 
9681	225 
9682	166 
9683	325 
9684	167 
9685	185 
9686	311 
9687	116 
9688	171 
9689	74 
9690	131 
9691	11 
9692	168 
9693	225 
9694	99 
9695	201 
9696	149 
9697	228 
9698	5 
9699	180 
9700	17 
9701	303 
9702	315 
9703	77 
9704	62 
9705	325 
9706	276 
9707	282 
9708	84 
9709	180 
9710	9 
9711	116 
9712	161 
9713	180 
9714	99 
9715	281 
9716	161 
9717	201 
9718	94 
9719	17 
9720	279 
9721	131 
9722	22 
9723	161 
9724	169 
9725	285 
9726	266 
9727	201 
9728	203 
9729	89 
9730	26 
9731	236 
9732	325 
9733	8 
9734	89 
9735	325 
9736	301 
9737	164 
9738	316 
9739	90 
9740	282 
9741	43 
9742	236 
9743	43 
9744	228 
9745	42 
9746	56 
9747	134 
9748	190 
9749	261 
9750	228 
9751	213 
9752	316 
9753	202 
9754	147 
9755	116 
9756	321 
9757	68 
9758	325 
9759	131 
9760	147 
9761	175 
9762	171 
9763	38 
9764	62 
9765	167 
9766	78 
9767	213 
9768	61 
9769	285 
9770	56 
9771	167 
9772	266 
9773	30 
9774	24 
9775	286 
9776	226 
9777	9 
9778	303 
9779	214 
9780	93 
9781	228 
9782	116 
9783	167 
9784	301 
9785	166 
9786	17 
9787	89 
9788	106 
9789	62 
9790	279 
9791	236 
9792	78 
9793	147 
9794	316 
9795	279 
9796	1 
9797	107 
9798	210 
9799	5 
9800	116 
9801	281 
9802	165 
9803	255 
9804	243 
9805	61 
9806	22 
9807	243 
9808	149 
9809	325 
9810	169 
9811	16 
9812	81 
9813	301 
9814	93 
9815	38 
9816	62 
9817	288 
9818	9 
9819	62 
9820	185 
9821	141 
9822	285 
9823	182 
9824	316 
9825	77 
9826	221 
9827	141 
9828	286 
9829	30 
9830	89 
9831	261 
9832	17 
9833	164 
9834	164 
9835	243 
9836	74 
9837	84 
9838	301 
9839	213 
9840	149 
9841	228 
9842	311 
9843	90 
9844	17 
9845	166 
9846	38 
9847	213 
9848	225 
9849	149 
9850	77 
9851	286 
9852	8 
9853	1 
9854	149 
9855	61 
9856	261 
9857	17 
9858	171 
9859	88 
9860	99 
9861	192 
9862	210 
9863	26 
9864	213 
9865	311 
9866	11 
9867	61 
9868	276 
9869	78 
9870	134 
9871	261 
9872	11 
9873	74 
9874	93 
9875	161 
9876	232 
9877	68 
9878	30 
9879	93 
9880	112 
9881	319 
9882	106 
9883	89 
9884	77 
9885	228 
9886	1 
9887	301 
9888	210 
9889	165 
9890	106 
9891	210 
9892	116 
9893	321 
9894	149 
9895	185 
9896	266 
9897	303 
9898	213 
9899	192 
9900	236 
9901	68 
9902	250 
9903	84 
9904	26 
9905	167 
9906	266 
9907	236 
9908	16 
9909	134 
9910	228 
9911	16 
9912	214 
9913	250 
9914	301 
9915	228 
9916	263 
9917	243 
9918	255 
9919	90 
9920	90 
9921	161 
9922	192 
9923	11 
9924	11 
9925	149 
9926	5 
9927	185 
9928	255 
9929	182 
9930	165 
9931	9 
9932	88 
9933	171 
9934	84 
9935	116 
9936	167 
9937	17 
9938	232 
9939	22 
9940	213 
9941	81 
9942	131 
9943	22 
9944	42 
9945	285 
9946	147 
9947	131 
9948	243 
9949	255 
9950	61 
9951	99 
9952	279 
9953	99 
9954	316 
9955	171 
9956	182 
9957	185 
9958	22 
9959	89 
9960	250 
9961	182 
9962	210 
9963	68 
9964	167 
9965	1 
9966	171 
9967	81 
9968	1 
9969	281 
9970	81 
9971	166 
9972	93 
9973	171 
9974	255 
9975	88 
9976	286 
9977	213 
9978	167 
9979	261 
9980	201 
9981	311 
9982	301 
9983	214 
9984	131 
9985	81 
9986	250 
9987	261 
9988	325 
9989	22 
9990	301 
9991	210 
9992	11 
9993	213 
9994	68 
9995	236 
9996	250 
9997	232 
9998	180 
9999	180 
10000	9 
