1	164 
2	153 
3	68 
4	208 
5	273 
6	188 
7	289 
8	239 
9	110 
10	99 
11	65 
12	120 
13	287 
14	128 
15	261 
16	266 
17	46 
18	58 
19	264 
20	13 
21	220 
22	71 
23	39 
24	156 
25	178 
26	182 
27	197 
28	111 
29	74 
30	165 
31	224 
32	209 
33	162 
34	67 
35	7 
36	105 
37	8 
38	40 
39	119 
40	219 
41	202 
42	155 
43	44 
44	69 
45	232 
46	137 
47	216 
48	37 
49	234 
50	141 
51	255 
52	177 
53	15 
54	181 
55	92 
56	160 
57	130 
58	136 
59	118 
60	7 
61	157 
62	178 
63	291 
64	44 
65	93 
66	244 
67	233 
68	273 
69	153 
70	228 
71	121 
72	28 
73	232 
74	230 
75	266 
76	180 
77	132 
78	238 
79	263 
80	206 
81	198 
82	282 
83	99 
84	162 
85	143 
86	290 
87	207 
88	288 
89	142 
90	73 
91	161 
92	227 
93	92 
94	178 
95	1 
96	142 
97	72 
98	135 
99	156 
100	280 
101	247 
102	252 
103	192 
104	53 
105	87 
106	77 
107	49 
108	86 
109	20 
110	60 
111	92 
112	234 
113	169 
114	242 
115	16 
116	197 
117	126 
118	155 
119	181 
120	45 
121	141 
122	102 
123	103 
124	48 
125	282 
126	1 
127	91 
128	193 
129	133 
130	43 
131	271 
132	178 
133	160 
134	1 
135	105 
136	243 
137	245 
138	201 
139	246 
140	26 
141	14 
142	47 
143	177 
144	263 
145	73 
146	180 
147	81 
148	52 
149	263 
150	192 
151	10 
152	26 
153	227 
154	283 
155	116 
156	218 
157	234 
158	228 
159	250 
160	265 
161	270 
162	57 
163	211 
164	74 
165	150 
166	79 
167	257 
168	5 
169	5 
170	88 
171	93 
172	138 
173	59 
174	54 
175	84 
176	250 
177	153 
178	134 
179	148 
180	12 
181	27 
182	48 
183	257 
184	186 
185	32 
186	18 
187	210 
188	212 
189	272 
190	56 
191	23 
192	289 
193	65 
194	114 
195	131 
196	270 
197	117 
198	111 
199	141 
200	34 
201	1 
202	81 
203	57 
204	162 
205	285 
206	247 
207	238 
208	182 
209	117 
210	171 
211	33 
212	130 
213	146 
214	245 
215	109 
216	253 
217	24 
218	241 
219	149 
220	147 
221	111 
222	240 
223	40 
224	84 
225	83 
226	247 
227	17 
228	94 
229	16 
230	97 
231	140 
232	276 
233	215 
234	266 
235	109 
236	260 
237	123 
238	256 
239	164 
240	121 
241	173 
242	133 
243	71 
244	80 
245	182 
246	112 
247	161 
248	102 
249	76 
250	242 
251	109 
252	1 
253	204 
254	115 
255	143 
256	205 
257	231 
258	244 
259	141 
260	66 
261	192 
262	223 
263	288 
264	36 
265	215 
266	62 
267	106 
268	15 
269	206 
270	181 
271	184 
272	20 
273	46 
274	101 
275	192 
276	11 
277	27 
278	195 
279	84 
280	117 
281	152 
282	29 
283	246 
284	51 
285	221 
286	183 
287	128 
288	148 
289	272 
290	201 
291	123 
292	79 
293	194 
294	178 
295	119 
296	49 
297	258 
298	180 
299	83 
300	267 
301	158 
302	250 
303	7 
304	102 
305	281 
306	230 
307	45 
308	20 
309	184 
310	49 
311	110 
312	133 
313	236 
314	62 
315	264 
316	212 
317	142 
318	287 
319	117 
320	172 
321	18 
322	176 
323	28 
324	151 
325	174 
326	69 
327	60 
328	217 
329	219 
330	75 
331	244 
332	286 
333	45 
334	181 
335	61 
336	177 
337	103 
338	226 
339	272 
340	72 
341	141 
342	97 
343	119 
344	54 
345	76 
346	218 
347	131 
348	226 
349	218 
350	261 
351	203 
352	243 
353	92 
354	239 
355	292 
356	127 
357	123 
358	237 
359	28 
360	173 
361	127 
362	95 
363	118 
364	11 
365	281 
366	112 
367	227 
368	198 
369	83 
370	38 
371	181 
372	41 
373	108 
374	205 
375	260 
376	140 
377	77 
378	202 
379	149 
380	259 
381	1 
382	276 
383	138 
384	42 
385	246 
386	126 
387	176 
388	264 
389	10 
390	242 
391	223 
392	205 
393	238 
394	247 
395	3 
396	165 
397	60 
398	245 
399	197 
400	139 
401	275 
402	284 
403	135 
404	135 
405	190 
406	74 
407	34 
408	46 
409	172 
410	128 
411	78 
412	61 
413	72 
414	7 
415	273 
416	204 
417	179 
418	213 
419	120 
420	134 
421	209 
422	230 
423	94 
424	284 
425	40 
426	134 
427	22 
428	269 
429	78 
430	219 
431	256 
432	192 
433	165 
434	215 
435	223 
436	177 
437	277 
438	104 
439	154 
440	103 
441	170 
442	58 
443	150 
444	34 
445	164 
446	166 
447	269 
448	175 
449	11 
450	11 
451	247 
452	15 
453	260 
454	286 
455	55 
456	32 
457	102 
458	147 
459	29 
460	270 
461	159 
462	87 
463	227 
464	105 
465	277 
466	84 
467	28 
468	128 
469	65 
470	57 
471	103 
472	291 
473	137 
474	224 
475	118 
476	175 
477	56 
478	155 
479	133 
480	225 
481	81 
482	15 
483	188 
484	185 
485	133 
486	177 
487	159 
488	196 
489	244 
490	74 
491	166 
492	286 
493	246 
494	67 
495	268 
496	123 
497	241 
498	29 
499	150 
500	223 
501	93 
502	59 
503	55 
504	242 
505	244 
506	174 
507	278 
508	190 
509	97 
510	96 
511	33 
512	191 
513	243 
514	258 
515	25 
516	174 
517	277 
518	209 
519	182 
520	13 
521	237 
522	251 
523	38 
524	78 
525	159 
526	190 
527	199 
528	112 
529	292 
530	199 
531	130 
532	193 
533	187 
534	13 
535	16 
536	20 
537	8 
538	140 
539	52 
540	115 
541	134 
542	283 
543	171 
544	178 
545	163 
546	229 
547	206 
548	3 
549	291 
550	105 
551	104 
552	46 
553	145 
554	193 
555	58 
556	202 
557	126 
558	85 
559	149 
560	225 
561	77 
562	155 
563	246 
564	109 
565	74 
566	255 
567	254 
568	178 
569	24 
570	138 
571	254 
572	208 
573	1 
574	246 
575	128 
576	193 
577	149 
578	48 
579	222 
580	94 
581	37 
582	19 
583	95 
584	145 
585	242 
586	281 
587	42 
588	289 
589	53 
590	177 
591	258 
592	17 
593	254 
594	254 
595	242 
596	162 
597	262 
598	62 
599	118 
600	204 
601	287 
602	266 
603	73 
604	241 
605	216 
606	238 
607	241 
608	282 
609	102 
610	66 
611	281 
612	124 
613	176 
614	212 
615	82 
616	82 
617	148 
618	218 
619	45 
620	262 
621	84 
622	67 
623	114 
624	85 
625	254 
626	263 
627	246 
628	127 
629	17 
630	108 
631	133 
632	168 
633	48 
634	6 
635	200 
636	48 
637	49 
638	49 
639	197 
640	19 
641	201 
642	49 
643	48 
644	123 
645	98 
646	128 
647	1 
648	133 
649	84 
650	203 
651	222 
652	121 
653	207 
654	182 
655	219 
656	116 
657	281 
658	39 
659	97 
660	255 
661	237 
662	117 
663	83 
664	211 
665	152 
666	120 
667	104 
668	183 
669	210 
670	118 
671	205 
672	103 
673	195 
674	278 
675	93 
676	230 
677	165 
678	229 
679	228 
680	240 
681	22 
682	214 
683	264 
684	193 
685	167 
686	112 
687	274 
688	125 
689	67 
690	73 
691	213 
692	252 
693	244 
694	51 
695	287 
696	231 
697	159 
698	23 
699	166 
700	67 
701	36 
702	153 
703	116 
704	176 
705	133 
706	86 
707	20 
708	282 
709	44 
710	55 
711	27 
712	104 
713	144 
714	156 
715	78 
716	177 
717	146 
718	33 
719	233 
720	142 
721	262 
722	233 
723	101 
724	90 
725	188 
726	72 
727	118 
728	10 
729	203 
730	21 
731	241 
732	159 
733	255 
734	229 
735	81 
736	207 
737	29 
738	289 
739	114 
740	61 
741	49 
742	162 
743	274 
744	94 
745	245 
746	9 
747	128 
748	99 
749	182 
750	150 
751	170 
752	231 
753	36 
754	74 
755	165 
756	197 
757	41 
758	204 
759	288 
760	292 
761	127 
762	216 
763	178 
764	182 
765	125 
766	144 
767	57 
768	249 
769	57 
770	154 
771	241 
772	275 
773	7 
774	141 
775	110 
776	78 
777	214 
778	215 
779	162 
780	171 
781	3 
782	62 
783	274 
784	154 
785	260 
786	153 
787	87 
788	123 
789	182 
790	195 
791	136 
792	95 
793	122 
794	192 
795	6 
796	190 
797	174 
798	114 
799	144 
800	134 
801	106 
802	145 
803	56 
804	268 
805	187 
806	205 
807	267 
808	33 
809	177 
810	18 
811	31 
812	214 
813	276 
814	167 
815	145 
816	287 
817	223 
818	63 
819	247 
820	93 
821	106 
822	43 
823	114 
824	175 
825	142 
826	277 
827	12 
828	10 
829	202 
830	66 
831	237 
832	160 
833	37 
834	1 
835	108 
836	198 
837	13 
838	251 
839	279 
840	189 
841	226 
842	260 
843	212 
844	129 
845	89 
846	153 
847	152 
848	221 
849	44 
850	125 
851	34 
852	34 
853	97 
854	84 
855	41 
856	132 
857	136 
858	8 
859	52 
860	226 
861	136 
862	264 
863	28 
864	261 
865	75 
866	194 
867	120 
868	84 
869	150 
870	189 
871	234 
872	153 
873	253 
874	59 
875	67 
876	123 
877	16 
878	121 
879	182 
880	65 
881	169 
882	190 
883	27 
884	64 
885	7 
886	247 
887	167 
888	34 
889	53 
890	217 
891	170 
892	164 
893	191 
894	170 
895	215 
896	288 
897	216 
898	252 
899	185 
900	85 
901	269 
902	162 
903	136 
904	46 
905	204 
906	68 
907	44 
908	139 
909	92 
910	94 
911	123 
912	285 
913	276 
914	8 
915	125 
916	54 
917	110 
918	163 
919	237 
920	172 
921	72 
922	216 
923	188 
924	69 
925	68 
926	49 
927	193 
928	201 
929	139 
930	234 
931	113 
932	129 
933	79 
934	61 
935	203 
936	103 
937	103 
938	47 
939	54 
940	285 
941	176 
942	227 
943	40 
944	68 
945	93 
946	54 
947	153 
948	277 
949	151 
950	159 
951	44 
952	10 
953	147 
954	24 
955	264 
956	35 
957	272 
958	151 
959	108 
960	77 
961	196 
962	275 
963	132 
964	164 
965	66 
966	243 
967	270 
968	59 
969	11 
970	144 
971	180 
972	49 
973	227 
974	270 
975	31 
976	160 
977	214 
978	60 
979	175 
980	212 
981	119 
982	134 
983	205 
984	188 
985	21 
986	107 
987	276 
988	51 
989	240 
990	65 
991	210 
992	13 
993	287 
994	104 
995	43 
996	276 
997	124 
998	115 
999	116 
1000	15 
1001	81 
1002	38 
1003	246 
1004	191 
1005	82 
1006	235 
1007	70 
1008	188 
1009	181 
1010	212 
1011	281 
1012	206 
1013	233 
1014	131 
1015	30 
1016	9 
1017	230 
1018	81 
1019	78 
1020	190 
1021	286 
1022	117 
1023	180 
1024	86 
1025	139 
1026	195 
1027	85 
1028	126 
1029	211 
1030	140 
1031	114 
1032	263 
1033	189 
1034	269 
1035	30 
1036	130 
1037	85 
1038	97 
1039	269 
1040	187 
1041	269 
1042	267 
1043	182 
1044	110 
1045	12 
1046	24 
1047	121 
1048	83 
1049	255 
1050	190 
1051	232 
1052	228 
1053	39 
1054	231 
1055	183 
1056	162 
1057	178 
1058	46 
1059	223 
1060	235 
1061	198 
1062	179 
1063	76 
1064	242 
1065	198 
1066	154 
1067	260 
1068	107 
1069	31 
1070	173 
1071	282 
1072	43 
1073	110 
1074	13 
1075	262 
1076	12 
1077	23 
1078	147 
1079	229 
1080	19 
1081	106 
1082	12 
1083	155 
1084	279 
1085	212 
1086	223 
1087	172 
1088	212 
1089	106 
1090	154 
1091	91 
1092	279 
1093	229 
1094	146 
1095	131 
1096	15 
1097	134 
1098	211 
1099	100 
1100	49 
1101	8 
1102	276 
1103	88 
1104	79 
1105	280 
1106	288 
1107	73 
1108	170 
1109	50 
1110	151 
1111	184 
1112	7 
1113	255 
1114	268 
1115	267 
1116	272 
1117	136 
1118	143 
1119	151 
1120	107 
1121	167 
1122	215 
1123	205 
1124	23 
1125	32 
1126	122 
1127	228 
1128	252 
1129	213 
1130	202 
1131	45 
1132	246 
1133	103 
1134	82 
1135	22 
1136	291 
1137	81 
1138	162 
1139	145 
1140	168 
1141	8 
1142	129 
1143	126 
1144	271 
1145	64 
1146	149 
1147	290 
1148	100 
1149	221 
1150	248 
1151	25 
1152	48 
1153	242 
1154	77 
1155	259 
1156	13 
1157	19 
1158	237 
1159	124 
1160	76 
1161	138 
1162	99 
1163	58 
1164	151 
1165	47 
1166	252 
1167	7 
1168	104 
1169	261 
1170	147 
1171	111 
1172	291 
1173	190 
1174	235 
1175	207 
1176	70 
1177	54 
1178	38 
1179	280 
1180	42 
1181	56 
1182	197 
1183	7 
1184	99 
1185	89 
1186	107 
1187	270 
1188	139 
1189	274 
1190	264 
1191	102 
1192	249 
1193	4 
1194	20 
1195	170 
1196	65 
1197	188 
1198	182 
1199	171 
1200	253 
1201	191 
1202	61 
1203	15 
1204	93 
1205	255 
1206	42 
1207	210 
1208	234 
1209	191 
1210	106 
1211	16 
1212	103 
1213	163 
1214	120 
1215	289 
1216	90 
1217	202 
1218	273 
1219	18 
1220	261 
1221	251 
1222	206 
1223	247 
1224	119 
1225	82 
1226	211 
1227	160 
1228	235 
1229	98 
1230	231 
1231	251 
1232	37 
1233	219 
1234	229 
1235	233 
1236	55 
1237	181 
1238	53 
1239	85 
1240	138 
1241	96 
1242	225 
1243	100 
1244	129 
1245	102 
1246	126 
1247	263 
1248	235 
1249	82 
1250	75 
1251	225 
1252	203 
1253	108 
1254	116 
1255	88 
1256	254 
1257	220 
1258	187 
1259	273 
1260	174 
1261	266 
1262	2 
1263	291 
1264	148 
1265	219 
1266	79 
1267	291 
1268	259 
1269	233 
1270	142 
1271	79 
1272	37 
1273	102 
1274	279 
1275	24 
1276	29 
1277	29 
1278	37 
1279	130 
1280	51 
1281	76 
1282	120 
1283	78 
1284	19 
1285	95 
1286	172 
1287	291 
1288	90 
1289	20 
1290	220 
1291	70 
1292	22 
1293	129 
1294	48 
1295	253 
1296	129 
1297	105 
1298	71 
1299	170 
1300	264 
1301	213 
1302	38 
1303	162 
1304	61 
1305	166 
1306	163 
1307	207 
1308	33 
1309	230 
1310	262 
1311	97 
1312	254 
1313	68 
1314	236 
1315	249 
1316	205 
1317	201 
1318	169 
1319	82 
1320	184 
1321	1 
1322	214 
1323	81 
1324	44 
1325	54 
1326	50 
1327	167 
1328	9 
1329	53 
1330	176 
1331	233 
1332	155 
1333	171 
1334	289 
1335	190 
1336	118 
1337	272 
1338	151 
1339	102 
1340	104 
1341	167 
1342	156 
1343	49 
1344	208 
1345	230 
1346	280 
1347	292 
1348	35 
1349	52 
1350	37 
1351	166 
1352	1 
1353	118 
1354	231 
1355	115 
1356	184 
1357	157 
1358	125 
1359	262 
1360	95 
1361	247 
1362	106 
1363	41 
1364	47 
1365	236 
1366	254 
1367	259 
1368	269 
1369	281 
1370	38 
1371	183 
1372	176 
1373	71 
1374	193 
1375	98 
1376	84 
1377	69 
1378	20 
1379	134 
1380	239 
1381	152 
1382	125 
1383	163 
1384	178 
1385	182 
1386	47 
1387	140 
1388	48 
1389	62 
1390	286 
1391	164 
1392	180 
1393	153 
1394	195 
1395	122 
1396	3 
1397	74 
1398	5 
1399	11 
1400	123 
1401	74 
1402	127 
1403	249 
1404	281 
1405	207 
1406	266 
1407	82 
1408	93 
1409	292 
1410	77 
1411	275 
1412	42 
1413	220 
1414	132 
1415	123 
1416	158 
1417	48 
1418	172 
1419	164 
1420	187 
1421	187 
1422	6 
1423	97 
1424	266 
1425	290 
1426	4 
1427	4 
1428	25 
1429	32 
1430	214 
1431	244 
1432	264 
1433	228 
1434	57 
1435	268 
1436	227 
1437	81 
1438	191 
1439	182 
1440	256 
1441	20 
1442	216 
1443	229 
1444	249 
1445	214 
1446	60 
1447	135 
1448	230 
1449	61 
1450	30 
1451	11 
1452	122 
1453	188 
1454	250 
1455	13 
1456	289 
1457	76 
1458	122 
1459	33 
1460	166 
1461	19 
1462	113 
1463	198 
1464	187 
1465	63 
1466	185 
1467	4 
1468	94 
1469	131 
1470	38 
1471	166 
1472	156 
1473	144 
1474	261 
1475	266 
1476	159 
1477	167 
1478	22 
1479	198 
1480	246 
1481	4 
1482	256 
1483	248 
1484	143 
1485	112 
1486	53 
1487	219 
1488	55 
1489	194 
1490	82 
1491	287 
1492	198 
1493	108 
1494	144 
1495	14 
1496	27 
1497	133 
1498	191 
1499	45 
1500	264 
1501	194 
1502	91 
1503	106 
1504	143 
1505	240 
1506	200 
1507	204 
1508	11 
1509	149 
1510	271 
1511	33 
1512	67 
1513	174 
1514	264 
1515	231 
1516	222 
1517	261 
1518	276 
1519	86 
1520	51 
1521	218 
1522	190 
1523	33 
1524	186 
1525	220 
1526	40 
1527	123 
1528	23 
1529	10 
1530	176 
1531	58 
1532	173 
1533	194 
1534	131 
1535	75 
1536	208 
1537	108 
1538	281 
1539	11 
1540	12 
1541	206 
1542	229 
1543	60 
1544	187 
1545	266 
1546	275 
1547	18 
1548	221 
1549	68 
1550	51 
1551	231 
1552	174 
1553	88 
1554	66 
1555	160 
1556	259 
1557	68 
1558	220 
1559	44 
1560	6 
1561	157 
1562	201 
1563	121 
1564	37 
1565	168 
1566	256 
1567	177 
1568	241 
1569	121 
1570	207 
1571	286 
1572	152 
1573	268 
1574	90 
1575	203 
1576	285 
1577	228 
1578	211 
1579	58 
1580	68 
1581	271 
1582	102 
1583	33 
1584	57 
1585	264 
1586	88 
1587	11 
1588	195 
1589	276 
1590	160 
1591	69 
1592	147 
1593	233 
1594	69 
1595	57 
1596	172 
1597	239 
1598	5 
1599	265 
1600	266 
1601	248 
1602	47 
1603	209 
1604	36 
1605	244 
1606	34 
1607	285 
1608	277 
1609	155 
1610	149 
1611	157 
1612	266 
1613	274 
1614	20 
1615	192 
1616	13 
1617	247 
1618	255 
1619	2 
1620	13 
1621	180 
1622	190 
1623	245 
1624	130 
1625	157 
1626	281 
1627	255 
1628	127 
1629	197 
1630	179 
1631	185 
1632	245 
1633	98 
1634	26 
1635	197 
1636	24 
1637	15 
1638	200 
1639	103 
1640	213 
1641	181 
1642	165 
1643	262 
1644	264 
1645	155 
1646	220 
1647	70 
1648	35 
1649	84 
1650	105 
1651	139 
1652	283 
1653	104 
1654	195 
1655	98 
1656	171 
1657	90 
1658	60 
1659	113 
1660	117 
1661	126 
1662	81 
1663	234 
1664	159 
1665	83 
1666	29 
1667	254 
1668	142 
1669	289 
1670	41 
1671	193 
1672	133 
1673	37 
1674	107 
1675	240 
1676	157 
1677	174 
1678	267 
1679	149 
1680	3 
1681	277 
1682	129 
1683	21 
1684	219 
1685	149 
1686	146 
1687	5 
1688	32 
1689	33 
1690	199 
1691	246 
1692	48 
1693	199 
1694	190 
1695	135 
1696	199 
1697	18 
1698	144 
1699	219 
1700	212 
1701	52 
1702	124 
1703	267 
1704	102 
1705	40 
1706	11 
1707	2 
1708	24 
1709	267 
1710	127 
1711	291 
1712	19 
1713	283 
1714	266 
1715	1 
1716	194 
1717	246 
1718	78 
1719	224 
1720	118 
1721	59 
1722	62 
1723	76 
1724	53 
1725	216 
1726	66 
1727	180 
1728	275 
1729	271 
1730	38 
1731	160 
1732	79 
1733	7 
1734	134 
1735	238 
1736	96 
1737	22 
1738	150 
1739	10 
1740	124 
1741	256 
1742	49 
1743	115 
1744	226 
1745	290 
1746	43 
1747	241 
1748	42 
1749	80 
1750	179 
1751	81 
1752	15 
1753	99 
1754	21 
1755	32 
1756	8 
1757	92 
1758	44 
1759	290 
1760	95 
1761	124 
1762	258 
1763	32 
1764	291 
1765	136 
1766	45 
1767	57 
1768	256 
1769	290 
1770	53 
1771	93 
1772	3 
1773	146 
1774	252 
1775	65 
1776	219 
1777	15 
1778	174 
1779	17 
1780	131 
1781	14 
1782	269 
1783	229 
1784	71 
1785	159 
1786	264 
1787	292 
1788	7 
1789	207 
1790	91 
1791	168 
1792	99 
1793	67 
1794	133 
1795	20 
1796	127 
1797	151 
1798	282 
1799	196 
1800	21 
1801	106 
1802	289 
1803	172 
1804	233 
1805	49 
1806	132 
1807	129 
1808	179 
1809	33 
1810	234 
1811	76 
1812	218 
1813	154 
1814	206 
1815	45 
1816	76 
1817	8 
1818	183 
1819	128 
1820	78 
1821	126 
1822	118 
1823	102 
1824	59 
1825	100 
1826	77 
1827	148 
1828	151 
1829	13 
1830	100 
1831	224 
1832	190 
1833	33 
1834	246 
1835	288 
1836	217 
1837	273 
1838	79 
1839	180 
1840	220 
1841	111 
1842	195 
1843	209 
1844	238 
1845	11 
1846	1 
1847	228 
1848	31 
1849	10 
1850	150 
1851	172 
1852	19 
1853	178 
1854	195 
1855	5 
1856	166 
1857	123 
1858	282 
1859	75 
1860	41 
1861	226 
1862	12 
1863	135 
1864	94 
1865	213 
1866	155 
1867	237 
1868	196 
1869	163 
1870	116 
1871	84 
1872	22 
1873	122 
1874	187 
1875	192 
1876	275 
1877	236 
1878	48 
1879	54 
1880	55 
1881	45 
1882	138 
1883	121 
1884	105 
1885	185 
1886	119 
1887	26 
1888	286 
1889	274 
1890	213 
1891	196 
1892	253 
1893	232 
1894	15 
1895	216 
1896	23 
1897	64 
1898	167 
1899	219 
1900	167 
1901	27 
1902	98 
1903	29 
1904	73 
1905	285 
1906	78 
1907	45 
1908	70 
1909	236 
1910	157 
1911	145 
1912	226 
1913	276 
1914	254 
1915	77 
1916	169 
1917	172 
1918	160 
1919	213 
1920	237 
1921	150 
1922	45 
1923	175 
1924	175 
1925	36 
1926	245 
1927	85 
1928	280 
1929	48 
1930	160 
1931	264 
1932	224 
1933	277 
1934	282 
1935	78 
1936	83 
1937	137 
1938	283 
1939	159 
1940	197 
1941	270 
1942	24 
1943	286 
1944	221 
1945	99 
1946	6 
1947	58 
1948	65 
1949	219 
1950	35 
1951	49 
1952	279 
1953	13 
1954	84 
1955	191 
1956	67 
1957	157 
1958	158 
1959	154 
1960	259 
1961	1 
1962	192 
1963	292 
1964	36 
1965	69 
1966	188 
1967	110 
1968	4 
1969	195 
1970	7 
1971	264 
1972	242 
1973	75 
1974	108 
1975	84 
1976	78 
1977	56 
1978	46 
1979	161 
1980	7 
1981	262 
1982	236 
1983	23 
1984	86 
1985	289 
1986	247 
1987	175 
1988	118 
1989	266 
1990	112 
1991	157 
1992	90 
1993	173 
1994	63 
1995	170 
1996	116 
1997	56 
1998	123 
1999	112 
2000	169 
2001	159 
2002	257 
2003	265 
2004	105 
2005	237 
2006	175 
2007	168 
2008	142 
2009	173 
2010	174 
2011	41 
2012	242 
2013	148 
2014	158 
2015	221 
2016	137 
2017	158 
2018	16 
2019	50 
2020	73 
2021	219 
2022	181 
2023	97 
2024	102 
2025	93 
2026	276 
2027	70 
2028	243 
2029	245 
2030	68 
2031	251 
2032	281 
2033	178 
2034	278 
2035	129 
2036	154 
2037	33 
2038	184 
2039	183 
2040	31 
2041	135 
2042	275 
2043	154 
2044	121 
2045	169 
2046	156 
2047	218 
2048	235 
2049	66 
2050	211 
2051	155 
2052	237 
2053	15 
2054	116 
2055	18 
2056	292 
2057	154 
2058	208 
2059	231 
2060	114 
2061	201 
2062	108 
2063	61 
2064	206 
2065	60 
2066	193 
2067	188 
2068	235 
2069	181 
2070	243 
2071	215 
2072	127 
2073	46 
2074	285 
2075	111 
2076	206 
2077	143 
2078	157 
2079	90 
2080	204 
2081	248 
2082	238 
2083	111 
2084	233 
2085	152 
2086	131 
2087	239 
2088	6 
2089	205 
2090	91 
2091	110 
2092	196 
2093	116 
2094	223 
2095	74 
2096	260 
2097	175 
2098	290 
2099	121 
2100	141 
2101	91 
2102	174 
2103	283 
2104	268 
2105	58 
2106	260 
2107	228 
2108	72 
2109	19 
2110	276 
2111	281 
2112	276 
2113	115 
2114	127 
2115	51 
2116	287 
2117	32 
2118	187 
2119	159 
2120	142 
2121	223 
2122	227 
2123	210 
2124	243 
2125	73 
2126	208 
2127	286 
2128	5 
2129	41 
2130	291 
2131	78 
2132	230 
2133	6 
2134	161 
2135	65 
2136	157 
2137	51 
2138	33 
2139	179 
2140	45 
2141	292 
2142	65 
2143	103 
2144	103 
2145	162 
2146	272 
2147	18 
2148	182 
2149	243 
2150	224 
2151	213 
2152	17 
2153	67 
2154	216 
2155	20 
2156	288 
2157	216 
2158	269 
2159	183 
2160	268 
2161	268 
2162	71 
2163	13 
2164	275 
2165	59 
2166	76 
2167	189 
2168	79 
2169	69 
2170	187 
2171	70 
2172	87 
2173	236 
2174	95 
2175	49 
2176	200 
2177	3 
2178	255 
2179	206 
2180	109 
2181	151 
2182	73 
2183	183 
2184	217 
2185	17 
2186	88 
2187	159 
2188	3 
2189	73 
2190	92 
2191	210 
2192	92 
2193	266 
2194	14 
2195	284 
2196	134 
2197	193 
2198	266 
2199	39 
2200	96 
2201	73 
2202	198 
2203	140 
2204	102 
2205	278 
2206	151 
2207	2 
2208	4 
2209	63 
2210	35 
2211	275 
2212	45 
2213	76 
2214	274 
2215	182 
2216	99 
2217	68 
2218	225 
2219	92 
2220	245 
2221	24 
2222	110 
2223	23 
2224	182 
2225	253 
2226	106 
2227	67 
2228	257 
2229	88 
2230	279 
2231	47 
2232	253 
2233	42 
2234	149 
2235	116 
2236	243 
2237	174 
2238	248 
2239	227 
2240	182 
2241	12 
2242	135 
2243	291 
2244	3 
2245	272 
2246	182 
2247	279 
2248	39 
2249	126 
2250	56 
2251	253 
2252	246 
2253	145 
2254	200 
2255	148 
2256	192 
2257	234 
2258	170 
2259	204 
2260	27 
2261	65 
2262	219 
2263	258 
2264	39 
2265	232 
2266	231 
2267	189 
2268	60 
2269	25 
2270	154 
2271	136 
2272	1 
2273	70 
2274	190 
2275	136 
2276	249 
2277	55 
2278	160 
2279	26 
2280	172 
2281	55 
2282	270 
2283	127 
2284	238 
2285	97 
2286	243 
2287	130 
2288	270 
2289	147 
2290	20 
2291	268 
2292	77 
2293	240 
2294	106 
2295	162 
2296	128 
2297	133 
2298	147 
2299	31 
2300	73 
2301	174 
2302	263 
2303	171 
2304	290 
2305	257 
2306	205 
2307	61 
2308	85 
2309	192 
2310	233 
2311	200 
2312	159 
2313	133 
2314	42 
2315	41 
2316	182 
2317	50 
2318	42 
2319	42 
2320	163 
2321	238 
2322	169 
2323	15 
2324	170 
2325	41 
2326	235 
2327	95 
2328	217 
2329	17 
2330	203 
2331	252 
2332	2 
2333	212 
2334	252 
2335	36 
2336	191 
2337	126 
2338	198 
2339	239 
2340	86 
2341	134 
2342	197 
2343	258 
2344	33 
2345	199 
2346	41 
2347	161 
2348	241 
2349	143 
2350	170 
2351	168 
2352	207 
2353	192 
2354	265 
2355	98 
2356	220 
2357	12 
2358	179 
2359	137 
2360	235 
2361	79 
2362	143 
2363	129 
2364	113 
2365	120 
2366	8 
2367	142 
2368	218 
2369	236 
2370	195 
2371	195 
2372	278 
2373	235 
2374	116 
2375	4 
2376	72 
2377	73 
2378	51 
2379	273 
2380	144 
2381	215 
2382	252 
2383	290 
2384	61 
2385	62 
2386	158 
2387	106 
2388	34 
2389	261 
2390	237 
2391	37 
2392	264 
2393	106 
2394	1 
2395	233 
2396	70 
2397	117 
2398	281 
2399	260 
2400	81 
2401	18 
2402	221 
2403	75 
2404	119 
2405	197 
2406	63 
2407	167 
2408	261 
2409	244 
2410	174 
2411	104 
2412	211 
2413	88 
2414	3 
2415	272 
2416	145 
2417	87 
2418	264 
2419	182 
2420	202 
2421	57 
2422	77 
2423	63 
2424	4 
2425	280 
2426	192 
2427	157 
2428	61 
2429	259 
2430	54 
2431	218 
2432	136 
2433	133 
2434	174 
2435	116 
2436	241 
2437	171 
2438	281 
2439	255 
2440	159 
2441	275 
2442	124 
2443	116 
2444	132 
2445	143 
2446	57 
2447	285 
2448	143 
2449	97 
2450	36 
2451	127 
2452	138 
2453	22 
2454	146 
2455	248 
2456	234 
2457	141 
2458	208 
2459	173 
2460	246 
2461	94 
2462	19 
2463	179 
2464	83 
2465	245 
2466	162 
2467	195 
2468	59 
2469	284 
2470	167 
2471	113 
2472	123 
2473	275 
2474	115 
2475	149 
2476	186 
2477	245 
2478	15 
2479	134 
2480	289 
2481	52 
2482	24 
2483	89 
2484	119 
2485	108 
2486	112 
2487	14 
2488	41 
2489	250 
2490	188 
2491	143 
2492	180 
2493	81 
2494	287 
2495	146 
2496	180 
2497	27 
2498	206 
2499	164 
2500	21 
2501	74 
2502	80 
2503	240 
2504	121 
2505	83 
2506	86 
2507	55 
2508	140 
2509	242 
2510	207 
2511	246 
2512	142 
2513	203 
2514	137 
2515	281 
2516	279 
2517	215 
2518	30 
2519	271 
2520	172 
2521	179 
2522	38 
2523	145 
2524	237 
2525	141 
2526	93 
2527	146 
2528	10 
2529	223 
2530	251 
2531	146 
2532	251 
2533	272 
2534	128 
2535	109 
2536	210 
2537	15 
2538	251 
2539	165 
2540	263 
2541	145 
2542	288 
2543	37 
2544	172 
2545	165 
2546	100 
2547	147 
2548	265 
2549	106 
2550	264 
2551	276 
2552	41 
2553	267 
2554	147 
2555	172 
2556	39 
2557	122 
2558	15 
2559	289 
2560	78 
2561	160 
2562	3 
2563	96 
2564	54 
2565	235 
2566	45 
2567	243 
2568	195 
2569	292 
2570	50 
2571	248 
2572	171 
2573	266 
2574	246 
2575	63 
2576	137 
2577	58 
2578	255 
2579	106 
2580	63 
2581	88 
2582	32 
2583	45 
2584	112 
2585	44 
2586	177 
2587	31 
2588	98 
2589	258 
2590	188 
2591	187 
2592	151 
2593	234 
2594	291 
2595	87 
2596	232 
2597	113 
2598	213 
2599	41 
2600	31 
2601	187 
2602	87 
2603	128 
2604	238 
2605	179 
2606	8 
2607	277 
2608	285 
2609	57 
2610	223 
2611	35 
2612	127 
2613	35 
2614	276 
2615	192 
2616	198 
2617	15 
2618	21 
2619	173 
2620	45 
2621	50 
2622	17 
2623	198 
2624	16 
2625	224 
2626	81 
2627	276 
2628	13 
2629	269 
2630	27 
2631	114 
2632	267 
2633	48 
2634	20 
2635	175 
2636	207 
2637	206 
2638	109 
2639	28 
2640	211 
2641	219 
2642	138 
2643	157 
2644	117 
2645	111 
2646	282 
2647	111 
2648	115 
2649	221 
2650	118 
2651	210 
2652	145 
2653	121 
2654	63 
2655	72 
2656	133 
2657	200 
2658	23 
2659	179 
2660	185 
2661	276 
2662	32 
2663	25 
2664	35 
2665	122 
2666	225 
2667	91 
2668	251 
2669	275 
2670	80 
2671	187 
2672	59 
2673	275 
2674	104 
2675	260 
2676	188 
2677	138 
2678	167 
2679	33 
2680	291 
2681	15 
2682	155 
2683	265 
2684	40 
2685	111 
2686	33 
2687	141 
2688	8 
2689	26 
2690	183 
2691	242 
2692	171 
2693	171 
2694	73 
2695	116 
2696	133 
2697	209 
2698	53 
2699	175 
2700	180 
2701	75 
2702	208 
2703	85 
2704	227 
2705	102 
2706	136 
2707	125 
2708	139 
2709	108 
2710	240 
2711	32 
2712	161 
2713	241 
2714	204 
2715	281 
2716	114 
2717	170 
2718	198 
2719	110 
2720	161 
2721	234 
2722	66 
2723	136 
2724	29 
2725	208 
2726	173 
2727	45 
2728	84 
2729	80 
2730	287 
2731	22 
2732	266 
2733	46 
2734	211 
2735	41 
2736	85 
2737	40 
2738	119 
2739	287 
2740	182 
2741	259 
2742	9 
2743	32 
2744	124 
2745	252 
2746	267 
2747	164 
2748	176 
2749	89 
2750	198 
2751	54 
2752	225 
2753	172 
2754	268 
2755	174 
2756	187 
2757	73 
2758	192 
2759	277 
2760	3 
2761	74 
2762	4 
2763	275 
2764	106 
2765	234 
2766	5 
2767	284 
2768	182 
2769	218 
2770	246 
2771	238 
2772	199 
2773	105 
2774	88 
2775	93 
2776	258 
2777	110 
2778	267 
2779	238 
2780	98 
2781	26 
2782	258 
2783	3 
2784	284 
2785	172 
2786	83 
2787	213 
2788	122 
2789	35 
2790	132 
2791	80 
2792	279 
2793	49 
2794	241 
2795	30 
2796	142 
2797	12 
2798	70 
2799	29 
2800	283 
2801	116 
2802	279 
2803	287 
2804	138 
2805	38 
2806	24 
2807	4 
2808	86 
2809	154 
2810	25 
2811	171 
2812	248 
2813	259 
2814	65 
2815	276 
2816	168 
2817	178 
2818	34 
2819	138 
2820	29 
2821	7 
2822	211 
2823	247 
2824	155 
2825	263 
2826	262 
2827	17 
2828	69 
2829	44 
2830	158 
2831	139 
2832	54 
2833	163 
2834	209 
2835	122 
2836	243 
2837	216 
2838	246 
2839	139 
2840	170 
2841	114 
2842	32 
2843	40 
2844	238 
2845	189 
2846	129 
2847	151 
2848	30 
2849	258 
2850	82 
2851	97 
2852	119 
2853	10 
2854	168 
2855	34 
2856	209 
2857	229 
2858	45 
2859	207 
2860	125 
2861	233 
2862	213 
2863	129 
2864	236 
2865	251 
2866	133 
2867	102 
2868	107 
2869	60 
2870	221 
2871	235 
2872	109 
2873	46 
2874	54 
2875	72 
2876	18 
2877	92 
2878	187 
2879	3 
2880	39 
2881	286 
2882	210 
2883	158 
2884	266 
2885	20 
2886	77 
2887	95 
2888	95 
2889	80 
2890	109 
2891	277 
2892	182 
2893	266 
2894	162 
2895	197 
2896	172 
2897	171 
2898	172 
2899	51 
2900	78 
2901	39 
2902	103 
2903	183 
2904	26 
2905	132 
2906	150 
2907	95 
2908	266 
2909	222 
2910	263 
2911	163 
2912	159 
2913	141 
2914	102 
2915	241 
2916	50 
2917	263 
2918	59 
2919	229 
2920	286 
2921	241 
2922	63 
2923	121 
2924	29 
2925	47 
2926	188 
2927	120 
2928	26 
2929	7 
2930	105 
2931	67 
2932	270 
2933	248 
2934	182 
2935	223 
2936	114 
2937	160 
2938	83 
2939	175 
2940	52 
2941	287 
2942	239 
2943	73 
2944	287 
2945	238 
2946	144 
2947	238 
2948	43 
2949	157 
2950	202 
2951	253 
2952	265 
2953	166 
2954	49 
2955	20 
2956	148 
2957	9 
2958	74 
2959	24 
2960	61 
2961	8 
2962	83 
2963	205 
2964	71 
2965	149 
2966	238 
2967	51 
2968	180 
2969	264 
2970	112 
2971	125 
2972	176 
2973	182 
2974	125 
2975	45 
2976	57 
2977	2 
2978	73 
2979	216 
2980	116 
2981	54 
2982	210 
2983	281 
2984	202 
2985	210 
2986	144 
2987	17 
2988	32 
2989	204 
2990	243 
2991	139 
2992	263 
2993	116 
2994	271 
2995	26 
2996	229 
2997	81 
2998	26 
2999	263 
3000	123 
3001	41 
3002	228 
3003	108 
3004	204 
3005	87 
3006	9 
3007	89 
3008	111 
3009	61 
3010	37 
3011	199 
3012	171 
3013	252 
3014	261 
3015	13 
3016	182 
3017	77 
3018	53 
3019	188 
3020	166 
3021	60 
3022	110 
3023	120 
3024	110 
3025	278 
3026	139 
3027	100 
3028	273 
3029	228 
3030	144 
3031	103 
3032	257 
3033	228 
3034	226 
3035	100 
3036	187 
3037	45 
3038	75 
3039	274 
3040	63 
3041	61 
3042	257 
3043	202 
3044	268 
3045	43 
3046	217 
3047	199 
3048	62 
3049	127 
3050	227 
3051	32 
3052	2 
3053	238 
3054	174 
3055	280 
3056	13 
3057	178 
3058	72 
3059	52 
3060	156 
3061	263 
3062	116 
3063	149 
3064	1 
3065	25 
3066	73 
3067	20 
3068	163 
3069	214 
3070	181 
3071	239 
3072	6 
3073	253 
3074	144 
3075	163 
3076	123 
3077	92 
3078	195 
3079	82 
3080	292 
3081	240 
3082	267 
3083	161 
3084	148 
3085	120 
3086	262 
3087	182 
3088	117 
3089	256 
3090	107 
3091	145 
3092	140 
3093	34 
3094	171 
3095	127 
3096	94 
3097	121 
3098	64 
3099	203 
3100	32 
3101	42 
3102	97 
3103	220 
3104	108 
3105	218 
3106	146 
3107	211 
3108	253 
3109	111 
3110	138 
3111	54 
3112	163 
3113	129 
3114	133 
3115	84 
3116	109 
3117	175 
3118	75 
3119	85 
3120	241 
3121	144 
3122	273 
3123	150 
3124	199 
3125	285 
3126	95 
3127	5 
3128	198 
3129	163 
3130	71 
3131	14 
3132	24 
3133	182 
3134	170 
3135	75 
3136	119 
3137	278 
3138	176 
3139	146 
3140	290 
3141	268 
3142	15 
3143	202 
3144	147 
3145	245 
3146	194 
3147	190 
3148	156 
3149	22 
3150	281 
3151	280 
3152	65 
3153	149 
3154	115 
3155	69 
3156	36 
3157	205 
3158	40 
3159	165 
3160	283 
3161	262 
3162	189 
3163	289 
3164	12 
3165	273 
3166	185 
3167	84 
3168	151 
3169	164 
3170	108 
3171	221 
3172	66 
3173	140 
3174	107 
3175	148 
3176	224 
3177	121 
3178	75 
3179	59 
3180	188 
3181	42 
3182	35 
3183	167 
3184	109 
3185	64 
3186	172 
3187	15 
3188	109 
3189	72 
3190	82 
3191	138 
3192	203 
3193	74 
3194	132 
3195	69 
3196	59 
3197	123 
3198	184 
3199	179 
3200	43 
3201	152 
3202	124 
3203	157 
3204	206 
3205	47 
3206	240 
3207	72 
3208	259 
3209	169 
3210	132 
3211	16 
3212	256 
3213	258 
3214	254 
3215	287 
3216	109 
3217	191 
3218	108 
3219	179 
3220	97 
3221	204 
3222	182 
3223	164 
3224	103 
3225	262 
3226	53 
3227	178 
3228	46 
3229	250 
3230	140 
3231	239 
3232	205 
3233	156 
3234	73 
3235	198 
3236	48 
3237	17 
3238	65 
3239	200 
3240	69 
3241	9 
3242	218 
3243	90 
3244	15 
3245	156 
3246	65 
3247	112 
3248	246 
3249	4 
3250	263 
3251	117 
3252	146 
3253	172 
3254	176 
3255	3 
3256	157 
3257	152 
3258	143 
3259	285 
3260	5 
3261	41 
3262	282 
3263	169 
3264	117 
3265	92 
3266	199 
3267	76 
3268	106 
3269	71 
3270	78 
3271	220 
3272	246 
3273	125 
3274	130 
3275	23 
3276	107 
3277	224 
3278	42 
3279	254 
3280	199 
3281	166 
3282	107 
3283	116 
3284	86 
3285	55 
3286	272 
3287	9 
3288	3 
3289	66 
3290	245 
3291	250 
3292	266 
3293	2 
3294	109 
3295	64 
3296	259 
3297	56 
3298	45 
3299	33 
3300	264 
3301	228 
3302	20 
3303	270 
3304	54 
3305	265 
3306	41 
3307	173 
3308	50 
3309	254 
3310	274 
3311	271 
3312	49 
3313	128 
3314	108 
3315	264 
3316	201 
3317	58 
3318	16 
3319	252 
3320	41 
3321	106 
3322	47 
3323	58 
3324	10 
3325	86 
3326	134 
3327	215 
3328	183 
3329	13 
3330	99 
3331	115 
3332	219 
3333	198 
3334	270 
3335	274 
3336	79 
3337	192 
3338	191 
3339	68 
3340	250 
3341	208 
3342	249 
3343	226 
3344	109 
3345	72 
3346	21 
3347	94 
3348	137 
3349	272 
3350	196 
3351	215 
3352	230 
3353	23 
3354	121 
3355	203 
3356	17 
3357	260 
3358	183 
3359	220 
3360	103 
3361	173 
3362	13 
3363	70 
3364	282 
3365	211 
3366	41 
3367	232 
3368	236 
3369	41 
3370	184 
3371	266 
3372	248 
3373	18 
3374	152 
3375	92 
3376	59 
3377	30 
3378	267 
3379	17 
3380	126 
3381	54 
3382	112 
3383	232 
3384	130 
3385	11 
3386	66 
3387	88 
3388	55 
3389	77 
3390	243 
3391	246 
3392	265 
3393	55 
3394	91 
3395	111 
3396	194 
3397	85 
3398	52 
3399	251 
3400	284 
3401	239 
3402	212 
3403	213 
3404	102 
3405	219 
3406	282 
3407	190 
3408	119 
3409	10 
3410	214 
3411	210 
3412	5 
3413	46 
3414	6 
3415	243 
3416	16 
3417	108 
3418	90 
3419	287 
3420	139 
3421	253 
3422	182 
3423	279 
3424	162 
3425	30 
3426	158 
3427	270 
3428	268 
3429	93 
3430	292 
3431	89 
3432	207 
3433	231 
3434	136 
3435	116 
3436	173 
3437	219 
3438	134 
3439	65 
3440	150 
3441	207 
3442	16 
3443	125 
3444	134 
3445	81 
3446	18 
3447	109 
3448	149 
3449	244 
3450	211 
3451	232 
3452	148 
3453	283 
3454	278 
3455	60 
3456	239 
3457	115 
3458	2 
3459	292 
3460	276 
3461	52 
3462	31 
3463	102 
3464	231 
3465	103 
3466	56 
3467	229 
3468	157 
3469	58 
3470	203 
3471	92 
3472	64 
3473	30 
3474	217 
3475	188 
3476	153 
3477	50 
3478	15 
3479	101 
3480	213 
3481	197 
3482	178 
3483	35 
3484	238 
3485	22 
3486	252 
3487	77 
3488	104 
3489	126 
3490	27 
3491	94 
3492	57 
3493	187 
3494	202 
3495	20 
3496	271 
3497	148 
3498	193 
3499	226 
3500	1 
3501	284 
3502	4 
3503	2 
3504	211 
3505	209 
3506	90 
3507	290 
3508	283 
3509	186 
3510	84 
3511	100 
3512	202 
3513	94 
3514	275 
3515	91 
3516	164 
3517	264 
3518	279 
3519	134 
3520	267 
3521	124 
3522	228 
3523	245 
3524	195 
3525	64 
3526	257 
3527	263 
3528	28 
3529	26 
3530	268 
3531	212 
3532	158 
3533	109 
3534	282 
3535	41 
3536	86 
3537	86 
3538	280 
3539	158 
3540	291 
3541	106 
3542	7 
3543	264 
3544	82 
3545	265 
3546	262 
3547	6 
3548	232 
3549	73 
3550	158 
3551	47 
3552	238 
3553	46 
3554	274 
3555	157 
3556	116 
3557	251 
3558	70 
3559	157 
3560	236 
3561	121 
3562	68 
3563	72 
3564	130 
3565	129 
3566	54 
3567	228 
3568	23 
3569	198 
3570	266 
3571	80 
3572	80 
3573	109 
3574	288 
3575	101 
3576	133 
3577	79 
3578	197 
3579	219 
3580	112 
3581	120 
3582	91 
3583	133 
3584	49 
3585	138 
3586	58 
3587	48 
3588	26 
3589	259 
3590	188 
3591	80 
3592	285 
3593	252 
3594	137 
3595	122 
3596	94 
3597	13 
3598	135 
3599	39 
3600	161 
3601	161 
3602	103 
3603	84 
3604	86 
3605	12 
3606	78 
3607	262 
3608	190 
3609	49 
3610	22 
3611	227 
3612	147 
3613	81 
3614	78 
3615	284 
3616	161 
3617	268 
3618	251 
3619	112 
3620	253 
3621	102 
3622	289 
3623	38 
3624	53 
3625	27 
3626	131 
3627	137 
3628	31 
3629	39 
3630	27 
3631	122 
3632	88 
3633	141 
3634	238 
3635	224 
3636	245 
3637	123 
3638	201 
3639	224 
3640	127 
3641	131 
3642	269 
3643	109 
3644	82 
3645	87 
3646	222 
3647	47 
3648	260 
3649	61 
3650	121 
3651	34 
3652	277 
3653	201 
3654	46 
3655	105 
3656	27 
3657	189 
3658	88 
3659	209 
3660	133 
3661	138 
3662	58 
3663	107 
3664	30 
3665	264 
3666	189 
3667	215 
3668	227 
3669	199 
3670	91 
3671	186 
3672	188 
3673	186 
3674	40 
3675	30 
3676	9 
3677	158 
3678	112 
3679	19 
3680	158 
3681	6 
3682	57 
3683	261 
3684	277 
3685	136 
3686	209 
3687	52 
3688	49 
3689	98 
3690	95 
3691	16 
3692	49 
3693	96 
3694	88 
3695	126 
3696	161 
3697	143 
3698	55 
3699	281 
3700	123 
3701	48 
3702	2 
3703	200 
3704	189 
3705	190 
3706	222 
3707	58 
3708	181 
3709	290 
3710	241 
3711	23 
3712	260 
3713	211 
3714	120 
3715	271 
3716	224 
3717	138 
3718	14 
3719	153 
3720	114 
3721	272 
3722	81 
3723	283 
3724	34 
3725	201 
3726	258 
3727	151 
3728	163 
3729	267 
3730	133 
3731	159 
3732	182 
3733	22 
3734	96 
3735	102 
3736	48 
3737	178 
3738	130 
3739	56 
3740	274 
3741	134 
3742	204 
3743	117 
3744	212 
3745	75 
3746	101 
3747	64 
3748	168 
3749	140 
3750	152 
3751	259 
3752	12 
3753	68 
3754	143 
3755	19 
3756	180 
3757	71 
3758	210 
3759	253 
3760	50 
3761	250 
3762	161 
3763	185 
3764	165 
3765	157 
3766	185 
3767	267 
3768	272 
3769	262 
3770	50 
3771	81 
3772	187 
3773	184 
3774	286 
3775	195 
3776	138 
3777	50 
3778	285 
3779	145 
3780	208 
3781	222 
3782	6 
3783	73 
3784	186 
3785	157 
3786	200 
3787	230 
3788	64 
3789	69 
3790	162 
3791	197 
3792	196 
3793	279 
3794	284 
3795	188 
3796	72 
3797	246 
3798	236 
3799	106 
3800	271 
3801	109 
3802	269 
3803	224 
3804	290 
3805	193 
3806	156 
3807	292 
3808	147 
3809	271 
3810	104 
3811	291 
3812	43 
3813	182 
3814	288 
3815	182 
3816	186 
3817	80 
3818	124 
3819	96 
3820	98 
3821	25 
3822	90 
3823	124 
3824	60 
3825	239 
3826	79 
3827	184 
3828	93 
3829	273 
3830	34 
3831	80 
3832	48 
3833	288 
3834	268 
3835	113 
3836	35 
3837	6 
3838	122 
3839	16 
3840	109 
3841	73 
3842	212 
3843	32 
3844	222 
3845	43 
3846	257 
3847	64 
3848	8 
3849	40 
3850	165 
3851	79 
3852	195 
3853	87 
3854	151 
3855	73 
3856	284 
3857	11 
3858	36 
3859	132 
3860	220 
3861	265 
3862	3 
3863	9 
3864	103 
3865	266 
3866	198 
3867	281 
3868	268 
3869	103 
3870	269 
3871	291 
3872	123 
3873	289 
3874	220 
3875	201 
3876	107 
3877	246 
3878	108 
3879	156 
3880	172 
3881	272 
3882	211 
3883	278 
3884	37 
3885	126 
3886	251 
3887	283 
3888	60 
3889	215 
3890	115 
3891	34 
3892	134 
3893	5 
3894	43 
3895	173 
3896	198 
3897	247 
3898	234 
3899	115 
3900	166 
3901	14 
3902	180 
3903	222 
3904	147 
3905	14 
3906	173 
3907	102 
3908	212 
3909	5 
3910	54 
3911	89 
3912	179 
3913	220 
3914	277 
3915	36 
3916	221 
3917	123 
3918	123 
3919	114 
3920	122 
3921	160 
3922	112 
3923	125 
3924	283 
3925	245 
3926	281 
3927	219 
3928	219 
3929	261 
3930	30 
3931	184 
3932	265 
3933	62 
3934	92 
3935	291 
3936	291 
3937	178 
3938	264 
3939	192 
3940	114 
3941	16 
3942	57 
3943	77 
3944	127 
3945	179 
3946	1 
3947	69 
3948	210 
3949	104 
3950	32 
3951	211 
3952	99 
3953	31 
3954	186 
3955	159 
3956	265 
3957	159 
3958	164 
3959	109 
3960	16 
3961	190 
3962	211 
3963	227 
3964	198 
3965	243 
3966	143 
3967	23 
3968	248 
3969	181 
3970	291 
3971	243 
3972	21 
3973	148 
3974	241 
3975	230 
3976	245 
3977	32 
3978	174 
3979	41 
3980	221 
3981	180 
3982	124 
3983	179 
3984	123 
3985	267 
3986	115 
3987	172 
3988	23 
3989	106 
3990	70 
3991	157 
3992	173 
3993	178 
3994	221 
3995	181 
3996	137 
3997	240 
3998	185 
3999	177 
4000	64 
4001	42 
4002	234 
4003	188 
4004	143 
4005	143 
4006	256 
4007	57 
4008	125 
4009	262 
4010	92 
4011	66 
4012	173 
4013	168 
4014	101 
4015	187 
4016	96 
4017	133 
4018	219 
4019	80 
4020	231 
4021	30 
4022	186 
4023	65 
4024	127 
4025	13 
4026	277 
4027	292 
4028	112 
4029	18 
4030	219 
4031	73 
4032	104 
4033	219 
4034	256 
4035	278 
4036	140 
4037	49 
4038	170 
4039	164 
4040	109 
4041	209 
4042	50 
4043	112 
4044	251 
4045	260 
4046	151 
4047	240 
4048	30 
4049	209 
4050	104 
4051	108 
4052	116 
4053	228 
4054	13 
4055	123 
4056	57 
4057	245 
4058	190 
4059	171 
4060	51 
4061	171 
4062	115 
4063	108 
4064	194 
4065	249 
4066	76 
4067	257 
4068	194 
4069	160 
4070	292 
4071	165 
4072	12 
4073	201 
4074	225 
4075	29 
4076	134 
4077	101 
4078	228 
4079	92 
4080	285 
4081	228 
4082	56 
4083	78 
4084	273 
4085	291 
4086	137 
4087	42 
4088	76 
4089	280 
4090	280 
4091	76 
4092	198 
4093	250 
4094	159 
4095	191 
4096	79 
4097	116 
4098	84 
4099	266 
4100	151 
4101	35 
4102	183 
4103	10 
4104	45 
4105	220 
4106	280 
4107	44 
4108	117 
4109	123 
4110	225 
4111	76 
4112	262 
4113	88 
4114	278 
4115	107 
4116	218 
4117	133 
4118	263 
4119	110 
4120	90 
4121	247 
4122	123 
4123	28 
4124	105 
4125	88 
4126	150 
4127	263 
4128	92 
4129	125 
4130	196 
4131	120 
4132	200 
4133	73 
4134	125 
4135	153 
4136	179 
4137	103 
4138	1 
4139	246 
4140	110 
4141	81 
4142	12 
4143	162 
4144	111 
4145	45 
4146	37 
4147	25 
4148	270 
4149	263 
4150	196 
4151	42 
4152	77 
4153	193 
4154	79 
4155	27 
4156	100 
4157	36 
4158	129 
4159	212 
4160	61 
4161	275 
4162	69 
4163	49 
4164	156 
4165	10 
4166	150 
4167	123 
4168	115 
4169	250 
4170	250 
4171	160 
4172	232 
4173	47 
4174	98 
4175	87 
4176	245 
4177	68 
4178	41 
4179	231 
4180	224 
4181	92 
4182	23 
4183	107 
4184	57 
4185	228 
4186	31 
4187	97 
4188	159 
4189	161 
4190	182 
4191	152 
4192	43 
4193	276 
4194	77 
4195	41 
4196	79 
4197	79 
4198	278 
4199	193 
4200	45 
4201	120 
4202	48 
4203	103 
4204	47 
4205	33 
4206	92 
4207	123 
4208	238 
4209	185 
4210	186 
4211	275 
4212	173 
4213	76 
4214	186 
4215	75 
4216	195 
4217	21 
4218	84 
4219	209 
4220	36 
4221	283 
4222	290 
4223	71 
4224	123 
4225	54 
4226	210 
4227	203 
4228	193 
4229	291 
4230	200 
4231	64 
4232	208 
4233	156 
4234	212 
4235	21 
4236	288 
4237	150 
4238	41 
4239	153 
4240	198 
4241	262 
4242	188 
4243	212 
4244	234 
4245	166 
4246	140 
4247	286 
4248	20 
4249	9 
4250	244 
4251	120 
4252	54 
4253	16 
4254	140 
4255	130 
4256	194 
4257	233 
4258	106 
4259	158 
4260	15 
4261	11 
4262	88 
4263	165 
4264	124 
4265	152 
4266	28 
4267	275 
4268	180 
4269	136 
4270	153 
4271	153 
4272	171 
4273	5 
4274	63 
4275	162 
4276	224 
4277	200 
4278	108 
4279	108 
4280	264 
4281	115 
4282	75 
4283	262 
4284	99 
4285	270 
4286	33 
4287	176 
4288	49 
4289	135 
4290	278 
4291	195 
4292	152 
4293	200 
4294	230 
4295	226 
4296	173 
4297	168 
4298	135 
4299	186 
4300	130 
4301	266 
4302	36 
4303	69 
4304	201 
4305	217 
4306	161 
4307	119 
4308	138 
4309	130 
4310	263 
4311	36 
4312	188 
4313	213 
4314	119 
4315	201 
4316	162 
4317	281 
4318	184 
4319	186 
4320	268 
4321	113 
4322	98 
4323	250 
4324	239 
4325	90 
4326	32 
4327	201 
4328	152 
4329	239 
4330	236 
4331	103 
4332	124 
4333	138 
4334	133 
4335	266 
4336	240 
4337	268 
4338	25 
4339	289 
4340	171 
4341	160 
4342	121 
4343	96 
4344	115 
4345	84 
4346	194 
4347	265 
4348	125 
4349	283 
4350	166 
4351	192 
4352	221 
4353	195 
4354	165 
4355	212 
4356	186 
4357	248 
4358	25 
4359	76 
4360	249 
4361	266 
4362	276 
4363	257 
4364	270 
4365	58 
4366	70 
4367	219 
4368	151 
4369	236 
4370	214 
4371	43 
4372	277 
4373	274 
4374	131 
4375	176 
4376	140 
4377	188 
4378	92 
4379	38 
4380	28 
4381	238 
4382	15 
4383	80 
4384	225 
4385	179 
4386	113 
4387	176 
4388	115 
4389	21 
4390	141 
4391	276 
4392	226 
4393	149 
4394	36 
4395	2 
4396	75 
4397	240 
4398	29 
4399	220 
4400	184 
4401	274 
4402	3 
4403	234 
4404	69 
4405	179 
4406	211 
4407	26 
4408	196 
4409	287 
4410	21 
4411	166 
4412	192 
4413	73 
4414	176 
4415	208 
4416	289 
4417	123 
4418	6 
4419	33 
4420	14 
4421	178 
4422	226 
4423	217 
4424	215 
4425	20 
4426	257 
4427	147 
4428	112 
4429	75 
4430	217 
4431	87 
4432	134 
4433	234 
4434	179 
4435	219 
4436	38 
4437	139 
4438	224 
4439	118 
4440	134 
4441	279 
4442	176 
4443	123 
4444	159 
4445	8 
4446	260 
4447	196 
4448	62 
4449	30 
4450	182 
4451	249 
4452	150 
4453	232 
4454	69 
4455	225 
4456	287 
4457	159 
4458	178 
4459	183 
4460	267 
4461	253 
4462	208 
4463	162 
4464	78 
4465	24 
4466	146 
4467	135 
4468	45 
4469	190 
4470	6 
4471	135 
4472	232 
4473	16 
4474	231 
4475	77 
4476	195 
4477	33 
4478	289 
4479	188 
4480	49 
4481	231 
4482	279 
4483	253 
4484	75 
4485	183 
4486	182 
4487	280 
4488	49 
4489	73 
4490	267 
4491	281 
4492	87 
4493	213 
4494	80 
4495	253 
4496	269 
4497	124 
4498	47 
4499	76 
4500	268 
4501	188 
4502	25 
4503	286 
4504	8 
4505	257 
4506	15 
4507	99 
4508	106 
4509	276 
4510	184 
4511	33 
4512	161 
4513	104 
4514	69 
4515	31 
4516	28 
4517	58 
4518	176 
4519	57 
4520	15 
4521	34 
4522	21 
4523	250 
4524	249 
4525	159 
4526	153 
4527	110 
4528	212 
4529	217 
4530	261 
4531	84 
4532	173 
4533	45 
4534	192 
4535	215 
4536	285 
4537	244 
4538	184 
4539	25 
4540	36 
4541	106 
4542	28 
4543	141 
4544	245 
4545	190 
4546	173 
4547	36 
4548	246 
4549	232 
4550	130 
4551	96 
4552	25 
4553	195 
4554	138 
4555	129 
4556	64 
4557	106 
4558	251 
4559	86 
4560	119 
4561	258 
4562	81 
4563	32 
4564	239 
4565	129 
4566	272 
4567	156 
4568	9 
4569	131 
4570	194 
4571	39 
4572	185 
4573	143 
4574	76 
4575	258 
4576	197 
4577	150 
4578	253 
4579	226 
4580	28 
4581	71 
4582	182 
4583	170 
4584	233 
4585	45 
4586	185 
4587	241 
4588	187 
4589	250 
4590	183 
4591	238 
4592	24 
4593	69 
4594	79 
4595	161 
4596	149 
4597	260 
4598	253 
4599	264 
4600	190 
4601	234 
4602	276 
4603	188 
4604	39 
4605	264 
4606	54 
4607	266 
4608	1 
4609	98 
4610	267 
4611	115 
4612	79 
4613	165 
4614	238 
4615	270 
4616	289 
4617	52 
4618	12 
4619	244 
4620	115 
4621	56 
4622	35 
4623	96 
4624	236 
4625	99 
4626	272 
4627	281 
4628	2 
4629	88 
4630	215 
4631	115 
4632	81 
4633	197 
4634	210 
4635	212 
4636	187 
4637	72 
4638	164 
4639	273 
4640	41 
4641	146 
4642	274 
4643	112 
4644	207 
4645	39 
4646	120 
4647	259 
4648	110 
4649	195 
4650	177 
4651	152 
4652	168 
4653	52 
4654	7 
4655	115 
4656	234 
4657	245 
4658	252 
4659	30 
4660	278 
4661	123 
4662	231 
4663	71 
4664	131 
4665	84 
4666	91 
4667	2 
4668	244 
4669	201 
4670	205 
4671	36 
4672	161 
4673	20 
4674	10 
4675	110 
4676	291 
4677	173 
4678	73 
4679	54 
4680	77 
4681	90 
4682	62 
4683	75 
4684	209 
4685	193 
4686	197 
4687	23 
4688	109 
4689	20 
4690	115 
4691	147 
4692	82 
4693	79 
4694	186 
4695	218 
4696	160 
4697	228 
4698	105 
4699	266 
4700	116 
4701	214 
4702	50 
4703	150 
4704	100 
4705	139 
4706	29 
4707	162 
4708	73 
4709	188 
4710	185 
4711	52 
4712	284 
4713	133 
4714	226 
4715	274 
4716	234 
4717	15 
4718	1 
4719	78 
4720	222 
4721	27 
4722	51 
4723	123 
4724	50 
4725	134 
4726	275 
4727	53 
4728	273 
4729	61 
4730	45 
4731	86 
4732	212 
4733	114 
4734	162 
4735	197 
4736	89 
4737	157 
4738	247 
4739	277 
4740	248 
4741	11 
4742	217 
4743	168 
4744	200 
4745	18 
4746	177 
4747	188 
4748	150 
4749	286 
4750	66 
4751	103 
4752	249 
4753	82 
4754	92 
4755	166 
4756	121 
4757	120 
4758	54 
4759	35 
4760	123 
4761	201 
4762	208 
4763	159 
4764	182 
4765	268 
4766	58 
4767	60 
4768	194 
4769	24 
4770	196 
4771	291 
4772	106 
4773	236 
4774	23 
4775	100 
4776	272 
4777	263 
4778	215 
4779	106 
4780	218 
4781	123 
4782	130 
4783	205 
4784	260 
4785	36 
4786	285 
4787	150 
4788	268 
4789	267 
4790	102 
4791	66 
4792	121 
4793	87 
4794	104 
4795	146 
4796	132 
4797	261 
4798	81 
4799	127 
4800	109 
4801	104 
4802	230 
4803	189 
4804	194 
4805	135 
4806	233 
4807	210 
4808	163 
4809	45 
4810	79 
4811	149 
4812	53 
4813	87 
4814	118 
4815	84 
4816	23 
4817	260 
4818	110 
4819	3 
4820	88 
4821	292 
4822	146 
4823	176 
4824	245 
4825	16 
4826	191 
4827	289 
4828	288 
4829	262 
4830	87 
4831	18 
4832	213 
4833	71 
4834	99 
4835	100 
4836	120 
4837	157 
4838	178 
4839	250 
4840	163 
4841	288 
4842	287 
4843	113 
4844	15 
4845	61 
4846	81 
4847	247 
4848	166 
4849	184 
4850	287 
4851	134 
4852	106 
4853	76 
4854	122 
4855	58 
4856	250 
4857	12 
4858	252 
4859	179 
4860	269 
4861	116 
4862	170 
4863	174 
4864	52 
4865	281 
4866	287 
4867	124 
4868	134 
4869	139 
4870	24 
4871	184 
4872	99 
4873	280 
4874	211 
4875	284 
4876	196 
4877	196 
4878	217 
4879	101 
4880	285 
4881	197 
4882	8 
4883	222 
4884	54 
4885	179 
4886	71 
4887	105 
4888	291 
4889	184 
4890	89 
4891	252 
4892	90 
4893	109 
4894	292 
4895	39 
4896	44 
4897	262 
4898	261 
4899	264 
4900	91 
4901	198 
4902	239 
4903	173 
4904	39 
4905	106 
4906	24 
4907	13 
4908	13 
4909	285 
4910	76 
4911	225 
4912	49 
4913	264 
4914	285 
4915	194 
4916	289 
4917	269 
4918	69 
4919	113 
4920	178 
4921	106 
4922	76 
4923	173 
4924	217 
4925	49 
4926	121 
4927	46 
4928	147 
4929	203 
4930	191 
4931	180 
4932	104 
4933	119 
4934	153 
4935	114 
4936	71 
4937	2 
4938	128 
4939	270 
4940	99 
4941	18 
4942	128 
4943	29 
4944	176 
4945	89 
4946	287 
4947	44 
4948	230 
4949	99 
4950	214 
4951	109 
4952	79 
4953	215 
4954	191 
4955	153 
4956	51 
4957	270 
4958	107 
4959	218 
4960	159 
4961	43 
4962	219 
4963	68 
4964	259 
4965	234 
4966	249 
4967	19 
4968	57 
4969	28 
4970	86 
4971	230 
4972	285 
4973	173 
4974	198 
4975	257 
4976	168 
4977	87 
4978	238 
4979	18 
4980	225 
4981	48 
4982	9 
4983	2 
4984	197 
4985	168 
4986	233 
4987	270 
4988	257 
4989	76 
4990	45 
4991	152 
4992	124 
4993	232 
4994	169 
4995	209 
4996	224 
4997	195 
4998	185 
4999	141 
5000	266 
5001	189 
5002	80 
5003	249 
5004	41 
5005	3 
5006	188 
5007	100 
5008	266 
5009	81 
5010	40 
5011	218 
5012	56 
5013	92 
5014	72 
5015	129 
5016	89 
5017	56 
5018	49 
5019	153 
5020	13 
5021	72 
5022	127 
5023	189 
5024	233 
5025	179 
5026	78 
5027	135 
5028	29 
5029	30 
5030	123 
5031	287 
5032	176 
5033	264 
5034	259 
5035	188 
5036	24 
5037	80 
5038	289 
5039	180 
5040	153 
5041	89 
5042	190 
5043	39 
5044	127 
5045	39 
5046	266 
5047	280 
5048	214 
5049	57 
5050	274 
5051	215 
5052	285 
5053	45 
5054	41 
5055	56 
5056	256 
5057	58 
5058	191 
5059	102 
5060	274 
5061	225 
5062	64 
5063	156 
5064	201 
5065	257 
5066	224 
5067	109 
5068	263 
5069	270 
5070	281 
5071	63 
5072	109 
5073	133 
5074	276 
5075	32 
5076	89 
5077	179 
5078	156 
5079	276 
5080	49 
5081	264 
5082	14 
5083	31 
5084	263 
5085	64 
5086	49 
5087	49 
5088	98 
5089	116 
5090	127 
5091	2 
5092	11 
5093	34 
5094	261 
5095	178 
5096	30 
5097	77 
5098	98 
5099	130 
5100	132 
5101	275 
5102	124 
5103	210 
5104	189 
5105	289 
5106	12 
5107	219 
5108	246 
5109	275 
5110	171 
5111	238 
5112	124 
5113	151 
5114	118 
5115	33 
5116	48 
5117	20 
5118	92 
5119	241 
5120	176 
5121	135 
5122	258 
5123	96 
5124	284 
5125	185 
5126	113 
5127	112 
5128	211 
5129	228 
5130	288 
5131	277 
5132	266 
5133	259 
5134	280 
5135	272 
5136	190 
5137	267 
5138	276 
5139	132 
5140	195 
5141	265 
5142	217 
5143	69 
5144	84 
5145	141 
5146	127 
5147	192 
5148	58 
5149	187 
5150	248 
5151	291 
5152	174 
5153	219 
5154	20 
5155	25 
5156	127 
5157	232 
5158	219 
5159	210 
5160	249 
5161	72 
5162	90 
5163	86 
5164	21 
5165	197 
5166	151 
5167	137 
5168	19 
5169	219 
5170	49 
5171	174 
5172	228 
5173	203 
5174	245 
5175	23 
5176	29 
5177	179 
5178	270 
5179	168 
5180	211 
5181	105 
5182	40 
5183	198 
5184	103 
5185	157 
5186	87 
5187	88 
5188	156 
5189	73 
5190	78 
5191	19 
5192	131 
5193	31 
5194	20 
5195	112 
5196	106 
5197	210 
5198	289 
5199	218 
5200	137 
5201	170 
5202	54 
5203	276 
5204	69 
5205	256 
5206	88 
5207	33 
5208	174 
5209	291 
5210	166 
5211	172 
5212	41 
5213	113 
5214	104 
5215	203 
5216	220 
5217	194 
5218	24 
5219	289 
5220	109 
5221	146 
5222	31 
5223	272 
5224	156 
5225	54 
5226	184 
5227	91 
5228	180 
5229	49 
5230	54 
5231	57 
5232	289 
5233	284 
5234	73 
5235	152 
5236	134 
5237	225 
5238	152 
5239	84 
5240	195 
5241	160 
5242	24 
5243	201 
5244	7 
5245	156 
5246	268 
5247	246 
5248	14 
5249	7 
5250	51 
5251	7 
5252	172 
5253	150 
5254	230 
5255	224 
5256	113 
5257	63 
5258	272 
5259	260 
5260	284 
5261	256 
5262	285 
5263	102 
5264	81 
5265	153 
5266	72 
5267	211 
5268	247 
5269	201 
5270	32 
5271	151 
5272	78 
5273	210 
5274	52 
5275	9 
5276	19 
5277	220 
5278	138 
5279	103 
5280	288 
5281	78 
5282	96 
5283	100 
5284	258 
5285	173 
5286	143 
5287	163 
5288	201 
5289	81 
5290	178 
5291	256 
5292	131 
5293	139 
5294	49 
5295	287 
5296	15 
5297	115 
5298	46 
5299	184 
5300	114 
5301	44 
5302	265 
5303	78 
5304	77 
5305	48 
5306	20 
5307	182 
5308	232 
5309	42 
5310	225 
5311	42 
5312	244 
5313	31 
5314	195 
5315	15 
5316	53 
5317	161 
5318	234 
5319	280 
5320	99 
5321	179 
5322	29 
5323	119 
5324	127 
5325	219 
5326	91 
5327	165 
5328	115 
5329	128 
5330	187 
5331	25 
5332	161 
5333	273 
5334	292 
5335	289 
5336	287 
5337	234 
5338	40 
5339	23 
5340	244 
5341	86 
5342	28 
5343	89 
5344	147 
5345	130 
5346	49 
5347	215 
5348	231 
5349	271 
5350	166 
5351	188 
5352	118 
5353	156 
5354	113 
5355	20 
5356	118 
5357	22 
5358	165 
5359	222 
5360	115 
5361	182 
5362	137 
5363	259 
5364	137 
5365	66 
5366	190 
5367	123 
5368	172 
5369	62 
5370	166 
5371	14 
5372	256 
5373	129 
5374	171 
5375	63 
5376	108 
5377	264 
5378	127 
5379	264 
5380	24 
5381	225 
5382	85 
5383	116 
5384	66 
5385	62 
5386	53 
5387	86 
5388	120 
5389	80 
5390	281 
5391	84 
5392	203 
5393	129 
5394	84 
5395	214 
5396	230 
5397	46 
5398	46 
5399	291 
5400	160 
5401	113 
5402	267 
5403	253 
5404	133 
5405	9 
5406	178 
5407	273 
5408	177 
5409	89 
5410	80 
5411	91 
5412	138 
5413	120 
5414	246 
5415	288 
5416	249 
5417	44 
5418	85 
5419	179 
5420	271 
5421	222 
5422	127 
5423	139 
5424	20 
5425	99 
5426	273 
5427	292 
5428	248 
5429	76 
5430	105 
5431	271 
5432	262 
5433	159 
5434	277 
5435	32 
5436	219 
5437	185 
5438	157 
5439	104 
5440	288 
5441	23 
5442	39 
5443	137 
5444	38 
5445	170 
5446	49 
5447	52 
5448	32 
5449	103 
5450	12 
5451	146 
5452	196 
5453	115 
5454	263 
5455	11 
5456	265 
5457	13 
5458	222 
5459	267 
5460	109 
5461	84 
5462	40 
5463	91 
5464	138 
5465	141 
5466	291 
5467	246 
5468	277 
5469	87 
5470	107 
5471	50 
5472	215 
5473	71 
5474	123 
5475	185 
5476	270 
5477	78 
5478	147 
5479	130 
5480	99 
5481	88 
5482	69 
5483	233 
5484	166 
5485	45 
5486	21 
5487	222 
5488	289 
5489	231 
5490	287 
5491	100 
5492	113 
5493	117 
5494	249 
5495	190 
5496	291 
5497	77 
5498	45 
5499	25 
5500	213 
5501	214 
5502	106 
5503	57 
5504	152 
5505	124 
5506	162 
5507	190 
5508	85 
5509	246 
5510	266 
5511	18 
5512	196 
5513	63 
5514	124 
5515	86 
5516	162 
5517	52 
5518	21 
5519	228 
5520	178 
5521	51 
5522	162 
5523	85 
5524	51 
5525	197 
5526	101 
5527	149 
5528	287 
5529	157 
5530	57 
5531	14 
5532	246 
5533	53 
5534	131 
5535	213 
5536	180 
5537	20 
5538	213 
5539	152 
5540	129 
5541	72 
5542	246 
5543	212 
5544	30 
5545	289 
5546	123 
5547	134 
5548	78 
5549	281 
5550	105 
5551	162 
5552	138 
5553	75 
5554	41 
5555	225 
5556	267 
5557	176 
5558	182 
5559	91 
5560	278 
5561	128 
5562	241 
5563	88 
5564	81 
5565	209 
5566	161 
5567	224 
5568	45 
5569	56 
5570	118 
5571	256 
5572	89 
5573	78 
5574	239 
5575	245 
5576	172 
5577	174 
5578	138 
5579	23 
5580	109 
5581	85 
5582	256 
5583	61 
5584	153 
5585	228 
5586	271 
5587	234 
5588	66 
5589	92 
5590	188 
5591	96 
5592	285 
5593	11 
5594	241 
5595	128 
5596	190 
5597	42 
5598	87 
5599	272 
5600	107 
5601	132 
5602	224 
5603	116 
5604	195 
5605	118 
5606	122 
5607	75 
5608	278 
5609	125 
5610	191 
5611	171 
5612	281 
5613	246 
5614	77 
5615	62 
5616	54 
5617	12 
5618	248 
5619	153 
5620	132 
5621	78 
5622	73 
5623	265 
5624	262 
5625	261 
5626	101 
5627	81 
5628	193 
5629	178 
5630	88 
5631	32 
5632	134 
5633	185 
5634	109 
5635	63 
5636	32 
5637	272 
5638	201 
5639	188 
5640	176 
5641	76 
5642	264 
5643	42 
5644	248 
5645	50 
5646	250 
5647	51 
5648	265 
5649	189 
5650	7 
5651	103 
5652	162 
5653	116 
5654	281 
5655	196 
5656	220 
5657	274 
5658	18 
5659	137 
5660	127 
5661	133 
5662	119 
5663	53 
5664	214 
5665	38 
5666	30 
5667	34 
5668	273 
5669	177 
5670	168 
5671	271 
5672	96 
5673	28 
5674	22 
5675	43 
5676	68 
5677	222 
5678	33 
5679	190 
5680	3 
5681	194 
5682	87 
5683	131 
5684	275 
5685	228 
5686	3 
5687	110 
5688	259 
5689	171 
5690	246 
5691	9 
5692	86 
5693	222 
5694	173 
5695	76 
5696	63 
5697	134 
5698	34 
5699	66 
5700	188 
5701	197 
5702	165 
5703	69 
5704	264 
5705	58 
5706	90 
5707	280 
5708	36 
5709	266 
5710	123 
5711	284 
5712	50 
5713	266 
5714	220 
5715	137 
5716	280 
5717	285 
5718	256 
5719	193 
5720	13 
5721	224 
5722	58 
5723	198 
5724	218 
5725	220 
5726	258 
5727	99 
5728	132 
5729	258 
5730	264 
5731	270 
5732	79 
5733	210 
5734	134 
5735	250 
5736	92 
5737	100 
5738	128 
5739	36 
5740	288 
5741	211 
5742	15 
5743	245 
5744	182 
5745	139 
5746	19 
5747	219 
5748	2 
5749	184 
5750	271 
5751	201 
5752	131 
5753	272 
5754	99 
5755	188 
5756	233 
5757	134 
5758	66 
5759	103 
5760	165 
5761	165 
5762	20 
5763	197 
5764	151 
5765	247 
5766	246 
5767	25 
5768	157 
5769	292 
5770	272 
5771	284 
5772	113 
5773	58 
5774	51 
5775	228 
5776	76 
5777	268 
5778	180 
5779	116 
5780	143 
5781	266 
5782	101 
5783	224 
5784	214 
5785	212 
5786	131 
5787	3 
5788	7 
5789	191 
5790	2 
5791	230 
5792	224 
5793	166 
5794	56 
5795	180 
5796	132 
5797	75 
5798	89 
5799	169 
5800	197 
5801	291 
5802	245 
5803	156 
5804	215 
5805	198 
5806	22 
5807	105 
5808	147 
5809	99 
5810	179 
5811	272 
5812	210 
5813	53 
5814	77 
5815	86 
5816	36 
5817	276 
5818	88 
5819	18 
5820	45 
5821	12 
5822	168 
5823	285 
5824	214 
5825	249 
5826	79 
5827	197 
5828	112 
5829	278 
5830	122 
5831	2 
5832	38 
5833	190 
5834	166 
5835	125 
5836	68 
5837	1 
5838	285 
5839	261 
5840	165 
5841	78 
5842	203 
5843	30 
5844	184 
5845	33 
5846	86 
5847	217 
5848	125 
5849	131 
5850	112 
5851	157 
5852	280 
5853	162 
5854	160 
5855	268 
5856	57 
5857	266 
5858	43 
5859	54 
5860	99 
5861	171 
5862	24 
5863	75 
5864	85 
5865	96 
5866	238 
5867	231 
5868	263 
5869	211 
5870	172 
5871	113 
5872	105 
5873	170 
5874	115 
5875	18 
5876	28 
5877	84 
5878	117 
5879	189 
5880	263 
5881	291 
5882	180 
5883	165 
5884	188 
5885	106 
5886	153 
5887	222 
5888	285 
5889	62 
5890	52 
5891	220 
5892	168 
5893	274 
5894	284 
5895	121 
5896	65 
5897	182 
5898	9 
5899	58 
5900	79 
5901	12 
5902	29 
5903	174 
5904	256 
5905	138 
5906	45 
5907	21 
5908	258 
5909	54 
5910	62 
5911	284 
5912	222 
5913	280 
5914	180 
5915	38 
5916	63 
5917	192 
5918	108 
5919	180 
5920	162 
5921	157 
5922	9 
5923	258 
5924	260 
5925	40 
5926	42 
5927	268 
5928	107 
5929	285 
5930	80 
5931	281 
5932	133 
5933	245 
5934	292 
5935	46 
5936	119 
5937	152 
5938	101 
5939	219 
5940	116 
5941	34 
5942	147 
5943	63 
5944	104 
5945	160 
5946	13 
5947	138 
5948	289 
5949	287 
5950	281 
5951	61 
5952	263 
5953	82 
5954	259 
5955	266 
5956	266 
5957	54 
5958	108 
5959	21 
5960	268 
5961	180 
5962	89 
5963	225 
5964	40 
5965	112 
5966	123 
5967	78 
5968	150 
5969	2 
5970	248 
5971	213 
5972	134 
5973	132 
5974	233 
5975	156 
5976	178 
5977	231 
5978	219 
5979	284 
5980	104 
5981	73 
5982	260 
5983	58 
5984	195 
5985	166 
5986	57 
5987	171 
5988	124 
5989	139 
5990	24 
5991	285 
5992	72 
5993	238 
5994	106 
5995	285 
5996	259 
5997	169 
5998	171 
5999	108 
6000	219 
6001	15 
6002	234 
6003	280 
6004	287 
6005	32 
6006	262 
6007	187 
6008	123 
6009	130 
6010	209 
6011	32 
6012	99 
6013	28 
6014	178 
6015	174 
6016	153 
6017	80 
6018	217 
6019	98 
6020	24 
6021	123 
6022	29 
6023	30 
6024	38 
6025	262 
6026	42 
6027	264 
6028	265 
6029	100 
6030	75 
6031	137 
6032	197 
6033	180 
6034	285 
6035	89 
6036	84 
6037	98 
6038	77 
6039	271 
6040	182 
6041	1 
6042	203 
6043	109 
6044	268 
6045	159 
6046	41 
6047	165 
6048	172 
6049	197 
6050	161 
6051	123 
6052	13 
6053	1 
6054	86 
6055	267 
6056	193 
6057	258 
6058	105 
6059	195 
6060	147 
6061	3 
6062	201 
6063	192 
6064	117 
6065	87 
6066	238 
6067	23 
6068	225 
6069	73 
6070	266 
6071	101 
6072	271 
6073	34 
6074	66 
6075	174 
6076	7 
6077	153 
6078	133 
6079	287 
6080	3 
6081	24 
6082	41 
6083	285 
6084	65 
6085	134 
6086	217 
6087	24 
6088	116 
6089	102 
6090	84 
6091	211 
6092	281 
6093	138 
6094	274 
6095	31 
6096	86 
6097	28 
6098	101 
6099	129 
6100	121 
6101	122 
6102	109 
6103	198 
6104	16 
6105	31 
6106	41 
6107	287 
6108	68 
6109	62 
6110	246 
6111	122 
6112	220 
6113	2 
6114	77 
6115	79 
6116	108 
6117	263 
6118	88 
6119	178 
6120	256 
6121	51 
6122	288 
6123	84 
6124	261 
6125	45 
6126	195 
6127	49 
6128	2 
6129	159 
6130	162 
6131	96 
6132	289 
6133	234 
6134	168 
6135	3 
6136	62 
6137	276 
6138	162 
6139	203 
6140	98 
6141	278 
6142	91 
6143	244 
6144	66 
6145	89 
6146	99 
6147	53 
6148	230 
6149	108 
6150	89 
6151	217 
6152	63 
6153	131 
6154	260 
6155	250 
6156	180 
6157	109 
6158	77 
6159	171 
6160	30 
6161	23 
6162	241 
6163	24 
6164	58 
6165	162 
6166	76 
6167	84 
6168	134 
6169	112 
6170	166 
6171	20 
6172	128 
6173	20 
6174	151 
6175	117 
6176	76 
6177	22 
6178	174 
6179	115 
6180	233 
6181	210 
6182	34 
6183	39 
6184	81 
6185	1 
6186	210 
6187	218 
6188	241 
6189	78 
6190	193 
6191	134 
6192	177 
6193	76 
6194	87 
6195	112 
6196	209 
6197	123 
6198	152 
6199	264 
6200	259 
6201	157 
6202	113 
6203	116 
6204	130 
6205	212 
6206	127 
6207	188 
6208	130 
6209	100 
6210	215 
6211	1 
6212	116 
6213	179 
6214	262 
6215	193 
6216	203 
6217	217 
6218	194 
6219	153 
6220	11 
6221	131 
6222	101 
6223	32 
6224	91 
6225	12 
6226	108 
6227	189 
6228	149 
6229	9 
6230	275 
6231	238 
6232	41 
6233	129 
6234	41 
6235	238 
6236	261 
6237	192 
6238	287 
6239	173 
6240	23 
6241	193 
6242	277 
6243	106 
6244	263 
6245	120 
6246	48 
6247	101 
6248	292 
6249	212 
6250	65 
6251	292 
6252	246 
6253	134 
6254	263 
6255	262 
6256	57 
6257	106 
6258	71 
6259	9 
6260	29 
6261	88 
6262	61 
6263	30 
6264	141 
6265	166 
6266	12 
6267	16 
6268	276 
6269	165 
6270	49 
6271	173 
6272	56 
6273	119 
6274	117 
6275	15 
6276	125 
6277	160 
6278	189 
6279	292 
6280	130 
6281	79 
6282	30 
6283	284 
6284	119 
6285	14 
6286	266 
6287	75 
6288	79 
6289	276 
6290	112 
6291	75 
6292	68 
6293	69 
6294	123 
6295	278 
6296	19 
6297	262 
6298	285 
6299	288 
6300	267 
6301	263 
6302	88 
6303	2 
6304	182 
6305	149 
6306	118 
6307	115 
6308	68 
6309	265 
6310	178 
6311	69 
6312	72 
6313	270 
6314	180 
6315	281 
6316	215 
6317	169 
6318	41 
6319	187 
6320	262 
6321	261 
6322	265 
6323	1 
6324	292 
6325	156 
6326	20 
6327	230 
6328	12 
6329	131 
6330	244 
6331	99 
6332	102 
6333	211 
6334	157 
6335	82 
6336	109 
6337	96 
6338	11 
6339	265 
6340	109 
6341	99 
6342	88 
6343	86 
6344	147 
6345	173 
6346	287 
6347	234 
6348	73 
6349	277 
6350	171 
6351	173 
6352	117 
6353	201 
6354	271 
6355	48 
6356	3 
6357	69 
6358	119 
6359	112 
6360	201 
6361	98 
6362	193 
6363	62 
6364	276 
6365	115 
6366	41 
6367	14 
6368	104 
6369	285 
6370	188 
6371	157 
6372	42 
6373	210 
6374	238 
6375	66 
6376	287 
6377	218 
6378	177 
6379	162 
6380	101 
6381	106 
6382	41 
6383	184 
6384	244 
6385	156 
6386	291 
6387	18 
6388	49 
6389	173 
6390	278 
6391	24 
6392	137 
6393	172 
6394	118 
6395	32 
6396	105 
6397	281 
6398	129 
6399	9 
6400	160 
6401	156 
6402	131 
6403	274 
6404	50 
6405	152 
6406	57 
6407	134 
6408	180 
6409	272 
6410	127 
6411	275 
6412	78 
6413	38 
6414	104 
6415	245 
6416	102 
6417	84 
6418	56 
6419	75 
6420	261 
6421	245 
6422	19 
6423	139 
6424	215 
6425	68 
6426	266 
6427	39 
6428	130 
6429	268 
6430	78 
6431	219 
6432	266 
6433	214 
6434	203 
6435	24 
6436	131 
6437	189 
6438	171 
6439	137 
6440	82 
6441	88 
6442	36 
6443	22 
6444	38 
6445	272 
6446	117 
6447	50 
6448	153 
6449	211 
6450	99 
6451	166 
6452	29 
6453	151 
6454	149 
6455	161 
6456	128 
6457	125 
6458	218 
6459	50 
6460	129 
6461	88 
6462	71 
6463	268 
6464	182 
6465	278 
6466	9 
6467	215 
6468	110 
6469	147 
6470	261 
6471	130 
6472	182 
6473	127 
6474	260 
6475	192 
6476	292 
6477	131 
6478	287 
6479	250 
6480	210 
6481	109 
6482	123 
6483	62 
6484	105 
6485	69 
6486	45 
6487	287 
6488	116 
6489	219 
6490	22 
6491	253 
6492	201 
6493	68 
6494	179 
6495	266 
6496	30 
6497	123 
6498	11 
6499	75 
6500	62 
6501	139 
6502	231 
6503	1 
6504	34 
6505	103 
6506	213 
6507	88 
6508	217 
6509	184 
6510	89 
6511	162 
6512	276 
6513	219 
6514	182 
6515	245 
6516	197 
6517	87 
6518	24 
6519	209 
6520	173 
6521	68 
6522	253 
6523	115 
6524	131 
6525	71 
6526	245 
6527	170 
6528	182 
6529	134 
6530	57 
6531	165 
6532	130 
6533	189 
6534	96 
6535	212 
6536	147 
6537	115 
6538	220 
6539	260 
6540	177 
6541	137 
6542	92 
6543	258 
6544	270 
6545	124 
6546	20 
6547	184 
6548	162 
6549	113 
6550	277 
6551	292 
6552	21 
6553	102 
6554	209 
6555	110 
6556	48 
6557	78 
6558	54 
6559	169 
6560	210 
6561	32 
6562	253 
6563	211 
6564	50 
6565	139 
6566	266 
6567	45 
6568	149 
6569	32 
6570	78 
6571	194 
6572	2 
6573	61 
6574	250 
6575	106 
6576	127 
6577	188 
6578	201 
6579	57 
6580	259 
6581	21 
6582	73 
6583	115 
6584	211 
6585	178 
6586	116 
6587	261 
6588	256 
6589	150 
6590	228 
6591	108 
6592	36 
6593	281 
6594	156 
6595	289 
6596	281 
6597	177 
6598	184 
6599	179 
6600	43 
6601	275 
6602	15 
6603	188 
6604	210 
6605	277 
6606	101 
6607	36 
6608	213 
6609	213 
6610	105 
6611	291 
6612	116 
6613	233 
6614	176 
6615	267 
6616	178 
6617	13 
6618	201 
6619	42 
6620	18 
6621	23 
6622	172 
6623	198 
6624	2 
6625	124 
6626	139 
6627	49 
6628	177 
6629	121 
6630	179 
6631	218 
6632	30 
6633	253 
6634	57 
6635	80 
6636	20 
6637	211 
6638	211 
6639	292 
6640	233 
6641	7 
6642	109 
6643	16 
6644	176 
6645	14 
6646	30 
6647	1 
6648	87 
6649	68 
6650	48 
6651	258 
6652	246 
6653	109 
6654	234 
6655	76 
6656	280 
6657	36 
6658	9 
6659	56 
6660	171 
6661	209 
6662	108 
6663	125 
6664	159 
6665	291 
6666	2 
6667	66 
6668	233 
6669	188 
6670	170 
6671	125 
6672	169 
6673	276 
6674	132 
6675	264 
6676	189 
6677	84 
6678	119 
6679	234 
6680	277 
6681	160 
6682	14 
6683	71 
6684	129 
6685	129 
6686	177 
6687	171 
6688	88 
6689	98 
6690	112 
6691	246 
6692	182 
6693	133 
6694	124 
6695	253 
6696	209 
6697	29 
6698	57 
6699	132 
6700	109 
6701	32 
6702	3 
6703	122 
6704	125 
6705	71 
6706	147 
6707	80 
6708	88 
6709	214 
6710	14 
6711	182 
6712	105 
6713	91 
6714	129 
6715	105 
6716	108 
6717	147 
6718	41 
6719	151 
6720	281 
6721	109 
6722	277 
6723	271 
6724	58 
6725	141 
6726	88 
6727	30 
6728	43 
6729	172 
6730	201 
6731	160 
6732	271 
6733	134 
6734	209 
6735	245 
6736	138 
6737	284 
6738	109 
6739	278 
6740	48 
6741	110 
6742	180 
6743	214 
6744	194 
6745	153 
6746	72 
6747	42 
6748	197 
6749	118 
6750	245 
6751	278 
6752	262 
6753	56 
6754	104 
6755	21 
6756	137 
6757	187 
6758	291 
6759	125 
6760	194 
6761	1 
6762	88 
6763	78 
6764	101 
6765	177 
6766	16 
6767	105 
6768	215 
6769	108 
6770	141 
6771	209 
6772	134 
6773	39 
6774	289 
6775	50 
6776	153 
6777	98 
6778	178 
6779	57 
6780	54 
6781	284 
6782	30 
6783	173 
6784	91 
6785	133 
6786	190 
6787	143 
6788	22 
6789	32 
6790	203 
6791	103 
6792	66 
6793	13 
6794	203 
6795	66 
6796	118 
6797	54 
6798	250 
6799	87 
6800	63 
6801	231 
6802	189 
6803	215 
6804	22 
6805	166 
6806	182 
6807	218 
6808	106 
6809	99 
6810	289 
6811	220 
6812	15 
6813	190 
6814	96 
6815	14 
6816	132 
6817	116 
6818	152 
6819	48 
6820	238 
6821	246 
6822	178 
6823	218 
6824	211 
6825	197 
6826	84 
6827	245 
6828	188 
6829	284 
6830	194 
6831	34 
6832	233 
6833	29 
6834	12 
6835	72 
6836	267 
6837	137 
6838	180 
6839	98 
6840	48 
6841	209 
6842	162 
6843	261 
6844	12 
6845	109 
6846	184 
6847	189 
6848	122 
6849	79 
6850	86 
6851	68 
6852	184 
6853	263 
6854	112 
6855	1 
6856	195 
6857	43 
6858	133 
6859	79 
6860	264 
6861	188 
6862	220 
6863	141 
6864	96 
6865	156 
6866	103 
6867	228 
6868	209 
6869	266 
6870	192 
6871	139 
6872	234 
6873	33 
6874	137 
6875	215 
6876	2 
6877	153 
6878	82 
6879	201 
6880	177 
6881	113 
6882	28 
6883	250 
6884	122 
6885	194 
6886	68 
6887	173 
6888	274 
6889	156 
6890	79 
6891	101 
6892	198 
6893	33 
6894	1 
6895	108 
6896	180 
6897	13 
6898	21 
6899	241 
6900	214 
6901	72 
6902	15 
6903	219 
6904	214 
6905	41 
6906	87 
6907	76 
6908	153 
6909	270 
6910	245 
6911	122 
6912	190 
6913	104 
6914	285 
6915	209 
6916	121 
6917	49 
6918	71 
6919	147 
6920	122 
6921	231 
6922	134 
6923	92 
6924	29 
6925	1 
6926	12 
6927	86 
6928	190 
6929	214 
6930	281 
6931	171 
6932	169 
6933	264 
6934	87 
6935	209 
6936	42 
6937	289 
6938	287 
6939	159 
6940	24 
6941	281 
6942	198 
6943	41 
6944	179 
6945	75 
6946	42 
6947	137 
6948	174 
6949	81 
6950	193 
6951	211 
6952	209 
6953	48 
6954	127 
6955	152 
6956	15 
6957	125 
6958	1 
6959	71 
6960	280 
6961	49 
6962	289 
6963	106 
6964	138 
6965	78 
6966	276 
6967	141 
6968	152 
6969	188 
6970	166 
6971	20 
6972	157 
6973	11 
6974	174 
6975	234 
6976	276 
6977	212 
6978	190 
6979	169 
6980	172 
6981	218 
6982	87 
6983	68 
6984	215 
6985	14 
6986	161 
6987	91 
6988	9 
6989	99 
6990	54 
6991	166 
6992	113 
6993	162 
6994	262 
6995	177 
6996	271 
6997	152 
6998	16 
6999	219 
7000	272 
7001	103 
7002	274 
7003	119 
7004	277 
7005	177 
7006	289 
7007	177 
7008	88 
7009	197 
7010	203 
7011	71 
7012	166 
7013	28 
7014	276 
7015	275 
7016	194 
7017	1 
7018	213 
7019	68 
7020	58 
7021	291 
7022	141 
7023	157 
7024	48 
7025	2 
7026	29 
7027	2 
7028	34 
7029	234 
7030	72 
7031	124 
7032	68 
7033	170 
7034	153 
7035	84 
7036	188 
7037	115 
7038	270 
7039	159 
7040	112 
7041	161 
7042	49 
7043	250 
7044	225 
7045	61 
7046	129 
7047	169 
7048	117 
7049	285 
7050	77 
7051	24 
7052	43 
7053	28 
7054	289 
7055	89 
7056	72 
7057	77 
7058	77 
7059	187 
7060	54 
7061	281 
7062	116 
7063	2 
7064	182 
7065	292 
7066	139 
7067	211 
7068	173 
7069	133 
7070	116 
7071	182 
7072	182 
7073	152 
7074	133 
7075	57 
7076	219 
7077	127 
7078	289 
7079	180 
7080	194 
7081	292 
7082	225 
7083	220 
7084	287 
7085	45 
7086	77 
7087	118 
7088	91 
7089	219 
7090	110 
7091	224 
7092	275 
7093	49 
7094	139 
7095	187 
7096	69 
7097	45 
7098	15 
7099	233 
7100	137 
7101	81 
7102	18 
7103	101 
7104	162 
7105	80 
7106	9 
7107	147 
7108	102 
7109	219 
7110	82 
7111	201 
7112	68 
7113	139 
7114	23 
7115	118 
7116	80 
7117	188 
7118	106 
7119	71 
7120	184 
7121	110 
7122	234 
7123	61 
7124	13 
7125	160 
7126	192 
7127	45 
7128	41 
7129	159 
7130	80 
7131	139 
7132	125 
7133	116 
7134	16 
7135	63 
7136	69 
7137	125 
7138	61 
7139	119 
7140	177 
7141	246 
7142	32 
7143	284 
7144	108 
7145	115 
7146	159 
7147	194 
7148	165 
7149	54 
7150	188 
7151	201 
7152	166 
7153	118 
7154	260 
7155	170 
7156	84 
7157	91 
7158	133 
7159	80 
7160	190 
7161	22 
7162	162 
7163	39 
7164	20 
7165	289 
7166	116 
7167	9 
7168	267 
7169	104 
7170	69 
7171	220 
7172	147 
7173	20 
7174	50 
7175	143 
7176	48 
7177	246 
7178	20 
7179	173 
7180	115 
7181	36 
7182	115 
7183	101 
7184	133 
7185	105 
7186	3 
7187	189 
7188	79 
7189	72 
7190	187 
7191	69 
7192	160 
7193	169 
7194	287 
7195	137 
7196	79 
7197	88 
7198	262 
7199	231 
7200	102 
7201	116 
7202	225 
7203	159 
7204	106 
7205	150 
7206	133 
7207	109 
7208	118 
7209	218 
7210	292 
7211	281 
7212	276 
7213	190 
7214	169 
7215	228 
7216	214 
7217	195 
7218	20 
7219	177 
7220	21 
7221	260 
7222	58 
7223	246 
7224	12 
7225	182 
7226	195 
7227	291 
7228	134 
7229	117 
7230	263 
7231	98 
7232	63 
7233	68 
7234	262 
7235	292 
7236	78 
7237	182 
7238	133 
7239	178 
7240	57 
7241	21 
7242	291 
7243	241 
7244	231 
7245	173 
7246	280 
7247	169 
7248	188 
7249	123 
7250	69 
7251	118 
7252	270 
7253	18 
7254	129 
7255	24 
7256	15 
7257	280 
7258	281 
7259	277 
7260	141 
7261	43 
7262	174 
7263	258 
7264	88 
7265	277 
7266	32 
7267	245 
7268	68 
7269	280 
7270	71 
7271	193 
7272	80 
7273	15 
7274	43 
7275	284 
7276	171 
7277	241 
7278	210 
7279	259 
7280	263 
7281	169 
7282	233 
7283	117 
7284	49 
7285	209 
7286	91 
7287	89 
7288	224 
7289	7 
7290	117 
7291	99 
7292	276 
7293	195 
7294	78 
7295	115 
7296	73 
7297	101 
7298	134 
7299	258 
7300	24 
7301	91 
7302	266 
7303	68 
7304	78 
7305	110 
7306	77 
7307	106 
7308	218 
7309	162 
7310	20 
7311	41 
7312	184 
7313	159 
7314	33 
7315	75 
7316	156 
7317	266 
7318	151 
7319	57 
7320	89 
7321	280 
7322	287 
7323	77 
7324	16 
7325	184 
7326	14 
7327	21 
7328	132 
7329	277 
7330	57 
7331	89 
7332	99 
7333	92 
7334	246 
7335	50 
7336	258 
7337	157 
7338	277 
7339	224 
7340	253 
7341	87 
7342	201 
7343	277 
7344	213 
7345	258 
7346	209 
7347	234 
7348	210 
7349	276 
7350	161 
7351	105 
7352	267 
7353	173 
7354	129 
7355	14 
7356	211 
7357	172 
7358	86 
7359	66 
7360	246 
7361	262 
7362	262 
7363	73 
7364	75 
7365	171 
7366	82 
7367	20 
7368	231 
7369	265 
7370	1 
7371	180 
7372	117 
7373	246 
7374	112 
7375	73 
7376	218 
7377	49 
7378	210 
7379	2 
7380	271 
7381	291 
7382	1 
7383	245 
7384	267 
7385	171 
7386	13 
7387	275 
7388	213 
7389	76 
7390	245 
7391	81 
7392	9 
7393	268 
7394	292 
7395	156 
7396	101 
7397	173 
7398	32 
7399	184 
7400	32 
7401	238 
7402	201 
7403	42 
7404	79 
7405	43 
7406	195 
7407	174 
7408	211 
7409	30 
7410	193 
7411	127 
7412	127 
7413	245 
7414	33 
7415	250 
7416	32 
7417	71 
7418	108 
7419	89 
7420	42 
7421	157 
7422	20 
7423	161 
7424	63 
7425	285 
7426	63 
7427	75 
7428	138 
7429	43 
7430	13 
7431	172 
7432	22 
7433	139 
7434	291 
7435	49 
7436	287 
7437	118 
7438	32 
7439	179 
7440	63 
7441	12 
7442	188 
7443	192 
7444	245 
7445	280 
7446	162 
7447	201 
7448	131 
7449	79 
7450	66 
7451	2 
7452	91 
7453	173 
7454	22 
7455	268 
7456	137 
7457	102 
7458	20 
7459	157 
7460	32 
7461	66 
7462	73 
7463	43 
7464	14 
7465	246 
7466	241 
7467	123 
7468	219 
7469	219 
7470	281 
7471	41 
7472	117 
7473	57 
7474	137 
7475	281 
7476	259 
7477	71 
7478	16 
7479	81 
7480	179 
7481	162 
7482	89 
7483	21 
7484	75 
7485	7 
7486	32 
7487	103 
7488	215 
7489	103 
7490	9 
7491	250 
7492	151 
7493	127 
7494	72 
7495	104 
7496	110 
7497	108 
7498	3 
7499	99 
7500	13 
7501	127 
7502	132 
7503	116 
7504	20 
7505	224 
7506	45 
7507	174 
7508	112 
7509	76 
7510	86 
7511	170 
7512	180 
7513	88 
7514	184 
7515	12 
7516	166 
7517	272 
7518	14 
7519	36 
7520	104 
7521	156 
7522	210 
7523	215 
7524	88 
7525	30 
7526	57 
7527	133 
7528	75 
7529	179 
7530	275 
7531	73 
7532	292 
7533	7 
7534	115 
7535	178 
7536	23 
7537	291 
7538	81 
7539	72 
7540	169 
7541	116 
7542	79 
7543	162 
7544	45 
7545	172 
7546	182 
7547	116 
7548	103 
7549	147 
7550	125 
7551	133 
7552	43 
7553	169 
7554	291 
7555	220 
7556	76 
7557	291 
7558	108 
7559	124 
7560	159 
7561	63 
7562	281 
7563	270 
7564	289 
7565	270 
7566	81 
7567	102 
7568	233 
7569	263 
7570	291 
7571	79 
7572	285 
7573	176 
7574	177 
7575	117 
7576	7 
7577	42 
7578	102 
7579	139 
7580	209 
7581	266 
7582	68 
7583	233 
7584	259 
7585	71 
7586	73 
7587	91 
7588	12 
7589	7 
7590	134 
7591	234 
7592	54 
7593	137 
7594	73 
7595	271 
7596	80 
7597	219 
7598	275 
7599	131 
7600	182 
7601	61 
7602	48 
7603	106 
7604	179 
7605	274 
7606	101 
7607	285 
7608	173 
7609	219 
7610	147 
7611	289 
7612	260 
7613	272 
7614	179 
7615	210 
7616	133 
7617	160 
7618	192 
7619	184 
7620	138 
7621	192 
7622	106 
7623	72 
7624	81 
7625	133 
7626	151 
7627	106 
7628	157 
7629	268 
7630	263 
7631	129 
7632	88 
7633	72 
7634	105 
7635	189 
7636	105 
7637	58 
7638	169 
7639	141 
7640	173 
7641	82 
7642	21 
7643	71 
7644	87 
7645	266 
7646	122 
7647	267 
7648	112 
7649	170 
7650	190 
7651	73 
7652	82 
7653	161 
7654	88 
7655	9 
7656	127 
7657	99 
7658	125 
7659	262 
7660	189 
7661	130 
7662	266 
7663	147 
7664	109 
7665	115 
7666	187 
7667	23 
7668	263 
7669	20 
7670	277 
7671	127 
7672	134 
7673	289 
7674	118 
7675	115 
7676	124 
7677	2 
7678	125 
7679	7 
7680	133 
7681	14 
7682	3 
7683	68 
7684	32 
7685	212 
7686	16 
7687	264 
7688	276 
7689	212 
7690	91 
7691	76 
7692	266 
7693	125 
7694	179 
7695	41 
7696	262 
7697	91 
7698	34 
7699	20 
7700	195 
7701	291 
7702	138 
7703	284 
7704	18 
7705	266 
7706	213 
7707	118 
7708	76 
7709	231 
7710	110 
7711	30 
7712	284 
7713	162 
7714	215 
7715	246 
7716	112 
7717	289 
7718	58 
7719	151 
7720	79 
7721	197 
7722	125 
7723	86 
7724	267 
7725	91 
7726	246 
7727	138 
7728	234 
7729	262 
7730	13 
7731	184 
7732	281 
7733	159 
7734	190 
7735	41 
7736	134 
7737	110 
7738	292 
7739	177 
7740	92 
7741	159 
7742	263 
7743	291 
7744	81 
7745	101 
7746	30 
7747	253 
7748	276 
7749	139 
7750	258 
7751	9 
7752	141 
7753	218 
7754	2 
7755	173 
7756	130 
7757	161 
7758	231 
7759	2 
7760	89 
7761	41 
7762	75 
7763	87 
7764	43 
7765	275 
7766	151 
7767	267 
7768	77 
7769	159 
7770	213 
7771	259 
7772	180 
7773	1 
7774	123 
7775	125 
7776	162 
7777	215 
7778	13 
7779	1 
7780	212 
7781	261 
7782	272 
7783	281 
7784	103 
7785	30 
7786	166 
7787	66 
7788	133 
7789	268 
7790	253 
7791	159 
7792	263 
7793	86 
7794	30 
7795	266 
7796	103 
7797	289 
7798	262 
7799	54 
7800	42 
7801	127 
7802	233 
7803	108 
7804	141 
7805	54 
7806	268 
7807	215 
7808	245 
7809	129 
7810	188 
7811	104 
7812	264 
7813	172 
7814	151 
7815	88 
7816	192 
7817	84 
7818	108 
7819	174 
7820	209 
7821	156 
7822	198 
7823	121 
7824	261 
7825	127 
7826	138 
7827	77 
7828	116 
7829	125 
7830	87 
7831	152 
7832	102 
7833	2 
7834	139 
7835	228 
7836	115 
7837	101 
7838	16 
7839	238 
7840	285 
7841	88 
7842	180 
7843	271 
7844	277 
7845	170 
7846	215 
7847	122 
7848	156 
7849	24 
7850	188 
7851	166 
7852	106 
7853	127 
7854	171 
7855	118 
7856	73 
7857	48 
7858	171 
7859	105 
7860	106 
7861	89 
7862	76 
7863	122 
7864	173 
7865	21 
7866	260 
7867	57 
7868	108 
7869	280 
7870	30 
7871	66 
7872	23 
7873	18 
7874	129 
7875	127 
7876	43 
7877	271 
7878	42 
7879	174 
7880	18 
7881	291 
7882	116 
7883	215 
7884	77 
7885	78 
7886	147 
7887	88 
7888	45 
7889	141 
7890	292 
7891	287 
7892	9 
7893	147 
7894	105 
7895	177 
7896	245 
7897	171 
7898	84 
7899	139 
7900	166 
7901	192 
7902	118 
7903	213 
7904	108 
7905	190 
7906	139 
7907	58 
7908	75 
7909	161 
7910	75 
7911	14 
7912	262 
7913	182 
7914	162 
7915	106 
7916	20 
7917	253 
7918	215 
7919	268 
7920	21 
7921	285 
7922	130 
7923	193 
7924	84 
7925	87 
7926	16 
7927	130 
7928	153 
7929	201 
7930	77 
7931	212 
7932	267 
7933	116 
7934	184 
7935	77 
7936	118 
7937	215 
7938	174 
7939	246 
7940	289 
7941	84 
7942	238 
7943	117 
7944	108 
7945	137 
7946	15 
7947	271 
7948	43 
7949	16 
7950	210 
7951	292 
7952	224 
7953	139 
7954	147 
7955	215 
7956	234 
7957	3 
7958	219 
7959	57 
7960	30 
7961	76 
7962	161 
7963	72 
7964	178 
7965	276 
7966	104 
7967	80 
7968	178 
7969	160 
7970	266 
7971	15 
7972	127 
7973	228 
7974	115 
7975	277 
7976	267 
7977	194 
7978	54 
7979	211 
7980	122 
7981	233 
7982	194 
7983	133 
7984	81 
7985	134 
7986	130 
7987	259 
7988	231 
7989	21 
7990	80 
7991	238 
7992	270 
7993	118 
7994	156 
7995	177 
7996	108 
7997	14 
7998	34 
7999	262 
8000	123 
8001	134 
8002	187 
8003	166 
8004	15 
8005	118 
8006	285 
8007	281 
8008	82 
8009	210 
8010	1 
8011	106 
8012	108 
8013	212 
8014	253 
8015	182 
8016	197 
8017	201 
8018	188 
8019	73 
8020	57 
8021	275 
8022	193 
8023	41 
8024	159 
8025	180 
8026	215 
8027	112 
8028	174 
8029	190 
8030	172 
8031	92 
8032	29 
8033	238 
8034	151 
8035	82 
8036	21 
8037	246 
8038	228 
8039	102 
8040	3 
8041	73 
8042	287 
8043	195 
8044	263 
8045	76 
8046	238 
8047	36 
8048	103 
8049	287 
8050	7 
8051	259 
8052	157 
8053	215 
8054	57 
8055	275 
8056	116 
8057	184 
8058	81 
8059	71 
8060	88 
8061	246 
8062	9 
8063	112 
8064	228 
8065	182 
8066	99 
8067	61 
8068	267 
8069	30 
8070	30 
8071	250 
8072	57 
8073	69 
8074	138 
8075	101 
8076	72 
8077	250 
8078	23 
8079	277 
8080	84 
8081	81 
8082	123 
8083	89 
8084	29 
8085	32 
8086	153 
8087	110 
8088	209 
8089	162 
8090	218 
8091	172 
8092	99 
8093	159 
8094	129 
8095	284 
8096	66 
8097	173 
8098	43 
8099	32 
8100	276 
8101	41 
8102	270 
8103	121 
8104	88 
8105	184 
8106	130 
8107	228 
8108	246 
8109	238 
8110	30 
8111	170 
8112	209 
8113	68 
8114	121 
8115	246 
8116	267 
8117	201 
8118	15 
8119	66 
8120	115 
8121	57 
8122	147 
8123	187 
8124	267 
8125	170 
8126	20 
8127	195 
8128	152 
8129	213 
8130	182 
8131	209 
8132	7 
8133	281 
8134	63 
8135	130 
8136	193 
8137	3 
8138	82 
8139	69 
8140	103 
8141	24 
8142	151 
8143	86 
8144	75 
8145	58 
8146	45 
8147	147 
8148	176 
8149	161 
8150	88 
8151	212 
8152	174 
8153	176 
8154	212 
8155	178 
8156	188 
8157	30 
8158	16 
8159	33 
8160	179 
8161	180 
8162	81 
8163	139 
8164	91 
8165	92 
8166	161 
8167	73 
8168	275 
8169	260 
8170	45 
8171	116 
8172	219 
8173	238 
8174	121 
8175	209 
8176	276 
8177	238 
8178	138 
8179	218 
8180	103 
8181	82 
8182	76 
8183	174 
8184	89 
8185	72 
8186	81 
8187	166 
8188	9 
8189	112 
8190	105 
8191	201 
8192	61 
8193	133 
8194	277 
8195	42 
8196	29 
8197	160 
8198	134 
8199	194 
8200	30 
8201	72 
8202	108 
8203	194 
8204	127 
8205	79 
8206	215 
8207	87 
8208	61 
8209	211 
8210	14 
8211	253 
8212	292 
8213	174 
8214	117 
8215	220 
8216	127 
8217	103 
8218	103 
8219	9 
8220	82 
8221	92 
8222	211 
8223	75 
8224	12 
8225	49 
8226	129 
8227	184 
8228	125 
8229	212 
8230	71 
8231	125 
8232	54 
8233	241 
8234	86 
8235	49 
8236	1 
8237	12 
8238	166 
8239	160 
8240	263 
8241	253 
8242	233 
8243	63 
8244	281 
8245	137 
8246	82 
8247	108 
8248	173 
8249	3 
8250	13 
8251	1 
8252	9 
8253	45 
8254	245 
8255	272 
8256	260 
8257	198 
8258	241 
8259	176 
8260	63 
8261	172 
8262	14 
8263	289 
8264	134 
8265	178 
8266	41 
8267	2 
8268	81 
8269	162 
8270	109 
8271	178 
8272	7 
8273	18 
8274	193 
8275	157 
8276	157 
8277	33 
8278	41 
8279	104 
8280	198 
8281	30 
8282	211 
8283	180 
8284	292 
8285	264 
8286	15 
8287	42 
8288	194 
8289	263 
8290	215 
8291	57 
8292	276 
8293	110 
8294	291 
8295	73 
8296	188 
8297	162 
8298	275 
8299	33 
8300	292 
8301	89 
8302	182 
8303	161 
8304	153 
8305	32 
8306	33 
8307	78 
8308	33 
8309	72 
8310	263 
8311	270 
8312	264 
8313	45 
8314	253 
8315	84 
8316	156 
8317	198 
8318	195 
8319	188 
8320	280 
8321	287 
8322	127 
8323	18 
8324	102 
8325	32 
8326	151 
8327	134 
8328	24 
8329	81 
8330	21 
8331	187 
8332	13 
8333	179 
8334	103 
8335	29 
8336	41 
8337	109 
8338	32 
8339	285 
8340	54 
8341	133 
8342	30 
8343	21 
8344	174 
8345	268 
8346	109 
8347	198 
8348	20 
8349	78 
8350	289 
8351	134 
8352	127 
8353	124 
8354	287 
8355	263 
8356	178 
8357	118 
8358	234 
8359	30 
8360	133 
8361	103 
8362	177 
8363	174 
8364	152 
8365	192 
8366	188 
8367	268 
8368	78 
8369	15 
8370	193 
8371	66 
8372	108 
8373	277 
8374	219 
8375	80 
8376	139 
8377	30 
8378	246 
8379	178 
8380	262 
8381	192 
8382	231 
8383	182 
8384	66 
8385	166 
8386	13 
8387	1 
8388	112 
8389	91 
8390	238 
8391	105 
8392	139 
8393	41 
8394	23 
8395	71 
8396	81 
8397	49 
8398	219 
8399	284 
8400	84 
8401	124 
8402	166 
8403	267 
8404	184 
8405	152 
8406	246 
8407	267 
8408	124 
8409	287 
8410	2 
8411	109 
8412	134 
8413	157 
8414	211 
8415	23 
8416	125 
8417	219 
8418	57 
8419	263 
8420	234 
8421	104 
8422	108 
8423	109 
8424	41 
8425	194 
8426	125 
8427	281 
8428	57 
8429	246 
8430	69 
8431	245 
8432	134 
8433	190 
8434	3 
8435	170 
8436	75 
8437	219 
8438	116 
8439	213 
8440	23 
8441	54 
8442	45 
8443	209 
8444	12 
8445	151 
8446	180 
8447	121 
8448	267 
8449	3 
8450	285 
8451	116 
8452	280 
8453	116 
8454	292 
8455	43 
8456	121 
8457	81 
8458	262 
8459	72 
8460	75 
8461	99 
8462	109 
8463	157 
8464	147 
8465	20 
8466	213 
8467	162 
8468	101 
8469	30 
8470	268 
8471	245 
8472	198 
8473	79 
8474	71 
8475	86 
8476	116 
8477	193 
8478	134 
8479	63 
8480	170 
8481	43 
8482	43 
8483	139 
8484	192 
8485	125 
8486	281 
8487	127 
8488	262 
8489	162 
8490	104 
8491	152 
8492	218 
8493	173 
8494	134 
8495	130 
8496	179 
8497	192 
8498	188 
8499	20 
8500	110 
8501	190 
8502	287 
8503	198 
8504	280 
8505	291 
8506	201 
8507	101 
8508	211 
8509	112 
8510	246 
8511	130 
8512	123 
8513	79 
8514	160 
8515	18 
8516	58 
8517	275 
8518	270 
8519	266 
8520	75 
8521	179 
8522	160 
8523	289 
8524	209 
8525	81 
8526	190 
8527	147 
8528	190 
8529	157 
8530	104 
8531	15 
8532	84 
8533	42 
8534	20 
8535	123 
8536	231 
8537	80 
8538	89 
8539	263 
8540	151 
8541	87 
8542	77 
8543	23 
8544	173 
8545	234 
8546	184 
8547	268 
8548	246 
8549	66 
8550	86 
8551	45 
8552	184 
8553	280 
8554	58 
8555	263 
8556	68 
8557	101 
8558	116 
8559	104 
8560	86 
8561	79 
8562	104 
8563	156 
8564	43 
8565	76 
8566	147 
8567	86 
8568	209 
8569	3 
8570	289 
8571	153 
8572	115 
8573	162 
8574	115 
8575	9 
8576	153 
8577	161 
8578	68 
8579	198 
8580	42 
8581	195 
8582	124 
8583	75 
8584	18 
8585	125 
8586	66 
8587	198 
8588	86 
8589	88 
8590	166 
8591	115 
8592	41 
8593	75 
8594	178 
8595	69 
8596	198 
8597	21 
8598	68 
8599	116 
8600	3 
8601	9 
8602	116 
8603	2 
8604	134 
8605	198 
8606	188 
8607	267 
8608	264 
8609	219 
8610	159 
8611	32 
8612	66 
8613	170 
8614	139 
8615	33 
8616	108 
8617	88 
8618	108 
8619	198 
8620	76 
8621	267 
8622	160 
8623	198 
8624	87 
8625	177 
8626	123 
8627	177 
8628	210 
8629	228 
8630	180 
8631	33 
8632	101 
8633	162 
8634	190 
8635	71 
8636	104 
8637	234 
8638	20 
8639	162 
8640	116 
8641	18 
8642	201 
8643	178 
8644	109 
8645	162 
8646	57 
8647	198 
8648	268 
8649	231 
8650	184 
8651	112 
8652	79 
8653	89 
8654	48 
8655	125 
8656	77 
8657	287 
8658	15 
8659	275 
8660	108 
8661	49 
8662	69 
8663	238 
8664	130 
8665	201 
8666	127 
8667	264 
8668	21 
8669	277 
8670	127 
8671	133 
8672	101 
8673	125 
8674	280 
8675	210 
8676	291 
8677	291 
8678	79 
8679	3 
8680	42 
8681	101 
8682	194 
8683	69 
8684	281 
8685	138 
8686	151 
8687	264 
8688	1 
8689	212 
8690	49 
8691	116 
8692	133 
8693	99 
8694	86 
8695	112 
8696	151 
8697	234 
8698	264 
8699	179 
8700	171 
8701	170 
8702	267 
8703	280 
8704	178 
8705	109 
8706	219 
8707	212 
8708	3 
8709	178 
8710	1 
8711	201 
8712	178 
8713	194 
8714	289 
8715	124 
8716	160 
8717	277 
8718	33 
8719	219 
8720	109 
8721	76 
8722	102 
8723	245 
8724	57 
8725	157 
8726	201 
8727	116 
8728	238 
8729	71 
8730	179 
8731	238 
8732	127 
8733	43 
8734	266 
8735	3 
8736	33 
8737	125 
8738	75 
8739	262 
8740	267 
8741	116 
8742	57 
8743	182 
8744	266 
8745	194 
8746	246 
8747	106 
8748	156 
8749	180 
8750	276 
8751	198 
8752	30 
8753	49 
8754	179 
8755	69 
8756	88 
8757	109 
8758	133 
8759	289 
8760	123 
8761	105 
8762	99 
8763	172 
8764	45 
8765	80 
8766	170 
8767	81 
8768	110 
8769	184 
8770	162 
8771	173 
8772	58 
8773	15 
8774	179 
8775	262 
8776	42 
8777	81 
8778	231 
8779	275 
8780	267 
8781	289 
8782	49 
8783	57 
8784	287 
8785	2 
8786	102 
8787	218 
8788	20 
8789	198 
8790	102 
8791	195 
8792	228 
8793	49 
8794	219 
8795	77 
8796	13 
8797	171 
8798	174 
8799	99 
8800	106 
8801	21 
8802	81 
8803	174 
8804	190 
8805	159 
8806	103 
8807	80 
8808	198 
8809	139 
8810	180 
8811	280 
8812	3 
8813	159 
8814	172 
8815	125 
8816	291 
8817	192 
8818	159 
8819	266 
8820	110 
8821	54 
8822	159 
8823	188 
8824	174 
8825	125 
8826	49 
8827	84 
8828	30 
8829	246 
8830	192 
8831	78 
8832	115 
8833	171 
8834	188 
8835	76 
8836	3 
8837	212 
8838	118 
8839	281 
8840	201 
8841	134 
8842	160 
8843	287 
8844	267 
8845	245 
8846	127 
8847	177 
8848	161 
8849	125 
8850	87 
8851	30 
8852	151 
8853	45 
8854	81 
8855	69 
8856	139 
8857	287 
8858	125 
8859	20 
8860	212 
8861	99 
8862	238 
8863	88 
8864	292 
8865	187 
8866	153 
8867	218 
8868	285 
8869	134 
8870	264 
8871	160 
8872	156 
8873	267 
8874	263 
8875	289 
8876	103 
8877	12 
8878	30 
8879	134 
8880	125 
8881	41 
8882	267 
8883	219 
8884	32 
8885	171 
8886	110 
8887	281 
8888	78 
8889	171 
8890	133 
8891	289 
8892	130 
8893	30 
8894	184 
8895	20 
8896	289 
8897	12 
8898	13 
8899	130 
8900	32 
8901	115 
8902	88 
8903	115 
8904	12 
8905	228 
8906	108 
8907	54 
8908	289 
8909	124 
8910	30 
8911	68 
8912	2 
8913	188 
8914	194 
8915	1 
8916	2 
8917	234 
8918	81 
8919	178 
8920	174 
8921	76 
8922	263 
8923	246 
8924	228 
8925	267 
8926	116 
8927	151 
8928	211 
8929	57 
8930	116 
8931	178 
8932	287 
8933	285 
8934	110 
8935	153 
8936	188 
8937	54 
8938	88 
8939	138 
8940	147 
8941	289 
8942	72 
8943	88 
8944	219 
8945	13 
8946	211 
8947	133 
8948	159 
8949	71 
8950	77 
8951	106 
8952	292 
8953	268 
8954	179 
8955	57 
8956	139 
8957	133 
8958	23 
8959	177 
8960	178 
8961	87 
8962	81 
8963	219 
8964	153 
8965	33 
8966	201 
8967	2 
8968	178 
8969	201 
8970	287 
8971	267 
8972	9 
8973	275 
8974	68 
8975	180 
8976	127 
8977	160 
8978	125 
8979	178 
8980	172 
8981	116 
8982	228 
8983	139 
8984	125 
8985	42 
8986	291 
8987	1 
8988	291 
8989	108 
8990	123 
8991	108 
8992	110 
8993	184 
8994	211 
8995	78 
8996	264 
8997	116 
8998	77 
8999	124 
9000	291 
9001	153 
9002	160 
9003	124 
9004	108 
9005	32 
9006	192 
9007	2 
9008	24 
9009	103 
9010	133 
9011	106 
9012	68 
9013	281 
9014	77 
9015	112 
9016	20 
9017	99 
9018	281 
9019	264 
9020	2 
9021	151 
9022	280 
9023	106 
9024	162 
9025	49 
9026	24 
9027	276 
9028	276 
9029	88 
9030	84 
9031	115 
9032	219 
9033	277 
9034	66 
9035	23 
9036	123 
9037	138 
9038	115 
9039	211 
9040	212 
9041	267 
9042	124 
9043	3 
9044	134 
9045	75 
9046	285 
9047	15 
9048	30 
9049	109 
9050	180 
9051	81 
9052	171 
9053	139 
9054	104 
9055	174 
9056	86 
9057	292 
9058	162 
9059	21 
9060	58 
9061	228 
9062	211 
9063	263 
9064	45 
9065	30 
9066	99 
9067	184 
9068	280 
9069	153 
9070	166 
9071	88 
9072	88 
9073	180 
9074	268 
9075	195 
9076	287 
9077	275 
9078	12 
9079	263 
9080	24 
9081	194 
9082	130 
9083	173 
9084	32 
9085	228 
9086	112 
9087	159 
9088	281 
9089	13 
9090	42 
9091	124 
9092	77 
9093	3 
9094	287 
9095	73 
9096	194 
9097	138 
9098	106 
9099	190 
9100	159 
9101	77 
9102	184 
9103	110 
9104	2 
9105	275 
9106	263 
9107	108 
9108	285 
9109	71 
9110	277 
9111	86 
9112	45 
9113	157 
9114	130 
9115	68 
9116	32 
9117	156 
9118	262 
9119	210 
9120	77 
9121	13 
9122	179 
9123	166 
9124	75 
9125	285 
9126	179 
9127	21 
9128	104 
9129	33 
9130	173 
9131	188 
9132	125 
9133	134 
9134	192 
9135	108 
9136	104 
9137	1 
9138	263 
9139	88 
9140	88 
9141	12 
9142	127 
9143	138 
9144	99 
9145	54 
9146	115 
9147	263 
9148	45 
9149	49 
9150	219 
9151	125 
9152	215 
9153	108 
9154	41 
9155	184 
9156	134 
9157	13 
9158	166 
9159	172 
9160	276 
9161	102 
9162	54 
9163	69 
9164	166 
9165	285 
9166	134 
9167	287 
9168	109 
9169	263 
9170	266 
9171	20 
9172	291 
9173	211 
9174	130 
9175	110 
9176	172 
9177	277 
9178	266 
9179	139 
9180	1 
9181	133 
9182	21 
9183	103 
9184	156 
9185	41 
9186	276 
9187	179 
9188	172 
9189	211 
9190	190 
9191	275 
9192	79 
9193	112 
9194	79 
9195	133 
9196	180 
9197	267 
9198	262 
9199	215 
9200	292 
9201	3 
9202	198 
9203	87 
9204	292 
9205	3 
9206	267 
9207	285 
9208	238 
9209	171 
9210	30 
9211	190 
9212	88 
9213	182 
9214	86 
9215	188 
9216	112 
9217	292 
9218	133 
9219	198 
9220	281 
9221	173 
9222	78 
9223	238 
9224	179 
9225	133 
9226	103 
9227	291 
9228	123 
9229	49 
9230	171 
9231	156 
9232	71 
9233	49 
9234	219 
9235	166 
9236	228 
9237	103 
9238	109 
9239	110 
9240	20 
9241	109 
9242	268 
9243	156 
9244	133 
9245	78 
9246	178 
9247	30 
9248	108 
9249	71 
9250	103 
9251	54 
9252	153 
9253	184 
9254	194 
9255	246 
9256	3 
9257	103 
9258	81 
9259	156 
9260	171 
9261	263 
9262	198 
9263	188 
9264	104 
9265	87 
9266	76 
9267	156 
9268	110 
9269	79 
9270	285 
9271	87 
9272	76 
9273	81 
9274	188 
9275	110 
9276	160 
9277	138 
9278	147 
9279	153 
9280	277 
9281	86 
9282	78 
9283	81 
9284	246 
9285	21 
9286	201 
9287	77 
9288	234 
9289	198 
9290	287 
9291	180 
9292	173 
9293	32 
9294	77 
9295	266 
9296	285 
9297	159 
9298	123 
9299	266 
9300	68 
9301	289 
9302	190 
9303	156 
9304	246 
9305	102 
9306	151 
9307	41 
9308	138 
9309	198 
9310	112 
9311	88 
9312	267 
9313	2 
9314	42 
9315	30 
9316	115 
9317	41 
9318	211 
9319	133 
9320	68 
9321	289 
9322	21 
9323	134 
9324	215 
9325	267 
9326	102 
9327	173 
9328	266 
9329	116 
9330	211 
9331	179 
9332	86 
9333	109 
9334	115 
9335	171 
9336	110 
9337	76 
9338	3 
9339	179 
9340	209 
9341	178 
9342	267 
9343	266 
9344	156 
9345	157 
9346	15 
9347	281 
9348	160 
9349	68 
9350	71 
9351	127 
9352	173 
9353	173 
9354	292 
9355	201 
9356	219 
9357	33 
9358	73 
9359	184 
9360	20 
9361	84 
9362	173 
9363	287 
9364	130 
9365	179 
9366	285 
9367	178 
9368	234 
9369	281 
9370	173 
9371	99 
9372	263 
9373	125 
9374	190 
9375	160 
9376	291 
9377	103 
9378	281 
9379	108 
9380	285 
9381	45 
9382	198 
9383	219 
9384	291 
9385	238 
9386	2 
9387	291 
9388	104 
9389	267 
9390	219 
9391	134 
9392	292 
9393	151 
9394	160 
9395	267 
9396	57 
9397	134 
9398	211 
9399	130 
9400	109 
9401	275 
9402	106 
9403	263 
9404	159 
9405	198 
9406	88 
9407	162 
9408	13 
9409	103 
9410	172 
9411	78 
9412	188 
9413	263 
9414	109 
9415	285 
9416	130 
9417	190 
9418	166 
9419	198 
9420	13 
9421	188 
9422	275 
9423	147 
9424	276 
9425	75 
9426	262 
9427	2 
9428	211 
9429	110 
9430	71 
9431	71 
9432	156 
9433	116 
9434	130 
9435	268 
9436	41 
9437	267 
9438	190 
9439	267 
9440	179 
9441	287 
9442	162 
9443	127 
9444	88 
9445	88 
9446	106 
9447	180 
9448	79 
9449	79 
9450	123 
9451	115 
9452	178 
9453	172 
9454	287 
9455	267 
9456	79 
9457	238 
9458	211 
9459	54 
9460	49 
9461	277 
9462	246 
9463	262 
9464	289 
9465	86 
9466	245 
9467	33 
9468	166 
9469	138 
9470	125 
9471	112 
9472	266 
9473	115 
9474	162 
9475	30 
9476	75 
9477	289 
9478	198 
9479	79 
9480	106 
9481	287 
9482	3 
9483	201 
9484	106 
9485	157 
9486	69 
9487	147 
9488	30 
9489	13 
9490	173 
9491	20 
9492	289 
9493	41 
9494	153 
9495	3 
9496	195 
9497	104 
9498	289 
9499	125 
9500	173 
9501	172 
9502	49 
9503	81 
9504	78 
9505	2 
9506	238 
9507	116 
9508	73 
9509	166 
9510	41 
9511	86 
9512	287 
9513	45 
9514	3 
9515	112 
9516	127 
9517	166 
9518	156 
9519	77 
9520	32 
9521	73 
9522	112 
9523	238 
9524	238 
9525	3 
9526	112 
9527	139 
9528	211 
9529	49 
9530	99 
9531	171 
9532	195 
9533	123 
9534	57 
9535	32 
9536	267 
9537	180 
9538	215 
9539	69 
9540	104 
9541	277 
9542	160 
9543	13 
9544	182 
9545	112 
9546	171 
9547	174 
9548	73 
9549	88 
9550	78 
9551	20 
9552	195 
9553	275 
9554	246 
9555	285 
9556	68 
9557	157 
9558	68 
9559	68 
9560	263 
9561	195 
9562	156 
9563	84 
9564	104 
9565	180 
9566	54 
9567	153 
9568	73 
9569	287 
9570	69 
9571	30 
9572	182 
9573	68 
9574	2 
9575	289 
9576	49 
9577	287 
9578	246 
9579	292 
9580	174 
9581	268 
9582	112 
9583	262 
9584	3 
9585	263 
9586	172 
9587	178 
9588	13 
9589	57 
9590	69 
9591	268 
9592	160 
9593	32 
9594	45 
9595	262 
9596	32 
9597	188 
9598	201 
9599	281 
9600	104 
9601	13 
9602	15 
9603	99 
9604	178 
9605	219 
9606	184 
9607	179 
9608	123 
9609	160 
9610	112 
9611	234 
9612	171 
9613	49 
9614	75 
9615	45 
9616	160 
9617	134 
9618	291 
9619	180 
9620	1 
9621	198 
9622	172 
9623	45 
9624	285 
9625	275 
9626	15 
9627	268 
9628	153 
9629	30 
9630	263 
9631	69 
9632	198 
9633	178 
9634	30 
9635	246 
9636	86 
9637	173 
9638	41 
9639	78 
9640	267 
9641	268 
9642	108 
9643	266 
9644	30 
9645	68 
9646	103 
9647	79 
9648	20 
9649	73 
9650	262 
9651	73 
9652	76 
9653	103 
9654	160 
9655	115 
9656	275 
9657	215 
9658	116 
9659	84 
9660	81 
9661	287 
9662	88 
9663	166 
9664	75 
9665	198 
9666	195 
9667	182 
9668	1 
9669	57 
9670	73 
9671	160 
9672	123 
9673	157 
9674	81 
9675	178 
9676	78 
9677	134 
9678	292 
9679	264 
9680	198 
9681	267 
9682	276 
9683	172 
9684	104 
9685	281 
9686	262 
9687	182 
9688	178 
9689	75 
9690	41 
9691	49 
9692	190 
9693	73 
9694	54 
9695	30 
9696	195 
9697	15 
9698	103 
9699	157 
9700	188 
9701	157 
9702	88 
9703	159 
9704	41 
9705	13 
9706	1 
9707	104 
9708	276 
9709	276 
9710	15 
9711	156 
9712	108 
9713	13 
9714	2 
9715	77 
9716	172 
9717	268 
9718	41 
9719	160 
9720	246 
9721	108 
9722	211 
9723	281 
9724	45 
9725	109 
9726	13 
9727	178 
9728	211 
9729	112 
9730	246 
9731	108 
9732	57 
9733	45 
9734	184 
9735	84 
9736	32 
9737	32 
9738	246 
9739	45 
9740	106 
9741	263 
9742	125 
9743	178 
9744	13 
9745	215 
9746	41 
9747	103 
9748	159 
9749	78 
9750	179 
9751	291 
9752	172 
9753	190 
9754	285 
9755	45 
9756	77 
9757	78 
9758	45 
9759	190 
9760	78 
9761	267 
9762	116 
9763	275 
9764	45 
9765	32 
9766	291 
9767	108 
9768	123 
9769	68 
9770	54 
9771	125 
9772	41 
9773	116 
9774	262 
9775	264 
9776	1 
9777	108 
9778	266 
9779	159 
9780	198 
9781	267 
9782	1 
9783	73 
9784	287 
9785	275 
9786	84 
9787	88 
9788	285 
9789	49 
9790	68 
9791	125 
9792	125 
9793	127 
9794	134 
9795	291 
9796	127 
9797	2 
9798	125 
9799	172 
9800	32 
9801	81 
9802	173 
9803	84 
9804	264 
9805	184 
9806	179 
9807	285 
9808	275 
9809	109 
9810	88 
9811	78 
9812	41 
9813	180 
9814	289 
9815	156 
9816	173 
9817	263 
9818	68 
9819	162 
9820	88 
9821	45 
9822	267 
9823	20 
9824	1 
9825	275 
9826	156 
9827	109 
9828	3 
9829	162 
9830	162 
9831	190 
9832	79 
9833	81 
9834	45 
9835	73 
9836	2 
9837	179 
9838	123 
9839	291 
9840	54 
9841	264 
9842	157 
9843	13 
9844	285 
9845	162 
9846	287 
9847	291 
9848	285 
9849	73 
9850	211 
9851	159 
9852	112 
9853	81 
9854	267 
9855	178 
9856	109 
9857	162 
9858	134 
9859	45 
9860	109 
9861	166 
9862	134 
9863	198 
9864	78 
9865	275 
9866	123 
9867	108 
9868	57 
9869	57 
9870	30 
9871	162 
9872	125 
9873	267 
9874	285 
9875	287 
9876	159 
9877	134 
9878	219 
9879	81 
9880	45 
9881	157 
9882	20 
9883	289 
9884	45 
9885	198 
9886	20 
9887	57 
9888	182 
9889	190 
9890	281 
9891	45 
9892	45 
9893	125 
9894	77 
9895	238 
9896	20 
9897	289 
9898	162 
9899	77 
9900	81 
9901	125 
9902	178 
9903	173 
9904	30 
9905	68 
9906	125 
9907	115 
9908	112 
9909	15 
9910	20 
9911	116 
9912	78 
9913	182 
9914	32 
9915	54 
9916	157 
9917	264 
9918	125 
9919	79 
9920	198 
9921	182 
9922	108 
9923	13 
9924	13 
9925	289 
9926	77 
9927	219 
9928	81 
9929	57 
9930	112 
9931	287 
9932	123 
9933	285 
9934	291 
9935	289 
9936	285 
9937	49 
9938	1 
9939	219 
9940	267 
9941	15 
9942	264 
9943	127 
9944	178 
9945	57 
9946	73 
9947	263 
9948	133 
9949	81 
9950	109 
9951	162 
9952	2 
9953	134 
9954	179 
9955	112 
9956	285 
9957	57 
9958	32 
9959	30 
9960	246 
9961	106 
9962	109 
9963	246 
9964	182 
9965	109 
9966	79 
9967	112 
9968	1 
9969	125 
9970	162 
9971	289 
9972	13 
9973	263 
9974	173 
9975	77 
9976	20 
9977	287 
9978	127 
9979	115 
9980	127 
9981	178 
9982	77 
9983	125 
9984	112 
9985	103 
9986	287 
9987	285 
9988	54 
9989	15 
9990	30 
9991	81 
9992	127 
9993	41 
9994	162 
9995	41 
9996	81 
9997	73 
9998	285 
9999	88 
10000	211 
