1	236 
2	70 
3	261 
4	103 
5	216 
6	198 
7	1 
8	23 
9	244 
10	107 
11	254 
12	141 
13	239 
14	50 
15	90 
16	253 
17	202 
18	107 
19	119 
20	95 
21	214 
22	102 
23	240 
24	218 
25	66 
26	244 
27	129 
28	148 
29	143 
30	76 
31	122 
32	264 
33	37 
34	63 
35	51 
36	254 
37	19 
38	154 
39	132 
40	93 
41	91 
42	95 
43	233 
44	229 
45	14 
46	86 
47	108 
48	166 
49	268 
50	182 
51	40 
52	275 
53	172 
54	267 
55	47 
56	166 
57	171 
58	24 
59	270 
60	117 
61	61 
62	236 
63	224 
64	88 
65	240 
66	10 
67	240 
68	166 
69	101 
70	85 
71	41 
72	31 
73	125 
74	191 
75	16 
76	34 
77	70 
78	57 
79	121 
80	224 
81	34 
82	248 
83	260 
84	83 
85	51 
86	34 
87	125 
88	5 
89	175 
90	238 
91	270 
92	107 
93	36 
94	122 
95	234 
96	56 
97	137 
98	99 
99	150 
100	221 
101	88 
102	180 
103	172 
104	64 
105	232 
106	218 
107	50 
108	246 
109	155 
110	56 
111	13 
112	270 
113	89 
114	94 
115	255 
116	252 
117	105 
118	107 
119	167 
120	80 
121	164 
122	92 
123	236 
124	59 
125	135 
126	227 
127	265 
128	118 
129	41 
130	213 
131	134 
132	223 
133	236 
134	109 
135	268 
136	254 
137	73 
138	206 
139	149 
140	268 
141	209 
142	23 
143	93 
144	136 
145	145 
146	113 
147	18 
148	39 
149	117 
150	85 
151	134 
152	254 
153	189 
154	1 
155	121 
156	107 
157	80 
158	131 
159	253 
160	84 
161	254 
162	273 
163	49 
164	251 
165	255 
166	239 
167	156 
168	125 
169	96 
170	28 
171	45 
172	100 
173	147 
174	24 
175	251 
176	134 
177	70 
178	167 
179	68 
180	220 
181	90 
182	194 
183	24 
184	218 
185	116 
186	175 
187	270 
188	47 
189	107 
190	206 
191	88 
192	73 
193	252 
194	255 
195	71 
196	141 
197	272 
198	184 
199	64 
200	23 
201	270 
202	180 
203	138 
204	214 
205	44 
206	167 
207	153 
208	228 
209	267 
210	229 
211	194 
212	112 
213	63 
214	88 
215	117 
216	136 
217	46 
218	149 
219	88 
220	26 
221	188 
222	135 
223	171 
224	219 
225	55 
226	79 
227	256 
228	4 
229	173 
230	152 
231	243 
232	246 
233	227 
234	124 
235	183 
236	208 
237	50 
238	233 
239	142 
240	151 
241	247 
242	91 
243	13 
244	51 
245	169 
246	226 
247	134 
248	73 
249	219 
250	235 
251	260 
252	182 
253	105 
254	27 
255	130 
256	117 
257	52 
258	261 
259	84 
260	167 
261	210 
262	230 
263	257 
264	171 
265	232 
266	51 
267	141 
268	120 
269	274 
270	173 
271	131 
272	167 
273	51 
274	198 
275	277 
276	271 
277	167 
278	174 
279	188 
280	152 
281	46 
282	39 
283	69 
284	39 
285	170 
286	146 
287	195 
288	67 
289	52 
290	264 
291	231 
292	271 
293	263 
294	173 
295	29 
296	230 
297	12 
298	71 
299	210 
300	129 
301	73 
302	131 
303	141 
304	88 
305	119 
306	118 
307	88 
308	116 
309	162 
310	74 
311	220 
312	21 
313	133 
314	169 
315	230 
316	125 
317	174 
318	144 
319	214 
320	230 
321	3 
322	270 
323	56 
324	231 
325	13 
326	167 
327	243 
328	148 
329	43 
330	209 
331	14 
332	211 
333	193 
334	195 
335	72 
336	182 
337	31 
338	229 
339	20 
340	55 
341	45 
342	132 
343	169 
344	256 
345	62 
346	115 
347	206 
348	143 
349	214 
350	167 
351	226 
352	7 
353	69 
354	207 
355	245 
356	241 
357	183 
358	20 
359	2 
360	84 
361	169 
362	98 
363	195 
364	218 
365	91 
366	109 
367	110 
368	119 
369	37 
370	21 
371	82 
372	139 
373	77 
374	167 
375	60 
376	253 
377	193 
378	2 
379	264 
380	115 
381	37 
382	157 
383	138 
384	137 
385	100 
386	199 
387	156 
388	129 
389	63 
390	24 
391	137 
392	88 
393	246 
394	258 
395	99 
396	239 
397	275 
398	153 
399	266 
400	25 
401	23 
402	226 
403	270 
404	178 
405	97 
406	5 
407	239 
408	116 
409	212 
410	168 
411	233 
412	175 
413	263 
414	158 
415	114 
416	130 
417	177 
418	115 
419	112 
420	164 
421	175 
422	221 
423	244 
424	200 
425	240 
426	198 
427	167 
428	90 
429	39 
430	98 
431	252 
432	146 
433	63 
434	141 
435	51 
436	193 
437	231 
438	118 
439	240 
440	59 
441	132 
442	82 
443	5 
444	149 
445	76 
446	59 
447	24 
448	53 
449	92 
450	239 
451	139 
452	98 
453	229 
454	118 
455	194 
456	272 
457	222 
458	249 
459	268 
460	83 
461	163 
462	20 
463	134 
464	213 
465	64 
466	144 
467	102 
468	214 
469	119 
470	242 
471	13 
472	18 
473	190 
474	17 
475	56 
476	218 
477	65 
478	218 
479	213 
480	231 
481	245 
482	262 
483	181 
484	187 
485	209 
486	272 
487	149 
488	45 
489	254 
490	38 
491	102 
492	274 
493	240 
494	109 
495	175 
496	20 
497	143 
498	160 
499	132 
500	277 
501	166 
502	236 
503	183 
504	151 
505	198 
506	61 
507	195 
508	74 
509	251 
510	82 
511	188 
512	256 
513	110 
514	155 
515	40 
516	141 
517	232 
518	2 
519	53 
520	16 
521	232 
522	110 
523	216 
524	89 
525	228 
526	221 
527	69 
528	115 
529	163 
530	250 
531	71 
532	107 
533	101 
534	217 
535	81 
536	22 
537	96 
538	112 
539	156 
540	152 
541	229 
542	10 
543	129 
544	97 
545	239 
546	213 
547	183 
548	205 
549	121 
550	78 
551	240 
552	121 
553	94 
554	109 
555	91 
556	79 
557	32 
558	5 
559	207 
560	243 
561	163 
562	136 
563	162 
564	159 
565	265 
566	157 
567	212 
568	107 
569	87 
570	247 
571	148 
572	153 
573	7 
574	239 
575	110 
576	220 
577	35 
578	28 
579	114 
580	16 
581	90 
582	142 
583	265 
584	208 
585	125 
586	36 
587	165 
588	233 
589	88 
590	274 
591	159 
592	86 
593	262 
594	83 
595	214 
596	216 
597	202 
598	130 
599	190 
600	257 
601	159 
602	193 
603	177 
604	122 
605	170 
606	29 
607	216 
608	129 
609	225 
610	167 
611	43 
612	256 
613	150 
614	167 
615	56 
616	160 
617	220 
618	166 
619	261 
620	125 
621	259 
622	100 
623	233 
624	139 
625	55 
626	143 
627	88 
628	206 
629	252 
630	18 
631	260 
632	240 
633	114 
634	260 
635	239 
636	172 
637	143 
638	51 
639	274 
640	263 
641	157 
642	61 
643	257 
644	273 
645	208 
646	86 
647	264 
648	260 
649	246 
650	156 
651	58 
652	193 
653	277 
654	52 
655	38 
656	155 
657	48 
658	263 
659	136 
660	113 
661	208 
662	44 
663	164 
664	207 
665	1 
666	253 
667	96 
668	199 
669	255 
670	131 
671	39 
672	18 
673	78 
674	42 
675	181 
676	151 
677	158 
678	93 
679	222 
680	222 
681	64 
682	250 
683	98 
684	166 
685	167 
686	224 
687	10 
688	267 
689	143 
690	48 
691	224 
692	252 
693	256 
694	255 
695	24 
696	117 
697	145 
698	162 
699	121 
700	239 
701	16 
702	143 
703	110 
704	215 
705	74 
706	189 
707	160 
708	192 
709	214 
710	93 
711	72 
712	110 
713	158 
714	224 
715	71 
716	276 
717	206 
718	208 
719	1 
720	252 
721	174 
722	180 
723	257 
724	156 
725	9 
726	182 
727	262 
728	42 
729	252 
730	265 
731	157 
732	219 
733	100 
734	176 
735	185 
736	202 
737	128 
738	52 
739	60 
740	39 
741	255 
742	139 
743	178 
744	216 
745	141 
746	239 
747	92 
748	234 
749	48 
750	138 
751	147 
752	72 
753	109 
754	26 
755	191 
756	115 
757	268 
758	129 
759	86 
760	268 
761	161 
762	266 
763	88 
764	261 
765	149 
766	277 
767	227 
768	143 
769	267 
770	158 
771	124 
772	222 
773	224 
774	148 
775	166 
776	48 
777	188 
778	147 
779	252 
780	51 
781	184 
782	18 
783	193 
784	39 
785	170 
786	188 
787	68 
788	160 
789	42 
790	212 
791	208 
792	57 
793	96 
794	62 
795	87 
796	16 
797	264 
798	134 
799	124 
800	101 
801	223 
802	103 
803	167 
804	123 
805	239 
806	82 
807	173 
808	250 
809	120 
810	161 
811	39 
812	208 
813	163 
814	36 
815	245 
816	177 
817	272 
818	139 
819	85 
820	113 
821	16 
822	137 
823	165 
824	3 
825	252 
826	195 
827	277 
828	51 
829	75 
830	246 
831	157 
832	108 
833	75 
834	135 
835	176 
836	187 
837	240 
838	185 
839	202 
840	199 
841	124 
842	122 
843	268 
844	172 
845	145 
846	37 
847	101 
848	61 
849	189 
850	154 
851	191 
852	158 
853	53 
854	174 
855	195 
856	209 
857	163 
858	222 
859	66 
860	185 
861	269 
862	172 
863	151 
864	33 
865	203 
866	3 
867	239 
868	117 
869	229 
870	68 
871	10 
872	201 
873	100 
874	92 
875	135 
876	223 
877	48 
878	102 
879	88 
880	237 
881	192 
882	224 
883	230 
884	159 
885	230 
886	180 
887	134 
888	245 
889	97 
890	198 
891	36 
892	265 
893	240 
894	268 
895	53 
896	76 
897	166 
898	165 
899	120 
900	162 
901	185 
902	43 
903	169 
904	268 
905	101 
906	240 
907	11 
908	222 
909	39 
910	229 
911	35 
912	237 
913	180 
914	78 
915	47 
916	98 
917	166 
918	140 
919	101 
920	88 
921	144 
922	240 
923	93 
924	216 
925	49 
926	7 
927	172 
928	277 
929	124 
930	198 
931	254 
932	232 
933	45 
934	41 
935	115 
936	209 
937	13 
938	188 
939	211 
940	31 
941	48 
942	243 
943	77 
944	99 
945	181 
946	252 
947	10 
948	269 
949	219 
950	170 
951	64 
952	238 
953	167 
954	94 
955	167 
956	146 
957	123 
958	83 
959	247 
960	118 
961	13 
962	84 
963	72 
964	141 
965	117 
966	174 
967	69 
968	166 
969	34 
970	10 
971	5 
972	205 
973	77 
974	236 
975	221 
976	80 
977	157 
978	161 
979	13 
980	109 
981	231 
982	44 
983	162 
984	230 
985	136 
986	190 
987	240 
988	119 
989	94 
990	93 
991	254 
992	276 
993	134 
994	116 
995	121 
996	152 
997	191 
998	11 
999	268 
1000	138 
1001	184 
1002	152 
1003	111 
1004	259 
1005	39 
1006	262 
1007	250 
1008	76 
1009	147 
1010	35 
1011	211 
1012	84 
1013	270 
1014	24 
1015	87 
1016	271 
1017	12 
1018	253 
1019	219 
1020	172 
1021	77 
1022	23 
1023	136 
1024	107 
1025	244 
1026	227 
1027	247 
1028	51 
1029	16 
1030	117 
1031	254 
1032	13 
1033	115 
1034	195 
1035	43 
1036	194 
1037	248 
1038	6 
1039	139 
1040	216 
1041	156 
1042	236 
1043	88 
1044	277 
1045	264 
1046	16 
1047	144 
1048	99 
1049	12 
1050	217 
1051	264 
1052	202 
1053	192 
1054	26 
1055	171 
1056	52 
1057	257 
1058	16 
1059	112 
1060	190 
1061	65 
1062	61 
1063	274 
1064	181 
1065	190 
1066	200 
1067	98 
1068	93 
1069	177 
1070	223 
1071	130 
1072	224 
1073	177 
1074	28 
1075	13 
1076	16 
1077	236 
1078	131 
1079	83 
1080	217 
1081	134 
1082	46 
1083	162 
1084	145 
1085	112 
1086	128 
1087	32 
1088	38 
1089	16 
1090	211 
1091	181 
1092	155 
1093	124 
1094	233 
1095	89 
1096	52 
1097	104 
1098	138 
1099	123 
1100	1 
1101	53 
1102	41 
1103	19 
1104	42 
1105	37 
1106	176 
1107	249 
1108	78 
1109	110 
1110	49 
1111	251 
1112	165 
1113	225 
1114	39 
1115	272 
1116	7 
1117	94 
1118	254 
1119	39 
1120	262 
1121	262 
1122	83 
1123	236 
1124	150 
1125	139 
1126	85 
1127	190 
1128	186 
1129	82 
1130	39 
1131	208 
1132	203 
1133	171 
1134	153 
1135	111 
1136	193 
1137	134 
1138	224 
1139	208 
1140	100 
1141	187 
1142	158 
1143	33 
1144	183 
1145	179 
1146	179 
1147	189 
1148	206 
1149	135 
1150	45 
1151	58 
1152	117 
1153	187 
1154	246 
1155	252 
1156	160 
1157	182 
1158	29 
1159	81 
1160	210 
1161	145 
1162	109 
1163	144 
1164	203 
1165	153 
1166	200 
1167	44 
1168	68 
1169	180 
1170	23 
1171	208 
1172	265 
1173	198 
1174	167 
1175	78 
1176	127 
1177	171 
1178	215 
1179	76 
1180	69 
1181	28 
1182	143 
1183	61 
1184	179 
1185	246 
1186	200 
1187	39 
1188	204 
1189	248 
1190	107 
1191	272 
1192	243 
1193	263 
1194	57 
1195	3 
1196	240 
1197	152 
1198	146 
1199	128 
1200	134 
1201	170 
1202	92 
1203	51 
1204	115 
1205	134 
1206	121 
1207	243 
1208	42 
1209	51 
1210	14 
1211	97 
1212	167 
1213	152 
1214	51 
1215	245 
1216	107 
1217	42 
1218	218 
1219	25 
1220	99 
1221	180 
1222	146 
1223	102 
1224	167 
1225	263 
1226	273 
1227	21 
1228	128 
1229	209 
1230	144 
1231	110 
1232	166 
1233	100 
1234	212 
1235	245 
1236	124 
1237	52 
1238	144 
1239	125 
1240	232 
1241	75 
1242	276 
1243	124 
1244	115 
1245	125 
1246	229 
1247	15 
1248	149 
1249	158 
1250	177 
1251	59 
1252	158 
1253	129 
1254	109 
1255	87 
1256	118 
1257	168 
1258	15 
1259	170 
1260	161 
1261	217 
1262	97 
1263	5 
1264	10 
1265	184 
1266	194 
1267	112 
1268	86 
1269	147 
1270	170 
1271	230 
1272	148 
1273	128 
1274	231 
1275	169 
1276	181 
1277	36 
1278	77 
1279	264 
1280	192 
1281	88 
1282	172 
1283	76 
1284	47 
1285	31 
1286	149 
1287	74 
1288	152 
1289	74 
1290	117 
1291	220 
1292	190 
1293	69 
1294	124 
1295	228 
1296	195 
1297	7 
1298	162 
1299	91 
1300	196 
1301	22 
1302	222 
1303	52 
1304	220 
1305	78 
1306	13 
1307	202 
1308	146 
1309	129 
1310	162 
1311	234 
1312	37 
1313	28 
1314	15 
1315	218 
1316	51 
1317	240 
1318	39 
1319	195 
1320	62 
1321	65 
1322	175 
1323	3 
1324	268 
1325	40 
1326	67 
1327	4 
1328	74 
1329	61 
1330	82 
1331	75 
1332	237 
1333	75 
1334	258 
1335	165 
1336	242 
1337	56 
1338	56 
1339	235 
1340	112 
1341	148 
1342	174 
1343	240 
1344	165 
1345	131 
1346	54 
1347	48 
1348	206 
1349	237 
1350	132 
1351	53 
1352	276 
1353	34 
1354	97 
1355	134 
1356	115 
1357	224 
1358	106 
1359	177 
1360	8 
1361	11 
1362	263 
1363	258 
1364	124 
1365	82 
1366	212 
1367	68 
1368	1 
1369	59 
1370	232 
1371	270 
1372	51 
1373	165 
1374	72 
1375	45 
1376	53 
1377	28 
1378	131 
1379	137 
1380	235 
1381	34 
1382	183 
1383	144 
1384	38 
1385	4 
1386	90 
1387	206 
1388	163 
1389	6 
1390	206 
1391	264 
1392	61 
1393	51 
1394	152 
1395	41 
1396	264 
1397	62 
1398	152 
1399	1 
1400	218 
1401	167 
1402	229 
1403	66 
1404	120 
1405	265 
1406	166 
1407	42 
1408	23 
1409	172 
1410	143 
1411	1 
1412	243 
1413	115 
1414	31 
1415	222 
1416	107 
1417	272 
1418	40 
1419	110 
1420	226 
1421	204 
1422	137 
1423	36 
1424	135 
1425	196 
1426	10 
1427	134 
1428	262 
1429	142 
1430	132 
1431	52 
1432	208 
1433	199 
1434	240 
1435	13 
1436	150 
1437	77 
1438	22 
1439	261 
1440	38 
1441	104 
1442	264 
1443	225 
1444	140 
1445	136 
1446	29 
1447	244 
1448	38 
1449	37 
1450	108 
1451	28 
1452	16 
1453	97 
1454	231 
1455	123 
1456	145 
1457	73 
1458	251 
1459	268 
1460	109 
1461	250 
1462	30 
1463	40 
1464	16 
1465	135 
1466	199 
1467	151 
1468	75 
1469	120 
1470	126 
1471	83 
1472	182 
1473	16 
1474	123 
1475	252 
1476	243 
1477	46 
1478	103 
1479	236 
1480	62 
1481	160 
1482	182 
1483	218 
1484	40 
1485	197 
1486	23 
1487	168 
1488	110 
1489	67 
1490	137 
1491	270 
1492	118 
1493	37 
1494	156 
1495	29 
1496	180 
1497	24 
1498	218 
1499	107 
1500	25 
1501	208 
1502	70 
1503	11 
1504	117 
1505	71 
1506	232 
1507	245 
1508	164 
1509	112 
1510	108 
1511	94 
1512	21 
1513	19 
1514	254 
1515	242 
1516	130 
1517	187 
1518	218 
1519	24 
1520	93 
1521	67 
1522	227 
1523	78 
1524	19 
1525	254 
1526	79 
1527	126 
1528	93 
1529	76 
1530	4 
1531	134 
1532	238 
1533	83 
1534	66 
1535	192 
1536	274 
1537	233 
1538	137 
1539	242 
1540	256 
1541	220 
1542	137 
1543	4 
1544	27 
1545	179 
1546	166 
1547	270 
1548	208 
1549	229 
1550	277 
1551	172 
1552	144 
1553	83 
1554	117 
1555	223 
1556	81 
1557	54 
1558	187 
1559	82 
1560	71 
1561	129 
1562	271 
1563	119 
1564	264 
1565	109 
1566	110 
1567	242 
1568	142 
1569	243 
1570	153 
1571	162 
1572	223 
1573	269 
1574	49 
1575	193 
1576	57 
1577	14 
1578	172 
1579	141 
1580	210 
1581	107 
1582	264 
1583	125 
1584	220 
1585	201 
1586	140 
1587	265 
1588	98 
1589	270 
1590	64 
1591	97 
1592	124 
1593	182 
1594	181 
1595	184 
1596	244 
1597	201 
1598	54 
1599	140 
1600	236 
1601	207 
1602	191 
1603	158 
1604	61 
1605	24 
1606	199 
1607	130 
1608	40 
1609	150 
1610	183 
1611	195 
1612	135 
1613	261 
1614	206 
1615	216 
1616	132 
1617	86 
1618	115 
1619	157 
1620	33 
1621	30 
1622	134 
1623	67 
1624	89 
1625	20 
1626	214 
1627	102 
1628	199 
1629	106 
1630	208 
1631	80 
1632	239 
1633	266 
1634	274 
1635	216 
1636	255 
1637	123 
1638	145 
1639	177 
1640	249 
1641	82 
1642	275 
1643	190 
1644	109 
1645	17 
1646	241 
1647	121 
1648	227 
1649	128 
1650	19 
1651	217 
1652	101 
1653	178 
1654	54 
1655	261 
1656	207 
1657	95 
1658	90 
1659	107 
1660	99 
1661	238 
1662	54 
1663	214 
1664	1 
1665	162 
1666	116 
1667	214 
1668	121 
1669	29 
1670	11 
1671	61 
1672	89 
1673	45 
1674	120 
1675	264 
1676	66 
1677	36 
1678	39 
1679	15 
1680	19 
1681	61 
1682	239 
1683	102 
1684	47 
1685	232 
1686	55 
1687	179 
1688	223 
1689	204 
1690	97 
1691	274 
1692	189 
1693	60 
1694	243 
1695	90 
1696	151 
1697	6 
1698	104 
1699	109 
1700	243 
1701	138 
1702	11 
1703	159 
1704	14 
1705	262 
1706	258 
1707	265 
1708	166 
1709	253 
1710	10 
1711	113 
1712	65 
1713	215 
1714	225 
1715	268 
1716	171 
1717	249 
1718	229 
1719	10 
1720	200 
1721	213 
1722	243 
1723	184 
1724	83 
1725	184 
1726	153 
1727	4 
1728	76 
1729	14 
1730	218 
1731	197 
1732	93 
1733	67 
1734	2 
1735	3 
1736	83 
1737	257 
1738	246 
1739	190 
1740	42 
1741	241 
1742	88 
1743	250 
1744	183 
1745	232 
1746	172 
1747	7 
1748	251 
1749	133 
1750	109 
1751	229 
1752	110 
1753	247 
1754	113 
1755	49 
1756	65 
1757	165 
1758	226 
1759	84 
1760	71 
1761	147 
1762	194 
1763	189 
1764	255 
1765	163 
1766	27 
1767	143 
1768	220 
1769	192 
1770	194 
1771	171 
1772	16 
1773	195 
1774	167 
1775	205 
1776	267 
1777	5 
1778	245 
1779	39 
1780	56 
1781	114 
1782	145 
1783	166 
1784	277 
1785	264 
1786	272 
1787	215 
1788	224 
1789	117 
1790	35 
1791	140 
1792	250 
1793	35 
1794	168 
1795	207 
1796	6 
1797	65 
1798	236 
1799	16 
1800	226 
1801	99 
1802	181 
1803	23 
1804	163 
1805	218 
1806	41 
1807	261 
1808	60 
1809	73 
1810	247 
1811	224 
1812	175 
1813	22 
1814	138 
1815	192 
1816	260 
1817	270 
1818	59 
1819	96 
1820	57 
1821	26 
1822	217 
1823	35 
1824	214 
1825	82 
1826	61 
1827	46 
1828	90 
1829	16 
1830	38 
1831	50 
1832	181 
1833	194 
1834	196 
1835	254 
1836	218 
1837	70 
1838	115 
1839	1 
1840	111 
1841	186 
1842	256 
1843	181 
1844	183 
1845	68 
1846	32 
1847	267 
1848	121 
1849	47 
1850	44 
1851	18 
1852	272 
1853	120 
1854	237 
1855	56 
1856	242 
1857	268 
1858	208 
1859	92 
1860	13 
1861	111 
1862	215 
1863	199 
1864	120 
1865	266 
1866	16 
1867	239 
1868	190 
1869	211 
1870	251 
1871	81 
1872	105 
1873	219 
1874	116 
1875	120 
1876	126 
1877	151 
1878	217 
1879	86 
1880	45 
1881	262 
1882	104 
1883	4 
1884	195 
1885	97 
1886	190 
1887	12 
1888	155 
1889	140 
1890	77 
1891	61 
1892	219 
1893	61 
1894	195 
1895	69 
1896	119 
1897	136 
1898	58 
1899	73 
1900	160 
1901	35 
1902	229 
1903	207 
1904	70 
1905	137 
1906	197 
1907	187 
1908	4 
1909	105 
1910	264 
1911	55 
1912	267 
1913	172 
1914	61 
1915	20 
1916	138 
1917	118 
1918	137 
1919	65 
1920	224 
1921	151 
1922	83 
1923	221 
1924	232 
1925	80 
1926	65 
1927	169 
1928	218 
1929	197 
1930	118 
1931	73 
1932	36 
1933	9 
1934	173 
1935	118 
1936	133 
1937	111 
1938	112 
1939	253 
1940	110 
1941	258 
1942	245 
1943	272 
1944	86 
1945	177 
1946	236 
1947	33 
1948	241 
1949	248 
1950	239 
1951	3 
1952	115 
1953	202 
1954	1 
1955	241 
1956	3 
1957	270 
1958	61 
1959	120 
1960	83 
1961	182 
1962	163 
1963	115 
1964	174 
1965	137 
1966	265 
1967	228 
1968	94 
1969	164 
1970	252 
1971	115 
1972	62 
1973	185 
1974	16 
1975	263 
1976	9 
1977	195 
1978	164 
1979	176 
1980	40 
1981	38 
1982	50 
1983	43 
1984	189 
1985	99 
1986	273 
1987	133 
1988	92 
1989	136 
1990	43 
1991	192 
1992	148 
1993	207 
1994	69 
1995	109 
1996	242 
1997	98 
1998	271 
1999	30 
2000	215 
2001	250 
2002	32 
2003	16 
2004	236 
2005	232 
2006	3 
2007	217 
2008	10 
2009	1 
2010	242 
2011	232 
2012	211 
2013	251 
2014	239 
2015	260 
2016	118 
2017	63 
2018	89 
2019	139 
2020	193 
2021	73 
2022	180 
2023	33 
2024	39 
2025	65 
2026	148 
2027	183 
2028	139 
2029	243 
2030	157 
2031	189 
2032	107 
2033	32 
2034	95 
2035	61 
2036	270 
2037	82 
2038	76 
2039	194 
2040	88 
2041	135 
2042	157 
2043	212 
2044	108 
2045	107 
2046	75 
2047	240 
2048	39 
2049	132 
2050	100 
2051	145 
2052	123 
2053	142 
2054	228 
2055	141 
2056	227 
2057	272 
2058	140 
2059	171 
2060	17 
2061	184 
2062	113 
2063	41 
2064	31 
2065	194 
2066	105 
2067	8 
2068	173 
2069	175 
2070	255 
2071	60 
2072	243 
2073	241 
2074	143 
2075	208 
2076	137 
2077	250 
2078	109 
2079	7 
2080	221 
2081	82 
2082	252 
2083	24 
2084	51 
2085	277 
2086	33 
2087	82 
2088	29 
2089	69 
2090	53 
2091	123 
2092	230 
2093	194 
2094	142 
2095	189 
2096	45 
2097	256 
2098	214 
2099	202 
2100	147 
2101	84 
2102	53 
2103	228 
2104	254 
2105	270 
2106	124 
2107	105 
2108	141 
2109	259 
2110	30 
2111	92 
2112	237 
2113	202 
2114	185 
2115	179 
2116	88 
2117	69 
2118	166 
2119	131 
2120	124 
2121	143 
2122	188 
2123	101 
2124	259 
2125	175 
2126	204 
2127	167 
2128	166 
2129	15 
2130	61 
2131	82 
2132	231 
2133	165 
2134	60 
2135	139 
2136	19 
2137	248 
2138	244 
2139	186 
2140	72 
2141	123 
2142	106 
2143	148 
2144	174 
2145	210 
2146	199 
2147	247 
2148	197 
2149	207 
2150	272 
2151	16 
2152	236 
2153	131 
2154	142 
2155	30 
2156	110 
2157	67 
2158	110 
2159	200 
2160	154 
2161	108 
2162	45 
2163	167 
2164	96 
2165	195 
2166	110 
2167	105 
2168	16 
2169	76 
2170	86 
2171	258 
2172	208 
2173	97 
2174	117 
2175	142 
2176	30 
2177	231 
2178	258 
2179	48 
2180	80 
2181	67 
2182	150 
2183	273 
2184	205 
2185	114 
2186	271 
2187	252 
2188	98 
2189	99 
2190	216 
2191	140 
2192	82 
2193	60 
2194	233 
2195	268 
2196	79 
2197	232 
2198	260 
2199	263 
2200	129 
2201	117 
2202	272 
2203	41 
2204	100 
2205	130 
2206	208 
2207	200 
2208	269 
2209	242 
2210	154 
2211	110 
2212	264 
2213	236 
2214	232 
2215	194 
2216	264 
2217	193 
2218	134 
2219	172 
2220	205 
2221	214 
2222	268 
2223	147 
2224	95 
2225	244 
2226	196 
2227	131 
2228	61 
2229	249 
2230	209 
2231	153 
2232	59 
2233	53 
2234	236 
2235	239 
2236	97 
2237	40 
2238	219 
2239	201 
2240	41 
2241	166 
2242	156 
2243	218 
2244	98 
2245	195 
2246	149 
2247	22 
2248	15 
2249	131 
2250	236 
2251	214 
2252	61 
2253	84 
2254	171 
2255	58 
2256	191 
2257	1 
2258	82 
2259	38 
2260	137 
2261	235 
2262	176 
2263	188 
2264	114 
2265	213 
2266	163 
2267	65 
2268	14 
2269	142 
2270	223 
2271	40 
2272	212 
2273	22 
2274	62 
2275	30 
2276	147 
2277	236 
2278	197 
2279	229 
2280	135 
2281	204 
2282	109 
2283	155 
2284	108 
2285	261 
2286	119 
2287	117 
2288	213 
2289	86 
2290	117 
2291	208 
2292	166 
2293	177 
2294	84 
2295	224 
2296	259 
2297	159 
2298	109 
2299	270 
2300	203 
2301	143 
2302	45 
2303	269 
2304	268 
2305	113 
2306	256 
2307	268 
2308	37 
2309	30 
2310	149 
2311	116 
2312	80 
2313	16 
2314	145 
2315	214 
2316	80 
2317	120 
2318	14 
2319	246 
2320	214 
2321	234 
2322	67 
2323	242 
2324	109 
2325	235 
2326	132 
2327	19 
2328	167 
2329	26 
2330	7 
2331	170 
2332	177 
2333	274 
2334	196 
2335	12 
2336	164 
2337	162 
2338	93 
2339	262 
2340	231 
2341	169 
2342	141 
2343	140 
2344	215 
2345	53 
2346	23 
2347	135 
2348	239 
2349	92 
2350	49 
2351	61 
2352	114 
2353	139 
2354	181 
2355	96 
2356	71 
2357	39 
2358	49 
2359	95 
2360	137 
2361	90 
2362	49 
2363	119 
2364	273 
2365	78 
2366	156 
2367	236 
2368	129 
2369	261 
2370	258 
2371	272 
2372	81 
2373	124 
2374	188 
2375	21 
2376	239 
2377	46 
2378	16 
2379	39 
2380	183 
2381	105 
2382	249 
2383	232 
2384	167 
2385	151 
2386	109 
2387	261 
2388	82 
2389	271 
2390	76 
2391	68 
2392	73 
2393	194 
2394	80 
2395	23 
2396	82 
2397	10 
2398	265 
2399	268 
2400	265 
2401	198 
2402	230 
2403	123 
2404	37 
2405	97 
2406	61 
2407	7 
2408	168 
2409	193 
2410	137 
2411	13 
2412	121 
2413	135 
2414	221 
2415	205 
2416	178 
2417	71 
2418	79 
2419	248 
2420	13 
2421	80 
2422	208 
2423	17 
2424	147 
2425	2 
2426	47 
2427	8 
2428	215 
2429	261 
2430	191 
2431	47 
2432	178 
2433	11 
2434	177 
2435	40 
2436	159 
2437	163 
2438	65 
2439	61 
2440	29 
2441	18 
2442	184 
2443	234 
2444	135 
2445	236 
2446	160 
2447	248 
2448	21 
2449	41 
2450	192 
2451	17 
2452	27 
2453	96 
2454	55 
2455	166 
2456	203 
2457	238 
2458	230 
2459	251 
2460	1 
2461	139 
2462	225 
2463	258 
2464	61 
2465	165 
2466	172 
2467	151 
2468	139 
2469	62 
2470	203 
2471	51 
2472	182 
2473	258 
2474	149 
2475	216 
2476	267 
2477	81 
2478	209 
2479	8 
2480	17 
2481	201 
2482	40 
2483	171 
2484	166 
2485	180 
2486	125 
2487	228 
2488	268 
2489	277 
2490	250 
2491	42 
2492	124 
2493	99 
2494	138 
2495	58 
2496	124 
2497	204 
2498	54 
2499	1 
2500	70 
2501	85 
2502	146 
2503	183 
2504	28 
2505	192 
2506	74 
2507	89 
2508	71 
2509	252 
2510	178 
2511	35 
2512	208 
2513	77 
2514	68 
2515	218 
2516	203 
2517	147 
2518	173 
2519	221 
2520	209 
2521	107 
2522	223 
2523	39 
2524	82 
2525	262 
2526	261 
2527	124 
2528	236 
2529	72 
2530	147 
2531	155 
2532	45 
2533	136 
2534	181 
2535	208 
2536	182 
2537	42 
2538	273 
2539	208 
2540	145 
2541	24 
2542	266 
2543	10 
2544	147 
2545	149 
2546	59 
2547	14 
2548	144 
2549	12 
2550	236 
2551	67 
2552	213 
2553	265 
2554	269 
2555	202 
2556	91 
2557	88 
2558	100 
2559	23 
2560	98 
2561	197 
2562	135 
2563	64 
2564	16 
2565	200 
2566	240 
2567	190 
2568	90 
2569	221 
2570	108 
2571	98 
2572	129 
2573	209 
2574	88 
2575	91 
2576	229 
2577	216 
2578	68 
2579	182 
2580	221 
2581	177 
2582	45 
2583	210 
2584	138 
2585	54 
2586	109 
2587	127 
2588	208 
2589	17 
2590	57 
2591	182 
2592	126 
2593	134 
2594	211 
2595	262 
2596	175 
2597	199 
2598	168 
2599	211 
2600	16 
2601	160 
2602	161 
2603	203 
2604	104 
2605	62 
2606	159 
2607	27 
2608	200 
2609	180 
2610	79 
2611	228 
2612	114 
2613	151 
2614	82 
2615	13 
2616	144 
2617	120 
2618	88 
2619	34 
2620	80 
2621	36 
2622	115 
2623	115 
2624	77 
2625	88 
2626	63 
2627	237 
2628	139 
2629	45 
2630	130 
2631	20 
2632	163 
2633	129 
2634	239 
2635	176 
2636	276 
2637	82 
2638	204 
2639	240 
2640	169 
2641	161 
2642	167 
2643	139 
2644	151 
2645	20 
2646	182 
2647	210 
2648	58 
2649	76 
2650	26 
2651	41 
2652	125 
2653	158 
2654	73 
2655	214 
2656	14 
2657	219 
2658	208 
2659	72 
2660	76 
2661	168 
2662	246 
2663	114 
2664	50 
2665	167 
2666	162 
2667	109 
2668	185 
2669	43 
2670	11 
2671	35 
2672	61 
2673	232 
2674	44 
2675	88 
2676	252 
2677	31 
2678	104 
2679	73 
2680	201 
2681	65 
2682	141 
2683	256 
2684	12 
2685	119 
2686	50 
2687	124 
2688	47 
2689	109 
2690	241 
2691	73 
2692	168 
2693	40 
2694	130 
2695	123 
2696	95 
2697	87 
2698	164 
2699	154 
2700	33 
2701	88 
2702	64 
2703	170 
2704	1 
2705	65 
2706	243 
2707	73 
2708	178 
2709	104 
2710	187 
2711	63 
2712	84 
2713	130 
2714	55 
2715	8 
2716	23 
2717	10 
2718	218 
2719	274 
2720	268 
2721	198 
2722	124 
2723	59 
2724	236 
2725	200 
2726	233 
2727	119 
2728	39 
2729	110 
2730	263 
2731	159 
2732	243 
2733	133 
2734	176 
2735	164 
2736	230 
2737	208 
2738	8 
2739	180 
2740	167 
2741	114 
2742	236 
2743	59 
2744	269 
2745	148 
2746	114 
2747	229 
2748	222 
2749	185 
2750	118 
2751	260 
2752	275 
2753	222 
2754	35 
2755	149 
2756	182 
2757	130 
2758	232 
2759	137 
2760	258 
2761	117 
2762	96 
2763	211 
2764	19 
2765	114 
2766	80 
2767	155 
2768	168 
2769	12 
2770	97 
2771	236 
2772	139 
2773	96 
2774	89 
2775	76 
2776	226 
2777	224 
2778	61 
2779	167 
2780	122 
2781	95 
2782	164 
2783	141 
2784	123 
2785	4 
2786	272 
2787	33 
2788	234 
2789	243 
2790	111 
2791	109 
2792	44 
2793	4 
2794	68 
2795	255 
2796	114 
2797	98 
2798	21 
2799	23 
2800	104 
2801	255 
2802	183 
2803	153 
2804	200 
2805	31 
2806	140 
2807	181 
2808	225 
2809	201 
2810	50 
2811	145 
2812	178 
2813	61 
2814	103 
2815	63 
2816	268 
2817	270 
2818	224 
2819	219 
2820	51 
2821	90 
2822	222 
2823	259 
2824	226 
2825	201 
2826	177 
2827	134 
2828	118 
2829	256 
2830	90 
2831	73 
2832	97 
2833	269 
2834	4 
2835	171 
2836	183 
2837	107 
2838	123 
2839	53 
2840	14 
2841	88 
2842	118 
2843	102 
2844	160 
2845	76 
2846	270 
2847	267 
2848	264 
2849	256 
2850	97 
2851	219 
2852	159 
2853	245 
2854	232 
2855	201 
2856	18 
2857	147 
2858	116 
2859	161 
2860	253 
2861	224 
2862	239 
2863	236 
2864	47 
2865	129 
2866	213 
2867	264 
2868	35 
2869	198 
2870	4 
2871	116 
2872	16 
2873	140 
2874	244 
2875	257 
2876	62 
2877	35 
2878	103 
2879	113 
2880	104 
2881	219 
2882	123 
2883	246 
2884	136 
2885	90 
2886	38 
2887	40 
2888	146 
2889	151 
2890	113 
2891	169 
2892	234 
2893	231 
2894	117 
2895	17 
2896	216 
2897	10 
2898	80 
2899	138 
2900	128 
2901	85 
2902	149 
2903	32 
2904	18 
2905	111 
2906	256 
2907	266 
2908	48 
2909	60 
2910	123 
2911	216 
2912	43 
2913	235 
2914	166 
2915	104 
2916	267 
2917	167 
2918	91 
2919	276 
2920	117 
2921	90 
2922	233 
2923	57 
2924	148 
2925	74 
2926	166 
2927	117 
2928	157 
2929	216 
2930	131 
2931	251 
2932	180 
2933	7 
2934	122 
2935	182 
2936	158 
2937	276 
2938	259 
2939	186 
2940	66 
2941	35 
2942	88 
2943	88 
2944	166 
2945	274 
2946	166 
2947	268 
2948	239 
2949	190 
2950	117 
2951	182 
2952	51 
2953	52 
2954	126 
2955	172 
2956	123 
2957	188 
2958	11 
2959	274 
2960	25 
2961	227 
2962	214 
2963	36 
2964	78 
2965	171 
2966	229 
2967	44 
2968	116 
2969	39 
2970	16 
2971	9 
2972	73 
2973	216 
2974	240 
2975	243 
2976	112 
2977	264 
2978	214 
2979	65 
2980	170 
2981	243 
2982	198 
2983	35 
2984	83 
2985	212 
2986	128 
2987	16 
2988	108 
2989	209 
2990	4 
2991	48 
2992	35 
2993	194 
2994	48 
2995	162 
2996	266 
2997	173 
2998	44 
2999	264 
3000	110 
3001	167 
3002	134 
3003	135 
3004	172 
3005	92 
3006	203 
3007	142 
3008	102 
3009	38 
3010	15 
3011	237 
3012	167 
3013	222 
3014	225 
3015	27 
3016	82 
3017	168 
3018	150 
3019	164 
3020	109 
3021	232 
3022	140 
3023	271 
3024	157 
3025	127 
3026	150 
3027	236 
3028	51 
3029	272 
3030	105 
3031	158 
3032	166 
3033	207 
3034	276 
3035	204 
3036	74 
3037	129 
3038	201 
3039	82 
3040	272 
3041	51 
3042	228 
3043	55 
3044	163 
3045	208 
3046	34 
3047	98 
3048	116 
3049	92 
3050	145 
3051	240 
3052	89 
3053	142 
3054	159 
3055	272 
3056	126 
3057	166 
3058	158 
3059	236 
3060	42 
3061	20 
3062	119 
3063	165 
3064	10 
3065	271 
3066	83 
3067	173 
3068	203 
3069	8 
3070	51 
3071	34 
3072	133 
3073	128 
3074	178 
3075	36 
3076	166 
3077	81 
3078	261 
3079	43 
3080	85 
3081	135 
3082	59 
3083	191 
3084	240 
3085	216 
3086	44 
3087	212 
3088	156 
3089	172 
3090	129 
3091	239 
3092	83 
3093	56 
3094	33 
3095	115 
3096	135 
3097	83 
3098	139 
3099	61 
3100	131 
3101	21 
3102	214 
3103	126 
3104	222 
3105	191 
3106	5 
3107	257 
3108	151 
3109	22 
3110	226 
3111	161 
3112	153 
3113	42 
3114	206 
3115	215 
3116	4 
3117	254 
3118	53 
3119	139 
3120	179 
3121	255 
3122	188 
3123	213 
3124	4 
3125	141 
3126	115 
3127	33 
3128	208 
3129	243 
3130	208 
3131	191 
3132	78 
3133	137 
3134	9 
3135	178 
3136	146 
3137	2 
3138	110 
3139	55 
3140	204 
3141	4 
3142	262 
3143	140 
3144	231 
3145	148 
3146	268 
3147	236 
3148	52 
3149	257 
3150	250 
3151	139 
3152	70 
3153	107 
3154	32 
3155	76 
3156	268 
3157	7 
3158	5 
3159	4 
3160	148 
3161	74 
3162	92 
3163	20 
3164	34 
3165	47 
3166	187 
3167	131 
3168	137 
3169	38 
3170	140 
3171	107 
3172	236 
3173	262 
3174	25 
3175	123 
3176	145 
3177	270 
3178	132 
3179	4 
3180	104 
3181	97 
3182	186 
3183	104 
3184	172 
3185	76 
3186	38 
3187	223 
3188	249 
3189	37 
3190	155 
3191	195 
3192	181 
3193	59 
3194	268 
3195	140 
3196	13 
3197	119 
3198	244 
3199	156 
3200	29 
3201	216 
3202	212 
3203	93 
3204	55 
3205	142 
3206	137 
3207	128 
3208	234 
3209	32 
3210	273 
3211	189 
3212	232 
3213	59 
3214	210 
3215	207 
3216	182 
3217	148 
3218	101 
3219	76 
3220	164 
3221	105 
3222	43 
3223	213 
3224	261 
3225	233 
3226	16 
3227	50 
3228	114 
3229	154 
3230	53 
3231	24 
3232	196 
3233	165 
3234	23 
3235	117 
3236	13 
3237	162 
3238	102 
3239	144 
3240	104 
3241	228 
3242	169 
3243	39 
3244	13 
3245	94 
3246	116 
3247	205 
3248	40 
3249	54 
3250	114 
3251	103 
3252	115 
3253	47 
3254	106 
3255	264 
3256	24 
3257	58 
3258	157 
3259	142 
3260	176 
3261	243 
3262	19 
3263	11 
3264	116 
3265	227 
3266	28 
3267	182 
3268	255 
3269	142 
3270	272 
3271	109 
3272	177 
3273	81 
3274	146 
3275	266 
3276	70 
3277	137 
3278	87 
3279	218 
3280	103 
3281	106 
3282	132 
3283	165 
3284	142 
3285	144 
3286	48 
3287	117 
3288	1 
3289	235 
3290	156 
3291	116 
3292	36 
3293	211 
3294	25 
3295	94 
3296	65 
3297	125 
3298	266 
3299	110 
3300	70 
3301	154 
3302	137 
3303	106 
3304	264 
3305	40 
3306	216 
3307	219 
3308	218 
3309	82 
3310	195 
3311	248 
3312	61 
3313	132 
3314	238 
3315	210 
3316	110 
3317	222 
3318	220 
3319	257 
3320	151 
3321	73 
3322	61 
3323	76 
3324	80 
3325	87 
3326	218 
3327	266 
3328	178 
3329	41 
3330	187 
3331	37 
3332	268 
3333	244 
3334	73 
3335	255 
3336	12 
3337	64 
3338	68 
3339	233 
3340	176 
3341	48 
3342	132 
3343	54 
3344	89 
3345	218 
3346	97 
3347	251 
3348	137 
3349	122 
3350	4 
3351	155 
3352	204 
3353	83 
3354	201 
3355	52 
3356	169 
3357	264 
3358	274 
3359	114 
3360	196 
3361	119 
3362	197 
3363	130 
3364	208 
3365	181 
3366	19 
3367	233 
3368	166 
3369	177 
3370	73 
3371	165 
3372	129 
3373	127 
3374	37 
3375	154 
3376	198 
3377	50 
3378	172 
3379	249 
3380	239 
3381	237 
3382	47 
3383	130 
3384	129 
3385	187 
3386	124 
3387	148 
3388	1 
3389	40 
3390	106 
3391	264 
3392	100 
3393	42 
3394	208 
3395	173 
3396	70 
3397	233 
3398	183 
3399	117 
3400	252 
3401	16 
3402	26 
3403	156 
3404	90 
3405	123 
3406	135 
3407	9 
3408	164 
3409	195 
3410	270 
3411	275 
3412	44 
3413	41 
3414	222 
3415	182 
3416	176 
3417	125 
3418	107 
3419	155 
3420	158 
3421	195 
3422	55 
3423	209 
3424	37 
3425	160 
3426	120 
3427	16 
3428	90 
3429	79 
3430	4 
3431	127 
3432	10 
3433	58 
3434	143 
3435	183 
3436	164 
3437	26 
3438	253 
3439	135 
3440	47 
3441	135 
3442	159 
3443	59 
3444	243 
3445	103 
3446	28 
3447	232 
3448	37 
3449	199 
3450	173 
3451	264 
3452	238 
3453	232 
3454	97 
3455	252 
3456	178 
3457	247 
3458	157 
3459	273 
3460	129 
3461	165 
3462	259 
3463	140 
3464	105 
3465	158 
3466	16 
3467	211 
3468	232 
3469	17 
3470	58 
3471	260 
3472	265 
3473	115 
3474	251 
3475	242 
3476	272 
3477	41 
3478	49 
3479	141 
3480	15 
3481	228 
3482	230 
3483	23 
3484	172 
3485	26 
3486	217 
3487	260 
3488	149 
3489	124 
3490	252 
3491	129 
3492	176 
3493	2 
3494	66 
3495	113 
3496	49 
3497	27 
3498	54 
3499	151 
3500	109 
3501	133 
3502	43 
3503	58 
3504	9 
3505	236 
3506	86 
3507	10 
3508	208 
3509	106 
3510	274 
3511	112 
3512	262 
3513	155 
3514	33 
3515	211 
3516	119 
3517	237 
3518	163 
3519	257 
3520	171 
3521	264 
3522	127 
3523	105 
3524	151 
3525	177 
3526	140 
3527	163 
3528	30 
3529	172 
3530	259 
3531	23 
3532	177 
3533	226 
3534	40 
3535	161 
3536	240 
3537	176 
3538	129 
3539	9 
3540	86 
3541	61 
3542	163 
3543	124 
3544	47 
3545	97 
3546	5 
3547	213 
3548	109 
3549	262 
3550	61 
3551	61 
3552	176 
3553	35 
3554	262 
3555	271 
3556	121 
3557	83 
3558	162 
3559	78 
3560	145 
3561	48 
3562	75 
3563	47 
3564	263 
3565	236 
3566	194 
3567	52 
3568	1 
3569	261 
3570	159 
3571	184 
3572	54 
3573	267 
3574	275 
3575	180 
3576	146 
3577	42 
3578	174 
3579	133 
3580	15 
3581	250 
3582	232 
3583	32 
3584	235 
3585	264 
3586	27 
3587	6 
3588	172 
3589	240 
3590	169 
3591	275 
3592	109 
3593	111 
3594	75 
3595	1 
3596	200 
3597	153 
3598	92 
3599	261 
3600	250 
3601	205 
3602	87 
3603	88 
3604	213 
3605	273 
3606	239 
3607	58 
3608	219 
3609	110 
3610	66 
3611	79 
3612	252 
3613	261 
3614	123 
3615	257 
3616	23 
3617	15 
3618	261 
3619	97 
3620	98 
3621	225 
3622	225 
3623	39 
3624	82 
3625	34 
3626	97 
3627	255 
3628	95 
3629	277 
3630	209 
3631	257 
3632	240 
3633	204 
3634	98 
3635	26 
3636	169 
3637	62 
3638	181 
3639	186 
3640	132 
3641	97 
3642	179 
3643	40 
3644	123 
3645	11 
3646	91 
3647	121 
3648	142 
3649	10 
3650	167 
3651	9 
3652	11 
3653	212 
3654	80 
3655	151 
3656	147 
3657	67 
3658	47 
3659	230 
3660	208 
3661	54 
3662	238 
3663	94 
3664	236 
3665	255 
3666	38 
3667	74 
3668	217 
3669	171 
3670	120 
3671	73 
3672	198 
3673	151 
3674	177 
3675	16 
3676	266 
3677	85 
3678	115 
3679	199 
3680	239 
3681	186 
3682	127 
3683	27 
3684	49 
3685	218 
3686	39 
3687	72 
3688	247 
3689	76 
3690	81 
3691	38 
3692	92 
3693	116 
3694	275 
3695	253 
3696	219 
3697	94 
3698	35 
3699	163 
3700	193 
3701	172 
3702	106 
3703	55 
3704	140 
3705	31 
3706	24 
3707	87 
3708	216 
3709	35 
3710	219 
3711	160 
3712	217 
3713	201 
3714	90 
3715	96 
3716	61 
3717	270 
3718	95 
3719	46 
3720	248 
3721	145 
3722	90 
3723	108 
3724	20 
3725	91 
3726	130 
3727	195 
3728	240 
3729	203 
3730	169 
3731	97 
3732	118 
3733	164 
3734	118 
3735	106 
3736	226 
3737	159 
3738	252 
3739	253 
3740	1 
3741	63 
3742	2 
3743	168 
3744	79 
3745	203 
3746	198 
3747	194 
3748	220 
3749	218 
3750	167 
3751	119 
3752	167 
3753	167 
3754	63 
3755	98 
3756	74 
3757	256 
3758	28 
3759	150 
3760	97 
3761	229 
3762	106 
3763	115 
3764	110 
3765	230 
3766	129 
3767	219 
3768	243 
3769	134 
3770	238 
3771	38 
3772	238 
3773	46 
3774	158 
3775	88 
3776	237 
3777	130 
3778	196 
3779	233 
3780	177 
3781	117 
3782	235 
3783	222 
3784	69 
3785	88 
3786	5 
3787	60 
3788	177 
3789	275 
3790	243 
3791	48 
3792	222 
3793	205 
3794	277 
3795	22 
3796	17 
3797	61 
3798	236 
3799	170 
3800	15 
3801	256 
3802	134 
3803	144 
3804	261 
3805	6 
3806	165 
3807	137 
3808	132 
3809	223 
3810	137 
3811	240 
3812	216 
3813	190 
3814	70 
3815	42 
3816	88 
3817	125 
3818	264 
3819	129 
3820	159 
3821	170 
3822	275 
3823	170 
3824	149 
3825	95 
3826	92 
3827	151 
3828	149 
3829	208 
3830	9 
3831	208 
3832	32 
3833	73 
3834	211 
3835	254 
3836	69 
3837	13 
3838	22 
3839	18 
3840	4 
3841	20 
3842	16 
3843	62 
3844	115 
3845	1 
3846	27 
3847	222 
3848	10 
3849	180 
3850	138 
3851	119 
3852	213 
3853	55 
3854	26 
3855	234 
3856	56 
3857	276 
3858	121 
3859	197 
3860	3 
3861	73 
3862	88 
3863	17 
3864	117 
3865	205 
3866	25 
3867	193 
3868	105 
3869	222 
3870	16 
3871	32 
3872	268 
3873	50 
3874	272 
3875	204 
3876	65 
3877	32 
3878	15 
3879	25 
3880	103 
3881	105 
3882	86 
3883	118 
3884	136 
3885	270 
3886	41 
3887	139 
3888	35 
3889	6 
3890	18 
3891	76 
3892	270 
3893	23 
3894	174 
3895	57 
3896	183 
3897	117 
3898	28 
3899	95 
3900	74 
3901	252 
3902	191 
3903	113 
3904	238 
3905	17 
3906	66 
3907	223 
3908	97 
3909	50 
3910	12 
3911	272 
3912	131 
3913	217 
3914	159 
3915	109 
3916	166 
3917	1 
3918	155 
3919	133 
3920	50 
3921	104 
3922	74 
3923	257 
3924	170 
3925	243 
3926	193 
3927	109 
3928	5 
3929	229 
3930	88 
3931	166 
3932	28 
3933	149 
3934	148 
3935	29 
3936	140 
3937	242 
3938	17 
3939	257 
3940	211 
3941	159 
3942	46 
3943	19 
3944	219 
3945	109 
3946	267 
3947	106 
3948	82 
3949	31 
3950	161 
3951	85 
3952	124 
3953	88 
3954	266 
3955	47 
3956	23 
3957	249 
3958	29 
3959	273 
3960	4 
3961	97 
3962	45 
3963	172 
3964	264 
3965	224 
3966	87 
3967	89 
3968	174 
3969	79 
3970	216 
3971	125 
3972	269 
3973	2 
3974	111 
3975	81 
3976	115 
3977	25 
3978	239 
3979	31 
3980	85 
3981	242 
3982	42 
3983	61 
3984	232 
3985	190 
3986	110 
3987	109 
3988	128 
3989	15 
3990	151 
3991	139 
3992	214 
3993	98 
3994	88 
3995	128 
3996	83 
3997	256 
3998	127 
3999	232 
4000	125 
4001	249 
4002	90 
4003	218 
4004	7 
4005	119 
4006	66 
4007	94 
4008	73 
4009	232 
4010	255 
4011	135 
4012	41 
4013	182 
4014	253 
4015	268 
4016	210 
4017	111 
4018	170 
4019	98 
4020	75 
4021	170 
4022	23 
4023	161 
4024	153 
4025	116 
4026	127 
4027	107 
4028	273 
4029	135 
4030	109 
4031	108 
4032	158 
4033	255 
4034	131 
4035	270 
4036	159 
4037	6 
4038	240 
4039	274 
4040	267 
4041	187 
4042	151 
4043	89 
4044	75 
4045	124 
4046	15 
4047	150 
4048	22 
4049	150 
4050	225 
4051	114 
4052	92 
4053	21 
4054	98 
4055	226 
4056	91 
4057	264 
4058	265 
4059	53 
4060	195 
4061	53 
4062	73 
4063	141 
4064	37 
4065	151 
4066	88 
4067	123 
4068	15 
4069	234 
4070	135 
4071	70 
4072	184 
4073	216 
4074	156 
4075	237 
4076	196 
4077	181 
4078	86 
4079	117 
4080	159 
4081	177 
4082	23 
4083	259 
4084	84 
4085	80 
4086	122 
4087	166 
4088	12 
4089	9 
4090	230 
4091	185 
4092	261 
4093	158 
4094	236 
4095	249 
4096	118 
4097	83 
4098	64 
4099	63 
4100	112 
4101	2 
4102	218 
4103	108 
4104	233 
4105	239 
4106	25 
4107	29 
4108	62 
4109	236 
4110	27 
4111	118 
4112	265 
4113	233 
4114	148 
4115	35 
4116	179 
4117	18 
4118	38 
4119	274 
4120	181 
4121	182 
4122	127 
4123	131 
4124	23 
4125	76 
4126	113 
4127	197 
4128	238 
4129	135 
4130	269 
4131	8 
4132	266 
4133	59 
4134	259 
4135	26 
4136	180 
4137	239 
4138	214 
4139	34 
4140	8 
4141	272 
4142	264 
4143	87 
4144	77 
4145	76 
4146	47 
4147	212 
4148	271 
4149	142 
4150	154 
4151	214 
4152	124 
4153	183 
4154	135 
4155	224 
4156	34 
4157	256 
4158	18 
4159	16 
4160	51 
4161	110 
4162	20 
4163	122 
4164	5 
4165	9 
4166	59 
4167	133 
4168	157 
4169	17 
4170	230 
4171	88 
4172	209 
4173	38 
4174	262 
4175	252 
4176	274 
4177	190 
4178	128 
4179	82 
4180	158 
4181	126 
4182	62 
4183	275 
4184	191 
4185	137 
4186	3 
4187	223 
4188	94 
4189	169 
4190	11 
4191	185 
4192	151 
4193	23 
4194	120 
4195	144 
4196	274 
4197	230 
4198	230 
4199	43 
4200	157 
4201	266 
4202	74 
4203	183 
4204	97 
4205	118 
4206	106 
4207	7 
4208	55 
4209	129 
4210	57 
4211	100 
4212	58 
4213	127 
4214	115 
4215	73 
4216	238 
4217	193 
4218	214 
4219	177 
4220	196 
4221	47 
4222	109 
4223	16 
4224	275 
4225	167 
4226	196 
4227	215 
4228	119 
4229	204 
4230	84 
4231	204 
4232	129 
4233	93 
4234	35 
4235	11 
4236	81 
4237	155 
4238	205 
4239	169 
4240	255 
4241	208 
4242	157 
4243	200 
4244	110 
4245	269 
4246	53 
4247	142 
4248	40 
4249	70 
4250	255 
4251	237 
4252	4 
4253	230 
4254	169 
4255	174 
4256	108 
4257	213 
4258	233 
4259	23 
4260	234 
4261	19 
4262	272 
4263	120 
4264	118 
4265	133 
4266	272 
4267	251 
4268	135 
4269	51 
4270	120 
4271	168 
4272	195 
4273	33 
4274	142 
4275	225 
4276	268 
4277	222 
4278	124 
4279	150 
4280	250 
4281	267 
4282	210 
4283	122 
4284	123 
4285	238 
4286	268 
4287	166 
4288	98 
4289	262 
4290	137 
4291	2 
4292	217 
4293	134 
4294	208 
4295	3 
4296	181 
4297	64 
4298	247 
4299	81 
4300	259 
4301	134 
4302	114 
4303	57 
4304	271 
4305	57 
4306	275 
4307	76 
4308	176 
4309	100 
4310	120 
4311	255 
4312	55 
4313	216 
4314	164 
4315	116 
4316	141 
4317	210 
4318	257 
4319	90 
4320	274 
4321	129 
4322	247 
4323	188 
4324	277 
4325	44 
4326	178 
4327	37 
4328	275 
4329	131 
4330	90 
4331	153 
4332	217 
4333	233 
4334	82 
4335	226 
4336	141 
4337	15 
4338	109 
4339	76 
4340	27 
4341	3 
4342	51 
4343	36 
4344	251 
4345	266 
4346	147 
4347	84 
4348	216 
4349	170 
4350	239 
4351	133 
4352	90 
4353	161 
4354	247 
4355	166 
4356	129 
4357	157 
4358	149 
4359	47 
4360	233 
4361	248 
4362	72 
4363	134 
4364	195 
4365	161 
4366	121 
4367	86 
4368	167 
4369	39 
4370	35 
4371	43 
4372	16 
4373	79 
4374	166 
4375	135 
4376	59 
4377	136 
4378	81 
4379	86 
4380	103 
4381	233 
4382	132 
4383	177 
4384	60 
4385	64 
4386	214 
4387	172 
4388	219 
4389	95 
4390	249 
4391	117 
4392	74 
4393	213 
4394	6 
4395	53 
4396	126 
4397	179 
4398	238 
4399	238 
4400	8 
4401	172 
4402	217 
4403	227 
4404	252 
4405	128 
4406	35 
4407	182 
4408	107 
4409	48 
4410	100 
4411	277 
4412	168 
4413	25 
4414	184 
4415	248 
4416	213 
4417	260 
4418	200 
4419	31 
4420	252 
4421	171 
4422	214 
4423	218 
4424	5 
4425	57 
4426	167 
4427	213 
4428	3 
4429	264 
4430	277 
4431	236 
4432	13 
4433	100 
4434	2 
4435	42 
4436	48 
4437	195 
4438	256 
4439	13 
4440	213 
4441	157 
4442	48 
4443	79 
4444	43 
4445	232 
4446	30 
4447	44 
4448	134 
4449	172 
4450	115 
4451	165 
4452	149 
4453	4 
4454	186 
4455	66 
4456	23 
4457	255 
4458	149 
4459	17 
4460	166 
4461	72 
4462	262 
4463	11 
4464	165 
4465	269 
4466	148 
4467	4 
4468	148 
4469	215 
4470	8 
4471	97 
4472	163 
4473	3 
4474	8 
4475	150 
4476	135 
4477	204 
4478	5 
4479	76 
4480	177 
4481	10 
4482	151 
4483	200 
4484	97 
4485	219 
4486	205 
4487	190 
4488	224 
4489	39 
4490	195 
4491	188 
4492	117 
4493	66 
4494	128 
4495	121 
4496	225 
4497	201 
4498	250 
4499	7 
4500	37 
4501	153 
4502	126 
4503	218 
4504	35 
4505	38 
4506	53 
4507	70 
4508	252 
4509	42 
4510	215 
4511	120 
4512	256 
4513	70 
4514	216 
4515	4 
4516	264 
4517	274 
4518	34 
4519	140 
4520	154 
4521	182 
4522	163 
4523	1 
4524	35 
4525	85 
4526	125 
4527	5 
4528	224 
4529	195 
4530	3 
4531	24 
4532	136 
4533	13 
4534	58 
4535	12 
4536	23 
4537	255 
4538	133 
4539	151 
4540	111 
4541	182 
4542	107 
4543	76 
4544	169 
4545	117 
4546	229 
4547	174 
4548	73 
4549	176 
4550	162 
4551	61 
4552	201 
4553	201 
4554	72 
4555	61 
4556	141 
4557	276 
4558	10 
4559	272 
4560	157 
4561	88 
4562	186 
4563	76 
4564	119 
4565	165 
4566	16 
4567	42 
4568	276 
4569	149 
4570	185 
4571	53 
4572	45 
4573	149 
4574	8 
4575	28 
4576	222 
4577	191 
4578	240 
4579	126 
4580	166 
4581	81 
4582	180 
4583	46 
4584	143 
4585	75 
4586	181 
4587	90 
4588	222 
4589	32 
4590	98 
4591	102 
4592	76 
4593	17 
4594	162 
4595	269 
4596	265 
4597	267 
4598	108 
4599	239 
4600	135 
4601	213 
4602	165 
4603	86 
4604	277 
4605	122 
4606	51 
4607	215 
4608	196 
4609	178 
4610	116 
4611	185 
4612	112 
4613	268 
4614	205 
4615	252 
4616	219 
4617	162 
4618	34 
4619	19 
4620	100 
4621	31 
4622	22 
4623	103 
4624	72 
4625	135 
4626	195 
4627	107 
4628	239 
4629	27 
4630	227 
4631	22 
4632	252 
4633	87 
4634	215 
4635	251 
4636	122 
4637	196 
4638	236 
4639	166 
4640	16 
4641	151 
4642	147 
4643	210 
4644	127 
4645	236 
4646	16 
4647	44 
4648	23 
4649	166 
4650	87 
4651	142 
4652	95 
4653	82 
4654	110 
4655	155 
4656	193 
4657	195 
4658	82 
4659	139 
4660	47 
4661	225 
4662	82 
4663	77 
4664	70 
4665	4 
4666	133 
4667	98 
4668	59 
4669	260 
4670	58 
4671	64 
4672	165 
4673	90 
4674	277 
4675	56 
4676	148 
4677	80 
4678	140 
4679	60 
4680	182 
4681	123 
4682	16 
4683	38 
4684	33 
4685	130 
4686	16 
4687	116 
4688	39 
4689	229 
4690	111 
4691	271 
4692	101 
4693	108 
4694	240 
4695	116 
4696	63 
4697	235 
4698	11 
4699	163 
4700	148 
4701	195 
4702	4 
4703	186 
4704	38 
4705	87 
4706	240 
4707	58 
4708	115 
4709	95 
4710	10 
4711	16 
4712	157 
4713	126 
4714	9 
4715	256 
4716	274 
4717	156 
4718	268 
4719	17 
4720	22 
4721	274 
4722	73 
4723	264 
4724	25 
4725	257 
4726	14 
4727	38 
4728	180 
4729	37 
4730	267 
4731	155 
4732	149 
4733	168 
4734	131 
4735	272 
4736	51 
4737	250 
4738	208 
4739	80 
4740	140 
4741	66 
4742	243 
4743	200 
4744	101 
4745	233 
4746	22 
4747	124 
4748	213 
4749	36 
4750	137 
4751	250 
4752	241 
4753	90 
4754	197 
4755	142 
4756	1 
4757	180 
4758	97 
4759	43 
4760	22 
4761	166 
4762	59 
4763	64 
4764	77 
4765	142 
4766	82 
4767	134 
4768	243 
4769	66 
4770	147 
4771	7 
4772	11 
4773	11 
4774	5 
4775	45 
4776	61 
4777	4 
4778	134 
4779	47 
4780	51 
4781	61 
4782	159 
4783	208 
4784	145 
4785	5 
4786	129 
4787	125 
4788	234 
4789	252 
4790	135 
4791	194 
4792	21 
4793	268 
4794	158 
4795	182 
4796	177 
4797	222 
4798	46 
4799	194 
4800	235 
4801	62 
4802	70 
4803	119 
4804	103 
4805	101 
4806	240 
4807	79 
4808	268 
4809	123 
4810	250 
4811	166 
4812	156 
4813	98 
4814	200 
4815	91 
4816	30 
4817	88 
4818	248 
4819	234 
4820	148 
4821	44 
4822	124 
4823	181 
4824	165 
4825	144 
4826	42 
4827	79 
4828	76 
4829	59 
4830	154 
4831	134 
4832	102 
4833	230 
4834	124 
4835	150 
4836	166 
4837	129 
4838	209 
4839	274 
4840	216 
4841	56 
4842	120 
4843	76 
4844	124 
4845	234 
4846	264 
4847	17 
4848	154 
4849	198 
4850	134 
4851	231 
4852	91 
4853	145 
4854	123 
4855	209 
4856	142 
4857	21 
4858	40 
4859	16 
4860	145 
4861	236 
4862	59 
4863	86 
4864	34 
4865	4 
4866	123 
4867	25 
4868	88 
4869	255 
4870	39 
4871	213 
4872	250 
4873	172 
4874	10 
4875	2 
4876	4 
4877	247 
4878	53 
4879	229 
4880	167 
4881	270 
4882	198 
4883	96 
4884	93 
4885	2 
4886	60 
4887	141 
4888	271 
4889	154 
4890	85 
4891	178 
4892	156 
4893	38 
4894	27 
4895	88 
4896	110 
4897	172 
4898	182 
4899	40 
4900	156 
4901	184 
4902	3 
4903	110 
4904	231 
4905	237 
4906	184 
4907	185 
4908	37 
4909	137 
4910	123 
4911	17 
4912	137 
4913	151 
4914	165 
4915	240 
4916	108 
4917	183 
4918	262 
4919	252 
4920	230 
4921	56 
4922	134 
4923	182 
4924	46 
4925	230 
4926	66 
4927	114 
4928	109 
4929	216 
4930	256 
4931	121 
4932	57 
4933	13 
4934	208 
4935	109 
4936	232 
4937	142 
4938	213 
4939	121 
4940	63 
4941	47 
4942	110 
4943	53 
4944	257 
4945	110 
4946	120 
4947	37 
4948	5 
4949	194 
4950	125 
4951	184 
4952	169 
4953	136 
4954	222 
4955	51 
4956	58 
4957	190 
4958	264 
4959	234 
4960	106 
4961	272 
4962	204 
4963	162 
4964	34 
4965	6 
4966	232 
4967	39 
4968	250 
4969	33 
4970	211 
4971	179 
4972	270 
4973	82 
4974	150 
4975	218 
4976	121 
4977	85 
4978	90 
4979	34 
4980	32 
4981	119 
4982	185 
4983	78 
4984	122 
4985	239 
4986	231 
4987	218 
4988	168 
4989	251 
4990	181 
4991	265 
4992	47 
4993	261 
4994	178 
4995	236 
4996	135 
4997	158 
4998	213 
4999	90 
5000	5 
5001	148 
5002	147 
5003	19 
5004	251 
5005	166 
5006	178 
5007	132 
5008	80 
5009	243 
5010	117 
5011	16 
5012	186 
5013	156 
5014	130 
5015	110 
5016	16 
5017	12 
5018	41 
5019	53 
5020	64 
5021	14 
5022	47 
5023	115 
5024	270 
5025	12 
5026	234 
5027	120 
5028	194 
5029	224 
5030	61 
5031	149 
5032	118 
5033	111 
5034	62 
5035	88 
5036	272 
5037	135 
5038	115 
5039	101 
5040	168 
5041	23 
5042	195 
5043	123 
5044	14 
5045	7 
5046	208 
5047	216 
5048	33 
5049	268 
5050	251 
5051	236 
5052	16 
5053	208 
5054	227 
5055	236 
5056	167 
5057	147 
5058	47 
5059	195 
5060	158 
5061	140 
5062	167 
5063	139 
5064	95 
5065	120 
5066	116 
5067	249 
5068	134 
5069	233 
5070	213 
5071	169 
5072	247 
5073	93 
5074	78 
5075	194 
5076	195 
5077	44 
5078	18 
5079	209 
5080	235 
5081	232 
5082	57 
5083	121 
5084	23 
5085	265 
5086	90 
5087	79 
5088	164 
5089	159 
5090	231 
5091	260 
5092	70 
5093	144 
5094	181 
5095	266 
5096	3 
5097	132 
5098	81 
5099	72 
5100	270 
5101	4 
5102	5 
5103	259 
5104	24 
5105	17 
5106	37 
5107	120 
5108	140 
5109	182 
5110	109 
5111	167 
5112	224 
5113	162 
5114	97 
5115	229 
5116	82 
5117	4 
5118	193 
5119	129 
5120	181 
5121	82 
5122	30 
5123	82 
5124	276 
5125	2 
5126	262 
5127	80 
5128	274 
5129	75 
5130	111 
5131	195 
5132	240 
5133	87 
5134	151 
5135	122 
5136	103 
5137	48 
5138	142 
5139	268 
5140	277 
5141	10 
5142	93 
5143	128 
5144	14 
5145	127 
5146	179 
5147	144 
5148	10 
5149	88 
5150	169 
5151	120 
5152	137 
5153	97 
5154	61 
5155	3 
5156	163 
5157	163 
5158	21 
5159	44 
5160	78 
5161	82 
5162	241 
5163	132 
5164	168 
5165	98 
5166	30 
5167	90 
5168	77 
5169	222 
5170	120 
5171	233 
5172	107 
5173	6 
5174	209 
5175	51 
5176	193 
5177	219 
5178	38 
5179	87 
5180	30 
5181	140 
5182	66 
5183	16 
5184	53 
5185	85 
5186	213 
5187	162 
5188	250 
5189	4 
5190	97 
5191	243 
5192	184 
5193	116 
5194	219 
5195	10 
5196	240 
5197	195 
5198	17 
5199	254 
5200	105 
5201	255 
5202	186 
5203	27 
5204	58 
5205	7 
5206	123 
5207	144 
5208	23 
5209	232 
5210	134 
5211	168 
5212	33 
5213	243 
5214	230 
5215	107 
5216	236 
5217	232 
5218	48 
5219	141 
5220	130 
5221	37 
5222	121 
5223	101 
5224	185 
5225	115 
5226	135 
5227	11 
5228	79 
5229	180 
5230	223 
5231	210 
5232	124 
5233	197 
5234	27 
5235	73 
5236	209 
5237	97 
5238	27 
5239	40 
5240	204 
5241	109 
5242	209 
5243	60 
5244	151 
5245	87 
5246	269 
5247	274 
5248	277 
5249	238 
5250	74 
5251	1 
5252	243 
5253	257 
5254	252 
5255	110 
5256	147 
5257	22 
5258	142 
5259	42 
5260	135 
5261	251 
5262	227 
5263	248 
5264	117 
5265	210 
5266	169 
5267	249 
5268	94 
5269	176 
5270	268 
5271	182 
5272	185 
5273	190 
5274	61 
5275	76 
5276	74 
5277	86 
5278	47 
5279	91 
5280	70 
5281	16 
5282	110 
5283	266 
5284	180 
5285	237 
5286	157 
5287	197 
5288	218 
5289	74 
5290	190 
5291	61 
5292	275 
5293	145 
5294	119 
5295	36 
5296	254 
5297	110 
5298	181 
5299	163 
5300	142 
5301	39 
5302	149 
5303	232 
5304	10 
5305	214 
5306	127 
5307	196 
5308	190 
5309	277 
5310	76 
5311	156 
5312	180 
5313	42 
5314	248 
5315	156 
5316	201 
5317	251 
5318	185 
5319	72 
5320	256 
5321	27 
5322	13 
5323	154 
5324	25 
5325	270 
5326	78 
5327	268 
5328	74 
5329	149 
5330	140 
5331	132 
5332	129 
5333	181 
5334	239 
5335	110 
5336	182 
5337	87 
5338	75 
5339	172 
5340	126 
5341	17 
5342	136 
5343	17 
5344	82 
5345	163 
5346	277 
5347	251 
5348	6 
5349	53 
5350	82 
5351	167 
5352	150 
5353	240 
5354	145 
5355	274 
5356	79 
5357	170 
5358	130 
5359	63 
5360	255 
5361	76 
5362	243 
5363	239 
5364	134 
5365	17 
5366	88 
5367	180 
5368	140 
5369	39 
5370	266 
5371	103 
5372	213 
5373	195 
5374	236 
5375	97 
5376	159 
5377	262 
5378	11 
5379	213 
5380	144 
5381	232 
5382	235 
5383	93 
5384	21 
5385	171 
5386	154 
5387	147 
5388	224 
5389	112 
5390	59 
5391	222 
5392	102 
5393	15 
5394	79 
5395	23 
5396	182 
5397	39 
5398	78 
5399	250 
5400	264 
5401	34 
5402	188 
5403	195 
5404	232 
5405	169 
5406	198 
5407	158 
5408	38 
5409	240 
5410	248 
5411	180 
5412	107 
5413	153 
5414	115 
5415	241 
5416	193 
5417	15 
5418	254 
5419	103 
5420	139 
5421	268 
5422	193 
5423	270 
5424	181 
5425	227 
5426	77 
5427	167 
5428	204 
5429	81 
5430	85 
5431	114 
5432	76 
5433	200 
5434	177 
5435	46 
5436	57 
5437	227 
5438	209 
5439	257 
5440	121 
5441	195 
5442	265 
5443	234 
5444	51 
5445	25 
5446	48 
5447	148 
5448	143 
5449	45 
5450	33 
5451	172 
5452	82 
5453	15 
5454	88 
5455	109 
5456	90 
5457	51 
5458	13 
5459	120 
5460	14 
5461	3 
5462	249 
5463	164 
5464	61 
5465	209 
5466	1 
5467	208 
5468	149 
5469	194 
5470	35 
5471	40 
5472	112 
5473	65 
5474	13 
5475	126 
5476	223 
5477	210 
5478	48 
5479	96 
5480	103 
5481	73 
5482	257 
5483	204 
5484	255 
5485	121 
5486	229 
5487	216 
5488	131 
5489	240 
5490	156 
5491	4 
5492	135 
5493	204 
5494	166 
5495	5 
5496	124 
5497	119 
5498	10 
5499	216 
5500	229 
5501	274 
5502	137 
5503	260 
5504	3 
5505	110 
5506	217 
5507	21 
5508	120 
5509	136 
5510	231 
5511	196 
5512	38 
5513	260 
5514	142 
5515	7 
5516	208 
5517	234 
5518	222 
5519	39 
5520	276 
5521	264 
5522	39 
5523	157 
5524	255 
5525	153 
5526	47 
5527	270 
5528	136 
5529	150 
5530	200 
5531	162 
5532	216 
5533	73 
5534	153 
5535	243 
5536	262 
5537	107 
5538	219 
5539	115 
5540	62 
5541	145 
5542	166 
5543	185 
5544	193 
5545	13 
5546	17 
5547	120 
5548	65 
5549	81 
5550	188 
5551	229 
5552	118 
5553	182 
5554	77 
5555	16 
5556	159 
5557	140 
5558	143 
5559	105 
5560	122 
5561	209 
5562	145 
5563	142 
5564	96 
5565	166 
5566	149 
5567	216 
5568	184 
5569	42 
5570	256 
5571	95 
5572	158 
5573	208 
5574	194 
5575	23 
5576	255 
5577	232 
5578	161 
5579	219 
5580	61 
5581	213 
5582	265 
5583	126 
5584	151 
5585	60 
5586	120 
5587	268 
5588	90 
5589	241 
5590	196 
5591	140 
5592	1 
5593	66 
5594	116 
5595	110 
5596	240 
5597	123 
5598	101 
5599	93 
5600	10 
5601	117 
5602	102 
5603	131 
5604	257 
5605	65 
5606	223 
5607	24 
5608	116 
5609	46 
5610	15 
5611	179 
5612	121 
5613	16 
5614	265 
5615	127 
5616	157 
5617	38 
5618	46 
5619	229 
5620	117 
5621	61 
5622	17 
5623	264 
5624	142 
5625	129 
5626	45 
5627	208 
5628	274 
5629	264 
5630	117 
5631	259 
5632	235 
5633	43 
5634	172 
5635	73 
5636	33 
5637	103 
5638	86 
5639	16 
5640	127 
5641	219 
5642	110 
5643	65 
5644	27 
5645	141 
5646	83 
5647	40 
5648	276 
5649	109 
5650	102 
5651	83 
5652	92 
5653	42 
5654	140 
5655	169 
5656	57 
5657	179 
5658	10 
5659	100 
5660	109 
5661	124 
5662	142 
5663	33 
5664	6 
5665	139 
5666	110 
5667	163 
5668	234 
5669	238 
5670	134 
5671	239 
5672	1 
5673	222 
5674	231 
5675	137 
5676	155 
5677	167 
5678	35 
5679	123 
5680	157 
5681	255 
5682	110 
5683	169 
5684	254 
5685	232 
5686	137 
5687	72 
5688	269 
5689	137 
5690	145 
5691	124 
5692	142 
5693	261 
5694	156 
5695	5 
5696	167 
5697	257 
5698	82 
5699	162 
5700	80 
5701	262 
5702	272 
5703	16 
5704	170 
5705	39 
5706	240 
5707	277 
5708	268 
5709	2 
5710	218 
5711	95 
5712	137 
5713	268 
5714	183 
5715	214 
5716	274 
5717	70 
5718	45 
5719	102 
5720	167 
5721	241 
5722	7 
5723	21 
5724	182 
5725	63 
5726	141 
5727	55 
5728	195 
5729	172 
5730	230 
5731	60 
5732	239 
5733	218 
5734	27 
5735	247 
5736	38 
5737	243 
5738	76 
5739	275 
5740	183 
5741	235 
5742	154 
5743	76 
5744	159 
5745	73 
5746	53 
5747	204 
5748	162 
5749	109 
5750	38 
5751	123 
5752	145 
5753	139 
5754	137 
5755	243 
5756	255 
5757	239 
5758	124 
5759	42 
5760	130 
5761	6 
5762	218 
5763	276 
5764	169 
5765	257 
5766	47 
5767	134 
5768	186 
5769	116 
5770	112 
5771	47 
5772	109 
5773	45 
5774	257 
5775	165 
5776	74 
5777	270 
5778	237 
5779	151 
5780	186 
5781	277 
5782	143 
5783	264 
5784	98 
5785	51 
5786	22 
5787	274 
5788	43 
5789	268 
5790	96 
5791	264 
5792	74 
5793	211 
5794	274 
5795	216 
5796	119 
5797	255 
5798	141 
5799	123 
5800	272 
5801	264 
5802	167 
5803	139 
5804	5 
5805	236 
5806	209 
5807	1 
5808	180 
5809	18 
5810	17 
5811	213 
5812	274 
5813	59 
5814	110 
5815	243 
5816	172 
5817	83 
5818	125 
5819	214 
5820	210 
5821	134 
5822	210 
5823	163 
5824	46 
5825	53 
5826	34 
5827	265 
5828	134 
5829	90 
5830	119 
5831	190 
5832	39 
5833	88 
5834	1 
5835	236 
5836	230 
5837	25 
5838	74 
5839	137 
5840	249 
5841	70 
5842	171 
5843	142 
5844	16 
5845	269 
5846	270 
5847	236 
5848	194 
5849	24 
5850	105 
5851	136 
5852	72 
5853	185 
5854	145 
5855	262 
5856	255 
5857	147 
5858	224 
5859	134 
5860	158 
5861	216 
5862	141 
5863	110 
5864	73 
5865	58 
5866	18 
5867	30 
5868	109 
5869	34 
5870	121 
5871	268 
5872	213 
5873	90 
5874	53 
5875	132 
5876	185 
5877	158 
5878	73 
5879	151 
5880	171 
5881	33 
5882	137 
5883	10 
5884	210 
5885	115 
5886	259 
5887	169 
5888	131 
5889	100 
5890	236 
5891	3 
5892	15 
5893	37 
5894	4 
5895	214 
5896	181 
5897	105 
5898	268 
5899	161 
5900	88 
5901	130 
5902	42 
5903	167 
5904	184 
5905	110 
5906	201 
5907	10 
5908	102 
5909	236 
5910	38 
5911	158 
5912	70 
5913	135 
5914	10 
5915	165 
5916	118 
5917	172 
5918	167 
5919	268 
5920	151 
5921	108 
5922	252 
5923	159 
5924	134 
5925	82 
5926	223 
5927	185 
5928	70 
5929	235 
5930	177 
5931	195 
5932	131 
5933	176 
5934	90 
5935	165 
5936	120 
5937	276 
5938	216 
5939	267 
5940	121 
5941	257 
5942	259 
5943	266 
5944	148 
5945	30 
5946	223 
5947	40 
5948	65 
5949	190 
5950	188 
5951	23 
5952	163 
5953	268 
5954	185 
5955	53 
5956	230 
5957	1 
5958	37 
5959	274 
5960	194 
5961	123 
5962	272 
5963	201 
5964	210 
5965	190 
5966	142 
5967	115 
5968	186 
5969	103 
5970	42 
5971	36 
5972	161 
5973	62 
5974	79 
5975	219 
5976	121 
5977	172 
5978	135 
5979	235 
5980	120 
5981	96 
5982	270 
5983	6 
5984	134 
5985	166 
5986	90 
5987	22 
5988	169 
5989	147 
5990	154 
5991	121 
5992	147 
5993	165 
5994	119 
5995	268 
5996	123 
5997	111 
5998	13 
5999	10 
6000	61 
6001	256 
6002	266 
6003	200 
6004	124 
6005	188 
6006	134 
6007	92 
6008	240 
6009	239 
6010	238 
6011	229 
6012	262 
6013	41 
6014	180 
6015	15 
6016	182 
6017	182 
6018	13 
6019	59 
6020	110 
6021	179 
6022	107 
6023	164 
6024	166 
6025	234 
6026	97 
6027	252 
6028	141 
6029	40 
6030	108 
6031	108 
6032	142 
6033	241 
6034	5 
6035	232 
6036	239 
6037	170 
6038	97 
6039	166 
6040	15 
6041	179 
6042	264 
6043	167 
6044	1 
6045	33 
6046	183 
6047	178 
6048	97 
6049	114 
6050	51 
6051	157 
6052	147 
6053	123 
6054	247 
6055	264 
6056	149 
6057	72 
6058	270 
6059	163 
6060	45 
6061	177 
6062	109 
6063	216 
6064	166 
6065	166 
6066	30 
6067	40 
6068	219 
6069	259 
6070	136 
6071	185 
6072	36 
6073	255 
6074	110 
6075	97 
6076	109 
6077	46 
6078	176 
6079	257 
6080	198 
6081	25 
6082	66 
6083	6 
6084	14 
6085	123 
6086	125 
6087	10 
6088	272 
6089	39 
6090	274 
6091	1 
6092	83 
6093	139 
6094	201 
6095	147 
6096	157 
6097	60 
6098	180 
6099	51 
6100	53 
6101	222 
6102	167 
6103	48 
6104	200 
6105	123 
6106	4 
6107	23 
6108	218 
6109	197 
6110	149 
6111	243 
6112	24 
6113	230 
6114	236 
6115	47 
6116	178 
6117	186 
6118	4 
6119	274 
6120	38 
6121	10 
6122	255 
6123	163 
6124	16 
6125	39 
6126	218 
6127	70 
6128	17 
6129	129 
6130	254 
6131	262 
6132	161 
6133	34 
6134	144 
6135	107 
6136	46 
6137	124 
6138	118 
6139	155 
6140	149 
6141	200 
6142	223 
6143	109 
6144	60 
6145	251 
6146	61 
6147	145 
6148	150 
6149	178 
6150	170 
6151	172 
6152	43 
6153	115 
6154	260 
6155	82 
6156	177 
6157	238 
6158	232 
6159	190 
6160	76 
6161	268 
6162	107 
6163	260 
6164	61 
6165	276 
6166	23 
6167	181 
6168	14 
6169	51 
6170	268 
6171	243 
6172	172 
6173	44 
6174	255 
6175	38 
6176	37 
6177	61 
6178	121 
6179	224 
6180	216 
6181	230 
6182	184 
6183	178 
6184	180 
6185	276 
6186	92 
6187	210 
6188	182 
6189	255 
6190	255 
6191	214 
6192	129 
6193	45 
6194	108 
6195	17 
6196	209 
6197	23 
6198	265 
6199	195 
6200	164 
6201	35 
6202	172 
6203	181 
6204	274 
6205	83 
6206	132 
6207	272 
6208	151 
6209	195 
6210	223 
6211	103 
6212	213 
6213	88 
6214	107 
6215	4 
6216	213 
6217	144 
6218	151 
6219	268 
6220	33 
6221	186 
6222	194 
6223	136 
6224	241 
6225	131 
6226	74 
6227	100 
6228	125 
6229	110 
6230	121 
6231	185 
6232	4 
6233	83 
6234	238 
6235	157 
6236	272 
6237	3 
6238	179 
6239	15 
6240	103 
6241	264 
6242	100 
6243	155 
6244	150 
6245	120 
6246	43 
6247	180 
6248	268 
6249	210 
6250	123 
6251	92 
6252	154 
6253	79 
6254	23 
6255	117 
6256	139 
6257	238 
6258	17 
6259	36 
6260	239 
6261	37 
6262	81 
6263	154 
6264	82 
6265	122 
6266	140 
6267	265 
6268	97 
6269	240 
6270	224 
6271	153 
6272	231 
6273	243 
6274	41 
6275	156 
6276	257 
6277	269 
6278	115 
6279	148 
6280	4 
6281	151 
6282	251 
6283	115 
6284	164 
6285	47 
6286	134 
6287	142 
6288	123 
6289	194 
6290	241 
6291	82 
6292	240 
6293	267 
6294	37 
6295	1 
6296	22 
6297	34 
6298	195 
6299	30 
6300	265 
6301	274 
6302	114 
6303	10 
6304	142 
6305	73 
6306	201 
6307	169 
6308	35 
6309	274 
6310	111 
6311	16 
6312	137 
6313	121 
6314	110 
6315	70 
6316	197 
6317	51 
6318	62 
6319	201 
6320	154 
6321	141 
6322	222 
6323	250 
6324	210 
6325	134 
6326	48 
6327	43 
6328	140 
6329	120 
6330	201 
6331	218 
6332	183 
6333	168 
6334	137 
6335	232 
6336	181 
6337	42 
6338	190 
6339	201 
6340	217 
6341	272 
6342	90 
6343	216 
6344	57 
6345	159 
6346	209 
6347	129 
6348	4 
6349	254 
6350	260 
6351	142 
6352	111 
6353	48 
6354	268 
6355	134 
6356	15 
6357	92 
6358	267 
6359	21 
6360	1 
6361	166 
6362	236 
6363	252 
6364	38 
6365	165 
6366	39 
6367	16 
6368	128 
6369	139 
6370	149 
6371	42 
6372	65 
6373	169 
6374	4 
6375	132 
6376	136 
6377	79 
6378	10 
6379	6 
6380	165 
6381	65 
6382	90 
6383	92 
6384	110 
6385	38 
6386	214 
6387	231 
6388	183 
6389	21 
6390	194 
6391	109 
6392	208 
6393	184 
6394	34 
6395	171 
6396	232 
6397	59 
6398	117 
6399	243 
6400	267 
6401	145 
6402	164 
6403	92 
6404	14 
6405	161 
6406	184 
6407	124 
6408	166 
6409	63 
6410	119 
6411	143 
6412	264 
6413	74 
6414	241 
6415	208 
6416	60 
6417	201 
6418	276 
6419	120 
6420	137 
6421	117 
6422	181 
6423	73 
6424	30 
6425	163 
6426	121 
6427	181 
6428	236 
6429	115 
6430	24 
6431	105 
6432	216 
6433	151 
6434	148 
6435	129 
6436	183 
6437	232 
6438	38 
6439	269 
6440	57 
6441	21 
6442	39 
6443	141 
6444	139 
6445	43 
6446	204 
6447	90 
6448	135 
6449	241 
6450	171 
6451	201 
6452	127 
6453	145 
6454	79 
6455	97 
6456	37 
6457	97 
6458	201 
6459	132 
6460	14 
6461	264 
6462	230 
6463	232 
6464	37 
6465	218 
6466	70 
6467	62 
6468	147 
6469	78 
6470	22 
6471	264 
6472	204 
6473	250 
6474	14 
6475	190 
6476	183 
6477	165 
6478	30 
6479	17 
6480	135 
6481	43 
6482	147 
6483	98 
6484	5 
6485	148 
6486	98 
6487	97 
6488	130 
6489	250 
6490	51 
6491	145 
6492	153 
6493	259 
6494	172 
6495	180 
6496	154 
6497	142 
6498	260 
6499	194 
6500	210 
6501	156 
6502	148 
6503	17 
6504	265 
6505	240 
6506	16 
6507	118 
6508	153 
6509	188 
6510	274 
6511	255 
6512	158 
6513	181 
6514	159 
6515	4 
6516	10 
6517	55 
6518	272 
6519	62 
6520	88 
6521	241 
6522	123 
6523	110 
6524	197 
6525	255 
6526	157 
6527	256 
6528	1 
6529	148 
6530	163 
6531	235 
6532	184 
6533	22 
6534	40 
6535	74 
6536	130 
6537	200 
6538	188 
6539	10 
6540	195 
6541	17 
6542	97 
6543	260 
6544	42 
6545	262 
6546	65 
6547	195 
6548	79 
6549	114 
6550	132 
6551	158 
6552	218 
6553	158 
6554	110 
6555	139 
6556	122 
6557	142 
6558	255 
6559	222 
6560	218 
6561	208 
6562	47 
6563	16 
6564	134 
6565	194 
6566	188 
6567	123 
6568	79 
6569	142 
6570	109 
6571	166 
6572	30 
6573	145 
6574	97 
6575	265 
6576	208 
6577	241 
6578	51 
6579	42 
6580	214 
6581	43 
6582	218 
6583	204 
6584	231 
6585	63 
6586	3 
6587	141 
6588	239 
6589	110 
6590	149 
6591	190 
6592	141 
6593	116 
6594	218 
6595	139 
6596	107 
6597	63 
6598	53 
6599	114 
6600	76 
6601	148 
6602	73 
6603	3 
6604	142 
6605	80 
6606	76 
6607	218 
6608	200 
6609	181 
6610	48 
6611	15 
6612	180 
6613	156 
6614	219 
6615	5 
6616	136 
6617	121 
6618	78 
6619	222 
6620	267 
6621	166 
6622	170 
6623	181 
6624	128 
6625	193 
6626	22 
6627	162 
6628	72 
6629	72 
6630	110 
6631	97 
6632	141 
6633	222 
6634	5 
6635	170 
6636	158 
6637	201 
6638	169 
6639	27 
6640	254 
6641	239 
6642	51 
6643	110 
6644	177 
6645	98 
6646	41 
6647	208 
6648	110 
6649	23 
6650	222 
6651	118 
6652	274 
6653	251 
6654	268 
6655	177 
6656	268 
6657	1 
6658	59 
6659	178 
6660	139 
6661	167 
6662	184 
6663	195 
6664	222 
6665	41 
6666	38 
6667	162 
6668	164 
6669	239 
6670	80 
6671	1 
6672	74 
6673	236 
6674	213 
6675	10 
6676	119 
6677	210 
6678	259 
6679	265 
6680	172 
6681	74 
6682	116 
6683	218 
6684	188 
6685	51 
6686	261 
6687	222 
6688	83 
6689	25 
6690	44 
6691	154 
6692	142 
6693	168 
6694	170 
6695	100 
6696	194 
6697	15 
6698	62 
6699	166 
6700	80 
6701	250 
6702	143 
6703	98 
6704	223 
6705	73 
6706	109 
6707	10 
6708	124 
6709	39 
6710	38 
6711	183 
6712	230 
6713	58 
6714	255 
6715	231 
6716	93 
6717	97 
6718	92 
6719	197 
6720	38 
6721	135 
6722	213 
6723	78 
6724	23 
6725	128 
6726	70 
6727	141 
6728	37 
6729	197 
6730	194 
6731	224 
6732	115 
6733	256 
6734	171 
6735	274 
6736	210 
6737	236 
6738	182 
6739	100 
6740	132 
6741	97 
6742	47 
6743	42 
6744	63 
6745	224 
6746	62 
6747	110 
6748	27 
6749	107 
6750	163 
6751	13 
6752	103 
6753	243 
6754	274 
6755	39 
6756	180 
6757	209 
6758	131 
6759	214 
6760	164 
6761	14 
6762	139 
6763	121 
6764	183 
6765	257 
6766	213 
6767	125 
6768	109 
6769	240 
6770	111 
6771	3 
6772	222 
6773	10 
6774	39 
6775	194 
6776	4 
6777	210 
6778	15 
6779	262 
6780	166 
6781	13 
6782	186 
6783	241 
6784	168 
6785	154 
6786	73 
6787	129 
6788	239 
6789	70 
6790	170 
6791	236 
6792	103 
6793	5 
6794	197 
6795	182 
6796	111 
6797	183 
6798	170 
6799	5 
6800	208 
6801	110 
6802	122 
6803	236 
6804	100 
6805	143 
6806	115 
6807	239 
6808	209 
6809	254 
6810	55 
6811	88 
6812	157 
6813	21 
6814	176 
6815	200 
6816	47 
6817	131 
6818	109 
6819	149 
6820	70 
6821	35 
6822	222 
6823	39 
6824	265 
6825	262 
6826	44 
6827	184 
6828	172 
6829	130 
6830	109 
6831	136 
6832	265 
6833	143 
6834	130 
6835	27 
6836	180 
6837	25 
6838	10 
6839	141 
6840	264 
6841	14 
6842	53 
6843	251 
6844	61 
6845	158 
6846	233 
6847	16 
6848	51 
6849	184 
6850	265 
6851	59 
6852	240 
6853	62 
6854	111 
6855	264 
6856	223 
6857	61 
6858	213 
6859	127 
6860	15 
6861	109 
6862	38 
6863	144 
6864	208 
6865	39 
6866	51 
6867	45 
6868	10 
6869	33 
6870	128 
6871	127 
6872	24 
6873	109 
6874	125 
6875	40 
6876	229 
6877	141 
6878	45 
6879	4 
6880	21 
6881	180 
6882	156 
6883	139 
6884	195 
6885	182 
6886	70 
6887	127 
6888	92 
6889	90 
6890	145 
6891	116 
6892	171 
6893	149 
6894	117 
6895	165 
6896	97 
6897	16 
6898	10 
6899	272 
6900	120 
6901	256 
6902	274 
6903	98 
6904	262 
6905	4 
6906	35 
6907	170 
6908	241 
6909	128 
6910	155 
6911	135 
6912	236 
6913	115 
6914	268 
6915	139 
6916	125 
6917	264 
6918	197 
6919	76 
6920	100 
6921	194 
6922	121 
6923	105 
6924	76 
6925	79 
6926	157 
6927	3 
6928	122 
6929	241 
6930	109 
6931	147 
6932	109 
6933	234 
6934	158 
6935	201 
6936	13 
6937	30 
6938	238 
6939	142 
6940	254 
6941	190 
6942	214 
6943	78 
6944	264 
6945	122 
6946	201 
6947	63 
6948	144 
6949	53 
6950	139 
6951	158 
6952	195 
6953	163 
6954	140 
6955	119 
6956	142 
6957	214 
6958	73 
6959	40 
6960	218 
6961	151 
6962	180 
6963	140 
6964	123 
6965	270 
6966	134 
6967	184 
6968	125 
6969	232 
6970	149 
6971	250 
6972	262 
6973	4 
6974	236 
6975	195 
6976	251 
6977	153 
6978	272 
6979	219 
6980	209 
6981	78 
6982	239 
6983	147 
6984	140 
6985	70 
6986	4 
6987	204 
6988	188 
6989	159 
6990	1 
6991	149 
6992	86 
6993	200 
6994	232 
6995	30 
6996	61 
6997	164 
6998	213 
6999	140 
7000	73 
7001	115 
7002	117 
7003	117 
7004	256 
7005	176 
7006	48 
7007	166 
7008	73 
7009	27 
7010	155 
7011	21 
7012	178 
7013	110 
7014	216 
7015	169 
7016	135 
7017	148 
7018	180 
7019	1 
7020	129 
7021	240 
7022	137 
7023	243 
7024	201 
7025	149 
7026	93 
7027	241 
7028	156 
7029	256 
7030	33 
7031	204 
7032	119 
7033	129 
7034	4 
7035	231 
7036	195 
7037	135 
7038	268 
7039	147 
7040	90 
7041	214 
7042	219 
7043	44 
7044	250 
7045	181 
7046	16 
7047	166 
7048	166 
7049	218 
7050	156 
7051	250 
7052	37 
7053	165 
7054	120 
7055	167 
7056	195 
7057	122 
7058	239 
7059	169 
7060	240 
7061	181 
7062	156 
7063	209 
7064	62 
7065	45 
7066	42 
7067	139 
7068	109 
7069	4 
7070	82 
7071	254 
7072	272 
7073	177 
7074	208 
7075	236 
7076	23 
7077	51 
7078	73 
7079	262 
7080	39 
7081	109 
7082	63 
7083	216 
7084	209 
7085	252 
7086	122 
7087	103 
7088	229 
7089	177 
7090	140 
7091	125 
7092	16 
7093	1 
7094	218 
7095	62 
7096	145 
7097	262 
7098	219 
7099	47 
7100	229 
7101	119 
7102	24 
7103	117 
7104	23 
7105	188 
7106	197 
7107	35 
7108	159 
7109	255 
7110	42 
7111	145 
7112	123 
7113	61 
7114	38 
7115	107 
7116	184 
7117	42 
7118	234 
7119	157 
7120	1 
7121	274 
7122	239 
7123	76 
7124	240 
7125	216 
7126	265 
7127	214 
7128	250 
7129	181 
7130	144 
7131	201 
7132	134 
7133	151 
7134	42 
7135	140 
7136	181 
7137	277 
7138	22 
7139	268 
7140	55 
7141	216 
7142	79 
7143	222 
7144	170 
7145	162 
7146	255 
7147	53 
7148	124 
7149	27 
7150	51 
7151	210 
7152	135 
7153	13 
7154	229 
7155	34 
7156	158 
7157	124 
7158	115 
7159	59 
7160	115 
7161	168 
7162	241 
7163	119 
7164	88 
7165	135 
7166	139 
7167	241 
7168	170 
7169	122 
7170	3 
7171	165 
7172	178 
7173	170 
7174	53 
7175	163 
7176	79 
7177	208 
7178	214 
7179	30 
7180	42 
7181	254 
7182	151 
7183	110 
7184	167 
7185	166 
7186	167 
7187	55 
7188	88 
7189	142 
7190	222 
7191	83 
7192	163 
7193	156 
7194	178 
7195	137 
7196	256 
7197	45 
7198	231 
7199	154 
7200	135 
7201	200 
7202	55 
7203	180 
7204	51 
7205	61 
7206	103 
7207	252 
7208	93 
7209	188 
7210	164 
7211	51 
7212	197 
7213	229 
7214	185 
7215	201 
7216	142 
7217	124 
7218	134 
7219	264 
7220	232 
7221	137 
7222	90 
7223	229 
7224	251 
7225	154 
7226	140 
7227	264 
7228	27 
7229	135 
7230	16 
7231	73 
7232	232 
7233	182 
7234	135 
7235	17 
7236	151 
7237	123 
7238	62 
7239	140 
7240	265 
7241	238 
7242	41 
7243	62 
7244	214 
7245	15 
7246	37 
7247	62 
7248	10 
7249	166 
7250	265 
7251	103 
7252	210 
7253	165 
7254	214 
7255	170 
7256	137 
7257	182 
7258	232 
7259	88 
7260	177 
7261	277 
7262	169 
7263	140 
7264	257 
7265	82 
7266	210 
7267	147 
7268	130 
7269	164 
7270	124 
7271	135 
7272	73 
7273	243 
7274	41 
7275	255 
7276	33 
7277	76 
7278	137 
7279	125 
7280	197 
7281	256 
7282	147 
7283	127 
7284	61 
7285	13 
7286	51 
7287	148 
7288	110 
7289	10 
7290	166 
7291	193 
7292	79 
7293	210 
7294	158 
7295	254 
7296	270 
7297	231 
7298	218 
7299	265 
7300	48 
7301	151 
7302	159 
7303	218 
7304	13 
7305	270 
7306	243 
7307	181 
7308	43 
7309	119 
7310	180 
7311	262 
7312	255 
7313	216 
7314	232 
7315	148 
7316	127 
7317	261 
7318	194 
7319	45 
7320	131 
7321	115 
7322	135 
7323	40 
7324	43 
7325	229 
7326	4 
7327	185 
7328	267 
7329	88 
7330	109 
7331	5 
7332	90 
7333	10 
7334	119 
7335	236 
7336	117 
7337	123 
7338	256 
7339	232 
7340	121 
7341	270 
7342	119 
7343	124 
7344	129 
7345	62 
7346	197 
7347	145 
7348	167 
7349	190 
7350	82 
7351	17 
7352	131 
7353	181 
7354	170 
7355	193 
7356	61 
7357	103 
7358	172 
7359	163 
7360	63 
7361	78 
7362	209 
7363	109 
7364	13 
7365	79 
7366	236 
7367	43 
7368	78 
7369	166 
7370	251 
7371	186 
7372	115 
7373	139 
7374	53 
7375	270 
7376	51 
7377	38 
7378	76 
7379	21 
7380	121 
7381	137 
7382	137 
7383	141 
7384	254 
7385	21 
7386	83 
7387	224 
7388	129 
7389	255 
7390	158 
7391	240 
7392	213 
7393	232 
7394	115 
7395	115 
7396	240 
7397	117 
7398	137 
7399	140 
7400	183 
7401	164 
7402	11 
7403	53 
7404	127 
7405	103 
7406	255 
7407	190 
7408	209 
7409	1 
7410	256 
7411	186 
7412	1 
7413	48 
7414	243 
7415	76 
7416	260 
7417	224 
7418	53 
7419	131 
7420	123 
7421	130 
7422	114 
7423	219 
7424	23 
7425	162 
7426	218 
7427	188 
7428	241 
7429	177 
7430	250 
7431	11 
7432	17 
7433	262 
7434	200 
7435	61 
7436	61 
7437	124 
7438	163 
7439	167 
7440	233 
7441	111 
7442	14 
7443	190 
7444	131 
7445	110 
7446	239 
7447	200 
7448	193 
7449	260 
7450	168 
7451	162 
7452	169 
7453	141 
7454	238 
7455	252 
7456	265 
7457	218 
7458	23 
7459	222 
7460	186 
7461	41 
7462	10 
7463	80 
7464	74 
7465	45 
7466	274 
7467	17 
7468	170 
7469	10 
7470	51 
7471	108 
7472	265 
7473	82 
7474	22 
7475	197 
7476	45 
7477	15 
7478	163 
7479	178 
7480	61 
7481	79 
7482	186 
7483	35 
7484	178 
7485	229 
7486	255 
7487	16 
7488	4 
7489	178 
7490	14 
7491	232 
7492	144 
7493	151 
7494	120 
7495	156 
7496	47 
7497	268 
7498	154 
7499	42 
7500	47 
7501	48 
7502	252 
7503	274 
7504	136 
7505	200 
7506	27 
7507	171 
7508	147 
7509	134 
7510	194 
7511	232 
7512	47 
7513	120 
7514	219 
7515	51 
7516	167 
7517	121 
7518	4 
7519	59 
7520	181 
7521	47 
7522	195 
7523	277 
7524	83 
7525	182 
7526	170 
7527	142 
7528	183 
7529	127 
7530	70 
7531	137 
7532	218 
7533	1 
7534	238 
7535	47 
7536	61 
7537	140 
7538	195 
7539	97 
7540	108 
7541	250 
7542	240 
7543	172 
7544	240 
7545	13 
7546	184 
7547	164 
7548	171 
7549	257 
7550	230 
7551	79 
7552	200 
7553	197 
7554	30 
7555	10 
7556	61 
7557	184 
7558	47 
7559	15 
7560	256 
7561	127 
7562	241 
7563	70 
7564	236 
7565	156 
7566	219 
7567	234 
7568	79 
7569	157 
7570	24 
7571	135 
7572	224 
7573	257 
7574	268 
7575	22 
7576	37 
7577	181 
7578	134 
7579	190 
7580	158 
7581	110 
7582	156 
7583	13 
7584	143 
7585	252 
7586	163 
7587	140 
7588	130 
7589	110 
7590	145 
7591	268 
7592	262 
7593	117 
7594	251 
7595	88 
7596	108 
7597	240 
7598	140 
7599	62 
7600	241 
7601	109 
7602	218 
7603	167 
7604	145 
7605	23 
7606	11 
7607	166 
7608	139 
7609	131 
7610	236 
7611	274 
7612	270 
7613	123 
7614	158 
7615	200 
7616	137 
7617	236 
7618	53 
7619	78 
7620	178 
7621	169 
7622	169 
7623	120 
7624	35 
7625	134 
7626	142 
7627	165 
7628	98 
7629	218 
7630	230 
7631	142 
7632	73 
7633	167 
7634	166 
7635	120 
7636	53 
7637	51 
7638	268 
7639	88 
7640	236 
7641	40 
7642	277 
7643	218 
7644	76 
7645	265 
7646	45 
7647	38 
7648	76 
7649	107 
7650	17 
7651	137 
7652	230 
7653	30 
7654	139 
7655	27 
7656	130 
7657	141 
7658	238 
7659	121 
7660	209 
7661	45 
7662	262 
7663	213 
7664	40 
7665	214 
7666	164 
7667	107 
7668	142 
7669	41 
7670	98 
7671	130 
7672	188 
7673	10 
7674	180 
7675	80 
7676	240 
7677	177 
7678	234 
7679	172 
7680	33 
7681	148 
7682	123 
7683	195 
7684	181 
7685	98 
7686	45 
7687	151 
7688	216 
7689	167 
7690	232 
7691	117 
7692	232 
7693	17 
7694	236 
7695	139 
7696	76 
7697	268 
7698	121 
7699	268 
7700	63 
7701	103 
7702	65 
7703	61 
7704	43 
7705	141 
7706	182 
7707	186 
7708	159 
7709	158 
7710	156 
7711	137 
7712	45 
7713	183 
7714	172 
7715	129 
7716	139 
7717	151 
7718	262 
7719	47 
7720	65 
7721	209 
7722	63 
7723	59 
7724	239 
7725	108 
7726	164 
7727	151 
7728	48 
7729	37 
7730	61 
7731	232 
7732	109 
7733	30 
7734	216 
7735	178 
7736	213 
7737	144 
7738	35 
7739	114 
7740	219 
7741	188 
7742	195 
7743	116 
7744	164 
7745	53 
7746	171 
7747	184 
7748	243 
7749	252 
7750	182 
7751	111 
7752	201 
7753	255 
7754	210 
7755	123 
7756	140 
7757	240 
7758	79 
7759	93 
7760	120 
7761	254 
7762	103 
7763	172 
7764	157 
7765	256 
7766	103 
7767	250 
7768	88 
7769	129 
7770	182 
7771	156 
7772	186 
7773	130 
7774	151 
7775	147 
7776	222 
7777	216 
7778	53 
7779	147 
7780	177 
7781	274 
7782	277 
7783	151 
7784	274 
7785	61 
7786	197 
7787	166 
7788	115 
7789	210 
7790	115 
7791	193 
7792	123 
7793	88 
7794	251 
7795	264 
7796	142 
7797	195 
7798	239 
7799	61 
7800	164 
7801	232 
7802	73 
7803	115 
7804	4 
7805	149 
7806	183 
7807	164 
7808	92 
7809	170 
7810	33 
7811	156 
7812	166 
7813	93 
7814	97 
7815	141 
7816	119 
7817	185 
7818	118 
7819	5 
7820	120 
7821	252 
7822	110 
7823	182 
7824	274 
7825	27 
7826	121 
7827	79 
7828	107 
7829	82 
7830	47 
7831	230 
7832	145 
7833	185 
7834	51 
7835	130 
7836	45 
7837	158 
7838	265 
7839	131 
7840	10 
7841	230 
7842	109 
7843	147 
7844	41 
7845	115 
7846	264 
7847	108 
7848	177 
7849	42 
7850	88 
7851	219 
7852	209 
7853	186 
7854	39 
7855	62 
7856	222 
7857	274 
7858	110 
7859	233 
7860	61 
7861	208 
7862	257 
7863	186 
7864	63 
7865	142 
7866	241 
7867	270 
7868	172 
7869	180 
7870	241 
7871	115 
7872	134 
7873	5 
7874	134 
7875	92 
7876	41 
7877	272 
7878	53 
7879	208 
7880	252 
7881	193 
7882	186 
7883	61 
7884	120 
7885	255 
7886	110 
7887	103 
7888	63 
7889	39 
7890	40 
7891	170 
7892	148 
7893	115 
7894	83 
7895	257 
7896	134 
7897	83 
7898	182 
7899	10 
7900	239 
7901	119 
7902	37 
7903	163 
7904	252 
7905	151 
7906	10 
7907	73 
7908	10 
7909	93 
7910	132 
7911	218 
7912	213 
7913	61 
7914	97 
7915	129 
7916	42 
7917	120 
7918	22 
7919	188 
7920	1 
7921	123 
7922	109 
7923	141 
7924	177 
7925	210 
7926	214 
7927	252 
7928	97 
7929	38 
7930	33 
7931	120 
7932	156 
7933	195 
7934	193 
7935	90 
7936	97 
7937	162 
7938	33 
7939	74 
7940	163 
7941	120 
7942	165 
7943	74 
7944	142 
7945	34 
7946	122 
7947	83 
7948	134 
7949	222 
7950	78 
7951	172 
7952	73 
7953	42 
7954	123 
7955	127 
7956	1 
7957	213 
7958	132 
7959	3 
7960	233 
7961	115 
7962	51 
7963	268 
7964	210 
7965	38 
7966	124 
7967	93 
7968	156 
7969	111 
7970	142 
7971	219 
7972	51 
7973	171 
7974	208 
7975	39 
7976	134 
7977	200 
7978	121 
7979	208 
7980	88 
7981	240 
7982	78 
7983	15 
7984	63 
7985	190 
7986	274 
7987	47 
7988	181 
7989	262 
7990	132 
7991	78 
7992	250 
7993	73 
7994	93 
7995	165 
7996	90 
7997	157 
7998	129 
7999	1 
8000	62 
8001	224 
8002	74 
8003	51 
8004	129 
8005	154 
8006	255 
8007	123 
8008	22 
8009	230 
8010	169 
8011	23 
8012	268 
8013	167 
8014	45 
8015	120 
8016	131 
8017	98 
8018	216 
8019	201 
8020	122 
8021	169 
8022	163 
8023	117 
8024	110 
8025	272 
8026	186 
8027	123 
8028	167 
8029	135 
8030	134 
8031	243 
8032	236 
8033	61 
8034	3 
8035	120 
8036	39 
8037	16 
8038	17 
8039	151 
8040	103 
8041	137 
8042	111 
8043	209 
8044	238 
8045	119 
8046	30 
8047	90 
8048	243 
8049	37 
8050	194 
8051	169 
8052	134 
8053	204 
8054	252 
8055	115 
8056	124 
8057	43 
8058	239 
8059	238 
8060	33 
8061	76 
8062	123 
8063	59 
8064	251 
8065	252 
8066	241 
8067	232 
8068	17 
8069	41 
8070	127 
8071	83 
8072	171 
8073	195 
8074	171 
8075	15 
8076	178 
8077	15 
8078	184 
8079	121 
8080	74 
8081	149 
8082	232 
8083	233 
8084	162 
8085	108 
8086	268 
8087	209 
8088	166 
8089	197 
8090	255 
8091	137 
8092	144 
8093	109 
8094	172 
8095	239 
8096	97 
8097	157 
8098	73 
8099	51 
8100	172 
8101	53 
8102	137 
8103	218 
8104	186 
8105	145 
8106	149 
8107	243 
8108	97 
8109	277 
8110	131 
8111	118 
8112	208 
8113	238 
8114	210 
8115	92 
8116	80 
8117	122 
8118	190 
8119	73 
8120	4 
8121	35 
8122	48 
8123	265 
8124	270 
8125	42 
8126	195 
8127	16 
8128	45 
8129	147 
8130	262 
8131	132 
8132	16 
8133	170 
8134	13 
8135	243 
8136	13 
8137	42 
8138	59 
8139	216 
8140	45 
8141	182 
8142	34 
8143	230 
8144	167 
8145	61 
8146	108 
8147	144 
8148	42 
8149	88 
8150	82 
8151	274 
8152	172 
8153	76 
8154	213 
8155	45 
8156	201 
8157	47 
8158	158 
8159	177 
8160	41 
8161	47 
8162	130 
8163	78 
8164	274 
8165	43 
8166	264 
8167	92 
8168	134 
8169	252 
8170	33 
8171	33 
8172	238 
8173	159 
8174	181 
8175	159 
8176	270 
8177	108 
8178	252 
8179	47 
8180	82 
8181	42 
8182	48 
8183	34 
8184	132 
8185	88 
8186	45 
8187	193 
8188	254 
8189	111 
8190	158 
8191	63 
8192	190 
8193	122 
8194	171 
8195	240 
8196	41 
8197	170 
8198	243 
8199	213 
8200	111 
8201	135 
8202	193 
8203	208 
8204	236 
8205	218 
8206	255 
8207	76 
8208	232 
8209	119 
8210	38 
8211	78 
8212	97 
8213	51 
8214	79 
8215	252 
8216	181 
8217	181 
8218	51 
8219	119 
8220	108 
8221	47 
8222	120 
8223	110 
8224	42 
8225	142 
8226	268 
8227	188 
8228	34 
8229	134 
8230	76 
8231	42 
8232	83 
8233	159 
8234	166 
8235	233 
8236	30 
8237	108 
8238	159 
8239	277 
8240	90 
8241	265 
8242	137 
8243	82 
8244	117 
8245	257 
8246	265 
8247	184 
8248	178 
8249	184 
8250	4 
8251	122 
8252	243 
8253	108 
8254	218 
8255	256 
8256	230 
8257	70 
8258	209 
8259	254 
8260	134 
8261	121 
8262	111 
8263	210 
8264	201 
8265	195 
8266	180 
8267	256 
8268	233 
8269	79 
8270	5 
8271	108 
8272	39 
8273	178 
8274	116 
8275	130 
8276	181 
8277	119 
8278	39 
8279	10 
8280	145 
8281	167 
8282	233 
8283	135 
8284	169 
8285	213 
8286	53 
8287	10 
8288	257 
8289	185 
8290	218 
8291	61 
8292	274 
8293	116 
8294	166 
8295	251 
8296	103 
8297	222 
8298	272 
8299	109 
8300	38 
8301	17 
8302	125 
8303	119 
8304	222 
8305	120 
8306	272 
8307	274 
8308	34 
8309	157 
8310	40 
8311	159 
8312	88 
8313	159 
8314	188 
8315	216 
8316	1 
8317	76 
8318	251 
8319	39 
8320	1 
8321	230 
8322	51 
8323	129 
8324	130 
8325	218 
8326	79 
8327	218 
8328	123 
8329	1 
8330	256 
8331	17 
8332	232 
8333	42 
8334	254 
8335	222 
8336	236 
8337	103 
8338	167 
8339	121 
8340	156 
8341	167 
8342	109 
8343	188 
8344	3 
8345	145 
8346	137 
8347	195 
8348	70 
8349	197 
8350	92 
8351	111 
8352	117 
8353	3 
8354	264 
8355	156 
8356	70 
8357	3 
8358	200 
8359	92 
8360	181 
8361	197 
8362	274 
8363	194 
8364	107 
8365	97 
8366	222 
8367	110 
8368	274 
8369	194 
8370	115 
8371	110 
8372	123 
8373	172 
8374	270 
8375	37 
8376	117 
8377	115 
8378	35 
8379	131 
8380	111 
8381	51 
8382	74 
8383	45 
8384	111 
8385	27 
8386	34 
8387	157 
8388	239 
8389	240 
8390	140 
8391	109 
8392	270 
8393	131 
8394	76 
8395	140 
8396	151 
8397	45 
8398	10 
8399	51 
8400	230 
8401	274 
8402	115 
8403	41 
8404	144 
8405	141 
8406	274 
8407	107 
8408	268 
8409	88 
8410	169 
8411	129 
8412	208 
8413	129 
8414	182 
8415	134 
8416	15 
8417	123 
8418	172 
8419	190 
8420	190 
8421	216 
8422	268 
8423	169 
8424	169 
8425	117 
8426	190 
8427	23 
8428	135 
8429	262 
8430	142 
8431	131 
8432	145 
8433	53 
8434	256 
8435	251 
8436	164 
8437	88 
8438	97 
8439	162 
8440	238 
8441	30 
8442	149 
8443	277 
8444	73 
8445	163 
8446	184 
8447	252 
8448	30 
8449	239 
8450	159 
8451	274 
8452	48 
8453	47 
8454	268 
8455	16 
8456	74 
8457	62 
8458	230 
8459	109 
8460	144 
8461	39 
8462	98 
8463	1 
8464	61 
8465	13 
8466	121 
8467	16 
8468	88 
8469	45 
8470	97 
8471	190 
8472	222 
8473	159 
8474	274 
8475	201 
8476	140 
8477	4 
8478	182 
8479	39 
8480	76 
8481	23 
8482	73 
8483	83 
8484	182 
8485	158 
8486	252 
8487	236 
8488	124 
8489	124 
8490	208 
8491	256 
8492	151 
8493	180 
8494	218 
8495	142 
8496	209 
8497	5 
8498	170 
8499	166 
8500	41 
8501	103 
8502	3 
8503	200 
8504	97 
8505	109 
8506	47 
8507	3 
8508	103 
8509	39 
8510	167 
8511	15 
8512	265 
8513	97 
8514	62 
8515	37 
8516	109 
8517	13 
8518	53 
8519	222 
8520	140 
8521	117 
8522	195 
8523	277 
8524	158 
8525	130 
8526	145 
8527	240 
8528	243 
8529	201 
8530	195 
8531	251 
8532	209 
8533	240 
8534	216 
8535	82 
8536	241 
8537	252 
8538	59 
8539	40 
8540	167 
8541	34 
8542	117 
8543	134 
8544	135 
8545	265 
8546	230 
8547	243 
8548	121 
8549	42 
8550	147 
8551	241 
8552	137 
8553	195 
8554	39 
8555	117 
8556	164 
8557	181 
8558	166 
8559	134 
8560	256 
8561	213 
8562	140 
8563	90 
8564	10 
8565	79 
8566	148 
8567	148 
8568	51 
8569	140 
8570	268 
8571	90 
8572	239 
8573	213 
8574	61 
8575	130 
8576	88 
8577	219 
8578	76 
8579	194 
8580	16 
8581	214 
8582	39 
8583	232 
8584	40 
8585	148 
8586	15 
8587	47 
8588	47 
8589	167 
8590	180 
8591	232 
8592	76 
8593	200 
8594	251 
8595	177 
8596	53 
8597	5 
8598	209 
8599	120 
8600	135 
8601	110 
8602	157 
8603	270 
8604	214 
8605	182 
8606	76 
8607	241 
8608	59 
8609	124 
8610	209 
8611	166 
8612	268 
8613	164 
8614	142 
8615	170 
8616	141 
8617	257 
8618	145 
8619	117 
8620	62 
8621	79 
8622	208 
8623	110 
8624	123 
8625	16 
8626	17 
8627	79 
8628	70 
8629	13 
8630	163 
8631	70 
8632	243 
8633	134 
8634	178 
8635	48 
8636	137 
8637	148 
8638	137 
8639	256 
8640	135 
8641	232 
8642	51 
8643	33 
8644	156 
8645	268 
8646	45 
8647	135 
8648	264 
8649	98 
8650	131 
8651	178 
8652	115 
8653	213 
8654	236 
8655	200 
8656	252 
8657	156 
8658	17 
8659	16 
8660	4 
8661	62 
8662	139 
8663	214 
8664	158 
8665	232 
8666	218 
8667	151 
8668	135 
8669	165 
8670	92 
8671	134 
8672	109 
8673	164 
8674	121 
8675	135 
8676	119 
8677	13 
8678	183 
8679	115 
8680	103 
8681	195 
8682	163 
8683	250 
8684	265 
8685	184 
8686	41 
8687	124 
8688	210 
8689	74 
8690	45 
8691	51 
8692	33 
8693	1 
8694	76 
8695	239 
8696	51 
8697	208 
8698	76 
8699	255 
8700	256 
8701	141 
8702	157 
8703	163 
8704	23 
8705	1 
8706	61 
8707	232 
8708	216 
8709	216 
8710	250 
8711	256 
8712	131 
8713	180 
8714	239 
8715	141 
8716	201 
8717	163 
8718	250 
8719	184 
8720	82 
8721	40 
8722	16 
8723	61 
8724	268 
8725	124 
8726	3 
8727	83 
8728	92 
8729	135 
8730	142 
8731	37 
8732	262 
8733	47 
8734	120 
8735	157 
8736	218 
8737	219 
8738	213 
8739	219 
8740	170 
8741	90 
8742	194 
8743	268 
8744	48 
8745	137 
8746	222 
8747	177 
8748	184 
8749	167 
8750	17 
8751	219 
8752	262 
8753	97 
8754	257 
8755	243 
8756	243 
8757	156 
8758	183 
8759	181 
8760	51 
8761	200 
8762	115 
8763	61 
8764	209 
8765	166 
8766	201 
8767	110 
8768	131 
8769	134 
8770	74 
8771	172 
8772	167 
8773	48 
8774	239 
8775	236 
8776	230 
8777	172 
8778	35 
8779	252 
8780	35 
8781	40 
8782	97 
8783	219 
8784	251 
8785	142 
8786	216 
8787	1 
8788	214 
8789	16 
8790	74 
8791	232 
8792	97 
8793	232 
8794	92 
8795	141 
8796	10 
8797	148 
8798	92 
8799	243 
8800	35 
8801	250 
8802	17 
8803	209 
8804	156 
8805	17 
8806	219 
8807	74 
8808	3 
8809	110 
8810	257 
8811	39 
8812	158 
8813	97 
8814	41 
8815	230 
8816	219 
8817	148 
8818	41 
8819	257 
8820	120 
8821	166 
8822	163 
8823	141 
8824	135 
8825	265 
8826	40 
8827	119 
8828	13 
8829	177 
8830	195 
8831	115 
8832	156 
8833	148 
8834	230 
8835	47 
8836	23 
8837	181 
8838	182 
8839	265 
8840	134 
8841	270 
8842	268 
8843	76 
8844	166 
8845	172 
8846	140 
8847	3 
8848	232 
8849	236 
8850	222 
8851	177 
8852	130 
8853	73 
8854	47 
8855	51 
8856	79 
8857	23 
8858	167 
8859	51 
8860	232 
8861	213 
8862	59 
8863	90 
8864	257 
8865	236 
8866	51 
8867	181 
8868	103 
8869	51 
8870	10 
8871	216 
8872	48 
8873	156 
8874	232 
8875	164 
8876	167 
8877	140 
8878	169 
8879	170 
8880	3 
8881	170 
8882	10 
8883	213 
8884	272 
8885	180 
8886	255 
8887	134 
8888	137 
8889	274 
8890	41 
8891	222 
8892	165 
8893	182 
8894	200 
8895	59 
8896	134 
8897	181 
8898	53 
8899	178 
8900	38 
8901	257 
8902	194 
8903	107 
8904	16 
8905	5 
8906	98 
8907	184 
8908	251 
8909	109 
8910	208 
8911	219 
8912	74 
8913	107 
8914	208 
8915	250 
8916	164 
8917	255 
8918	13 
8919	110 
8920	79 
8921	208 
8922	134 
8923	177 
8924	107 
8925	121 
8926	16 
8927	73 
8928	218 
8929	181 
8930	151 
8931	145 
8932	156 
8933	1 
8934	1 
8935	73 
8936	45 
8937	208 
8938	257 
8939	15 
8940	167 
8941	149 
8942	268 
8943	107 
8944	107 
8945	1 
8946	98 
8947	5 
8948	38 
8949	121 
8950	165 
8951	190 
8952	47 
8953	140 
8954	47 
8955	166 
8956	169 
8957	265 
8958	62 
8959	178 
8960	137 
8961	135 
8962	13 
8963	194 
8964	270 
8965	124 
8966	103 
8967	151 
8968	142 
8969	103 
8970	4 
8971	137 
8972	195 
8973	119 
8974	16 
8975	250 
8976	83 
8977	79 
8978	268 
8979	251 
8980	110 
8981	4 
8982	15 
8983	120 
8984	164 
8985	181 
8986	123 
8987	142 
8988	139 
8989	1 
8990	98 
8991	157 
8992	148 
8993	73 
8994	53 
8995	17 
8996	119 
8997	272 
8998	218 
8999	195 
9000	5 
9001	137 
9002	182 
9003	236 
9004	17 
9005	218 
9006	264 
9007	216 
9008	229 
9009	73 
9010	110 
9011	250 
9012	70 
9013	131 
9014	274 
9015	90 
9016	264 
9017	4 
9018	209 
9019	76 
9020	82 
9021	257 
9022	38 
9023	213 
9024	167 
9025	270 
9026	229 
9027	195 
9028	148 
9029	229 
9030	255 
9031	159 
9032	61 
9033	137 
9034	274 
9035	209 
9036	165 
9037	17 
9038	17 
9039	213 
9040	232 
9041	123 
9042	70 
9043	229 
9044	120 
9045	90 
9046	131 
9047	170 
9048	45 
9049	239 
9050	103 
9051	39 
9052	140 
9053	61 
9054	262 
9055	51 
9056	256 
9057	151 
9058	74 
9059	194 
9060	251 
9061	90 
9062	109 
9063	190 
9064	274 
9065	124 
9066	10 
9067	172 
9068	97 
9069	236 
9070	73 
9071	129 
9072	103 
9073	73 
9074	124 
9075	121 
9076	15 
9077	156 
9078	15 
9079	274 
9080	151 
9081	230 
9082	195 
9083	1 
9084	182 
9085	79 
9086	195 
9087	262 
9088	61 
9089	88 
9090	79 
9091	117 
9092	142 
9093	163 
9094	142 
9095	124 
9096	265 
9097	51 
9098	182 
9099	109 
9100	262 
9101	264 
9102	265 
9103	243 
9104	256 
9105	134 
9106	119 
9107	239 
9108	107 
9109	264 
9110	208 
9111	124 
9112	182 
9113	110 
9114	110 
9115	51 
9116	109 
9117	16 
9118	124 
9119	262 
9120	164 
9121	169 
9122	239 
9123	115 
9124	140 
9125	79 
9126	164 
9127	239 
9128	201 
9129	251 
9130	240 
9131	181 
9132	115 
9133	16 
9134	61 
9135	172 
9136	148 
9137	23 
9138	39 
9139	232 
9140	88 
9141	15 
9142	270 
9143	137 
9144	61 
9145	141 
9146	270 
9147	169 
9148	182 
9149	270 
9150	38 
9151	53 
9152	272 
9153	129 
9154	117 
9155	182 
9156	232 
9157	61 
9158	239 
9159	151 
9160	218 
9161	169 
9162	4 
9163	222 
9164	103 
9165	124 
9166	140 
9167	151 
9168	141 
9169	257 
9170	195 
9171	256 
9172	257 
9173	70 
9174	240 
9175	262 
9176	10 
9177	180 
9178	39 
9179	177 
9180	181 
9181	274 
9182	232 
9183	47 
9184	15 
9185	214 
9186	4 
9187	23 
9188	170 
9189	268 
9190	255 
9191	79 
9192	73 
9193	177 
9194	172 
9195	79 
9196	137 
9197	264 
9198	17 
9199	190 
9200	236 
9201	141 
9202	115 
9203	109 
9204	39 
9205	76 
9206	257 
9207	148 
9208	129 
9209	139 
9210	209 
9211	209 
9212	213 
9213	117 
9214	51 
9215	214 
9216	190 
9217	70 
9218	252 
9219	239 
9220	208 
9221	61 
9222	47 
9223	88 
9224	270 
9225	129 
9226	209 
9227	134 
9228	274 
9229	13 
9230	265 
9231	177 
9232	177 
9233	90 
9234	51 
9235	240 
9236	39 
9237	240 
9238	163 
9239	166 
9240	230 
9241	170 
9242	270 
9243	16 
9244	137 
9245	219 
9246	123 
9247	135 
9248	214 
9249	39 
9250	164 
9251	272 
9252	135 
9253	216 
9254	158 
9255	23 
9256	232 
9257	156 
9258	218 
9259	190 
9260	214 
9261	76 
9262	17 
9263	141 
9264	42 
9265	167 
9266	164 
9267	274 
9268	73 
9269	76 
9270	110 
9271	137 
9272	156 
9273	158 
9274	151 
9275	61 
9276	97 
9277	76 
9278	257 
9279	181 
9280	257 
9281	109 
9282	156 
9283	135 
9284	216 
9285	216 
9286	145 
9287	141 
9288	76 
9289	121 
9290	252 
9291	166 
9292	177 
9293	88 
9294	117 
9295	76 
9296	120 
9297	140 
9298	255 
9299	17 
9300	208 
9301	230 
9302	61 
9303	216 
9304	240 
9305	17 
9306	219 
9307	172 
9308	230 
9309	23 
9310	79 
9311	182 
9312	97 
9313	109 
9314	180 
9315	115 
9316	219 
9317	170 
9318	142 
9319	172 
9320	218 
9321	97 
9322	51 
9323	170 
9324	121 
9325	45 
9326	232 
9327	265 
9328	222 
9329	117 
9330	39 
9331	218 
9332	47 
9333	214 
9334	236 
9335	252 
9336	257 
9337	230 
9338	158 
9339	39 
9340	243 
9341	38 
9342	117 
9343	45 
9344	110 
9345	182 
9346	135 
9347	76 
9348	88 
9349	170 
9350	230 
9351	134 
9352	142 
9353	110 
9354	141 
9355	209 
9356	53 
9357	140 
9358	169 
9359	124 
9360	151 
9361	76 
9362	181 
9363	268 
9364	170 
9365	123 
9366	272 
9367	134 
9368	148 
9369	268 
9370	142 
9371	252 
9372	172 
9373	214 
9374	240 
9375	158 
9376	172 
9377	119 
9378	222 
9379	139 
9380	134 
9381	123 
9382	208 
9383	97 
9384	252 
9385	265 
9386	232 
9387	121 
9388	73 
9389	172 
9390	256 
9391	141 
9392	88 
9393	218 
9394	123 
9395	4 
9396	232 
9397	243 
9398	88 
9399	170 
9400	218 
9401	110 
9402	119 
9403	76 
9404	76 
9405	167 
9406	115 
9407	180 
9408	180 
9409	222 
9410	139 
9411	124 
9412	270 
9413	158 
9414	141 
9415	166 
9416	109 
9417	1 
9418	73 
9419	73 
9420	208 
9421	73 
9422	23 
9423	243 
9424	218 
9425	140 
9426	51 
9427	140 
9428	236 
9429	151 
9430	123 
9431	255 
9432	158 
9433	76 
9434	141 
9435	135 
9436	209 
9437	252 
9438	45 
9439	10 
9440	257 
9441	45 
9442	214 
9443	16 
9444	88 
9445	117 
9446	140 
9447	17 
9448	172 
9449	90 
9450	268 
9451	90 
9452	90 
9453	124 
9454	274 
9455	236 
9456	252 
9457	1 
9458	216 
9459	156 
9460	134 
9461	181 
9462	257 
9463	239 
9464	73 
9465	142 
9466	209 
9467	252 
9468	151 
9469	38 
9470	216 
9471	115 
9472	177 
9473	134 
9474	257 
9475	38 
9476	172 
9477	236 
9478	73 
9479	73 
9480	73 
9481	262 
9482	76 
9483	82 
9484	195 
9485	232 
9486	177 
9487	135 
9488	23 
9489	262 
9490	115 
9491	216 
9492	208 
9493	90 
9494	73 
9495	88 
9496	90 
9497	134 
9498	156 
9499	53 
9500	135 
9501	214 
9502	4 
9503	264 
9504	73 
9505	252 
9506	218 
9507	142 
9508	137 
9509	232 
9510	23 
9511	120 
9512	115 
9513	82 
9514	42 
9515	255 
9516	274 
9517	218 
9518	172 
9519	151 
9520	140 
9521	230 
9522	76 
9523	208 
9524	232 
9525	167 
9526	42 
9527	156 
9528	236 
9529	4 
9530	177 
9531	268 
9532	82 
9533	274 
9534	240 
9535	42 
9536	1 
9537	222 
9538	76 
9539	218 
9540	123 
9541	76 
9542	213 
9543	218 
9544	167 
9545	134 
9546	236 
9547	42 
9548	129 
9549	134 
9550	123 
9551	47 
9552	120 
9553	208 
9554	140 
9555	177 
9556	53 
9557	222 
9558	172 
9559	129 
9560	208 
9561	195 
9562	134 
9563	208 
9564	270 
9565	76 
9566	97 
9567	88 
9568	38 
9569	182 
9570	23 
9571	17 
9572	264 
9573	23 
9574	120 
9575	38 
9576	97 
9577	124 
9578	124 
9579	51 
9580	208 
9581	166 
9582	158 
9583	240 
9584	134 
9585	76 
9586	129 
9587	51 
9588	158 
9589	61 
9590	123 
9591	243 
9592	218 
9593	172 
9594	82 
9595	39 
9596	88 
9597	110 
9598	264 
9599	151 
9600	1 
9601	135 
9602	120 
9603	268 
9604	208 
9605	123 
9606	232 
9607	166 
9608	88 
9609	61 
9610	141 
9611	243 
9612	222 
9613	73 
9614	135 
9615	167 
9616	134 
9617	117 
9618	117 
9619	16 
9620	23 
9621	236 
9622	268 
9623	134 
9624	53 
9625	239 
9626	53 
9627	90 
9628	232 
9629	243 
9630	97 
9631	218 
9632	216 
9633	151 
9634	1 
9635	10 
9636	134 
9637	137 
9638	172 
9639	88 
9640	181 
9641	270 
9642	88 
9643	82 
9644	232 
9645	129 
9646	1 
9647	218 
9648	232 
9649	82 
9650	252 
9651	181 
9652	166 
9653	4 
9654	109 
9655	268 
9656	182 
9657	90 
9658	10 
9659	109 
9660	110 
9661	252 
9662	61 
9663	134 
9664	16 
9665	142 
9666	218 
9667	51 
9668	61 
9669	124 
9670	208 
9671	117 
9672	255 
9673	137 
9674	232 
9675	1 
9676	10 
9677	172 
9678	166 
9679	135 
9680	17 
9681	73 
9682	208 
9683	166 
9684	208 
9685	181 
9686	124 
9687	90 
9688	264 
9689	240 
9690	110 
9691	1 
9692	172 
9693	268 
9694	137 
9695	1 
9696	115 
9697	115 
9698	270 
9699	109 
9700	97 
9701	264 
9702	142 
9703	166 
9704	236 
9705	172 
9706	195 
9707	182 
9708	151 
9709	264 
9710	268 
9711	4 
9712	140 
9713	51 
9714	117 
9715	47 
9716	1 
9717	47 
9718	167 
9719	182 
9720	195 
9721	16 
9722	255 
9723	218 
9724	181 
9725	76 
9726	135 
9727	167 
9728	268 
9729	117 
9730	109 
9731	135 
9732	252 
9733	236 
9734	236 
9735	167 
9736	123 
9737	135 
9738	208 
9739	140 
9740	195 
9741	218 
9742	117 
9743	243 
9744	90 
9745	240 
9746	76 
9747	167 
9748	120 
9749	123 
9750	73 
9751	97 
9752	90 
9753	239 
9754	4 
9755	88 
9756	208 
9757	216 
9758	239 
9759	51 
9760	252 
9761	208 
9762	264 
9763	110 
9764	232 
9765	140 
9766	120 
9767	140 
9768	51 
9769	264 
9770	140 
9771	243 
9772	252 
9773	117 
9774	110 
9775	39 
9776	208 
9777	268 
9778	140 
9779	252 
9780	208 
9781	240 
9782	167 
9783	76 
9784	51 
9785	115 
9786	135 
9787	109 
9788	76 
9789	97 
9790	124 
9791	252 
9792	268 
9793	255 
9794	16 
9795	109 
9796	137 
9797	195 
9798	236 
9799	4 
9800	239 
9801	90 
9802	236 
9803	97 
9804	140 
9805	115 
9806	124 
9807	216 
9808	166 
9809	16 
9810	142 
9811	39 
9812	76 
9813	240 
9814	88 
9815	172 
9816	166 
9817	124 
9818	268 
9819	239 
9820	88 
9821	172 
9822	90 
9823	166 
9824	109 
9825	252 
9826	76 
9827	39 
9828	61 
9829	274 
9830	264 
9831	167 
9832	109 
9833	252 
9834	137 
9835	76 
9836	110 
9837	51 
9838	76 
9839	232 
9840	137 
9841	172 
9842	137 
9843	115 
9844	268 
9845	243 
9846	16 
9847	76 
9848	76 
9849	88 
9850	16 
9851	76 
9852	264 
9853	16 
9854	110 
9855	16 
9856	216 
9857	10 
9858	137 
9859	1 
9860	51 
9861	110 
9862	61 
9863	142 
9864	252 
9865	166 
9866	51 
9867	236 
9868	61 
9869	236 
9870	252 
9871	167 
9872	88 
9873	140 
9874	218 
9875	167 
9876	51 
9877	166 
9878	123 
9879	135 
9880	76 
9881	151 
9882	208 
9883	172 
9884	142 
9885	167 
9886	88 
9887	109 
9888	117 
9889	218 
9890	240 
9891	51 
9892	16 
9893	135 
9894	73 
9895	4 
9896	208 
9897	195 
9898	140 
9899	140 
9900	117 
9901	195 
9902	88 
9903	10 
9904	268 
9905	134 
9906	88 
9907	16 
9908	10 
9909	115 
9910	110 
9911	167 
9912	88 
9913	236 
9914	51 
9915	109 
9916	117 
9917	117 
9918	73 
9919	61 
9920	195 
9921	239 
9922	208 
9923	142 
9924	264 
9925	117 
9926	142 
9927	115 
9928	167 
9929	88 
9930	208 
9931	51 
9932	117 
9933	195 
9934	76 
9935	16 
9936	97 
9937	1 
9938	88 
9939	51 
9940	236 
9941	51 
9942	4 
9943	109 
9944	264 
9945	4 
9946	1 
9947	264 
9948	97 
9949	137 
9950	142 
9951	110 
9952	39 
9953	137 
9954	134 
9955	208 
9956	137 
9957	134 
9958	1 
9959	218 
9960	88 
9961	264 
9962	4 
9963	142 
9964	10 
9965	195 
9966	208 
9967	240 
9968	4 
9969	1 
9970	134 
9971	135 
9972	117 
9973	51 
9974	167 
9975	268 
9976	239 
9977	172 
9978	218 
9979	134 
9980	73 
9981	195 
9982	115 
9983	140 
9984	97 
9985	167 
9986	51 
9987	142 
9988	232 
9989	4 
9990	137 
9991	16 
9992	218 
9993	142 
9994	115 
9995	166 
9996	109 
9997	4 
9998	208 
9999	115 
10000	135 
