1	313 
2	63 
3	149 
4	147 
5	191 
6	68 
7	147 
8	66 
9	107 
10	139 
11	104 
12	293 
13	164 
14	93 
15	199 
16	240 
17	156 
18	236 
19	263 
20	218 
21	241 
22	318 
23	95 
24	200 
25	196 
26	244 
27	303 
28	293 
29	16 
30	338 
31	276 
32	10 
33	343 
34	305 
35	201 
36	288 
37	153 
38	73 
39	124 
40	232 
41	114 
42	43 
43	28 
44	134 
45	118 
46	113 
47	35 
48	249 
49	77 
50	43 
51	184 
52	127 
53	329 
54	139 
55	314 
56	89 
57	287 
58	53 
59	52 
60	237 
61	35 
62	173 
63	186 
64	5 
65	303 
66	28 
67	207 
68	7 
69	78 
70	94 
71	136 
72	197 
73	248 
74	74 
75	247 
76	225 
77	1 
78	71 
79	199 
80	289 
81	20 
82	348 
83	274 
84	202 
85	294 
86	164 
87	217 
88	286 
89	247 
90	166 
91	205 
92	142 
93	314 
94	185 
95	22 
96	309 
97	58 
98	78 
99	242 
100	126 
101	226 
102	75 
103	287 
104	85 
105	39 
106	76 
107	29 
108	256 
109	270 
110	70 
111	163 
112	224 
113	311 
114	21 
115	207 
116	245 
117	305 
118	20 
119	214 
120	108 
121	208 
122	331 
123	6 
124	197 
125	293 
126	28 
127	30 
128	301 
129	48 
130	232 
131	283 
132	36 
133	152 
134	273 
135	229 
136	273 
137	77 
138	250 
139	104 
140	340 
141	222 
142	279 
143	174 
144	185 
145	208 
146	47 
147	332 
148	5 
149	215 
150	184 
151	239 
152	25 
153	19 
154	337 
155	3 
156	232 
157	305 
158	252 
159	289 
160	78 
161	197 
162	202 
163	336 
164	215 
165	10 
166	234 
167	321 
168	342 
169	30 
170	97 
171	265 
172	256 
173	220 
174	160 
175	161 
176	11 
177	318 
178	344 
179	258 
180	81 
181	164 
182	32 
183	306 
184	244 
185	263 
186	14 
187	5 
188	267 
189	280 
190	303 
191	79 
192	61 
193	66 
194	113 
195	236 
196	17 
197	184 
198	32 
199	79 
200	284 
201	60 
202	109 
203	273 
204	23 
205	152 
206	181 
207	15 
208	20 
209	128 
210	237 
211	85 
212	9 
213	336 
214	314 
215	255 
216	150 
217	324 
218	217 
219	303 
220	135 
221	348 
222	334 
223	45 
224	173 
225	335 
226	73 
227	130 
228	214 
229	321 
230	183 
231	320 
232	87 
233	65 
234	283 
235	205 
236	320 
237	301 
238	12 
239	266 
240	180 
241	306 
242	127 
243	7 
244	260 
245	188 
246	340 
247	325 
248	262 
249	131 
250	45 
251	60 
252	14 
253	253 
254	63 
255	15 
256	331 
257	285 
258	87 
259	273 
260	30 
261	28 
262	275 
263	108 
264	244 
265	156 
266	244 
267	41 
268	42 
269	238 
270	46 
271	49 
272	169 
273	254 
274	95 
275	269 
276	318 
277	24 
278	259 
279	109 
280	128 
281	272 
282	154 
283	280 
284	46 
285	127 
286	22 
287	50 
288	16 
289	125 
290	199 
291	172 
292	198 
293	271 
294	312 
295	303 
296	139 
297	117 
298	254 
299	229 
300	237 
301	225 
302	187 
303	317 
304	165 
305	235 
306	161 
307	47 
308	230 
309	124 
310	250 
311	230 
312	142 
313	205 
314	262 
315	78 
316	323 
317	180 
318	293 
319	263 
320	318 
321	291 
322	172 
323	291 
324	283 
325	89 
326	329 
327	325 
328	125 
329	85 
330	213 
331	328 
332	125 
333	42 
334	203 
335	330 
336	23 
337	77 
338	320 
339	6 
340	121 
341	185 
342	326 
343	123 
344	203 
345	153 
346	15 
347	316 
348	24 
349	234 
350	264 
351	5 
352	288 
353	289 
354	19 
355	14 
356	136 
357	124 
358	288 
359	160 
360	26 
361	263 
362	259 
363	28 
364	142 
365	8 
366	273 
367	89 
368	92 
369	122 
370	257 
371	285 
372	281 
373	78 
374	277 
375	173 
376	104 
377	287 
378	110 
379	149 
380	41 
381	341 
382	258 
383	260 
384	15 
385	202 
386	319 
387	206 
388	326 
389	303 
390	38 
391	234 
392	216 
393	221 
394	294 
395	240 
396	342 
397	115 
398	185 
399	232 
400	302 
401	175 
402	87 
403	242 
404	8 
405	142 
406	124 
407	325 
408	211 
409	27 
410	191 
411	2 
412	304 
413	341 
414	130 
415	211 
416	302 
417	137 
418	95 
419	216 
420	49 
421	143 
422	327 
423	241 
424	81 
425	16 
426	105 
427	312 
428	171 
429	200 
430	273 
431	226 
432	265 
433	314 
434	22 
435	81 
436	312 
437	158 
438	189 
439	177 
440	316 
441	185 
442	126 
443	30 
444	78 
445	273 
446	278 
447	335 
448	82 
449	157 
450	61 
451	164 
452	247 
453	67 
454	82 
455	95 
456	9 
457	186 
458	95 
459	150 
460	40 
461	142 
462	195 
463	283 
464	77 
465	105 
466	287 
467	338 
468	261 
469	281 
470	12 
471	87 
472	151 
473	108 
474	303 
475	87 
476	244 
477	10 
478	135 
479	225 
480	325 
481	107 
482	295 
483	94 
484	72 
485	246 
486	341 
487	306 
488	180 
489	100 
490	16 
491	180 
492	310 
493	104 
494	328 
495	12 
496	30 
497	196 
498	105 
499	116 
500	183 
501	177 
502	189 
503	76 
504	100 
505	18 
506	128 
507	205 
508	258 
509	28 
510	233 
511	10 
512	45 
513	119 
514	79 
515	274 
516	331 
517	26 
518	35 
519	243 
520	13 
521	248 
522	119 
523	202 
524	114 
525	43 
526	90 
527	72 
528	63 
529	26 
530	273 
531	77 
532	12 
533	303 
534	256 
535	99 
536	339 
537	314 
538	12 
539	214 
540	130 
541	258 
542	231 
543	261 
544	322 
545	176 
546	330 
547	27 
548	36 
549	206 
550	341 
551	255 
552	35 
553	221 
554	270 
555	341 
556	275 
557	8 
558	77 
559	287 
560	142 
561	140 
562	316 
563	100 
564	82 
565	36 
566	171 
567	285 
568	66 
569	32 
570	244 
571	335 
572	216 
573	164 
574	257 
575	193 
576	2 
577	158 
578	156 
579	130 
580	248 
581	98 
582	133 
583	236 
584	49 
585	231 
586	179 
587	147 
588	246 
589	343 
590	193 
591	240 
592	160 
593	186 
594	161 
595	100 
596	275 
597	57 
598	240 
599	193 
600	327 
601	180 
602	140 
603	66 
604	5 
605	308 
606	134 
607	146 
608	243 
609	265 
610	108 
611	284 
612	54 
613	34 
614	338 
615	302 
616	250 
617	72 
618	181 
619	78 
620	73 
621	315 
622	314 
623	214 
624	215 
625	71 
626	157 
627	193 
628	78 
629	237 
630	165 
631	322 
632	25 
633	16 
634	1 
635	197 
636	332 
637	288 
638	244 
639	289 
640	137 
641	348 
642	77 
643	337 
644	240 
645	333 
646	22 
647	185 
648	110 
649	28 
650	81 
651	126 
652	283 
653	261 
654	72 
655	27 
656	210 
657	65 
658	1 
659	232 
660	76 
661	9 
662	118 
663	114 
664	134 
665	333 
666	134 
667	260 
668	311 
669	331 
670	90 
671	170 
672	119 
673	168 
674	253 
675	28 
676	109 
677	313 
678	321 
679	270 
680	346 
681	265 
682	271 
683	254 
684	148 
685	121 
686	199 
687	49 
688	185 
689	341 
690	348 
691	79 
692	344 
693	191 
694	329 
695	112 
696	142 
697	280 
698	251 
699	118 
700	329 
701	101 
702	228 
703	252 
704	109 
705	307 
706	159 
707	298 
708	225 
709	183 
710	29 
711	149 
712	186 
713	39 
714	244 
715	22 
716	193 
717	341 
718	343 
719	43 
720	161 
721	50 
722	277 
723	334 
724	280 
725	183 
726	221 
727	10 
728	54 
729	66 
730	26 
731	2 
732	288 
733	136 
734	94 
735	91 
736	120 
737	327 
738	100 
739	250 
740	30 
741	108 
742	205 
743	195 
744	303 
745	62 
746	2 
747	275 
748	330 
749	226 
750	312 
751	88 
752	117 
753	159 
754	13 
755	230 
756	207 
757	137 
758	271 
759	159 
760	234 
761	267 
762	231 
763	216 
764	174 
765	1 
766	181 
767	265 
768	218 
769	99 
770	35 
771	255 
772	90 
773	202 
774	19 
775	147 
776	150 
777	343 
778	256 
779	285 
780	120 
781	178 
782	76 
783	71 
784	122 
785	202 
786	67 
787	265 
788	143 
789	16 
790	160 
791	249 
792	278 
793	78 
794	101 
795	169 
796	194 
797	29 
798	224 
799	109 
800	186 
801	79 
802	273 
803	76 
804	107 
805	334 
806	139 
807	315 
808	96 
809	213 
810	245 
811	95 
812	241 
813	36 
814	222 
815	12 
816	45 
817	304 
818	84 
819	137 
820	20 
821	153 
822	101 
823	7 
824	59 
825	120 
826	35 
827	270 
828	117 
829	177 
830	110 
831	269 
832	195 
833	200 
834	148 
835	149 
836	29 
837	3 
838	205 
839	226 
840	310 
841	117 
842	273 
843	18 
844	337 
845	240 
846	174 
847	297 
848	236 
849	99 
850	208 
851	347 
852	215 
853	274 
854	94 
855	166 
856	78 
857	269 
858	313 
859	47 
860	131 
861	22 
862	86 
863	203 
864	197 
865	147 
866	323 
867	265 
868	189 
869	228 
870	95 
871	282 
872	94 
873	159 
874	152 
875	16 
876	69 
877	44 
878	336 
879	152 
880	230 
881	157 
882	39 
883	35 
884	131 
885	316 
886	294 
887	91 
888	164 
889	178 
890	3 
891	165 
892	196 
893	172 
894	109 
895	344 
896	27 
897	83 
898	173 
899	336 
900	291 
901	332 
902	83 
903	252 
904	334 
905	252 
906	193 
907	343 
908	295 
909	105 
910	283 
911	193 
912	13 
913	2 
914	192 
915	126 
916	128 
917	331 
918	22 
919	14 
920	207 
921	162 
922	182 
923	256 
924	109 
925	343 
926	209 
927	330 
928	240 
929	205 
930	184 
931	41 
932	65 
933	252 
934	35 
935	181 
936	27 
937	165 
938	198 
939	306 
940	69 
941	52 
942	182 
943	12 
944	187 
945	82 
946	163 
947	2 
948	196 
949	190 
950	219 
951	299 
952	113 
953	194 
954	193 
955	205 
956	10 
957	274 
958	8 
959	52 
960	193 
961	207 
962	182 
963	168 
964	252 
965	193 
966	248 
967	31 
968	165 
969	178 
970	91 
971	171 
972	313 
973	303 
974	77 
975	315 
976	72 
977	122 
978	209 
979	147 
980	249 
981	199 
982	100 
983	158 
984	322 
985	176 
986	57 
987	348 
988	136 
989	69 
990	244 
991	273 
992	220 
993	56 
994	315 
995	245 
996	200 
997	149 
998	314 
999	252 
1000	226 
1001	105 
1002	25 
1003	298 
1004	30 
1005	73 
1006	33 
1007	58 
1008	110 
1009	166 
1010	213 
1011	202 
1012	33 
1013	70 
1014	175 
1015	41 
1016	191 
1017	326 
1018	223 
1019	119 
1020	89 
1021	66 
1022	173 
1023	95 
1024	21 
1025	85 
1026	222 
1027	83 
1028	103 
1029	200 
1030	172 
1031	195 
1032	8 
1033	138 
1034	118 
1035	310 
1036	256 
1037	46 
1038	312 
1039	285 
1040	76 
1041	140 
1042	303 
1043	104 
1044	314 
1045	336 
1046	85 
1047	332 
1048	153 
1049	344 
1050	323 
1051	29 
1052	312 
1053	18 
1054	329 
1055	233 
1056	107 
1057	341 
1058	148 
1059	265 
1060	37 
1061	65 
1062	106 
1063	290 
1064	240 
1065	21 
1066	11 
1067	267 
1068	286 
1069	315 
1070	53 
1071	258 
1072	291 
1073	87 
1074	334 
1075	26 
1076	59 
1077	301 
1078	332 
1079	131 
1080	236 
1081	255 
1082	322 
1083	176 
1084	101 
1085	69 
1086	149 
1087	58 
1088	267 
1089	1 
1090	205 
1091	231 
1092	212 
1093	341 
1094	16 
1095	329 
1096	51 
1097	256 
1098	120 
1099	131 
1100	207 
1101	211 
1102	110 
1103	98 
1104	167 
1105	252 
1106	121 
1107	173 
1108	311 
1109	168 
1110	89 
1111	178 
1112	112 
1113	337 
1114	314 
1115	4 
1116	100 
1117	57 
1118	232 
1119	20 
1120	185 
1121	99 
1122	274 
1123	243 
1124	175 
1125	207 
1126	158 
1127	72 
1128	16 
1129	234 
1130	22 
1131	197 
1132	269 
1133	163 
1134	201 
1135	67 
1136	160 
1137	337 
1138	58 
1139	10 
1140	131 
1141	232 
1142	152 
1143	9 
1144	43 
1145	10 
1146	300 
1147	182 
1148	311 
1149	233 
1150	235 
1151	30 
1152	193 
1153	320 
1154	206 
1155	54 
1156	78 
1157	236 
1158	139 
1159	28 
1160	277 
1161	32 
1162	274 
1163	336 
1164	131 
1165	247 
1166	334 
1167	232 
1168	154 
1169	77 
1170	142 
1171	7 
1172	286 
1173	196 
1174	318 
1175	111 
1176	132 
1177	43 
1178	253 
1179	316 
1180	249 
1181	66 
1182	198 
1183	2 
1184	157 
1185	253 
1186	61 
1187	225 
1188	68 
1189	254 
1190	33 
1191	29 
1192	285 
1193	279 
1194	308 
1195	332 
1196	243 
1197	315 
1198	89 
1199	123 
1200	302 
1201	171 
1202	201 
1203	317 
1204	282 
1205	336 
1206	117 
1207	197 
1208	151 
1209	95 
1210	251 
1211	327 
1212	133 
1213	107 
1214	196 
1215	214 
1216	182 
1217	325 
1218	235 
1219	181 
1220	348 
1221	223 
1222	117 
1223	210 
1224	223 
1225	118 
1226	120 
1227	209 
1228	126 
1229	230 
1230	17 
1231	274 
1232	205 
1233	147 
1234	161 
1235	182 
1236	197 
1237	181 
1238	158 
1239	275 
1240	275 
1241	333 
1242	298 
1243	150 
1244	186 
1245	133 
1246	296 
1247	183 
1248	270 
1249	16 
1250	131 
1251	122 
1252	250 
1253	140 
1254	289 
1255	30 
1256	316 
1257	78 
1258	120 
1259	26 
1260	25 
1261	66 
1262	308 
1263	223 
1264	205 
1265	112 
1266	122 
1267	199 
1268	107 
1269	302 
1270	127 
1271	161 
1272	205 
1273	231 
1274	262 
1275	78 
1276	331 
1277	191 
1278	113 
1279	54 
1280	96 
1281	250 
1282	232 
1283	58 
1284	186 
1285	326 
1286	148 
1287	250 
1288	28 
1289	54 
1290	27 
1291	157 
1292	294 
1293	42 
1294	181 
1295	240 
1296	232 
1297	19 
1298	215 
1299	20 
1300	165 
1301	198 
1302	52 
1303	316 
1304	145 
1305	217 
1306	211 
1307	157 
1308	22 
1309	3 
1310	15 
1311	198 
1312	262 
1313	173 
1314	241 
1315	48 
1316	165 
1317	187 
1318	199 
1319	182 
1320	141 
1321	193 
1322	156 
1323	65 
1324	190 
1325	213 
1326	77 
1327	188 
1328	314 
1329	53 
1330	40 
1331	109 
1332	169 
1333	67 
1334	304 
1335	11 
1336	85 
1337	148 
1338	253 
1339	197 
1340	335 
1341	119 
1342	336 
1343	65 
1344	51 
1345	170 
1346	345 
1347	164 
1348	269 
1349	100 
1350	95 
1351	178 
1352	25 
1353	60 
1354	193 
1355	237 
1356	207 
1357	238 
1358	118 
1359	255 
1360	341 
1361	343 
1362	118 
1363	113 
1364	274 
1365	172 
1366	78 
1367	30 
1368	35 
1369	217 
1370	95 
1371	280 
1372	314 
1373	322 
1374	126 
1375	298 
1376	314 
1377	61 
1378	75 
1379	37 
1380	252 
1381	125 
1382	78 
1383	10 
1384	252 
1385	87 
1386	127 
1387	315 
1388	181 
1389	247 
1390	322 
1391	250 
1392	202 
1393	181 
1394	159 
1395	256 
1396	289 
1397	28 
1398	205 
1399	169 
1400	18 
1401	91 
1402	277 
1403	158 
1404	1 
1405	287 
1406	67 
1407	33 
1408	331 
1409	97 
1410	65 
1411	344 
1412	276 
1413	190 
1414	118 
1415	109 
1416	32 
1417	223 
1418	172 
1419	69 
1420	10 
1421	225 
1422	192 
1423	331 
1424	186 
1425	164 
1426	75 
1427	122 
1428	216 
1429	345 
1430	213 
1431	30 
1432	248 
1433	327 
1434	343 
1435	274 
1436	337 
1437	228 
1438	30 
1439	48 
1440	256 
1441	105 
1442	31 
1443	67 
1444	243 
1445	283 
1446	185 
1447	104 
1448	226 
1449	64 
1450	342 
1451	57 
1452	227 
1453	89 
1454	77 
1455	194 
1456	241 
1457	4 
1458	146 
1459	277 
1460	54 
1461	252 
1462	289 
1463	147 
1464	240 
1465	292 
1466	298 
1467	327 
1468	231 
1469	93 
1470	175 
1471	2 
1472	304 
1473	39 
1474	204 
1475	80 
1476	347 
1477	182 
1478	89 
1479	55 
1480	31 
1481	204 
1482	220 
1483	228 
1484	49 
1485	322 
1486	52 
1487	40 
1488	199 
1489	184 
1490	19 
1491	326 
1492	291 
1493	301 
1494	179 
1495	114 
1496	45 
1497	154 
1498	180 
1499	132 
1500	40 
1501	327 
1502	77 
1503	74 
1504	108 
1505	64 
1506	292 
1507	87 
1508	14 
1509	304 
1510	298 
1511	268 
1512	252 
1513	175 
1514	77 
1515	94 
1516	31 
1517	154 
1518	21 
1519	270 
1520	249 
1521	100 
1522	160 
1523	243 
1524	288 
1525	226 
1526	158 
1527	70 
1528	89 
1529	189 
1530	30 
1531	151 
1532	346 
1533	115 
1534	148 
1535	29 
1536	34 
1537	328 
1538	11 
1539	238 
1540	175 
1541	243 
1542	25 
1543	193 
1544	142 
1545	164 
1546	89 
1547	124 
1548	47 
1549	152 
1550	237 
1551	10 
1552	194 
1553	57 
1554	268 
1555	81 
1556	281 
1557	197 
1558	315 
1559	218 
1560	245 
1561	43 
1562	124 
1563	242 
1564	201 
1565	121 
1566	250 
1567	283 
1568	336 
1569	272 
1570	286 
1571	138 
1572	11 
1573	339 
1574	25 
1575	87 
1576	15 
1577	61 
1578	23 
1579	335 
1580	105 
1581	259 
1582	324 
1583	241 
1584	257 
1585	78 
1586	89 
1587	194 
1588	32 
1589	138 
1590	86 
1591	239 
1592	338 
1593	205 
1594	158 
1595	315 
1596	216 
1597	157 
1598	181 
1599	39 
1600	176 
1601	39 
1602	294 
1603	245 
1604	214 
1605	318 
1606	329 
1607	35 
1608	65 
1609	316 
1610	77 
1611	334 
1612	291 
1613	298 
1614	93 
1615	256 
1616	154 
1617	159 
1618	167 
1619	275 
1620	92 
1621	14 
1622	186 
1623	85 
1624	178 
1625	319 
1626	154 
1627	325 
1628	227 
1629	194 
1630	158 
1631	45 
1632	341 
1633	109 
1634	314 
1635	173 
1636	7 
1637	30 
1638	103 
1639	223 
1640	16 
1641	199 
1642	247 
1643	249 
1644	191 
1645	336 
1646	269 
1647	59 
1648	183 
1649	32 
1650	81 
1651	78 
1652	269 
1653	232 
1654	331 
1655	203 
1656	347 
1657	221 
1658	12 
1659	37 
1660	37 
1661	346 
1662	175 
1663	154 
1664	311 
1665	347 
1666	87 
1667	74 
1668	92 
1669	233 
1670	237 
1671	303 
1672	232 
1673	65 
1674	204 
1675	311 
1676	68 
1677	248 
1678	308 
1679	122 
1680	335 
1681	282 
1682	66 
1683	262 
1684	125 
1685	201 
1686	301 
1687	316 
1688	129 
1689	272 
1690	142 
1691	147 
1692	243 
1693	324 
1694	16 
1695	173 
1696	347 
1697	308 
1698	221 
1699	303 
1700	158 
1701	155 
1702	100 
1703	103 
1704	110 
1705	118 
1706	225 
1707	155 
1708	95 
1709	294 
1710	16 
1711	227 
1712	134 
1713	37 
1714	51 
1715	284 
1716	185 
1717	113 
1718	194 
1719	273 
1720	63 
1721	135 
1722	141 
1723	158 
1724	327 
1725	12 
1726	190 
1727	315 
1728	177 
1729	203 
1730	290 
1731	276 
1732	324 
1733	205 
1734	299 
1735	322 
1736	345 
1737	78 
1738	294 
1739	231 
1740	3 
1741	279 
1742	105 
1743	223 
1744	276 
1745	336 
1746	147 
1747	259 
1748	154 
1749	104 
1750	306 
1751	341 
1752	9 
1753	273 
1754	18 
1755	93 
1756	18 
1757	212 
1758	336 
1759	26 
1760	3 
1761	267 
1762	82 
1763	151 
1764	311 
1765	261 
1766	240 
1767	22 
1768	16 
1769	144 
1770	73 
1771	256 
1772	243 
1773	340 
1774	118 
1775	220 
1776	255 
1777	181 
1778	176 
1779	198 
1780	147 
1781	231 
1782	289 
1783	75 
1784	98 
1785	297 
1786	218 
1787	37 
1788	36 
1789	243 
1790	316 
1791	238 
1792	17 
1793	36 
1794	308 
1795	22 
1796	79 
1797	31 
1798	275 
1799	65 
1800	57 
1801	77 
1802	240 
1803	172 
1804	345 
1805	289 
1806	92 
1807	25 
1808	22 
1809	27 
1810	85 
1811	175 
1812	166 
1813	228 
1814	7 
1815	211 
1816	168 
1817	152 
1818	213 
1819	129 
1820	269 
1821	25 
1822	63 
1823	258 
1824	109 
1825	234 
1826	65 
1827	311 
1828	49 
1829	43 
1830	264 
1831	102 
1832	283 
1833	229 
1834	175 
1835	265 
1836	42 
1837	334 
1838	289 
1839	272 
1840	99 
1841	36 
1842	152 
1843	187 
1844	94 
1845	135 
1846	173 
1847	39 
1848	102 
1849	6 
1850	173 
1851	151 
1852	243 
1853	341 
1854	321 
1855	58 
1856	243 
1857	323 
1858	180 
1859	78 
1860	333 
1861	297 
1862	57 
1863	165 
1864	9 
1865	77 
1866	142 
1867	105 
1868	169 
1869	227 
1870	294 
1871	55 
1872	29 
1873	298 
1874	49 
1875	150 
1876	257 
1877	227 
1878	152 
1879	112 
1880	313 
1881	230 
1882	344 
1883	334 
1884	231 
1885	94 
1886	300 
1887	256 
1888	338 
1889	33 
1890	347 
1891	1 
1892	43 
1893	217 
1894	47 
1895	54 
1896	135 
1897	296 
1898	12 
1899	123 
1900	248 
1901	29 
1902	160 
1903	239 
1904	38 
1905	22 
1906	95 
1907	47 
1908	49 
1909	85 
1910	293 
1911	291 
1912	17 
1913	80 
1914	164 
1915	187 
1916	231 
1917	120 
1918	40 
1919	212 
1920	55 
1921	160 
1922	95 
1923	125 
1924	167 
1925	345 
1926	30 
1927	264 
1928	26 
1929	150 
1930	327 
1931	274 
1932	41 
1933	160 
1934	251 
1935	78 
1936	2 
1937	341 
1938	338 
1939	145 
1940	254 
1941	255 
1942	113 
1943	61 
1944	188 
1945	62 
1946	141 
1947	109 
1948	323 
1949	311 
1950	110 
1951	11 
1952	93 
1953	135 
1954	28 
1955	235 
1956	9 
1957	118 
1958	162 
1959	109 
1960	278 
1961	345 
1962	85 
1963	216 
1964	35 
1965	89 
1966	70 
1967	333 
1968	309 
1969	246 
1970	264 
1971	14 
1972	314 
1973	53 
1974	109 
1975	1 
1976	68 
1977	277 
1978	301 
1979	234 
1980	139 
1981	209 
1982	240 
1983	100 
1984	163 
1985	19 
1986	283 
1987	232 
1988	281 
1989	25 
1990	26 
1991	83 
1992	95 
1993	197 
1994	37 
1995	57 
1996	24 
1997	282 
1998	86 
1999	177 
2000	286 
2001	50 
2002	66 
2003	311 
2004	3 
2005	240 
2006	50 
2007	314 
2008	64 
2009	319 
2010	309 
2011	3 
2012	77 
2013	87 
2014	79 
2015	342 
2016	239 
2017	154 
2018	206 
2019	267 
2020	40 
2021	150 
2022	45 
2023	339 
2024	261 
2025	3 
2026	8 
2027	68 
2028	278 
2029	238 
2030	170 
2031	55 
2032	159 
2033	234 
2034	237 
2035	329 
2036	34 
2037	31 
2038	171 
2039	201 
2040	256 
2041	212 
2042	24 
2043	98 
2044	231 
2045	1 
2046	79 
2047	121 
2048	100 
2049	305 
2050	28 
2051	271 
2052	98 
2053	258 
2054	322 
2055	222 
2056	63 
2057	337 
2058	38 
2059	298 
2060	181 
2061	223 
2062	215 
2063	317 
2064	139 
2065	322 
2066	133 
2067	250 
2068	130 
2069	276 
2070	336 
2071	265 
2072	87 
2073	329 
2074	326 
2075	311 
2076	286 
2077	256 
2078	151 
2079	225 
2080	89 
2081	336 
2082	298 
2083	137 
2084	192 
2085	39 
2086	327 
2087	267 
2088	41 
2089	50 
2090	28 
2091	279 
2092	207 
2093	296 
2094	46 
2095	66 
2096	101 
2097	1 
2098	110 
2099	183 
2100	53 
2101	116 
2102	100 
2103	188 
2104	195 
2105	49 
2106	330 
2107	228 
2108	103 
2109	321 
2110	118 
2111	154 
2112	108 
2113	34 
2114	225 
2115	122 
2116	2 
2117	186 
2118	62 
2119	65 
2120	236 
2121	114 
2122	88 
2123	10 
2124	296 
2125	140 
2126	47 
2127	294 
2128	26 
2129	203 
2130	192 
2131	26 
2132	203 
2133	316 
2134	331 
2135	343 
2136	242 
2137	4 
2138	162 
2139	40 
2140	65 
2141	332 
2142	235 
2143	308 
2144	280 
2145	265 
2146	88 
2147	94 
2148	206 
2149	165 
2150	207 
2151	327 
2152	173 
2153	153 
2154	236 
2155	339 
2156	314 
2157	16 
2158	92 
2159	211 
2160	118 
2161	250 
2162	83 
2163	88 
2164	118 
2165	221 
2166	204 
2167	49 
2168	299 
2169	192 
2170	292 
2171	123 
2172	65 
2173	265 
2174	91 
2175	229 
2176	230 
2177	235 
2178	87 
2179	34 
2180	5 
2181	77 
2182	251 
2183	237 
2184	235 
2185	188 
2186	172 
2187	74 
2188	217 
2189	5 
2190	165 
2191	153 
2192	282 
2193	157 
2194	86 
2195	76 
2196	315 
2197	200 
2198	269 
2199	49 
2200	314 
2201	311 
2202	304 
2203	10 
2204	75 
2205	308 
2206	230 
2207	206 
2208	118 
2209	4 
2210	185 
2211	3 
2212	41 
2213	197 
2214	205 
2215	128 
2216	277 
2217	30 
2218	52 
2219	87 
2220	11 
2221	250 
2222	90 
2223	93 
2224	132 
2225	239 
2226	49 
2227	243 
2228	102 
2229	323 
2230	17 
2231	137 
2232	297 
2233	220 
2234	317 
2235	276 
2236	337 
2237	324 
2238	251 
2239	204 
2240	154 
2241	89 
2242	43 
2243	250 
2244	320 
2245	341 
2246	170 
2247	306 
2248	264 
2249	88 
2250	26 
2251	141 
2252	307 
2253	138 
2254	217 
2255	316 
2256	185 
2257	75 
2258	137 
2259	189 
2260	34 
2261	216 
2262	267 
2263	301 
2264	324 
2265	277 
2266	49 
2267	248 
2268	89 
2269	232 
2270	14 
2271	289 
2272	294 
2273	147 
2274	165 
2275	131 
2276	10 
2277	343 
2278	104 
2279	158 
2280	142 
2281	100 
2282	87 
2283	34 
2284	3 
2285	49 
2286	174 
2287	333 
2288	59 
2289	22 
2290	334 
2291	165 
2292	221 
2293	228 
2294	58 
2295	94 
2296	32 
2297	19 
2298	154 
2299	61 
2300	71 
2301	136 
2302	323 
2303	256 
2304	33 
2305	157 
2306	199 
2307	159 
2308	73 
2309	76 
2310	343 
2311	319 
2312	238 
2313	49 
2314	283 
2315	283 
2316	57 
2317	320 
2318	188 
2319	142 
2320	334 
2321	310 
2322	218 
2323	244 
2324	277 
2325	86 
2326	310 
2327	95 
2328	263 
2329	34 
2330	159 
2331	193 
2332	219 
2333	291 
2334	277 
2335	230 
2336	8 
2337	84 
2338	125 
2339	181 
2340	275 
2341	153 
2342	207 
2343	40 
2344	42 
2345	200 
2346	7 
2347	292 
2348	37 
2349	220 
2350	49 
2351	85 
2352	69 
2353	74 
2354	65 
2355	160 
2356	98 
2357	131 
2358	109 
2359	296 
2360	262 
2361	96 
2362	303 
2363	282 
2364	334 
2365	289 
2366	56 
2367	66 
2368	234 
2369	87 
2370	314 
2371	277 
2372	244 
2373	259 
2374	206 
2375	207 
2376	181 
2377	193 
2378	245 
2379	236 
2380	163 
2381	116 
2382	250 
2383	283 
2384	275 
2385	297 
2386	174 
2387	78 
2388	261 
2389	78 
2390	11 
2391	172 
2392	126 
2393	162 
2394	140 
2395	143 
2396	34 
2397	6 
2398	265 
2399	66 
2400	286 
2401	75 
2402	136 
2403	74 
2404	210 
2405	339 
2406	209 
2407	335 
2408	166 
2409	282 
2410	1 
2411	142 
2412	243 
2413	195 
2414	30 
2415	122 
2416	53 
2417	334 
2418	141 
2419	235 
2420	94 
2421	23 
2422	135 
2423	109 
2424	48 
2425	303 
2426	340 
2427	283 
2428	56 
2429	268 
2430	39 
2431	320 
2432	65 
2433	271 
2434	282 
2435	154 
2436	341 
2437	188 
2438	219 
2439	227 
2440	159 
2441	60 
2442	68 
2443	179 
2444	110 
2445	320 
2446	139 
2447	96 
2448	246 
2449	294 
2450	160 
2451	225 
2452	22 
2453	98 
2454	331 
2455	336 
2456	37 
2457	176 
2458	238 
2459	75 
2460	246 
2461	18 
2462	78 
2463	261 
2464	267 
2465	42 
2466	313 
2467	275 
2468	172 
2469	22 
2470	119 
2471	136 
2472	187 
2473	179 
2474	68 
2475	246 
2476	71 
2477	323 
2478	185 
2479	44 
2480	119 
2481	25 
2482	43 
2483	291 
2484	109 
2485	185 
2486	158 
2487	44 
2488	11 
2489	18 
2490	202 
2491	166 
2492	286 
2493	346 
2494	114 
2495	115 
2496	187 
2497	56 
2498	186 
2499	157 
2500	125 
2501	41 
2502	231 
2503	41 
2504	272 
2505	160 
2506	256 
2507	13 
2508	341 
2509	158 
2510	184 
2511	104 
2512	147 
2513	216 
2514	284 
2515	287 
2516	203 
2517	142 
2518	204 
2519	124 
2520	153 
2521	10 
2522	232 
2523	185 
2524	195 
2525	314 
2526	279 
2527	110 
2528	60 
2529	107 
2530	18 
2531	243 
2532	73 
2533	299 
2534	165 
2535	204 
2536	188 
2537	87 
2538	128 
2539	58 
2540	96 
2541	314 
2542	31 
2543	341 
2544	259 
2545	269 
2546	346 
2547	50 
2548	78 
2549	347 
2550	185 
2551	242 
2552	97 
2553	193 
2554	219 
2555	21 
2556	87 
2557	8 
2558	26 
2559	11 
2560	327 
2561	106 
2562	174 
2563	89 
2564	256 
2565	50 
2566	341 
2567	272 
2568	300 
2569	238 
2570	226 
2571	229 
2572	30 
2573	225 
2574	139 
2575	305 
2576	311 
2577	324 
2578	87 
2579	93 
2580	15 
2581	12 
2582	195 
2583	293 
2584	114 
2585	129 
2586	190 
2587	291 
2588	6 
2589	284 
2590	2 
2591	92 
2592	87 
2593	88 
2594	231 
2595	322 
2596	87 
2597	233 
2598	106 
2599	232 
2600	171 
2601	264 
2602	104 
2603	131 
2604	268 
2605	105 
2606	1 
2607	51 
2608	130 
2609	334 
2610	329 
2611	41 
2612	59 
2613	240 
2614	55 
2615	73 
2616	283 
2617	163 
2618	302 
2619	222 
2620	4 
2621	75 
2622	259 
2623	310 
2624	8 
2625	224 
2626	89 
2627	207 
2628	51 
2629	205 
2630	50 
2631	53 
2632	303 
2633	19 
2634	27 
2635	302 
2636	220 
2637	254 
2638	273 
2639	235 
2640	171 
2641	236 
2642	249 
2643	293 
2644	205 
2645	80 
2646	3 
2647	128 
2648	46 
2649	95 
2650	291 
2651	198 
2652	204 
2653	244 
2654	19 
2655	320 
2656	45 
2657	274 
2658	32 
2659	107 
2660	298 
2661	156 
2662	345 
2663	345 
2664	209 
2665	252 
2666	146 
2667	30 
2668	209 
2669	297 
2670	110 
2671	282 
2672	205 
2673	104 
2674	243 
2675	88 
2676	223 
2677	229 
2678	286 
2679	100 
2680	259 
2681	83 
2682	245 
2683	227 
2684	232 
2685	265 
2686	233 
2687	274 
2688	45 
2689	99 
2690	323 
2691	123 
2692	36 
2693	60 
2694	229 
2695	261 
2696	256 
2697	317 
2698	97 
2699	203 
2700	87 
2701	258 
2702	237 
2703	31 
2704	62 
2705	252 
2706	144 
2707	167 
2708	296 
2709	121 
2710	225 
2711	144 
2712	169 
2713	183 
2714	299 
2715	115 
2716	199 
2717	60 
2718	127 
2719	203 
2720	294 
2721	41 
2722	256 
2723	30 
2724	263 
2725	28 
2726	176 
2727	168 
2728	272 
2729	199 
2730	290 
2731	137 
2732	291 
2733	274 
2734	66 
2735	245 
2736	286 
2737	255 
2738	143 
2739	61 
2740	1 
2741	283 
2742	105 
2743	267 
2744	54 
2745	204 
2746	5 
2747	89 
2748	265 
2749	2 
2750	101 
2751	18 
2752	320 
2753	141 
2754	226 
2755	234 
2756	246 
2757	199 
2758	136 
2759	14 
2760	223 
2761	49 
2762	260 
2763	144 
2764	329 
2765	172 
2766	258 
2767	8 
2768	100 
2769	154 
2770	54 
2771	94 
2772	7 
2773	64 
2774	118 
2775	298 
2776	66 
2777	89 
2778	11 
2779	5 
2780	89 
2781	174 
2782	338 
2783	125 
2784	181 
2785	175 
2786	255 
2787	35 
2788	254 
2789	164 
2790	19 
2791	319 
2792	43 
2793	55 
2794	89 
2795	271 
2796	74 
2797	332 
2798	1 
2799	310 
2800	225 
2801	31 
2802	333 
2803	106 
2804	59 
2805	255 
2806	290 
2807	52 
2808	329 
2809	118 
2810	324 
2811	29 
2812	186 
2813	158 
2814	168 
2815	32 
2816	180 
2817	132 
2818	142 
2819	11 
2820	314 
2821	75 
2822	3 
2823	199 
2824	26 
2825	65 
2826	314 
2827	105 
2828	232 
2829	227 
2830	212 
2831	248 
2832	7 
2833	58 
2834	4 
2835	131 
2836	220 
2837	49 
2838	108 
2839	267 
2840	337 
2841	74 
2842	177 
2843	175 
2844	335 
2845	273 
2846	254 
2847	12 
2848	254 
2849	23 
2850	327 
2851	332 
2852	109 
2853	291 
2854	310 
2855	42 
2856	189 
2857	42 
2858	58 
2859	9 
2860	197 
2861	104 
2862	124 
2863	235 
2864	154 
2865	124 
2866	29 
2867	94 
2868	240 
2869	110 
2870	209 
2871	335 
2872	151 
2873	71 
2874	244 
2875	260 
2876	66 
2877	202 
2878	141 
2879	115 
2880	337 
2881	22 
2882	66 
2883	253 
2884	318 
2885	293 
2886	149 
2887	20 
2888	282 
2889	89 
2890	189 
2891	18 
2892	124 
2893	107 
2894	115 
2895	109 
2896	219 
2897	110 
2898	275 
2899	155 
2900	307 
2901	207 
2902	2 
2903	346 
2904	314 
2905	332 
2906	306 
2907	122 
2908	125 
2909	122 
2910	76 
2911	5 
2912	255 
2913	199 
2914	86 
2915	19 
2916	106 
2917	230 
2918	85 
2919	337 
2920	152 
2921	226 
2922	205 
2923	212 
2924	20 
2925	41 
2926	294 
2927	131 
2928	218 
2929	291 
2930	230 
2931	235 
2932	313 
2933	185 
2934	23 
2935	63 
2936	95 
2937	37 
2938	346 
2939	108 
2940	283 
2941	125 
2942	62 
2943	94 
2944	300 
2945	156 
2946	75 
2947	193 
2948	279 
2949	58 
2950	244 
2951	80 
2952	116 
2953	186 
2954	24 
2955	101 
2956	10 
2957	111 
2958	304 
2959	203 
2960	46 
2961	321 
2962	118 
2963	7 
2964	193 
2965	302 
2966	62 
2967	107 
2968	174 
2969	173 
2970	298 
2971	233 
2972	77 
2973	90 
2974	118 
2975	252 
2976	252 
2977	3 
2978	145 
2979	34 
2980	202 
2981	25 
2982	319 
2983	240 
2984	340 
2985	61 
2986	58 
2987	30 
2988	49 
2989	138 
2990	4 
2991	131 
2992	223 
2993	252 
2994	329 
2995	46 
2996	305 
2997	31 
2998	144 
2999	193 
3000	223 
3001	297 
3002	258 
3003	275 
3004	307 
3005	125 
3006	296 
3007	70 
3008	160 
3009	323 
3010	277 
3011	227 
3012	193 
3013	22 
3014	154 
3015	343 
3016	202 
3017	18 
3018	318 
3019	275 
3020	18 
3021	210 
3022	168 
3023	158 
3024	55 
3025	48 
3026	43 
3027	110 
3028	30 
3029	341 
3030	42 
3031	180 
3032	6 
3033	54 
3034	16 
3035	257 
3036	85 
3037	133 
3038	165 
3039	341 
3040	246 
3041	61 
3042	100 
3043	266 
3044	344 
3045	289 
3046	160 
3047	92 
3048	31 
3049	265 
3050	201 
3051	327 
3052	123 
3053	109 
3054	195 
3055	42 
3056	95 
3057	186 
3058	298 
3059	303 
3060	291 
3061	131 
3062	71 
3063	10 
3064	89 
3065	284 
3066	188 
3067	193 
3068	185 
3069	30 
3070	172 
3071	187 
3072	153 
3073	180 
3074	36 
3075	147 
3076	329 
3077	141 
3078	318 
3079	207 
3080	306 
3081	323 
3082	28 
3083	18 
3084	244 
3085	319 
3086	216 
3087	122 
3088	118 
3089	107 
3090	41 
3091	42 
3092	210 
3093	320 
3094	289 
3095	193 
3096	100 
3097	54 
3098	319 
3099	43 
3100	22 
3101	207 
3102	202 
3103	210 
3104	157 
3105	32 
3106	267 
3107	11 
3108	179 
3109	323 
3110	45 
3111	104 
3112	291 
3113	303 
3114	146 
3115	48 
3116	16 
3117	64 
3118	44 
3119	22 
3120	235 
3121	172 
3122	207 
3123	134 
3124	179 
3125	35 
3126	211 
3127	199 
3128	220 
3129	306 
3130	131 
3131	77 
3132	124 
3133	197 
3134	39 
3135	90 
3136	22 
3137	70 
3138	134 
3139	198 
3140	146 
3141	195 
3142	301 
3143	12 
3144	119 
3145	331 
3146	50 
3147	233 
3148	103 
3149	308 
3150	16 
3151	145 
3152	305 
3153	311 
3154	305 
3155	135 
3156	159 
3157	281 
3158	314 
3159	295 
3160	199 
3161	324 
3162	328 
3163	8 
3164	188 
3165	284 
3166	232 
3167	303 
3168	93 
3169	197 
3170	257 
3171	304 
3172	227 
3173	71 
3174	152 
3175	290 
3176	94 
3177	275 
3178	332 
3179	3 
3180	103 
3181	62 
3182	77 
3183	12 
3184	311 
3185	231 
3186	220 
3187	69 
3188	204 
3189	199 
3190	203 
3191	21 
3192	276 
3193	119 
3194	1 
3195	36 
3196	115 
3197	64 
3198	28 
3199	158 
3200	123 
3201	57 
3202	334 
3203	51 
3204	305 
3205	138 
3206	12 
3207	69 
3208	208 
3209	228 
3210	80 
3211	59 
3212	209 
3213	235 
3214	60 
3215	63 
3216	131 
3217	190 
3218	203 
3219	215 
3220	96 
3221	254 
3222	70 
3223	172 
3224	263 
3225	1 
3226	250 
3227	1 
3228	160 
3229	293 
3230	235 
3231	135 
3232	179 
3233	315 
3234	281 
3235	61 
3236	66 
3237	203 
3238	64 
3239	119 
3240	121 
3241	109 
3242	22 
3243	42 
3244	65 
3245	91 
3246	10 
3247	245 
3248	163 
3249	18 
3250	305 
3251	128 
3252	207 
3253	29 
3254	55 
3255	233 
3256	89 
3257	338 
3258	143 
3259	210 
3260	338 
3261	14 
3262	257 
3263	199 
3264	273 
3265	94 
3266	320 
3267	112 
3268	182 
3269	119 
3270	145 
3271	8 
3272	198 
3273	13 
3274	332 
3275	251 
3276	228 
3277	230 
3278	126 
3279	104 
3280	138 
3281	311 
3282	104 
3283	244 
3284	205 
3285	164 
3286	29 
3287	168 
3288	23 
3289	327 
3290	207 
3291	97 
3292	310 
3293	245 
3294	278 
3295	107 
3296	182 
3297	159 
3298	340 
3299	62 
3300	36 
3301	64 
3302	112 
3303	193 
3304	224 
3305	188 
3306	107 
3307	97 
3308	210 
3309	93 
3310	185 
3311	53 
3312	197 
3313	182 
3314	16 
3315	199 
3316	159 
3317	266 
3318	284 
3319	177 
3320	235 
3321	243 
3322	147 
3323	218 
3324	276 
3325	1 
3326	78 
3327	341 
3328	10 
3329	57 
3330	275 
3331	207 
3332	335 
3333	86 
3334	60 
3335	250 
3336	281 
3337	17 
3338	302 
3339	38 
3340	175 
3341	12 
3342	337 
3343	282 
3344	278 
3345	106 
3346	61 
3347	244 
3348	28 
3349	187 
3350	274 
3351	111 
3352	336 
3353	158 
3354	304 
3355	147 
3356	14 
3357	252 
3358	272 
3359	334 
3360	163 
3361	332 
3362	339 
3363	289 
3364	245 
3365	301 
3366	100 
3367	36 
3368	249 
3369	230 
3370	45 
3371	340 
3372	182 
3373	228 
3374	193 
3375	180 
3376	79 
3377	165 
3378	102 
3379	310 
3380	328 
3381	1 
3382	37 
3383	205 
3384	204 
3385	104 
3386	162 
3387	243 
3388	56 
3389	29 
3390	223 
3391	295 
3392	277 
3393	232 
3394	202 
3395	284 
3396	158 
3397	192 
3398	345 
3399	212 
3400	255 
3401	227 
3402	169 
3403	133 
3404	22 
3405	80 
3406	50 
3407	12 
3408	273 
3409	173 
3410	6 
3411	306 
3412	185 
3413	244 
3414	255 
3415	186 
3416	26 
3417	197 
3418	24 
3419	193 
3420	237 
3421	65 
3422	225 
3423	301 
3424	277 
3425	307 
3426	228 
3427	75 
3428	338 
3429	160 
3430	7 
3431	66 
3432	157 
3433	134 
3434	7 
3435	39 
3436	179 
3437	140 
3438	165 
3439	225 
3440	137 
3441	317 
3442	104 
3443	66 
3444	37 
3445	294 
3446	256 
3447	336 
3448	57 
3449	30 
3450	57 
3451	346 
3452	340 
3453	85 
3454	5 
3455	26 
3456	301 
3457	307 
3458	205 
3459	179 
3460	87 
3461	296 
3462	124 
3463	263 
3464	139 
3465	194 
3466	30 
3467	322 
3468	272 
3469	48 
3470	48 
3471	274 
3472	302 
3473	41 
3474	239 
3475	10 
3476	78 
3477	74 
3478	227 
3479	309 
3480	103 
3481	209 
3482	48 
3483	41 
3484	333 
3485	334 
3486	185 
3487	286 
3488	157 
3489	330 
3490	307 
3491	231 
3492	85 
3493	44 
3494	306 
3495	158 
3496	281 
3497	171 
3498	297 
3499	4 
3500	123 
3501	314 
3502	337 
3503	93 
3504	223 
3505	153 
3506	177 
3507	100 
3508	299 
3509	278 
3510	11 
3511	263 
3512	223 
3513	12 
3514	124 
3515	291 
3516	219 
3517	36 
3518	103 
3519	58 
3520	165 
3521	185 
3522	316 
3523	199 
3524	273 
3525	246 
3526	329 
3527	291 
3528	187 
3529	190 
3530	159 
3531	192 
3532	80 
3533	50 
3534	223 
3535	240 
3536	7 
3537	28 
3538	261 
3539	146 
3540	314 
3541	75 
3542	199 
3543	46 
3544	338 
3545	322 
3546	177 
3547	202 
3548	335 
3549	228 
3550	193 
3551	10 
3552	157 
3553	7 
3554	243 
3555	2 
3556	35 
3557	274 
3558	35 
3559	74 
3560	282 
3561	97 
3562	220 
3563	316 
3564	277 
3565	216 
3566	83 
3567	277 
3568	324 
3569	230 
3570	8 
3571	36 
3572	165 
3573	243 
3574	185 
3575	23 
3576	42 
3577	160 
3578	282 
3579	26 
3580	254 
3581	219 
3582	6 
3583	186 
3584	339 
3585	268 
3586	119 
3587	301 
3588	237 
3589	100 
3590	158 
3591	256 
3592	197 
3593	17 
3594	228 
3595	7 
3596	142 
3597	252 
3598	282 
3599	290 
3600	293 
3601	317 
3602	243 
3603	123 
3604	318 
3605	135 
3606	331 
3607	181 
3608	22 
3609	118 
3610	307 
3611	16 
3612	227 
3613	77 
3614	2 
3615	96 
3616	273 
3617	204 
3618	8 
3619	183 
3620	235 
3621	272 
3622	64 
3623	193 
3624	105 
3625	316 
3626	23 
3627	193 
3628	267 
3629	57 
3630	316 
3631	46 
3632	124 
3633	75 
3634	265 
3635	155 
3636	185 
3637	278 
3638	124 
3639	94 
3640	250 
3641	305 
3642	251 
3643	198 
3644	205 
3645	87 
3646	7 
3647	303 
3648	95 
3649	160 
3650	318 
3651	271 
3652	160 
3653	223 
3654	309 
3655	311 
3656	46 
3657	255 
3658	109 
3659	34 
3660	92 
3661	110 
3662	53 
3663	34 
3664	183 
3665	235 
3666	218 
3667	181 
3668	345 
3669	291 
3670	29 
3671	316 
3672	267 
3673	283 
3674	143 
3675	252 
3676	254 
3677	303 
3678	50 
3679	12 
3680	336 
3681	332 
3682	39 
3683	262 
3684	79 
3685	252 
3686	104 
3687	334 
3688	85 
3689	303 
3690	281 
3691	107 
3692	175 
3693	211 
3694	252 
3695	124 
3696	298 
3697	91 
3698	249 
3699	142 
3700	192 
3701	44 
3702	129 
3703	277 
3704	47 
3705	332 
3706	320 
3707	169 
3708	41 
3709	220 
3710	277 
3711	203 
3712	337 
3713	108 
3714	317 
3715	157 
3716	256 
3717	120 
3718	14 
3719	77 
3720	35 
3721	320 
3722	22 
3723	336 
3724	131 
3725	18 
3726	284 
3727	133 
3728	75 
3729	144 
3730	169 
3731	53 
3732	232 
3733	108 
3734	303 
3735	5 
3736	26 
3737	35 
3738	249 
3739	311 
3740	135 
3741	290 
3742	102 
3743	264 
3744	309 
3745	57 
3746	121 
3747	218 
3748	314 
3749	319 
3750	164 
3751	63 
3752	134 
3753	147 
3754	56 
3755	244 
3756	198 
3757	207 
3758	273 
3759	116 
3760	310 
3761	86 
3762	154 
3763	46 
3764	57 
3765	131 
3766	28 
3767	1 
3768	172 
3769	159 
3770	228 
3771	138 
3772	59 
3773	273 
3774	296 
3775	277 
3776	343 
3777	75 
3778	318 
3779	89 
3780	232 
3781	94 
3782	58 
3783	238 
3784	308 
3785	42 
3786	322 
3787	100 
3788	108 
3789	77 
3790	294 
3791	273 
3792	89 
3793	1 
3794	125 
3795	94 
3796	159 
3797	316 
3798	92 
3799	311 
3800	123 
3801	315 
3802	225 
3803	243 
3804	180 
3805	160 
3806	112 
3807	35 
3808	110 
3809	37 
3810	238 
3811	70 
3812	215 
3813	131 
3814	332 
3815	321 
3816	286 
3817	79 
3818	105 
3819	319 
3820	226 
3821	305 
3822	157 
3823	34 
3824	188 
3825	246 
3826	180 
3827	129 
3828	313 
3829	35 
3830	61 
3831	172 
3832	293 
3833	36 
3834	100 
3835	153 
3836	336 
3837	322 
3838	104 
3839	305 
3840	254 
3841	205 
3842	54 
3843	119 
3844	127 
3845	207 
3846	315 
3847	244 
3848	175 
3849	236 
3850	341 
3851	330 
3852	251 
3853	250 
3854	172 
3855	253 
3856	105 
3857	19 
3858	47 
3859	25 
3860	225 
3861	111 
3862	290 
3863	146 
3864	183 
3865	235 
3866	315 
3867	268 
3868	289 
3869	97 
3870	28 
3871	282 
3872	341 
3873	79 
3874	226 
3875	61 
3876	159 
3877	190 
3878	212 
3879	157 
3880	169 
3881	79 
3882	156 
3883	306 
3884	35 
3885	211 
3886	315 
3887	12 
3888	211 
3889	105 
3890	133 
3891	240 
3892	126 
3893	10 
3894	258 
3895	232 
3896	219 
3897	60 
3898	274 
3899	66 
3900	35 
3901	1 
3902	4 
3903	183 
3904	78 
3905	328 
3906	268 
3907	157 
3908	311 
3909	342 
3910	254 
3911	51 
3912	100 
3913	179 
3914	94 
3915	155 
3916	107 
3917	334 
3918	84 
3919	265 
3920	162 
3921	42 
3922	173 
3923	165 
3924	207 
3925	7 
3926	29 
3927	289 
3928	314 
3929	96 
3930	180 
3931	22 
3932	252 
3933	292 
3934	16 
3935	248 
3936	257 
3937	319 
3938	232 
3939	310 
3940	343 
3941	250 
3942	204 
3943	201 
3944	35 
3945	154 
3946	156 
3947	9 
3948	236 
3949	258 
3950	22 
3951	268 
3952	257 
3953	102 
3954	342 
3955	218 
3956	73 
3957	138 
3958	172 
3959	282 
3960	182 
3961	256 
3962	211 
3963	16 
3964	163 
3965	306 
3966	205 
3967	321 
3968	97 
3969	248 
3970	159 
3971	28 
3972	24 
3973	265 
3974	286 
3975	152 
3976	250 
3977	35 
3978	41 
3979	78 
3980	232 
3981	41 
3982	105 
3983	180 
3984	99 
3985	323 
3986	107 
3987	303 
3988	223 
3989	66 
3990	183 
3991	322 
3992	16 
3993	242 
3994	94 
3995	300 
3996	336 
3997	111 
3998	261 
3999	165 
4000	109 
4001	145 
4002	165 
4003	82 
4004	246 
4005	216 
4006	143 
4007	106 
4008	332 
4009	264 
4010	227 
4011	105 
4012	21 
4013	145 
4014	22 
4015	258 
4016	89 
4017	109 
4018	165 
4019	36 
4020	310 
4021	220 
4022	140 
4023	3 
4024	235 
4025	307 
4026	90 
4027	317 
4028	175 
4029	256 
4030	65 
4031	64 
4032	345 
4033	267 
4034	122 
4035	327 
4036	282 
4037	256 
4038	223 
4039	90 
4040	337 
4041	220 
4042	275 
4043	31 
4044	17 
4045	243 
4046	120 
4047	168 
4048	319 
4049	185 
4050	130 
4051	243 
4052	1 
4053	16 
4054	173 
4055	165 
4056	256 
4057	332 
4058	172 
4059	87 
4060	336 
4061	286 
4062	187 
4063	204 
4064	163 
4065	136 
4066	329 
4067	174 
4068	159 
4069	265 
4070	61 
4071	124 
4072	66 
4073	264 
4074	186 
4075	185 
4076	103 
4077	165 
4078	230 
4079	34 
4080	314 
4081	207 
4082	263 
4083	33 
4084	92 
4085	62 
4086	268 
4087	321 
4088	61 
4089	90 
4090	153 
4091	22 
4092	38 
4093	252 
4094	10 
4095	204 
4096	56 
4097	56 
4098	26 
4099	31 
4100	202 
4101	142 
4102	75 
4103	335 
4104	78 
4105	295 
4106	61 
4107	172 
4108	107 
4109	78 
4110	257 
4111	33 
4112	29 
4113	37 
4114	327 
4115	344 
4116	294 
4117	320 
4118	13 
4119	244 
4120	8 
4121	106 
4122	260 
4123	198 
4124	216 
4125	35 
4126	322 
4127	175 
4128	315 
4129	217 
4130	318 
4131	309 
4132	69 
4133	120 
4134	110 
4135	64 
4136	197 
4137	1 
4138	89 
4139	239 
4140	123 
4141	41 
4142	170 
4143	101 
4144	36 
4145	71 
4146	327 
4147	18 
4148	1 
4149	52 
4150	77 
4151	61 
4152	333 
4153	107 
4154	107 
4155	291 
4156	222 
4157	331 
4158	106 
4159	260 
4160	199 
4161	266 
4162	30 
4163	37 
4164	205 
4165	282 
4166	246 
4167	226 
4168	35 
4169	91 
4170	238 
4171	122 
4172	235 
4173	104 
4174	322 
4175	126 
4176	261 
4177	8 
4178	96 
4179	1 
4180	50 
4181	46 
4182	87 
4183	167 
4184	292 
4185	328 
4186	274 
4187	274 
4188	204 
4189	87 
4190	49 
4191	273 
4192	132 
4193	160 
4194	185 
4195	119 
4196	16 
4197	252 
4198	291 
4199	314 
4200	212 
4201	16 
4202	25 
4203	273 
4204	54 
4205	110 
4206	115 
4207	82 
4208	55 
4209	336 
4210	187 
4211	160 
4212	298 
4213	71 
4214	115 
4215	162 
4216	160 
4217	129 
4218	147 
4219	237 
4220	38 
4221	35 
4222	327 
4223	322 
4224	334 
4225	91 
4226	101 
4227	342 
4228	294 
4229	274 
4230	123 
4231	324 
4232	71 
4233	239 
4234	46 
4235	16 
4236	56 
4237	211 
4238	278 
4239	165 
4240	103 
4241	291 
4242	269 
4243	82 
4244	147 
4245	181 
4246	37 
4247	267 
4248	3 
4249	286 
4250	300 
4251	89 
4252	228 
4253	309 
4254	292 
4255	143 
4256	220 
4257	116 
4258	49 
4259	339 
4260	95 
4261	34 
4262	301 
4263	324 
4264	116 
4265	75 
4266	85 
4267	289 
4268	27 
4269	315 
4270	66 
4271	57 
4272	308 
4273	41 
4274	202 
4275	277 
4276	307 
4277	23 
4278	193 
4279	35 
4280	159 
4281	185 
4282	250 
4283	66 
4284	286 
4285	163 
4286	283 
4287	305 
4288	211 
4289	203 
4290	165 
4291	75 
4292	204 
4293	345 
4294	170 
4295	30 
4296	131 
4297	230 
4298	2 
4299	83 
4300	316 
4301	305 
4302	147 
4303	49 
4304	56 
4305	252 
4306	187 
4307	100 
4308	340 
4309	186 
4310	36 
4311	197 
4312	87 
4313	277 
4314	301 
4315	223 
4316	303 
4317	224 
4318	281 
4319	226 
4320	16 
4321	305 
4322	166 
4323	324 
4324	327 
4325	131 
4326	91 
4327	62 
4328	92 
4329	286 
4330	91 
4331	36 
4332	173 
4333	171 
4334	144 
4335	43 
4336	232 
4337	216 
4338	41 
4339	172 
4340	110 
4341	188 
4342	43 
4343	144 
4344	45 
4345	277 
4346	277 
4347	311 
4348	65 
4349	293 
4350	212 
4351	258 
4352	125 
4353	70 
4354	159 
4355	100 
4356	167 
4357	232 
4358	286 
4359	342 
4360	58 
4361	281 
4362	115 
4363	78 
4364	193 
4365	152 
4366	162 
4367	14 
4368	328 
4369	305 
4370	187 
4371	299 
4372	222 
4373	273 
4374	61 
4375	333 
4376	341 
4377	109 
4378	275 
4379	209 
4380	174 
4381	8 
4382	252 
4383	258 
4384	255 
4385	26 
4386	136 
4387	107 
4388	294 
4389	125 
4390	175 
4391	336 
4392	187 
4393	228 
4394	243 
4395	311 
4396	197 
4397	174 
4398	41 
4399	137 
4400	131 
4401	173 
4402	110 
4403	169 
4404	102 
4405	157 
4406	41 
4407	147 
4408	233 
4409	335 
4410	231 
4411	2 
4412	283 
4413	277 
4414	310 
4415	217 
4416	210 
4417	75 
4418	94 
4419	180 
4420	29 
4421	16 
4422	49 
4423	301 
4424	160 
4425	181 
4426	320 
4427	1 
4428	135 
4429	172 
4430	37 
4431	307 
4432	8 
4433	303 
4434	49 
4435	19 
4436	147 
4437	153 
4438	283 
4439	62 
4440	38 
4441	70 
4442	21 
4443	125 
4444	216 
4445	328 
4446	160 
4447	210 
4448	73 
4449	124 
4450	346 
4451	197 
4452	90 
4453	255 
4454	220 
4455	100 
4456	109 
4457	75 
4458	302 
4459	25 
4460	3 
4461	61 
4462	346 
4463	10 
4464	23 
4465	1 
4466	322 
4467	57 
4468	131 
4469	329 
4470	97 
4471	237 
4472	133 
4473	180 
4474	31 
4475	102 
4476	80 
4477	318 
4478	107 
4479	257 
4480	7 
4481	201 
4482	174 
4483	295 
4484	294 
4485	234 
4486	313 
4487	308 
4488	198 
4489	23 
4490	181 
4491	217 
4492	193 
4493	39 
4494	175 
4495	249 
4496	187 
4497	111 
4498	80 
4499	305 
4500	198 
4501	224 
4502	204 
4503	100 
4504	243 
4505	99 
4506	266 
4507	343 
4508	337 
4509	22 
4510	29 
4511	222 
4512	109 
4513	79 
4514	216 
4515	257 
4516	311 
4517	314 
4518	63 
4519	78 
4520	75 
4521	239 
4522	41 
4523	327 
4524	36 
4525	66 
4526	327 
4527	230 
4528	273 
4529	115 
4530	56 
4531	24 
4532	294 
4533	158 
4534	145 
4535	260 
4536	322 
4537	57 
4538	262 
4539	155 
4540	332 
4541	102 
4542	338 
4543	131 
4544	34 
4545	37 
4546	54 
4547	302 
4548	185 
4549	125 
4550	266 
4551	16 
4552	341 
4553	104 
4554	202 
4555	254 
4556	92 
4557	174 
4558	39 
4559	127 
4560	30 
4561	195 
4562	11 
4563	317 
4564	332 
4565	334 
4566	186 
4567	237 
4568	257 
4569	31 
4570	185 
4571	10 
4572	158 
4573	289 
4574	45 
4575	146 
4576	244 
4577	75 
4578	109 
4579	331 
4580	75 
4581	246 
4582	124 
4583	199 
4584	172 
4585	339 
4586	198 
4587	30 
4588	239 
4589	82 
4590	271 
4591	30 
4592	49 
4593	43 
4594	137 
4595	255 
4596	119 
4597	203 
4598	152 
4599	240 
4600	324 
4601	79 
4602	49 
4603	30 
4604	169 
4605	194 
4606	231 
4607	109 
4608	271 
4609	57 
4610	174 
4611	273 
4612	291 
4613	225 
4614	105 
4615	159 
4616	228 
4617	107 
4618	35 
4619	14 
4620	177 
4621	289 
4622	7 
4623	8 
4624	135 
4625	193 
4626	308 
4627	28 
4628	1 
4629	225 
4630	97 
4631	185 
4632	157 
4633	105 
4634	274 
4635	152 
4636	52 
4637	45 
4638	155 
4639	243 
4640	232 
4641	334 
4642	22 
4643	220 
4644	198 
4645	240 
4646	16 
4647	186 
4648	44 
4649	332 
4650	336 
4651	244 
4652	8 
4653	205 
4654	91 
4655	2 
4656	12 
4657	7 
4658	222 
4659	89 
4660	322 
4661	119 
4662	42 
4663	167 
4664	23 
4665	75 
4666	240 
4667	267 
4668	228 
4669	79 
4670	334 
4671	125 
4672	208 
4673	208 
4674	274 
4675	71 
4676	170 
4677	111 
4678	283 
4679	231 
4680	277 
4681	327 
4682	245 
4683	166 
4684	35 
4685	118 
4686	277 
4687	106 
4688	248 
4689	26 
4690	331 
4691	154 
4692	294 
4693	233 
4694	132 
4695	100 
4696	307 
4697	56 
4698	134 
4699	303 
4700	71 
4701	309 
4702	165 
4703	8 
4704	143 
4705	28 
4706	311 
4707	152 
4708	104 
4709	336 
4710	269 
4711	152 
4712	75 
4713	305 
4714	197 
4715	12 
4716	42 
4717	39 
4718	338 
4719	18 
4720	165 
4721	49 
4722	62 
4723	307 
4724	107 
4725	307 
4726	109 
4727	49 
4728	34 
4729	183 
4730	29 
4731	222 
4732	202 
4733	40 
4734	109 
4735	228 
4736	75 
4737	44 
4738	322 
4739	129 
4740	243 
4741	52 
4742	294 
4743	266 
4744	124 
4745	84 
4746	118 
4747	240 
4748	305 
4749	99 
4750	38 
4751	112 
4752	58 
4753	313 
4754	183 
4755	87 
4756	110 
4757	167 
4758	224 
4759	302 
4760	30 
4761	327 
4762	252 
4763	336 
4764	144 
4765	49 
4766	333 
4767	244 
4768	289 
4769	292 
4770	219 
4771	165 
4772	250 
4773	156 
4774	332 
4775	315 
4776	343 
4777	220 
4778	246 
4779	152 
4780	240 
4781	28 
4782	327 
4783	299 
4784	249 
4785	112 
4786	186 
4787	235 
4788	279 
4789	320 
4790	220 
4791	243 
4792	187 
4793	107 
4794	138 
4795	29 
4796	306 
4797	302 
4798	180 
4799	212 
4800	232 
4801	87 
4802	134 
4803	133 
4804	225 
4805	282 
4806	299 
4807	58 
4808	13 
4809	320 
4810	109 
4811	252 
4812	29 
4813	171 
4814	84 
4815	39 
4816	103 
4817	69 
4818	126 
4819	166 
4820	36 
4821	244 
4822	237 
4823	26 
4824	51 
4825	65 
4826	217 
4827	205 
4828	233 
4829	135 
4830	134 
4831	199 
4832	78 
4833	100 
4834	156 
4835	226 
4836	38 
4837	318 
4838	269 
4839	79 
4840	265 
4841	333 
4842	277 
4843	21 
4844	25 
4845	277 
4846	252 
4847	328 
4848	77 
4849	333 
4850	258 
4851	342 
4852	300 
4853	87 
4854	56 
4855	39 
4856	18 
4857	140 
4858	64 
4859	246 
4860	226 
4861	232 
4862	246 
4863	291 
4864	147 
4865	341 
4866	25 
4867	296 
4868	255 
4869	41 
4870	236 
4871	165 
4872	294 
4873	256 
4874	252 
4875	172 
4876	78 
4877	235 
4878	1 
4879	31 
4880	64 
4881	69 
4882	59 
4883	252 
4884	294 
4885	302 
4886	256 
4887	258 
4888	163 
4889	8 
4890	12 
4891	314 
4892	203 
4893	292 
4894	101 
4895	263 
4896	199 
4897	258 
4898	43 
4899	197 
4900	53 
4901	298 
4902	82 
4903	277 
4904	93 
4905	75 
4906	293 
4907	291 
4908	255 
4909	18 
4910	254 
4911	327 
4912	277 
4913	332 
4914	233 
4915	166 
4916	7 
4917	275 
4918	237 
4919	283 
4920	244 
4921	169 
4922	267 
4923	319 
4924	120 
4925	227 
4926	291 
4927	91 
4928	258 
4929	39 
4930	267 
4931	333 
4932	289 
4933	218 
4934	242 
4935	303 
4936	104 
4937	319 
4938	252 
4939	204 
4940	109 
4941	282 
4942	173 
4943	132 
4944	137 
4945	158 
4946	230 
4947	207 
4948	174 
4949	220 
4950	336 
4951	82 
4952	54 
4953	331 
4954	341 
4955	8 
4956	242 
4957	33 
4958	74 
4959	321 
4960	303 
4961	37 
4962	327 
4963	34 
4964	43 
4965	336 
4966	336 
4967	252 
4968	249 
4969	245 
4970	185 
4971	242 
4972	73 
4973	60 
4974	265 
4975	109 
4976	340 
4977	293 
4978	238 
4979	265 
4980	8 
4981	336 
4982	300 
4983	109 
4984	230 
4985	173 
4986	107 
4987	334 
4988	10 
4989	129 
4990	138 
4991	130 
4992	170 
4993	78 
4994	239 
4995	278 
4996	33 
4997	16 
4998	199 
4999	163 
5000	217 
5001	235 
5002	237 
5003	1 
5004	205 
5005	334 
5006	24 
5007	29 
5008	223 
5009	34 
5010	246 
5011	212 
5012	334 
5013	303 
5014	48 
5015	198 
5016	100 
5017	339 
5018	126 
5019	24 
5020	290 
5021	202 
5022	314 
5023	157 
5024	194 
5025	275 
5026	120 
5027	131 
5028	239 
5029	64 
5030	48 
5031	97 
5032	340 
5033	279 
5034	294 
5035	3 
5036	277 
5037	232 
5038	8 
5039	230 
5040	256 
5041	268 
5042	65 
5043	147 
5044	91 
5045	223 
5046	227 
5047	185 
5048	133 
5049	92 
5050	302 
5051	124 
5052	163 
5053	303 
5054	97 
5055	153 
5056	118 
5057	111 
5058	157 
5059	2 
5060	166 
5061	27 
5062	8 
5063	193 
5064	211 
5065	25 
5066	225 
5067	10 
5068	315 
5069	82 
5070	235 
5071	253 
5072	46 
5073	332 
5074	283 
5075	38 
5076	31 
5077	158 
5078	75 
5079	66 
5080	197 
5081	295 
5082	85 
5083	26 
5084	302 
5085	78 
5086	10 
5087	116 
5088	339 
5089	225 
5090	265 
5091	193 
5092	172 
5093	64 
5094	79 
5095	291 
5096	57 
5097	265 
5098	13 
5099	260 
5100	292 
5101	5 
5102	186 
5103	265 
5104	282 
5105	286 
5106	64 
5107	256 
5108	175 
5109	172 
5110	185 
5111	56 
5112	227 
5113	187 
5114	160 
5115	311 
5116	93 
5117	77 
5118	104 
5119	303 
5120	105 
5121	50 
5122	90 
5123	64 
5124	286 
5125	251 
5126	95 
5127	69 
5128	332 
5129	300 
5130	165 
5131	345 
5132	65 
5133	132 
5134	166 
5135	185 
5136	138 
5137	166 
5138	205 
5139	64 
5140	135 
5141	136 
5142	185 
5143	181 
5144	101 
5145	172 
5146	109 
5147	320 
5148	257 
5149	307 
5150	319 
5151	228 
5152	240 
5153	255 
5154	337 
5155	39 
5156	78 
5157	186 
5158	78 
5159	92 
5160	230 
5161	294 
5162	1 
5163	282 
5164	172 
5165	95 
5166	165 
5167	320 
5168	105 
5169	266 
5170	249 
5171	112 
5172	346 
5173	248 
5174	331 
5175	223 
5176	256 
5177	333 
5178	230 
5179	167 
5180	25 
5181	268 
5182	339 
5183	34 
5184	135 
5185	204 
5186	122 
5187	30 
5188	89 
5189	263 
5190	274 
5191	167 
5192	236 
5193	332 
5194	333 
5195	61 
5196	228 
5197	299 
5198	83 
5199	306 
5200	135 
5201	226 
5202	90 
5203	216 
5204	75 
5205	327 
5206	12 
5207	335 
5208	301 
5209	42 
5210	296 
5211	202 
5212	239 
5213	25 
5214	289 
5215	124 
5216	58 
5217	207 
5218	30 
5219	180 
5220	21 
5221	75 
5222	304 
5223	233 
5224	1 
5225	33 
5226	116 
5227	208 
5228	269 
5229	61 
5230	181 
5231	175 
5232	316 
5233	170 
5234	228 
5235	324 
5236	160 
5237	225 
5238	142 
5239	22 
5240	169 
5241	5 
5242	208 
5243	31 
5244	203 
5245	286 
5246	207 
5247	197 
5248	54 
5249	311 
5250	234 
5251	223 
5252	112 
5253	216 
5254	69 
5255	133 
5256	44 
5257	12 
5258	14 
5259	186 
5260	171 
5261	105 
5262	207 
5263	61 
5264	157 
5265	274 
5266	144 
5267	302 
5268	279 
5269	2 
5270	7 
5271	92 
5272	90 
5273	39 
5274	77 
5275	254 
5276	36 
5277	31 
5278	131 
5279	322 
5280	258 
5281	300 
5282	217 
5283	13 
5284	110 
5285	5 
5286	294 
5287	75 
5288	26 
5289	294 
5290	108 
5291	39 
5292	1 
5293	42 
5294	291 
5295	107 
5296	11 
5297	124 
5298	222 
5299	91 
5300	216 
5301	57 
5302	156 
5303	181 
5304	134 
5305	207 
5306	202 
5307	155 
5308	180 
5309	166 
5310	45 
5311	18 
5312	170 
5313	105 
5314	257 
5315	311 
5316	85 
5317	334 
5318	110 
5319	112 
5320	289 
5321	129 
5322	266 
5323	291 
5324	261 
5325	61 
5326	7 
5327	180 
5328	235 
5329	205 
5330	155 
5331	22 
5332	99 
5333	187 
5334	291 
5335	69 
5336	306 
5337	181 
5338	123 
5339	171 
5340	5 
5341	219 
5342	65 
5343	197 
5344	295 
5345	327 
5346	71 
5347	167 
5348	75 
5349	119 
5350	5 
5351	66 
5352	275 
5353	249 
5354	240 
5355	266 
5356	30 
5357	193 
5358	211 
5359	158 
5360	64 
5361	5 
5362	281 
5363	30 
5364	202 
5365	216 
5366	254 
5367	327 
5368	165 
5369	18 
5370	265 
5371	234 
5372	31 
5373	173 
5374	172 
5375	16 
5376	201 
5377	109 
5378	283 
5379	181 
5380	226 
5381	255 
5382	160 
5383	208 
5384	109 
5385	323 
5386	28 
5387	174 
5388	346 
5389	181 
5390	238 
5391	183 
5392	136 
5393	204 
5394	173 
5395	310 
5396	334 
5397	228 
5398	185 
5399	77 
5400	256 
5401	245 
5402	130 
5403	273 
5404	294 
5405	66 
5406	173 
5407	253 
5408	243 
5409	240 
5410	152 
5411	104 
5412	204 
5413	197 
5414	316 
5415	31 
5416	111 
5417	298 
5418	156 
5419	202 
5420	187 
5421	245 
5422	25 
5423	282 
5424	145 
5425	301 
5426	255 
5427	198 
5428	9 
5429	5 
5430	82 
5431	2 
5432	324 
5433	210 
5434	140 
5435	258 
5436	103 
5437	172 
5438	87 
5439	273 
5440	30 
5441	100 
5442	265 
5443	205 
5444	305 
5445	225 
5446	252 
5447	89 
5448	220 
5449	303 
5450	19 
5451	124 
5452	172 
5453	26 
5454	158 
5455	220 
5456	28 
5457	173 
5458	334 
5459	124 
5460	145 
5461	14 
5462	302 
5463	26 
5464	65 
5465	289 
5466	235 
5467	327 
5468	16 
5469	147 
5470	44 
5471	89 
5472	27 
5473	107 
5474	224 
5475	154 
5476	99 
5477	136 
5478	329 
5479	145 
5480	157 
5481	250 
5482	87 
5483	245 
5484	334 
5485	39 
5486	286 
5487	34 
5488	11 
5489	318 
5490	18 
5491	236 
5492	51 
5493	42 
5494	265 
5495	133 
5496	279 
5497	188 
5498	33 
5499	132 
5500	315 
5501	238 
5502	186 
5503	274 
5504	34 
5505	236 
5506	33 
5507	202 
5508	318 
5509	211 
5510	129 
5511	160 
5512	216 
5513	36 
5514	282 
5515	232 
5516	71 
5517	273 
5518	55 
5519	28 
5520	6 
5521	244 
5522	265 
5523	315 
5524	169 
5525	170 
5526	305 
5527	10 
5528	51 
5529	289 
5530	160 
5531	116 
5532	18 
5533	224 
5534	203 
5535	2 
5536	223 
5537	142 
5538	119 
5539	320 
5540	119 
5541	6 
5542	282 
5543	283 
5544	264 
5545	346 
5546	230 
5547	87 
5548	282 
5549	310 
5550	142 
5551	235 
5552	268 
5553	138 
5554	174 
5555	290 
5556	137 
5557	175 
5558	115 
5559	251 
5560	181 
5561	135 
5562	172 
5563	110 
5564	18 
5565	64 
5566	244 
5567	193 
5568	211 
5569	160 
5570	35 
5571	11 
5572	291 
5573	334 
5574	273 
5575	126 
5576	209 
5577	207 
5578	236 
5579	211 
5580	167 
5581	57 
5582	323 
5583	220 
5584	157 
5585	7 
5586	195 
5587	234 
5588	273 
5589	42 
5590	147 
5591	254 
5592	44 
5593	169 
5594	1 
5595	87 
5596	303 
5597	39 
5598	303 
5599	49 
5600	228 
5601	203 
5602	319 
5603	87 
5604	57 
5605	269 
5606	87 
5607	171 
5608	53 
5609	231 
5610	122 
5611	232 
5612	126 
5613	131 
5614	203 
5615	8 
5616	85 
5617	314 
5618	145 
5619	286 
5620	19 
5621	251 
5622	107 
5623	252 
5624	79 
5625	292 
5626	201 
5627	318 
5628	256 
5629	16 
5630	318 
5631	19 
5632	110 
5633	237 
5634	2 
5635	202 
5636	18 
5637	160 
5638	250 
5639	306 
5640	50 
5641	341 
5642	217 
5643	237 
5644	334 
5645	199 
5646	193 
5647	283 
5648	120 
5649	243 
5650	71 
5651	84 
5652	202 
5653	234 
5654	49 
5655	28 
5656	273 
5657	55 
5658	251 
5659	294 
5660	334 
5661	35 
5662	107 
5663	37 
5664	281 
5665	33 
5666	155 
5667	314 
5668	18 
5669	60 
5670	342 
5671	173 
5672	170 
5673	316 
5674	56 
5675	22 
5676	331 
5677	107 
5678	188 
5679	255 
5680	50 
5681	146 
5682	223 
5683	204 
5684	224 
5685	345 
5686	84 
5687	18 
5688	25 
5689	119 
5690	36 
5691	268 
5692	316 
5693	202 
5694	112 
5695	100 
5696	110 
5697	78 
5698	27 
5699	90 
5700	13 
5701	205 
5702	311 
5703	13 
5704	211 
5705	104 
5706	300 
5707	289 
5708	92 
5709	152 
5710	185 
5711	343 
5712	331 
5713	275 
5714	289 
5715	228 
5716	295 
5717	62 
5718	163 
5719	327 
5720	111 
5721	266 
5722	294 
5723	140 
5724	185 
5725	220 
5726	331 
5727	172 
5728	16 
5729	136 
5730	165 
5731	131 
5732	225 
5733	73 
5734	329 
5735	273 
5736	105 
5737	22 
5738	232 
5739	343 
5740	172 
5741	110 
5742	71 
5743	22 
5744	236 
5745	173 
5746	274 
5747	140 
5748	222 
5749	60 
5750	87 
5751	8 
5752	265 
5753	89 
5754	108 
5755	31 
5756	240 
5757	234 
5758	253 
5759	35 
5760	273 
5761	119 
5762	253 
5763	273 
5764	155 
5765	237 
5766	65 
5767	42 
5768	201 
5769	314 
5770	172 
5771	335 
5772	240 
5773	95 
5774	5 
5775	236 
5776	327 
5777	53 
5778	265 
5779	102 
5780	32 
5781	95 
5782	153 
5783	169 
5784	343 
5785	18 
5786	243 
5787	256 
5788	211 
5789	103 
5790	16 
5791	181 
5792	131 
5793	70 
5794	245 
5795	26 
5796	51 
5797	146 
5798	314 
5799	50 
5800	105 
5801	133 
5802	217 
5803	172 
5804	45 
5805	244 
5806	296 
5807	252 
5808	254 
5809	185 
5810	199 
5811	337 
5812	58 
5813	294 
5814	1 
5815	3 
5816	346 
5817	197 
5818	306 
5819	45 
5820	251 
5821	332 
5822	204 
5823	298 
5824	182 
5825	254 
5826	42 
5827	268 
5828	203 
5829	332 
5830	10 
5831	283 
5832	205 
5833	231 
5834	210 
5835	329 
5836	246 
5837	208 
5838	87 
5839	89 
5840	283 
5841	252 
5842	327 
5843	8 
5844	132 
5845	257 
5846	227 
5847	100 
5848	12 
5849	197 
5850	216 
5851	227 
5852	273 
5853	311 
5854	157 
5855	227 
5856	43 
5857	100 
5858	235 
5859	181 
5860	146 
5861	172 
5862	22 
5863	204 
5864	57 
5865	35 
5866	182 
5867	173 
5868	28 
5869	316 
5870	78 
5871	319 
5872	95 
5873	201 
5874	255 
5875	173 
5876	301 
5877	56 
5878	41 
5879	11 
5880	131 
5881	292 
5882	303 
5883	342 
5884	12 
5885	310 
5886	64 
5887	210 
5888	29 
5889	3 
5890	284 
5891	65 
5892	34 
5893	316 
5894	29 
5895	232 
5896	172 
5897	346 
5898	152 
5899	65 
5900	19 
5901	27 
5902	244 
5903	244 
5904	132 
5905	170 
5906	171 
5907	324 
5908	227 
5909	249 
5910	235 
5911	336 
5912	95 
5913	204 
5914	26 
5915	23 
5916	3 
5917	219 
5918	123 
5919	126 
5920	173 
5921	5 
5922	298 
5923	107 
5924	124 
5925	202 
5926	129 
5927	50 
5928	60 
5929	172 
5930	208 
5931	82 
5932	337 
5933	314 
5934	267 
5935	331 
5936	22 
5937	251 
5938	274 
5939	39 
5940	314 
5941	243 
5942	71 
5943	102 
5944	230 
5945	289 
5946	100 
5947	12 
5948	110 
5949	306 
5950	35 
5951	244 
5952	140 
5953	223 
5954	311 
5955	299 
5956	69 
5957	310 
5958	137 
5959	173 
5960	57 
5961	295 
5962	8 
5963	188 
5964	6 
5965	316 
5966	48 
5967	202 
5968	110 
5969	203 
5970	255 
5971	16 
5972	316 
5973	198 
5974	256 
5975	324 
5976	335 
5977	32 
5978	294 
5979	154 
5980	305 
5981	174 
5982	187 
5983	89 
5984	58 
5985	13 
5986	265 
5987	301 
5988	319 
5989	282 
5990	172 
5991	50 
5992	250 
5993	58 
5994	10 
5995	198 
5996	126 
5997	314 
5998	103 
5999	203 
6000	171 
6001	296 
6002	291 
6003	64 
6004	212 
6005	277 
6006	135 
6007	57 
6008	193 
6009	130 
6010	154 
6011	12 
6012	65 
6013	187 
6014	31 
6015	267 
6016	293 
6017	296 
6018	245 
6019	231 
6020	199 
6021	240 
6022	11 
6023	186 
6024	186 
6025	207 
6026	95 
6027	254 
6028	203 
6029	157 
6030	243 
6031	28 
6032	77 
6033	156 
6034	97 
6035	132 
6036	332 
6037	66 
6038	283 
6039	139 
6040	12 
6041	252 
6042	274 
6043	292 
6044	57 
6045	139 
6046	331 
6047	18 
6048	331 
6049	83 
6050	147 
6051	111 
6052	84 
6053	16 
6054	58 
6055	239 
6056	250 
6057	181 
6058	73 
6059	253 
6060	107 
6061	16 
6062	234 
6063	246 
6064	193 
6065	289 
6066	216 
6067	230 
6068	186 
6069	12 
6070	258 
6071	340 
6072	123 
6073	54 
6074	186 
6075	244 
6076	250 
6077	303 
6078	274 
6079	31 
6080	201 
6081	243 
6082	230 
6083	187 
6084	220 
6085	78 
6086	291 
6087	216 
6088	22 
6089	246 
6090	324 
6091	66 
6092	28 
6093	250 
6094	318 
6095	93 
6096	142 
6097	211 
6098	205 
6099	219 
6100	70 
6101	228 
6102	231 
6103	195 
6104	256 
6105	173 
6106	197 
6107	193 
6108	254 
6109	147 
6110	133 
6111	251 
6112	258 
6113	53 
6114	250 
6115	208 
6116	102 
6117	199 
6118	319 
6119	318 
6120	311 
6121	11 
6122	339 
6123	77 
6124	318 
6125	19 
6126	198 
6127	101 
6128	188 
6129	87 
6130	223 
6131	195 
6132	291 
6133	83 
6134	62 
6135	251 
6136	291 
6137	38 
6138	223 
6139	65 
6140	78 
6141	283 
6142	322 
6143	23 
6144	27 
6145	203 
6146	90 
6147	177 
6148	303 
6149	84 
6150	296 
6151	66 
6152	157 
6153	291 
6154	19 
6155	39 
6156	179 
6157	185 
6158	275 
6159	319 
6160	78 
6161	36 
6162	29 
6163	89 
6164	85 
6165	343 
6166	298 
6167	41 
6168	283 
6169	332 
6170	274 
6171	159 
6172	52 
6173	324 
6174	283 
6175	92 
6176	3 
6177	158 
6178	183 
6179	104 
6180	336 
6181	74 
6182	256 
6183	73 
6184	170 
6185	64 
6186	265 
6187	57 
6188	301 
6189	6 
6190	95 
6191	311 
6192	342 
6193	341 
6194	203 
6195	175 
6196	65 
6197	25 
6198	110 
6199	163 
6200	220 
6201	314 
6202	8 
6203	279 
6204	91 
6205	122 
6206	89 
6207	71 
6208	137 
6209	224 
6210	224 
6211	251 
6212	32 
6213	335 
6214	126 
6215	332 
6216	341 
6217	252 
6218	284 
6219	256 
6220	283 
6221	232 
6222	27 
6223	303 
6224	10 
6225	240 
6226	119 
6227	36 
6228	100 
6229	232 
6230	248 
6231	235 
6232	147 
6233	39 
6234	329 
6235	105 
6236	8 
6237	331 
6238	95 
6239	180 
6240	90 
6241	135 
6242	274 
6243	182 
6244	105 
6245	195 
6246	46 
6247	22 
6248	314 
6249	57 
6250	341 
6251	300 
6252	58 
6253	212 
6254	164 
6255	180 
6256	131 
6257	222 
6258	36 
6259	295 
6260	240 
6261	110 
6262	91 
6263	147 
6264	10 
6265	126 
6266	273 
6267	58 
6268	95 
6269	160 
6270	39 
6271	255 
6272	185 
6273	303 
6274	37 
6275	275 
6276	205 
6277	232 
6278	321 
6279	177 
6280	216 
6281	104 
6282	38 
6283	66 
6284	227 
6285	50 
6286	71 
6287	220 
6288	134 
6289	256 
6290	110 
6291	119 
6292	100 
6293	39 
6294	64 
6295	109 
6296	258 
6297	27 
6298	318 
6299	341 
6300	89 
6301	240 
6302	85 
6303	165 
6304	207 
6305	265 
6306	36 
6307	198 
6308	337 
6309	314 
6310	197 
6311	197 
6312	254 
6313	199 
6314	204 
6315	216 
6316	94 
6317	322 
6318	217 
6319	70 
6320	89 
6321	253 
6322	30 
6323	244 
6324	58 
6325	66 
6326	165 
6327	82 
6328	193 
6329	243 
6330	57 
6331	160 
6332	131 
6333	332 
6334	119 
6335	85 
6336	130 
6337	186 
6338	75 
6339	124 
6340	256 
6341	320 
6342	34 
6343	138 
6344	156 
6345	238 
6346	268 
6347	105 
6348	220 
6349	269 
6350	84 
6351	169 
6352	274 
6353	8 
6354	222 
6355	78 
6356	137 
6357	321 
6358	57 
6359	314 
6360	64 
6361	8 
6362	155 
6363	108 
6364	172 
6365	339 
6366	23 
6367	50 
6368	29 
6369	64 
6370	212 
6371	203 
6372	142 
6373	152 
6374	52 
6375	251 
6376	319 
6377	130 
6378	291 
6379	203 
6380	82 
6381	343 
6382	193 
6383	154 
6384	16 
6385	104 
6386	319 
6387	198 
6388	199 
6389	103 
6390	122 
6391	179 
6392	87 
6393	25 
6394	310 
6395	92 
6396	31 
6397	120 
6398	301 
6399	338 
6400	87 
6401	172 
6402	156 
6403	218 
6404	199 
6405	78 
6406	62 
6407	66 
6408	320 
6409	160 
6410	294 
6411	327 
6412	301 
6413	198 
6414	343 
6415	165 
6416	339 
6417	198 
6418	291 
6419	334 
6420	185 
6421	158 
6422	311 
6423	34 
6424	273 
6425	331 
6426	263 
6427	227 
6428	34 
6429	57 
6430	327 
6431	147 
6432	75 
6433	61 
6434	102 
6435	78 
6436	300 
6437	279 
6438	122 
6439	343 
6440	249 
6441	57 
6442	244 
6443	27 
6444	234 
6445	29 
6446	37 
6447	183 
6448	336 
6449	225 
6450	199 
6451	160 
6452	124 
6453	145 
6454	92 
6455	45 
6456	279 
6457	277 
6458	233 
6459	91 
6460	66 
6461	66 
6462	164 
6463	57 
6464	346 
6465	112 
6466	64 
6467	320 
6468	198 
6469	105 
6470	101 
6471	272 
6472	49 
6473	315 
6474	227 
6475	181 
6476	299 
6477	205 
6478	16 
6479	295 
6480	29 
6481	57 
6482	282 
6483	123 
6484	246 
6485	58 
6486	208 
6487	273 
6488	14 
6489	314 
6490	251 
6491	322 
6492	292 
6493	61 
6494	245 
6495	48 
6496	289 
6497	258 
6498	226 
6499	66 
6500	331 
6501	277 
6502	10 
6503	281 
6504	2 
6505	187 
6506	58 
6507	172 
6508	45 
6509	252 
6510	92 
6511	49 
6512	291 
6513	205 
6514	11 
6515	97 
6516	97 
6517	173 
6518	109 
6519	5 
6520	82 
6521	124 
6522	248 
6523	172 
6524	197 
6525	210 
6526	157 
6527	146 
6528	197 
6529	273 
6530	174 
6531	186 
6532	286 
6533	119 
6534	204 
6535	318 
6536	249 
6537	37 
6538	45 
6539	118 
6540	134 
6541	337 
6542	273 
6543	286 
6544	275 
6545	212 
6546	158 
6547	274 
6548	159 
6549	46 
6550	341 
6551	91 
6552	268 
6553	94 
6554	125 
6555	84 
6556	160 
6557	61 
6558	34 
6559	179 
6560	203 
6561	311 
6562	10 
6563	97 
6564	185 
6565	298 
6566	97 
6567	234 
6568	208 
6569	85 
6570	181 
6571	110 
6572	318 
6573	172 
6574	179 
6575	165 
6576	343 
6577	204 
6578	239 
6579	283 
6580	169 
6581	203 
6582	235 
6583	232 
6584	277 
6585	70 
6586	110 
6587	152 
6588	225 
6589	169 
6590	153 
6591	210 
6592	22 
6593	293 
6594	164 
6595	58 
6596	2 
6597	188 
6598	138 
6599	316 
6600	207 
6601	250 
6602	101 
6603	272 
6604	226 
6605	209 
6606	188 
6607	244 
6608	160 
6609	65 
6610	336 
6611	336 
6612	102 
6613	320 
6614	5 
6615	223 
6616	320 
6617	160 
6618	131 
6619	53 
6620	122 
6621	65 
6622	103 
6623	289 
6624	12 
6625	110 
6626	275 
6627	154 
6628	152 
6629	230 
6630	183 
6631	31 
6632	84 
6633	289 
6634	295 
6635	274 
6636	36 
6637	123 
6638	83 
6639	65 
6640	34 
6641	179 
6642	142 
6643	217 
6644	65 
6645	104 
6646	124 
6647	236 
6648	216 
6649	124 
6650	303 
6651	77 
6652	1 
6653	160 
6654	103 
6655	79 
6656	233 
6657	223 
6658	42 
6659	167 
6660	186 
6661	46 
6662	83 
6663	332 
6664	282 
6665	199 
6666	203 
6667	152 
6668	159 
6669	34 
6670	93 
6671	34 
6672	50 
6673	292 
6674	225 
6675	181 
6676	56 
6677	181 
6678	294 
6679	172 
6680	31 
6681	49 
6682	77 
6683	316 
6684	16 
6685	306 
6686	152 
6687	243 
6688	124 
6689	346 
6690	31 
6691	87 
6692	235 
6693	188 
6694	269 
6695	261 
6696	23 
6697	30 
6698	31 
6699	62 
6700	50 
6701	85 
6702	336 
6703	78 
6704	32 
6705	220 
6706	172 
6707	78 
6708	282 
6709	244 
6710	66 
6711	158 
6712	296 
6713	175 
6714	321 
6715	187 
6716	186 
6717	172 
6718	104 
6719	299 
6720	8 
6721	220 
6722	110 
6723	74 
6724	198 
6725	334 
6726	140 
6727	193 
6728	131 
6729	38 
6730	5 
6731	154 
6732	57 
6733	131 
6734	157 
6735	320 
6736	120 
6737	61 
6738	156 
6739	124 
6740	197 
6741	54 
6742	198 
6743	186 
6744	36 
6745	173 
6746	8 
6747	65 
6748	286 
6749	109 
6750	38 
6751	253 
6752	77 
6753	181 
6754	78 
6755	277 
6756	233 
6757	31 
6758	39 
6759	236 
6760	258 
6761	185 
6762	199 
6763	37 
6764	30 
6765	341 
6766	45 
6767	165 
6768	320 
6769	216 
6770	323 
6771	49 
6772	147 
6773	25 
6774	185 
6775	32 
6776	235 
6777	327 
6778	289 
6779	298 
6780	197 
6781	100 
6782	152 
6783	232 
6784	258 
6785	118 
6786	34 
6787	345 
6788	169 
6789	31 
6790	303 
6791	318 
6792	22 
6793	289 
6794	33 
6795	199 
6796	5 
6797	203 
6798	147 
6799	240 
6800	327 
6801	2 
6802	230 
6803	22 
6804	30 
6805	115 
6806	66 
6807	140 
6808	269 
6809	183 
6810	269 
6811	160 
6812	172 
6813	93 
6814	41 
6815	65 
6816	220 
6817	14 
6818	49 
6819	252 
6820	204 
6821	43 
6822	320 
6823	146 
6824	279 
6825	303 
6826	225 
6827	79 
6828	258 
6829	227 
6830	8 
6831	169 
6832	314 
6833	173 
6834	49 
6835	108 
6836	275 
6837	223 
6838	307 
6839	57 
6840	302 
6841	218 
6842	104 
6843	217 
6844	28 
6845	341 
6846	222 
6847	293 
6848	277 
6849	30 
6850	160 
6851	265 
6852	104 
6853	35 
6854	160 
6855	87 
6856	29 
6857	265 
6858	107 
6859	207 
6860	61 
6861	45 
6862	216 
6863	28 
6864	329 
6865	185 
6866	227 
6867	255 
6868	126 
6869	246 
6870	66 
6871	1 
6872	12 
6873	244 
6874	338 
6875	78 
6876	12 
6877	131 
6878	298 
6879	110 
6880	265 
6881	292 
6882	160 
6883	125 
6884	283 
6885	273 
6886	31 
6887	125 
6888	92 
6889	311 
6890	93 
6891	49 
6892	263 
6893	252 
6894	329 
6895	198 
6896	244 
6897	60 
6898	250 
6899	146 
6900	85 
6901	123 
6902	152 
6903	65 
6904	223 
6905	220 
6906	84 
6907	16 
6908	265 
6909	303 
6910	265 
6911	225 
6912	337 
6913	303 
6914	253 
6915	232 
6916	291 
6917	97 
6918	169 
6919	160 
6920	22 
6921	327 
6922	29 
6923	165 
6924	119 
6925	165 
6926	175 
6927	267 
6928	57 
6929	220 
6930	103 
6931	283 
6932	165 
6933	158 
6934	147 
6935	255 
6936	199 
6937	77 
6938	250 
6939	97 
6940	64 
6941	95 
6942	245 
6943	18 
6944	71 
6945	186 
6946	87 
6947	90 
6948	324 
6949	2 
6950	53 
6951	226 
6952	37 
6953	11 
6954	174 
6955	70 
6956	208 
6957	282 
6958	123 
6959	157 
6960	102 
6961	12 
6962	77 
6963	323 
6964	197 
6965	294 
6966	109 
6967	10 
6968	5 
6969	335 
6970	57 
6971	134 
6972	85 
6973	250 
6974	11 
6975	336 
6976	223 
6977	66 
6978	203 
6979	135 
6980	185 
6981	204 
6982	323 
6983	170 
6984	315 
6985	66 
6986	18 
6987	181 
6988	66 
6989	95 
6990	341 
6991	228 
6992	155 
6993	165 
6994	71 
6995	322 
6996	331 
6997	311 
6998	252 
6999	104 
7000	54 
7001	103 
7002	336 
7003	8 
7004	273 
7005	246 
7006	281 
7007	250 
7008	49 
7009	207 
7010	303 
7011	112 
7012	181 
7013	65 
7014	203 
7015	272 
7016	316 
7017	235 
7018	188 
7019	41 
7020	104 
7021	204 
7022	263 
7023	29 
7024	133 
7025	256 
7026	18 
7027	305 
7028	36 
7029	10 
7030	301 
7031	71 
7032	291 
7033	165 
7034	156 
7035	28 
7036	282 
7037	216 
7038	16 
7039	18 
7040	319 
7041	169 
7042	283 
7043	172 
7044	16 
7045	14 
7046	195 
7047	252 
7048	29 
7049	216 
7050	60 
7051	201 
7052	249 
7053	41 
7054	75 
7055	16 
7056	100 
7057	302 
7058	39 
7059	267 
7060	79 
7061	103 
7062	75 
7063	332 
7064	36 
7065	34 
7066	220 
7067	53 
7068	268 
7069	225 
7070	131 
7071	340 
7072	66 
7073	109 
7074	50 
7075	257 
7076	5 
7077	142 
7078	216 
7079	179 
7080	136 
7081	341 
7082	180 
7083	61 
7084	323 
7085	311 
7086	70 
7087	282 
7088	82 
7089	319 
7090	314 
7091	123 
7092	61 
7093	109 
7094	321 
7095	165 
7096	107 
7097	160 
7098	197 
7099	232 
7100	152 
7101	327 
7102	10 
7103	181 
7104	75 
7105	205 
7106	227 
7107	212 
7108	296 
7109	57 
7110	336 
7111	207 
7112	83 
7113	205 
7114	160 
7115	49 
7116	299 
7117	187 
7118	95 
7119	272 
7120	119 
7121	342 
7122	22 
7123	340 
7124	318 
7125	74 
7126	85 
7127	182 
7128	332 
7129	335 
7130	84 
7131	293 
7132	201 
7133	119 
7134	336 
7135	119 
7136	12 
7137	203 
7138	61 
7139	61 
7140	263 
7141	79 
7142	240 
7143	30 
7144	84 
7145	202 
7146	201 
7147	193 
7148	74 
7149	199 
7150	35 
7151	207 
7152	254 
7153	227 
7154	94 
7155	97 
7156	25 
7157	235 
7158	104 
7159	342 
7160	142 
7161	156 
7162	174 
7163	318 
7164	14 
7165	257 
7166	274 
7167	1 
7168	320 
7169	169 
7170	346 
7171	226 
7172	234 
7173	92 
7174	299 
7175	314 
7176	327 
7177	103 
7178	78 
7179	65 
7180	239 
7181	41 
7182	252 
7183	193 
7184	95 
7185	303 
7186	119 
7187	185 
7188	5 
7189	124 
7190	172 
7191	197 
7192	58 
7193	159 
7194	234 
7195	272 
7196	187 
7197	228 
7198	118 
7199	8 
7200	273 
7201	91 
7202	75 
7203	283 
7204	293 
7205	101 
7206	283 
7207	289 
7208	332 
7209	50 
7210	188 
7211	305 
7212	134 
7213	22 
7214	8 
7215	173 
7216	28 
7217	170 
7218	253 
7219	3 
7220	142 
7221	331 
7222	153 
7223	54 
7224	137 
7225	237 
7226	204 
7227	95 
7228	154 
7229	18 
7230	251 
7231	135 
7232	66 
7233	232 
7234	198 
7235	156 
7236	36 
7237	265 
7238	232 
7239	257 
7240	120 
7241	152 
7242	115 
7243	164 
7244	35 
7245	227 
7246	157 
7247	220 
7248	228 
7249	316 
7250	339 
7251	110 
7252	172 
7253	210 
7254	147 
7255	124 
7256	250 
7257	31 
7258	109 
7259	319 
7260	158 
7261	159 
7262	84 
7263	56 
7264	239 
7265	155 
7266	125 
7267	31 
7268	332 
7269	340 
7270	16 
7271	75 
7272	318 
7273	172 
7274	327 
7275	294 
7276	110 
7277	254 
7278	35 
7279	258 
7280	115 
7281	37 
7282	147 
7283	64 
7284	199 
7285	131 
7286	256 
7287	187 
7288	217 
7289	29 
7290	202 
7291	138 
7292	122 
7293	198 
7294	334 
7295	29 
7296	341 
7297	105 
7298	75 
7299	152 
7300	331 
7301	315 
7302	197 
7303	29 
7304	203 
7305	16 
7306	105 
7307	2 
7308	339 
7309	343 
7310	331 
7311	335 
7312	205 
7313	345 
7314	296 
7315	334 
7316	169 
7317	153 
7318	341 
7319	170 
7320	345 
7321	220 
7322	94 
7323	170 
7324	193 
7325	279 
7326	234 
7327	28 
7328	31 
7329	318 
7330	42 
7331	36 
7332	202 
7333	5 
7334	152 
7335	1 
7336	75 
7337	343 
7338	244 
7339	223 
7340	50 
7341	208 
7342	36 
7343	225 
7344	181 
7345	35 
7346	263 
7347	181 
7348	134 
7349	100 
7350	341 
7351	256 
7352	274 
7353	105 
7354	180 
7355	315 
7356	97 
7357	65 
7358	327 
7359	66 
7360	204 
7361	119 
7362	316 
7363	275 
7364	147 
7365	85 
7366	311 
7367	217 
7368	207 
7369	36 
7370	62 
7371	74 
7372	1 
7373	255 
7374	298 
7375	11 
7376	104 
7377	235 
7378	331 
7379	125 
7380	303 
7381	137 
7382	232 
7383	346 
7384	212 
7385	246 
7386	146 
7387	315 
7388	339 
7389	208 
7390	157 
7391	155 
7392	110 
7393	343 
7394	208 
7395	69 
7396	97 
7397	79 
7398	87 
7399	223 
7400	125 
7401	171 
7402	267 
7403	64 
7404	29 
7405	66 
7406	87 
7407	105 
7408	108 
7409	12 
7410	36 
7411	204 
7412	216 
7413	301 
7414	158 
7415	318 
7416	321 
7417	204 
7418	103 
7419	37 
7420	254 
7421	244 
7422	291 
7423	245 
7424	298 
7425	125 
7426	69 
7427	10 
7428	158 
7429	291 
7430	273 
7431	46 
7432	165 
7433	236 
7434	311 
7435	115 
7436	157 
7437	181 
7438	314 
7439	1 
7440	120 
7441	3 
7442	327 
7443	298 
7444	82 
7445	152 
7446	282 
7447	170 
7448	327 
7449	153 
7450	282 
7451	131 
7452	1 
7453	294 
7454	216 
7455	336 
7456	342 
7457	58 
7458	172 
7459	22 
7460	320 
7461	298 
7462	78 
7463	202 
7464	101 
7465	321 
7466	29 
7467	324 
7468	269 
7469	78 
7470	277 
7471	35 
7472	187 
7473	174 
7474	183 
7475	25 
7476	217 
7477	283 
7478	336 
7479	18 
7480	75 
7481	29 
7482	173 
7483	303 
7484	338 
7485	212 
7486	70 
7487	346 
7488	157 
7489	181 
7490	39 
7491	181 
7492	109 
7493	181 
7494	306 
7495	216 
7496	235 
7497	105 
7498	131 
7499	11 
7500	185 
7501	83 
7502	1 
7503	249 
7504	158 
7505	232 
7506	172 
7507	172 
7508	7 
7509	78 
7510	180 
7511	342 
7512	249 
7513	257 
7514	64 
7515	25 
7516	186 
7517	1 
7518	294 
7519	316 
7520	122 
7521	82 
7522	34 
7523	185 
7524	183 
7525	172 
7526	28 
7527	320 
7528	220 
7529	179 
7530	1 
7531	293 
7532	314 
7533	61 
7534	78 
7535	199 
7536	133 
7537	3 
7538	336 
7539	246 
7540	173 
7541	77 
7542	311 
7543	107 
7544	79 
7545	39 
7546	66 
7547	301 
7548	324 
7549	89 
7550	222 
7551	212 
7552	39 
7553	12 
7554	3 
7555	83 
7556	252 
7557	34 
7558	332 
7559	131 
7560	2 
7561	8 
7562	320 
7563	19 
7564	100 
7565	175 
7566	243 
7567	58 
7568	39 
7569	283 
7570	115 
7571	160 
7572	65 
7573	119 
7574	27 
7575	301 
7576	301 
7577	199 
7578	294 
7579	152 
7580	240 
7581	31 
7582	208 
7583	137 
7584	12 
7585	41 
7586	294 
7587	202 
7588	1 
7589	152 
7590	142 
7591	92 
7592	207 
7593	234 
7594	87 
7595	249 
7596	1 
7597	120 
7598	77 
7599	134 
7600	107 
7601	216 
7602	315 
7603	49 
7604	292 
7605	16 
7606	225 
7607	109 
7608	87 
7609	338 
7610	101 
7611	333 
7612	110 
7613	250 
7614	118 
7615	110 
7616	208 
7617	82 
7618	314 
7619	84 
7620	301 
7621	298 
7622	252 
7623	226 
7624	233 
7625	216 
7626	220 
7627	202 
7628	207 
7629	331 
7630	152 
7631	119 
7632	258 
7633	323 
7634	228 
7635	202 
7636	345 
7637	217 
7638	327 
7639	232 
7640	315 
7641	104 
7642	207 
7643	269 
7644	87 
7645	240 
7646	100 
7647	243 
7648	115 
7649	273 
7650	89 
7651	334 
7652	100 
7653	185 
7654	275 
7655	232 
7656	10 
7657	104 
7658	342 
7659	234 
7660	60 
7661	216 
7662	10 
7663	154 
7664	207 
7665	217 
7666	193 
7667	19 
7668	142 
7669	70 
7670	85 
7671	315 
7672	1 
7673	3 
7674	240 
7675	35 
7676	8 
7677	107 
7678	234 
7679	334 
7680	35 
7681	101 
7682	49 
7683	320 
7684	3 
7685	228 
7686	104 
7687	94 
7688	180 
7689	105 
7690	223 
7691	212 
7692	174 
7693	256 
7694	283 
7695	273 
7696	42 
7697	277 
7698	250 
7699	250 
7700	296 
7701	124 
7702	226 
7703	179 
7704	160 
7705	311 
7706	291 
7707	199 
7708	71 
7709	158 
7710	294 
7711	54 
7712	131 
7713	90 
7714	252 
7715	35 
7716	314 
7717	43 
7718	104 
7719	256 
7720	49 
7721	69 
7722	203 
7723	10 
7724	222 
7725	283 
7726	294 
7727	323 
7728	186 
7729	220 
7730	302 
7731	257 
7732	230 
7733	257 
7734	66 
7735	25 
7736	228 
7737	291 
7738	324 
7739	291 
7740	185 
7741	186 
7742	175 
7743	179 
7744	137 
7745	336 
7746	265 
7747	252 
7748	7 
7749	339 
7750	237 
7751	110 
7752	291 
7753	311 
7754	119 
7755	204 
7756	255 
7757	294 
7758	240 
7759	208 
7760	179 
7761	107 
7762	265 
7763	228 
7764	39 
7765	95 
7766	50 
7767	319 
7768	36 
7769	131 
7770	87 
7771	87 
7772	156 
7773	75 
7774	186 
7775	109 
7776	274 
7777	87 
7778	199 
7779	331 
7780	335 
7781	226 
7782	197 
7783	208 
7784	249 
7785	217 
7786	110 
7787	230 
7788	39 
7789	7 
7790	133 
7791	71 
7792	187 
7793	252 
7794	123 
7795	10 
7796	42 
7797	250 
7798	318 
7799	193 
7800	119 
7801	89 
7802	277 
7803	236 
7804	173 
7805	110 
7806	142 
7807	346 
7808	60 
7809	282 
7810	45 
7811	3 
7812	256 
7813	131 
7814	314 
7815	115 
7816	311 
7817	306 
7818	197 
7819	335 
7820	164 
7821	305 
7822	43 
7823	252 
7824	39 
7825	138 
7826	210 
7827	105 
7828	267 
7829	75 
7830	235 
7831	202 
7832	273 
7833	318 
7834	292 
7835	164 
7836	41 
7837	316 
7838	28 
7839	254 
7840	85 
7841	169 
7842	244 
7843	95 
7844	203 
7845	329 
7846	275 
7847	265 
7848	343 
7849	205 
7850	255 
7851	286 
7852	66 
7853	273 
7854	108 
7855	49 
7856	318 
7857	240 
7858	35 
7859	343 
7860	311 
7861	291 
7862	118 
7863	70 
7864	234 
7865	269 
7866	95 
7867	319 
7868	83 
7869	157 
7870	187 
7871	240 
7872	263 
7873	126 
7874	302 
7875	103 
7876	225 
7877	274 
7878	185 
7879	16 
7880	329 
7881	152 
7882	87 
7883	256 
7884	25 
7885	122 
7886	124 
7887	66 
7888	18 
7889	228 
7890	92 
7891	124 
7892	327 
7893	274 
7894	85 
7895	94 
7896	78 
7897	235 
7898	275 
7899	119 
7900	135 
7901	187 
7902	115 
7903	230 
7904	29 
7905	275 
7906	36 
7907	334 
7908	108 
7909	186 
7910	294 
7911	186 
7912	185 
7913	95 
7914	226 
7915	205 
7916	331 
7917	233 
7918	18 
7919	56 
7920	256 
7921	240 
7922	277 
7923	277 
7924	138 
7925	225 
7926	89 
7927	339 
7928	152 
7929	212 
7930	226 
7931	137 
7932	203 
7933	2 
7934	216 
7935	122 
7936	207 
7937	193 
7938	203 
7939	87 
7940	303 
7941	66 
7942	35 
7943	311 
7944	277 
7945	35 
7946	343 
7947	244 
7948	87 
7949	107 
7950	208 
7951	147 
7952	108 
7953	179 
7954	334 
7955	302 
7956	1 
7957	216 
7958	35 
7959	258 
7960	324 
7961	124 
7962	100 
7963	286 
7964	338 
7965	104 
7966	273 
7967	243 
7968	10 
7969	109 
7970	124 
7971	220 
7972	244 
7973	232 
7974	120 
7975	243 
7976	323 
7977	235 
7978	216 
7979	334 
7980	115 
7981	277 
7982	95 
7983	16 
7984	172 
7985	79 
7986	103 
7987	205 
7988	257 
7989	197 
7990	249 
7991	336 
7992	34 
7993	89 
7994	291 
7995	41 
7996	41 
7997	236 
7998	92 
7999	188 
8000	8 
8001	42 
8002	319 
8003	302 
8004	186 
8005	31 
8006	197 
8007	35 
8008	83 
8009	124 
8010	100 
8011	217 
8012	320 
8013	165 
8014	157 
8015	332 
8016	220 
8017	69 
8018	8 
8019	250 
8020	199 
8021	35 
8022	240 
8023	61 
8024	185 
8025	323 
8026	315 
8027	165 
8028	244 
8029	305 
8030	243 
8031	147 
8032	56 
8033	210 
8034	94 
8035	296 
8036	8 
8037	41 
8038	50 
8039	207 
8040	10 
8041	223 
8042	291 
8043	311 
8044	95 
8045	42 
8046	305 
8047	230 
8048	131 
8049	249 
8050	220 
8051	104 
8052	18 
8053	210 
8054	306 
8055	246 
8056	181 
8057	64 
8058	338 
8059	258 
8060	65 
8061	228 
8062	286 
8063	234 
8064	335 
8065	283 
8066	28 
8067	277 
8068	95 
8069	220 
8070	54 
8071	123 
8072	311 
8073	8 
8074	97 
8075	173 
8076	95 
8077	108 
8078	283 
8079	274 
8080	75 
8081	202 
8082	185 
8083	125 
8084	199 
8085	91 
8086	35 
8087	75 
8088	94 
8089	234 
8090	169 
8091	107 
8092	289 
8093	230 
8094	104 
8095	10 
8096	193 
8097	211 
8098	226 
8099	58 
8100	212 
8101	134 
8102	95 
8103	204 
8104	165 
8105	286 
8106	277 
8107	283 
8108	69 
8109	42 
8110	339 
8111	34 
8112	332 
8113	210 
8114	223 
8115	101 
8116	97 
8117	251 
8118	50 
8119	89 
8120	77 
8121	311 
8122	12 
8123	64 
8124	173 
8125	220 
8126	230 
8127	187 
8128	137 
8129	235 
8130	22 
8131	275 
8132	323 
8133	244 
8134	18 
8135	236 
8136	157 
8137	193 
8138	208 
8139	160 
8140	152 
8141	305 
8142	220 
8143	91 
8144	100 
8145	257 
8146	41 
8147	56 
8148	236 
8149	172 
8150	7 
8151	172 
8152	175 
8153	265 
8154	64 
8155	327 
8156	298 
8157	142 
8158	277 
8159	77 
8160	12 
8161	36 
8162	343 
8163	223 
8164	101 
8165	25 
8166	316 
8167	289 
8168	35 
8169	158 
8170	165 
8171	105 
8172	175 
8173	277 
8174	338 
8175	185 
8176	31 
8177	315 
8178	274 
8179	319 
8180	18 
8181	311 
8182	26 
8183	54 
8184	306 
8185	109 
8186	294 
8187	91 
8188	109 
8189	208 
8190	199 
8191	208 
8192	41 
8193	311 
8194	118 
8195	66 
8196	318 
8197	10 
8198	22 
8199	255 
8200	12 
8201	7 
8202	302 
8203	165 
8204	298 
8205	12 
8206	18 
8207	314 
8208	126 
8209	12 
8210	159 
8211	126 
8212	79 
8213	245 
8214	208 
8215	103 
8216	142 
8217	334 
8218	22 
8219	77 
8220	204 
8221	82 
8222	78 
8223	203 
8224	58 
8225	235 
8226	137 
8227	8 
8228	18 
8229	71 
8230	274 
8231	181 
8232	315 
8233	159 
8234	29 
8235	25 
8236	329 
8237	329 
8238	298 
8239	110 
8240	101 
8241	50 
8242	269 
8243	227 
8244	165 
8245	334 
8246	50 
8247	131 
8248	61 
8249	35 
8250	203 
8251	175 
8252	42 
8253	235 
8254	337 
8255	100 
8256	226 
8257	85 
8258	173 
8259	83 
8260	8 
8261	105 
8262	165 
8263	42 
8264	254 
8265	225 
8266	36 
8267	336 
8268	97 
8269	97 
8270	70 
8271	320 
8272	220 
8273	256 
8274	234 
8275	83 
8276	70 
8277	179 
8278	45 
8279	125 
8280	28 
8281	202 
8282	267 
8283	14 
8284	216 
8285	91 
8286	39 
8287	334 
8288	169 
8289	174 
8290	336 
8291	289 
8292	83 
8293	301 
8294	107 
8295	204 
8296	187 
8297	226 
8298	160 
8299	94 
8300	28 
8301	227 
8302	97 
8303	256 
8304	165 
8305	89 
8306	273 
8307	302 
8308	210 
8309	82 
8310	92 
8311	2 
8312	193 
8313	274 
8314	30 
8315	180 
8316	95 
8317	293 
8318	14 
8319	124 
8320	331 
8321	235 
8322	267 
8323	346 
8324	105 
8325	36 
8326	283 
8327	28 
8328	243 
8329	331 
8330	208 
8331	83 
8332	197 
8333	115 
8334	85 
8335	197 
8336	283 
8337	343 
8338	92 
8339	12 
8340	165 
8341	291 
8342	230 
8343	318 
8344	324 
8345	64 
8346	154 
8347	3 
8348	75 
8349	165 
8350	275 
8351	318 
8352	207 
8353	79 
8354	183 
8355	42 
8356	273 
8357	320 
8358	283 
8359	346 
8360	324 
8361	78 
8362	8 
8363	185 
8364	232 
8365	3 
8366	181 
8367	197 
8368	61 
8369	227 
8370	334 
8371	37 
8372	8 
8373	286 
8374	175 
8375	341 
8376	236 
8377	243 
8378	35 
8379	216 
8380	157 
8381	318 
8382	30 
8383	64 
8384	311 
8385	91 
8386	79 
8387	265 
8388	197 
8389	42 
8390	64 
8391	230 
8392	216 
8393	160 
8394	254 
8395	157 
8396	305 
8397	332 
8398	157 
8399	159 
8400	320 
8401	158 
8402	12 
8403	172 
8404	66 
8405	18 
8406	223 
8407	332 
8408	197 
8409	160 
8410	16 
8411	174 
8412	36 
8413	199 
8414	203 
8415	332 
8416	42 
8417	2 
8418	199 
8419	16 
8420	332 
8421	87 
8422	258 
8423	25 
8424	220 
8425	77 
8426	8 
8427	185 
8428	202 
8429	157 
8430	101 
8431	332 
8432	314 
8433	137 
8434	298 
8435	277 
8436	157 
8437	181 
8438	131 
8439	231 
8440	105 
8441	216 
8442	95 
8443	332 
8444	87 
8445	104 
8446	85 
8447	327 
8448	298 
8449	135 
8450	203 
8451	107 
8452	34 
8453	1 
8454	64 
8455	165 
8456	118 
8457	2 
8458	41 
8459	173 
8460	50 
8461	29 
8462	208 
8463	85 
8464	1 
8465	187 
8466	64 
8467	175 
8468	252 
8469	186 
8470	202 
8471	336 
8472	123 
8473	83 
8474	119 
8475	142 
8476	234 
8477	3 
8478	85 
8479	57 
8480	124 
8481	252 
8482	227 
8483	269 
8484	169 
8485	207 
8486	25 
8487	314 
8488	250 
8489	346 
8490	34 
8491	39 
8492	157 
8493	71 
8494	36 
8495	41 
8496	39 
8497	188 
8498	50 
8499	70 
8500	286 
8501	244 
8502	231 
8503	255 
8504	19 
8505	258 
8506	58 
8507	256 
8508	235 
8509	314 
8510	50 
8511	124 
8512	157 
8513	303 
8514	42 
8515	8 
8516	14 
8517	327 
8518	36 
8519	119 
8520	77 
8521	35 
8522	172 
8523	118 
8524	75 
8525	277 
8526	115 
8527	118 
8528	274 
8529	231 
8530	207 
8531	169 
8532	94 
8533	165 
8534	37 
8535	188 
8536	89 
8537	16 
8538	28 
8539	282 
8540	223 
8541	8 
8542	105 
8543	207 
8544	12 
8545	35 
8546	16 
8547	124 
8548	343 
8549	302 
8550	157 
8551	274 
8552	336 
8553	75 
8554	58 
8555	327 
8556	243 
8557	232 
8558	225 
8559	109 
8560	28 
8561	105 
8562	188 
8563	207 
8564	175 
8565	49 
8566	43 
8567	322 
8568	265 
8569	318 
8570	92 
8571	49 
8572	193 
8573	216 
8574	252 
8575	298 
8576	57 
8577	160 
8578	10 
8579	174 
8580	180 
8581	14 
8582	301 
8583	322 
8584	22 
8585	212 
8586	124 
8587	198 
8588	235 
8589	327 
8590	31 
8591	154 
8592	172 
8593	173 
8594	208 
8595	97 
8596	34 
8597	29 
8598	294 
8599	320 
8600	203 
8601	197 
8602	65 
8603	273 
8604	37 
8605	199 
8606	208 
8607	327 
8608	199 
8609	107 
8610	303 
8611	124 
8612	18 
8613	244 
8614	255 
8615	283 
8616	199 
8617	249 
8618	105 
8619	83 
8620	109 
8621	14 
8622	109 
8623	273 
8624	181 
8625	126 
8626	71 
8627	103 
8628	87 
8629	318 
8630	70 
8631	89 
8632	19 
8633	336 
8634	8 
8635	336 
8636	57 
8637	31 
8638	66 
8639	243 
8640	64 
8641	210 
8642	70 
8643	118 
8644	147 
8645	157 
8646	235 
8647	193 
8648	152 
8649	316 
8650	159 
8651	212 
8652	39 
8653	230 
8654	42 
8655	275 
8656	343 
8657	174 
8658	210 
8659	78 
8660	92 
8661	220 
8662	71 
8663	223 
8664	110 
8665	147 
8666	157 
8667	109 
8668	314 
8669	303 
8670	18 
8671	65 
8672	267 
8673	165 
8674	95 
8675	78 
8676	254 
8677	172 
8678	252 
8679	232 
8680	243 
8681	78 
8682	160 
8683	45 
8684	314 
8685	323 
8686	223 
8687	135 
8688	267 
8689	274 
8690	159 
8691	204 
8692	110 
8693	104 
8694	100 
8695	232 
8696	41 
8697	85 
8698	282 
8699	100 
8700	22 
8701	298 
8702	243 
8703	210 
8704	57 
8705	95 
8706	97 
8707	126 
8708	226 
8709	10 
8710	122 
8711	35 
8712	154 
8713	294 
8714	22 
8715	16 
8716	104 
8717	29 
8718	125 
8719	187 
8720	240 
8721	252 
8722	341 
8723	331 
8724	319 
8725	75 
8726	103 
8727	301 
8728	103 
8729	246 
8730	289 
8731	240 
8732	329 
8733	107 
8734	43 
8735	12 
8736	187 
8737	95 
8738	157 
8739	257 
8740	210 
8741	283 
8742	294 
8743	231 
8744	64 
8745	257 
8746	231 
8747	329 
8748	157 
8749	315 
8750	22 
8751	50 
8752	274 
8753	289 
8754	7 
8755	303 
8756	57 
8757	294 
8758	126 
8759	336 
8760	232 
8761	256 
8762	18 
8763	95 
8764	186 
8765	49 
8766	110 
8767	303 
8768	18 
8769	291 
8770	95 
8771	103 
8772	7 
8773	75 
8774	210 
8775	109 
8776	61 
8777	160 
8778	246 
8779	75 
8780	118 
8781	220 
8782	303 
8783	71 
8784	232 
8785	246 
8786	61 
8787	225 
8788	159 
8789	107 
8790	212 
8791	147 
8792	41 
8793	42 
8794	87 
8795	36 
8796	61 
8797	188 
8798	283 
8799	131 
8800	291 
8801	231 
8802	131 
8803	160 
8804	109 
8805	314 
8806	43 
8807	314 
8808	240 
8809	75 
8810	181 
8811	226 
8812	336 
8813	104 
8814	29 
8815	36 
8816	22 
8817	10 
8818	78 
8819	122 
8820	231 
8821	228 
8822	327 
8823	78 
8824	205 
8825	34 
8826	89 
8827	341 
8828	77 
8829	110 
8830	207 
8831	282 
8832	110 
8833	286 
8834	225 
8835	49 
8836	152 
8837	265 
8838	343 
8839	185 
8840	42 
8841	147 
8842	41 
8843	107 
8844	71 
8845	318 
8846	36 
8847	246 
8848	107 
8849	30 
8850	65 
8851	207 
8852	173 
8853	87 
8854	147 
8855	57 
8856	207 
8857	185 
8858	226 
8859	331 
8860	236 
8861	122 
8862	202 
8863	315 
8864	314 
8865	97 
8866	212 
8867	157 
8868	250 
8869	180 
8870	294 
8871	275 
8872	165 
8873	95 
8874	95 
8875	30 
8876	109 
8877	283 
8878	331 
8879	87 
8880	29 
8881	124 
8882	274 
8883	154 
8884	331 
8885	231 
8886	173 
8887	256 
8888	275 
8889	332 
8890	7 
8891	64 
8892	320 
8893	181 
8894	49 
8895	10 
8896	142 
8897	147 
8898	30 
8899	2 
8900	174 
8901	92 
8902	103 
8903	298 
8904	267 
8905	37 
8906	49 
8907	235 
8908	207 
8909	301 
8910	301 
8911	311 
8912	226 
8913	26 
8914	71 
8915	246 
8916	289 
8917	193 
8918	223 
8919	110 
8920	165 
8921	158 
8922	125 
8923	236 
8924	78 
8925	165 
8926	174 
8927	175 
8928	186 
8929	341 
8930	152 
8931	173 
8932	275 
8933	39 
8934	228 
8935	107 
8936	316 
8937	193 
8938	5 
8939	77 
8940	277 
8941	329 
8942	2 
8943	10 
8944	147 
8945	188 
8946	29 
8947	294 
8948	94 
8949	324 
8950	157 
8951	265 
8952	283 
8953	225 
8954	220 
8955	314 
8956	66 
8957	147 
8958	152 
8959	240 
8960	1 
8961	125 
8962	71 
8963	89 
8964	29 
8965	172 
8966	220 
8967	228 
8968	282 
8969	274 
8970	75 
8971	57 
8972	187 
8973	119 
8974	57 
8975	220 
8976	187 
8977	186 
8978	152 
8979	8 
8980	7 
8981	188 
8982	187 
8983	172 
8984	203 
8985	283 
8986	320 
8987	66 
8988	26 
8989	131 
8990	320 
8991	131 
8992	341 
8993	28 
8994	235 
8995	256 
8996	154 
8997	202 
8998	244 
8999	302 
9000	283 
9001	169 
9002	277 
9003	2 
9004	343 
9005	97 
9006	207 
9007	216 
9008	202 
9009	225 
9010	12 
9011	274 
9012	25 
9013	186 
9014	289 
9015	228 
9016	25 
9017	282 
9018	95 
9019	291 
9020	311 
9021	275 
9022	202 
9023	100 
9024	61 
9025	244 
9026	160 
9027	57 
9028	97 
9029	147 
9030	119 
9031	228 
9032	8 
9033	289 
9034	165 
9035	22 
9036	10 
9037	105 
9038	226 
9039	193 
9040	277 
9041	34 
9042	58 
9043	336 
9044	265 
9045	77 
9046	186 
9047	277 
9048	159 
9049	175 
9050	298 
9051	147 
9052	216 
9053	331 
9054	277 
9055	110 
9056	154 
9057	122 
9058	203 
9059	122 
9060	322 
9061	79 
9062	110 
9063	12 
9064	256 
9065	29 
9066	79 
9067	118 
9068	158 
9069	334 
9070	71 
9071	265 
9072	25 
9073	124 
9074	236 
9075	95 
9076	75 
9077	104 
9078	172 
9079	110 
9080	173 
9081	331 
9082	230 
9083	75 
9084	327 
9085	243 
9086	283 
9087	225 
9088	122 
9089	125 
9090	187 
9091	61 
9092	202 
9093	203 
9094	152 
9095	228 
9096	188 
9097	165 
9098	95 
9099	188 
9100	283 
9101	232 
9102	49 
9103	77 
9104	77 
9105	203 
9106	331 
9107	10 
9108	89 
9109	240 
9110	50 
9111	197 
9112	316 
9113	336 
9114	147 
9115	110 
9116	231 
9117	66 
9118	202 
9119	232 
9120	199 
9121	142 
9122	1 
9123	291 
9124	79 
9125	159 
9126	256 
9127	244 
9128	181 
9129	318 
9130	327 
9131	71 
9132	228 
9133	35 
9134	265 
9135	197 
9136	110 
9137	216 
9138	57 
9139	294 
9140	7 
9141	311 
9142	41 
9143	1 
9144	243 
9145	119 
9146	283 
9147	66 
9148	1 
9149	8 
9150	283 
9151	187 
9152	159 
9153	105 
9154	314 
9155	28 
9156	110 
9157	277 
9158	125 
9159	29 
9160	230 
9161	160 
9162	29 
9163	203 
9164	58 
9165	274 
9166	205 
9167	234 
9168	77 
9169	336 
9170	331 
9171	107 
9172	77 
9173	216 
9174	77 
9175	225 
9176	85 
9177	277 
9178	205 
9179	246 
9180	243 
9181	100 
9182	204 
9183	169 
9184	41 
9185	315 
9186	119 
9187	142 
9188	223 
9189	303 
9190	216 
9191	58 
9192	61 
9193	193 
9194	228 
9195	10 
9196	198 
9197	311 
9198	78 
9199	28 
9200	58 
9201	341 
9202	254 
9203	286 
9204	320 
9205	34 
9206	244 
9207	311 
9208	18 
9209	235 
9210	203 
9211	26 
9212	169 
9213	254 
9214	29 
9215	207 
9216	169 
9217	303 
9218	187 
9219	199 
9220	97 
9221	341 
9222	294 
9223	235 
9224	165 
9225	186 
9226	18 
9227	223 
9228	216 
9229	75 
9230	223 
9231	10 
9232	244 
9233	318 
9234	226 
9235	175 
9236	203 
9237	110 
9238	110 
9239	199 
9240	58 
9241	286 
9242	158 
9243	26 
9244	30 
9245	274 
9246	94 
9247	169 
9248	1 
9249	39 
9250	85 
9251	78 
9252	110 
9253	181 
9254	41 
9255	105 
9256	298 
9257	94 
9258	274 
9259	124 
9260	197 
9261	228 
9262	216 
9263	104 
9264	175 
9265	75 
9266	301 
9267	104 
9268	57 
9269	223 
9270	66 
9271	89 
9272	203 
9273	157 
9274	105 
9275	252 
9276	42 
9277	124 
9278	207 
9279	100 
9280	97 
9281	301 
9282	298 
9283	31 
9284	131 
9285	12 
9286	265 
9287	220 
9288	303 
9289	1 
9290	159 
9291	181 
9292	110 
9293	216 
9294	8 
9295	42 
9296	118 
9297	216 
9298	158 
9299	175 
9300	105 
9301	225 
9302	173 
9303	235 
9304	185 
9305	275 
9306	244 
9307	169 
9308	50 
9309	205 
9310	25 
9311	100 
9312	204 
9313	154 
9314	204 
9315	193 
9316	34 
9317	95 
9318	252 
9319	228 
9320	228 
9321	147 
9322	256 
9323	197 
9324	243 
9325	152 
9326	35 
9327	85 
9328	8 
9329	105 
9330	275 
9331	223 
9332	77 
9333	10 
9334	110 
9335	311 
9336	286 
9337	100 
9338	30 
9339	22 
9340	57 
9341	230 
9342	1 
9343	118 
9344	12 
9345	235 
9346	240 
9347	78 
9348	154 
9349	158 
9350	197 
9351	311 
9352	94 
9353	232 
9354	16 
9355	332 
9356	8 
9357	50 
9358	216 
9359	205 
9360	41 
9361	95 
9362	42 
9363	154 
9364	331 
9365	142 
9366	2 
9367	87 
9368	105 
9369	18 
9370	10 
9371	274 
9372	205 
9373	252 
9374	124 
9375	181 
9376	107 
9377	235 
9378	185 
9379	232 
9380	199 
9381	147 
9382	336 
9383	207 
9384	244 
9385	58 
9386	205 
9387	109 
9388	203 
9389	78 
9390	104 
9391	49 
9392	186 
9393	29 
9394	87 
9395	273 
9396	2 
9397	205 
9398	283 
9399	275 
9400	142 
9401	41 
9402	42 
9403	173 
9404	85 
9405	97 
9406	159 
9407	104 
9408	78 
9409	35 
9410	181 
9411	8 
9412	31 
9413	78 
9414	36 
9415	341 
9416	193 
9417	8 
9418	275 
9419	35 
9420	34 
9421	169 
9422	289 
9423	29 
9424	187 
9425	332 
9426	203 
9427	66 
9428	87 
9429	22 
9430	165 
9431	331 
9432	39 
9433	277 
9434	275 
9435	10 
9436	220 
9437	185 
9438	104 
9439	274 
9440	275 
9441	152 
9442	336 
9443	77 
9444	77 
9445	64 
9446	159 
9447	58 
9448	216 
9449	256 
9450	2 
9451	49 
9452	87 
9453	181 
9454	57 
9455	147 
9456	16 
9457	61 
9458	277 
9459	160 
9460	185 
9461	207 
9462	197 
9463	243 
9464	240 
9465	332 
9466	22 
9467	159 
9468	265 
9469	175 
9470	216 
9471	274 
9472	12 
9473	105 
9474	61 
9475	109 
9476	243 
9477	49 
9478	89 
9479	332 
9480	175 
9481	303 
9482	314 
9483	298 
9484	169 
9485	124 
9486	165 
9487	230 
9488	274 
9489	205 
9490	78 
9491	193 
9492	2 
9493	131 
9494	220 
9495	252 
9496	2 
9497	22 
9498	75 
9499	220 
9500	203 
9501	216 
9502	131 
9503	49 
9504	275 
9505	159 
9506	235 
9507	207 
9508	1 
9509	160 
9510	152 
9511	78 
9512	232 
9513	61 
9514	320 
9515	57 
9516	119 
9517	186 
9518	35 
9519	12 
9520	35 
9521	85 
9522	275 
9523	193 
9524	16 
9525	216 
9526	87 
9527	87 
9528	230 
9529	207 
9530	273 
9531	158 
9532	39 
9533	197 
9534	336 
9535	158 
9536	160 
9537	89 
9538	147 
9539	265 
9540	22 
9541	1 
9542	273 
9543	2 
9544	291 
9545	228 
9546	311 
9547	274 
9548	204 
9549	220 
9550	107 
9551	61 
9552	250 
9553	202 
9554	39 
9555	311 
9556	193 
9557	294 
9558	193 
9559	225 
9560	283 
9561	18 
9562	275 
9563	109 
9564	29 
9565	274 
9566	204 
9567	100 
9568	250 
9569	105 
9570	34 
9571	8 
9572	205 
9573	61 
9574	157 
9575	39 
9576	172 
9577	85 
9578	202 
9579	207 
9580	124 
9581	243 
9582	303 
9583	341 
9584	256 
9585	334 
9586	77 
9587	147 
9588	42 
9589	85 
9590	207 
9591	181 
9592	77 
9593	34 
9594	274 
9595	331 
9596	274 
9597	16 
9598	28 
9599	311 
9600	232 
9601	29 
9602	243 
9603	58 
9604	159 
9605	197 
9606	64 
9607	336 
9608	336 
9609	185 
9610	228 
9611	119 
9612	173 
9613	228 
9614	1 
9615	131 
9616	2 
9617	199 
9618	104 
9619	49 
9620	157 
9621	58 
9622	186 
9623	49 
9624	1 
9625	220 
9626	64 
9627	95 
9628	336 
9629	203 
9630	89 
9631	256 
9632	283 
9633	109 
9634	331 
9635	12 
9636	250 
9637	165 
9638	334 
9639	250 
9640	256 
9641	39 
9642	303 
9643	131 
9644	240 
9645	203 
9646	203 
9647	95 
9648	35 
9649	186 
9650	165 
9651	318 
9652	235 
9653	207 
9654	10 
9655	283 
9656	172 
9657	186 
9658	29 
9659	277 
9660	327 
9661	240 
9662	205 
9663	78 
9664	75 
9665	41 
9666	327 
9667	61 
9668	49 
9669	336 
9670	104 
9671	341 
9672	100 
9673	41 
9674	28 
9675	318 
9676	252 
9677	252 
9678	311 
9679	65 
9680	185 
9681	318 
9682	22 
9683	66 
9684	199 
9685	203 
9686	185 
9687	34 
9688	160 
9689	216 
9690	303 
9691	232 
9692	75 
9693	77 
9694	283 
9695	105 
9696	75 
9697	327 
9698	105 
9699	252 
9700	131 
9701	104 
9702	107 
9703	8 
9704	147 
9705	109 
9706	336 
9707	105 
9708	331 
9709	235 
9710	291 
9711	147 
9712	274 
9713	105 
9714	89 
9715	12 
9716	172 
9717	265 
9718	109 
9719	185 
9720	334 
9721	294 
9722	283 
9723	327 
9724	95 
9725	252 
9726	327 
9727	274 
9728	147 
9729	124 
9730	147 
9731	172 
9732	193 
9733	256 
9734	291 
9735	273 
9736	29 
9737	274 
9738	34 
9739	204 
9740	303 
9741	30 
9742	252 
9743	158 
9744	131 
9745	10 
9746	274 
9747	197 
9748	29 
9749	89 
9750	203 
9751	131 
9752	197 
9753	265 
9754	265 
9755	109 
9756	204 
9757	77 
9758	36 
9759	34 
9760	22 
9761	28 
9762	303 
9763	252 
9764	57 
9765	327 
9766	252 
9767	39 
9768	109 
9769	172 
9770	22 
9771	332 
9772	105 
9773	1 
9774	66 
9775	203 
9776	186 
9777	197 
9778	314 
9779	244 
9780	240 
9781	65 
9782	10 
9783	160 
9784	87 
9785	95 
9786	256 
9787	314 
9788	327 
9789	22 
9790	29 
9791	87 
9792	185 
9793	22 
9794	185 
9795	107 
9796	232 
9797	256 
9798	35 
9799	207 
9800	104 
9801	202 
9802	107 
9803	283 
9804	203 
9805	160 
9806	294 
9807	220 
9808	283 
9809	160 
9810	18 
9811	244 
9812	274 
9813	207 
9814	131 
9815	223 
9816	147 
9817	16 
9818	283 
9819	205 
9820	232 
9821	185 
9822	197 
9823	341 
9824	291 
9825	243 
9826	244 
9827	223 
9828	220 
9829	294 
9830	75 
9831	232 
9832	109 
9833	244 
9834	235 
9835	110 
9836	8 
9837	199 
9838	223 
9839	147 
9840	327 
9841	205 
9842	8 
9843	235 
9844	277 
9845	147 
9846	22 
9847	220 
9848	104 
9849	311 
9850	223 
9851	291 
9852	185 
9853	205 
9854	131 
9855	216 
9856	160 
9857	265 
9858	16 
9859	104 
9860	265 
9861	49 
9862	110 
9863	172 
9864	294 
9865	311 
9866	223 
9867	109 
9868	244 
9869	110 
9870	124 
9871	87 
9872	243 
9873	314 
9874	216 
9875	49 
9876	265 
9877	100 
9878	291 
9879	243 
9880	186 
9881	277 
9882	216 
9883	89 
9884	110 
9885	203 
9886	1 
9887	220 
9888	273 
9889	105 
9890	181 
9891	89 
9892	186 
9893	244 
9894	89 
9895	181 
9896	336 
9897	277 
9898	22 
9899	12 
9900	10 
9901	104 
9902	193 
9903	265 
9904	8 
9905	89 
9906	336 
9907	203 
9908	193 
9909	252 
9910	105 
9911	256 
9912	256 
9913	10 
9914	256 
9915	244 
9916	303 
9917	89 
9918	172 
9919	207 
9920	207 
9921	294 
9922	22 
9923	78 
9924	273 
9925	336 
9926	131 
9927	110 
9928	35 
9929	303 
9930	277 
9931	109 
9932	105 
9933	110 
9934	203 
9935	131 
9936	193 
9937	35 
9938	104 
9939	294 
9940	185 
9941	87 
9942	35 
9943	104 
9944	327 
9945	203 
9946	216 
9947	197 
9948	35 
9949	193 
9950	77 
9951	109 
9952	77 
9953	8 
9954	75 
9955	131 
9956	336 
9957	220 
9958	160 
9959	193 
9960	10 
9961	327 
9962	199 
9963	75 
9964	197 
9965	216 
9966	95 
9967	193 
9968	207 
9969	291 
9970	110 
9971	8 
9972	291 
9973	303 
9974	197 
9975	104 
9976	256 
9977	256 
9978	283 
9979	8 
9980	244 
9981	203 
9982	160 
9983	274 
9984	160 
9985	131 
9986	131 
9987	244 
9988	8 
9989	109 
9990	203 
9991	89 
9992	22 
9993	165 
9994	207 
9995	22 
9996	95 
9997	277 
9998	78 
9999	314 
10000	277 
