1	260 
2	269 
3	298 
4	215 
5	325 
6	288 
7	40 
8	67 
9	184 
10	273 
11	243 
12	67 
13	96 
14	220 
15	36 
16	9 
17	252 
18	182 
19	303 
20	281 
21	110 
22	244 
23	228 
24	159 
25	126 
26	114 
27	236 
28	280 
29	289 
30	70 
31	115 
32	191 
33	119 
34	191 
35	180 
36	91 
37	109 
38	268 
39	342 
40	128 
41	71 
42	293 
43	7 
44	346 
45	161 
46	288 
47	140 
48	75 
49	153 
50	1 
51	109 
52	103 
53	105 
54	77 
55	49 
56	118 
57	239 
58	151 
59	326 
60	352 
61	180 
62	336 
63	183 
64	264 
65	125 
66	204 
67	174 
68	213 
69	309 
70	67 
71	17 
72	154 
73	263 
74	104 
75	114 
76	383 
77	104 
78	33 
79	126 
80	46 
81	320 
82	354 
83	131 
84	222 
85	63 
86	235 
87	121 
88	204 
89	65 
90	131 
91	295 
92	203 
93	255 
94	250 
95	143 
96	107 
97	298 
98	265 
99	42 
100	270 
101	184 
102	140 
103	42 
104	238 
105	144 
106	236 
107	56 
108	154 
109	206 
110	79 
111	188 
112	117 
113	203 
114	344 
115	174 
116	274 
117	150 
118	150 
119	86 
120	319 
121	376 
122	260 
123	248 
124	83 
125	80 
126	40 
127	40 
128	296 
129	155 
130	240 
131	48 
132	34 
133	331 
134	190 
135	298 
136	346 
137	111 
138	307 
139	120 
140	345 
141	131 
142	56 
143	232 
144	265 
145	303 
146	96 
147	87 
148	302 
149	219 
150	34 
151	321 
152	169 
153	376 
154	296 
155	344 
156	184 
157	246 
158	379 
159	215 
160	368 
161	136 
162	182 
163	198 
164	66 
165	216 
166	310 
167	180 
168	285 
169	108 
170	345 
171	377 
172	311 
173	261 
174	259 
175	277 
176	186 
177	118 
178	381 
179	145 
180	340 
181	94 
182	33 
183	153 
184	184 
185	288 
186	279 
187	180 
188	111 
189	42 
190	243 
191	34 
192	267 
193	12 
194	176 
195	187 
196	157 
197	173 
198	47 
199	271 
200	249 
201	375 
202	363 
203	47 
204	362 
205	230 
206	89 
207	117 
208	279 
209	121 
210	174 
211	150 
212	6 
213	154 
214	215 
215	86 
216	134 
217	93 
218	354 
219	120 
220	72 
221	255 
222	201 
223	340 
224	81 
225	258 
226	12 
227	72 
228	11 
229	363 
230	321 
231	29 
232	80 
233	105 
234	102 
235	30 
236	343 
237	125 
238	248 
239	122 
240	100 
241	359 
242	190 
243	332 
244	119 
245	225 
246	364 
247	21 
248	12 
249	148 
250	327 
251	130 
252	171 
253	229 
254	56 
255	185 
256	347 
257	107 
258	166 
259	100 
260	260 
261	293 
262	107 
263	223 
264	191 
265	28 
266	168 
267	341 
268	344 
269	111 
270	198 
271	71 
272	284 
273	154 
274	176 
275	240 
276	171 
277	247 
278	333 
279	357 
280	337 
281	135 
282	303 
283	154 
284	84 
285	321 
286	155 
287	356 
288	68 
289	249 
290	169 
291	245 
292	377 
293	333 
294	191 
295	300 
296	193 
297	19 
298	330 
299	382 
300	349 
301	318 
302	342 
303	102 
304	89 
305	94 
306	199 
307	122 
308	315 
309	371 
310	242 
311	138 
312	66 
313	370 
314	226 
315	181 
316	136 
317	374 
318	46 
319	72 
320	70 
321	71 
322	70 
323	325 
324	179 
325	218 
326	277 
327	354 
328	172 
329	1 
330	255 
331	256 
332	344 
333	246 
334	214 
335	246 
336	83 
337	355 
338	193 
339	172 
340	62 
341	173 
342	246 
343	97 
344	227 
345	116 
346	202 
347	148 
348	360 
349	10 
350	42 
351	160 
352	203 
353	224 
354	183 
355	215 
356	330 
357	364 
358	230 
359	66 
360	171 
361	26 
362	87 
363	211 
364	379 
365	174 
366	349 
367	23 
368	56 
369	259 
370	308 
371	196 
372	301 
373	151 
374	219 
375	67 
376	277 
377	55 
378	228 
379	37 
380	215 
381	35 
382	261 
383	40 
384	369 
385	264 
386	330 
387	109 
388	67 
389	319 
390	294 
391	193 
392	51 
393	63 
394	257 
395	315 
396	244 
397	142 
398	167 
399	266 
400	66 
401	347 
402	220 
403	211 
404	296 
405	216 
406	106 
407	278 
408	32 
409	205 
410	242 
411	272 
412	250 
413	213 
414	42 
415	226 
416	153 
417	247 
418	49 
419	142 
420	230 
421	364 
422	92 
423	144 
424	7 
425	225 
426	98 
427	7 
428	84 
429	163 
430	272 
431	10 
432	360 
433	215 
434	287 
435	319 
436	128 
437	123 
438	166 
439	55 
440	166 
441	147 
442	88 
443	37 
444	340 
445	156 
446	370 
447	364 
448	98 
449	168 
450	171 
451	274 
452	292 
453	243 
454	187 
455	94 
456	252 
457	292 
458	43 
459	200 
460	217 
461	341 
462	87 
463	129 
464	107 
465	186 
466	105 
467	300 
468	1 
469	87 
470	137 
471	172 
472	280 
473	42 
474	278 
475	353 
476	296 
477	317 
478	105 
479	214 
480	83 
481	101 
482	376 
483	291 
484	97 
485	117 
486	29 
487	101 
488	31 
489	64 
490	263 
491	166 
492	263 
493	136 
494	323 
495	19 
496	108 
497	238 
498	327 
499	48 
500	309 
501	168 
502	1 
503	241 
504	201 
505	67 
506	266 
507	98 
508	12 
509	10 
510	66 
511	230 
512	101 
513	273 
514	63 
515	157 
516	334 
517	230 
518	196 
519	382 
520	70 
521	302 
522	381 
523	156 
524	13 
525	13 
526	257 
527	93 
528	364 
529	24 
530	177 
531	256 
532	198 
533	220 
534	115 
535	170 
536	379 
537	3 
538	21 
539	283 
540	230 
541	362 
542	121 
543	122 
544	127 
545	271 
546	257 
547	310 
548	34 
549	137 
550	336 
551	114 
552	263 
553	296 
554	99 
555	214 
556	156 
557	161 
558	22 
559	135 
560	21 
561	305 
562	259 
563	100 
564	86 
565	103 
566	174 
567	376 
568	261 
569	255 
570	173 
571	207 
572	382 
573	122 
574	367 
575	219 
576	234 
577	33 
578	277 
579	138 
580	156 
581	214 
582	330 
583	344 
584	355 
585	90 
586	296 
587	252 
588	181 
589	164 
590	272 
591	61 
592	291 
593	114 
594	317 
595	224 
596	167 
597	263 
598	213 
599	186 
600	198 
601	2 
602	7 
603	7 
604	179 
605	229 
606	37 
607	343 
608	86 
609	308 
610	63 
611	49 
612	72 
613	8 
614	73 
615	56 
616	317 
617	383 
618	247 
619	72 
620	206 
621	269 
622	189 
623	268 
624	226 
625	12 
626	341 
627	22 
628	316 
629	93 
630	84 
631	345 
632	361 
633	20 
634	83 
635	230 
636	382 
637	246 
638	67 
639	282 
640	154 
641	10 
642	67 
643	233 
644	184 
645	111 
646	365 
647	347 
648	312 
649	46 
650	92 
651	97 
652	297 
653	340 
654	265 
655	148 
656	353 
657	363 
658	256 
659	55 
660	91 
661	101 
662	83 
663	116 
664	186 
665	204 
666	237 
667	337 
668	183 
669	312 
670	6 
671	144 
672	358 
673	95 
674	113 
675	282 
676	123 
677	44 
678	124 
679	91 
680	40 
681	113 
682	300 
683	28 
684	102 
685	324 
686	105 
687	15 
688	353 
689	355 
690	362 
691	60 
692	367 
693	231 
694	49 
695	103 
696	125 
697	301 
698	88 
699	216 
700	336 
701	79 
702	35 
703	4 
704	326 
705	382 
706	120 
707	270 
708	193 
709	9 
710	376 
711	252 
712	142 
713	242 
714	260 
715	26 
716	12 
717	265 
718	91 
719	266 
720	135 
721	116 
722	60 
723	167 
724	75 
725	268 
726	261 
727	186 
728	147 
729	307 
730	173 
731	82 
732	174 
733	89 
734	1 
735	259 
736	157 
737	230 
738	14 
739	236 
740	56 
741	341 
742	246 
743	330 
744	249 
745	382 
746	10 
747	145 
748	66 
749	132 
750	14 
751	62 
752	91 
753	238 
754	145 
755	163 
756	200 
757	296 
758	163 
759	324 
760	302 
761	139 
762	310 
763	187 
764	22 
765	227 
766	221 
767	14 
768	315 
769	89 
770	67 
771	363 
772	216 
773	87 
774	254 
775	46 
776	138 
777	39 
778	128 
779	14 
780	156 
781	130 
782	352 
783	340 
784	31 
785	142 
786	266 
787	357 
788	122 
789	97 
790	173 
791	71 
792	201 
793	147 
794	272 
795	55 
796	42 
797	54 
798	45 
799	168 
800	313 
801	71 
802	217 
803	51 
804	42 
805	12 
806	219 
807	54 
808	175 
809	361 
810	316 
811	233 
812	98 
813	346 
814	116 
815	263 
816	175 
817	172 
818	273 
819	68 
820	324 
821	68 
822	53 
823	310 
824	376 
825	130 
826	357 
827	354 
828	151 
829	45 
830	243 
831	82 
832	337 
833	138 
834	382 
835	299 
836	193 
837	231 
838	208 
839	180 
840	319 
841	292 
842	363 
843	98 
844	247 
845	276 
846	243 
847	194 
848	131 
849	300 
850	289 
851	207 
852	348 
853	129 
854	262 
855	93 
856	166 
857	106 
858	308 
859	156 
860	25 
861	343 
862	31 
863	56 
864	49 
865	330 
866	382 
867	45 
868	101 
869	323 
870	330 
871	310 
872	356 
873	67 
874	146 
875	166 
876	282 
877	246 
878	108 
879	173 
880	23 
881	102 
882	198 
883	196 
884	13 
885	83 
886	339 
887	142 
888	314 
889	113 
890	188 
891	144 
892	72 
893	371 
894	305 
895	93 
896	362 
897	308 
898	117 
899	52 
900	23 
901	338 
902	95 
903	348 
904	40 
905	168 
906	256 
907	374 
908	37 
909	374 
910	363 
911	115 
912	274 
913	265 
914	112 
915	266 
916	73 
917	131 
918	67 
919	288 
920	121 
921	281 
922	96 
923	221 
924	64 
925	314 
926	24 
927	245 
928	215 
929	247 
930	315 
931	241 
932	286 
933	79 
934	55 
935	13 
936	166 
937	334 
938	381 
939	346 
940	237 
941	1 
942	203 
943	83 
944	326 
945	233 
946	267 
947	115 
948	46 
949	360 
950	263 
951	182 
952	363 
953	315 
954	100 
955	152 
956	240 
957	43 
958	315 
959	108 
960	177 
961	186 
962	188 
963	232 
964	373 
965	190 
966	362 
967	118 
968	283 
969	301 
970	376 
971	123 
972	176 
973	84 
974	320 
975	375 
976	304 
977	166 
978	53 
979	284 
980	73 
981	294 
982	343 
983	252 
984	304 
985	27 
986	111 
987	142 
988	144 
989	96 
990	110 
991	291 
992	260 
993	322 
994	10 
995	29 
996	38 
997	173 
998	270 
999	250 
1000	208 
1001	327 
1002	92 
1003	352 
1004	44 
1005	162 
1006	24 
1007	115 
1008	304 
1009	323 
1010	200 
1011	159 
1012	334 
1013	160 
1014	8 
1015	129 
1016	228 
1017	52 
1018	267 
1019	194 
1020	38 
1021	287 
1022	23 
1023	84 
1024	70 
1025	101 
1026	91 
1027	223 
1028	193 
1029	20 
1030	281 
1031	260 
1032	344 
1033	118 
1034	193 
1035	330 
1036	31 
1037	44 
1038	258 
1039	215 
1040	109 
1041	1 
1042	260 
1043	269 
1044	279 
1045	46 
1046	190 
1047	190 
1048	288 
1049	81 
1050	146 
1051	258 
1052	1 
1053	151 
1054	282 
1055	42 
1056	261 
1057	276 
1058	251 
1059	188 
1060	205 
1061	230 
1062	380 
1063	124 
1064	177 
1065	310 
1066	92 
1067	353 
1068	366 
1069	292 
1070	379 
1071	30 
1072	346 
1073	86 
1074	374 
1075	340 
1076	115 
1077	142 
1078	106 
1079	335 
1080	120 
1081	193 
1082	181 
1083	286 
1084	215 
1085	164 
1086	101 
1087	9 
1088	90 
1089	164 
1090	66 
1091	270 
1092	284 
1093	341 
1094	230 
1095	286 
1096	95 
1097	171 
1098	235 
1099	231 
1100	373 
1101	3 
1102	112 
1103	30 
1104	281 
1105	374 
1106	310 
1107	19 
1108	203 
1109	194 
1110	49 
1111	201 
1112	328 
1113	54 
1114	304 
1115	123 
1116	98 
1117	62 
1118	75 
1119	42 
1120	73 
1121	70 
1122	62 
1123	334 
1124	40 
1125	326 
1126	4 
1127	24 
1128	156 
1129	167 
1130	84 
1131	40 
1132	23 
1133	186 
1134	272 
1135	381 
1136	212 
1137	325 
1138	27 
1139	12 
1140	230 
1141	142 
1142	213 
1143	309 
1144	159 
1145	65 
1146	92 
1147	265 
1148	100 
1149	77 
1150	353 
1151	242 
1152	220 
1153	137 
1154	13 
1155	149 
1156	91 
1157	257 
1158	114 
1159	172 
1160	185 
1161	26 
1162	376 
1163	10 
1164	277 
1165	26 
1166	117 
1167	101 
1168	159 
1169	306 
1170	49 
1171	62 
1172	92 
1173	67 
1174	267 
1175	251 
1176	198 
1177	196 
1178	237 
1179	149 
1180	382 
1181	354 
1182	88 
1183	173 
1184	225 
1185	76 
1186	185 
1187	187 
1188	66 
1189	53 
1190	187 
1191	1 
1192	243 
1193	361 
1194	120 
1195	70 
1196	258 
1197	29 
1198	105 
1199	113 
1200	358 
1201	215 
1202	347 
1203	1 
1204	330 
1205	98 
1206	308 
1207	376 
1208	7 
1209	282 
1210	200 
1211	165 
1212	113 
1213	277 
1214	75 
1215	235 
1216	187 
1217	5 
1218	42 
1219	93 
1220	256 
1221	55 
1222	23 
1223	55 
1224	257 
1225	255 
1226	112 
1227	19 
1228	324 
1229	42 
1230	242 
1231	84 
1232	316 
1233	180 
1234	332 
1235	2 
1236	78 
1237	129 
1238	289 
1239	338 
1240	137 
1241	84 
1242	366 
1243	315 
1244	34 
1245	142 
1246	114 
1247	83 
1248	141 
1249	48 
1250	167 
1251	108 
1252	311 
1253	107 
1254	115 
1255	220 
1256	183 
1257	169 
1258	295 
1259	111 
1260	238 
1261	179 
1262	241 
1263	213 
1264	252 
1265	53 
1266	242 
1267	97 
1268	101 
1269	154 
1270	365 
1271	279 
1272	173 
1273	268 
1274	157 
1275	284 
1276	82 
1277	16 
1278	298 
1279	223 
1280	80 
1281	175 
1282	98 
1283	115 
1284	264 
1285	173 
1286	34 
1287	132 
1288	231 
1289	84 
1290	367 
1291	142 
1292	363 
1293	24 
1294	247 
1295	4 
1296	264 
1297	283 
1298	369 
1299	313 
1300	294 
1301	141 
1302	132 
1303	216 
1304	216 
1305	14 
1306	108 
1307	313 
1308	320 
1309	144 
1310	37 
1311	126 
1312	49 
1313	312 
1314	290 
1315	23 
1316	350 
1317	209 
1318	39 
1319	145 
1320	192 
1321	90 
1322	72 
1323	337 
1324	156 
1325	321 
1326	173 
1327	207 
1328	311 
1329	357 
1330	305 
1331	151 
1332	11 
1333	175 
1334	162 
1335	69 
1336	265 
1337	98 
1338	46 
1339	190 
1340	76 
1341	84 
1342	184 
1343	156 
1344	380 
1345	89 
1346	37 
1347	108 
1348	275 
1349	35 
1350	305 
1351	240 
1352	248 
1353	155 
1354	277 
1355	330 
1356	226 
1357	301 
1358	201 
1359	312 
1360	221 
1361	357 
1362	333 
1363	40 
1364	88 
1365	240 
1366	202 
1367	242 
1368	340 
1369	301 
1370	260 
1371	158 
1372	187 
1373	183 
1374	353 
1375	15 
1376	122 
1377	85 
1378	18 
1379	26 
1380	248 
1381	264 
1382	377 
1383	95 
1384	162 
1385	27 
1386	343 
1387	83 
1388	312 
1389	56 
1390	354 
1391	278 
1392	96 
1393	334 
1394	258 
1395	90 
1396	185 
1397	136 
1398	232 
1399	83 
1400	154 
1401	181 
1402	115 
1403	136 
1404	328 
1405	34 
1406	309 
1407	252 
1408	158 
1409	243 
1410	337 
1411	192 
1412	234 
1413	22 
1414	269 
1415	93 
1416	229 
1417	55 
1418	200 
1419	252 
1420	22 
1421	312 
1422	64 
1423	220 
1424	330 
1425	182 
1426	277 
1427	93 
1428	348 
1429	234 
1430	228 
1431	306 
1432	193 
1433	342 
1434	359 
1435	224 
1436	53 
1437	19 
1438	13 
1439	323 
1440	35 
1441	80 
1442	32 
1443	242 
1444	213 
1445	155 
1446	372 
1447	252 
1448	194 
1449	65 
1450	305 
1451	103 
1452	143 
1453	313 
1454	320 
1455	119 
1456	133 
1457	327 
1458	367 
1459	195 
1460	383 
1461	129 
1462	12 
1463	96 
1464	148 
1465	77 
1466	106 
1467	239 
1468	86 
1469	266 
1470	34 
1471	367 
1472	59 
1473	149 
1474	132 
1475	241 
1476	47 
1477	346 
1478	109 
1479	152 
1480	34 
1481	347 
1482	118 
1483	188 
1484	98 
1485	72 
1486	264 
1487	335 
1488	19 
1489	342 
1490	33 
1491	4 
1492	60 
1493	173 
1494	281 
1495	323 
1496	328 
1497	108 
1498	263 
1499	252 
1500	309 
1501	60 
1502	230 
1503	129 
1504	74 
1505	196 
1506	57 
1507	243 
1508	208 
1509	133 
1510	334 
1511	194 
1512	163 
1513	193 
1514	37 
1515	253 
1516	284 
1517	373 
1518	271 
1519	84 
1520	236 
1521	93 
1522	5 
1523	125 
1524	159 
1525	86 
1526	343 
1527	9 
1528	282 
1529	187 
1530	295 
1531	223 
1532	149 
1533	302 
1534	225 
1535	244 
1536	139 
1537	302 
1538	114 
1539	214 
1540	93 
1541	339 
1542	148 
1543	314 
1544	75 
1545	267 
1546	154 
1547	155 
1548	351 
1549	315 
1550	333 
1551	337 
1552	216 
1553	288 
1554	330 
1555	244 
1556	125 
1557	283 
1558	298 
1559	27 
1560	90 
1561	296 
1562	36 
1563	50 
1564	105 
1565	151 
1566	81 
1567	12 
1568	107 
1569	134 
1570	118 
1571	26 
1572	162 
1573	59 
1574	238 
1575	359 
1576	9 
1577	72 
1578	98 
1579	377 
1580	300 
1581	11 
1582	286 
1583	130 
1584	369 
1585	300 
1586	94 
1587	296 
1588	42 
1589	351 
1590	268 
1591	312 
1592	244 
1593	44 
1594	30 
1595	185 
1596	215 
1597	133 
1598	136 
1599	289 
1600	229 
1601	214 
1602	245 
1603	26 
1604	103 
1605	156 
1606	203 
1607	65 
1608	106 
1609	376 
1610	31 
1611	207 
1612	356 
1613	355 
1614	84 
1615	172 
1616	111 
1617	7 
1618	342 
1619	115 
1620	55 
1621	39 
1622	318 
1623	233 
1624	36 
1625	348 
1626	282 
1627	151 
1628	186 
1629	254 
1630	180 
1631	336 
1632	23 
1633	159 
1634	223 
1635	269 
1636	174 
1637	115 
1638	180 
1639	114 
1640	312 
1641	302 
1642	345 
1643	266 
1644	368 
1645	286 
1646	19 
1647	158 
1648	157 
1649	63 
1650	229 
1651	349 
1652	326 
1653	18 
1654	31 
1655	13 
1656	265 
1657	141 
1658	363 
1659	19 
1660	224 
1661	349 
1662	40 
1663	121 
1664	74 
1665	331 
1666	220 
1667	280 
1668	150 
1669	373 
1670	307 
1671	91 
1672	267 
1673	241 
1674	195 
1675	284 
1676	177 
1677	108 
1678	332 
1679	291 
1680	27 
1681	41 
1682	349 
1683	72 
1684	111 
1685	358 
1686	49 
1687	287 
1688	282 
1689	133 
1690	196 
1691	299 
1692	201 
1693	173 
1694	378 
1695	196 
1696	296 
1697	300 
1698	206 
1699	154 
1700	141 
1701	112 
1702	229 
1703	18 
1704	23 
1705	123 
1706	184 
1707	15 
1708	206 
1709	279 
1710	93 
1711	223 
1712	344 
1713	43 
1714	134 
1715	269 
1716	156 
1717	272 
1718	367 
1719	325 
1720	127 
1721	256 
1722	340 
1723	176 
1724	75 
1725	355 
1726	298 
1727	46 
1728	13 
1729	22 
1730	116 
1731	354 
1732	291 
1733	295 
1734	334 
1735	77 
1736	23 
1737	370 
1738	291 
1739	75 
1740	352 
1741	350 
1742	247 
1743	63 
1744	19 
1745	364 
1746	19 
1747	98 
1748	200 
1749	272 
1750	99 
1751	74 
1752	54 
1753	147 
1754	73 
1755	69 
1756	69 
1757	34 
1758	105 
1759	83 
1760	282 
1761	98 
1762	97 
1763	350 
1764	330 
1765	246 
1766	9 
1767	306 
1768	296 
1769	361 
1770	337 
1771	18 
1772	378 
1773	217 
1774	249 
1775	165 
1776	98 
1777	247 
1778	6 
1779	78 
1780	276 
1781	4 
1782	331 
1783	25 
1784	334 
1785	312 
1786	277 
1787	34 
1788	191 
1789	112 
1790	176 
1791	113 
1792	17 
1793	142 
1794	108 
1795	131 
1796	186 
1797	159 
1798	44 
1799	374 
1800	132 
1801	250 
1802	170 
1803	118 
1804	242 
1805	13 
1806	252 
1807	10 
1808	211 
1809	175 
1810	219 
1811	123 
1812	215 
1813	242 
1814	277 
1815	234 
1816	270 
1817	323 
1818	196 
1819	26 
1820	354 
1821	134 
1822	166 
1823	112 
1824	218 
1825	78 
1826	28 
1827	357 
1828	229 
1829	197 
1830	124 
1831	205 
1832	224 
1833	257 
1834	152 
1835	202 
1836	136 
1837	317 
1838	306 
1839	187 
1840	253 
1841	272 
1842	303 
1843	56 
1844	338 
1845	67 
1846	161 
1847	182 
1848	357 
1849	294 
1850	132 
1851	238 
1852	101 
1853	140 
1854	98 
1855	10 
1856	173 
1857	259 
1858	102 
1859	296 
1860	363 
1861	361 
1862	20 
1863	55 
1864	229 
1865	274 
1866	344 
1867	156 
1868	98 
1869	184 
1870	233 
1871	235 
1872	166 
1873	350 
1874	295 
1875	379 
1876	330 
1877	187 
1878	12 
1879	98 
1880	15 
1881	253 
1882	265 
1883	173 
1884	345 
1885	343 
1886	148 
1887	117 
1888	264 
1889	194 
1890	275 
1891	270 
1892	70 
1893	80 
1894	228 
1895	121 
1896	317 
1897	360 
1898	100 
1899	65 
1900	206 
1901	143 
1902	252 
1903	81 
1904	117 
1905	201 
1906	323 
1907	364 
1908	81 
1909	237 
1910	31 
1911	182 
1912	196 
1913	34 
1914	89 
1915	345 
1916	108 
1917	353 
1918	210 
1919	226 
1920	44 
1921	194 
1922	196 
1923	60 
1924	315 
1925	325 
1926	381 
1927	195 
1928	372 
1929	145 
1930	182 
1931	366 
1932	150 
1933	284 
1934	42 
1935	54 
1936	307 
1937	151 
1938	358 
1939	41 
1940	292 
1941	222 
1942	367 
1943	315 
1944	345 
1945	259 
1946	153 
1947	219 
1948	69 
1949	324 
1950	277 
1951	87 
1952	370 
1953	296 
1954	350 
1955	331 
1956	97 
1957	305 
1958	123 
1959	82 
1960	300 
1961	139 
1962	383 
1963	345 
1964	30 
1965	202 
1966	309 
1967	378 
1968	214 
1969	75 
1970	295 
1971	53 
1972	199 
1973	23 
1974	289 
1975	48 
1976	242 
1977	193 
1978	211 
1979	367 
1980	189 
1981	351 
1982	279 
1983	192 
1984	195 
1985	327 
1986	370 
1987	153 
1988	130 
1989	121 
1990	151 
1991	213 
1992	208 
1993	352 
1994	196 
1995	136 
1996	223 
1997	266 
1998	156 
1999	216 
2000	359 
2001	144 
2002	298 
2003	136 
2004	251 
2005	205 
2006	301 
2007	338 
2008	182 
2009	293 
2010	365 
2011	292 
2012	280 
2013	320 
2014	216 
2015	114 
2016	62 
2017	197 
2018	223 
2019	330 
2020	170 
2021	216 
2022	83 
2023	86 
2024	358 
2025	93 
2026	37 
2027	368 
2028	26 
2029	80 
2030	155 
2031	218 
2032	30 
2033	135 
2034	271 
2035	154 
2036	182 
2037	363 
2038	268 
2039	21 
2040	33 
2041	50 
2042	338 
2043	380 
2044	144 
2045	206 
2046	123 
2047	86 
2048	260 
2049	369 
2050	317 
2051	17 
2052	50 
2053	48 
2054	276 
2055	219 
2056	372 
2057	57 
2058	79 
2059	84 
2060	265 
2061	98 
2062	7 
2063	159 
2064	328 
2065	350 
2066	19 
2067	103 
2068	137 
2069	190 
2070	29 
2071	305 
2072	102 
2073	348 
2074	272 
2075	133 
2076	19 
2077	324 
2078	156 
2079	289 
2080	358 
2081	176 
2082	278 
2083	367 
2084	274 
2085	156 
2086	187 
2087	156 
2088	26 
2089	34 
2090	285 
2091	139 
2092	376 
2093	219 
2094	166 
2095	141 
2096	41 
2097	219 
2098	117 
2099	315 
2100	138 
2101	146 
2102	315 
2103	157 
2104	90 
2105	137 
2106	265 
2107	308 
2108	184 
2109	230 
2110	86 
2111	3 
2112	142 
2113	196 
2114	160 
2115	338 
2116	114 
2117	89 
2118	342 
2119	315 
2120	97 
2121	218 
2122	14 
2123	14 
2124	53 
2125	319 
2126	330 
2127	112 
2128	357 
2129	351 
2130	93 
2131	214 
2132	3 
2133	195 
2134	313 
2135	151 
2136	285 
2137	20 
2138	109 
2139	53 
2140	364 
2141	324 
2142	322 
2143	13 
2144	199 
2145	367 
2146	289 
2147	125 
2148	241 
2149	307 
2150	42 
2151	154 
2152	44 
2153	254 
2154	103 
2155	166 
2156	28 
2157	252 
2158	30 
2159	56 
2160	201 
2161	106 
2162	210 
2163	383 
2164	142 
2165	79 
2166	219 
2167	8 
2168	318 
2169	256 
2170	197 
2171	84 
2172	42 
2173	219 
2174	54 
2175	114 
2176	366 
2177	194 
2178	156 
2179	250 
2180	235 
2181	95 
2182	291 
2183	115 
2184	350 
2185	220 
2186	126 
2187	322 
2188	295 
2189	20 
2190	172 
2191	136 
2192	61 
2193	105 
2194	76 
2195	114 
2196	327 
2197	98 
2198	236 
2199	267 
2200	68 
2201	35 
2202	302 
2203	341 
2204	66 
2205	84 
2206	310 
2207	230 
2208	166 
2209	249 
2210	47 
2211	56 
2212	276 
2213	329 
2214	126 
2215	372 
2216	280 
2217	140 
2218	61 
2219	228 
2220	56 
2221	233 
2222	218 
2223	226 
2224	280 
2225	266 
2226	122 
2227	86 
2228	377 
2229	18 
2230	227 
2231	121 
2232	173 
2233	105 
2234	351 
2235	122 
2236	229 
2237	367 
2238	124 
2239	286 
2240	319 
2241	277 
2242	316 
2243	285 
2244	349 
2245	107 
2246	128 
2247	334 
2248	123 
2249	211 
2250	336 
2251	76 
2252	130 
2253	167 
2254	60 
2255	144 
2256	197 
2257	304 
2258	222 
2259	89 
2260	123 
2261	196 
2262	331 
2263	166 
2264	138 
2265	15 
2266	323 
2267	305 
2268	256 
2269	186 
2270	290 
2271	226 
2272	333 
2273	9 
2274	219 
2275	83 
2276	175 
2277	339 
2278	263 
2279	103 
2280	308 
2281	309 
2282	182 
2283	19 
2284	273 
2285	110 
2286	289 
2287	72 
2288	281 
2289	364 
2290	302 
2291	304 
2292	186 
2293	61 
2294	84 
2295	166 
2296	331 
2297	86 
2298	66 
2299	193 
2300	101 
2301	300 
2302	258 
2303	190 
2304	177 
2305	24 
2306	75 
2307	358 
2308	67 
2309	150 
2310	102 
2311	255 
2312	243 
2313	215 
2314	113 
2315	14 
2316	119 
2317	187 
2318	24 
2319	161 
2320	92 
2321	362 
2322	291 
2323	7 
2324	371 
2325	230 
2326	53 
2327	108 
2328	364 
2329	131 
2330	333 
2331	299 
2332	170 
2333	315 
2334	318 
2335	122 
2336	193 
2337	2 
2338	341 
2339	38 
2340	246 
2341	326 
2342	336 
2343	154 
2344	54 
2345	95 
2346	14 
2347	110 
2348	328 
2349	141 
2350	351 
2351	143 
2352	117 
2353	339 
2354	256 
2355	313 
2356	360 
2357	364 
2358	277 
2359	362 
2360	122 
2361	260 
2362	378 
2363	43 
2364	103 
2365	209 
2366	91 
2367	19 
2368	330 
2369	331 
2370	156 
2371	232 
2372	113 
2373	349 
2374	41 
2375	372 
2376	101 
2377	136 
2378	104 
2379	266 
2380	296 
2381	70 
2382	294 
2383	252 
2384	17 
2385	58 
2386	77 
2387	42 
2388	189 
2389	247 
2390	21 
2391	291 
2392	71 
2393	112 
2394	362 
2395	101 
2396	120 
2397	188 
2398	342 
2399	7 
2400	157 
2401	199 
2402	312 
2403	339 
2404	300 
2405	83 
2406	144 
2407	359 
2408	209 
2409	43 
2410	52 
2411	162 
2412	64 
2413	297 
2414	124 
2415	271 
2416	244 
2417	261 
2418	1 
2419	38 
2420	93 
2421	151 
2422	153 
2423	134 
2424	252 
2425	206 
2426	16 
2427	59 
2428	272 
2429	181 
2430	147 
2431	312 
2432	302 
2433	190 
2434	273 
2435	187 
2436	332 
2437	377 
2438	268 
2439	33 
2440	182 
2441	212 
2442	260 
2443	48 
2444	180 
2445	147 
2446	189 
2447	318 
2448	25 
2449	183 
2450	10 
2451	31 
2452	135 
2453	146 
2454	93 
2455	325 
2456	57 
2457	279 
2458	342 
2459	152 
2460	332 
2461	104 
2462	265 
2463	363 
2464	202 
2465	40 
2466	166 
2467	262 
2468	105 
2469	77 
2470	240 
2471	302 
2472	10 
2473	362 
2474	7 
2475	52 
2476	40 
2477	339 
2478	189 
2479	305 
2480	335 
2481	61 
2482	226 
2483	70 
2484	225 
2485	359 
2486	371 
2487	91 
2488	125 
2489	13 
2490	199 
2491	234 
2492	53 
2493	205 
2494	98 
2495	98 
2496	202 
2497	323 
2498	92 
2499	185 
2500	201 
2501	363 
2502	334 
2503	283 
2504	302 
2505	135 
2506	158 
2507	202 
2508	53 
2509	316 
2510	143 
2511	271 
2512	326 
2513	141 
2514	278 
2515	177 
2516	326 
2517	230 
2518	224 
2519	190 
2520	252 
2521	8 
2522	242 
2523	148 
2524	187 
2525	159 
2526	256 
2527	134 
2528	10 
2529	211 
2530	22 
2531	254 
2532	257 
2533	380 
2534	140 
2535	121 
2536	214 
2537	29 
2538	134 
2539	286 
2540	83 
2541	12 
2542	78 
2543	135 
2544	104 
2545	2 
2546	335 
2547	204 
2548	250 
2549	121 
2550	342 
2551	237 
2552	182 
2553	197 
2554	194 
2555	170 
2556	6 
2557	159 
2558	276 
2559	170 
2560	264 
2561	252 
2562	36 
2563	44 
2564	46 
2565	22 
2566	209 
2567	141 
2568	44 
2569	354 
2570	162 
2571	113 
2572	375 
2573	14 
2574	270 
2575	316 
2576	26 
2577	126 
2578	369 
2579	88 
2580	349 
2581	89 
2582	373 
2583	196 
2584	372 
2585	264 
2586	166 
2587	13 
2588	89 
2589	93 
2590	8 
2591	351 
2592	308 
2593	366 
2594	164 
2595	53 
2596	265 
2597	260 
2598	196 
2599	53 
2600	76 
2601	137 
2602	76 
2603	253 
2604	215 
2605	25 
2606	359 
2607	305 
2608	64 
2609	131 
2610	156 
2611	231 
2612	94 
2613	53 
2614	280 
2615	157 
2616	169 
2617	276 
2618	116 
2619	59 
2620	277 
2621	283 
2622	264 
2623	29 
2624	120 
2625	289 
2626	316 
2627	351 
2628	197 
2629	246 
2630	309 
2631	326 
2632	298 
2633	295 
2634	325 
2635	232 
2636	250 
2637	78 
2638	357 
2639	10 
2640	5 
2641	76 
2642	156 
2643	329 
2644	166 
2645	328 
2646	42 
2647	265 
2648	168 
2649	344 
2650	152 
2651	236 
2652	372 
2653	110 
2654	123 
2655	363 
2656	367 
2657	337 
2658	197 
2659	195 
2660	277 
2661	177 
2662	376 
2663	363 
2664	223 
2665	92 
2666	245 
2667	83 
2668	383 
2669	320 
2670	123 
2671	218 
2672	266 
2673	272 
2674	383 
2675	343 
2676	291 
2677	131 
2678	147 
2679	239 
2680	276 
2681	301 
2682	309 
2683	55 
2684	253 
2685	1 
2686	146 
2687	16 
2688	136 
2689	193 
2690	316 
2691	82 
2692	136 
2693	103 
2694	70 
2695	30 
2696	245 
2697	240 
2698	185 
2699	82 
2700	30 
2701	145 
2702	184 
2703	338 
2704	189 
2705	46 
2706	311 
2707	256 
2708	192 
2709	123 
2710	19 
2711	311 
2712	151 
2713	192 
2714	1 
2715	312 
2716	312 
2717	265 
2718	229 
2719	116 
2720	1 
2721	264 
2722	210 
2723	326 
2724	113 
2725	211 
2726	161 
2727	220 
2728	37 
2729	169 
2730	144 
2731	320 
2732	264 
2733	302 
2734	92 
2735	231 
2736	12 
2737	94 
2738	312 
2739	110 
2740	60 
2741	145 
2742	211 
2743	218 
2744	299 
2745	221 
2746	95 
2747	235 
2748	50 
2749	308 
2750	97 
2751	359 
2752	15 
2753	186 
2754	13 
2755	343 
2756	367 
2757	268 
2758	122 
2759	328 
2760	1 
2761	196 
2762	363 
2763	26 
2764	359 
2765	126 
2766	68 
2767	326 
2768	15 
2769	34 
2770	26 
2771	120 
2772	219 
2773	47 
2774	40 
2775	230 
2776	31 
2777	32 
2778	27 
2779	67 
2780	233 
2781	296 
2782	290 
2783	243 
2784	110 
2785	142 
2786	302 
2787	32 
2788	297 
2789	55 
2790	25 
2791	151 
2792	132 
2793	134 
2794	347 
2795	171 
2796	256 
2797	211 
2798	161 
2799	53 
2800	181 
2801	349 
2802	300 
2803	11 
2804	289 
2805	194 
2806	142 
2807	63 
2808	190 
2809	242 
2810	77 
2811	24 
2812	37 
2813	354 
2814	224 
2815	306 
2816	278 
2817	48 
2818	265 
2819	209 
2820	311 
2821	21 
2822	108 
2823	372 
2824	260 
2825	116 
2826	308 
2827	141 
2828	7 
2829	210 
2830	206 
2831	136 
2832	278 
2833	85 
2834	274 
2835	114 
2836	39 
2837	297 
2838	204 
2839	68 
2840	201 
2841	141 
2842	293 
2843	328 
2844	212 
2845	287 
2846	171 
2847	108 
2848	44 
2849	300 
2850	36 
2851	224 
2852	91 
2853	163 
2854	187 
2855	343 
2856	215 
2857	380 
2858	116 
2859	204 
2860	19 
2861	59 
2862	123 
2863	58 
2864	83 
2865	378 
2866	204 
2867	113 
2868	111 
2869	66 
2870	15 
2871	346 
2872	61 
2873	176 
2874	339 
2875	76 
2876	302 
2877	281 
2878	166 
2879	83 
2880	17 
2881	277 
2882	83 
2883	75 
2884	114 
2885	297 
2886	265 
2887	296 
2888	327 
2889	91 
2890	13 
2891	154 
2892	121 
2893	224 
2894	229 
2895	247 
2896	301 
2897	43 
2898	262 
2899	98 
2900	6 
2901	115 
2902	19 
2903	273 
2904	133 
2905	263 
2906	330 
2907	83 
2908	252 
2909	115 
2910	127 
2911	227 
2912	3 
2913	186 
2914	305 
2915	319 
2916	136 
2917	313 
2918	327 
2919	76 
2920	73 
2921	272 
2922	274 
2923	178 
2924	28 
2925	330 
2926	326 
2927	179 
2928	187 
2929	105 
2930	65 
2931	86 
2932	113 
2933	184 
2934	156 
2935	166 
2936	100 
2937	247 
2938	17 
2939	166 
2940	8 
2941	166 
2942	364 
2943	182 
2944	334 
2945	326 
2946	222 
2947	39 
2948	181 
2949	225 
2950	159 
2951	349 
2952	60 
2953	139 
2954	14 
2955	285 
2956	3 
2957	32 
2958	354 
2959	318 
2960	327 
2961	171 
2962	351 
2963	197 
2964	266 
2965	224 
2966	84 
2967	354 
2968	156 
2969	223 
2970	68 
2971	365 
2972	112 
2973	342 
2974	178 
2975	279 
2976	95 
2977	56 
2978	256 
2979	364 
2980	205 
2981	379 
2982	154 
2983	301 
2984	195 
2985	55 
2986	123 
2987	204 
2988	252 
2989	141 
2990	364 
2991	304 
2992	262 
2993	340 
2994	195 
2995	215 
2996	81 
2997	183 
2998	358 
2999	266 
3000	237 
3001	271 
3002	53 
3003	354 
3004	93 
3005	142 
3006	365 
3007	104 
3008	123 
3009	264 
3010	166 
3011	316 
3012	127 
3013	219 
3014	92 
3015	9 
3016	108 
3017	325 
3018	327 
3019	163 
3020	332 
3021	369 
3022	110 
3023	246 
3024	275 
3025	93 
3026	9 
3027	130 
3028	367 
3029	345 
3030	128 
3031	66 
3032	20 
3033	121 
3034	230 
3035	215 
3036	273 
3037	110 
3038	320 
3039	232 
3040	25 
3041	335 
3042	313 
3043	65 
3044	13 
3045	75 
3046	141 
3047	32 
3048	6 
3049	42 
3050	60 
3051	308 
3052	265 
3053	31 
3054	232 
3055	46 
3056	264 
3057	252 
3058	39 
3059	142 
3060	29 
3061	127 
3062	64 
3063	68 
3064	59 
3065	381 
3066	85 
3067	337 
3068	252 
3069	37 
3070	286 
3071	26 
3072	140 
3073	326 
3074	97 
3075	53 
3076	145 
3077	99 
3078	265 
3079	162 
3080	136 
3081	277 
3082	359 
3083	142 
3084	84 
3085	360 
3086	367 
3087	360 
3088	309 
3089	202 
3090	144 
3091	197 
3092	325 
3093	254 
3094	105 
3095	219 
3096	142 
3097	354 
3098	260 
3099	50 
3100	163 
3101	1 
3102	154 
3103	334 
3104	86 
3105	380 
3106	360 
3107	327 
3108	325 
3109	33 
3110	345 
3111	42 
3112	204 
3113	103 
3114	26 
3115	108 
3116	115 
3117	382 
3118	102 
3119	2 
3120	288 
3121	230 
3122	260 
3123	5 
3124	182 
3125	301 
3126	285 
3127	105 
3128	368 
3129	199 
3130	328 
3131	123 
3132	193 
3133	211 
3134	358 
3135	276 
3136	300 
3137	11 
3138	193 
3139	260 
3140	262 
3141	197 
3142	120 
3143	62 
3144	322 
3145	34 
3146	359 
3147	274 
3148	191 
3149	89 
3150	309 
3151	85 
3152	218 
3153	354 
3154	327 
3155	212 
3156	207 
3157	296 
3158	274 
3159	293 
3160	302 
3161	10 
3162	298 
3163	105 
3164	48 
3165	13 
3166	26 
3167	194 
3168	302 
3169	183 
3170	349 
3171	377 
3172	224 
3173	348 
3174	347 
3175	358 
3176	85 
3177	2 
3178	205 
3179	328 
3180	121 
3181	303 
3182	218 
3183	204 
3184	281 
3185	294 
3186	152 
3187	286 
3188	124 
3189	41 
3190	11 
3191	263 
3192	216 
3193	74 
3194	199 
3195	32 
3196	271 
3197	26 
3198	5 
3199	290 
3200	286 
3201	28 
3202	315 
3203	241 
3204	358 
3205	114 
3206	14 
3207	72 
3208	215 
3209	249 
3210	122 
3211	273 
3212	223 
3213	299 
3214	53 
3215	37 
3216	268 
3217	222 
3218	74 
3219	210 
3220	224 
3221	315 
3222	297 
3223	184 
3224	53 
3225	228 
3226	75 
3227	141 
3228	131 
3229	70 
3230	312 
3231	320 
3232	91 
3233	58 
3234	42 
3235	222 
3236	251 
3237	23 
3238	318 
3239	210 
3240	23 
3241	167 
3242	365 
3243	222 
3244	235 
3245	98 
3246	210 
3247	67 
3248	287 
3249	24 
3250	227 
3251	194 
3252	344 
3253	193 
3254	215 
3255	312 
3256	89 
3257	24 
3258	127 
3259	379 
3260	26 
3261	154 
3262	178 
3263	298 
3264	252 
3265	304 
3266	77 
3267	289 
3268	127 
3269	357 
3270	306 
3271	72 
3272	204 
3273	145 
3274	308 
3275	69 
3276	131 
3277	265 
3278	53 
3279	105 
3280	23 
3281	87 
3282	115 
3283	87 
3284	307 
3285	12 
3286	67 
3287	20 
3288	25 
3289	277 
3290	261 
3291	20 
3292	149 
3293	297 
3294	1 
3295	351 
3296	240 
3297	312 
3298	63 
3299	234 
3300	84 
3301	270 
3302	364 
3303	20 
3304	146 
3305	330 
3306	343 
3307	121 
3308	47 
3309	268 
3310	7 
3311	149 
3312	205 
3313	34 
3314	364 
3315	187 
3316	247 
3317	268 
3318	276 
3319	193 
3320	364 
3321	226 
3322	379 
3323	145 
3324	349 
3325	83 
3326	197 
3327	339 
3328	301 
3329	294 
3330	98 
3331	279 
3332	173 
3333	383 
3334	15 
3335	239 
3336	31 
3337	265 
3338	133 
3339	118 
3340	10 
3341	77 
3342	217 
3343	50 
3344	270 
3345	118 
3346	324 
3347	8 
3348	287 
3349	204 
3350	270 
3351	166 
3352	121 
3353	55 
3354	12 
3355	359 
3356	180 
3357	354 
3358	81 
3359	193 
3360	303 
3361	89 
3362	3 
3363	14 
3364	64 
3365	247 
3366	202 
3367	82 
3368	273 
3369	367 
3370	128 
3371	330 
3372	52 
3373	150 
3374	37 
3375	219 
3376	301 
3377	98 
3378	256 
3379	346 
3380	366 
3381	347 
3382	93 
3383	270 
3384	75 
3385	286 
3386	381 
3387	357 
3388	123 
3389	102 
3390	199 
3391	58 
3392	382 
3393	211 
3394	110 
3395	26 
3396	325 
3397	121 
3398	209 
3399	49 
3400	272 
3401	38 
3402	243 
3403	296 
3404	154 
3405	230 
3406	1 
3407	372 
3408	70 
3409	284 
3410	18 
3411	352 
3412	252 
3413	372 
3414	31 
3415	40 
3416	9 
3417	217 
3418	279 
3419	277 
3420	377 
3421	349 
3422	78 
3423	55 
3424	121 
3425	242 
3426	211 
3427	302 
3428	211 
3429	354 
3430	195 
3431	314 
3432	208 
3433	110 
3434	211 
3435	366 
3436	202 
3437	197 
3438	11 
3439	254 
3440	363 
3441	243 
3442	192 
3443	45 
3444	223 
3445	220 
3446	246 
3447	53 
3448	232 
3449	263 
3450	293 
3451	299 
3452	342 
3453	372 
3454	42 
3455	187 
3456	224 
3457	98 
3458	136 
3459	32 
3460	231 
3461	112 
3462	242 
3463	234 
3464	52 
3465	315 
3466	373 
3467	221 
3468	212 
3469	243 
3470	183 
3471	88 
3472	254 
3473	122 
3474	215 
3475	117 
3476	206 
3477	158 
3478	153 
3479	326 
3480	270 
3481	356 
3482	302 
3483	20 
3484	193 
3485	220 
3486	67 
3487	21 
3488	154 
3489	279 
3490	310 
3491	281 
3492	121 
3493	264 
3494	12 
3495	342 
3496	366 
3497	348 
3498	84 
3499	220 
3500	333 
3501	166 
3502	8 
3503	206 
3504	219 
3505	98 
3506	101 
3507	191 
3508	59 
3509	18 
3510	89 
3511	44 
3512	260 
3513	70 
3514	97 
3515	123 
3516	182 
3517	94 
3518	76 
3519	67 
3520	279 
3521	144 
3522	93 
3523	187 
3524	13 
3525	298 
3526	78 
3527	367 
3528	266 
3529	125 
3530	306 
3531	140 
3532	363 
3533	47 
3534	298 
3535	53 
3536	363 
3537	86 
3538	235 
3539	3 
3540	382 
3541	354 
3542	358 
3543	131 
3544	187 
3545	376 
3546	126 
3547	155 
3548	40 
3549	93 
3550	105 
3551	256 
3552	312 
3553	51 
3554	236 
3555	10 
3556	235 
3557	41 
3558	370 
3559	83 
3560	176 
3561	282 
3562	84 
3563	76 
3564	335 
3565	164 
3566	224 
3567	68 
3568	187 
3569	141 
3570	380 
3571	89 
3572	140 
3573	373 
3574	296 
3575	220 
3576	253 
3577	265 
3578	284 
3579	112 
3580	275 
3581	154 
3582	76 
3583	333 
3584	95 
3585	344 
3586	83 
3587	126 
3588	332 
3589	296 
3590	249 
3591	314 
3592	181 
3593	271 
3594	72 
3595	312 
3596	81 
3597	382 
3598	281 
3599	13 
3600	37 
3601	196 
3602	223 
3603	242 
3604	246 
3605	342 
3606	58 
3607	364 
3608	149 
3609	313 
3610	191 
3611	342 
3612	262 
3613	379 
3614	345 
3615	356 
3616	197 
3617	214 
3618	181 
3619	113 
3620	82 
3621	279 
3622	149 
3623	225 
3624	49 
3625	219 
3626	357 
3627	177 
3628	95 
3629	202 
3630	42 
3631	325 
3632	308 
3633	183 
3634	245 
3635	275 
3636	93 
3637	55 
3638	362 
3639	137 
3640	248 
3641	123 
3642	56 
3643	6 
3644	218 
3645	252 
3646	139 
3647	190 
3648	87 
3649	243 
3650	142 
3651	100 
3652	316 
3653	349 
3654	172 
3655	329 
3656	28 
3657	72 
3658	53 
3659	84 
3660	229 
3661	181 
3662	308 
3663	183 
3664	312 
3665	114 
3666	281 
3667	22 
3668	294 
3669	365 
3670	237 
3671	277 
3672	323 
3673	121 
3674	326 
3675	66 
3676	169 
3677	137 
3678	145 
3679	108 
3680	19 
3681	210 
3682	382 
3683	273 
3684	156 
3685	260 
3686	122 
3687	70 
3688	215 
3689	301 
3690	349 
3691	193 
3692	352 
3693	370 
3694	75 
3695	27 
3696	208 
3697	87 
3698	214 
3699	266 
3700	366 
3701	284 
3702	263 
3703	125 
3704	309 
3705	63 
3706	297 
3707	187 
3708	298 
3709	182 
3710	159 
3711	182 
3712	206 
3713	315 
3714	278 
3715	7 
3716	78 
3717	42 
3718	363 
3719	131 
3720	140 
3721	229 
3722	333 
3723	136 
3724	13 
3725	9 
3726	13 
3727	226 
3728	87 
3729	361 
3730	345 
3731	123 
3732	46 
3733	287 
3734	351 
3735	64 
3736	330 
3737	249 
3738	58 
3739	270 
3740	95 
3741	163 
3742	197 
3743	93 
3744	321 
3745	364 
3746	219 
3747	169 
3748	99 
3749	53 
3750	289 
3751	323 
3752	300 
3753	365 
3754	103 
3755	164 
3756	98 
3757	256 
3758	26 
3759	104 
3760	186 
3761	22 
3762	43 
3763	265 
3764	231 
3765	276 
3766	282 
3767	305 
3768	68 
3769	74 
3770	252 
3771	104 
3772	320 
3773	87 
3774	381 
3775	319 
3776	345 
3777	256 
3778	113 
3779	13 
3780	211 
3781	330 
3782	57 
3783	368 
3784	334 
3785	137 
3786	205 
3787	187 
3788	147 
3789	192 
3790	358 
3791	78 
3792	42 
3793	89 
3794	243 
3795	365 
3796	183 
3797	44 
3798	220 
3799	113 
3800	182 
3801	230 
3802	19 
3803	116 
3804	130 
3805	100 
3806	277 
3807	363 
3808	375 
3809	104 
3810	178 
3811	208 
3812	326 
3813	278 
3814	16 
3815	141 
3816	66 
3817	160 
3818	276 
3819	97 
3820	104 
3821	266 
3822	214 
3823	19 
3824	285 
3825	111 
3826	219 
3827	322 
3828	357 
3829	20 
3830	312 
3831	354 
3832	166 
3833	152 
3834	14 
3835	114 
3836	226 
3837	364 
3838	121 
3839	256 
3840	12 
3841	192 
3842	196 
3843	190 
3844	73 
3845	5 
3846	164 
3847	296 
3848	329 
3849	173 
3850	186 
3851	26 
3852	359 
3853	302 
3854	311 
3855	36 
3856	224 
3857	84 
3858	298 
3859	13 
3860	300 
3861	278 
3862	95 
3863	220 
3864	217 
3865	58 
3866	178 
3867	40 
3868	323 
3869	196 
3870	52 
3871	187 
3872	349 
3873	371 
3874	354 
3875	37 
3876	163 
3877	291 
3878	320 
3879	347 
3880	370 
3881	367 
3882	186 
3883	46 
3884	211 
3885	38 
3886	329 
3887	351 
3888	42 
3889	242 
3890	168 
3891	218 
3892	55 
3893	81 
3894	332 
3895	160 
3896	143 
3897	305 
3898	68 
3899	160 
3900	98 
3901	363 
3902	214 
3903	161 
3904	151 
3905	92 
3906	23 
3907	89 
3908	99 
3909	121 
3910	351 
3911	137 
3912	170 
3913	368 
3914	223 
3915	181 
3916	52 
3917	215 
3918	67 
3919	123 
3920	264 
3921	372 
3922	367 
3923	229 
3924	21 
3925	113 
3926	111 
3927	169 
3928	103 
3929	281 
3930	275 
3931	172 
3932	303 
3933	10 
3934	202 
3935	354 
3936	297 
3937	324 
3938	349 
3939	299 
3940	248 
3941	287 
3942	209 
3943	93 
3944	343 
3945	267 
3946	362 
3947	7 
3948	117 
3949	349 
3950	351 
3951	23 
3952	356 
3953	343 
3954	310 
3955	1 
3956	78 
3957	114 
3958	296 
3959	364 
3960	182 
3961	30 
3962	118 
3963	160 
3964	333 
3965	97 
3966	359 
3967	5 
3968	379 
3969	187 
3970	17 
3971	114 
3972	223 
3973	13 
3974	318 
3975	176 
3976	132 
3977	299 
3978	111 
3979	143 
3980	340 
3981	87 
3982	15 
3983	104 
3984	162 
3985	95 
3986	323 
3987	204 
3988	108 
3989	86 
3990	256 
3991	214 
3992	126 
3993	205 
3994	354 
3995	220 
3996	382 
3997	210 
3998	87 
3999	146 
4000	86 
4001	131 
4002	323 
4003	276 
4004	156 
4005	10 
4006	19 
4007	24 
4008	113 
4009	215 
4010	115 
4011	46 
4012	196 
4013	39 
4014	151 
4015	258 
4016	205 
4017	247 
4018	157 
4019	232 
4020	93 
4021	254 
4022	40 
4023	382 
4024	156 
4025	193 
4026	67 
4027	5 
4028	93 
4029	335 
4030	276 
4031	105 
4032	78 
4033	294 
4034	322 
4035	93 
4036	339 
4037	286 
4038	121 
4039	354 
4040	51 
4041	221 
4042	314 
4043	108 
4044	339 
4045	26 
4046	35 
4047	97 
4048	215 
4049	97 
4050	310 
4051	279 
4052	322 
4053	4 
4054	186 
4055	202 
4056	105 
4057	105 
4058	154 
4059	85 
4060	218 
4061	184 
4062	182 
4063	263 
4064	194 
4065	14 
4066	7 
4067	59 
4068	49 
4069	162 
4070	183 
4071	252 
4072	5 
4073	117 
4074	55 
4075	116 
4076	193 
4077	293 
4078	59 
4079	309 
4080	221 
4081	229 
4082	98 
4083	308 
4084	102 
4085	349 
4086	378 
4087	302 
4088	122 
4089	156 
4090	349 
4091	197 
4092	63 
4093	117 
4094	287 
4095	115 
4096	301 
4097	300 
4098	57 
4099	121 
4100	53 
4101	219 
4102	376 
4103	194 
4104	135 
4105	263 
4106	274 
4107	285 
4108	319 
4109	204 
4110	126 
4111	286 
4112	287 
4113	275 
4114	361 
4115	265 
4116	12 
4117	23 
4118	237 
4119	372 
4120	193 
4121	173 
4122	83 
4123	381 
4124	204 
4125	37 
4126	143 
4127	277 
4128	207 
4129	57 
4130	343 
4131	124 
4132	86 
4133	46 
4134	75 
4135	178 
4136	66 
4137	219 
4138	303 
4139	97 
4140	41 
4141	354 
4142	301 
4143	317 
4144	156 
4145	116 
4146	355 
4147	216 
4148	31 
4149	242 
4150	99 
4151	376 
4152	72 
4153	74 
4154	298 
4155	349 
4156	382 
4157	151 
4158	140 
4159	377 
4160	193 
4161	45 
4162	101 
4163	215 
4164	112 
4165	55 
4166	186 
4167	158 
4168	37 
4169	248 
4170	375 
4171	166 
4172	277 
4173	268 
4174	176 
4175	296 
4176	50 
4177	76 
4178	358 
4179	14 
4180	69 
4181	140 
4182	166 
4183	113 
4184	8 
4185	110 
4186	114 
4187	122 
4188	101 
4189	343 
4190	329 
4191	371 
4192	56 
4193	81 
4194	79 
4195	66 
4196	214 
4197	23 
4198	176 
4199	273 
4200	136 
4201	217 
4202	55 
4203	87 
4204	199 
4205	300 
4206	351 
4207	79 
4208	115 
4209	325 
4210	19 
4211	260 
4212	294 
4213	78 
4214	352 
4215	136 
4216	205 
4217	18 
4218	128 
4219	10 
4220	168 
4221	128 
4222	141 
4223	132 
4224	142 
4225	367 
4226	125 
4227	64 
4228	263 
4229	37 
4230	119 
4231	312 
4232	8 
4233	76 
4234	141 
4235	226 
4236	376 
4237	38 
4238	117 
4239	131 
4240	371 
4241	289 
4242	83 
4243	140 
4244	282 
4245	93 
4246	349 
4247	17 
4248	315 
4249	351 
4250	220 
4251	152 
4252	75 
4253	219 
4254	302 
4255	226 
4256	108 
4257	93 
4258	99 
4259	122 
4260	349 
4261	120 
4262	31 
4263	34 
4264	10 
4265	116 
4266	181 
4267	163 
4268	75 
4269	121 
4270	316 
4271	31 
4272	260 
4273	17 
4274	134 
4275	76 
4276	50 
4277	87 
4278	215 
4279	226 
4280	39 
4281	8 
4282	142 
4283	277 
4284	187 
4285	42 
4286	236 
4287	168 
4288	26 
4289	49 
4290	160 
4291	134 
4292	66 
4293	378 
4294	240 
4295	13 
4296	34 
4297	121 
4298	253 
4299	369 
4300	18 
4301	276 
4302	123 
4303	113 
4304	220 
4305	219 
4306	65 
4307	110 
4308	40 
4309	168 
4310	376 
4311	105 
4312	260 
4313	256 
4314	199 
4315	382 
4316	140 
4317	291 
4318	83 
4319	375 
4320	4 
4321	79 
4322	354 
4323	34 
4324	312 
4325	148 
4326	242 
4327	266 
4328	119 
4329	253 
4330	42 
4331	377 
4332	14 
4333	136 
4334	321 
4335	317 
4336	84 
4337	365 
4338	118 
4339	165 
4340	275 
4341	364 
4342	219 
4343	84 
4344	191 
4345	81 
4346	36 
4347	12 
4348	110 
4349	173 
4350	202 
4351	352 
4352	285 
4353	348 
4354	172 
4355	182 
4356	22 
4357	330 
4358	23 
4359	39 
4360	155 
4361	219 
4362	110 
4363	243 
4364	131 
4365	151 
4366	159 
4367	42 
4368	327 
4369	55 
4370	125 
4371	93 
4372	183 
4373	253 
4374	46 
4375	179 
4376	191 
4377	194 
4378	87 
4379	227 
4380	197 
4381	125 
4382	311 
4383	307 
4384	37 
4385	110 
4386	293 
4387	110 
4388	86 
4389	262 
4390	32 
4391	26 
4392	370 
4393	104 
4394	357 
4395	380 
4396	159 
4397	268 
4398	312 
4399	55 
4400	295 
4401	335 
4402	105 
4403	226 
4404	186 
4405	215 
4406	154 
4407	359 
4408	288 
4409	277 
4410	76 
4411	196 
4412	308 
4413	125 
4414	112 
4415	235 
4416	243 
4417	40 
4418	105 
4419	193 
4420	290 
4421	172 
4422	179 
4423	358 
4424	24 
4425	263 
4426	86 
4427	53 
4428	298 
4429	289 
4430	70 
4431	37 
4432	122 
4433	12 
4434	343 
4435	252 
4436	160 
4437	111 
4438	187 
4439	157 
4440	83 
4441	165 
4442	187 
4443	253 
4444	186 
4445	149 
4446	201 
4447	159 
4448	211 
4449	310 
4450	335 
4451	315 
4452	9 
4453	376 
4454	230 
4455	382 
4456	316 
4457	325 
4458	176 
4459	265 
4460	287 
4461	326 
4462	101 
4463	101 
4464	113 
4465	104 
4466	58 
4467	276 
4468	201 
4469	68 
4470	84 
4471	252 
4472	262 
4473	136 
4474	125 
4475	121 
4476	86 
4477	3 
4478	330 
4479	120 
4480	165 
4481	355 
4482	45 
4483	263 
4484	211 
4485	363 
4486	146 
4487	24 
4488	115 
4489	355 
4490	78 
4491	142 
4492	30 
4493	297 
4494	13 
4495	127 
4496	91 
4497	365 
4498	76 
4499	362 
4500	10 
4501	158 
4502	67 
4503	339 
4504	34 
4505	266 
4506	377 
4507	334 
4508	136 
4509	373 
4510	202 
4511	217 
4512	360 
4513	301 
4514	137 
4515	315 
4516	266 
4517	231 
4518	114 
4519	123 
4520	262 
4521	251 
4522	366 
4523	99 
4524	351 
4525	89 
4526	103 
4527	315 
4528	317 
4529	69 
4530	243 
4531	345 
4532	237 
4533	277 
4534	30 
4535	137 
4536	186 
4537	104 
4538	354 
4539	351 
4540	83 
4541	221 
4542	337 
4543	68 
4544	112 
4545	89 
4546	361 
4547	262 
4548	165 
4549	67 
4550	349 
4551	237 
4552	325 
4553	110 
4554	282 
4555	364 
4556	256 
4557	115 
4558	367 
4559	57 
4560	1 
4561	122 
4562	118 
4563	145 
4564	86 
4565	342 
4566	139 
4567	97 
4568	73 
4569	134 
4570	116 
4571	372 
4572	176 
4573	68 
4574	172 
4575	75 
4576	340 
4577	368 
4578	334 
4579	48 
4580	264 
4581	363 
4582	85 
4583	309 
4584	110 
4585	368 
4586	333 
4587	101 
4588	190 
4589	13 
4590	182 
4591	7 
4592	8 
4593	7 
4594	32 
4595	254 
4596	4 
4597	56 
4598	74 
4599	191 
4600	230 
4601	239 
4602	270 
4603	23 
4604	325 
4605	232 
4606	51 
4607	363 
4608	160 
4609	205 
4610	10 
4611	232 
4612	68 
4613	363 
4614	142 
4615	8 
4616	85 
4617	187 
4618	355 
4619	204 
4620	31 
4621	279 
4622	256 
4623	172 
4624	113 
4625	15 
4626	223 
4627	256 
4628	322 
4629	139 
4630	312 
4631	27 
4632	49 
4633	207 
4634	123 
4635	177 
4636	164 
4637	351 
4638	43 
4639	214 
4640	192 
4641	239 
4642	296 
4643	121 
4644	365 
4645	323 
4646	192 
4647	35 
4648	248 
4649	61 
4650	272 
4651	15 
4652	122 
4653	243 
4654	268 
4655	358 
4656	289 
4657	222 
4658	57 
4659	281 
4660	243 
4661	264 
4662	243 
4663	247 
4664	81 
4665	179 
4666	222 
4667	113 
4668	92 
4669	13 
4670	223 
4671	296 
4672	348 
4673	286 
4674	186 
4675	187 
4676	349 
4677	342 
4678	199 
4679	81 
4680	199 
4681	196 
4682	26 
4683	354 
4684	136 
4685	17 
4686	184 
4687	321 
4688	26 
4689	41 
4690	93 
4691	298 
4692	286 
4693	123 
4694	191 
4695	152 
4696	121 
4697	326 
4698	116 
4699	83 
4700	65 
4701	108 
4702	382 
4703	113 
4704	231 
4705	265 
4706	211 
4707	344 
4708	326 
4709	99 
4710	165 
4711	263 
4712	89 
4713	335 
4714	157 
4715	227 
4716	157 
4717	113 
4718	218 
4719	196 
4720	26 
4721	318 
4722	169 
4723	93 
4724	256 
4725	239 
4726	326 
4727	163 
4728	307 
4729	376 
4730	276 
4731	330 
4732	211 
4733	191 
4734	302 
4735	123 
4736	84 
4737	300 
4738	378 
4739	354 
4740	156 
4741	108 
4742	73 
4743	83 
4744	253 
4745	157 
4746	35 
4747	151 
4748	161 
4749	230 
4750	197 
4751	56 
4752	322 
4753	67 
4754	67 
4755	302 
4756	204 
4757	366 
4758	97 
4759	192 
4760	162 
4761	70 
4762	196 
4763	296 
4764	160 
4765	18 
4766	166 
4767	34 
4768	312 
4769	121 
4770	352 
4771	222 
4772	268 
4773	223 
4774	72 
4775	156 
4776	260 
4777	196 
4778	137 
4779	75 
4780	171 
4781	101 
4782	171 
4783	191 
4784	139 
4785	264 
4786	369 
4787	166 
4788	162 
4789	79 
4790	308 
4791	160 
4792	141 
4793	352 
4794	227 
4795	113 
4796	132 
4797	355 
4798	177 
4799	186 
4800	108 
4801	361 
4802	103 
4803	359 
4804	367 
4805	285 
4806	11 
4807	224 
4808	124 
4809	40 
4810	60 
4811	11 
4812	207 
4813	330 
4814	17 
4815	304 
4816	378 
4817	207 
4818	84 
4819	12 
4820	302 
4821	182 
4822	194 
4823	226 
4824	214 
4825	328 
4826	352 
4827	135 
4828	245 
4829	156 
4830	76 
4831	97 
4832	328 
4833	304 
4834	86 
4835	95 
4836	166 
4837	87 
4838	105 
4839	2 
4840	41 
4841	358 
4842	101 
4843	318 
4844	211 
4845	86 
4846	10 
4847	377 
4848	34 
4849	24 
4850	191 
4851	265 
4852	114 
4853	161 
4854	282 
4855	178 
4856	254 
4857	91 
4858	229 
4859	230 
4860	308 
4861	115 
4862	381 
4863	15 
4864	248 
4865	187 
4866	265 
4867	56 
4868	212 
4869	377 
4870	342 
4871	195 
4872	322 
4873	246 
4874	205 
4875	297 
4876	63 
4877	216 
4878	201 
4879	326 
4880	1 
4881	235 
4882	113 
4883	239 
4884	78 
4885	10 
4886	101 
4887	230 
4888	135 
4889	22 
4890	361 
4891	281 
4892	110 
4893	134 
4894	105 
4895	160 
4896	26 
4897	242 
4898	34 
4899	362 
4900	295 
4901	134 
4902	83 
4903	85 
4904	65 
4905	69 
4906	122 
4907	334 
4908	110 
4909	163 
4910	310 
4911	156 
4912	264 
4913	296 
4914	218 
4915	1 
4916	277 
4917	75 
4918	208 
4919	51 
4920	142 
4921	294 
4922	264 
4923	364 
4924	18 
4925	345 
4926	154 
4927	40 
4928	298 
4929	65 
4930	151 
4931	104 
4932	368 
4933	152 
4934	378 
4935	113 
4936	196 
4937	75 
4938	131 
4939	91 
4940	266 
4941	78 
4942	263 
4943	193 
4944	154 
4945	268 
4946	299 
4947	103 
4948	57 
4949	93 
4950	334 
4951	372 
4952	111 
4953	115 
4954	214 
4955	93 
4956	40 
4957	310 
4958	20 
4959	93 
4960	361 
4961	254 
4962	72 
4963	73 
4964	321 
4965	44 
4966	123 
4967	42 
4968	10 
4969	342 
4970	186 
4971	223 
4972	8 
4973	314 
4974	226 
4975	98 
4976	143 
4977	61 
4978	182 
4979	84 
4980	328 
4981	75 
4982	230 
4983	249 
4984	121 
4985	56 
4986	209 
4987	1 
4988	170 
4989	199 
4990	212 
4991	187 
4992	285 
4993	328 
4994	187 
4995	323 
4996	378 
4997	362 
4998	169 
4999	160 
5000	262 
5001	142 
5002	144 
5003	98 
5004	12 
5005	171 
5006	184 
5007	363 
5008	247 
5009	164 
5010	60 
5011	298 
5012	158 
5013	237 
5014	275 
5015	86 
5016	169 
5017	45 
5018	67 
5019	235 
5020	223 
5021	218 
5022	35 
5023	230 
5024	170 
5025	10 
5026	16 
5027	260 
5028	322 
5029	101 
5030	317 
5031	147 
5032	190 
5033	364 
5034	144 
5035	243 
5036	256 
5037	296 
5038	18 
5039	181 
5040	296 
5041	142 
5042	375 
5043	217 
5044	243 
5045	262 
5046	215 
5047	93 
5048	178 
5049	352 
5050	23 
5051	279 
5052	354 
5053	326 
5054	208 
5055	298 
5056	14 
5057	121 
5058	95 
5059	211 
5060	5 
5061	263 
5062	172 
5063	350 
5064	63 
5065	345 
5066	220 
5067	181 
5068	272 
5069	253 
5070	89 
5071	242 
5072	114 
5073	357 
5074	323 
5075	160 
5076	68 
5077	51 
5078	328 
5079	315 
5080	265 
5081	140 
5082	326 
5083	93 
5084	160 
5085	366 
5086	357 
5087	115 
5088	42 
5089	378 
5090	118 
5091	339 
5092	8 
5093	297 
5094	72 
5095	351 
5096	379 
5097	291 
5098	242 
5099	89 
5100	256 
5101	359 
5102	232 
5103	160 
5104	151 
5105	364 
5106	262 
5107	78 
5108	135 
5109	42 
5110	55 
5111	216 
5112	49 
5113	186 
5114	166 
5115	339 
5116	83 
5117	154 
5118	364 
5119	47 
5120	97 
5121	278 
5122	187 
5123	10 
5124	193 
5125	206 
5126	154 
5127	272 
5128	137 
5129	219 
5130	4 
5131	276 
5132	140 
5133	41 
5134	118 
5135	315 
5136	56 
5137	254 
5138	376 
5139	191 
5140	202 
5141	327 
5142	86 
5143	199 
5144	260 
5145	37 
5146	358 
5147	135 
5148	44 
5149	112 
5150	303 
5151	354 
5152	339 
5153	97 
5154	12 
5155	14 
5156	285 
5157	216 
5158	215 
5159	61 
5160	252 
5161	2 
5162	294 
5163	371 
5164	314 
5165	158 
5166	105 
5167	216 
5168	12 
5169	182 
5170	284 
5171	121 
5172	27 
5173	13 
5174	308 
5175	193 
5176	284 
5177	356 
5178	196 
5179	146 
5180	351 
5181	105 
5182	216 
5183	65 
5184	23 
5185	239 
5186	204 
5187	15 
5188	181 
5189	108 
5190	11 
5191	182 
5192	99 
5193	364 
5194	55 
5195	349 
5196	98 
5197	61 
5198	78 
5199	147 
5200	56 
5201	289 
5202	256 
5203	282 
5204	194 
5205	216 
5206	328 
5207	272 
5208	291 
5209	154 
5210	45 
5211	84 
5212	187 
5213	325 
5214	382 
5215	173 
5216	263 
5217	324 
5218	329 
5219	91 
5220	272 
5221	56 
5222	264 
5223	375 
5224	101 
5225	300 
5226	12 
5227	70 
5228	115 
5229	4 
5230	60 
5231	116 
5232	243 
5233	35 
5234	212 
5235	97 
5236	296 
5237	10 
5238	377 
5239	67 
5240	294 
5241	367 
5242	298 
5243	181 
5244	193 
5245	321 
5246	334 
5247	98 
5248	279 
5249	271 
5250	256 
5251	172 
5252	14 
5253	358 
5254	370 
5255	43 
5256	191 
5257	156 
5258	221 
5259	277 
5260	42 
5261	312 
5262	276 
5263	170 
5264	86 
5265	40 
5266	98 
5267	182 
5268	41 
5269	13 
5270	137 
5271	53 
5272	323 
5273	309 
5274	294 
5275	84 
5276	97 
5277	194 
5278	46 
5279	170 
5280	383 
5281	361 
5282	34 
5283	354 
5284	3 
5285	2 
5286	207 
5287	193 
5288	300 
5289	115 
5290	144 
5291	350 
5292	7 
5293	66 
5294	19 
5295	74 
5296	113 
5297	379 
5298	383 
5299	193 
5300	151 
5301	16 
5302	12 
5303	330 
5304	265 
5305	230 
5306	372 
5307	50 
5308	252 
5309	226 
5310	37 
5311	381 
5312	2 
5313	81 
5314	327 
5315	216 
5316	363 
5317	181 
5318	371 
5319	56 
5320	113 
5321	105 
5322	169 
5323	19 
5324	137 
5325	162 
5326	165 
5327	161 
5328	351 
5329	204 
5330	333 
5331	289 
5332	205 
5333	226 
5334	277 
5335	77 
5336	284 
5337	142 
5338	258 
5339	223 
5340	119 
5341	220 
5342	31 
5343	305 
5344	120 
5345	34 
5346	30 
5347	308 
5348	208 
5349	354 
5350	78 
5351	308 
5352	164 
5353	88 
5354	38 
5355	205 
5356	260 
5357	344 
5358	205 
5359	214 
5360	202 
5361	245 
5362	343 
5363	181 
5364	17 
5365	110 
5366	364 
5367	231 
5368	187 
5369	110 
5370	156 
5371	354 
5372	105 
5373	375 
5374	23 
5375	78 
5376	77 
5377	378 
5378	359 
5379	356 
5380	118 
5381	10 
5382	93 
5383	224 
5384	128 
5385	9 
5386	156 
5387	156 
5388	1 
5389	98 
5390	169 
5391	22 
5392	10 
5393	19 
5394	39 
5395	211 
5396	58 
5397	208 
5398	20 
5399	239 
5400	92 
5401	373 
5402	307 
5403	26 
5404	113 
5405	158 
5406	7 
5407	30 
5408	72 
5409	215 
5410	98 
5411	194 
5412	367 
5413	245 
5414	144 
5415	284 
5416	151 
5417	214 
5418	219 
5419	260 
5420	50 
5421	55 
5422	187 
5423	169 
5424	92 
5425	281 
5426	165 
5427	313 
5428	186 
5429	30 
5430	7 
5431	276 
5432	88 
5433	227 
5434	372 
5435	154 
5436	274 
5437	309 
5438	219 
5439	122 
5440	364 
5441	151 
5442	206 
5443	125 
5444	114 
5445	123 
5446	186 
5447	356 
5448	342 
5449	154 
5450	14 
5451	298 
5452	68 
5453	53 
5454	119 
5455	169 
5456	27 
5457	365 
5458	91 
5459	92 
5460	61 
5461	258 
5462	112 
5463	142 
5464	151 
5465	110 
5466	247 
5467	89 
5468	227 
5469	119 
5470	275 
5471	18 
5472	8 
5473	178 
5474	123 
5475	45 
5476	260 
5477	154 
5478	282 
5479	103 
5480	340 
5481	375 
5482	265 
5483	358 
5484	329 
5485	272 
5486	180 
5487	314 
5488	371 
5489	172 
5490	379 
5491	105 
5492	110 
5493	75 
5494	359 
5495	260 
5496	5 
5497	215 
5498	160 
5499	211 
5500	211 
5501	363 
5502	128 
5503	166 
5504	56 
5505	303 
5506	182 
5507	191 
5508	69 
5509	51 
5510	286 
5511	182 
5512	192 
5513	282 
5514	284 
5515	320 
5516	101 
5517	361 
5518	256 
5519	372 
5520	191 
5521	12 
5522	102 
5523	151 
5524	86 
5525	339 
5526	101 
5527	86 
5528	209 
5529	220 
5530	286 
5531	315 
5532	151 
5533	312 
5534	117 
5535	172 
5536	328 
5537	224 
5538	263 
5539	42 
5540	251 
5541	197 
5542	317 
5543	367 
5544	376 
5545	119 
5546	382 
5547	356 
5548	160 
5549	351 
5550	47 
5551	100 
5552	39 
5553	179 
5554	329 
5555	73 
5556	216 
5557	237 
5558	246 
5559	214 
5560	373 
5561	70 
5562	84 
5563	47 
5564	64 
5565	131 
5566	369 
5567	223 
5568	305 
5569	11 
5570	350 
5571	122 
5572	158 
5573	186 
5574	220 
5575	87 
5576	121 
5577	358 
5578	357 
5579	9 
5580	196 
5581	193 
5582	309 
5583	81 
5584	26 
5585	105 
5586	151 
5587	163 
5588	36 
5589	300 
5590	254 
5591	308 
5592	258 
5593	4 
5594	301 
5595	1 
5596	350 
5597	343 
5598	330 
5599	60 
5600	324 
5601	27 
5602	53 
5603	1 
5604	23 
5605	300 
5606	254 
5607	70 
5608	347 
5609	286 
5610	179 
5611	44 
5612	101 
5613	114 
5614	127 
5615	363 
5616	265 
5617	32 
5618	164 
5619	349 
5620	245 
5621	56 
5622	123 
5623	223 
5624	171 
5625	308 
5626	328 
5627	56 
5628	186 
5629	367 
5630	193 
5631	218 
5632	192 
5633	99 
5634	105 
5635	95 
5636	249 
5637	158 
5638	345 
5639	178 
5640	191 
5641	53 
5642	256 
5643	182 
5644	222 
5645	40 
5646	317 
5647	351 
5648	251 
5649	215 
5650	298 
5651	356 
5652	93 
5653	218 
5654	88 
5655	323 
5656	147 
5657	75 
5658	242 
5659	108 
5660	16 
5661	101 
5662	345 
5663	172 
5664	271 
5665	191 
5666	192 
5667	308 
5668	113 
5669	157 
5670	53 
5671	149 
5672	145 
5673	247 
5674	242 
5675	327 
5676	72 
5677	376 
5678	44 
5679	93 
5680	329 
5681	51 
5682	379 
5683	44 
5684	160 
5685	93 
5686	98 
5687	97 
5688	24 
5689	168 
5690	333 
5691	247 
5692	92 
5693	30 
5694	26 
5695	220 
5696	192 
5697	256 
5698	97 
5699	75 
5700	196 
5701	263 
5702	302 
5703	193 
5704	191 
5705	199 
5706	38 
5707	121 
5708	114 
5709	73 
5710	217 
5711	166 
5712	176 
5713	12 
5714	142 
5715	67 
5716	115 
5717	216 
5718	108 
5719	301 
5720	359 
5721	256 
5722	364 
5723	169 
5724	113 
5725	75 
5726	56 
5727	272 
5728	101 
5729	16 
5730	98 
5731	363 
5732	161 
5733	334 
5734	317 
5735	84 
5736	159 
5737	377 
5738	191 
5739	237 
5740	282 
5741	173 
5742	75 
5743	272 
5744	182 
5745	204 
5746	162 
5747	286 
5748	45 
5749	68 
5750	26 
5751	53 
5752	265 
5753	48 
5754	166 
5755	31 
5756	179 
5757	294 
5758	92 
5759	172 
5760	351 
5761	65 
5762	252 
5763	192 
5764	187 
5765	294 
5766	156 
5767	160 
5768	252 
5769	101 
5770	63 
5771	215 
5772	11 
5773	194 
5774	275 
5775	212 
5776	330 
5777	65 
5778	151 
5779	67 
5780	211 
5781	49 
5782	140 
5783	237 
5784	36 
5785	91 
5786	114 
5787	219 
5788	110 
5789	99 
5790	45 
5791	70 
5792	103 
5793	258 
5794	367 
5795	358 
5796	123 
5797	61 
5798	114 
5799	305 
5800	163 
5801	315 
5802	182 
5803	165 
5804	37 
5805	317 
5806	290 
5807	108 
5808	166 
5809	211 
5810	363 
5811	113 
5812	373 
5813	286 
5814	379 
5815	172 
5816	93 
5817	55 
5818	294 
5819	147 
5820	260 
5821	144 
5822	97 
5823	56 
5824	266 
5825	286 
5826	67 
5827	127 
5828	19 
5829	263 
5830	1 
5831	40 
5832	309 
5833	245 
5834	211 
5835	108 
5836	299 
5837	315 
5838	123 
5839	53 
5840	271 
5841	125 
5842	99 
5843	1 
5844	172 
5845	300 
5846	183 
5847	68 
5848	364 
5849	296 
5850	309 
5851	65 
5852	326 
5853	211 
5854	307 
5855	46 
5856	93 
5857	161 
5858	351 
5859	89 
5860	361 
5861	171 
5862	113 
5863	237 
5864	256 
5865	110 
5866	367 
5867	126 
5868	126 
5869	145 
5870	181 
5871	84 
5872	140 
5873	212 
5874	159 
5875	242 
5876	142 
5877	1 
5878	290 
5879	376 
5880	84 
5881	125 
5882	15 
5883	354 
5884	300 
5885	291 
5886	35 
5887	356 
5888	93 
5889	101 
5890	166 
5891	265 
5892	118 
5893	219 
5894	215 
5895	315 
5896	67 
5897	325 
5898	247 
5899	111 
5900	300 
5901	75 
5902	16 
5903	159 
5904	349 
5905	141 
5906	193 
5907	161 
5908	136 
5909	69 
5910	223 
5911	370 
5912	37 
5913	182 
5914	114 
5915	119 
5916	40 
5917	119 
5918	193 
5919	56 
5920	113 
5921	364 
5922	219 
5923	367 
5924	30 
5925	282 
5926	123 
5927	218 
5928	105 
5929	26 
5930	20 
5931	60 
5932	140 
5933	266 
5934	152 
5935	179 
5936	194 
5937	65 
5938	260 
5939	105 
5940	121 
5941	246 
5942	161 
5943	287 
5944	50 
5945	97 
5946	121 
5947	192 
5948	86 
5949	140 
5950	83 
5951	108 
5952	287 
5953	108 
5954	382 
5955	357 
5956	164 
5957	230 
5958	289 
5959	92 
5960	215 
5961	53 
5962	356 
5963	22 
5964	186 
5965	296 
5966	34 
5967	36 
5968	26 
5969	60 
5970	359 
5971	149 
5972	268 
5973	36 
5974	101 
5975	322 
5976	58 
5977	169 
5978	356 
5979	36 
5980	372 
5981	140 
5982	330 
5983	125 
5984	187 
5985	313 
5986	325 
5987	134 
5988	98 
5989	121 
5990	41 
5991	116 
5992	41 
5993	302 
5994	169 
5995	119 
5996	38 
5997	301 
5998	158 
5999	172 
6000	199 
6001	44 
6002	359 
6003	276 
6004	245 
6005	50 
6006	382 
6007	382 
6008	151 
6009	163 
6010	205 
6011	92 
6012	215 
6013	302 
6014	220 
6015	99 
6016	183 
6017	42 
6018	91 
6019	84 
6020	116 
6021	254 
6022	294 
6023	239 
6024	359 
6025	296 
6026	69 
6027	328 
6028	128 
6029	136 
6030	173 
6031	151 
6032	120 
6033	122 
6034	137 
6035	120 
6036	105 
6037	378 
6038	110 
6039	224 
6040	86 
6041	343 
6042	230 
6043	363 
6044	154 
6045	13 
6046	51 
6047	328 
6048	4 
6049	358 
6050	193 
6051	242 
6052	9 
6053	215 
6054	277 
6055	296 
6056	278 
6057	345 
6058	88 
6059	3 
6060	190 
6061	266 
6062	276 
6063	351 
6064	17 
6065	358 
6066	24 
6067	98 
6068	8 
6069	176 
6070	187 
6071	84 
6072	182 
6073	315 
6074	50 
6075	75 
6076	66 
6077	114 
6078	166 
6079	78 
6080	111 
6081	181 
6082	34 
6083	315 
6084	357 
6085	358 
6086	282 
6087	124 
6088	277 
6089	270 
6090	68 
6091	216 
6092	103 
6093	328 
6094	73 
6095	142 
6096	169 
6097	326 
6098	30 
6099	16 
6100	320 
6101	110 
6102	45 
6103	98 
6104	169 
6105	1 
6106	262 
6107	179 
6108	219 
6109	156 
6110	372 
6111	126 
6112	268 
6113	69 
6114	19 
6115	204 
6116	252 
6117	327 
6118	99 
6119	325 
6120	363 
6121	235 
6122	88 
6123	14 
6124	142 
6125	242 
6126	118 
6127	42 
6128	101 
6129	10 
6130	342 
6131	66 
6132	276 
6133	249 
6134	144 
6135	254 
6136	134 
6137	218 
6138	154 
6139	26 
6140	13 
6141	379 
6142	142 
6143	329 
6144	275 
6145	40 
6146	367 
6147	83 
6148	76 
6149	363 
6150	229 
6151	114 
6152	147 
6153	305 
6154	268 
6155	55 
6156	201 
6157	68 
6158	219 
6159	194 
6160	186 
6161	215 
6162	48 
6163	166 
6164	93 
6165	196 
6166	86 
6167	334 
6168	14 
6169	151 
6170	326 
6171	194 
6172	72 
6173	24 
6174	276 
6175	81 
6176	270 
6177	252 
6178	154 
6179	122 
6180	277 
6181	145 
6182	141 
6183	382 
6184	379 
6185	98 
6186	111 
6187	178 
6188	67 
6189	15 
6190	142 
6191	223 
6192	92 
6193	95 
6194	165 
6195	222 
6196	10 
6197	181 
6198	53 
6199	114 
6200	46 
6201	316 
6202	362 
6203	383 
6204	278 
6205	67 
6206	165 
6207	277 
6208	105 
6209	230 
6210	289 
6211	196 
6212	305 
6213	312 
6214	76 
6215	72 
6216	211 
6217	205 
6218	215 
6219	263 
6220	330 
6221	141 
6222	48 
6223	312 
6224	265 
6225	118 
6226	66 
6227	356 
6228	323 
6229	19 
6230	208 
6231	72 
6232	333 
6233	220 
6234	276 
6235	84 
6236	84 
6237	382 
6238	256 
6239	373 
6240	383 
6241	197 
6242	101 
6243	108 
6244	45 
6245	193 
6246	268 
6247	49 
6248	212 
6249	243 
6250	26 
6251	243 
6252	376 
6253	83 
6254	24 
6255	290 
6256	317 
6257	123 
6258	272 
6259	55 
6260	53 
6261	158 
6262	296 
6263	108 
6264	154 
6265	66 
6266	14 
6267	211 
6268	24 
6269	370 
6270	56 
6271	289 
6272	46 
6273	26 
6274	333 
6275	78 
6276	286 
6277	156 
6278	32 
6279	88 
6280	163 
6281	1 
6282	260 
6283	16 
6284	154 
6285	356 
6286	252 
6287	83 
6288	186 
6289	272 
6290	68 
6291	342 
6292	160 
6293	325 
6294	73 
6295	24 
6296	296 
6297	123 
6298	95 
6299	60 
6300	169 
6301	15 
6302	55 
6303	173 
6304	345 
6305	290 
6306	205 
6307	230 
6308	141 
6309	372 
6310	68 
6311	251 
6312	170 
6313	72 
6314	265 
6315	67 
6316	44 
6317	220 
6318	67 
6319	121 
6320	101 
6321	343 
6322	230 
6323	4 
6324	14 
6325	141 
6326	16 
6327	326 
6328	4 
6329	351 
6330	349 
6331	182 
6332	176 
6333	172 
6334	173 
6335	359 
6336	218 
6337	12 
6338	296 
6339	265 
6340	377 
6341	171 
6342	124 
6343	182 
6344	161 
6345	93 
6346	95 
6347	22 
6348	173 
6349	291 
6350	204 
6351	19 
6352	313 
6353	49 
6354	41 
6355	134 
6356	103 
6357	191 
6358	363 
6359	115 
6360	312 
6361	142 
6362	88 
6363	315 
6364	258 
6365	76 
6366	51 
6367	352 
6368	246 
6369	351 
6370	268 
6371	268 
6372	252 
6373	328 
6374	98 
6375	184 
6376	264 
6377	277 
6378	351 
6379	60 
6380	32 
6381	3 
6382	161 
6383	60 
6384	86 
6385	345 
6386	290 
6387	13 
6388	146 
6389	220 
6390	378 
6391	171 
6392	313 
6393	328 
6394	252 
6395	73 
6396	128 
6397	15 
6398	27 
6399	226 
6400	63 
6401	51 
6402	266 
6403	309 
6404	271 
6405	23 
6406	252 
6407	316 
6408	340 
6409	38 
6410	327 
6411	218 
6412	315 
6413	158 
6414	193 
6415	330 
6416	156 
6417	22 
6418	154 
6419	382 
6420	310 
6421	358 
6422	83 
6423	101 
6424	191 
6425	340 
6426	124 
6427	72 
6428	7 
6429	328 
6430	191 
6431	296 
6432	194 
6433	180 
6434	40 
6435	264 
6436	48 
6437	176 
6438	34 
6439	191 
6440	379 
6441	108 
6442	352 
6443	349 
6444	209 
6445	134 
6446	12 
6447	320 
6448	287 
6449	229 
6450	116 
6451	315 
6452	196 
6453	262 
6454	361 
6455	354 
6456	119 
6457	170 
6458	137 
6459	266 
6460	66 
6461	351 
6462	83 
6463	160 
6464	63 
6465	13 
6466	131 
6467	160 
6468	290 
6469	84 
6470	381 
6471	83 
6472	277 
6473	30 
6474	363 
6475	230 
6476	181 
6477	45 
6478	13 
6479	379 
6480	123 
6481	55 
6482	166 
6483	251 
6484	276 
6485	312 
6486	114 
6487	63 
6488	110 
6489	134 
6490	191 
6491	42 
6492	325 
6493	141 
6494	358 
6495	364 
6496	211 
6497	141 
6498	378 
6499	3 
6500	116 
6501	142 
6502	205 
6503	5 
6504	258 
6505	115 
6506	282 
6507	243 
6508	209 
6509	277 
6510	113 
6511	186 
6512	223 
6513	352 
6514	183 
6515	359 
6516	209 
6517	223 
6518	252 
6519	317 
6520	326 
6521	151 
6522	315 
6523	328 
6524	163 
6525	215 
6526	351 
6527	215 
6528	260 
6529	328 
6530	10 
6531	145 
6532	262 
6533	382 
6534	231 
6535	260 
6536	56 
6537	226 
6538	316 
6539	147 
6540	216 
6541	219 
6542	325 
6543	370 
6544	242 
6545	279 
6546	134 
6547	315 
6548	287 
6549	44 
6550	265 
6551	115 
6552	26 
6553	32 
6554	209 
6555	41 
6556	265 
6557	351 
6558	294 
6559	316 
6560	162 
6561	10 
6562	114 
6563	64 
6564	13 
6565	128 
6566	131 
6567	372 
6568	75 
6569	103 
6570	7 
6571	42 
6572	78 
6573	239 
6574	286 
6575	219 
6576	366 
6577	16 
6578	156 
6579	171 
6580	124 
6581	362 
6582	363 
6583	363 
6584	199 
6585	268 
6586	219 
6587	26 
6588	211 
6589	220 
6590	113 
6591	242 
6592	315 
6593	289 
6594	166 
6595	45 
6596	330 
6597	199 
6598	37 
6599	258 
6600	124 
6601	359 
6602	77 
6603	271 
6604	108 
6605	312 
6606	356 
6607	224 
6608	367 
6609	125 
6610	48 
6611	37 
6612	64 
6613	110 
6614	182 
6615	312 
6616	169 
6617	168 
6618	168 
6619	160 
6620	121 
6621	284 
6622	373 
6623	19 
6624	75 
6625	166 
6626	93 
6627	136 
6628	184 
6629	216 
6630	93 
6631	179 
6632	302 
6633	57 
6634	367 
6635	186 
6636	354 
6637	116 
6638	339 
6639	302 
6640	276 
6641	206 
6642	242 
6643	101 
6644	10 
6645	172 
6646	290 
6647	187 
6648	140 
6649	320 
6650	275 
6651	323 
6652	199 
6653	137 
6654	211 
6655	114 
6656	298 
6657	214 
6658	310 
6659	308 
6660	302 
6661	328 
6662	55 
6663	166 
6664	294 
6665	120 
6666	140 
6667	44 
6668	186 
6669	24 
6670	44 
6671	166 
6672	183 
6673	32 
6674	13 
6675	191 
6676	356 
6677	141 
6678	32 
6679	363 
6680	252 
6681	181 
6682	146 
6683	154 
6684	108 
6685	141 
6686	145 
6687	18 
6688	56 
6689	7 
6690	182 
6691	154 
6692	125 
6693	89 
6694	218 
6695	298 
6696	87 
6697	363 
6698	224 
6699	1 
6700	242 
6701	86 
6702	49 
6703	286 
6704	363 
6705	141 
6706	190 
6707	112 
6708	232 
6709	186 
6710	320 
6711	83 
6712	226 
6713	282 
6714	183 
6715	372 
6716	220 
6717	121 
6718	379 
6719	309 
6720	373 
6721	194 
6722	215 
6723	184 
6724	51 
6725	291 
6726	83 
6727	151 
6728	51 
6729	83 
6730	111 
6731	342 
6732	86 
6733	286 
6734	141 
6735	56 
6736	76 
6737	191 
6738	326 
6739	183 
6740	186 
6741	372 
6742	357 
6743	101 
6744	330 
6745	142 
6746	247 
6747	140 
6748	312 
6749	373 
6750	98 
6751	84 
6752	367 
6753	55 
6754	199 
6755	161 
6756	187 
6757	18 
6758	20 
6759	363 
6760	93 
6761	103 
6762	36 
6763	124 
6764	38 
6765	95 
6766	4 
6767	246 
6768	242 
6769	159 
6770	268 
6771	68 
6772	282 
6773	159 
6774	211 
6775	135 
6776	162 
6777	72 
6778	263 
6779	67 
6780	114 
6781	51 
6782	277 
6783	10 
6784	38 
6785	42 
6786	40 
6787	76 
6788	168 
6789	57 
6790	69 
6791	120 
6792	289 
6793	163 
6794	140 
6795	108 
6796	323 
6797	378 
6798	184 
6799	134 
6800	367 
6801	135 
6802	159 
6803	252 
6804	78 
6805	256 
6806	211 
6807	98 
6808	308 
6809	77 
6810	118 
6811	326 
6812	251 
6813	30 
6814	19 
6815	315 
6816	212 
6817	290 
6818	49 
6819	287 
6820	197 
6821	114 
6822	300 
6823	119 
6824	151 
6825	60 
6826	117 
6827	226 
6828	172 
6829	165 
6830	151 
6831	125 
6832	277 
6833	115 
6834	186 
6835	361 
6836	121 
6837	191 
6838	312 
6839	364 
6840	251 
6841	88 
6842	151 
6843	342 
6844	68 
6845	305 
6846	81 
6847	204 
6848	330 
6849	219 
6850	120 
6851	92 
6852	56 
6853	40 
6854	323 
6855	160 
6856	12 
6857	277 
6858	116 
6859	113 
6860	242 
6861	141 
6862	343 
6863	349 
6864	264 
6865	140 
6866	1 
6867	266 
6868	357 
6869	326 
6870	18 
6871	16 
6872	4 
6873	365 
6874	45 
6875	95 
6876	78 
6877	86 
6878	265 
6879	113 
6880	168 
6881	214 
6882	219 
6883	81 
6884	108 
6885	282 
6886	266 
6887	86 
6888	305 
6889	156 
6890	328 
6891	317 
6892	215 
6893	166 
6894	279 
6895	15 
6896	323 
6897	51 
6898	42 
6899	15 
6900	358 
6901	137 
6902	354 
6903	364 
6904	382 
6905	78 
6906	12 
6907	98 
6908	16 
6909	89 
6910	75 
6911	44 
6912	181 
6913	334 
6914	42 
6915	294 
6916	119 
6917	326 
6918	367 
6919	8 
6920	156 
6921	60 
6922	44 
6923	56 
6924	265 
6925	78 
6926	14 
6927	286 
6928	296 
6929	15 
6930	367 
6931	282 
6932	205 
6933	13 
6934	226 
6935	243 
6936	289 
6937	192 
6938	215 
6939	275 
6940	53 
6941	75 
6942	286 
6943	75 
6944	313 
6945	328 
6946	112 
6947	161 
6948	56 
6949	383 
6950	76 
6951	342 
6952	194 
6953	53 
6954	105 
6955	211 
6956	182 
6957	171 
6958	113 
6959	349 
6960	81 
6961	66 
6962	305 
6963	72 
6964	252 
6965	268 
6966	363 
6967	57 
6968	93 
6969	158 
6970	209 
6971	76 
6972	75 
6973	285 
6974	204 
6975	161 
6976	125 
6977	66 
6978	216 
6979	358 
6980	205 
6981	289 
6982	372 
6983	277 
6984	326 
6985	186 
6986	296 
6987	83 
6988	75 
6989	70 
6990	76 
6991	104 
6992	296 
6993	12 
6994	40 
6995	327 
6996	44 
6997	23 
6998	350 
6999	316 
7000	254 
7001	7 
7002	154 
7003	55 
7004	136 
7005	22 
7006	136 
7007	98 
7008	101 
7009	172 
7010	168 
7011	111 
7012	166 
7013	219 
7014	151 
7015	160 
7016	68 
7017	317 
7018	16 
7019	327 
7020	113 
7021	316 
7022	317 
7023	91 
7024	116 
7025	18 
7026	128 
7027	126 
7028	101 
7029	103 
7030	146 
7031	55 
7032	243 
7033	68 
7034	15 
7035	351 
7036	325 
7037	122 
7038	281 
7039	214 
7040	84 
7041	83 
7042	340 
7043	372 
7044	328 
7045	367 
7046	114 
7047	212 
7048	196 
7049	187 
7050	171 
7051	276 
7052	223 
7053	358 
7054	251 
7055	260 
7056	55 
7057	382 
7058	354 
7059	376 
7060	243 
7061	247 
7062	216 
7063	194 
7064	140 
7065	237 
7066	256 
7067	113 
7068	350 
7069	220 
7070	113 
7071	42 
7072	342 
7073	117 
7074	110 
7075	112 
7076	34 
7077	364 
7078	55 
7079	277 
7080	277 
7081	87 
7082	268 
7083	68 
7084	12 
7085	325 
7086	186 
7087	165 
7088	147 
7089	137 
7090	7 
7091	256 
7092	144 
7093	364 
7094	305 
7095	114 
7096	230 
7097	308 
7098	231 
7099	218 
7100	98 
7101	67 
7102	212 
7103	363 
7104	91 
7105	216 
7106	272 
7107	356 
7108	268 
7109	13 
7110	19 
7111	205 
7112	147 
7113	32 
7114	172 
7115	376 
7116	55 
7117	323 
7118	67 
7119	300 
7120	1 
7121	305 
7122	202 
7123	308 
7124	202 
7125	146 
7126	218 
7127	84 
7128	362 
7129	151 
7130	91 
7131	263 
7132	358 
7133	72 
7134	95 
7135	201 
7136	230 
7137	104 
7138	110 
7139	18 
7140	169 
7141	315 
7142	66 
7143	359 
7144	101 
7145	170 
7146	349 
7147	57 
7148	196 
7149	60 
7150	350 
7151	230 
7152	268 
7153	252 
7154	182 
7155	193 
7156	84 
7157	215 
7158	215 
7159	242 
7160	144 
7161	55 
7162	242 
7163	251 
7164	75 
7165	343 
7166	81 
7167	66 
7168	4 
7169	53 
7170	75 
7171	171 
7172	57 
7173	20 
7174	298 
7175	134 
7176	15 
7177	86 
7178	224 
7179	73 
7180	97 
7181	42 
7182	260 
7183	108 
7184	359 
7185	289 
7186	44 
7187	34 
7188	55 
7189	323 
7190	376 
7191	296 
7192	286 
7193	125 
7194	351 
7195	119 
7196	166 
7197	242 
7198	197 
7199	89 
7200	141 
7201	75 
7202	116 
7203	383 
7204	272 
7205	367 
7206	36 
7207	42 
7208	289 
7209	218 
7210	231 
7211	361 
7212	144 
7213	23 
7214	182 
7215	354 
7216	205 
7217	363 
7218	160 
7219	53 
7220	40 
7221	92 
7222	300 
7223	246 
7224	97 
7225	156 
7226	13 
7227	30 
7228	75 
7229	15 
7230	345 
7231	197 
7232	110 
7233	154 
7234	220 
7235	36 
7236	145 
7237	357 
7238	88 
7239	49 
7240	367 
7241	224 
7242	194 
7243	172 
7244	165 
7245	113 
7246	358 
7247	123 
7248	282 
7249	113 
7250	342 
7251	141 
7252	144 
7253	382 
7254	108 
7255	55 
7256	37 
7257	57 
7258	243 
7259	141 
7260	101 
7261	184 
7262	363 
7263	330 
7264	216 
7265	42 
7266	160 
7267	326 
7268	146 
7269	1 
7270	86 
7271	84 
7272	34 
7273	219 
7274	36 
7275	223 
7276	99 
7277	140 
7278	312 
7279	272 
7280	44 
7281	55 
7282	260 
7283	367 
7284	121 
7285	118 
7286	101 
7287	214 
7288	60 
7289	199 
7290	119 
7291	110 
7292	298 
7293	358 
7294	181 
7295	172 
7296	18 
7297	302 
7298	53 
7299	115 
7300	235 
7301	115 
7302	252 
7303	383 
7304	187 
7305	164 
7306	97 
7307	135 
7308	215 
7309	56 
7310	224 
7311	51 
7312	219 
7313	70 
7314	151 
7315	256 
7316	87 
7317	63 
7318	31 
7319	224 
7320	327 
7321	13 
7322	197 
7323	326 
7324	323 
7325	309 
7326	246 
7327	126 
7328	31 
7329	1 
7330	305 
7331	159 
7332	197 
7333	251 
7334	16 
7335	265 
7336	313 
7337	182 
7338	305 
7339	91 
7340	351 
7341	56 
7342	334 
7343	237 
7344	310 
7345	34 
7346	134 
7347	229 
7348	313 
7349	160 
7350	276 
7351	365 
7352	276 
7353	224 
7354	156 
7355	171 
7356	330 
7357	220 
7358	86 
7359	340 
7360	215 
7361	26 
7362	26 
7363	301 
7364	359 
7365	136 
7366	243 
7367	76 
7368	164 
7369	116 
7370	218 
7371	231 
7372	63 
7373	108 
7374	265 
7375	26 
7376	216 
7377	220 
7378	330 
7379	349 
7380	114 
7381	199 
7382	34 
7383	187 
7384	209 
7385	161 
7386	300 
7387	218 
7388	260 
7389	159 
7390	260 
7391	19 
7392	66 
7393	76 
7394	68 
7395	291 
7396	53 
7397	187 
7398	205 
7399	81 
7400	330 
7401	315 
7402	268 
7403	325 
7404	308 
7405	46 
7406	379 
7407	24 
7408	323 
7409	126 
7410	10 
7411	120 
7412	84 
7413	235 
7414	260 
7415	72 
7416	351 
7417	187 
7418	147 
7419	192 
7420	251 
7421	223 
7422	246 
7423	309 
7424	223 
7425	26 
7426	309 
7427	1 
7428	187 
7429	359 
7430	224 
7431	359 
7432	78 
7433	118 
7434	243 
7435	352 
7436	265 
7437	88 
7438	330 
7439	211 
7440	301 
7441	23 
7442	156 
7443	302 
7444	70 
7445	193 
7446	86 
7447	134 
7448	26 
7449	192 
7450	246 
7451	91 
7452	67 
7453	101 
7454	163 
7455	10 
7456	125 
7457	330 
7458	91 
7459	161 
7460	83 
7461	197 
7462	351 
7463	272 
7464	382 
7465	140 
7466	172 
7467	252 
7468	361 
7469	13 
7470	357 
7471	30 
7472	37 
7473	164 
7474	196 
7475	361 
7476	105 
7477	202 
7478	193 
7479	308 
7480	7 
7481	103 
7482	251 
7483	86 
7484	357 
7485	1 
7486	164 
7487	141 
7488	83 
7489	136 
7490	379 
7491	10 
7492	19 
7493	294 
7494	277 
7495	316 
7496	298 
7497	142 
7498	289 
7499	55 
7500	350 
7501	333 
7502	37 
7503	161 
7504	160 
7505	254 
7506	325 
7507	22 
7508	136 
7509	44 
7510	277 
7511	86 
7512	37 
7513	137 
7514	83 
7515	218 
7516	223 
7517	24 
7518	45 
7519	230 
7520	113 
7521	315 
7522	72 
7523	154 
7524	110 
7525	254 
7526	137 
7527	184 
7528	84 
7529	361 
7530	154 
7531	263 
7532	161 
7533	376 
7534	136 
7535	284 
7536	37 
7537	67 
7538	159 
7539	163 
7540	144 
7541	16 
7542	163 
7543	113 
7544	358 
7545	16 
7546	218 
7547	354 
7548	49 
7549	166 
7550	18 
7551	142 
7552	67 
7553	294 
7554	89 
7555	97 
7556	110 
7557	350 
7558	87 
7559	41 
7560	372 
7561	83 
7562	251 
7563	15 
7564	196 
7565	231 
7566	265 
7567	24 
7568	231 
7569	268 
7570	220 
7571	136 
7572	284 
7573	172 
7574	66 
7575	260 
7576	86 
7577	224 
7578	156 
7579	316 
7580	364 
7581	183 
7582	121 
7583	211 
7584	123 
7585	184 
7586	101 
7587	125 
7588	328 
7589	252 
7590	325 
7591	126 
7592	263 
7593	223 
7594	13 
7595	287 
7596	349 
7597	70 
7598	220 
7599	372 
7600	115 
7601	73 
7602	246 
7603	53 
7604	312 
7605	83 
7606	32 
7607	363 
7608	229 
7609	4 
7610	229 
7611	42 
7612	4 
7613	216 
7614	359 
7615	30 
7616	166 
7617	327 
7618	140 
7619	93 
7620	252 
7621	204 
7622	10 
7623	279 
7624	97 
7625	92 
7626	305 
7627	235 
7628	173 
7629	231 
7630	92 
7631	216 
7632	361 
7633	270 
7634	56 
7635	264 
7636	265 
7637	326 
7638	134 
7639	84 
7640	298 
7641	272 
7642	237 
7643	342 
7644	325 
7645	365 
7646	354 
7647	343 
7648	40 
7649	70 
7650	367 
7651	361 
7652	83 
7653	220 
7654	379 
7655	99 
7656	266 
7657	356 
7658	113 
7659	286 
7660	352 
7661	316 
7662	260 
7663	363 
7664	151 
7665	46 
7666	315 
7667	110 
7668	242 
7669	325 
7670	252 
7671	26 
7672	266 
7673	186 
7674	266 
7675	75 
7676	296 
7677	45 
7678	186 
7679	7 
7680	310 
7681	309 
7682	142 
7683	272 
7684	357 
7685	372 
7686	53 
7687	365 
7688	358 
7689	97 
7690	73 
7691	289 
7692	272 
7693	372 
7694	305 
7695	134 
7696	325 
7697	320 
7698	211 
7699	134 
7700	131 
7701	36 
7702	120 
7703	125 
7704	365 
7705	263 
7706	112 
7707	327 
7708	41 
7709	89 
7710	159 
7711	187 
7712	120 
7713	302 
7714	115 
7715	199 
7716	22 
7717	367 
7718	358 
7719	260 
7720	194 
7721	300 
7722	164 
7723	316 
7724	163 
7725	30 
7726	86 
7727	281 
7728	98 
7729	219 
7730	32 
7731	276 
7732	75 
7733	10 
7734	65 
7735	254 
7736	36 
7737	172 
7738	204 
7739	99 
7740	367 
7741	169 
7742	73 
7743	362 
7744	72 
7745	350 
7746	126 
7747	315 
7748	113 
7749	13 
7750	98 
7751	219 
7752	55 
7753	202 
7754	251 
7755	187 
7756	76 
7757	277 
7758	76 
7759	92 
7760	351 
7761	75 
7762	72 
7763	356 
7764	193 
7765	123 
7766	65 
7767	14 
7768	364 
7769	310 
7770	277 
7771	349 
7772	199 
7773	120 
7774	327 
7775	67 
7776	1 
7777	192 
7778	4 
7779	156 
7780	160 
7781	67 
7782	56 
7783	334 
7784	141 
7785	243 
7786	10 
7787	265 
7788	265 
7789	328 
7790	352 
7791	141 
7792	204 
7793	20 
7794	44 
7795	156 
7796	123 
7797	26 
7798	247 
7799	164 
7800	325 
7801	226 
7802	166 
7803	36 
7804	67 
7805	123 
7806	173 
7807	187 
7808	70 
7809	7 
7810	68 
7811	123 
7812	115 
7813	42 
7814	359 
7815	184 
7816	101 
7817	289 
7818	42 
7819	254 
7820	214 
7821	205 
7822	73 
7823	333 
7824	343 
7825	260 
7826	193 
7827	160 
7828	40 
7829	151 
7830	70 
7831	276 
7832	26 
7833	154 
7834	67 
7835	95 
7836	70 
7837	67 
7838	317 
7839	73 
7840	110 
7841	13 
7842	230 
7843	126 
7844	289 
7845	349 
7846	163 
7847	237 
7848	75 
7849	194 
7850	114 
7851	166 
7852	224 
7853	272 
7854	172 
7855	334 
7856	108 
7857	356 
7858	86 
7859	268 
7860	264 
7861	156 
7862	263 
7863	83 
7864	66 
7865	294 
7866	86 
7867	37 
7868	115 
7869	216 
7870	317 
7871	263 
7872	326 
7873	66 
7874	34 
7875	121 
7876	211 
7877	317 
7878	192 
7879	358 
7880	115 
7881	41 
7882	98 
7883	287 
7884	202 
7885	147 
7886	260 
7887	114 
7888	36 
7889	123 
7890	156 
7891	56 
7892	49 
7893	164 
7894	191 
7895	205 
7896	333 
7897	296 
7898	181 
7899	7 
7900	159 
7901	126 
7902	215 
7903	367 
7904	325 
7905	363 
7906	42 
7907	363 
7908	12 
7909	252 
7910	224 
7911	276 
7912	53 
7913	350 
7914	1 
7915	359 
7916	363 
7917	256 
7918	197 
7919	103 
7920	289 
7921	68 
7922	53 
7923	20 
7924	70 
7925	182 
7926	172 
7927	134 
7928	159 
7929	216 
7930	76 
7931	134 
7932	78 
7933	41 
7934	42 
7935	70 
7936	264 
7937	300 
7938	284 
7939	151 
7940	140 
7941	251 
7942	98 
7943	73 
7944	216 
7945	86 
7946	105 
7947	352 
7948	197 
7949	302 
7950	330 
7951	66 
7952	364 
7953	163 
7954	330 
7955	18 
7956	326 
7957	95 
7958	196 
7959	268 
7960	154 
7961	154 
7962	242 
7963	121 
7964	63 
7965	98 
7966	122 
7967	204 
7968	66 
7969	83 
7970	18 
7971	305 
7972	264 
7973	219 
7974	172 
7975	289 
7976	359 
7977	367 
7978	315 
7979	83 
7980	66 
7981	272 
7982	23 
7983	282 
7984	354 
7985	7 
7986	70 
7987	192 
7988	183 
7989	215 
7990	333 
7991	123 
7992	56 
7993	216 
7994	342 
7995	141 
7996	265 
7997	294 
7998	53 
7999	105 
8000	36 
8001	123 
8002	191 
8003	224 
8004	359 
8005	190 
8006	268 
8007	161 
8008	44 
8009	110 
8010	277 
8011	327 
8012	315 
8013	351 
8014	86 
8015	302 
8016	196 
8017	13 
8018	110 
8019	223 
8020	265 
8021	191 
8022	351 
8023	1 
8024	44 
8025	105 
8026	98 
8027	310 
8028	95 
8029	131 
8030	260 
8031	363 
8032	22 
8033	316 
8034	284 
8035	361 
8036	357 
8037	326 
8038	230 
8039	199 
8040	10 
8041	81 
8042	186 
8043	164 
8044	10 
8045	192 
8046	10 
8047	15 
8048	181 
8049	44 
8050	276 
8051	286 
8052	83 
8053	93 
8054	187 
8055	136 
8056	159 
8057	67 
8058	342 
8059	36 
8060	186 
8061	113 
8062	330 
8063	8 
8064	211 
8065	125 
8066	186 
8067	7 
8068	26 
8069	254 
8070	358 
8071	105 
8072	32 
8073	67 
8074	315 
8075	220 
8076	42 
8077	277 
8078	86 
8079	194 
8080	67 
8081	4 
8082	84 
8083	14 
8084	66 
8085	352 
8086	302 
8087	242 
8088	218 
8089	99 
8090	105 
8091	141 
8092	67 
8093	279 
8094	56 
8095	115 
8096	161 
8097	263 
8098	254 
8099	10 
8100	156 
8101	247 
8102	173 
8103	16 
8104	144 
8105	246 
8106	160 
8107	118 
8108	305 
8109	202 
8110	316 
8111	229 
8112	164 
8113	154 
8114	103 
8115	231 
8116	72 
8117	66 
8118	72 
8119	75 
8120	216 
8121	204 
8122	136 
8123	53 
8124	315 
8125	72 
8126	302 
8127	326 
8128	159 
8129	78 
8130	342 
8131	224 
8132	182 
8133	164 
8134	191 
8135	272 
8136	173 
8137	114 
8138	14 
8139	16 
8140	243 
8141	42 
8142	192 
8143	166 
8144	19 
8145	289 
8146	55 
8147	22 
8148	67 
8149	191 
8150	345 
8151	166 
8152	218 
8153	1 
8154	166 
8155	220 
8156	265 
8157	97 
8158	60 
8159	300 
8160	282 
8161	44 
8162	16 
8163	53 
8164	112 
8165	121 
8166	164 
8167	53 
8168	216 
8169	112 
8170	191 
8171	144 
8172	268 
8173	142 
8174	199 
8175	367 
8176	118 
8177	354 
8178	289 
8179	196 
8180	191 
8181	86 
8182	113 
8183	20 
8184	23 
8185	202 
8186	36 
8187	154 
8188	265 
8189	246 
8190	309 
8191	349 
8192	284 
8193	265 
8194	382 
8195	131 
8196	114 
8197	326 
8198	156 
8199	276 
8200	294 
8201	266 
8202	121 
8203	108 
8204	41 
8205	108 
8206	181 
8207	83 
8208	60 
8209	172 
8210	66 
8211	193 
8212	296 
8213	187 
8214	137 
8215	44 
8216	193 
8217	98 
8218	46 
8219	301 
8220	118 
8221	268 
8222	37 
8223	13 
8224	351 
8225	7 
8226	359 
8227	137 
8228	13 
8229	24 
8230	154 
8231	312 
8232	76 
8233	114 
8234	334 
8235	134 
8236	56 
8237	309 
8238	66 
8239	359 
8240	7 
8241	361 
8242	333 
8243	300 
8244	351 
8245	264 
8246	103 
8247	44 
8248	44 
8249	367 
8250	7 
8251	367 
8252	22 
8253	265 
8254	116 
8255	223 
8256	23 
8257	263 
8258	199 
8259	211 
8260	122 
8261	101 
8262	192 
8263	296 
8264	357 
8265	352 
8266	191 
8267	76 
8268	108 
8269	26 
8270	151 
8271	55 
8272	81 
8273	15 
8274	192 
8275	83 
8276	325 
8277	103 
8278	161 
8279	7 
8280	218 
8281	323 
8282	187 
8283	56 
8284	154 
8285	137 
8286	298 
8287	256 
8288	264 
8289	182 
8290	276 
8291	343 
8292	243 
8293	142 
8294	342 
8295	260 
8296	86 
8297	142 
8298	19 
8299	308 
8300	186 
8301	187 
8302	193 
8303	379 
8304	75 
8305	361 
8306	89 
8307	171 
8308	256 
8309	268 
8310	223 
8311	134 
8312	305 
8313	358 
8314	68 
8315	202 
8316	330 
8317	186 
8318	40 
8319	46 
8320	24 
8321	246 
8322	89 
8323	120 
8324	99 
8325	187 
8326	134 
8327	254 
8328	55 
8329	294 
8330	134 
8331	194 
8332	243 
8333	289 
8334	327 
8335	114 
8336	110 
8337	266 
8338	252 
8339	223 
8340	122 
8341	125 
8342	325 
8343	182 
8344	163 
8345	108 
8346	151 
8347	26 
8348	159 
8349	301 
8350	105 
8351	260 
8352	256 
8353	15 
8354	315 
8355	120 
8356	136 
8357	199 
8358	134 
8359	192 
8360	10 
8361	254 
8362	264 
8363	46 
8364	266 
8365	161 
8366	354 
8367	327 
8368	75 
8369	66 
8370	23 
8371	70 
8372	363 
8373	330 
8374	113 
8375	358 
8376	309 
8377	268 
8378	286 
8379	41 
8380	103 
8381	108 
8382	229 
8383	103 
8384	98 
8385	115 
8386	92 
8387	34 
8388	354 
8389	121 
8390	349 
8391	44 
8392	142 
8393	121 
8394	169 
8395	99 
8396	76 
8397	53 
8398	98 
8399	125 
8400	49 
8401	192 
8402	44 
8403	289 
8404	101 
8405	12 
8406	19 
8407	216 
8408	243 
8409	55 
8410	95 
8411	223 
8412	192 
8413	112 
8414	229 
8415	172 
8416	12 
8417	242 
8418	126 
8419	75 
8420	161 
8421	1 
8422	216 
8423	36 
8424	334 
8425	68 
8426	376 
8427	156 
8428	159 
8429	242 
8430	4 
8431	87 
8432	372 
8433	260 
8434	108 
8435	53 
8436	345 
8437	334 
8438	134 
8439	286 
8440	359 
8441	42 
8442	264 
8443	159 
8444	328 
8445	254 
8446	186 
8447	32 
8448	263 
8449	99 
8450	379 
8451	123 
8452	300 
8453	73 
8454	40 
8455	296 
8456	351 
8457	352 
8458	223 
8459	32 
8460	345 
8461	19 
8462	298 
8463	98 
8464	382 
8465	256 
8466	92 
8467	260 
8468	164 
8469	263 
8470	84 
8471	169 
8472	68 
8473	197 
8474	53 
8475	83 
8476	260 
8477	142 
8478	361 
8479	56 
8480	199 
8481	76 
8482	14 
8483	84 
8484	70 
8485	164 
8486	229 
8487	37 
8488	367 
8489	105 
8490	343 
8491	137 
8492	159 
8493	156 
8494	1 
8495	315 
8496	247 
8497	70 
8498	166 
8499	328 
8500	101 
8501	282 
8502	122 
8503	260 
8504	156 
8505	193 
8506	327 
8507	98 
8508	256 
8509	7 
8510	264 
8511	186 
8512	126 
8513	191 
8514	277 
8515	26 
8516	84 
8517	160 
8518	187 
8519	56 
8520	351 
8521	67 
8522	343 
8523	356 
8524	218 
8525	161 
8526	164 
8527	224 
8528	308 
8529	363 
8530	83 
8531	260 
8532	163 
8533	260 
8534	125 
8535	137 
8536	363 
8537	42 
8538	169 
8539	134 
8540	108 
8541	12 
8542	218 
8543	66 
8544	265 
8545	367 
8546	114 
8547	113 
8548	247 
8549	194 
8550	376 
8551	193 
8552	24 
8553	289 
8554	182 
8555	199 
8556	327 
8557	108 
8558	114 
8559	351 
8560	186 
8561	122 
8562	41 
8563	264 
8564	42 
8565	182 
8566	268 
8567	75 
8568	67 
8569	252 
8570	160 
8571	159 
8572	81 
8573	144 
8574	44 
8575	46 
8576	327 
8577	308 
8578	357 
8579	46 
8580	126 
8581	361 
8582	72 
8583	42 
8584	326 
8585	363 
8586	315 
8587	151 
8588	44 
8589	372 
8590	81 
8591	144 
8592	196 
8593	246 
8594	161 
8595	97 
8596	40 
8597	37 
8598	211 
8599	83 
8600	73 
8601	66 
8602	218 
8603	358 
8604	93 
8605	137 
8606	151 
8607	252 
8608	137 
8609	308 
8610	246 
8611	323 
8612	154 
8613	316 
8614	163 
8615	67 
8616	199 
8617	122 
8618	223 
8619	140 
8620	7 
8621	186 
8622	14 
8623	187 
8624	122 
8625	351 
8626	298 
8627	351 
8628	23 
8629	186 
8630	83 
8631	44 
8632	364 
8633	181 
8634	192 
8635	219 
8636	114 
8637	376 
8638	164 
8639	75 
8640	226 
8641	354 
8642	358 
8643	18 
8644	354 
8645	286 
8646	242 
8647	305 
8648	75 
8649	10 
8650	70 
8651	215 
8652	78 
8653	12 
8654	105 
8655	268 
8656	101 
8657	24 
8658	277 
8659	224 
8660	277 
8661	84 
8662	26 
8663	169 
8664	358 
8665	294 
8666	166 
8667	19 
8668	101 
8669	26 
8670	12 
8671	72 
8672	202 
8673	173 
8674	354 
8675	113 
8676	1 
8677	302 
8678	326 
8679	70 
8680	83 
8681	367 
8682	354 
8683	328 
8684	315 
8685	125 
8686	266 
8687	141 
8688	42 
8689	223 
8690	78 
8691	93 
8692	211 
8693	181 
8694	159 
8695	372 
8696	84 
8697	164 
8698	242 
8699	219 
8700	75 
8701	144 
8702	211 
8703	242 
8704	23 
8705	312 
8706	113 
8707	73 
8708	243 
8709	87 
8710	160 
8711	53 
8712	116 
8713	15 
8714	246 
8715	110 
8716	86 
8717	44 
8718	83 
8719	163 
8720	56 
8721	361 
8722	120 
8723	289 
8724	140 
8725	60 
8726	298 
8727	89 
8728	56 
8729	196 
8730	260 
8731	286 
8732	315 
8733	23 
8734	97 
8735	330 
8736	363 
8737	70 
8738	215 
8739	134 
8740	316 
8741	316 
8742	10 
8743	34 
8744	349 
8745	263 
8746	120 
8747	334 
8748	142 
8749	101 
8750	42 
8751	197 
8752	140 
8753	103 
8754	13 
8755	343 
8756	105 
8757	161 
8758	68 
8759	76 
8760	345 
8761	367 
8762	24 
8763	121 
8764	186 
8765	70 
8766	13 
8767	60 
8768	358 
8769	40 
8770	197 
8771	282 
8772	101 
8773	12 
8774	159 
8775	114 
8776	115 
8777	358 
8778	103 
8779	151 
8780	243 
8781	316 
8782	56 
8783	123 
8784	110 
8785	266 
8786	173 
8787	40 
8788	272 
8789	263 
8790	196 
8791	308 
8792	1 
8793	108 
8794	136 
8795	186 
8796	289 
8797	15 
8798	315 
8799	260 
8800	289 
8801	76 
8802	34 
8803	334 
8804	219 
8805	354 
8806	256 
8807	46 
8808	163 
8809	194 
8810	173 
8811	361 
8812	342 
8813	343 
8814	349 
8815	286 
8816	252 
8817	163 
8818	193 
8819	75 
8820	1 
8821	75 
8822	191 
8823	223 
8824	75 
8825	144 
8826	276 
8827	192 
8828	204 
8829	108 
8830	181 
8831	302 
8832	197 
8833	10 
8834	187 
8835	308 
8836	242 
8837	182 
8838	199 
8839	192 
8840	214 
8841	76 
8842	110 
8843	53 
8844	247 
8845	37 
8846	300 
8847	216 
8848	205 
8849	247 
8850	256 
8851	325 
8852	30 
8853	229 
8854	345 
8855	42 
8856	219 
8857	312 
8858	282 
8859	192 
8860	298 
8861	328 
8862	315 
8863	282 
8864	72 
8865	186 
8866	26 
8867	55 
8868	276 
8869	220 
8870	328 
8871	141 
8872	144 
8873	298 
8874	326 
8875	247 
8876	220 
8877	101 
8878	89 
8879	182 
8880	156 
8881	93 
8882	187 
8883	349 
8884	220 
8885	19 
8886	40 
8887	182 
8888	151 
8889	75 
8890	294 
8891	323 
8892	93 
8893	115 
8894	37 
8895	328 
8896	243 
8897	66 
8898	144 
8899	166 
8900	223 
8901	92 
8902	7 
8903	161 
8904	95 
8905	187 
8906	296 
8907	372 
8908	23 
8909	156 
8910	76 
8911	164 
8912	354 
8913	110 
8914	326 
8915	359 
8916	103 
8917	363 
8918	163 
8919	205 
8920	218 
8921	166 
8922	263 
8923	300 
8924	75 
8925	286 
8926	277 
8927	226 
8928	277 
8929	219 
8930	229 
8931	30 
8932	140 
8933	172 
8934	114 
8935	116 
8936	91 
8937	70 
8938	243 
8939	123 
8940	142 
8941	223 
8942	101 
8943	114 
8944	345 
8945	327 
8946	254 
8947	211 
8948	70 
8949	330 
8950	164 
8951	186 
8952	42 
8953	351 
8954	108 
8955	215 
8956	37 
8957	136 
8958	226 
8959	226 
8960	286 
8961	7 
8962	115 
8963	136 
8964	137 
8965	229 
8966	91 
8967	215 
8968	160 
8969	358 
8970	265 
8971	101 
8972	172 
8973	372 
8974	256 
8975	326 
8976	358 
8977	137 
8978	358 
8979	242 
8980	220 
8981	302 
8982	342 
8983	46 
8984	26 
8985	196 
8986	86 
8987	367 
8988	164 
8989	265 
8990	93 
8991	230 
8992	86 
8993	173 
8994	349 
8995	103 
8996	76 
8997	67 
8998	230 
8999	277 
9000	10 
9001	325 
9002	286 
9003	42 
9004	186 
9005	187 
9006	186 
9007	37 
9008	156 
9009	367 
9010	115 
9011	223 
9012	300 
9013	76 
9014	68 
9015	224 
9016	68 
9017	173 
9018	277 
9019	40 
9020	256 
9021	218 
9022	252 
9023	343 
9024	342 
9025	230 
9026	67 
9027	272 
9028	44 
9029	354 
9030	282 
9031	315 
9032	37 
9033	10 
9034	19 
9035	55 
9036	219 
9037	66 
9038	163 
9039	192 
9040	44 
9041	193 
9042	70 
9043	91 
9044	116 
9045	312 
9046	196 
9047	56 
9048	56 
9049	372 
9050	122 
9051	224 
9052	40 
9053	326 
9054	19 
9055	196 
9056	92 
9057	192 
9058	72 
9059	349 
9060	110 
9061	349 
9062	142 
9063	84 
9064	75 
9065	328 
9066	121 
9067	40 
9068	282 
9069	108 
9070	93 
9071	75 
9072	134 
9073	361 
9074	376 
9075	354 
9076	172 
9077	26 
9078	296 
9079	55 
9080	327 
9081	10 
9082	316 
9083	136 
9084	113 
9085	151 
9086	84 
9087	113 
9088	68 
9089	211 
9090	151 
9091	114 
9092	115 
9093	308 
9094	326 
9095	364 
9096	277 
9097	141 
9098	330 
9099	123 
9100	312 
9101	330 
9102	276 
9103	136 
9104	264 
9105	351 
9106	26 
9107	215 
9108	37 
9109	277 
9110	56 
9111	19 
9112	10 
9113	296 
9114	34 
9115	191 
9116	193 
9117	220 
9118	125 
9119	144 
9120	83 
9121	181 
9122	358 
9123	298 
9124	151 
9125	363 
9126	142 
9127	105 
9128	172 
9129	89 
9130	163 
9131	372 
9132	300 
9133	215 
9134	216 
9135	328 
9136	56 
9137	34 
9138	218 
9139	125 
9140	300 
9141	40 
9142	68 
9143	173 
9144	86 
9145	205 
9146	296 
9147	42 
9148	7 
9149	266 
9150	216 
9151	266 
9152	364 
9153	358 
9154	181 
9155	72 
9156	140 
9157	110 
9158	272 
9159	191 
9160	7 
9161	276 
9162	10 
9163	256 
9164	123 
9165	40 
9166	242 
9167	363 
9168	323 
9169	67 
9170	325 
9171	289 
9172	302 
9173	172 
9174	72 
9175	1 
9176	12 
9177	37 
9178	55 
9179	34 
9180	142 
9181	328 
9182	326 
9183	72 
9184	75 
9185	101 
9186	114 
9187	34 
9188	154 
9189	326 
9190	242 
9191	194 
9192	37 
9193	26 
9194	351 
9195	196 
9196	215 
9197	105 
9198	358 
9199	224 
9200	172 
9201	113 
9202	161 
9203	159 
9204	187 
9205	141 
9206	325 
9207	134 
9208	242 
9209	14 
9210	166 
9211	140 
9212	354 
9213	191 
9214	260 
9215	67 
9216	191 
9217	44 
9218	166 
9219	84 
9220	305 
9221	216 
9222	187 
9223	302 
9224	315 
9225	56 
9226	265 
9227	193 
9228	325 
9229	298 
9230	83 
9231	315 
9232	363 
9233	68 
9234	66 
9235	93 
9236	163 
9237	110 
9238	265 
9239	173 
9240	298 
9241	141 
9242	101 
9243	196 
9244	186 
9245	296 
9246	263 
9247	223 
9248	330 
9249	83 
9250	98 
9251	156 
9252	243 
9253	224 
9254	277 
9255	220 
9256	142 
9257	84 
9258	56 
9259	328 
9260	89 
9261	260 
9262	298 
9263	137 
9264	166 
9265	151 
9266	136 
9267	182 
9268	110 
9269	97 
9270	252 
9271	97 
9272	187 
9273	230 
9274	367 
9275	26 
9276	220 
9277	196 
9278	75 
9279	328 
9280	144 
9281	56 
9282	40 
9283	137 
9284	268 
9285	44 
9286	218 
9287	103 
9288	26 
9289	108 
9290	296 
9291	223 
9292	260 
9293	296 
9294	372 
9295	53 
9296	276 
9297	53 
9298	218 
9299	328 
9300	272 
9301	182 
9302	328 
9303	12 
9304	302 
9305	266 
9306	272 
9307	302 
9308	315 
9309	10 
9310	296 
9311	243 
9312	342 
9313	76 
9314	358 
9315	97 
9316	243 
9317	75 
9318	363 
9319	349 
9320	367 
9321	187 
9322	89 
9323	363 
9324	211 
9325	108 
9326	156 
9327	277 
9328	86 
9329	1 
9330	98 
9331	113 
9332	163 
9333	141 
9334	137 
9335	330 
9336	302 
9337	359 
9338	56 
9339	93 
9340	325 
9341	196 
9342	23 
9343	163 
9344	93 
9345	330 
9346	312 
9347	1 
9348	141 
9349	194 
9350	223 
9351	264 
9352	215 
9353	114 
9354	151 
9355	364 
9356	68 
9357	282 
9358	114 
9359	142 
9360	260 
9361	1 
9362	44 
9363	215 
9364	282 
9365	187 
9366	26 
9367	110 
9368	218 
9369	140 
9370	67 
9371	191 
9372	315 
9373	12 
9374	114 
9375	113 
9376	252 
9377	163 
9378	256 
9379	1 
9380	363 
9381	216 
9382	56 
9383	216 
9384	26 
9385	186 
9386	276 
9387	105 
9388	83 
9389	364 
9390	114 
9391	223 
9392	351 
9393	123 
9394	326 
9395	260 
9396	93 
9397	298 
9398	223 
9399	187 
9400	166 
9401	315 
9402	260 
9403	302 
9404	277 
9405	26 
9406	364 
9407	72 
9408	114 
9409	265 
9410	182 
9411	300 
9412	141 
9413	211 
9414	10 
9415	40 
9416	308 
9417	166 
9418	23 
9419	66 
9420	108 
9421	218 
9422	196 
9423	172 
9424	172 
9425	42 
9426	349 
9427	113 
9428	166 
9429	268 
9430	302 
9431	70 
9432	123 
9433	160 
9434	312 
9435	359 
9436	113 
9437	266 
9438	264 
9439	196 
9440	268 
9441	272 
9442	330 
9443	328 
9444	136 
9445	44 
9446	40 
9447	40 
9448	364 
9449	42 
9450	277 
9451	110 
9452	272 
9453	315 
9454	186 
9455	23 
9456	108 
9457	328 
9458	298 
9459	186 
9460	330 
9461	55 
9462	66 
9463	172 
9464	160 
9465	105 
9466	308 
9467	326 
9468	40 
9469	315 
9470	166 
9471	156 
9472	298 
9473	37 
9474	121 
9475	223 
9476	351 
9477	67 
9478	7 
9479	196 
9480	296 
9481	263 
9482	7 
9483	277 
9484	154 
9485	351 
9486	113 
9487	40 
9488	286 
9489	196 
9490	114 
9491	372 
9492	113 
9493	105 
9494	40 
9495	308 
9496	215 
9497	86 
9498	265 
9499	83 
9500	219 
9501	300 
9502	40 
9503	136 
9504	12 
9505	364 
9506	101 
9507	298 
9508	121 
9509	12 
9510	315 
9511	44 
9512	182 
9513	10 
9514	86 
9515	136 
9516	1 
9517	123 
9518	121 
9519	193 
9520	358 
9521	215 
9522	55 
9523	354 
9524	187 
9525	351 
9526	70 
9527	76 
9528	266 
9529	13 
9530	172 
9531	187 
9532	308 
9533	268 
9534	83 
9535	44 
9536	19 
9537	302 
9538	211 
9539	70 
9540	108 
9541	42 
9542	166 
9543	1 
9544	223 
9545	114 
9546	37 
9547	330 
9548	93 
9549	10 
9550	256 
9551	121 
9552	93 
9553	260 
9554	266 
9555	252 
9556	114 
9557	351 
9558	220 
9559	26 
9560	66 
9561	216 
9562	326 
9563	93 
9564	84 
9565	243 
9566	166 
9567	42 
9568	113 
9569	351 
9570	40 
9571	114 
9572	53 
9573	193 
9574	115 
9575	98 
9576	196 
9577	277 
9578	296 
9579	351 
9580	358 
9581	351 
9582	113 
9583	351 
9584	354 
9585	98 
9586	242 
9587	40 
9588	44 
9589	265 
9590	101 
9591	172 
9592	349 
9593	252 
9594	363 
9595	13 
9596	277 
9597	55 
9598	265 
9599	42 
9600	1 
9601	98 
9602	308 
9603	66 
9604	66 
9605	56 
9606	84 
9607	302 
9608	193 
9609	358 
9610	215 
9611	115 
9612	354 
9613	218 
9614	105 
9615	230 
9616	53 
9617	86 
9618	223 
9619	363 
9620	330 
9621	142 
9622	44 
9623	56 
9624	351 
9625	66 
9626	7 
9627	98 
9628	98 
9629	56 
9630	19 
9631	260 
9632	364 
9633	108 
9634	83 
9635	328 
9636	154 
9637	72 
9638	44 
9639	191 
9640	37 
9641	315 
9642	354 
9643	67 
9644	364 
9645	86 
9646	1 
9647	108 
9648	101 
9649	256 
9650	186 
9651	84 
9652	108 
9653	93 
9654	12 
9655	75 
9656	83 
9657	230 
9658	83 
9659	44 
9660	243 
9661	66 
9662	142 
9663	265 
9664	252 
9665	243 
9666	7 
9667	349 
9668	219 
9669	110 
9670	230 
9671	230 
9672	223 
9673	154 
9674	114 
9675	86 
9676	186 
9677	243 
9678	75 
9679	220 
9680	315 
9681	186 
9682	70 
9683	351 
9684	265 
9685	242 
9686	53 
9687	13 
9688	358 
9689	219 
9690	42 
9691	115 
9692	55 
9693	215 
9694	223 
9695	223 
9696	151 
9697	256 
9698	114 
9699	123 
9700	315 
9701	196 
9702	312 
9703	98 
9704	86 
9705	330 
9706	243 
9707	151 
9708	302 
9709	260 
9710	12 
9711	10 
9712	230 
9713	328 
9714	223 
9715	114 
9716	83 
9717	142 
9718	156 
9719	302 
9720	70 
9721	121 
9722	223 
9723	113 
9724	142 
9725	302 
9726	110 
9727	55 
9728	193 
9729	186 
9730	182 
9731	141 
9732	1 
9733	75 
9734	113 
9735	260 
9736	1 
9737	363 
9738	75 
9739	110 
9740	358 
9741	296 
9742	70 
9743	26 
9744	154 
9745	113 
9746	26 
9747	83 
9748	265 
9749	12 
9750	252 
9751	223 
9752	86 
9753	351 
9754	230 
9755	75 
9756	105 
9757	328 
9758	277 
9759	186 
9760	55 
9761	10 
9762	328 
9763	75 
9764	10 
9765	277 
9766	252 
9767	156 
9768	53 
9769	70 
9770	187 
9771	265 
9772	142 
9773	223 
9774	215 
9775	187 
9776	66 
9777	354 
9778	196 
9779	114 
9780	302 
9781	151 
9782	93 
9783	75 
9784	86 
9785	260 
9786	351 
9787	53 
9788	66 
9789	42 
9790	354 
9791	1 
9792	186 
9793	358 
9794	114 
9795	105 
9796	44 
9797	66 
9798	186 
9799	351 
9800	354 
9801	10 
9802	252 
9803	243 
9804	156 
9805	67 
9806	1 
9807	108 
9808	243 
9809	349 
9810	83 
9811	256 
9812	26 
9813	186 
9814	351 
9815	242 
9816	26 
9817	211 
9818	70 
9819	296 
9820	84 
9821	351 
9822	252 
9823	265 
9824	328 
9825	114 
9826	42 
9827	13 
9828	86 
9829	40 
9830	105 
9831	302 
9832	156 
9833	70 
9834	123 
9835	166 
9836	66 
9837	70 
9838	56 
9839	256 
9840	86 
9841	10 
9842	75 
9843	326 
9844	70 
9845	265 
9846	277 
9847	277 
9848	260 
9849	166 
9850	219 
9851	242 
9852	110 
9853	196 
9854	114 
9855	113 
9856	56 
9857	66 
9858	182 
9859	186 
9860	260 
9861	10 
9862	242 
9863	98 
9864	110 
9865	223 
9866	113 
9867	256 
9868	315 
9869	187 
9870	114 
9871	219 
9872	315 
9873	86 
9874	10 
9875	219 
9876	67 
9877	315 
9878	265 
9879	53 
9880	70 
9881	315 
9882	86 
9883	84 
9884	10 
9885	44 
9886	166 
9887	187 
9888	98 
9889	86 
9890	358 
9891	219 
9892	110 
9893	256 
9894	55 
9895	101 
9896	330 
9897	101 
9898	75 
9899	260 
9900	75 
9901	70 
9902	354 
9903	315 
9904	101 
9905	186 
9906	330 
9907	114 
9908	70 
9909	42 
9910	98 
9911	108 
9912	123 
9913	142 
9914	123 
9915	265 
9916	330 
9917	56 
9918	330 
9919	70 
9920	42 
9921	1 
9922	277 
9923	40 
9924	351 
9925	330 
9926	186 
9927	26 
9928	156 
9929	53 
9930	66 
9931	55 
9932	367 
9933	315 
9934	142 
9935	265 
9936	187 
9937	256 
9938	101 
9939	193 
9940	193 
9941	354 
9942	53 
9943	354 
9944	151 
9945	367 
9946	86 
9947	67 
9948	123 
9949	84 
9950	256 
9951	215 
9952	215 
9953	156 
9954	42 
9955	219 
9956	10 
9957	10 
9958	114 
9959	113 
9960	296 
9961	223 
9962	166 
9963	193 
9964	315 
9965	296 
9966	252 
9967	56 
9968	265 
9969	56 
9970	367 
9971	56 
9972	110 
9973	193 
9974	215 
9975	53 
9976	84 
9977	98 
9978	315 
9979	98 
9980	75 
9981	215 
9982	223 
9983	277 
9984	114 
9985	330 
9986	354 
9987	53 
9988	354 
9989	98 
9990	256 
9991	110 
9992	56 
9993	265 
9994	296 
9995	108 
9996	186 
9997	114 
9998	53 
9999	330 
10000	101 
