1	159 
2	299 
3	33 
4	343 
5	56 
6	295 
7	52 
8	322 
9	189 
10	197 
11	352 
12	352 
13	144 
14	182 
15	69 
16	244 
17	343 
18	107 
19	349 
20	339 
21	346 
22	165 
23	156 
24	129 
25	292 
26	195 
27	343 
28	149 
29	334 
30	157 
31	299 
32	111 
33	166 
34	342 
35	352 
36	140 
37	244 
38	348 
39	267 
40	167 
41	319 
42	51 
43	313 
44	78 
45	59 
46	56 
47	5 
48	15 
49	131 
50	41 
51	114 
52	341 
53	27 
54	213 
55	7 
56	119 
57	83 
58	5 
59	127 
60	132 
61	169 
62	226 
63	90 
64	80 
65	163 
66	278 
67	42 
68	236 
69	4 
70	184 
71	260 
72	201 
73	69 
74	177 
75	64 
76	247 
77	316 
78	77 
79	188 
80	339 
81	14 
82	278 
83	329 
84	53 
85	164 
86	138 
87	93 
88	82 
89	162 
90	331 
91	34 
92	333 
93	173 
94	72 
95	149 
96	239 
97	316 
98	218 
99	197 
100	210 
101	221 
102	112 
103	181 
104	57 
105	119 
106	59 
107	339 
108	261 
109	351 
110	60 
111	120 
112	318 
113	171 
114	88 
115	233 
116	343 
117	196 
118	303 
119	300 
120	299 
121	119 
122	7 
123	41 
124	319 
125	31 
126	181 
127	170 
128	59 
129	334 
130	167 
131	349 
132	72 
133	168 
134	341 
135	126 
136	20 
137	288 
138	246 
139	169 
140	120 
141	162 
142	305 
143	146 
144	98 
145	57 
146	93 
147	174 
148	251 
149	344 
150	326 
151	261 
152	72 
153	208 
154	318 
155	121 
156	263 
157	214 
158	73 
159	161 
160	122 
161	12 
162	41 
163	237 
164	96 
165	256 
166	49 
167	210 
168	59 
169	278 
170	347 
171	213 
172	24 
173	185 
174	50 
175	323 
176	24 
177	272 
178	57 
179	289 
180	250 
181	216 
182	205 
183	238 
184	334 
185	131 
186	47 
187	37 
188	175 
189	305 
190	278 
191	185 
192	242 
193	148 
194	216 
195	300 
196	60 
197	302 
198	339 
199	184 
200	86 
201	72 
202	129 
203	303 
204	292 
205	317 
206	129 
207	12 
208	99 
209	75 
210	147 
211	53 
212	56 
213	276 
214	326 
215	134 
216	247 
217	127 
218	7 
219	63 
220	256 
221	9 
222	113 
223	80 
224	316 
225	232 
226	207 
227	112 
228	257 
229	45 
230	266 
231	134 
232	208 
233	78 
234	340 
235	338 
236	222 
237	42 
238	52 
239	280 
240	174 
241	67 
242	185 
243	192 
244	109 
245	262 
246	111 
247	214 
248	46 
249	2 
250	163 
251	256 
252	76 
253	82 
254	247 
255	165 
256	262 
257	45 
258	184 
259	179 
260	319 
261	316 
262	80 
263	155 
264	347 
265	215 
266	269 
267	214 
268	351 
269	16 
270	235 
271	266 
272	16 
273	181 
274	138 
275	137 
276	261 
277	179 
278	57 
279	34 
280	331 
281	334 
282	337 
283	282 
284	282 
285	15 
286	181 
287	304 
288	96 
289	103 
290	341 
291	256 
292	321 
293	344 
294	265 
295	137 
296	311 
297	122 
298	294 
299	326 
300	352 
301	39 
302	344 
303	232 
304	48 
305	299 
306	278 
307	25 
308	10 
309	296 
310	218 
311	185 
312	9 
313	261 
314	217 
315	296 
316	47 
317	112 
318	253 
319	80 
320	254 
321	256 
322	288 
323	296 
324	31 
325	80 
326	220 
327	169 
328	284 
329	114 
330	57 
331	94 
332	175 
333	77 
334	346 
335	167 
336	339 
337	175 
338	307 
339	344 
340	159 
341	20 
342	186 
343	32 
344	64 
345	322 
346	102 
347	103 
348	354 
349	226 
350	49 
351	1 
352	133 
353	80 
354	339 
355	198 
356	98 
357	221 
358	275 
359	106 
360	37 
361	144 
362	162 
363	102 
364	101 
365	307 
366	128 
367	71 
368	162 
369	313 
370	204 
371	19 
372	224 
373	131 
374	259 
375	244 
376	51 
377	261 
378	216 
379	89 
380	211 
381	326 
382	59 
383	219 
384	274 
385	201 
386	35 
387	139 
388	349 
389	103 
390	267 
391	273 
392	258 
393	37 
394	279 
395	105 
396	37 
397	285 
398	183 
399	189 
400	257 
401	275 
402	127 
403	145 
404	127 
405	147 
406	279 
407	213 
408	262 
409	6 
410	69 
411	72 
412	59 
413	79 
414	37 
415	84 
416	315 
417	191 
418	296 
419	192 
420	103 
421	338 
422	228 
423	76 
424	176 
425	167 
426	30 
427	1 
428	171 
429	247 
430	142 
431	331 
432	140 
433	84 
434	223 
435	352 
436	36 
437	93 
438	155 
439	337 
440	343 
441	352 
442	146 
443	250 
444	119 
445	157 
446	193 
447	288 
448	227 
449	259 
450	336 
451	280 
452	253 
453	270 
454	347 
455	66 
456	93 
457	87 
458	239 
459	106 
460	49 
461	88 
462	247 
463	226 
464	63 
465	130 
466	127 
467	131 
468	238 
469	132 
470	213 
471	222 
472	347 
473	27 
474	349 
475	197 
476	214 
477	133 
478	27 
479	315 
480	169 
481	31 
482	87 
483	220 
484	270 
485	132 
486	341 
487	101 
488	261 
489	140 
490	339 
491	339 
492	273 
493	102 
494	170 
495	20 
496	309 
497	344 
498	176 
499	267 
500	37 
501	78 
502	240 
503	55 
504	85 
505	151 
506	18 
507	120 
508	298 
509	193 
510	69 
511	128 
512	349 
513	275 
514	260 
515	335 
516	52 
517	168 
518	330 
519	301 
520	182 
521	101 
522	262 
523	114 
524	16 
525	344 
526	197 
527	177 
528	326 
529	187 
530	108 
531	285 
532	134 
533	273 
534	252 
535	257 
536	52 
537	137 
538	72 
539	304 
540	75 
541	141 
542	299 
543	171 
544	28 
545	163 
546	285 
547	337 
548	339 
549	310 
550	155 
551	323 
552	211 
553	71 
554	149 
555	330 
556	4 
557	334 
558	196 
559	82 
560	3 
561	322 
562	226 
563	230 
564	70 
565	193 
566	341 
567	233 
568	104 
569	259 
570	276 
571	22 
572	52 
573	218 
574	160 
575	242 
576	55 
577	100 
578	280 
579	333 
580	102 
581	113 
582	280 
583	1 
584	37 
585	292 
586	304 
587	67 
588	286 
589	341 
590	30 
591	147 
592	44 
593	41 
594	344 
595	40 
596	119 
597	297 
598	69 
599	23 
600	192 
601	341 
602	263 
603	275 
604	322 
605	205 
606	105 
607	49 
608	278 
609	120 
610	244 
611	188 
612	277 
613	31 
614	148 
615	9 
616	45 
617	190 
618	16 
619	319 
620	341 
621	132 
622	96 
623	5 
624	3 
625	220 
626	296 
627	334 
628	291 
629	10 
630	244 
631	124 
632	9 
633	197 
634	98 
635	71 
636	135 
637	117 
638	19 
639	147 
640	327 
641	200 
642	35 
643	28 
644	335 
645	346 
646	291 
647	120 
648	254 
649	138 
650	181 
651	198 
652	167 
653	198 
654	131 
655	258 
656	193 
657	219 
658	326 
659	339 
660	39 
661	318 
662	22 
663	322 
664	28 
665	318 
666	210 
667	182 
668	210 
669	53 
670	137 
671	326 
672	154 
673	118 
674	233 
675	348 
676	266 
677	339 
678	90 
679	255 
680	222 
681	7 
682	261 
683	72 
684	134 
685	200 
686	349 
687	316 
688	242 
689	286 
690	165 
691	318 
692	309 
693	84 
694	161 
695	91 
696	341 
697	246 
698	69 
699	223 
700	226 
701	318 
702	313 
703	42 
704	133 
705	98 
706	343 
707	267 
708	55 
709	350 
710	7 
711	242 
712	226 
713	171 
714	226 
715	296 
716	252 
717	92 
718	318 
719	256 
720	24 
721	211 
722	52 
723	239 
724	39 
725	20 
726	249 
727	218 
728	49 
729	20 
730	35 
731	7 
732	239 
733	190 
734	6 
735	230 
736	297 
737	318 
738	7 
739	49 
740	43 
741	42 
742	255 
743	220 
744	291 
745	195 
746	70 
747	51 
748	134 
749	341 
750	70 
751	241 
752	167 
753	165 
754	258 
755	25 
756	149 
757	95 
758	280 
759	4 
760	52 
761	38 
762	137 
763	256 
764	143 
765	328 
766	14 
767	318 
768	144 
769	203 
770	37 
771	314 
772	63 
773	94 
774	85 
775	16 
776	311 
777	259 
778	249 
779	107 
780	318 
781	345 
782	116 
783	213 
784	144 
785	210 
786	93 
787	343 
788	103 
789	148 
790	54 
791	220 
792	52 
793	44 
794	302 
795	155 
796	192 
797	241 
798	187 
799	162 
800	18 
801	190 
802	340 
803	285 
804	185 
805	316 
806	20 
807	348 
808	54 
809	198 
810	209 
811	118 
812	132 
813	342 
814	7 
815	32 
816	42 
817	296 
818	336 
819	152 
820	65 
821	96 
822	280 
823	85 
824	41 
825	58 
826	222 
827	34 
828	264 
829	144 
830	204 
831	129 
832	103 
833	49 
834	198 
835	147 
836	149 
837	307 
838	252 
839	340 
840	168 
841	35 
842	37 
843	12 
844	28 
845	66 
846	259 
847	21 
848	341 
849	158 
850	200 
851	110 
852	104 
853	141 
854	235 
855	224 
856	334 
857	247 
858	74 
859	47 
860	146 
861	246 
862	340 
863	265 
864	175 
865	236 
866	165 
867	37 
868	296 
869	249 
870	307 
871	33 
872	265 
873	205 
874	276 
875	220 
876	39 
877	111 
878	334 
879	338 
880	350 
881	20 
882	127 
883	212 
884	76 
885	190 
886	85 
887	9 
888	274 
889	180 
890	93 
891	152 
892	142 
893	8 
894	309 
895	259 
896	30 
897	107 
898	126 
899	122 
900	1 
901	246 
902	111 
903	2 
904	253 
905	103 
906	175 
907	47 
908	85 
909	264 
910	259 
911	85 
912	171 
913	211 
914	47 
915	16 
916	188 
917	270 
918	159 
919	347 
920	136 
921	31 
922	134 
923	18 
924	120 
925	105 
926	157 
927	58 
928	328 
929	280 
930	198 
931	281 
932	122 
933	29 
934	80 
935	202 
936	25 
937	198 
938	258 
939	64 
940	326 
941	28 
942	339 
943	47 
944	27 
945	20 
946	166 
947	337 
948	159 
949	149 
950	322 
951	57 
952	8 
953	279 
954	318 
955	94 
956	245 
957	211 
958	198 
959	120 
960	266 
961	275 
962	121 
963	249 
964	83 
965	54 
966	162 
967	41 
968	334 
969	74 
970	59 
971	126 
972	197 
973	42 
974	83 
975	264 
976	280 
977	236 
978	167 
979	10 
980	134 
981	349 
982	308 
983	49 
984	169 
985	165 
986	110 
987	103 
988	270 
989	229 
990	284 
991	45 
992	266 
993	17 
994	51 
995	66 
996	61 
997	214 
998	211 
999	176 
1000	21 
1001	88 
1002	31 
1003	81 
1004	228 
1005	5 
1006	186 
1007	165 
1008	20 
1009	81 
1010	107 
1011	125 
1012	155 
1013	176 
1014	262 
1015	43 
1016	246 
1017	85 
1018	123 
1019	40 
1020	292 
1021	250 
1022	307 
1023	216 
1024	175 
1025	296 
1026	52 
1027	267 
1028	159 
1029	14 
1030	116 
1031	122 
1032	199 
1033	133 
1034	316 
1035	323 
1036	187 
1037	196 
1038	79 
1039	258 
1040	189 
1041	181 
1042	209 
1043	252 
1044	168 
1045	156 
1046	32 
1047	165 
1048	318 
1049	261 
1050	95 
1051	59 
1052	212 
1053	258 
1054	321 
1055	66 
1056	185 
1057	99 
1058	56 
1059	137 
1060	120 
1061	326 
1062	11 
1063	45 
1064	12 
1065	245 
1066	7 
1067	254 
1068	340 
1069	249 
1070	181 
1071	103 
1072	262 
1073	314 
1074	244 
1075	125 
1076	4 
1077	240 
1078	20 
1079	249 
1080	183 
1081	238 
1082	296 
1083	122 
1084	322 
1085	280 
1086	318 
1087	180 
1088	59 
1089	253 
1090	287 
1091	216 
1092	186 
1093	280 
1094	244 
1095	285 
1096	69 
1097	274 
1098	105 
1099	34 
1100	259 
1101	334 
1102	59 
1103	198 
1104	85 
1105	177 
1106	214 
1107	300 
1108	322 
1109	25 
1110	6 
1111	244 
1112	117 
1113	228 
1114	262 
1115	226 
1116	347 
1117	43 
1118	339 
1119	68 
1120	275 
1121	150 
1122	190 
1123	38 
1124	42 
1125	159 
1126	22 
1127	267 
1128	43 
1129	41 
1130	343 
1131	310 
1132	183 
1133	127 
1134	59 
1135	126 
1136	102 
1137	162 
1138	294 
1139	42 
1140	103 
1141	203 
1142	20 
1143	186 
1144	54 
1145	185 
1146	247 
1147	99 
1148	35 
1149	179 
1150	28 
1151	296 
1152	256 
1153	341 
1154	152 
1155	178 
1156	223 
1157	146 
1158	42 
1159	311 
1160	12 
1161	109 
1162	20 
1163	103 
1164	233 
1165	85 
1166	304 
1167	210 
1168	47 
1169	131 
1170	147 
1171	79 
1172	12 
1173	351 
1174	188 
1175	330 
1176	205 
1177	303 
1178	146 
1179	164 
1180	87 
1181	44 
1182	120 
1183	43 
1184	247 
1185	135 
1186	116 
1187	326 
1188	133 
1189	248 
1190	114 
1191	347 
1192	159 
1193	244 
1194	240 
1195	58 
1196	286 
1197	24 
1198	312 
1199	195 
1200	311 
1201	66 
1202	257 
1203	101 
1204	184 
1205	273 
1206	174 
1207	105 
1208	200 
1209	167 
1210	245 
1211	351 
1212	12 
1213	290 
1214	318 
1215	20 
1216	147 
1217	111 
1218	267 
1219	137 
1220	191 
1221	294 
1222	41 
1223	271 
1224	29 
1225	307 
1226	76 
1227	297 
1228	107 
1229	62 
1230	206 
1231	84 
1232	232 
1233	151 
1234	79 
1235	219 
1236	200 
1237	252 
1238	32 
1239	213 
1240	210 
1241	210 
1242	56 
1243	131 
1244	93 
1245	149 
1246	270 
1247	31 
1248	80 
1249	255 
1250	29 
1251	352 
1252	139 
1253	169 
1254	52 
1255	269 
1256	298 
1257	190 
1258	233 
1259	129 
1260	259 
1261	200 
1262	127 
1263	249 
1264	4 
1265	34 
1266	12 
1267	85 
1268	280 
1269	143 
1270	229 
1271	280 
1272	80 
1273	213 
1274	101 
1275	58 
1276	229 
1277	267 
1278	274 
1279	205 
1280	33 
1281	191 
1282	184 
1283	120 
1284	169 
1285	43 
1286	118 
1287	7 
1288	159 
1289	31 
1290	30 
1291	70 
1292	90 
1293	175 
1294	119 
1295	247 
1296	314 
1297	171 
1298	253 
1299	20 
1300	343 
1301	117 
1302	196 
1303	246 
1304	354 
1305	177 
1306	72 
1307	235 
1308	122 
1309	193 
1310	95 
1311	38 
1312	158 
1313	301 
1314	72 
1315	280 
1316	3 
1317	182 
1318	92 
1319	71 
1320	326 
1321	131 
1322	1 
1323	36 
1324	7 
1325	186 
1326	272 
1327	259 
1328	45 
1329	162 
1330	227 
1331	185 
1332	82 
1333	167 
1334	198 
1335	278 
1336	137 
1337	198 
1338	246 
1339	127 
1340	344 
1341	249 
1342	142 
1343	172 
1344	111 
1345	182 
1346	235 
1347	274 
1348	261 
1349	262 
1350	76 
1351	148 
1352	37 
1353	298 
1354	279 
1355	191 
1356	129 
1357	109 
1358	102 
1359	348 
1360	213 
1361	205 
1362	7 
1363	340 
1364	46 
1365	254 
1366	256 
1367	153 
1368	194 
1369	336 
1370	72 
1371	341 
1372	131 
1373	172 
1374	191 
1375	193 
1376	37 
1377	5 
1378	148 
1379	305 
1380	80 
1381	156 
1382	82 
1383	298 
1384	137 
1385	72 
1386	353 
1387	195 
1388	113 
1389	241 
1390	232 
1391	231 
1392	79 
1393	127 
1394	195 
1395	150 
1396	117 
1397	320 
1398	66 
1399	161 
1400	85 
1401	306 
1402	202 
1403	288 
1404	311 
1405	341 
1406	204 
1407	233 
1408	341 
1409	138 
1410	211 
1411	41 
1412	221 
1413	162 
1414	147 
1415	59 
1416	229 
1417	64 
1418	308 
1419	43 
1420	116 
1421	40 
1422	274 
1423	246 
1424	144 
1425	158 
1426	213 
1427	108 
1428	290 
1429	69 
1430	266 
1431	201 
1432	354 
1433	135 
1434	150 
1435	167 
1436	175 
1437	51 
1438	310 
1439	281 
1440	190 
1441	192 
1442	28 
1443	242 
1444	88 
1445	166 
1446	205 
1447	210 
1448	287 
1449	146 
1450	281 
1451	50 
1452	349 
1453	51 
1454	342 
1455	211 
1456	226 
1457	171 
1458	138 
1459	349 
1460	213 
1461	150 
1462	148 
1463	18 
1464	248 
1465	245 
1466	114 
1467	285 
1468	149 
1469	296 
1470	57 
1471	77 
1472	43 
1473	40 
1474	48 
1475	107 
1476	184 
1477	325 
1478	261 
1479	171 
1480	211 
1481	80 
1482	113 
1483	180 
1484	278 
1485	154 
1486	243 
1487	344 
1488	251 
1489	318 
1490	248 
1491	79 
1492	185 
1493	5 
1494	325 
1495	261 
1496	67 
1497	248 
1498	140 
1499	12 
1500	19 
1501	267 
1502	294 
1503	183 
1504	331 
1505	268 
1506	134 
1507	237 
1508	290 
1509	165 
1510	7 
1511	41 
1512	295 
1513	92 
1514	226 
1515	304 
1516	165 
1517	39 
1518	345 
1519	183 
1520	331 
1521	5 
1522	153 
1523	293 
1524	176 
1525	172 
1526	10 
1527	338 
1528	33 
1529	57 
1530	232 
1531	334 
1532	285 
1533	280 
1534	1 
1535	183 
1536	28 
1537	37 
1538	134 
1539	342 
1540	4 
1541	64 
1542	59 
1543	13 
1544	211 
1545	153 
1546	164 
1547	65 
1548	174 
1549	179 
1550	162 
1551	296 
1552	77 
1553	311 
1554	265 
1555	280 
1556	303 
1557	306 
1558	243 
1559	186 
1560	240 
1561	156 
1562	100 
1563	125 
1564	142 
1565	343 
1566	80 
1567	334 
1568	13 
1569	62 
1570	115 
1571	336 
1572	24 
1573	247 
1574	113 
1575	300 
1576	306 
1577	300 
1578	32 
1579	281 
1580	187 
1581	80 
1582	12 
1583	282 
1584	35 
1585	252 
1586	7 
1587	175 
1588	338 
1589	50 
1590	345 
1591	26 
1592	51 
1593	254 
1594	105 
1595	209 
1596	165 
1597	315 
1598	350 
1599	334 
1600	304 
1601	261 
1602	262 
1603	274 
1604	45 
1605	187 
1606	352 
1607	247 
1608	282 
1609	103 
1610	329 
1611	111 
1612	273 
1613	226 
1614	112 
1615	34 
1616	343 
1617	205 
1618	354 
1619	2 
1620	215 
1621	47 
1622	105 
1623	339 
1624	125 
1625	290 
1626	133 
1627	80 
1628	39 
1629	167 
1630	227 
1631	51 
1632	178 
1633	52 
1634	162 
1635	14 
1636	21 
1637	116 
1638	338 
1639	212 
1640	5 
1641	144 
1642	163 
1643	258 
1644	199 
1645	192 
1646	71 
1647	324 
1648	41 
1649	127 
1650	163 
1651	226 
1652	18 
1653	130 
1654	148 
1655	193 
1656	57 
1657	338 
1658	14 
1659	84 
1660	62 
1661	220 
1662	169 
1663	126 
1664	354 
1665	39 
1666	351 
1667	66 
1668	246 
1669	112 
1670	317 
1671	189 
1672	309 
1673	303 
1674	183 
1675	12 
1676	220 
1677	113 
1678	225 
1679	9 
1680	354 
1681	129 
1682	273 
1683	12 
1684	148 
1685	4 
1686	179 
1687	43 
1688	212 
1689	120 
1690	338 
1691	58 
1692	353 
1693	52 
1694	283 
1695	189 
1696	80 
1697	10 
1698	321 
1699	235 
1700	244 
1701	93 
1702	313 
1703	4 
1704	187 
1705	303 
1706	146 
1707	211 
1708	56 
1709	270 
1710	38 
1711	169 
1712	138 
1713	177 
1714	59 
1715	12 
1716	219 
1717	204 
1718	178 
1719	5 
1720	308 
1721	129 
1722	43 
1723	84 
1724	54 
1725	318 
1726	259 
1727	35 
1728	159 
1729	282 
1730	214 
1731	28 
1732	134 
1733	165 
1734	44 
1735	164 
1736	84 
1737	187 
1738	65 
1739	114 
1740	107 
1741	72 
1742	26 
1743	111 
1744	103 
1745	19 
1746	268 
1747	128 
1748	190 
1749	9 
1750	15 
1751	118 
1752	34 
1753	191 
1754	257 
1755	323 
1756	346 
1757	298 
1758	61 
1759	248 
1760	11 
1761	31 
1762	326 
1763	65 
1764	92 
1765	295 
1766	260 
1767	4 
1768	23 
1769	290 
1770	328 
1771	171 
1772	298 
1773	299 
1774	273 
1775	51 
1776	72 
1777	351 
1778	102 
1779	56 
1780	75 
1781	198 
1782	96 
1783	249 
1784	139 
1785	323 
1786	5 
1787	42 
1788	243 
1789	327 
1790	217 
1791	278 
1792	309 
1793	347 
1794	321 
1795	49 
1796	72 
1797	103 
1798	204 
1799	252 
1800	74 
1801	241 
1802	73 
1803	330 
1804	94 
1805	127 
1806	15 
1807	131 
1808	146 
1809	59 
1810	271 
1811	181 
1812	303 
1813	152 
1814	69 
1815	170 
1816	106 
1817	20 
1818	94 
1819	108 
1820	226 
1821	131 
1822	18 
1823	155 
1824	249 
1825	303 
1826	38 
1827	103 
1828	160 
1829	218 
1830	240 
1831	185 
1832	299 
1833	221 
1834	169 
1835	256 
1836	327 
1837	156 
1838	244 
1839	154 
1840	171 
1841	229 
1842	270 
1843	317 
1844	334 
1845	313 
1846	219 
1847	278 
1848	259 
1849	200 
1850	312 
1851	190 
1852	8 
1853	351 
1854	246 
1855	297 
1856	233 
1857	127 
1858	134 
1859	339 
1860	343 
1861	12 
1862	246 
1863	148 
1864	346 
1865	189 
1866	304 
1867	113 
1868	162 
1869	280 
1870	233 
1871	233 
1872	162 
1873	242 
1874	99 
1875	270 
1876	349 
1877	218 
1878	165 
1879	43 
1880	270 
1881	183 
1882	296 
1883	157 
1884	233 
1885	330 
1886	81 
1887	205 
1888	82 
1889	139 
1890	309 
1891	311 
1892	69 
1893	64 
1894	185 
1895	3 
1896	5 
1897	190 
1898	210 
1899	351 
1900	287 
1901	84 
1902	120 
1903	20 
1904	113 
1905	169 
1906	174 
1907	111 
1908	215 
1909	285 
1910	111 
1911	222 
1912	226 
1913	163 
1914	339 
1915	138 
1916	168 
1917	33 
1918	350 
1919	20 
1920	291 
1921	248 
1922	39 
1923	65 
1924	150 
1925	52 
1926	147 
1927	267 
1928	96 
1929	345 
1930	211 
1931	30 
1932	66 
1933	280 
1934	144 
1935	256 
1936	171 
1937	57 
1938	171 
1939	340 
1940	261 
1941	131 
1942	278 
1943	261 
1944	217 
1945	327 
1946	192 
1947	226 
1948	11 
1949	272 
1950	262 
1951	351 
1952	322 
1953	145 
1954	277 
1955	283 
1956	112 
1957	4 
1958	59 
1959	185 
1960	52 
1961	107 
1962	240 
1963	263 
1964	312 
1965	57 
1966	219 
1967	297 
1968	281 
1969	102 
1970	257 
1971	156 
1972	83 
1973	4 
1974	158 
1975	25 
1976	269 
1977	133 
1978	8 
1979	181 
1980	226 
1981	116 
1982	203 
1983	10 
1984	274 
1985	317 
1986	261 
1987	198 
1988	216 
1989	325 
1990	7 
1991	200 
1992	188 
1993	125 
1994	215 
1995	218 
1996	49 
1997	311 
1998	272 
1999	91 
2000	104 
2001	113 
2002	154 
2003	109 
2004	171 
2005	175 
2006	5 
2007	253 
2008	221 
2009	158 
2010	286 
2011	200 
2012	193 
2013	340 
2014	34 
2015	325 
2016	41 
2017	98 
2018	347 
2019	193 
2020	163 
2021	348 
2022	107 
2023	119 
2024	111 
2025	42 
2026	329 
2027	212 
2028	20 
2029	175 
2030	326 
2031	18 
2032	206 
2033	273 
2034	147 
2035	13 
2036	320 
2037	43 
2038	116 
2039	282 
2040	353 
2041	283 
2042	96 
2043	239 
2044	1 
2045	128 
2046	131 
2047	55 
2048	102 
2049	69 
2050	69 
2051	273 
2052	17 
2053	190 
2054	175 
2055	344 
2056	34 
2057	332 
2058	10 
2059	71 
2060	149 
2061	317 
2062	350 
2063	80 
2064	81 
2065	212 
2066	194 
2067	131 
2068	318 
2069	286 
2070	103 
2071	71 
2072	200 
2073	9 
2074	275 
2075	70 
2076	351 
2077	132 
2078	113 
2079	80 
2080	272 
2081	215 
2082	318 
2083	261 
2084	183 
2085	269 
2086	319 
2087	1 
2088	173 
2089	140 
2090	269 
2091	329 
2092	17 
2093	289 
2094	15 
2095	334 
2096	5 
2097	300 
2098	109 
2099	165 
2100	263 
2101	193 
2102	326 
2103	219 
2104	194 
2105	190 
2106	98 
2107	136 
2108	181 
2109	165 
2110	20 
2111	171 
2112	34 
2113	346 
2114	157 
2115	116 
2116	210 
2117	273 
2118	86 
2119	82 
2120	100 
2121	44 
2122	92 
2123	25 
2124	261 
2125	205 
2126	146 
2127	349 
2128	284 
2129	173 
2130	167 
2131	49 
2132	61 
2133	120 
2134	289 
2135	206 
2136	79 
2137	341 
2138	351 
2139	168 
2140	325 
2141	346 
2142	240 
2143	41 
2144	45 
2145	107 
2146	167 
2147	85 
2148	71 
2149	37 
2150	87 
2151	40 
2152	285 
2153	239 
2154	31 
2155	193 
2156	9 
2157	107 
2158	343 
2159	92 
2160	336 
2161	244 
2162	199 
2163	267 
2164	5 
2165	281 
2166	339 
2167	236 
2168	296 
2169	95 
2170	340 
2171	127 
2172	235 
2173	204 
2174	276 
2175	135 
2176	103 
2177	272 
2178	135 
2179	202 
2180	19 
2181	229 
2182	87 
2183	262 
2184	211 
2185	269 
2186	348 
2187	196 
2188	226 
2189	127 
2190	56 
2191	248 
2192	64 
2193	51 
2194	46 
2195	104 
2196	139 
2197	281 
2198	240 
2199	1 
2200	175 
2201	349 
2202	189 
2203	211 
2204	183 
2205	52 
2206	292 
2207	52 
2208	155 
2209	262 
2210	325 
2211	81 
2212	73 
2213	195 
2214	332 
2215	20 
2216	343 
2217	113 
2218	87 
2219	153 
2220	184 
2221	325 
2222	126 
2223	279 
2224	136 
2225	318 
2226	49 
2227	207 
2228	94 
2229	235 
2230	18 
2231	343 
2232	34 
2233	147 
2234	256 
2235	194 
2236	338 
2237	295 
2238	204 
2239	241 
2240	338 
2241	11 
2242	119 
2243	77 
2244	205 
2245	139 
2246	78 
2247	311 
2248	144 
2249	174 
2250	246 
2251	183 
2252	206 
2253	342 
2254	18 
2255	68 
2256	265 
2257	298 
2258	294 
2259	279 
2260	159 
2261	256 
2262	221 
2263	169 
2264	165 
2265	196 
2266	255 
2267	10 
2268	273 
2269	314 
2270	273 
2271	76 
2272	84 
2273	55 
2274	261 
2275	305 
2276	64 
2277	178 
2278	206 
2279	218 
2280	206 
2281	1 
2282	88 
2283	254 
2284	343 
2285	341 
2286	272 
2287	58 
2288	337 
2289	278 
2290	270 
2291	96 
2292	299 
2293	274 
2294	300 
2295	110 
2296	321 
2297	349 
2298	43 
2299	255 
2300	259 
2301	296 
2302	71 
2303	7 
2304	275 
2305	20 
2306	125 
2307	99 
2308	310 
2309	258 
2310	33 
2311	138 
2312	7 
2313	251 
2314	217 
2315	340 
2316	99 
2317	41 
2318	190 
2319	130 
2320	47 
2321	326 
2322	10 
2323	130 
2324	333 
2325	41 
2326	96 
2327	220 
2328	42 
2329	351 
2330	143 
2331	1 
2332	312 
2333	10 
2334	149 
2335	225 
2336	111 
2337	234 
2338	291 
2339	80 
2340	269 
2341	252 
2342	341 
2343	180 
2344	97 
2345	52 
2346	94 
2347	85 
2348	110 
2349	28 
2350	23 
2351	37 
2352	162 
2353	116 
2354	336 
2355	299 
2356	226 
2357	341 
2358	104 
2359	326 
2360	51 
2361	303 
2362	258 
2363	18 
2364	354 
2365	21 
2366	91 
2367	49 
2368	311 
2369	82 
2370	270 
2371	338 
2372	246 
2373	59 
2374	129 
2375	132 
2376	180 
2377	158 
2378	310 
2379	343 
2380	22 
2381	238 
2382	271 
2383	227 
2384	36 
2385	12 
2386	313 
2387	296 
2388	87 
2389	354 
2390	175 
2391	325 
2392	218 
2393	95 
2394	267 
2395	213 
2396	197 
2397	170 
2398	40 
2399	257 
2400	162 
2401	86 
2402	67 
2403	232 
2404	95 
2405	131 
2406	62 
2407	259 
2408	142 
2409	85 
2410	205 
2411	275 
2412	226 
2413	137 
2414	328 
2415	88 
2416	164 
2417	343 
2418	216 
2419	174 
2420	118 
2421	267 
2422	167 
2423	343 
2424	229 
2425	284 
2426	246 
2427	12 
2428	120 
2429	78 
2430	246 
2431	41 
2432	147 
2433	222 
2434	334 
2435	75 
2436	318 
2437	274 
2438	303 
2439	43 
2440	289 
2441	254 
2442	5 
2443	169 
2444	112 
2445	183 
2446	273 
2447	308 
2448	172 
2449	137 
2450	190 
2451	165 
2452	80 
2453	280 
2454	315 
2455	39 
2456	103 
2457	262 
2458	347 
2459	235 
2460	107 
2461	240 
2462	72 
2463	107 
2464	15 
2465	209 
2466	119 
2467	242 
2468	231 
2469	139 
2470	128 
2471	79 
2472	137 
2473	198 
2474	59 
2475	242 
2476	298 
2477	102 
2478	177 
2479	297 
2480	80 
2481	292 
2482	97 
2483	324 
2484	56 
2485	259 
2486	23 
2487	48 
2488	220 
2489	200 
2490	341 
2491	31 
2492	162 
2493	167 
2494	344 
2495	318 
2496	318 
2497	304 
2498	211 
2499	272 
2500	131 
2501	208 
2502	153 
2503	89 
2504	101 
2505	144 
2506	30 
2507	55 
2508	93 
2509	250 
2510	46 
2511	142 
2512	7 
2513	340 
2514	163 
2515	339 
2516	159 
2517	97 
2518	275 
2519	267 
2520	157 
2521	187 
2522	59 
2523	262 
2524	115 
2525	260 
2526	348 
2527	178 
2528	347 
2529	204 
2530	148 
2531	334 
2532	299 
2533	195 
2534	171 
2535	262 
2536	256 
2537	244 
2538	129 
2539	20 
2540	247 
2541	114 
2542	220 
2543	169 
2544	26 
2545	319 
2546	263 
2547	354 
2548	215 
2549	120 
2550	72 
2551	212 
2552	110 
2553	58 
2554	108 
2555	326 
2556	142 
2557	298 
2558	80 
2559	290 
2560	354 
2561	335 
2562	72 
2563	259 
2564	286 
2565	233 
2566	79 
2567	228 
2568	52 
2569	208 
2570	224 
2571	198 
2572	250 
2573	2 
2574	37 
2575	85 
2576	298 
2577	325 
2578	112 
2579	192 
2580	18 
2581	181 
2582	5 
2583	237 
2584	214 
2585	46 
2586	165 
2587	223 
2588	84 
2589	343 
2590	167 
2591	87 
2592	343 
2593	214 
2594	26 
2595	267 
2596	83 
2597	336 
2598	314 
2599	316 
2600	162 
2601	147 
2602	312 
2603	14 
2604	110 
2605	314 
2606	274 
2607	351 
2608	79 
2609	220 
2610	226 
2611	211 
2612	20 
2613	118 
2614	101 
2615	152 
2616	192 
2617	208 
2618	175 
2619	259 
2620	100 
2621	347 
2622	12 
2623	228 
2624	326 
2625	129 
2626	211 
2627	192 
2628	245 
2629	311 
2630	267 
2631	137 
2632	291 
2633	351 
2634	198 
2635	348 
2636	69 
2637	96 
2638	174 
2639	275 
2640	298 
2641	41 
2642	28 
2643	39 
2644	119 
2645	59 
2646	311 
2647	220 
2648	327 
2649	79 
2650	45 
2651	26 
2652	8 
2653	7 
2654	83 
2655	343 
2656	162 
2657	259 
2658	324 
2659	139 
2660	319 
2661	116 
2662	169 
2663	120 
2664	96 
2665	167 
2666	194 
2667	354 
2668	175 
2669	341 
2670	311 
2671	100 
2672	32 
2673	37 
2674	158 
2675	256 
2676	260 
2677	170 
2678	65 
2679	83 
2680	214 
2681	317 
2682	1 
2683	14 
2684	114 
2685	163 
2686	258 
2687	8 
2688	338 
2689	351 
2690	205 
2691	227 
2692	59 
2693	281 
2694	172 
2695	54 
2696	20 
2697	183 
2698	184 
2699	298 
2700	277 
2701	42 
2702	39 
2703	259 
2704	303 
2705	273 
2706	351 
2707	94 
2708	240 
2709	314 
2710	111 
2711	344 
2712	39 
2713	323 
2714	351 
2715	198 
2716	105 
2717	313 
2718	219 
2719	80 
2720	102 
2721	351 
2722	97 
2723	333 
2724	12 
2725	268 
2726	48 
2727	68 
2728	301 
2729	75 
2730	272 
2731	41 
2732	310 
2733	129 
2734	142 
2735	352 
2736	236 
2737	52 
2738	326 
2739	273 
2740	211 
2741	94 
2742	71 
2743	172 
2744	60 
2745	140 
2746	238 
2747	213 
2748	311 
2749	105 
2750	93 
2751	329 
2752	99 
2753	118 
2754	37 
2755	29 
2756	107 
2757	203 
2758	24 
2759	120 
2760	170 
2761	286 
2762	263 
2763	5 
2764	162 
2765	5 
2766	254 
2767	260 
2768	120 
2769	20 
2770	337 
2771	256 
2772	84 
2773	235 
2774	12 
2775	210 
2776	171 
2777	318 
2778	147 
2779	337 
2780	167 
2781	287 
2782	24 
2783	298 
2784	45 
2785	100 
2786	68 
2787	147 
2788	198 
2789	218 
2790	196 
2791	195 
2792	41 
2793	340 
2794	298 
2795	296 
2796	129 
2797	71 
2798	10 
2799	264 
2800	227 
2801	292 
2802	262 
2803	280 
2804	27 
2805	129 
2806	107 
2807	129 
2808	177 
2809	293 
2810	72 
2811	40 
2812	140 
2813	64 
2814	4 
2815	1 
2816	323 
2817	302 
2818	189 
2819	173 
2820	117 
2821	129 
2822	270 
2823	85 
2824	337 
2825	57 
2826	49 
2827	218 
2828	131 
2829	322 
2830	280 
2831	59 
2832	118 
2833	269 
2834	185 
2835	311 
2836	52 
2837	200 
2838	262 
2839	104 
2840	231 
2841	95 
2842	56 
2843	61 
2844	307 
2845	167 
2846	132 
2847	94 
2848	165 
2849	205 
2850	5 
2851	18 
2852	111 
2853	72 
2854	28 
2855	216 
2856	143 
2857	73 
2858	203 
2859	103 
2860	243 
2861	263 
2862	207 
2863	188 
2864	131 
2865	205 
2866	163 
2867	127 
2868	173 
2869	339 
2870	239 
2871	75 
2872	175 
2873	263 
2874	46 
2875	96 
2876	123 
2877	239 
2878	278 
2879	323 
2880	308 
2881	41 
2882	117 
2883	285 
2884	181 
2885	96 
2886	144 
2887	332 
2888	166 
2889	336 
2890	185 
2891	71 
2892	325 
2893	307 
2894	189 
2895	240 
2896	247 
2897	303 
2898	36 
2899	165 
2900	183 
2901	5 
2902	52 
2903	230 
2904	132 
2905	165 
2906	172 
2907	193 
2908	259 
2909	285 
2910	162 
2911	173 
2912	315 
2913	48 
2914	145 
2915	44 
2916	111 
2917	20 
2918	147 
2919	303 
2920	19 
2921	62 
2922	130 
2923	119 
2924	198 
2925	160 
2926	152 
2927	326 
2928	279 
2929	75 
2930	31 
2931	97 
2932	17 
2933	352 
2934	262 
2935	98 
2936	198 
2937	135 
2938	320 
2939	185 
2940	258 
2941	218 
2942	40 
2943	8 
2944	294 
2945	161 
2946	252 
2947	290 
2948	133 
2949	344 
2950	338 
2951	41 
2952	197 
2953	6 
2954	199 
2955	1 
2956	132 
2957	190 
2958	278 
2959	210 
2960	296 
2961	257 
2962	23 
2963	4 
2964	347 
2965	18 
2966	249 
2967	131 
2968	74 
2969	250 
2970	223 
2971	310 
2972	17 
2973	59 
2974	156 
2975	254 
2976	41 
2977	317 
2978	232 
2979	250 
2980	316 
2981	139 
2982	139 
2983	174 
2984	144 
2985	262 
2986	294 
2987	193 
2988	95 
2989	16 
2990	34 
2991	294 
2992	32 
2993	321 
2994	123 
2995	146 
2996	226 
2997	102 
2998	150 
2999	37 
3000	107 
3001	27 
3002	205 
3003	241 
3004	256 
3005	322 
3006	275 
3007	31 
3008	113 
3009	220 
3010	35 
3011	87 
3012	287 
3013	20 
3014	51 
3015	257 
3016	95 
3017	82 
3018	179 
3019	242 
3020	71 
3021	198 
3022	334 
3023	69 
3024	252 
3025	186 
3026	289 
3027	249 
3028	176 
3029	94 
3030	12 
3031	35 
3032	197 
3033	102 
3034	267 
3035	238 
3036	257 
3037	34 
3038	334 
3039	207 
3040	79 
3041	248 
3042	113 
3043	200 
3044	193 
3045	190 
3046	270 
3047	50 
3048	132 
3049	254 
3050	213 
3051	353 
3052	334 
3053	189 
3054	132 
3055	187 
3056	272 
3057	51 
3058	278 
3059	38 
3060	322 
3061	32 
3062	36 
3063	226 
3064	328 
3065	212 
3066	159 
3067	188 
3068	39 
3069	348 
3070	52 
3071	219 
3072	247 
3073	267 
3074	197 
3075	311 
3076	295 
3077	102 
3078	318 
3079	323 
3080	82 
3081	321 
3082	93 
3083	270 
3084	169 
3085	113 
3086	103 
3087	72 
3088	244 
3089	345 
3090	275 
3091	232 
3092	338 
3093	343 
3094	298 
3095	85 
3096	10 
3097	281 
3098	106 
3099	313 
3100	103 
3101	235 
3102	284 
3103	340 
3104	127 
3105	72 
3106	237 
3107	226 
3108	326 
3109	63 
3110	86 
3111	59 
3112	278 
3113	197 
3114	120 
3115	7 
3116	142 
3117	204 
3118	85 
3119	184 
3120	280 
3121	28 
3122	192 
3123	93 
3124	344 
3125	298 
3126	29 
3127	298 
3128	7 
3129	147 
3130	304 
3131	147 
3132	141 
3133	189 
3134	183 
3135	42 
3136	105 
3137	334 
3138	88 
3139	308 
3140	286 
3141	258 
3142	242 
3143	289 
3144	104 
3145	341 
3146	193 
3147	172 
3148	58 
3149	252 
3150	274 
3151	267 
3152	22 
3153	84 
3154	102 
3155	79 
3156	218 
3157	90 
3158	37 
3159	207 
3160	68 
3161	273 
3162	120 
3163	27 
3164	12 
3165	261 
3166	236 
3167	200 
3168	340 
3169	283 
3170	132 
3171	101 
3172	220 
3173	137 
3174	217 
3175	281 
3176	335 
3177	317 
3178	68 
3179	73 
3180	318 
3181	89 
3182	344 
3183	332 
3184	110 
3185	34 
3186	41 
3187	351 
3188	137 
3189	37 
3190	210 
3191	211 
3192	302 
3193	47 
3194	278 
3195	316 
3196	87 
3197	240 
3198	260 
3199	267 
3200	146 
3201	60 
3202	147 
3203	56 
3204	58 
3205	318 
3206	236 
3207	167 
3208	147 
3209	149 
3210	233 
3211	196 
3212	246 
3213	239 
3214	199 
3215	313 
3216	142 
3217	147 
3218	273 
3219	37 
3220	344 
3221	77 
3222	265 
3223	8 
3224	334 
3225	163 
3226	219 
3227	102 
3228	177 
3229	30 
3230	34 
3231	227 
3232	276 
3233	24 
3234	226 
3235	249 
3236	223 
3237	86 
3238	149 
3239	176 
3240	280 
3241	258 
3242	112 
3243	158 
3244	75 
3245	20 
3246	218 
3247	106 
3248	302 
3249	261 
3250	298 
3251	67 
3252	191 
3253	152 
3254	273 
3255	140 
3256	339 
3257	311 
3258	270 
3259	230 
3260	282 
3261	214 
3262	274 
3263	284 
3264	43 
3265	226 
3266	325 
3267	130 
3268	187 
3269	320 
3270	62 
3271	347 
3272	219 
3273	94 
3274	348 
3275	56 
3276	49 
3277	58 
3278	173 
3279	193 
3280	263 
3281	280 
3282	189 
3283	194 
3284	8 
3285	323 
3286	66 
3287	147 
3288	90 
3289	296 
3290	80 
3291	173 
3292	353 
3293	226 
3294	120 
3295	60 
3296	235 
3297	313 
3298	4 
3299	226 
3300	120 
3301	304 
3302	185 
3303	1 
3304	125 
3305	334 
3306	235 
3307	164 
3308	14 
3309	72 
3310	225 
3311	280 
3312	65 
3313	230 
3314	94 
3315	326 
3316	98 
3317	175 
3318	262 
3319	11 
3320	75 
3321	159 
3322	296 
3323	80 
3324	84 
3325	216 
3326	195 
3327	22 
3328	280 
3329	272 
3330	239 
3331	169 
3332	345 
3333	351 
3334	53 
3335	274 
3336	336 
3337	242 
3338	274 
3339	96 
3340	203 
3341	220 
3342	162 
3343	18 
3344	163 
3345	136 
3346	197 
3347	245 
3348	120 
3349	116 
3350	134 
3351	37 
3352	254 
3353	334 
3354	54 
3355	292 
3356	228 
3357	93 
3358	5 
3359	347 
3360	293 
3361	262 
3362	236 
3363	51 
3364	351 
3365	332 
3366	245 
3367	24 
3368	228 
3369	264 
3370	98 
3371	295 
3372	195 
3373	22 
3374	54 
3375	160 
3376	65 
3377	75 
3378	139 
3379	339 
3380	127 
3381	18 
3382	128 
3383	41 
3384	237 
3385	137 
3386	73 
3387	197 
3388	242 
3389	28 
3390	69 
3391	129 
3392	337 
3393	182 
3394	279 
3395	273 
3396	59 
3397	293 
3398	147 
3399	316 
3400	73 
3401	273 
3402	313 
3403	28 
3404	234 
3405	61 
3406	166 
3407	148 
3408	146 
3409	80 
3410	224 
3411	47 
3412	325 
3413	127 
3414	336 
3415	86 
3416	118 
3417	101 
3418	94 
3419	102 
3420	115 
3421	158 
3422	205 
3423	231 
3424	42 
3425	84 
3426	120 
3427	347 
3428	292 
3429	224 
3430	82 
3431	262 
3432	111 
3433	306 
3434	39 
3435	198 
3436	172 
3437	36 
3438	228 
3439	154 
3440	22 
3441	175 
3442	187 
3443	79 
3444	212 
3445	298 
3446	52 
3447	120 
3448	246 
3449	266 
3450	175 
3451	24 
3452	347 
3453	280 
3454	85 
3455	240 
3456	320 
3457	324 
3458	265 
3459	155 
3460	262 
3461	346 
3462	56 
3463	98 
3464	246 
3465	59 
3466	88 
3467	12 
3468	277 
3469	266 
3470	305 
3471	50 
3472	344 
3473	57 
3474	132 
3475	240 
3476	138 
3477	226 
3478	218 
3479	152 
3480	233 
3481	17 
3482	307 
3483	282 
3484	187 
3485	145 
3486	322 
3487	322 
3488	190 
3489	281 
3490	167 
3491	232 
3492	254 
3493	134 
3494	323 
3495	87 
3496	303 
3497	146 
3498	137 
3499	90 
3500	343 
3501	171 
3502	155 
3503	197 
3504	111 
3505	343 
3506	230 
3507	125 
3508	344 
3509	268 
3510	101 
3511	233 
3512	334 
3513	208 
3514	227 
3515	226 
3516	334 
3517	229 
3518	175 
3519	322 
3520	54 
3521	58 
3522	258 
3523	80 
3524	338 
3525	243 
3526	149 
3527	326 
3528	35 
3529	186 
3530	238 
3531	142 
3532	124 
3533	75 
3534	314 
3535	72 
3536	142 
3537	298 
3538	4 
3539	129 
3540	118 
3541	292 
3542	272 
3543	344 
3544	147 
3545	161 
3546	279 
3547	226 
3548	313 
3549	157 
3550	97 
3551	178 
3552	274 
3553	175 
3554	267 
3555	85 
3556	136 
3557	33 
3558	235 
3559	106 
3560	246 
3561	50 
3562	246 
3563	299 
3564	139 
3565	105 
3566	351 
3567	199 
3568	237 
3569	174 
3570	273 
3571	160 
3572	20 
3573	24 
3574	203 
3575	322 
3576	129 
3577	10 
3578	306 
3579	299 
3580	279 
3581	255 
3582	49 
3583	262 
3584	345 
3585	133 
3586	84 
3587	136 
3588	52 
3589	212 
3590	132 
3591	18 
3592	334 
3593	8 
3594	347 
3595	291 
3596	80 
3597	7 
3598	138 
3599	258 
3600	330 
3601	332 
3602	44 
3603	262 
3604	5 
3605	281 
3606	296 
3607	239 
3608	262 
3609	281 
3610	259 
3611	351 
3612	190 
3613	72 
3614	71 
3615	283 
3616	305 
3617	74 
3618	120 
3619	39 
3620	5 
3621	200 
3622	47 
3623	318 
3624	66 
3625	165 
3626	148 
3627	111 
3628	350 
3629	127 
3630	99 
3631	167 
3632	125 
3633	29 
3634	210 
3635	353 
3636	158 
3637	41 
3638	169 
3639	343 
3640	321 
3641	111 
3642	130 
3643	307 
3644	58 
3645	259 
3646	239 
3647	80 
3648	281 
3649	115 
3650	27 
3651	341 
3652	60 
3653	20 
3654	100 
3655	204 
3656	257 
3657	350 
3658	216 
3659	124 
3660	40 
3661	272 
3662	116 
3663	220 
3664	13 
3665	209 
3666	158 
3667	256 
3668	252 
3669	344 
3670	76 
3671	23 
3672	303 
3673	296 
3674	99 
3675	111 
3676	99 
3677	289 
3678	210 
3679	276 
3680	129 
3681	225 
3682	354 
3683	145 
3684	72 
3685	6 
3686	102 
3687	160 
3688	165 
3689	244 
3690	246 
3691	176 
3692	116 
3693	148 
3694	345 
3695	98 
3696	297 
3697	104 
3698	4 
3699	93 
3700	10 
3701	6 
3702	59 
3703	340 
3704	295 
3705	313 
3706	339 
3707	134 
3708	258 
3709	347 
3710	317 
3711	144 
3712	37 
3713	1 
3714	180 
3715	341 
3716	122 
3717	142 
3718	84 
3719	75 
3720	162 
3721	172 
3722	244 
3723	238 
3724	255 
3725	44 
3726	271 
3727	51 
3728	137 
3729	64 
3730	105 
3731	158 
3732	219 
3733	242 
3734	142 
3735	255 
3736	324 
3737	60 
3738	326 
3739	318 
3740	328 
3741	34 
3742	278 
3743	137 
3744	300 
3745	351 
3746	169 
3747	147 
3748	4 
3749	102 
3750	96 
3751	199 
3752	20 
3753	262 
3754	80 
3755	67 
3756	293 
3757	323 
3758	42 
3759	18 
3760	122 
3761	286 
3762	63 
3763	284 
3764	198 
3765	307 
3766	93 
3767	205 
3768	259 
3769	47 
3770	28 
3771	303 
3772	1 
3773	24 
3774	120 
3775	272 
3776	148 
3777	142 
3778	312 
3779	133 
3780	31 
3781	328 
3782	66 
3783	14 
3784	181 
3785	131 
3786	205 
3787	98 
3788	113 
3789	194 
3790	352 
3791	242 
3792	144 
3793	204 
3794	123 
3795	256 
3796	52 
3797	251 
3798	347 
3799	340 
3800	156 
3801	285 
3802	318 
3803	27 
3804	7 
3805	95 
3806	131 
3807	60 
3808	349 
3809	333 
3810	235 
3811	274 
3812	75 
3813	326 
3814	60 
3815	181 
3816	15 
3817	210 
3818	142 
3819	146 
3820	4 
3821	41 
3822	18 
3823	91 
3824	249 
3825	223 
3826	165 
3827	204 
3828	41 
3829	31 
3830	218 
3831	137 
3832	197 
3833	287 
3834	232 
3835	93 
3836	101 
3837	349 
3838	71 
3839	354 
3840	311 
3841	113 
3842	91 
3843	84 
3844	98 
3845	219 
3846	274 
3847	58 
3848	334 
3849	263 
3850	80 
3851	139 
3852	190 
3853	216 
3854	267 
3855	211 
3856	242 
3857	205 
3858	31 
3859	271 
3860	66 
3861	102 
3862	72 
3863	175 
3864	256 
3865	101 
3866	238 
3867	350 
3868	3 
3869	286 
3870	213 
3871	77 
3872	341 
3873	125 
3874	169 
3875	19 
3876	182 
3877	155 
3878	128 
3879	233 
3880	95 
3881	214 
3882	53 
3883	286 
3884	139 
3885	155 
3886	307 
3887	276 
3888	334 
3889	167 
3890	20 
3891	159 
3892	12 
3893	200 
3894	8 
3895	314 
3896	189 
3897	28 
3898	190 
3899	2 
3900	252 
3901	149 
3902	24 
3903	51 
3904	336 
3905	211 
3906	351 
3907	278 
3908	262 
3909	173 
3910	341 
3911	80 
3912	275 
3913	137 
3914	278 
3915	351 
3916	278 
3917	59 
3918	48 
3919	58 
3920	319 
3921	40 
3922	288 
3923	205 
3924	349 
3925	18 
3926	236 
3927	124 
3928	288 
3929	137 
3930	239 
3931	100 
3932	56 
3933	87 
3934	172 
3935	301 
3936	40 
3937	305 
3938	185 
3939	214 
3940	31 
3941	259 
3942	94 
3943	94 
3944	258 
3945	162 
3946	274 
3947	165 
3948	254 
3949	41 
3950	354 
3951	215 
3952	96 
3953	102 
3954	139 
3955	250 
3956	142 
3957	327 
3958	205 
3959	343 
3960	212 
3961	281 
3962	78 
3963	228 
3964	127 
3965	116 
3966	331 
3967	325 
3968	112 
3969	348 
3970	146 
3971	133 
3972	234 
3973	250 
3974	290 
3975	126 
3976	220 
3977	122 
3978	167 
3979	65 
3980	166 
3981	257 
3982	269 
3983	346 
3984	201 
3985	146 
3986	315 
3987	162 
3988	198 
3989	159 
3990	175 
3991	196 
3992	240 
3993	138 
3994	333 
3995	330 
3996	197 
3997	261 
3998	232 
3999	74 
4000	338 
4001	204 
4002	41 
4003	145 
4004	204 
4005	9 
4006	322 
4007	147 
4008	294 
4009	205 
4010	28 
4011	131 
4012	79 
4013	165 
4014	112 
4015	346 
4016	149 
4017	169 
4018	273 
4019	79 
4020	342 
4021	190 
4022	258 
4023	190 
4024	274 
4025	116 
4026	298 
4027	290 
4028	273 
4029	111 
4030	341 
4031	48 
4032	67 
4033	198 
4034	116 
4035	176 
4036	139 
4037	350 
4038	167 
4039	181 
4040	329 
4041	296 
4042	285 
4043	262 
4044	349 
4045	12 
4046	5 
4047	5 
4048	169 
4049	247 
4050	227 
4051	149 
4052	92 
4053	27 
4054	316 
4055	67 
4056	200 
4057	209 
4058	238 
4059	256 
4060	156 
4061	340 
4062	232 
4063	84 
4064	18 
4065	282 
4066	341 
4067	1 
4068	190 
4069	291 
4070	189 
4071	26 
4072	205 
4073	61 
4074	333 
4075	119 
4076	144 
4077	20 
4078	346 
4079	39 
4080	198 
4081	347 
4082	53 
4083	237 
4084	289 
4085	112 
4086	96 
4087	354 
4088	261 
4089	227 
4090	330 
4091	311 
4092	139 
4093	37 
4094	94 
4095	323 
4096	302 
4097	147 
4098	178 
4099	228 
4100	261 
4101	214 
4102	337 
4103	230 
4104	42 
4105	58 
4106	214 
4107	21 
4108	122 
4109	250 
4110	24 
4111	192 
4112	41 
4113	332 
4114	85 
4115	173 
4116	42 
4117	116 
4118	303 
4119	171 
4120	298 
4121	262 
4122	143 
4123	84 
4124	256 
4125	343 
4126	141 
4127	256 
4128	5 
4129	303 
4130	262 
4131	89 
4132	277 
4133	205 
4134	344 
4135	277 
4136	71 
4137	334 
4138	47 
4139	343 
4140	56 
4141	56 
4142	198 
4143	322 
4144	229 
4145	20 
4146	129 
4147	265 
4148	85 
4149	333 
4150	318 
4151	256 
4152	287 
4153	339 
4154	348 
4155	259 
4156	189 
4157	175 
4158	248 
4159	159 
4160	294 
4161	209 
4162	169 
4163	319 
4164	168 
4165	175 
4166	198 
4167	167 
4168	10 
4169	47 
4170	72 
4171	256 
4172	243 
4173	60 
4174	247 
4175	200 
4176	334 
4177	247 
4178	246 
4179	113 
4180	312 
4181	149 
4182	12 
4183	24 
4184	268 
4185	161 
4186	270 
4187	45 
4188	66 
4189	45 
4190	52 
4191	162 
4192	98 
4193	45 
4194	21 
4195	340 
4196	12 
4197	120 
4198	63 
4199	250 
4200	175 
4201	80 
4202	5 
4203	56 
4204	88 
4205	123 
4206	345 
4207	154 
4208	44 
4209	244 
4210	114 
4211	350 
4212	85 
4213	65 
4214	35 
4215	139 
4216	154 
4217	338 
4218	133 
4219	38 
4220	80 
4221	79 
4222	353 
4223	226 
4224	329 
4225	96 
4226	110 
4227	248 
4228	331 
4229	80 
4230	205 
4231	40 
4232	213 
4233	121 
4234	347 
4235	334 
4236	112 
4237	211 
4238	19 
4239	330 
4240	59 
4241	40 
4242	214 
4243	143 
4244	62 
4245	2 
4246	258 
4247	224 
4248	65 
4249	201 
4250	103 
4251	70 
4252	167 
4253	239 
4254	252 
4255	144 
4256	2 
4257	114 
4258	99 
4259	94 
4260	141 
4261	72 
4262	285 
4263	146 
4264	250 
4265	320 
4266	62 
4267	59 
4268	272 
4269	85 
4270	31 
4271	316 
4272	327 
4273	12 
4274	214 
4275	18 
4276	72 
4277	149 
4278	190 
4279	116 
4280	3 
4281	12 
4282	183 
4283	112 
4284	45 
4285	222 
4286	149 
4287	125 
4288	53 
4289	162 
4290	252 
4291	79 
4292	119 
4293	202 
4294	278 
4295	240 
4296	167 
4297	192 
4298	112 
4299	237 
4300	59 
4301	189 
4302	101 
4303	193 
4304	52 
4305	130 
4306	205 
4307	52 
4308	114 
4309	352 
4310	272 
4311	202 
4312	122 
4313	260 
4314	1 
4315	332 
4316	161 
4317	134 
4318	194 
4319	41 
4320	220 
4321	223 
4322	311 
4323	59 
4324	239 
4325	351 
4326	325 
4327	316 
4328	327 
4329	250 
4330	38 
4331	137 
4332	296 
4333	165 
4334	112 
4335	63 
4336	175 
4337	36 
4338	83 
4339	256 
4340	297 
4341	239 
4342	52 
4343	205 
4344	113 
4345	304 
4346	278 
4347	85 
4348	243 
4349	194 
4350	287 
4351	311 
4352	146 
4353	269 
4354	315 
4355	190 
4356	12 
4357	78 
4358	230 
4359	147 
4360	28 
4361	40 
4362	248 
4363	229 
4364	115 
4365	81 
4366	147 
4367	239 
4368	214 
4369	102 
4370	16 
4371	325 
4372	71 
4373	223 
4374	262 
4375	326 
4376	148 
4377	202 
4378	40 
4379	59 
4380	151 
4381	348 
4382	82 
4383	16 
4384	104 
4385	303 
4386	340 
4387	302 
4388	113 
4389	244 
4390	151 
4391	107 
4392	323 
4393	298 
4394	107 
4395	58 
4396	240 
4397	147 
4398	72 
4399	1 
4400	340 
4401	296 
4402	69 
4403	345 
4404	109 
4405	66 
4406	337 
4407	102 
4408	16 
4409	162 
4410	106 
4411	84 
4412	187 
4413	140 
4414	25 
4415	261 
4416	167 
4417	111 
4418	224 
4419	185 
4420	91 
4421	142 
4422	118 
4423	76 
4424	64 
4425	214 
4426	340 
4427	256 
4428	60 
4429	100 
4430	343 
4431	39 
4432	345 
4433	267 
4434	5 
4435	88 
4436	20 
4437	277 
4438	351 
4439	190 
4440	163 
4441	273 
4442	157 
4443	116 
4444	157 
4445	256 
4446	145 
4447	271 
4448	60 
4449	193 
4450	211 
4451	109 
4452	226 
4453	345 
4454	76 
4455	18 
4456	63 
4457	273 
4458	337 
4459	18 
4460	28 
4461	184 
4462	77 
4463	59 
4464	40 
4465	135 
4466	162 
4467	257 
4468	276 
4469	262 
4470	335 
4471	322 
4472	15 
4473	280 
4474	60 
4475	37 
4476	120 
4477	327 
4478	80 
4479	41 
4480	235 
4481	18 
4482	298 
4483	77 
4484	210 
4485	343 
4486	115 
4487	167 
4488	110 
4489	252 
4490	37 
4491	84 
4492	205 
4493	100 
4494	220 
4495	237 
4496	12 
4497	346 
4498	10 
4499	25 
4500	146 
4501	44 
4502	89 
4503	7 
4504	147 
4505	273 
4506	220 
4507	144 
4508	107 
4509	224 
4510	153 
4511	142 
4512	304 
4513	108 
4514	334 
4515	314 
4516	31 
4517	334 
4518	90 
4519	51 
4520	194 
4521	120 
4522	324 
4523	255 
4524	273 
4525	239 
4526	328 
4527	174 
4528	316 
4529	148 
4530	148 
4531	171 
4532	195 
4533	134 
4534	140 
4535	41 
4536	99 
4537	295 
4538	334 
4539	72 
4540	1 
4541	163 
4542	293 
4543	125 
4544	280 
4545	278 
4546	87 
4547	51 
4548	216 
4549	166 
4550	230 
4551	196 
4552	154 
4553	340 
4554	192 
4555	187 
4556	205 
4557	85 
4558	162 
4559	240 
4560	74 
4561	94 
4562	139 
4563	281 
4564	212 
4565	252 
4566	24 
4567	256 
4568	200 
4569	146 
4570	172 
4571	320 
4572	351 
4573	155 
4574	43 
4575	296 
4576	198 
4577	233 
4578	244 
4579	244 
4580	248 
4581	162 
4582	183 
4583	4 
4584	349 
4585	240 
4586	98 
4587	91 
4588	322 
4589	258 
4590	134 
4591	85 
4592	326 
4593	256 
4594	216 
4595	338 
4596	322 
4597	183 
4598	72 
4599	159 
4600	194 
4601	100 
4602	74 
4603	323 
4604	170 
4605	259 
4606	34 
4607	348 
4608	158 
4609	329 
4610	217 
4611	51 
4612	292 
4613	256 
4614	280 
4615	12 
4616	262 
4617	16 
4618	92 
4619	85 
4620	337 
4621	72 
4622	187 
4623	49 
4624	260 
4625	347 
4626	4 
4627	264 
4628	131 
4629	4 
4630	44 
4631	214 
4632	175 
4633	321 
4634	25 
4635	61 
4636	343 
4637	347 
4638	334 
4639	235 
4640	293 
4641	99 
4642	288 
4643	207 
4644	18 
4645	210 
4646	285 
4647	119 
4648	27 
4649	145 
4650	159 
4651	120 
4652	312 
4653	261 
4654	25 
4655	213 
4656	41 
4657	183 
4658	148 
4659	296 
4660	156 
4661	116 
4662	167 
4663	84 
4664	317 
4665	196 
4666	326 
4667	167 
4668	226 
4669	280 
4670	107 
4671	40 
4672	229 
4673	41 
4674	247 
4675	272 
4676	121 
4677	185 
4678	202 
4679	66 
4680	51 
4681	1 
4682	338 
4683	246 
4684	66 
4685	172 
4686	124 
4687	272 
4688	259 
4689	290 
4690	80 
4691	249 
4692	51 
4693	212 
4694	248 
4695	105 
4696	45 
4697	251 
4698	270 
4699	273 
4700	344 
4701	349 
4702	242 
4703	282 
4704	43 
4705	163 
4706	155 
4707	297 
4708	120 
4709	333 
4710	263 
4711	18 
4712	255 
4713	279 
4714	175 
4715	179 
4716	20 
4717	304 
4718	192 
4719	89 
4720	54 
4721	153 
4722	112 
4723	295 
4724	196 
4725	101 
4726	113 
4727	129 
4728	298 
4729	66 
4730	137 
4731	312 
4732	268 
4733	148 
4734	232 
4735	325 
4736	327 
4737	165 
4738	252 
4739	194 
4740	163 
4741	237 
4742	103 
4743	204 
4744	114 
4745	75 
4746	204 
4747	330 
4748	18 
4749	176 
4750	99 
4751	303 
4752	335 
4753	220 
4754	280 
4755	14 
4756	172 
4757	41 
4758	259 
4759	272 
4760	185 
4761	201 
4762	47 
4763	119 
4764	20 
4765	306 
4766	82 
4767	60 
4768	247 
4769	339 
4770	20 
4771	11 
4772	104 
4773	62 
4774	41 
4775	175 
4776	225 
4777	93 
4778	294 
4779	164 
4780	220 
4781	352 
4782	151 
4783	68 
4784	352 
4785	98 
4786	261 
4787	120 
4788	52 
4789	215 
4790	49 
4791	52 
4792	335 
4793	181 
4794	18 
4795	232 
4796	149 
4797	311 
4798	145 
4799	305 
4800	352 
4801	40 
4802	54 
4803	344 
4804	12 
4805	145 
4806	244 
4807	44 
4808	80 
4809	353 
4810	252 
4811	65 
4812	296 
4813	196 
4814	162 
4815	123 
4816	296 
4817	225 
4818	286 
4819	31 
4820	137 
4821	184 
4822	47 
4823	52 
4824	287 
4825	260 
4826	200 
4827	104 
4828	194 
4829	95 
4830	99 
4831	183 
4832	176 
4833	252 
4834	4 
4835	54 
4836	252 
4837	186 
4838	337 
4839	137 
4840	247 
4841	244 
4842	50 
4843	37 
4844	190 
4845	322 
4846	348 
4847	3 
4848	84 
4849	260 
4850	114 
4851	91 
4852	54 
4853	94 
4854	166 
4855	107 
4856	334 
4857	348 
4858	184 
4859	211 
4860	72 
4861	28 
4862	123 
4863	203 
4864	198 
4865	42 
4866	190 
4867	352 
4868	148 
4869	256 
4870	125 
4871	270 
4872	85 
4873	144 
4874	40 
4875	326 
4876	341 
4877	42 
4878	145 
4879	90 
4880	318 
4881	307 
4882	56 
4883	337 
4884	103 
4885	322 
4886	271 
4887	303 
4888	28 
4889	144 
4890	1 
4891	278 
4892	107 
4893	13 
4894	278 
4895	84 
4896	98 
4897	262 
4898	226 
4899	34 
4900	346 
4901	49 
4902	131 
4903	61 
4904	218 
4905	167 
4906	274 
4907	261 
4908	169 
4909	341 
4910	37 
4911	205 
4912	340 
4913	181 
4914	303 
4915	298 
4916	212 
4917	274 
4918	52 
4919	252 
4920	167 
4921	248 
4922	122 
4923	331 
4924	7 
4925	157 
4926	107 
4927	72 
4928	262 
4929	274 
4930	66 
4931	176 
4932	147 
4933	278 
4934	181 
4935	247 
4936	184 
4937	219 
4938	226 
4939	85 
4940	132 
4941	197 
4942	311 
4943	246 
4944	139 
4945	84 
4946	74 
4947	312 
4948	199 
4949	304 
4950	53 
4951	323 
4952	233 
4953	119 
4954	280 
4955	235 
4956	303 
4957	165 
4958	171 
4959	156 
4960	94 
4961	286 
4962	202 
4963	51 
4964	169 
4965	237 
4966	21 
4967	351 
4968	265 
4969	344 
4970	151 
4971	58 
4972	333 
4973	343 
4974	262 
4975	337 
4976	326 
4977	184 
4978	235 
4979	179 
4980	325 
4981	39 
4982	250 
4983	325 
4984	255 
4985	40 
4986	159 
4987	249 
4988	18 
4989	107 
4990	324 
4991	233 
4992	220 
4993	257 
4994	15 
4995	59 
4996	175 
4997	314 
4998	311 
4999	107 
5000	92 
5001	71 
5002	277 
5003	34 
5004	143 
5005	240 
5006	272 
5007	340 
5008	200 
5009	311 
5010	10 
5011	234 
5012	146 
5013	185 
5014	225 
5015	31 
5016	8 
5017	239 
5018	203 
5019	120 
5020	329 
5021	124 
5022	134 
5023	294 
5024	310 
5025	203 
5026	326 
5027	175 
5028	147 
5029	175 
5030	261 
5031	267 
5032	273 
5033	265 
5034	264 
5035	132 
5036	259 
5037	25 
5038	272 
5039	174 
5040	79 
5041	347 
5042	15 
5043	17 
5044	250 
5045	240 
5046	235 
5047	121 
5048	112 
5049	318 
5050	127 
5051	254 
5052	126 
5053	84 
5054	345 
5055	47 
5056	201 
5057	303 
5058	290 
5059	337 
5060	37 
5061	214 
5062	233 
5063	125 
5064	218 
5065	39 
5066	181 
5067	28 
5068	326 
5069	173 
5070	80 
5071	292 
5072	118 
5073	76 
5074	280 
5075	341 
5076	198 
5077	349 
5078	249 
5079	103 
5080	96 
5081	237 
5082	31 
5083	7 
5084	140 
5085	252 
5086	318 
5087	281 
5088	337 
5089	247 
5090	231 
5091	147 
5092	98 
5093	257 
5094	252 
5095	301 
5096	114 
5097	107 
5098	71 
5099	303 
5100	296 
5101	347 
5102	52 
5103	267 
5104	260 
5105	316 
5106	235 
5107	249 
5108	256 
5109	103 
5110	244 
5111	325 
5112	60 
5113	228 
5114	181 
5115	57 
5116	111 
5117	56 
5118	65 
5119	254 
5120	30 
5121	162 
5122	181 
5123	36 
5124	208 
5125	24 
5126	146 
5127	89 
5128	105 
5129	102 
5130	277 
5131	28 
5132	193 
5133	13 
5134	82 
5135	124 
5136	237 
5137	236 
5138	348 
5139	145 
5140	77 
5141	72 
5142	238 
5143	190 
5144	313 
5145	272 
5146	198 
5147	190 
5148	142 
5149	129 
5150	307 
5151	52 
5152	129 
5153	35 
5154	240 
5155	311 
5156	20 
5157	347 
5158	259 
5159	227 
5160	139 
5161	86 
5162	192 
5163	311 
5164	113 
5165	194 
5166	274 
5167	302 
5168	192 
5169	262 
5170	148 
5171	51 
5172	296 
5173	110 
5174	146 
5175	5 
5176	198 
5177	259 
5178	18 
5179	171 
5180	315 
5181	311 
5182	115 
5183	220 
5184	211 
5185	259 
5186	94 
5187	85 
5188	5 
5189	200 
5190	162 
5191	183 
5192	104 
5193	151 
5194	25 
5195	198 
5196	3 
5197	243 
5198	273 
5199	53 
5200	301 
5201	326 
5202	24 
5203	240 
5204	76 
5205	235 
5206	285 
5207	118 
5208	52 
5209	263 
5210	39 
5211	196 
5212	129 
5213	31 
5214	106 
5215	40 
5216	61 
5217	275 
5218	328 
5219	167 
5220	280 
5221	248 
5222	246 
5223	185 
5224	69 
5225	350 
5226	290 
5227	122 
5228	100 
5229	31 
5230	141 
5231	254 
5232	262 
5233	185 
5234	252 
5235	334 
5236	194 
5237	278 
5238	215 
5239	205 
5240	59 
5241	247 
5242	216 
5243	216 
5244	198 
5245	108 
5246	156 
5247	249 
5248	111 
5249	261 
5250	74 
5251	82 
5252	107 
5253	229 
5254	237 
5255	25 
5256	347 
5257	349 
5258	304 
5259	113 
5260	49 
5261	143 
5262	320 
5263	307 
5264	351 
5265	18 
5266	144 
5267	35 
5268	63 
5269	272 
5270	183 
5271	85 
5272	20 
5273	14 
5274	255 
5275	261 
5276	337 
5277	80 
5278	272 
5279	50 
5280	56 
5281	31 
5282	147 
5283	137 
5284	123 
5285	154 
5286	82 
5287	129 
5288	183 
5289	120 
5290	216 
5291	338 
5292	144 
5293	334 
5294	89 
5295	257 
5296	5 
5297	19 
5298	178 
5299	332 
5300	349 
5301	96 
5302	39 
5303	115 
5304	59 
5305	104 
5306	160 
5307	155 
5308	113 
5309	343 
5310	103 
5311	236 
5312	74 
5313	34 
5314	337 
5315	203 
5316	271 
5317	247 
5318	167 
5319	325 
5320	126 
5321	239 
5322	11 
5323	316 
5324	121 
5325	259 
5326	311 
5327	171 
5328	116 
5329	146 
5330	323 
5331	137 
5332	113 
5333	231 
5334	227 
5335	31 
5336	339 
5337	137 
5338	251 
5339	56 
5340	350 
5341	218 
5342	40 
5343	72 
5344	31 
5345	353 
5346	148 
5347	174 
5348	217 
5349	85 
5350	133 
5351	317 
5352	7 
5353	198 
5354	25 
5355	143 
5356	226 
5357	202 
5358	205 
5359	10 
5360	41 
5361	80 
5362	256 
5363	144 
5364	147 
5365	220 
5366	115 
5367	20 
5368	105 
5369	102 
5370	205 
5371	234 
5372	101 
5373	334 
5374	327 
5375	183 
5376	297 
5377	352 
5378	18 
5379	171 
5380	306 
5381	85 
5382	252 
5383	188 
5384	226 
5385	144 
5386	40 
5387	306 
5388	200 
5389	112 
5390	77 
5391	92 
5392	327 
5393	205 
5394	285 
5395	235 
5396	285 
5397	54 
5398	343 
5399	62 
5400	165 
5401	71 
5402	95 
5403	132 
5404	170 
5405	207 
5406	111 
5407	34 
5408	211 
5409	27 
5410	63 
5411	165 
5412	220 
5413	280 
5414	229 
5415	112 
5416	7 
5417	167 
5418	52 
5419	303 
5420	35 
5421	226 
5422	31 
5423	263 
5424	107 
5425	251 
5426	226 
5427	303 
5428	86 
5429	121 
5430	343 
5431	95 
5432	298 
5433	134 
5434	278 
5435	41 
5436	307 
5437	21 
5438	307 
5439	343 
5440	334 
5441	336 
5442	60 
5443	161 
5444	208 
5445	304 
5446	350 
5447	85 
5448	116 
5449	91 
5450	192 
5451	162 
5452	43 
5453	162 
5454	344 
5455	65 
5456	54 
5457	171 
5458	316 
5459	137 
5460	52 
5461	267 
5462	96 
5463	282 
5464	300 
5465	90 
5466	27 
5467	301 
5468	261 
5469	298 
5470	134 
5471	333 
5472	94 
5473	351 
5474	218 
5475	214 
5476	95 
5477	354 
5478	281 
5479	331 
5480	139 
5481	279 
5482	213 
5483	218 
5484	61 
5485	52 
5486	340 
5487	225 
5488	304 
5489	44 
5490	224 
5491	1 
5492	42 
5493	161 
5494	163 
5495	76 
5496	80 
5497	37 
5498	116 
5499	39 
5500	69 
5501	148 
5502	247 
5503	200 
5504	162 
5505	65 
5506	234 
5507	34 
5508	339 
5509	103 
5510	94 
5511	175 
5512	56 
5513	303 
5514	60 
5515	99 
5516	144 
5517	51 
5518	275 
5519	267 
5520	274 
5521	252 
5522	347 
5523	235 
5524	307 
5525	13 
5526	163 
5527	49 
5528	172 
5529	80 
5530	12 
5531	184 
5532	326 
5533	283 
5534	210 
5535	298 
5536	77 
5537	185 
5538	347 
5539	318 
5540	21 
5541	62 
5542	257 
5543	217 
5544	188 
5545	71 
5546	24 
5547	41 
5548	262 
5549	261 
5550	305 
5551	351 
5552	281 
5553	161 
5554	129 
5555	349 
5556	58 
5557	200 
5558	51 
5559	231 
5560	345 
5561	262 
5562	129 
5563	285 
5564	49 
5565	79 
5566	303 
5567	338 
5568	17 
5569	339 
5570	204 
5571	214 
5572	263 
5573	339 
5574	330 
5575	340 
5576	56 
5577	220 
5578	212 
5579	21 
5580	325 
5581	215 
5582	118 
5583	85 
5584	317 
5585	164 
5586	72 
5587	132 
5588	91 
5589	303 
5590	211 
5591	158 
5592	262 
5593	256 
5594	105 
5595	267 
5596	341 
5597	205 
5598	71 
5599	353 
5600	351 
5601	17 
5602	52 
5603	235 
5604	196 
5605	108 
5606	132 
5607	279 
5608	54 
5609	175 
5610	259 
5611	79 
5612	52 
5613	89 
5614	34 
5615	302 
5616	121 
5617	109 
5618	256 
5619	290 
5620	273 
5621	174 
5622	103 
5623	194 
5624	281 
5625	185 
5626	225 
5627	165 
5628	87 
5629	181 
5630	335 
5631	302 
5632	98 
5633	218 
5634	44 
5635	141 
5636	291 
5637	129 
5638	267 
5639	252 
5640	107 
5641	174 
5642	116 
5643	28 
5644	88 
5645	337 
5646	93 
5647	233 
5648	85 
5649	167 
5650	189 
5651	351 
5652	300 
5653	171 
5654	107 
5655	174 
5656	103 
5657	72 
5658	322 
5659	143 
5660	345 
5661	226 
5662	212 
5663	171 
5664	174 
5665	347 
5666	258 
5667	190 
5668	175 
5669	328 
5670	39 
5671	301 
5672	9 
5673	212 
5674	52 
5675	116 
5676	275 
5677	69 
5678	248 
5679	127 
5680	345 
5681	109 
5682	313 
5683	168 
5684	1 
5685	268 
5686	219 
5687	112 
5688	7 
5689	57 
5690	240 
5691	256 
5692	171 
5693	115 
5694	193 
5695	258 
5696	252 
5697	171 
5698	239 
5699	236 
5700	107 
5701	286 
5702	137 
5703	176 
5704	258 
5705	122 
5706	303 
5707	148 
5708	295 
5709	252 
5710	111 
5711	132 
5712	183 
5713	163 
5714	210 
5715	326 
5716	85 
5717	45 
5718	114 
5719	50 
5720	281 
5721	10 
5722	277 
5723	156 
5724	338 
5725	183 
5726	281 
5727	196 
5728	161 
5729	200 
5730	256 
5731	262 
5732	94 
5733	352 
5734	200 
5735	318 
5736	156 
5737	45 
5738	200 
5739	216 
5740	145 
5741	129 
5742	43 
5743	188 
5744	124 
5745	200 
5746	124 
5747	184 
5748	69 
5749	235 
5750	116 
5751	7 
5752	273 
5753	153 
5754	86 
5755	218 
5756	306 
5757	28 
5758	274 
5759	231 
5760	111 
5761	189 
5762	341 
5763	159 
5764	171 
5765	96 
5766	291 
5767	268 
5768	59 
5769	230 
5770	171 
5771	190 
5772	170 
5773	316 
5774	350 
5775	54 
5776	133 
5777	188 
5778	247 
5779	195 
5780	339 
5781	193 
5782	167 
5783	226 
5784	174 
5785	317 
5786	13 
5787	84 
5788	343 
5789	124 
5790	307 
5791	72 
5792	247 
5793	254 
5794	92 
5795	144 
5796	224 
5797	28 
5798	93 
5799	339 
5800	251 
5801	175 
5802	28 
5803	75 
5804	198 
5805	80 
5806	151 
5807	188 
5808	61 
5809	115 
5810	1 
5811	283 
5812	85 
5813	56 
5814	311 
5815	121 
5816	177 
5817	267 
5818	105 
5819	296 
5820	94 
5821	200 
5822	107 
5823	104 
5824	237 
5825	169 
5826	318 
5827	99 
5828	344 
5829	119 
5830	75 
5831	256 
5832	273 
5833	213 
5834	301 
5835	200 
5836	140 
5837	193 
5838	247 
5839	125 
5840	262 
5841	112 
5842	102 
5843	167 
5844	122 
5845	49 
5846	175 
5847	205 
5848	113 
5849	167 
5850	344 
5851	197 
5852	99 
5853	54 
5854	175 
5855	137 
5856	215 
5857	202 
5858	155 
5859	199 
5860	170 
5861	62 
5862	276 
5863	145 
5864	317 
5865	338 
5866	42 
5867	311 
5868	232 
5869	198 
5870	270 
5871	72 
5872	351 
5873	237 
5874	296 
5875	272 
5876	169 
5877	275 
5878	280 
5879	213 
5880	224 
5881	108 
5882	230 
5883	169 
5884	40 
5885	344 
5886	75 
5887	109 
5888	67 
5889	261 
5890	98 
5891	188 
5892	59 
5893	9 
5894	347 
5895	286 
5896	213 
5897	26 
5898	298 
5899	237 
5900	41 
5901	85 
5902	159 
5903	169 
5904	98 
5905	18 
5906	140 
5907	302 
5908	122 
5909	72 
5910	226 
5911	12 
5912	148 
5913	95 
5914	239 
5915	259 
5916	176 
5917	76 
5918	84 
5919	297 
5920	61 
5921	159 
5922	313 
5923	116 
5924	325 
5925	60 
5926	56 
5927	190 
5928	151 
5929	5 
5930	303 
5931	93 
5932	341 
5933	205 
5934	141 
5935	31 
5936	210 
5937	197 
5938	147 
5939	249 
5940	190 
5941	98 
5942	296 
5943	72 
5944	129 
5945	103 
5946	116 
5947	318 
5948	248 
5949	173 
5950	273 
5951	129 
5952	76 
5953	247 
5954	47 
5955	270 
5956	205 
5957	343 
5958	256 
5959	25 
5960	36 
5961	344 
5962	163 
5963	348 
5964	159 
5965	12 
5966	205 
5967	210 
5968	145 
5969	348 
5970	196 
5971	190 
5972	92 
5973	170 
5974	168 
5975	259 
5976	107 
5977	162 
5978	325 
5979	7 
5980	76 
5981	153 
5982	305 
5983	131 
5984	298 
5985	145 
5986	209 
5987	303 
5988	47 
5989	185 
5990	109 
5991	235 
5992	285 
5993	112 
5994	25 
5995	175 
5996	196 
5997	7 
5998	96 
5999	8 
6000	71 
6001	160 
6002	28 
6003	304 
6004	99 
6005	57 
6006	116 
6007	18 
6008	320 
6009	148 
6010	137 
6011	11 
6012	307 
6013	225 
6014	184 
6015	52 
6016	273 
6017	184 
6018	41 
6019	252 
6020	144 
6021	300 
6022	59 
6023	129 
6024	207 
6025	77 
6026	1 
6027	74 
6028	218 
6029	59 
6030	240 
6031	195 
6032	14 
6033	52 
6034	272 
6035	351 
6036	52 
6037	341 
6038	96 
6039	20 
6040	256 
6041	40 
6042	246 
6043	261 
6044	341 
6045	312 
6046	93 
6047	31 
6048	311 
6049	258 
6050	237 
6051	244 
6052	286 
6053	171 
6054	167 
6055	112 
6056	175 
6057	60 
6058	26 
6059	280 
6060	161 
6061	152 
6062	72 
6063	31 
6064	213 
6065	118 
6066	198 
6067	99 
6068	281 
6069	88 
6070	322 
6071	170 
6072	266 
6073	137 
6074	59 
6075	107 
6076	343 
6077	317 
6078	341 
6079	265 
6080	99 
6081	127 
6082	79 
6083	283 
6084	175 
6085	153 
6086	63 
6087	35 
6088	214 
6089	120 
6090	351 
6091	186 
6092	354 
6093	307 
6094	280 
6095	259 
6096	261 
6097	183 
6098	346 
6099	210 
6100	238 
6101	315 
6102	344 
6103	121 
6104	138 
6105	35 
6106	99 
6107	218 
6108	169 
6109	35 
6110	202 
6111	211 
6112	349 
6113	42 
6114	278 
6115	235 
6116	54 
6117	59 
6118	339 
6119	98 
6120	108 
6121	251 
6122	167 
6123	148 
6124	266 
6125	231 
6126	65 
6127	131 
6128	279 
6129	85 
6130	107 
6131	39 
6132	79 
6133	252 
6134	257 
6135	236 
6136	132 
6137	306 
6138	246 
6139	176 
6140	290 
6141	91 
6142	278 
6143	347 
6144	93 
6145	31 
6146	175 
6147	275 
6148	234 
6149	172 
6150	298 
6151	228 
6152	51 
6153	137 
6154	256 
6155	268 
6156	277 
6157	185 
6158	334 
6159	249 
6160	207 
6161	249 
6162	51 
6163	161 
6164	12 
6165	280 
6166	127 
6167	202 
6168	327 
6169	31 
6170	28 
6171	137 
6172	134 
6173	1 
6174	298 
6175	16 
6176	105 
6177	165 
6178	69 
6179	5 
6180	88 
6181	93 
6182	131 
6183	80 
6184	311 
6185	20 
6186	99 
6187	305 
6188	301 
6189	149 
6190	300 
6191	311 
6192	80 
6193	227 
6194	334 
6195	340 
6196	119 
6197	344 
6198	347 
6199	273 
6200	63 
6201	260 
6202	204 
6203	94 
6204	77 
6205	82 
6206	7 
6207	143 
6208	167 
6209	10 
6210	119 
6211	85 
6212	162 
6213	141 
6214	347 
6215	292 
6216	226 
6217	326 
6218	13 
6219	223 
6220	171 
6221	25 
6222	347 
6223	105 
6224	276 
6225	31 
6226	138 
6227	143 
6228	334 
6229	341 
6230	340 
6231	71 
6232	165 
6233	325 
6234	8 
6235	296 
6236	300 
6237	248 
6238	10 
6239	7 
6240	84 
6241	343 
6242	271 
6243	304 
6244	322 
6245	267 
6246	170 
6247	324 
6248	274 
6249	84 
6250	262 
6251	129 
6252	344 
6253	39 
6254	52 
6255	40 
6256	173 
6257	147 
6258	262 
6259	317 
6260	72 
6261	54 
6262	185 
6263	26 
6264	84 
6265	138 
6266	66 
6267	240 
6268	262 
6269	26 
6270	334 
6271	175 
6272	174 
6273	347 
6274	274 
6275	318 
6276	237 
6277	137 
6278	113 
6279	148 
6280	352 
6281	273 
6282	34 
6283	260 
6284	278 
6285	258 
6286	249 
6287	281 
6288	75 
6289	280 
6290	198 
6291	104 
6292	311 
6293	345 
6294	262 
6295	5 
6296	8 
6297	88 
6298	354 
6299	165 
6300	340 
6301	60 
6302	1 
6303	228 
6304	353 
6305	85 
6306	247 
6307	205 
6308	319 
6309	116 
6310	127 
6311	144 
6312	31 
6313	348 
6314	351 
6315	190 
6316	156 
6317	218 
6318	203 
6319	87 
6320	12 
6321	340 
6322	188 
6323	256 
6324	239 
6325	11 
6326	12 
6327	37 
6328	294 
6329	317 
6330	348 
6331	274 
6332	258 
6333	307 
6334	107 
6335	99 
6336	247 
6337	262 
6338	52 
6339	251 
6340	324 
6341	296 
6342	126 
6343	12 
6344	225 
6345	298 
6346	50 
6347	274 
6348	142 
6349	233 
6350	260 
6351	254 
6352	183 
6353	147 
6354	28 
6355	248 
6356	120 
6357	52 
6358	325 
6359	270 
6360	34 
6361	10 
6362	119 
6363	140 
6364	105 
6365	79 
6366	61 
6367	84 
6368	132 
6369	197 
6370	303 
6371	84 
6372	230 
6373	230 
6374	149 
6375	199 
6376	218 
6377	317 
6378	311 
6379	330 
6380	261 
6381	238 
6382	157 
6383	13 
6384	164 
6385	240 
6386	347 
6387	5 
6388	314 
6389	339 
6390	205 
6391	219 
6392	190 
6393	119 
6394	5 
6395	303 
6396	351 
6397	156 
6398	185 
6399	169 
6400	47 
6401	51 
6402	197 
6403	199 
6404	99 
6405	227 
6406	256 
6407	278 
6408	198 
6409	49 
6410	140 
6411	54 
6412	66 
6413	107 
6414	133 
6415	39 
6416	285 
6417	173 
6418	80 
6419	294 
6420	207 
6421	341 
6422	20 
6423	36 
6424	275 
6425	67 
6426	334 
6427	183 
6428	305 
6429	59 
6430	10 
6431	205 
6432	337 
6433	148 
6434	294 
6435	269 
6436	56 
6437	82 
6438	95 
6439	85 
6440	20 
6441	18 
6442	82 
6443	154 
6444	317 
6445	85 
6446	285 
6447	162 
6448	92 
6449	58 
6450	211 
6451	296 
6452	313 
6453	347 
6454	98 
6455	124 
6456	94 
6457	339 
6458	96 
6459	233 
6460	171 
6461	142 
6462	90 
6463	189 
6464	175 
6465	205 
6466	111 
6467	220 
6468	11 
6469	334 
6470	303 
6471	12 
6472	252 
6473	96 
6474	113 
6475	147 
6476	343 
6477	244 
6478	202 
6479	54 
6480	268 
6481	24 
6482	344 
6483	239 
6484	302 
6485	43 
6486	347 
6487	162 
6488	49 
6489	256 
6490	42 
6491	219 
6492	103 
6493	92 
6494	79 
6495	142 
6496	42 
6497	273 
6498	75 
6499	351 
6500	181 
6501	63 
6502	337 
6503	347 
6504	238 
6505	110 
6506	129 
6507	53 
6508	103 
6509	198 
6510	91 
6511	218 
6512	218 
6513	35 
6514	104 
6515	344 
6516	214 
6517	272 
6518	175 
6519	60 
6520	91 
6521	171 
6522	198 
6523	132 
6524	235 
6525	69 
6526	303 
6527	354 
6528	190 
6529	318 
6530	325 
6531	325 
6532	85 
6533	202 
6534	56 
6535	49 
6536	320 
6537	10 
6538	185 
6539	262 
6540	71 
6541	17 
6542	125 
6543	140 
6544	167 
6545	287 
6546	57 
6547	50 
6548	53 
6549	85 
6550	25 
6551	185 
6552	213 
6553	254 
6554	247 
6555	89 
6556	153 
6557	197 
6558	202 
6559	176 
6560	273 
6561	238 
6562	113 
6563	100 
6564	347 
6565	21 
6566	274 
6567	258 
6568	200 
6569	246 
6570	140 
6571	197 
6572	109 
6573	132 
6574	183 
6575	165 
6576	28 
6577	254 
6578	239 
6579	16 
6580	283 
6581	240 
6582	314 
6583	145 
6584	59 
6585	296 
6586	354 
6587	228 
6588	28 
6589	85 
6590	52 
6591	39 
6592	300 
6593	103 
6594	326 
6595	103 
6596	341 
6597	256 
6598	205 
6599	259 
6600	79 
6601	131 
6602	337 
6603	223 
6604	20 
6605	137 
6606	223 
6607	25 
6608	247 
6609	298 
6610	277 
6611	263 
6612	296 
6613	107 
6614	37 
6615	72 
6616	210 
6617	164 
6618	60 
6619	154 
6620	5 
6621	9 
6622	80 
6623	260 
6624	246 
6625	103 
6626	58 
6627	62 
6628	331 
6629	44 
6630	237 
6631	113 
6632	190 
6633	252 
6634	63 
6635	298 
6636	126 
6637	334 
6638	274 
6639	341 
6640	37 
6641	16 
6642	233 
6643	127 
6644	175 
6645	240 
6646	99 
6647	190 
6648	262 
6649	75 
6650	259 
6651	137 
6652	235 
6653	328 
6654	278 
6655	325 
6656	13 
6657	96 
6658	59 
6659	339 
6660	26 
6661	272 
6662	87 
6663	283 
6664	205 
6665	236 
6666	302 
6667	85 
6668	273 
6669	291 
6670	36 
6671	292 
6672	189 
6673	149 
6674	332 
6675	66 
6676	118 
6677	107 
6678	278 
6679	121 
6680	326 
6681	1 
6682	34 
6683	165 
6684	120 
6685	261 
6686	220 
6687	343 
6688	239 
6689	5 
6690	120 
6691	220 
6692	118 
6693	120 
6694	307 
6695	242 
6696	323 
6697	147 
6698	122 
6699	51 
6700	354 
6701	84 
6702	220 
6703	57 
6704	317 
6705	140 
6706	267 
6707	183 
6708	57 
6709	175 
6710	349 
6711	142 
6712	148 
6713	276 
6714	215 
6715	171 
6716	252 
6717	54 
6718	273 
6719	212 
6720	232 
6721	228 
6722	59 
6723	72 
6724	275 
6725	140 
6726	194 
6727	20 
6728	348 
6729	101 
6730	304 
6731	101 
6732	190 
6733	283 
6734	282 
6735	244 
6736	146 
6737	105 
6738	259 
6739	298 
6740	302 
6741	294 
6742	85 
6743	47 
6744	215 
6745	333 
6746	257 
6747	202 
6748	41 
6749	195 
6750	31 
6751	132 
6752	59 
6753	47 
6754	211 
6755	247 
6756	237 
6757	273 
6758	316 
6759	58 
6760	132 
6761	10 
6762	199 
6763	9 
6764	336 
6765	297 
6766	239 
6767	65 
6768	227 
6769	215 
6770	92 
6771	5 
6772	162 
6773	338 
6774	5 
6775	304 
6776	259 
6777	226 
6778	202 
6779	273 
6780	269 
6781	72 
6782	257 
6783	154 
6784	114 
6785	79 
6786	347 
6787	94 
6788	341 
6789	16 
6790	212 
6791	298 
6792	338 
6793	261 
6794	270 
6795	108 
6796	234 
6797	200 
6798	88 
6799	198 
6800	174 
6801	165 
6802	332 
6803	220 
6804	11 
6805	341 
6806	45 
6807	190 
6808	31 
6809	162 
6810	103 
6811	62 
6812	41 
6813	66 
6814	35 
6815	113 
6816	235 
6817	35 
6818	120 
6819	307 
6820	261 
6821	71 
6822	226 
6823	162 
6824	74 
6825	28 
6826	186 
6827	69 
6828	93 
6829	262 
6830	104 
6831	58 
6832	40 
6833	210 
6834	262 
6835	239 
6836	192 
6837	340 
6838	28 
6839	14 
6840	167 
6841	311 
6842	211 
6843	267 
6844	341 
6845	247 
6846	334 
6847	31 
6848	326 
6849	167 
6850	8 
6851	319 
6852	104 
6853	280 
6854	257 
6855	88 
6856	47 
6857	107 
6858	267 
6859	188 
6860	60 
6861	226 
6862	62 
6863	338 
6864	84 
6865	219 
6866	49 
6867	294 
6868	42 
6869	49 
6870	303 
6871	14 
6872	142 
6873	325 
6874	280 
6875	24 
6876	37 
6877	61 
6878	344 
6879	80 
6880	239 
6881	34 
6882	340 
6883	296 
6884	261 
6885	185 
6886	339 
6887	75 
6888	58 
6889	170 
6890	37 
6891	274 
6892	240 
6893	238 
6894	153 
6895	352 
6896	4 
6897	25 
6898	58 
6899	185 
6900	197 
6901	31 
6902	218 
6903	77 
6904	50 
6905	174 
6906	339 
6907	314 
6908	303 
6909	137 
6910	111 
6911	57 
6912	341 
6913	341 
6914	42 
6915	91 
6916	134 
6917	303 
6918	12 
6919	270 
6920	343 
6921	158 
6922	85 
6923	232 
6924	249 
6925	116 
6926	213 
6927	91 
6928	187 
6929	192 
6930	66 
6931	232 
6932	280 
6933	322 
6934	75 
6935	267 
6936	337 
6937	313 
6938	181 
6939	20 
6940	107 
6941	268 
6942	49 
6943	305 
6944	296 
6945	202 
6946	86 
6947	31 
6948	93 
6949	327 
6950	114 
6951	303 
6952	334 
6953	237 
6954	190 
6955	88 
6956	205 
6957	5 
6958	115 
6959	111 
6960	227 
6961	270 
6962	185 
6963	114 
6964	262 
6965	111 
6966	274 
6967	203 
6968	7 
6969	244 
6970	200 
6971	340 
6972	296 
6973	57 
6974	115 
6975	120 
6976	228 
6977	274 
6978	248 
6979	5 
6980	341 
6981	205 
6982	316 
6983	304 
6984	341 
6985	175 
6986	331 
6987	47 
6988	148 
6989	168 
6990	40 
6991	244 
6992	213 
6993	95 
6994	189 
6995	107 
6996	205 
6997	194 
6998	45 
6999	261 
7000	277 
7001	339 
7002	93 
7003	126 
7004	127 
7005	225 
7006	139 
7007	167 
7008	254 
7009	197 
7010	204 
7011	53 
7012	27 
7013	298 
7014	252 
7015	341 
7016	184 
7017	102 
7018	256 
7019	298 
7020	272 
7021	28 
7022	40 
7023	26 
7024	212 
7025	281 
7026	144 
7027	170 
7028	267 
7029	169 
7030	167 
7031	262 
7032	199 
7033	339 
7034	176 
7035	344 
7036	107 
7037	114 
7038	197 
7039	103 
7040	346 
7041	247 
7042	304 
7043	37 
7044	58 
7045	275 
7046	341 
7047	286 
7048	234 
7049	119 
7050	162 
7051	197 
7052	167 
7053	287 
7054	167 
7055	122 
7056	181 
7057	343 
7058	168 
7059	252 
7060	237 
7061	26 
7062	223 
7063	4 
7064	211 
7065	84 
7066	349 
7067	86 
7068	344 
7069	155 
7070	334 
7071	325 
7072	101 
7073	246 
7074	1 
7075	52 
7076	58 
7077	79 
7078	49 
7079	223 
7080	47 
7081	347 
7082	326 
7083	41 
7084	225 
7085	279 
7086	108 
7087	181 
7088	168 
7089	34 
7090	107 
7091	58 
7092	132 
7093	225 
7094	262 
7095	318 
7096	345 
7097	54 
7098	323 
7099	225 
7100	112 
7101	343 
7102	204 
7103	57 
7104	343 
7105	146 
7106	162 
7107	129 
7108	82 
7109	111 
7110	239 
7111	12 
7112	267 
7113	12 
7114	12 
7115	213 
7116	263 
7117	59 
7118	137 
7119	79 
7120	210 
7121	280 
7122	137 
7123	145 
7124	65 
7125	71 
7126	188 
7127	202 
7128	51 
7129	165 
7130	60 
7131	189 
7132	353 
7133	311 
7134	98 
7135	175 
7136	75 
7137	196 
7138	218 
7139	354 
7140	116 
7141	200 
7142	103 
7143	85 
7144	347 
7145	116 
7146	240 
7147	138 
7148	258 
7149	280 
7150	267 
7151	296 
7152	190 
7153	101 
7154	298 
7155	8 
7156	252 
7157	39 
7158	4 
7159	275 
7160	168 
7161	5 
7162	353 
7163	346 
7164	296 
7165	132 
7166	267 
7167	220 
7168	66 
7169	76 
7170	75 
7171	235 
7172	116 
7173	102 
7174	1 
7175	204 
7176	274 
7177	102 
7178	338 
7179	110 
7180	112 
7181	212 
7182	90 
7183	129 
7184	318 
7185	267 
7186	60 
7187	116 
7188	28 
7189	205 
7190	134 
7191	134 
7192	193 
7193	181 
7194	348 
7195	15 
7196	62 
7197	326 
7198	246 
7199	286 
7200	139 
7201	58 
7202	162 
7203	31 
7204	249 
7205	112 
7206	101 
7207	285 
7208	11 
7209	254 
7210	137 
7211	334 
7212	69 
7213	116 
7214	59 
7215	167 
7216	175 
7217	31 
7218	198 
7219	72 
7220	131 
7221	125 
7222	263 
7223	334 
7224	254 
7225	260 
7226	328 
7227	296 
7228	326 
7229	58 
7230	188 
7231	349 
7232	137 
7233	278 
7234	56 
7235	59 
7236	175 
7237	228 
7238	353 
7239	62 
7240	50 
7241	96 
7242	296 
7243	343 
7244	219 
7245	226 
7246	105 
7247	318 
7248	145 
7249	256 
7250	169 
7251	341 
7252	258 
7253	316 
7254	234 
7255	246 
7256	344 
7257	234 
7258	161 
7259	233 
7260	58 
7261	5 
7262	252 
7263	167 
7264	269 
7265	65 
7266	194 
7267	260 
7268	85 
7269	198 
7270	325 
7271	103 
7272	272 
7273	10 
7274	314 
7275	224 
7276	131 
7277	213 
7278	120 
7279	318 
7280	200 
7281	341 
7282	103 
7283	20 
7284	173 
7285	317 
7286	43 
7287	344 
7288	261 
7289	348 
7290	112 
7291	343 
7292	61 
7293	10 
7294	1 
7295	105 
7296	76 
7297	57 
7298	131 
7299	21 
7300	261 
7301	277 
7302	236 
7303	41 
7304	274 
7305	265 
7306	220 
7307	105 
7308	80 
7309	298 
7310	210 
7311	256 
7312	170 
7313	34 
7314	347 
7315	260 
7316	111 
7317	132 
7318	334 
7319	325 
7320	139 
7321	203 
7322	43 
7323	268 
7324	296 
7325	229 
7326	69 
7327	120 
7328	311 
7329	330 
7330	12 
7331	274 
7332	304 
7333	223 
7334	122 
7335	109 
7336	18 
7337	113 
7338	82 
7339	137 
7340	176 
7341	8 
7342	353 
7343	220 
7344	261 
7345	50 
7346	330 
7347	56 
7348	139 
7349	244 
7350	205 
7351	287 
7352	49 
7353	303 
7354	12 
7355	326 
7356	12 
7357	171 
7358	52 
7359	215 
7360	28 
7361	248 
7362	304 
7363	349 
7364	5 
7365	318 
7366	1 
7367	234 
7368	347 
7369	158 
7370	146 
7371	205 
7372	116 
7373	218 
7374	63 
7375	274 
7376	211 
7377	240 
7378	122 
7379	93 
7380	76 
7381	162 
7382	197 
7383	302 
7384	200 
7385	228 
7386	41 
7387	210 
7388	175 
7389	174 
7390	138 
7391	85 
7392	262 
7393	169 
7394	145 
7395	250 
7396	77 
7397	109 
7398	24 
7399	323 
7400	190 
7401	44 
7402	5 
7403	211 
7404	274 
7405	7 
7406	326 
7407	239 
7408	248 
7409	323 
7410	69 
7411	272 
7412	294 
7413	99 
7414	80 
7415	232 
7416	325 
7417	336 
7418	76 
7419	47 
7420	75 
7421	226 
7422	11 
7423	176 
7424	296 
7425	131 
7426	210 
7427	54 
7428	45 
7429	223 
7430	237 
7431	167 
7432	272 
7433	26 
7434	113 
7435	235 
7436	275 
7437	76 
7438	216 
7439	183 
7440	109 
7441	274 
7442	210 
7443	349 
7444	345 
7445	188 
7446	137 
7447	227 
7448	204 
7449	278 
7450	343 
7451	305 
7452	12 
7453	143 
7454	72 
7455	69 
7456	111 
7457	57 
7458	215 
7459	323 
7460	111 
7461	205 
7462	1 
7463	307 
7464	183 
7465	161 
7466	37 
7467	190 
7468	181 
7469	15 
7470	274 
7471	349 
7472	140 
7473	259 
7474	219 
7475	183 
7476	60 
7477	200 
7478	197 
7479	59 
7480	314 
7481	122 
7482	204 
7483	171 
7484	109 
7485	155 
7486	85 
7487	176 
7488	299 
7489	113 
7490	286 
7491	12 
7492	252 
7493	34 
7494	31 
7495	210 
7496	267 
7497	175 
7498	259 
7499	76 
7500	257 
7501	167 
7502	10 
7503	254 
7504	85 
7505	157 
7506	274 
7507	49 
7508	31 
7509	171 
7510	31 
7511	258 
7512	74 
7513	336 
7514	25 
7515	250 
7516	12 
7517	316 
7518	337 
7519	31 
7520	146 
7521	18 
7522	144 
7523	213 
7524	226 
7525	116 
7526	148 
7527	205 
7528	116 
7529	280 
7530	287 
7531	229 
7532	28 
7533	343 
7534	109 
7535	137 
7536	167 
7537	218 
7538	322 
7539	162 
7540	198 
7541	285 
7542	341 
7543	348 
7544	277 
7545	345 
7546	345 
7547	190 
7548	115 
7549	145 
7550	330 
7551	161 
7552	12 
7553	334 
7554	69 
7555	51 
7556	28 
7557	261 
7558	69 
7559	50 
7560	144 
7561	247 
7562	169 
7563	194 
7564	248 
7565	149 
7566	232 
7567	171 
7568	184 
7569	71 
7570	168 
7571	218 
7572	165 
7573	300 
7574	246 
7575	112 
7576	261 
7577	280 
7578	144 
7579	244 
7580	338 
7581	347 
7582	286 
7583	42 
7584	105 
7585	254 
7586	261 
7587	247 
7588	18 
7589	199 
7590	143 
7591	249 
7592	210 
7593	345 
7594	316 
7595	66 
7596	60 
7597	352 
7598	327 
7599	111 
7600	210 
7601	71 
7602	197 
7603	199 
7604	111 
7605	273 
7606	137 
7607	162 
7608	344 
7609	290 
7610	167 
7611	143 
7612	250 
7613	156 
7614	211 
7615	105 
7616	303 
7617	146 
7618	144 
7619	18 
7620	267 
7621	127 
7622	147 
7623	296 
7624	59 
7625	107 
7626	53 
7627	20 
7628	302 
7629	59 
7630	5 
7631	84 
7632	16 
7633	79 
7634	75 
7635	281 
7636	56 
7637	57 
7638	262 
7639	185 
7640	255 
7641	223 
7642	235 
7643	93 
7644	277 
7645	349 
7646	1 
7647	18 
7648	213 
7649	290 
7650	274 
7651	239 
7652	71 
7653	18 
7654	278 
7655	35 
7656	169 
7657	69 
7658	244 
7659	218 
7660	307 
7661	10 
7662	82 
7663	119 
7664	134 
7665	341 
7666	214 
7667	79 
7668	333 
7669	56 
7670	260 
7671	219 
7672	340 
7673	98 
7674	35 
7675	298 
7676	233 
7677	232 
7678	273 
7679	20 
7680	10 
7681	84 
7682	35 
7683	171 
7684	223 
7685	51 
7686	169 
7687	333 
7688	92 
7689	142 
7690	257 
7691	248 
7692	85 
7693	137 
7694	256 
7695	238 
7696	196 
7697	349 
7698	352 
7699	226 
7700	212 
7701	311 
7702	213 
7703	274 
7704	72 
7705	212 
7706	220 
7707	224 
7708	173 
7709	109 
7710	211 
7711	1 
7712	161 
7713	71 
7714	192 
7715	205 
7716	107 
7717	56 
7718	65 
7719	249 
7720	134 
7721	80 
7722	318 
7723	341 
7724	270 
7725	311 
7726	103 
7727	220 
7728	145 
7729	142 
7730	49 
7731	249 
7732	213 
7733	119 
7734	24 
7735	256 
7736	228 
7737	144 
7738	334 
7739	93 
7740	158 
7741	341 
7742	174 
7743	145 
7744	322 
7745	47 
7746	5 
7747	269 
7748	65 
7749	220 
7750	52 
7751	285 
7752	322 
7753	190 
7754	316 
7755	281 
7756	50 
7757	139 
7758	267 
7759	129 
7760	278 
7761	39 
7762	252 
7763	280 
7764	24 
7765	274 
7766	51 
7767	351 
7768	262 
7769	341 
7770	252 
7771	194 
7772	213 
7773	249 
7774	51 
7775	259 
7776	101 
7777	165 
7778	59 
7779	219 
7780	139 
7781	129 
7782	198 
7783	258 
7784	71 
7785	10 
7786	249 
7787	326 
7788	303 
7789	60 
7790	311 
7791	275 
7792	280 
7793	140 
7794	137 
7795	109 
7796	28 
7797	18 
7798	330 
7799	80 
7800	42 
7801	171 
7802	298 
7803	262 
7804	27 
7805	214 
7806	8 
7807	220 
7808	170 
7809	131 
7810	107 
7811	37 
7812	246 
7813	334 
7814	116 
7815	248 
7816	205 
7817	197 
7818	40 
7819	261 
7820	229 
7821	111 
7822	262 
7823	74 
7824	262 
7825	205 
7826	31 
7827	311 
7828	184 
7829	350 
7830	43 
7831	25 
7832	163 
7833	131 
7834	340 
7835	72 
7836	351 
7837	287 
7838	143 
7839	181 
7840	185 
7841	260 
7842	292 
7843	51 
7844	59 
7845	307 
7846	286 
7847	328 
7848	273 
7849	345 
7850	105 
7851	72 
7852	196 
7853	249 
7854	215 
7855	226 
7856	347 
7857	252 
7858	185 
7859	63 
7860	58 
7861	162 
7862	39 
7863	218 
7864	148 
7865	162 
7866	102 
7867	216 
7868	330 
7869	328 
7870	239 
7871	247 
7872	58 
7873	227 
7874	334 
7875	255 
7876	101 
7877	42 
7878	138 
7879	237 
7880	12 
7881	314 
7882	20 
7883	147 
7884	281 
7885	258 
7886	162 
7887	258 
7888	274 
7889	59 
7890	349 
7891	298 
7892	5 
7893	185 
7894	107 
7895	111 
7896	215 
7897	192 
7898	255 
7899	4 
7900	147 
7901	85 
7902	277 
7903	174 
7904	122 
7905	229 
7906	337 
7907	75 
7908	347 
7909	95 
7910	188 
7911	176 
7912	341 
7913	98 
7914	214 
7915	53 
7916	59 
7917	174 
7918	187 
7919	71 
7920	103 
7921	176 
7922	190 
7923	175 
7924	277 
7925	37 
7926	18 
7927	304 
7928	165 
7929	214 
7930	261 
7931	28 
7932	34 
7933	326 
7934	63 
7935	292 
7936	122 
7937	353 
7938	1 
7939	193 
7940	250 
7941	304 
7942	39 
7943	105 
7944	189 
7945	116 
7946	165 
7947	80 
7948	239 
7949	65 
7950	246 
7951	314 
7952	96 
7953	137 
7954	146 
7955	334 
7956	104 
7957	102 
7958	318 
7959	31 
7960	58 
7961	277 
7962	296 
7963	210 
7964	192 
7965	225 
7966	323 
7967	187 
7968	174 
7969	161 
7970	267 
7971	24 
7972	247 
7973	226 
7974	171 
7975	41 
7976	259 
7977	213 
7978	40 
7979	219 
7980	35 
7981	75 
7982	232 
7983	311 
7984	159 
7985	313 
7986	240 
7987	107 
7988	146 
7989	314 
7990	102 
7991	313 
7992	213 
7993	347 
7994	344 
7995	93 
7996	71 
7997	192 
7998	31 
7999	52 
8000	105 
8001	256 
8002	341 
8003	96 
8004	257 
8005	294 
8006	129 
8007	267 
8008	327 
8009	94 
8010	61 
8011	204 
8012	338 
8013	1 
8014	349 
8015	248 
8016	334 
8017	25 
8018	43 
8019	235 
8020	107 
8021	42 
8022	247 
8023	114 
8024	296 
8025	232 
8026	49 
8027	116 
8028	132 
8029	47 
8030	172 
8031	14 
8032	41 
8033	211 
8034	255 
8035	341 
8036	192 
8037	344 
8038	137 
8039	250 
8040	237 
8041	43 
8042	252 
8043	122 
8044	171 
8045	1 
8046	102 
8047	127 
8048	14 
8049	277 
8050	189 
8051	193 
8052	256 
8053	1 
8054	85 
8055	341 
8056	333 
8057	87 
8058	244 
8059	345 
8060	59 
8061	99 
8062	311 
8063	132 
8064	162 
8065	261 
8066	278 
8067	252 
8068	325 
8069	16 
8070	1 
8071	93 
8072	24 
8073	49 
8074	113 
8075	39 
8076	229 
8077	149 
8078	111 
8079	137 
8080	277 
8081	140 
8082	339 
8083	91 
8084	336 
8085	103 
8086	142 
8087	194 
8088	274 
8089	240 
8090	26 
8091	25 
8092	350 
8093	215 
8094	119 
8095	250 
8096	138 
8097	337 
8098	252 
8099	326 
8100	218 
8101	79 
8102	137 
8103	242 
8104	173 
8105	214 
8106	96 
8107	176 
8108	10 
8109	345 
8110	202 
8111	275 
8112	262 
8113	344 
8114	193 
8115	71 
8116	226 
8117	133 
8118	247 
8119	75 
8120	244 
8121	340 
8122	286 
8123	10 
8124	247 
8125	204 
8126	304 
8127	158 
8128	205 
8129	218 
8130	119 
8131	170 
8132	146 
8133	72 
8134	41 
8135	171 
8136	107 
8137	75 
8138	240 
8139	59 
8140	348 
8141	235 
8142	263 
8143	256 
8144	54 
8145	190 
8146	317 
8147	134 
8148	8 
8149	129 
8150	213 
8151	101 
8152	255 
8153	204 
8154	305 
8155	176 
8156	145 
8157	50 
8158	202 
8159	56 
8160	267 
8161	10 
8162	59 
8163	5 
8164	147 
8165	211 
8166	302 
8167	185 
8168	296 
8169	54 
8170	94 
8171	125 
8172	281 
8173	223 
8174	328 
8175	66 
8176	41 
8177	171 
8178	101 
8179	75 
8180	235 
8181	317 
8182	119 
8183	167 
8184	72 
8185	292 
8186	165 
8187	63 
8188	49 
8189	59 
8190	54 
8191	137 
8192	307 
8193	142 
8194	112 
8195	270 
8196	259 
8197	12 
8198	347 
8199	341 
8200	307 
8201	213 
8202	26 
8203	228 
8204	183 
8205	156 
8206	60 
8207	26 
8208	259 
8209	39 
8210	336 
8211	183 
8212	31 
8213	211 
8214	18 
8215	262 
8216	247 
8217	156 
8218	325 
8219	28 
8220	330 
8221	131 
8222	316 
8223	213 
8224	49 
8225	252 
8226	258 
8227	103 
8228	174 
8229	171 
8230	50 
8231	139 
8232	103 
8233	344 
8234	146 
8235	132 
8236	314 
8237	129 
8238	54 
8239	272 
8240	65 
8241	337 
8242	139 
8243	116 
8244	242 
8245	327 
8246	171 
8247	218 
8248	267 
8249	148 
8250	219 
8251	94 
8252	339 
8253	303 
8254	127 
8255	175 
8256	303 
8257	31 
8258	144 
8259	42 
8260	116 
8261	40 
8262	102 
8263	69 
8264	98 
8265	190 
8266	185 
8267	246 
8268	107 
8269	254 
8270	66 
8271	147 
8272	34 
8273	274 
8274	112 
8275	107 
8276	346 
8277	254 
8278	5 
8279	43 
8280	5 
8281	162 
8282	175 
8283	259 
8284	337 
8285	122 
8286	242 
8287	239 
8288	96 
8289	18 
8290	85 
8291	142 
8292	190 
8293	313 
8294	314 
8295	281 
8296	307 
8297	296 
8298	232 
8299	148 
8300	140 
8301	286 
8302	171 
8303	341 
8304	142 
8305	202 
8306	344 
8307	303 
8308	72 
8309	348 
8310	238 
8311	262 
8312	211 
8313	127 
8314	236 
8315	198 
8316	200 
8317	171 
8318	26 
8319	318 
8320	237 
8321	118 
8322	120 
8323	52 
8324	200 
8325	18 
8326	47 
8327	111 
8328	148 
8329	42 
8330	84 
8331	317 
8332	52 
8333	344 
8334	226 
8335	144 
8336	28 
8337	285 
8338	348 
8339	18 
8340	303 
8341	272 
8342	18 
8343	240 
8344	5 
8345	169 
8346	247 
8347	181 
8348	285 
8349	103 
8350	273 
8351	60 
8352	351 
8353	8 
8354	246 
8355	71 
8356	214 
8357	147 
8358	337 
8359	185 
8360	58 
8361	200 
8362	343 
8363	28 
8364	214 
8365	212 
8366	313 
8367	163 
8368	31 
8369	262 
8370	187 
8371	256 
8372	279 
8373	51 
8374	210 
8375	5 
8376	250 
8377	112 
8378	63 
8379	205 
8380	296 
8381	14 
8382	176 
8383	285 
8384	259 
8385	72 
8386	204 
8387	147 
8388	247 
8389	92 
8390	155 
8391	175 
8392	246 
8393	31 
8394	200 
8395	7 
8396	99 
8397	119 
8398	175 
8399	249 
8400	322 
8401	181 
8402	242 
8403	259 
8404	79 
8405	256 
8406	304 
8407	317 
8408	1 
8409	101 
8410	99 
8411	119 
8412	118 
8413	228 
8414	252 
8415	229 
8416	185 
8417	196 
8418	62 
8419	258 
8420	37 
8421	146 
8422	34 
8423	354 
8424	298 
8425	239 
8426	69 
8427	172 
8428	139 
8429	210 
8430	194 
8431	92 
8432	137 
8433	292 
8434	352 
8435	159 
8436	167 
8437	163 
8438	303 
8439	10 
8440	174 
8441	267 
8442	339 
8443	240 
8444	75 
8445	12 
8446	143 
8447	120 
8448	307 
8449	240 
8450	257 
8451	148 
8452	51 
8453	322 
8454	296 
8455	104 
8456	10 
8457	279 
8458	42 
8459	65 
8460	162 
8461	127 
8462	165 
8463	165 
8464	254 
8465	192 
8466	211 
8467	85 
8468	138 
8469	127 
8470	204 
8471	134 
8472	59 
8473	127 
8474	49 
8475	165 
8476	34 
8477	334 
8478	339 
8479	281 
8480	334 
8481	326 
8482	311 
8483	187 
8484	296 
8485	302 
8486	62 
8487	183 
8488	261 
8489	194 
8490	94 
8491	138 
8492	172 
8493	20 
8494	107 
8495	193 
8496	158 
8497	61 
8498	107 
8499	237 
8500	215 
8501	159 
8502	120 
8503	174 
8504	58 
8505	275 
8506	278 
8507	326 
8508	159 
8509	72 
8510	31 
8511	213 
8512	105 
8513	37 
8514	161 
8515	138 
8516	37 
8517	76 
8518	4 
8519	69 
8520	193 
8521	237 
8522	254 
8523	14 
8524	327 
8525	211 
8526	239 
8527	105 
8528	56 
8529	323 
8530	260 
8531	259 
8532	118 
8533	37 
8534	258 
8535	226 
8536	285 
8537	275 
8538	39 
8539	165 
8540	93 
8541	82 
8542	296 
8543	337 
8544	94 
8545	183 
8546	274 
8547	267 
8548	69 
8549	39 
8550	226 
8551	228 
8552	52 
8553	52 
8554	120 
8555	57 
8556	112 
8557	145 
8558	28 
8559	171 
8560	134 
8561	239 
8562	146 
8563	31 
8564	131 
8565	93 
8566	34 
8567	7 
8568	313 
8569	161 
8570	228 
8571	298 
8572	257 
8573	159 
8574	249 
8575	69 
8576	54 
8577	303 
8578	248 
8579	259 
8580	274 
8581	210 
8582	226 
8583	339 
8584	28 
8585	244 
8586	92 
8587	185 
8588	102 
8589	98 
8590	28 
8591	122 
8592	343 
8593	96 
8594	116 
8595	216 
8596	304 
8597	65 
8598	280 
8599	107 
8600	35 
8601	116 
8602	149 
8603	58 
8604	267 
8605	249 
8606	63 
8607	98 
8608	267 
8609	50 
8610	341 
8611	76 
8612	116 
8613	122 
8614	347 
8615	274 
8616	280 
8617	273 
8618	12 
8619	98 
8620	75 
8621	113 
8622	175 
8623	344 
8624	118 
8625	294 
8626	52 
8627	189 
8628	322 
8629	193 
8630	280 
8631	1 
8632	275 
8633	107 
8634	219 
8635	43 
8636	214 
8637	296 
8638	244 
8639	52 
8640	311 
8641	61 
8642	274 
8643	190 
8644	71 
8645	165 
8646	205 
8647	228 
8648	105 
8649	41 
8650	51 
8651	341 
8652	137 
8653	66 
8654	349 
8655	120 
8656	311 
8657	281 
8658	280 
8659	267 
8660	140 
8661	125 
8662	322 
8663	176 
8664	278 
8665	210 
8666	88 
8667	42 
8668	263 
8669	267 
8670	5 
8671	326 
8672	322 
8673	267 
8674	35 
8675	303 
8676	273 
8677	37 
8678	80 
8679	122 
8680	61 
8681	220 
8682	273 
8683	285 
8684	189 
8685	267 
8686	212 
8687	107 
8688	163 
8689	197 
8690	113 
8691	102 
8692	281 
8693	187 
8694	228 
8695	218 
8696	185 
8697	137 
8698	37 
8699	167 
8700	25 
8701	338 
8702	218 
8703	162 
8704	94 
8705	304 
8706	318 
8707	205 
8708	66 
8709	354 
8710	228 
8711	159 
8712	273 
8713	122 
8714	347 
8715	104 
8716	170 
8717	281 
8718	254 
8719	41 
8720	344 
8721	40 
8722	12 
8723	79 
8724	281 
8725	4 
8726	71 
8727	274 
8728	69 
8729	233 
8730	75 
8731	146 
8732	58 
8733	352 
8734	259 
8735	56 
8736	71 
8737	280 
8738	162 
8739	334 
8740	351 
8741	237 
8742	28 
8743	107 
8744	159 
8745	94 
8746	49 
8747	323 
8748	162 
8749	200 
8750	341 
8751	267 
8752	198 
8753	351 
8754	138 
8755	7 
8756	210 
8757	348 
8758	1 
8759	58 
8760	72 
8761	132 
8762	334 
8763	163 
8764	248 
8765	18 
8766	35 
8767	31 
8768	198 
8769	72 
8770	218 
8771	10 
8772	42 
8773	194 
8774	165 
8775	280 
8776	56 
8777	348 
8778	278 
8779	159 
8780	4 
8781	50 
8782	170 
8783	187 
8784	252 
8785	281 
8786	167 
8787	52 
8788	313 
8789	41 
8790	239 
8791	85 
8792	129 
8793	281 
8794	84 
8795	94 
8796	270 
8797	274 
8798	113 
8799	56 
8800	192 
8801	162 
8802	171 
8803	112 
8804	34 
8805	185 
8806	347 
8807	159 
8808	252 
8809	34 
8810	80 
8811	147 
8812	72 
8813	113 
8814	65 
8815	176 
8816	317 
8817	205 
8818	80 
8819	197 
8820	204 
8821	129 
8822	311 
8823	190 
8824	147 
8825	76 
8826	334 
8827	111 
8828	149 
8829	274 
8830	40 
8831	272 
8832	244 
8833	244 
8834	205 
8835	37 
8836	318 
8837	1 
8838	75 
8839	147 
8840	200 
8841	149 
8842	116 
8843	35 
8844	4 
8845	167 
8846	285 
8847	47 
8848	176 
8849	156 
8850	40 
8851	62 
8852	181 
8853	296 
8854	35 
8855	142 
8856	37 
8857	267 
8858	349 
8859	181 
8860	118 
8861	354 
8862	197 
8863	65 
8864	339 
8865	51 
8866	341 
8867	274 
8868	12 
8869	258 
8870	58 
8871	171 
8872	351 
8873	249 
8874	131 
8875	219 
8876	277 
8877	196 
8878	185 
8879	31 
8880	237 
8881	187 
8882	228 
8883	270 
8884	167 
8885	235 
8886	215 
8887	146 
8888	307 
8889	79 
8890	344 
8891	127 
8892	28 
8893	25 
8894	167 
8895	175 
8896	142 
8897	145 
8898	20 
8899	247 
8900	219 
8901	93 
8902	52 
8903	216 
8904	94 
8905	171 
8906	334 
8907	24 
8908	314 
8909	212 
8910	322 
8911	196 
8912	323 
8913	34 
8914	12 
8915	326 
8916	165 
8917	175 
8918	200 
8919	197 
8920	120 
8921	169 
8922	35 
8923	24 
8924	142 
8925	147 
8926	278 
8927	5 
8928	37 
8929	62 
8930	18 
8931	244 
8932	51 
8933	45 
8934	210 
8935	49 
8936	171 
8937	198 
8938	196 
8939	220 
8940	142 
8941	341 
8942	25 
8943	156 
8944	192 
8945	12 
8946	12 
8947	165 
8948	51 
8949	58 
8950	242 
8951	114 
8952	165 
8953	131 
8954	325 
8955	200 
8956	52 
8957	193 
8958	272 
8959	197 
8960	127 
8961	247 
8962	156 
8963	118 
8964	102 
8965	137 
8966	132 
8967	8 
8968	59 
8969	111 
8970	42 
8971	118 
8972	339 
8973	105 
8974	118 
8975	85 
8976	313 
8977	298 
8978	75 
8979	28 
8980	99 
8981	85 
8982	20 
8983	192 
8984	215 
8985	99 
8986	7 
8987	145 
8988	140 
8989	233 
8990	261 
8991	142 
8992	275 
8993	113 
8994	159 
8995	147 
8996	210 
8997	51 
8998	140 
8999	140 
9000	183 
9001	278 
9002	197 
9003	62 
9004	244 
9005	96 
9006	190 
9007	233 
9008	298 
9009	25 
9010	235 
9011	118 
9012	307 
9013	42 
9014	232 
9015	317 
9016	247 
9017	211 
9018	278 
9019	200 
9020	60 
9021	159 
9022	79 
9023	189 
9024	4 
9025	220 
9026	307 
9027	322 
9028	51 
9029	58 
9030	10 
9031	140 
9032	142 
9033	322 
9034	140 
9035	147 
9036	317 
9037	1 
9038	246 
9039	147 
9040	42 
9041	307 
9042	190 
9043	194 
9044	40 
9045	256 
9046	171 
9047	343 
9048	147 
9049	42 
9050	194 
9051	28 
9052	12 
9053	250 
9054	242 
9055	235 
9056	347 
9057	25 
9058	57 
9059	250 
9060	250 
9061	311 
9062	256 
9063	99 
9064	344 
9065	131 
9066	85 
9067	102 
9068	40 
9069	313 
9070	205 
9071	80 
9072	317 
9073	185 
9074	298 
9075	280 
9076	200 
9077	25 
9078	146 
9079	215 
9080	111 
9081	254 
9082	198 
9083	213 
9084	156 
9085	311 
9086	54 
9087	28 
9088	233 
9089	343 
9090	175 
9091	148 
9092	71 
9093	175 
9094	311 
9095	54 
9096	94 
9097	82 
9098	280 
9099	59 
9100	34 
9101	337 
9102	181 
9103	347 
9104	116 
9105	252 
9106	247 
9107	12 
9108	76 
9109	272 
9110	28 
9111	62 
9112	347 
9113	286 
9114	274 
9115	259 
9116	190 
9117	190 
9118	103 
9119	129 
9120	93 
9121	348 
9122	218 
9123	129 
9124	250 
9125	113 
9126	171 
9127	54 
9128	80 
9129	47 
9130	71 
9131	311 
9132	102 
9133	193 
9134	12 
9135	165 
9136	111 
9137	296 
9138	167 
9139	190 
9140	190 
9141	169 
9142	285 
9143	69 
9144	252 
9145	247 
9146	232 
9147	28 
9148	62 
9149	211 
9150	267 
9151	37 
9152	249 
9153	254 
9154	190 
9155	205 
9156	347 
9157	354 
9158	183 
9159	42 
9160	261 
9161	101 
9162	347 
9163	134 
9164	131 
9165	192 
9166	200 
9167	296 
9168	72 
9169	220 
9170	76 
9171	317 
9172	20 
9173	43 
9174	118 
9175	60 
9176	194 
9177	132 
9178	171 
9179	261 
9180	12 
9181	267 
9182	148 
9183	213 
9184	218 
9185	149 
9186	116 
9187	28 
9188	25 
9189	334 
9190	34 
9191	326 
9192	338 
9193	185 
9194	47 
9195	103 
9196	120 
9197	37 
9198	169 
9199	348 
9200	318 
9201	41 
9202	339 
9203	347 
9204	210 
9205	304 
9206	270 
9207	149 
9208	58 
9209	311 
9210	79 
9211	348 
9212	323 
9213	134 
9214	25 
9215	344 
9216	256 
9217	317 
9218	148 
9219	118 
9220	18 
9221	52 
9222	247 
9223	200 
9224	339 
9225	272 
9226	348 
9227	298 
9228	322 
9229	120 
9230	10 
9231	326 
9232	228 
9233	118 
9234	198 
9235	65 
9236	256 
9237	218 
9238	111 
9239	58 
9240	162 
9241	317 
9242	174 
9243	24 
9244	112 
9245	322 
9246	344 
9247	165 
9248	66 
9249	113 
9250	37 
9251	116 
9252	52 
9253	256 
9254	233 
9255	56 
9256	267 
9257	122 
9258	40 
9259	311 
9260	318 
9261	272 
9262	96 
9263	42 
9264	20 
9265	267 
9266	103 
9267	347 
9268	116 
9269	28 
9270	189 
9271	254 
9272	96 
9273	7 
9274	270 
9275	317 
9276	112 
9277	41 
9278	262 
9279	165 
9280	49 
9281	249 
9282	274 
9283	169 
9284	343 
9285	137 
9286	28 
9287	339 
9288	52 
9289	280 
9290	7 
9291	237 
9292	93 
9293	193 
9294	175 
9295	261 
9296	165 
9297	171 
9298	235 
9299	37 
9300	219 
9301	142 
9302	80 
9303	226 
9304	169 
9305	259 
9306	307 
9307	273 
9308	210 
9309	226 
9310	85 
9311	137 
9312	298 
9313	244 
9314	220 
9315	37 
9316	37 
9317	313 
9318	80 
9319	31 
9320	185 
9321	52 
9322	57 
9323	318 
9324	344 
9325	197 
9326	37 
9327	213 
9328	31 
9329	235 
9330	167 
9331	175 
9332	307 
9333	99 
9334	181 
9335	79 
9336	169 
9337	49 
9338	341 
9339	220 
9340	334 
9341	340 
9342	169 
9343	54 
9344	80 
9345	197 
9346	39 
9347	37 
9348	140 
9349	347 
9350	66 
9351	120 
9352	71 
9353	348 
9354	280 
9355	334 
9356	148 
9357	298 
9358	318 
9359	204 
9360	274 
9361	220 
9362	323 
9363	274 
9364	144 
9365	349 
9366	318 
9367	175 
9368	37 
9369	351 
9370	220 
9371	105 
9372	94 
9373	318 
9374	280 
9375	176 
9376	325 
9377	107 
9378	103 
9379	112 
9380	129 
9381	304 
9382	129 
9383	339 
9384	5 
9385	281 
9386	7 
9387	111 
9388	72 
9389	270 
9390	162 
9391	102 
9392	116 
9393	139 
9394	311 
9395	111 
9396	185 
9397	162 
9398	307 
9399	311 
9400	159 
9401	165 
9402	267 
9403	103 
9404	42 
9405	185 
9406	162 
9407	131 
9408	348 
9409	169 
9410	105 
9411	304 
9412	252 
9413	167 
9414	296 
9415	343 
9416	159 
9417	296 
9418	218 
9419	167 
9420	18 
9421	274 
9422	49 
9423	185 
9424	93 
9425	10 
9426	194 
9427	317 
9428	233 
9429	93 
9430	107 
9431	93 
9432	127 
9433	102 
9434	210 
9435	298 
9436	343 
9437	147 
9438	218 
9439	159 
9440	167 
9441	25 
9442	41 
9443	249 
9444	307 
9445	252 
9446	85 
9447	174 
9448	183 
9449	96 
9450	112 
9451	348 
9452	58 
9453	12 
9454	12 
9455	69 
9456	181 
9457	60 
9458	240 
9459	127 
9460	119 
9461	139 
9462	339 
9463	131 
9464	235 
9465	148 
9466	213 
9467	165 
9468	7 
9469	252 
9470	210 
9471	340 
9472	190 
9473	325 
9474	167 
9475	274 
9476	278 
9477	213 
9478	344 
9479	280 
9480	34 
9481	131 
9482	52 
9483	254 
9484	347 
9485	59 
9486	103 
9487	18 
9488	175 
9489	341 
9490	190 
9491	267 
9492	42 
9493	111 
9494	339 
9495	98 
9496	142 
9497	51 
9498	113 
9499	214 
9500	10 
9501	116 
9502	54 
9503	58 
9504	298 
9505	102 
9506	75 
9507	318 
9508	226 
9509	107 
9510	205 
9511	49 
9512	192 
9513	340 
9514	211 
9515	137 
9516	325 
9517	325 
9518	349 
9519	146 
9520	60 
9521	200 
9522	131 
9523	204 
9524	31 
9525	25 
9526	79 
9527	113 
9528	258 
9529	259 
9530	246 
9531	205 
9532	52 
9533	129 
9534	51 
9535	103 
9536	113 
9537	259 
9538	274 
9539	261 
9540	190 
9541	56 
9542	220 
9543	116 
9544	267 
9545	220 
9546	85 
9547	71 
9548	296 
9549	262 
9550	326 
9551	127 
9552	28 
9553	280 
9554	261 
9555	205 
9556	52 
9557	318 
9558	105 
9559	273 
9560	40 
9561	220 
9562	259 
9563	42 
9564	239 
9565	318 
9566	69 
9567	142 
9568	198 
9569	351 
9570	262 
9571	98 
9572	59 
9573	34 
9574	240 
9575	278 
9576	343 
9577	167 
9578	129 
9579	318 
9580	244 
9581	317 
9582	129 
9583	107 
9584	28 
9585	162 
9586	103 
9587	262 
9588	169 
9589	259 
9590	75 
9591	25 
9592	183 
9593	169 
9594	47 
9595	40 
9596	137 
9597	272 
9598	190 
9599	165 
9600	93 
9601	318 
9602	102 
9603	307 
9604	146 
9605	343 
9606	326 
9607	25 
9608	334 
9609	211 
9610	93 
9611	93 
9612	185 
9613	274 
9614	200 
9615	259 
9616	322 
9617	304 
9618	326 
9619	349 
9620	235 
9621	226 
9622	144 
9623	347 
9624	112 
9625	71 
9626	326 
9627	85 
9628	349 
9629	105 
9630	343 
9631	40 
9632	132 
9633	340 
9634	348 
9635	137 
9636	42 
9637	99 
9638	218 
9639	334 
9640	84 
9641	129 
9642	197 
9643	162 
9644	120 
9645	20 
9646	262 
9647	10 
9648	311 
9649	75 
9650	31 
9651	40 
9652	226 
9653	240 
9654	59 
9655	226 
9656	262 
9657	261 
9658	28 
9659	239 
9660	93 
9661	351 
9662	307 
9663	12 
9664	146 
9665	131 
9666	311 
9667	339 
9668	42 
9669	318 
9670	111 
9671	34 
9672	256 
9673	280 
9674	278 
9675	183 
9676	51 
9677	244 
9678	1 
9679	72 
9680	116 
9681	28 
9682	113 
9683	94 
9684	244 
9685	131 
9686	344 
9687	311 
9688	307 
9689	274 
9690	261 
9691	84 
9692	107 
9693	244 
9694	298 
9695	351 
9696	303 
9697	137 
9698	169 
9699	322 
9700	298 
9701	37 
9702	220 
9703	31 
9704	148 
9705	281 
9706	12 
9707	102 
9708	334 
9709	58 
9710	339 
9711	303 
9712	273 
9713	261 
9714	167 
9715	351 
9716	281 
9717	235 
9718	259 
9719	34 
9720	107 
9721	343 
9722	347 
9723	205 
9724	102 
9725	20 
9726	165 
9727	75 
9728	347 
9729	58 
9730	239 
9731	59 
9732	94 
9733	341 
9734	129 
9735	298 
9736	205 
9737	12 
9738	159 
9739	137 
9740	112 
9741	85 
9742	226 
9743	326 
9744	210 
9745	111 
9746	51 
9747	56 
9748	183 
9749	111 
9750	334 
9751	247 
9752	159 
9753	56 
9754	129 
9755	75 
9756	200 
9757	278 
9758	112 
9759	31 
9760	102 
9761	93 
9762	31 
9763	18 
9764	252 
9765	137 
9766	198 
9767	28 
9768	261 
9769	220 
9770	259 
9771	183 
9772	116 
9773	103 
9774	340 
9775	116 
9776	252 
9777	311 
9778	40 
9779	272 
9780	116 
9781	205 
9782	171 
9783	235 
9784	10 
9785	341 
9786	171 
9787	200 
9788	137 
9789	20 
9790	146 
9791	69 
9792	261 
9793	343 
9794	1 
9795	213 
9796	18 
9797	171 
9798	326 
9799	198 
9800	213 
9801	267 
9802	351 
9803	112 
9804	296 
9805	298 
9806	211 
9807	146 
9808	113 
9809	69 
9810	198 
9811	120 
9812	120 
9813	72 
9814	307 
9815	322 
9816	85 
9817	102 
9818	129 
9819	18 
9820	246 
9821	49 
9822	28 
9823	273 
9824	148 
9825	175 
9826	244 
9827	171 
9828	31 
9829	349 
9830	344 
9831	51 
9832	113 
9833	113 
9834	52 
9835	28 
9836	162 
9837	239 
9838	31 
9839	93 
9840	218 
9841	111 
9842	34 
9843	247 
9844	72 
9845	31 
9846	351 
9847	120 
9848	34 
9849	72 
9850	113 
9851	113 
9852	340 
9853	5 
9854	129 
9855	116 
9856	340 
9857	59 
9858	31 
9859	334 
9860	303 
9861	129 
9862	256 
9863	244 
9864	167 
9865	205 
9866	198 
9867	344 
9868	18 
9869	1 
9870	343 
9871	12 
9872	220 
9873	256 
9874	220 
9875	280 
9876	259 
9877	267 
9878	131 
9879	20 
9880	343 
9881	131 
9882	7 
9883	256 
9884	12 
9885	31 
9886	7 
9887	72 
9888	205 
9889	200 
9890	28 
9891	205 
9892	235 
9893	210 
9894	113 
9895	343 
9896	37 
9897	18 
9898	147 
9899	72 
9900	59 
9901	247 
9902	131 
9903	334 
9904	198 
9905	162 
9906	20 
9907	113 
9908	185 
9909	273 
9910	41 
9911	51 
9912	298 
9913	85 
9914	41 
9915	111 
9916	37 
9917	280 
9918	256 
9919	137 
9920	80 
9921	37 
9922	42 
9923	318 
9924	247 
9925	93 
9926	42 
9927	37 
9928	278 
9929	103 
9930	31 
9931	185 
9932	273 
9933	273 
9934	326 
9935	147 
9936	7 
9937	183 
9938	303 
9939	190 
9940	147 
9941	5 
9942	116 
9943	37 
9944	72 
9945	7 
9946	200 
9947	347 
9948	210 
9949	256 
9950	103 
9951	343 
9952	211 
9953	175 
9954	198 
9955	210 
9956	185 
9957	262 
9958	347 
9959	5 
9960	111 
9961	28 
9962	318 
9963	113 
9964	37 
9965	31 
9966	175 
9967	296 
9968	211 
9969	31 
9970	267 
9971	165 
9972	273 
9973	274 
9974	103 
9975	129 
9976	51 
9977	175 
9978	185 
9979	113 
9980	129 
9981	72 
9982	341 
9983	129 
9984	20 
9985	326 
9986	278 
9987	59 
9988	41 
9989	20 
9990	107 
9991	165 
9992	247 
9993	256 
9994	147 
9995	273 
9996	256 
9997	59 
9998	103 
9999	147 
10000	165 
