1	33 
2	179 
3	111 
4	27 
5	16 
6	6 
7	102 
8	85 
9	62 
10	104 
11	27 
12	136 
13	146 
14	298 
15	134 
16	155 
17	24 
18	65 
19	88 
20	133 
21	139 
22	300 
23	192 
24	250 
25	234 
26	318 
27	243 
28	287 
29	100 
30	229 
31	189 
32	54 
33	325 
34	323 
35	196 
36	202 
37	259 
38	200 
39	174 
40	184 
41	237 
42	52 
43	279 
44	5 
45	215 
46	303 
47	148 
48	178 
49	245 
50	278 
51	19 
52	93 
53	188 
54	332 
55	245 
56	334 
57	62 
58	86 
59	325 
60	223 
61	99 
62	131 
63	283 
64	154 
65	64 
66	302 
67	317 
68	64 
69	153 
70	147 
71	62 
72	108 
73	41 
74	30 
75	176 
76	324 
77	186 
78	123 
79	273 
80	122 
81	56 
82	125 
83	70 
84	72 
85	298 
86	252 
87	212 
88	278 
89	105 
90	234 
91	66 
92	271 
93	7 
94	113 
95	246 
96	306 
97	55 
98	130 
99	17 
100	223 
101	111 
102	235 
103	268 
104	222 
105	246 
106	239 
107	57 
108	109 
109	191 
110	210 
111	217 
112	271 
113	154 
114	4 
115	270 
116	134 
117	54 
118	214 
119	63 
120	265 
121	22 
122	112 
123	92 
124	143 
125	284 
126	331 
127	19 
128	94 
129	175 
130	75 
131	332 
132	103 
133	178 
134	80 
135	147 
136	189 
137	1 
138	33 
139	30 
140	243 
141	234 
142	239 
143	202 
144	283 
145	83 
146	171 
147	272 
148	179 
149	238 
150	54 
151	124 
152	292 
153	294 
154	112 
155	319 
156	164 
157	119 
158	134 
159	185 
160	189 
161	60 
162	227 
163	82 
164	70 
165	287 
166	178 
167	303 
168	11 
169	274 
170	171 
171	223 
172	257 
173	25 
174	25 
175	282 
176	13 
177	73 
178	10 
179	198 
180	321 
181	294 
182	318 
183	196 
184	332 
185	38 
186	122 
187	119 
188	32 
189	64 
190	276 
191	164 
192	5 
193	277 
194	311 
195	274 
196	45 
197	37 
198	291 
199	104 
200	236 
201	95 
202	48 
203	315 
204	312 
205	331 
206	245 
207	13 
208	52 
209	49 
210	188 
211	274 
212	117 
213	263 
214	167 
215	140 
216	96 
217	129 
218	113 
219	226 
220	25 
221	195 
222	256 
223	5 
224	290 
225	195 
226	151 
227	241 
228	226 
229	255 
230	19 
231	326 
232	187 
233	169 
234	20 
235	200 
236	227 
237	147 
238	292 
239	321 
240	147 
241	295 
242	320 
243	23 
244	136 
245	46 
246	7 
247	128 
248	276 
249	288 
250	39 
251	203 
252	18 
253	134 
254	63 
255	325 
256	6 
257	64 
258	151 
259	290 
260	186 
261	118 
262	6 
263	89 
264	225 
265	300 
266	223 
267	272 
268	115 
269	294 
270	61 
271	51 
272	139 
273	194 
274	298 
275	104 
276	155 
277	194 
278	27 
279	245 
280	140 
281	222 
282	142 
283	113 
284	66 
285	223 
286	251 
287	94 
288	137 
289	199 
290	112 
291	202 
292	103 
293	223 
294	188 
295	175 
296	69 
297	295 
298	209 
299	148 
300	160 
301	212 
302	299 
303	76 
304	225 
305	8 
306	287 
307	71 
308	270 
309	322 
310	273 
311	202 
312	6 
313	334 
314	7 
315	7 
316	161 
317	165 
318	162 
319	240 
320	95 
321	200 
322	247 
323	312 
324	24 
325	35 
326	6 
327	193 
328	61 
329	121 
330	224 
331	44 
332	256 
333	199 
334	167 
335	256 
336	239 
337	262 
338	104 
339	319 
340	80 
341	162 
342	113 
343	259 
344	81 
345	227 
346	312 
347	261 
348	223 
349	135 
350	321 
351	315 
352	207 
353	61 
354	135 
355	219 
356	220 
357	183 
358	143 
359	259 
360	17 
361	233 
362	153 
363	250 
364	6 
365	326 
366	235 
367	37 
368	323 
369	322 
370	235 
371	273 
372	203 
373	139 
374	271 
375	196 
376	184 
377	172 
378	230 
379	158 
380	115 
381	82 
382	188 
383	303 
384	180 
385	280 
386	10 
387	31 
388	60 
389	242 
390	187 
391	147 
392	304 
393	32 
394	165 
395	231 
396	133 
397	50 
398	1 
399	310 
400	53 
401	133 
402	203 
403	218 
404	280 
405	119 
406	150 
407	60 
408	221 
409	211 
410	74 
411	103 
412	229 
413	314 
414	283 
415	238 
416	84 
417	293 
418	38 
419	231 
420	146 
421	131 
422	24 
423	190 
424	292 
425	186 
426	38 
427	189 
428	139 
429	85 
430	292 
431	197 
432	44 
433	139 
434	2 
435	244 
436	124 
437	208 
438	142 
439	249 
440	188 
441	174 
442	183 
443	333 
444	112 
445	121 
446	142 
447	326 
448	226 
449	56 
450	160 
451	269 
452	281 
453	1 
454	97 
455	302 
456	225 
457	181 
458	55 
459	186 
460	244 
461	312 
462	54 
463	146 
464	190 
465	47 
466	102 
467	277 
468	159 
469	147 
470	77 
471	192 
472	272 
473	243 
474	151 
475	335 
476	158 
477	205 
478	324 
479	245 
480	170 
481	22 
482	83 
483	227 
484	142 
485	22 
486	117 
487	120 
488	133 
489	43 
490	135 
491	99 
492	227 
493	246 
494	153 
495	233 
496	259 
497	83 
498	87 
499	285 
500	136 
501	2 
502	203 
503	142 
504	89 
505	39 
506	278 
507	130 
508	162 
509	7 
510	139 
511	124 
512	136 
513	67 
514	276 
515	211 
516	243 
517	103 
518	112 
519	37 
520	185 
521	323 
522	6 
523	7 
524	84 
525	221 
526	25 
527	98 
528	99 
529	75 
530	65 
531	279 
532	19 
533	224 
534	74 
535	196 
536	200 
537	112 
538	81 
539	271 
540	318 
541	47 
542	151 
543	42 
544	74 
545	201 
546	239 
547	311 
548	145 
549	304 
550	307 
551	118 
552	125 
553	194 
554	48 
555	63 
556	221 
557	119 
558	64 
559	254 
560	126 
561	14 
562	317 
563	253 
564	147 
565	18 
566	158 
567	252 
568	113 
569	39 
570	1 
571	99 
572	233 
573	1 
574	60 
575	159 
576	160 
577	303 
578	309 
579	330 
580	250 
581	79 
582	321 
583	163 
584	179 
585	50 
586	62 
587	82 
588	71 
589	289 
590	147 
591	108 
592	7 
593	308 
594	163 
595	17 
596	105 
597	287 
598	273 
599	93 
600	12 
601	109 
602	80 
603	67 
604	320 
605	299 
606	139 
607	327 
608	187 
609	23 
610	334 
611	86 
612	301 
613	257 
614	88 
615	80 
616	317 
617	178 
618	187 
619	169 
620	34 
621	279 
622	298 
623	244 
624	248 
625	114 
626	230 
627	150 
628	181 
629	40 
630	121 
631	297 
632	95 
633	5 
634	232 
635	32 
636	298 
637	37 
638	202 
639	195 
640	204 
641	36 
642	298 
643	82 
644	193 
645	35 
646	195 
647	141 
648	146 
649	56 
650	227 
651	211 
652	196 
653	49 
654	215 
655	32 
656	69 
657	330 
658	52 
659	132 
660	93 
661	101 
662	208 
663	35 
664	117 
665	169 
666	36 
667	252 
668	130 
669	77 
670	248 
671	219 
672	167 
673	121 
674	326 
675	183 
676	80 
677	1 
678	4 
679	222 
680	42 
681	298 
682	77 
683	140 
684	284 
685	187 
686	269 
687	77 
688	96 
689	139 
690	162 
691	206 
692	247 
693	158 
694	181 
695	58 
696	150 
697	94 
698	46 
699	276 
700	127 
701	74 
702	82 
703	252 
704	175 
705	96 
706	21 
707	39 
708	255 
709	259 
710	297 
711	106 
712	150 
713	75 
714	12 
715	150 
716	38 
717	81 
718	187 
719	196 
720	119 
721	272 
722	141 
723	226 
724	240 
725	77 
726	129 
727	44 
728	133 
729	152 
730	67 
731	230 
732	333 
733	313 
734	12 
735	256 
736	111 
737	306 
738	82 
739	141 
740	221 
741	38 
742	285 
743	162 
744	283 
745	54 
746	226 
747	54 
748	12 
749	206 
750	21 
751	235 
752	153 
753	119 
754	144 
755	114 
756	234 
757	291 
758	45 
759	211 
760	162 
761	183 
762	109 
763	120 
764	134 
765	158 
766	10 
767	30 
768	230 
769	112 
770	328 
771	220 
772	30 
773	238 
774	145 
775	260 
776	224 
777	172 
778	78 
779	261 
780	198 
781	181 
782	297 
783	260 
784	198 
785	16 
786	51 
787	318 
788	39 
789	31 
790	299 
791	251 
792	336 
793	158 
794	300 
795	142 
796	154 
797	70 
798	82 
799	306 
800	330 
801	260 
802	150 
803	66 
804	60 
805	196 
806	331 
807	259 
808	266 
809	297 
810	49 
811	80 
812	48 
813	10 
814	298 
815	219 
816	118 
817	213 
818	309 
819	308 
820	188 
821	251 
822	111 
823	25 
824	119 
825	252 
826	201 
827	87 
828	100 
829	276 
830	99 
831	4 
832	307 
833	254 
834	325 
835	135 
836	199 
837	245 
838	260 
839	150 
840	218 
841	186 
842	20 
843	95 
844	217 
845	282 
846	66 
847	178 
848	298 
849	254 
850	45 
851	23 
852	165 
853	43 
854	162 
855	43 
856	190 
857	40 
858	57 
859	187 
860	114 
861	25 
862	304 
863	17 
864	12 
865	183 
866	171 
867	77 
868	64 
869	122 
870	212 
871	334 
872	291 
873	106 
874	34 
875	207 
876	90 
877	112 
878	205 
879	276 
880	298 
881	168 
882	12 
883	164 
884	233 
885	265 
886	281 
887	281 
888	334 
889	116 
890	12 
891	318 
892	102 
893	283 
894	17 
895	56 
896	226 
897	37 
898	36 
899	188 
900	173 
901	70 
902	102 
903	143 
904	293 
905	133 
906	11 
907	153 
908	298 
909	313 
910	226 
911	218 
912	166 
913	65 
914	219 
915	77 
916	265 
917	210 
918	224 
919	78 
920	213 
921	214 
922	208 
923	191 
924	196 
925	306 
926	296 
927	226 
928	164 
929	137 
930	88 
931	22 
932	103 
933	52 
934	28 
935	325 
936	251 
937	204 
938	220 
939	92 
940	2 
941	262 
942	158 
943	75 
944	256 
945	4 
946	259 
947	166 
948	328 
949	213 
950	21 
951	250 
952	26 
953	291 
954	151 
955	145 
956	78 
957	273 
958	5 
959	195 
960	109 
961	267 
962	304 
963	19 
964	23 
965	7 
966	324 
967	331 
968	48 
969	74 
970	226 
971	249 
972	158 
973	203 
974	206 
975	17 
976	249 
977	1 
978	44 
979	274 
980	316 
981	108 
982	214 
983	51 
984	107 
985	171 
986	126 
987	271 
988	305 
989	142 
990	170 
991	161 
992	276 
993	195 
994	35 
995	1 
996	18 
997	178 
998	195 
999	112 
1000	184 
1001	164 
1002	31 
1003	134 
1004	61 
1005	241 
1006	223 
1007	31 
1008	176 
1009	229 
1010	304 
1011	5 
1012	258 
1013	137 
1014	327 
1015	212 
1016	49 
1017	66 
1018	78 
1019	310 
1020	259 
1021	273 
1022	60 
1023	222 
1024	126 
1025	316 
1026	12 
1027	269 
1028	147 
1029	217 
1030	182 
1031	131 
1032	28 
1033	194 
1034	114 
1035	156 
1036	106 
1037	167 
1038	169 
1039	87 
1040	165 
1041	297 
1042	34 
1043	131 
1044	265 
1045	37 
1046	318 
1047	328 
1048	227 
1049	114 
1050	273 
1051	19 
1052	233 
1053	131 
1054	228 
1055	154 
1056	73 
1057	311 
1058	162 
1059	156 
1060	304 
1061	278 
1062	20 
1063	227 
1064	230 
1065	104 
1066	112 
1067	208 
1068	69 
1069	53 
1070	145 
1071	17 
1072	195 
1073	136 
1074	158 
1075	203 
1076	72 
1077	50 
1078	252 
1079	152 
1080	52 
1081	162 
1082	306 
1083	191 
1084	31 
1085	327 
1086	282 
1087	92 
1088	50 
1089	336 
1090	94 
1091	5 
1092	84 
1093	57 
1094	78 
1095	110 
1096	72 
1097	129 
1098	109 
1099	226 
1100	246 
1101	255 
1102	333 
1103	19 
1104	76 
1105	142 
1106	10 
1107	226 
1108	228 
1109	183 
1110	57 
1111	187 
1112	168 
1113	31 
1114	51 
1115	46 
1116	265 
1117	257 
1118	16 
1119	61 
1120	65 
1121	200 
1122	187 
1123	333 
1124	8 
1125	246 
1126	278 
1127	35 
1128	40 
1129	209 
1130	179 
1131	57 
1132	139 
1133	330 
1134	293 
1135	174 
1136	283 
1137	82 
1138	16 
1139	4 
1140	93 
1141	306 
1142	329 
1143	42 
1144	99 
1145	313 
1146	138 
1147	217 
1148	10 
1149	30 
1150	291 
1151	103 
1152	20 
1153	152 
1154	79 
1155	166 
1156	245 
1157	61 
1158	199 
1159	238 
1160	43 
1161	298 
1162	220 
1163	261 
1164	304 
1165	171 
1166	224 
1167	195 
1168	265 
1169	77 
1170	63 
1171	209 
1172	244 
1173	60 
1174	175 
1175	145 
1176	306 
1177	334 
1178	291 
1179	145 
1180	295 
1181	223 
1182	148 
1183	178 
1184	88 
1185	105 
1186	100 
1187	216 
1188	43 
1189	76 
1190	298 
1191	166 
1192	64 
1193	158 
1194	212 
1195	106 
1196	305 
1197	44 
1198	203 
1199	298 
1200	327 
1201	276 
1202	308 
1203	236 
1204	121 
1205	300 
1206	280 
1207	186 
1208	129 
1209	147 
1210	280 
1211	103 
1212	308 
1213	145 
1214	207 
1215	264 
1216	184 
1217	138 
1218	93 
1219	321 
1220	335 
1221	292 
1222	86 
1223	48 
1224	108 
1225	305 
1226	239 
1227	291 
1228	260 
1229	54 
1230	154 
1231	336 
1232	295 
1233	282 
1234	23 
1235	302 
1236	23 
1237	246 
1238	167 
1239	109 
1240	78 
1241	276 
1242	140 
1243	239 
1244	186 
1245	130 
1246	107 
1247	103 
1248	109 
1249	25 
1250	89 
1251	64 
1252	296 
1253	9 
1254	54 
1255	168 
1256	196 
1257	322 
1258	49 
1259	218 
1260	157 
1261	81 
1262	276 
1263	99 
1264	83 
1265	133 
1266	284 
1267	284 
1268	327 
1269	134 
1270	221 
1271	246 
1272	152 
1273	145 
1274	119 
1275	26 
1276	14 
1277	108 
1278	145 
1279	143 
1280	117 
1281	234 
1282	93 
1283	10 
1284	258 
1285	258 
1286	157 
1287	99 
1288	98 
1289	240 
1290	306 
1291	160 
1292	71 
1293	5 
1294	196 
1295	2 
1296	96 
1297	156 
1298	113 
1299	220 
1300	182 
1301	283 
1302	118 
1303	211 
1304	252 
1305	114 
1306	147 
1307	180 
1308	100 
1309	233 
1310	159 
1311	279 
1312	150 
1313	121 
1314	161 
1315	3 
1316	321 
1317	169 
1318	165 
1319	244 
1320	262 
1321	254 
1322	204 
1323	322 
1324	95 
1325	112 
1326	277 
1327	13 
1328	114 
1329	6 
1330	1 
1331	179 
1332	46 
1333	289 
1334	286 
1335	156 
1336	214 
1337	192 
1338	305 
1339	305 
1340	145 
1341	238 
1342	189 
1343	186 
1344	48 
1345	110 
1346	31 
1347	283 
1348	202 
1349	22 
1350	97 
1351	249 
1352	294 
1353	42 
1354	158 
1355	307 
1356	79 
1357	245 
1358	12 
1359	223 
1360	267 
1361	2 
1362	189 
1363	208 
1364	80 
1365	167 
1366	125 
1367	205 
1368	259 
1369	196 
1370	320 
1371	218 
1372	126 
1373	97 
1374	208 
1375	224 
1376	314 
1377	52 
1378	103 
1379	205 
1380	60 
1381	320 
1382	20 
1383	335 
1384	106 
1385	237 
1386	90 
1387	3 
1388	154 
1389	109 
1390	54 
1391	282 
1392	81 
1393	227 
1394	161 
1395	2 
1396	308 
1397	122 
1398	189 
1399	186 
1400	164 
1401	230 
1402	228 
1403	71 
1404	66 
1405	17 
1406	283 
1407	24 
1408	184 
1409	119 
1410	239 
1411	214 
1412	60 
1413	9 
1414	97 
1415	282 
1416	35 
1417	26 
1418	183 
1419	299 
1420	321 
1421	103 
1422	294 
1423	271 
1424	276 
1425	143 
1426	10 
1427	142 
1428	169 
1429	142 
1430	180 
1431	149 
1432	249 
1433	192 
1434	205 
1435	20 
1436	103 
1437	44 
1438	298 
1439	86 
1440	29 
1441	15 
1442	281 
1443	330 
1444	126 
1445	133 
1446	66 
1447	26 
1448	197 
1449	144 
1450	128 
1451	308 
1452	80 
1453	158 
1454	63 
1455	221 
1456	326 
1457	31 
1458	84 
1459	292 
1460	283 
1461	284 
1462	71 
1463	106 
1464	319 
1465	117 
1466	166 
1467	257 
1468	145 
1469	154 
1470	130 
1471	68 
1472	282 
1473	55 
1474	178 
1475	287 
1476	119 
1477	328 
1478	227 
1479	226 
1480	114 
1481	169 
1482	76 
1483	16 
1484	163 
1485	71 
1486	227 
1487	23 
1488	59 
1489	149 
1490	52 
1491	70 
1492	26 
1493	261 
1494	223 
1495	177 
1496	123 
1497	224 
1498	282 
1499	227 
1500	101 
1501	65 
1502	183 
1503	14 
1504	316 
1505	34 
1506	141 
1507	274 
1508	233 
1509	150 
1510	121 
1511	262 
1512	204 
1513	53 
1514	145 
1515	151 
1516	18 
1517	330 
1518	299 
1519	294 
1520	141 
1521	122 
1522	131 
1523	2 
1524	275 
1525	229 
1526	71 
1527	312 
1528	326 
1529	149 
1530	154 
1531	241 
1532	2 
1533	118 
1534	129 
1535	52 
1536	273 
1537	177 
1538	336 
1539	211 
1540	227 
1541	200 
1542	61 
1543	45 
1544	300 
1545	40 
1546	272 
1547	220 
1548	215 
1549	284 
1550	150 
1551	320 
1552	224 
1553	197 
1554	169 
1555	44 
1556	100 
1557	96 
1558	159 
1559	244 
1560	187 
1561	7 
1562	263 
1563	8 
1564	104 
1565	277 
1566	112 
1567	149 
1568	20 
1569	92 
1570	281 
1571	270 
1572	189 
1573	94 
1574	200 
1575	247 
1576	56 
1577	133 
1578	54 
1579	174 
1580	161 
1581	126 
1582	164 
1583	111 
1584	184 
1585	150 
1586	82 
1587	136 
1588	138 
1589	317 
1590	203 
1591	178 
1592	35 
1593	169 
1594	315 
1595	5 
1596	81 
1597	202 
1598	124 
1599	231 
1600	142 
1601	162 
1602	37 
1603	156 
1604	335 
1605	294 
1606	25 
1607	249 
1608	183 
1609	290 
1610	101 
1611	235 
1612	179 
1613	142 
1614	261 
1615	169 
1616	215 
1617	291 
1618	262 
1619	63 
1620	180 
1621	139 
1622	329 
1623	40 
1624	320 
1625	237 
1626	158 
1627	226 
1628	162 
1629	166 
1630	252 
1631	322 
1632	53 
1633	161 
1634	119 
1635	117 
1636	195 
1637	80 
1638	94 
1639	49 
1640	188 
1641	323 
1642	202 
1643	326 
1644	223 
1645	332 
1646	41 
1647	204 
1648	180 
1649	140 
1650	326 
1651	81 
1652	291 
1653	304 
1654	241 
1655	334 
1656	117 
1657	267 
1658	39 
1659	46 
1660	118 
1661	236 
1662	126 
1663	1 
1664	71 
1665	260 
1666	251 
1667	227 
1668	202 
1669	159 
1670	106 
1671	312 
1672	295 
1673	229 
1674	170 
1675	7 
1676	146 
1677	285 
1678	284 
1679	334 
1680	75 
1681	132 
1682	146 
1683	211 
1684	26 
1685	13 
1686	61 
1687	216 
1688	112 
1689	160 
1690	186 
1691	194 
1692	335 
1693	166 
1694	175 
1695	25 
1696	103 
1697	106 
1698	163 
1699	16 
1700	207 
1701	198 
1702	331 
1703	80 
1704	259 
1705	314 
1706	131 
1707	173 
1708	186 
1709	77 
1710	124 
1711	203 
1712	24 
1713	66 
1714	124 
1715	198 
1716	102 
1717	297 
1718	126 
1719	289 
1720	90 
1721	21 
1722	307 
1723	82 
1724	248 
1725	257 
1726	293 
1727	316 
1728	239 
1729	34 
1730	195 
1731	35 
1732	82 
1733	215 
1734	103 
1735	189 
1736	144 
1737	262 
1738	235 
1739	170 
1740	113 
1741	17 
1742	231 
1743	47 
1744	49 
1745	10 
1746	175 
1747	92 
1748	195 
1749	191 
1750	5 
1751	275 
1752	114 
1753	326 
1754	146 
1755	329 
1756	259 
1757	248 
1758	92 
1759	187 
1760	99 
1761	329 
1762	247 
1763	33 
1764	261 
1765	105 
1766	288 
1767	305 
1768	23 
1769	165 
1770	294 
1771	2 
1772	255 
1773	273 
1774	268 
1775	16 
1776	162 
1777	266 
1778	237 
1779	91 
1780	250 
1781	75 
1782	235 
1783	11 
1784	261 
1785	41 
1786	336 
1787	269 
1788	187 
1789	215 
1790	14 
1791	291 
1792	5 
1793	130 
1794	138 
1795	267 
1796	76 
1797	314 
1798	279 
1799	122 
1800	204 
1801	230 
1802	149 
1803	165 
1804	209 
1805	141 
1806	16 
1807	282 
1808	119 
1809	110 
1810	158 
1811	158 
1812	309 
1813	27 
1814	81 
1815	335 
1816	7 
1817	131 
1818	112 
1819	212 
1820	157 
1821	198 
1822	307 
1823	148 
1824	178 
1825	303 
1826	160 
1827	42 
1828	73 
1829	186 
1830	227 
1831	169 
1832	175 
1833	173 
1834	276 
1835	29 
1836	102 
1837	55 
1838	297 
1839	43 
1840	299 
1841	249 
1842	274 
1843	99 
1844	158 
1845	74 
1846	193 
1847	120 
1848	71 
1849	285 
1850	74 
1851	140 
1852	44 
1853	174 
1854	203 
1855	214 
1856	2 
1857	285 
1858	116 
1859	158 
1860	40 
1861	3 
1862	294 
1863	176 
1864	282 
1865	51 
1866	56 
1867	61 
1868	197 
1869	281 
1870	146 
1871	2 
1872	199 
1873	69 
1874	333 
1875	291 
1876	131 
1877	24 
1878	58 
1879	282 
1880	23 
1881	97 
1882	25 
1883	212 
1884	141 
1885	31 
1886	183 
1887	310 
1888	54 
1889	280 
1890	196 
1891	91 
1892	61 
1893	72 
1894	305 
1895	328 
1896	206 
1897	32 
1898	150 
1899	1 
1900	138 
1901	63 
1902	262 
1903	43 
1904	181 
1905	234 
1906	268 
1907	89 
1908	159 
1909	282 
1910	44 
1911	227 
1912	245 
1913	6 
1914	258 
1915	50 
1916	75 
1917	281 
1918	264 
1919	10 
1920	85 
1921	280 
1922	139 
1923	207 
1924	99 
1925	209 
1926	28 
1927	69 
1928	302 
1929	104 
1930	176 
1931	323 
1932	92 
1933	163 
1934	330 
1935	68 
1936	199 
1937	98 
1938	120 
1939	153 
1940	150 
1941	177 
1942	323 
1943	190 
1944	56 
1945	31 
1946	231 
1947	29 
1948	282 
1949	28 
1950	119 
1951	30 
1952	291 
1953	161 
1954	287 
1955	158 
1956	216 
1957	62 
1958	86 
1959	201 
1960	13 
1961	33 
1962	190 
1963	297 
1964	68 
1965	262 
1966	112 
1967	217 
1968	237 
1969	142 
1970	294 
1971	265 
1972	192 
1973	172 
1974	113 
1975	201 
1976	210 
1977	127 
1978	187 
1979	112 
1980	231 
1981	297 
1982	35 
1983	118 
1984	88 
1985	193 
1986	259 
1987	1 
1988	145 
1989	171 
1990	180 
1991	259 
1992	115 
1993	274 
1994	105 
1995	263 
1996	27 
1997	226 
1998	305 
1999	1 
2000	74 
2001	149 
2002	109 
2003	149 
2004	182 
2005	173 
2006	43 
2007	224 
2008	190 
2009	12 
2010	201 
2011	138 
2012	131 
2013	133 
2014	293 
2015	71 
2016	146 
2017	84 
2018	101 
2019	37 
2020	213 
2021	266 
2022	77 
2023	277 
2024	48 
2025	185 
2026	202 
2027	313 
2028	258 
2029	107 
2030	80 
2031	322 
2032	262 
2033	158 
2034	302 
2035	210 
2036	10 
2037	11 
2038	249 
2039	235 
2040	326 
2041	333 
2042	133 
2043	76 
2044	279 
2045	133 
2046	312 
2047	2 
2048	278 
2049	197 
2050	307 
2051	58 
2052	71 
2053	21 
2054	70 
2055	45 
2056	229 
2057	225 
2058	38 
2059	249 
2060	237 
2061	288 
2062	105 
2063	220 
2064	230 
2065	43 
2066	101 
2067	185 
2068	239 
2069	336 
2070	290 
2071	249 
2072	21 
2073	254 
2074	144 
2075	245 
2076	130 
2077	63 
2078	170 
2079	71 
2080	11 
2081	137 
2082	231 
2083	255 
2084	45 
2085	167 
2086	290 
2087	35 
2088	195 
2089	201 
2090	1 
2091	254 
2092	288 
2093	103 
2094	231 
2095	317 
2096	43 
2097	122 
2098	8 
2099	162 
2100	288 
2101	115 
2102	251 
2103	28 
2104	75 
2105	54 
2106	254 
2107	310 
2108	193 
2109	40 
2110	71 
2111	186 
2112	185 
2113	215 
2114	53 
2115	272 
2116	53 
2117	53 
2118	40 
2119	115 
2120	269 
2121	232 
2122	226 
2123	46 
2124	169 
2125	295 
2126	69 
2127	195 
2128	271 
2129	132 
2130	79 
2131	207 
2132	319 
2133	58 
2134	266 
2135	271 
2136	183 
2137	322 
2138	215 
2139	315 
2140	145 
2141	319 
2142	143 
2143	41 
2144	162 
2145	261 
2146	266 
2147	125 
2148	114 
2149	183 
2150	145 
2151	156 
2152	270 
2153	318 
2154	303 
2155	176 
2156	77 
2157	248 
2158	177 
2159	311 
2160	313 
2161	14 
2162	282 
2163	158 
2164	265 
2165	103 
2166	189 
2167	311 
2168	82 
2169	250 
2170	116 
2171	41 
2172	232 
2173	335 
2174	35 
2175	32 
2176	74 
2177	209 
2178	227 
2179	25 
2180	62 
2181	247 
2182	224 
2183	150 
2184	243 
2185	172 
2186	49 
2187	174 
2188	233 
2189	260 
2190	239 
2191	51 
2192	9 
2193	3 
2194	297 
2195	157 
2196	37 
2197	230 
2198	128 
2199	48 
2200	16 
2201	8 
2202	33 
2203	34 
2204	51 
2205	286 
2206	280 
2207	128 
2208	241 
2209	14 
2210	322 
2211	222 
2212	263 
2213	19 
2214	236 
2215	316 
2216	320 
2217	97 
2218	133 
2219	1 
2220	227 
2221	9 
2222	252 
2223	144 
2224	226 
2225	53 
2226	124 
2227	205 
2228	167 
2229	54 
2230	303 
2231	106 
2232	81 
2233	225 
2234	31 
2235	167 
2236	39 
2237	44 
2238	82 
2239	7 
2240	261 
2241	244 
2242	18 
2243	247 
2244	285 
2245	61 
2246	85 
2247	119 
2248	61 
2249	58 
2250	90 
2251	146 
2252	189 
2253	65 
2254	90 
2255	4 
2256	227 
2257	102 
2258	154 
2259	334 
2260	191 
2261	123 
2262	1 
2263	10 
2264	201 
2265	165 
2266	296 
2267	318 
2268	92 
2269	336 
2270	99 
2271	115 
2272	167 
2273	118 
2274	54 
2275	38 
2276	281 
2277	292 
2278	116 
2279	83 
2280	120 
2281	158 
2282	6 
2283	282 
2284	282 
2285	12 
2286	28 
2287	141 
2288	225 
2289	316 
2290	77 
2291	13 
2292	210 
2293	189 
2294	255 
2295	308 
2296	155 
2297	53 
2298	230 
2299	74 
2300	200 
2301	242 
2302	189 
2303	309 
2304	119 
2305	152 
2306	95 
2307	78 
2308	246 
2309	258 
2310	231 
2311	174 
2312	103 
2313	17 
2314	197 
2315	266 
2316	27 
2317	8 
2318	324 
2319	141 
2320	181 
2321	119 
2322	183 
2323	2 
2324	54 
2325	139 
2326	147 
2327	71 
2328	152 
2329	188 
2330	218 
2331	77 
2332	130 
2333	50 
2334	158 
2335	105 
2336	183 
2337	26 
2338	200 
2339	48 
2340	185 
2341	328 
2342	179 
2343	93 
2344	146 
2345	178 
2346	22 
2347	296 
2348	54 
2349	161 
2350	232 
2351	164 
2352	67 
2353	185 
2354	66 
2355	56 
2356	31 
2357	246 
2358	217 
2359	218 
2360	200 
2361	141 
2362	335 
2363	142 
2364	172 
2365	6 
2366	130 
2367	79 
2368	335 
2369	249 
2370	288 
2371	127 
2372	76 
2373	108 
2374	100 
2375	172 
2376	169 
2377	196 
2378	248 
2379	119 
2380	153 
2381	170 
2382	302 
2383	12 
2384	88 
2385	251 
2386	165 
2387	119 
2388	127 
2389	74 
2390	153 
2391	152 
2392	166 
2393	232 
2394	97 
2395	263 
2396	177 
2397	246 
2398	335 
2399	245 
2400	282 
2401	43 
2402	55 
2403	147 
2404	235 
2405	335 
2406	288 
2407	249 
2408	205 
2409	80 
2410	157 
2411	283 
2412	144 
2413	6 
2414	137 
2415	195 
2416	71 
2417	66 
2418	46 
2419	258 
2420	54 
2421	18 
2422	6 
2423	183 
2424	1 
2425	223 
2426	218 
2427	315 
2428	251 
2429	298 
2430	91 
2431	201 
2432	296 
2433	258 
2434	162 
2435	291 
2436	239 
2437	103 
2438	197 
2439	48 
2440	30 
2441	61 
2442	312 
2443	137 
2444	288 
2445	22 
2446	235 
2447	144 
2448	238 
2449	278 
2450	121 
2451	52 
2452	14 
2453	218 
2454	82 
2455	255 
2456	183 
2457	22 
2458	230 
2459	202 
2460	262 
2461	81 
2462	230 
2463	271 
2464	22 
2465	24 
2466	259 
2467	141 
2468	159 
2469	167 
2470	257 
2471	201 
2472	129 
2473	162 
2474	89 
2475	61 
2476	253 
2477	276 
2478	61 
2479	288 
2480	150 
2481	148 
2482	245 
2483	264 
2484	145 
2485	194 
2486	187 
2487	30 
2488	18 
2489	63 
2490	242 
2491	78 
2492	229 
2493	164 
2494	176 
2495	316 
2496	148 
2497	150 
2498	332 
2499	46 
2500	84 
2501	180 
2502	271 
2503	272 
2504	116 
2505	298 
2506	63 
2507	136 
2508	71 
2509	146 
2510	325 
2511	78 
2512	97 
2513	298 
2514	99 
2515	1 
2516	292 
2517	17 
2518	320 
2519	22 
2520	332 
2521	3 
2522	216 
2523	189 
2524	13 
2525	333 
2526	274 
2527	169 
2528	314 
2529	144 
2530	332 
2531	147 
2532	91 
2533	324 
2534	233 
2535	132 
2536	99 
2537	308 
2538	16 
2539	68 
2540	230 
2541	81 
2542	286 
2543	221 
2544	315 
2545	2 
2546	268 
2547	103 
2548	55 
2549	189 
2550	74 
2551	200 
2552	23 
2553	218 
2554	256 
2555	59 
2556	226 
2557	153 
2558	105 
2559	328 
2560	61 
2561	1 
2562	335 
2563	12 
2564	181 
2565	275 
2566	274 
2567	293 
2568	292 
2569	22 
2570	178 
2571	8 
2572	325 
2573	192 
2574	207 
2575	327 
2576	319 
2577	119 
2578	88 
2579	312 
2580	223 
2581	319 
2582	77 
2583	227 
2584	78 
2585	230 
2586	94 
2587	206 
2588	285 
2589	313 
2590	81 
2591	283 
2592	280 
2593	326 
2594	6 
2595	57 
2596	59 
2597	240 
2598	156 
2599	30 
2600	125 
2601	303 
2602	244 
2603	32 
2604	313 
2605	153 
2606	175 
2607	53 
2608	10 
2609	23 
2610	10 
2611	107 
2612	11 
2613	325 
2614	242 
2615	178 
2616	170 
2617	333 
2618	122 
2619	218 
2620	306 
2621	291 
2622	218 
2623	176 
2624	113 
2625	253 
2626	46 
2627	162 
2628	326 
2629	159 
2630	119 
2631	30 
2632	159 
2633	126 
2634	57 
2635	87 
2636	322 
2637	18 
2638	254 
2639	64 
2640	16 
2641	46 
2642	284 
2643	269 
2644	104 
2645	12 
2646	206 
2647	36 
2648	71 
2649	268 
2650	154 
2651	259 
2652	258 
2653	89 
2654	49 
2655	101 
2656	226 
2657	37 
2658	88 
2659	179 
2660	77 
2661	324 
2662	232 
2663	98 
2664	200 
2665	70 
2666	27 
2667	240 
2668	71 
2669	238 
2670	223 
2671	100 
2672	333 
2673	193 
2674	155 
2675	328 
2676	218 
2677	91 
2678	10 
2679	80 
2680	168 
2681	334 
2682	97 
2683	233 
2684	231 
2685	253 
2686	157 
2687	262 
2688	268 
2689	239 
2690	20 
2691	242 
2692	302 
2693	20 
2694	249 
2695	188 
2696	135 
2697	327 
2698	146 
2699	5 
2700	4 
2701	335 
2702	208 
2703	143 
2704	208 
2705	272 
2706	81 
2707	189 
2708	201 
2709	269 
2710	235 
2711	186 
2712	133 
2713	158 
2714	130 
2715	128 
2716	91 
2717	183 
2718	196 
2719	33 
2720	80 
2721	285 
2722	71 
2723	158 
2724	188 
2725	82 
2726	160 
2727	129 
2728	264 
2729	144 
2730	172 
2731	297 
2732	186 
2733	187 
2734	182 
2735	247 
2736	228 
2737	150 
2738	257 
2739	113 
2740	282 
2741	99 
2742	221 
2743	135 
2744	288 
2745	126 
2746	208 
2747	275 
2748	325 
2749	8 
2750	120 
2751	103 
2752	199 
2753	122 
2754	206 
2755	146 
2756	178 
2757	72 
2758	80 
2759	85 
2760	42 
2761	258 
2762	204 
2763	188 
2764	29 
2765	253 
2766	116 
2767	6 
2768	224 
2769	290 
2770	223 
2771	288 
2772	250 
2773	138 
2774	316 
2775	210 
2776	89 
2777	207 
2778	115 
2779	204 
2780	217 
2781	189 
2782	224 
2783	208 
2784	78 
2785	44 
2786	52 
2787	85 
2788	61 
2789	316 
2790	95 
2791	335 
2792	324 
2793	130 
2794	301 
2795	28 
2796	91 
2797	37 
2798	15 
2799	145 
2800	46 
2801	277 
2802	2 
2803	325 
2804	208 
2805	262 
2806	77 
2807	319 
2808	244 
2809	258 
2810	91 
2811	245 
2812	116 
2813	171 
2814	281 
2815	64 
2816	324 
2817	114 
2818	142 
2819	272 
2820	311 
2821	312 
2822	289 
2823	225 
2824	273 
2825	33 
2826	23 
2827	134 
2828	35 
2829	127 
2830	117 
2831	89 
2832	330 
2833	293 
2834	11 
2835	200 
2836	17 
2837	109 
2838	305 
2839	307 
2840	277 
2841	166 
2842	115 
2843	192 
2844	88 
2845	142 
2846	306 
2847	45 
2848	120 
2849	86 
2850	2 
2851	62 
2852	106 
2853	9 
2854	296 
2855	166 
2856	158 
2857	162 
2858	246 
2859	310 
2860	210 
2861	306 
2862	229 
2863	270 
2864	70 
2865	259 
2866	231 
2867	308 
2868	35 
2869	145 
2870	314 
2871	124 
2872	22 
2873	129 
2874	258 
2875	288 
2876	126 
2877	82 
2878	210 
2879	235 
2880	164 
2881	43 
2882	297 
2883	287 
2884	8 
2885	144 
2886	309 
2887	39 
2888	133 
2889	66 
2890	205 
2891	166 
2892	178 
2893	164 
2894	32 
2895	8 
2896	6 
2897	15 
2898	275 
2899	26 
2900	28 
2901	103 
2902	270 
2903	150 
2904	273 
2905	228 
2906	218 
2907	332 
2908	315 
2909	64 
2910	5 
2911	286 
2912	9 
2913	160 
2914	50 
2915	73 
2916	54 
2917	120 
2918	186 
2919	87 
2920	213 
2921	200 
2922	278 
2923	22 
2924	69 
2925	309 
2926	22 
2927	191 
2928	69 
2929	257 
2930	64 
2931	168 
2932	220 
2933	179 
2934	102 
2935	213 
2936	89 
2937	330 
2938	172 
2939	226 
2940	282 
2941	74 
2942	271 
2943	6 
2944	253 
2945	286 
2946	296 
2947	229 
2948	261 
2949	119 
2950	97 
2951	64 
2952	25 
2953	2 
2954	327 
2955	89 
2956	174 
2957	210 
2958	152 
2959	59 
2960	168 
2961	45 
2962	230 
2963	66 
2964	297 
2965	115 
2966	282 
2967	116 
2968	179 
2969	203 
2970	164 
2971	126 
2972	145 
2973	36 
2974	115 
2975	155 
2976	89 
2977	201 
2978	137 
2979	185 
2980	176 
2981	132 
2982	218 
2983	198 
2984	38 
2985	336 
2986	264 
2987	123 
2988	229 
2989	73 
2990	274 
2991	81 
2992	96 
2993	186 
2994	293 
2995	260 
2996	325 
2997	274 
2998	7 
2999	292 
3000	137 
3001	65 
3002	152 
3003	195 
3004	208 
3005	239 
3006	38 
3007	167 
3008	297 
3009	88 
3010	48 
3011	91 
3012	160 
3013	50 
3014	274 
3015	197 
3016	29 
3017	226 
3018	72 
3019	303 
3020	217 
3021	216 
3022	97 
3023	61 
3024	10 
3025	27 
3026	15 
3027	253 
3028	233 
3029	223 
3030	112 
3031	312 
3032	208 
3033	4 
3034	221 
3035	235 
3036	173 
3037	314 
3038	187 
3039	77 
3040	141 
3041	25 
3042	114 
3043	4 
3044	103 
3045	295 
3046	96 
3047	282 
3048	256 
3049	295 
3050	109 
3051	208 
3052	43 
3053	316 
3054	185 
3055	139 
3056	277 
3057	131 
3058	182 
3059	78 
3060	166 
3061	59 
3062	167 
3063	163 
3064	114 
3065	35 
3066	268 
3067	133 
3068	314 
3069	166 
3070	80 
3071	46 
3072	271 
3073	86 
3074	4 
3075	35 
3076	280 
3077	248 
3078	302 
3079	213 
3080	261 
3081	118 
3082	185 
3083	37 
3084	55 
3085	21 
3086	181 
3087	221 
3088	155 
3089	257 
3090	323 
3091	195 
3092	251 
3093	315 
3094	49 
3095	122 
3096	202 
3097	160 
3098	195 
3099	231 
3100	153 
3101	282 
3102	327 
3103	328 
3104	166 
3105	71 
3106	22 
3107	212 
3108	100 
3109	289 
3110	285 
3111	66 
3112	189 
3113	118 
3114	297 
3115	133 
3116	150 
3117	310 
3118	255 
3119	86 
3120	187 
3121	282 
3122	274 
3123	198 
3124	42 
3125	317 
3126	103 
3127	325 
3128	285 
3129	322 
3130	297 
3131	187 
3132	12 
3133	263 
3134	38 
3135	78 
3136	201 
3137	11 
3138	50 
3139	332 
3140	167 
3141	143 
3142	136 
3143	72 
3144	236 
3145	146 
3146	290 
3147	58 
3148	128 
3149	109 
3150	149 
3151	10 
3152	248 
3153	298 
3154	291 
3155	95 
3156	261 
3157	321 
3158	142 
3159	283 
3160	64 
3161	258 
3162	204 
3163	13 
3164	335 
3165	21 
3166	186 
3167	144 
3168	293 
3169	17 
3170	45 
3171	153 
3172	139 
3173	313 
3174	162 
3175	7 
3176	133 
3177	282 
3178	151 
3179	226 
3180	125 
3181	18 
3182	106 
3183	208 
3184	258 
3185	193 
3186	244 
3187	177 
3188	75 
3189	235 
3190	90 
3191	211 
3192	127 
3193	250 
3194	48 
3195	268 
3196	80 
3197	15 
3198	153 
3199	78 
3200	187 
3201	99 
3202	293 
3203	94 
3204	145 
3205	278 
3206	87 
3207	210 
3208	218 
3209	8 
3210	112 
3211	250 
3212	53 
3213	54 
3214	204 
3215	217 
3216	133 
3217	245 
3218	90 
3219	31 
3220	153 
3221	186 
3222	53 
3223	271 
3224	267 
3225	236 
3226	98 
3227	164 
3228	315 
3229	108 
3230	84 
3231	275 
3232	264 
3233	170 
3234	300 
3235	330 
3236	241 
3237	75 
3238	62 
3239	252 
3240	209 
3241	325 
3242	233 
3243	108 
3244	237 
3245	10 
3246	284 
3247	209 
3248	224 
3249	290 
3250	24 
3251	130 
3252	180 
3253	63 
3254	322 
3255	130 
3256	164 
3257	183 
3258	196 
3259	245 
3260	34 
3261	218 
3262	298 
3263	172 
3264	201 
3265	330 
3266	308 
3267	216 
3268	275 
3269	207 
3270	212 
3271	101 
3272	131 
3273	208 
3274	153 
3275	293 
3276	189 
3277	224 
3278	60 
3279	17 
3280	80 
3281	77 
3282	72 
3283	314 
3284	317 
3285	81 
3286	136 
3287	31 
3288	67 
3289	151 
3290	253 
3291	89 
3292	163 
3293	275 
3294	313 
3295	71 
3296	231 
3297	244 
3298	68 
3299	234 
3300	20 
3301	23 
3302	51 
3303	72 
3304	277 
3305	233 
3306	13 
3307	250 
3308	164 
3309	201 
3310	274 
3311	334 
3312	129 
3313	336 
3314	288 
3315	128 
3316	268 
3317	191 
3318	65 
3319	61 
3320	298 
3321	90 
3322	309 
3323	125 
3324	195 
3325	252 
3326	118 
3327	119 
3328	278 
3329	218 
3330	289 
3331	109 
3332	126 
3333	177 
3334	286 
3335	116 
3336	222 
3337	25 
3338	185 
3339	112 
3340	288 
3341	334 
3342	228 
3343	252 
3344	285 
3345	245 
3346	178 
3347	225 
3348	249 
3349	223 
3350	25 
3351	29 
3352	189 
3353	285 
3354	216 
3355	195 
3356	7 
3357	278 
3358	191 
3359	246 
3360	259 
3361	218 
3362	90 
3363	2 
3364	195 
3365	280 
3366	213 
3367	194 
3368	326 
3369	187 
3370	71 
3371	196 
3372	37 
3373	326 
3374	162 
3375	224 
3376	193 
3377	244 
3378	90 
3379	89 
3380	114 
3381	158 
3382	164 
3383	115 
3384	316 
3385	162 
3386	133 
3387	336 
3388	187 
3389	248 
3390	118 
3391	235 
3392	188 
3393	254 
3394	173 
3395	288 
3396	81 
3397	28 
3398	242 
3399	118 
3400	135 
3401	34 
3402	77 
3403	301 
3404	237 
3405	193 
3406	7 
3407	197 
3408	115 
3409	231 
3410	125 
3411	258 
3412	331 
3413	205 
3414	71 
3415	176 
3416	60 
3417	259 
3418	157 
3419	267 
3420	332 
3421	331 
3422	171 
3423	323 
3424	55 
3425	223 
3426	334 
3427	73 
3428	73 
3429	189 
3430	44 
3431	321 
3432	178 
3433	311 
3434	116 
3435	52 
3436	261 
3437	40 
3438	96 
3439	155 
3440	94 
3441	3 
3442	45 
3443	223 
3444	306 
3445	110 
3446	107 
3447	178 
3448	79 
3449	49 
3450	153 
3451	178 
3452	274 
3453	238 
3454	189 
3455	6 
3456	10 
3457	209 
3458	256 
3459	245 
3460	207 
3461	17 
3462	240 
3463	12 
3464	224 
3465	230 
3466	276 
3467	95 
3468	187 
3469	47 
3470	200 
3471	162 
3472	10 
3473	235 
3474	125 
3475	334 
3476	64 
3477	192 
3478	324 
3479	24 
3480	178 
3481	90 
3482	277 
3483	276 
3484	152 
3485	170 
3486	37 
3487	9 
3488	82 
3489	196 
3490	119 
3491	124 
3492	81 
3493	23 
3494	259 
3495	204 
3496	206 
3497	211 
3498	176 
3499	106 
3500	178 
3501	23 
3502	164 
3503	65 
3504	221 
3505	133 
3506	46 
3507	196 
3508	141 
3509	60 
3510	239 
3511	79 
3512	197 
3513	25 
3514	16 
3515	19 
3516	267 
3517	326 
3518	124 
3519	40 
3520	86 
3521	271 
3522	6 
3523	74 
3524	23 
3525	141 
3526	40 
3527	280 
3528	76 
3529	17 
3530	84 
3531	103 
3532	239 
3533	147 
3534	209 
3535	46 
3536	317 
3537	72 
3538	288 
3539	274 
3540	187 
3541	323 
3542	162 
3543	19 
3544	81 
3545	96 
3546	310 
3547	290 
3548	297 
3549	119 
3550	5 
3551	334 
3552	90 
3553	207 
3554	74 
3555	231 
3556	240 
3557	131 
3558	47 
3559	164 
3560	204 
3561	2 
3562	14 
3563	17 
3564	277 
3565	31 
3566	133 
3567	191 
3568	146 
3569	62 
3570	199 
3571	167 
3572	51 
3573	133 
3574	127 
3575	142 
3576	167 
3577	46 
3578	275 
3579	166 
3580	321 
3581	224 
3582	250 
3583	283 
3584	112 
3585	135 
3586	229 
3587	44 
3588	154 
3589	59 
3590	243 
3591	139 
3592	60 
3593	153 
3594	98 
3595	233 
3596	144 
3597	51 
3598	181 
3599	316 
3600	197 
3601	336 
3602	281 
3603	330 
3604	157 
3605	228 
3606	124 
3607	186 
3608	78 
3609	312 
3610	291 
3611	129 
3612	97 
3613	150 
3614	150 
3615	201 
3616	182 
3617	71 
3618	158 
3619	288 
3620	277 
3621	7 
3622	247 
3623	219 
3624	207 
3625	153 
3626	7 
3627	241 
3628	237 
3629	245 
3630	98 
3631	65 
3632	226 
3633	329 
3634	128 
3635	235 
3636	189 
3637	133 
3638	2 
3639	27 
3640	142 
3641	186 
3642	39 
3643	274 
3644	62 
3645	307 
3646	221 
3647	79 
3648	164 
3649	189 
3650	96 
3651	99 
3652	252 
3653	151 
3654	119 
3655	91 
3656	276 
3657	227 
3658	14 
3659	266 
3660	110 
3661	103 
3662	51 
3663	8 
3664	295 
3665	197 
3666	162 
3667	332 
3668	161 
3669	238 
3670	8 
3671	35 
3672	118 
3673	299 
3674	146 
3675	142 
3676	44 
3677	179 
3678	329 
3679	31 
3680	142 
3681	67 
3682	185 
3683	217 
3684	288 
3685	76 
3686	103 
3687	334 
3688	48 
3689	77 
3690	8 
3691	54 
3692	81 
3693	331 
3694	59 
3695	4 
3696	231 
3697	127 
3698	120 
3699	97 
3700	138 
3701	236 
3702	106 
3703	189 
3704	336 
3705	217 
3706	19 
3707	279 
3708	194 
3709	57 
3710	168 
3711	206 
3712	196 
3713	5 
3714	204 
3715	116 
3716	271 
3717	140 
3718	312 
3719	300 
3720	189 
3721	167 
3722	310 
3723	191 
3724	46 
3725	162 
3726	91 
3727	38 
3728	194 
3729	283 
3730	53 
3731	261 
3732	10 
3733	289 
3734	264 
3735	43 
3736	191 
3737	77 
3738	155 
3739	55 
3740	132 
3741	133 
3742	112 
3743	37 
3744	287 
3745	308 
3746	47 
3747	111 
3748	288 
3749	115 
3750	270 
3751	186 
3752	150 
3753	242 
3754	136 
3755	145 
3756	246 
3757	285 
3758	241 
3759	316 
3760	180 
3761	50 
3762	47 
3763	10 
3764	237 
3765	193 
3766	282 
3767	149 
3768	177 
3769	187 
3770	192 
3771	77 
3772	6 
3773	293 
3774	242 
3775	283 
3776	300 
3777	330 
3778	136 
3779	247 
3780	316 
3781	252 
3782	257 
3783	12 
3784	88 
3785	224 
3786	170 
3787	10 
3788	103 
3789	15 
3790	333 
3791	288 
3792	161 
3793	245 
3794	83 
3795	107 
3796	37 
3797	309 
3798	257 
3799	187 
3800	221 
3801	167 
3802	294 
3803	243 
3804	233 
3805	195 
3806	103 
3807	29 
3808	6 
3809	45 
3810	78 
3811	23 
3812	37 
3813	116 
3814	303 
3815	244 
3816	303 
3817	298 
3818	180 
3819	42 
3820	292 
3821	117 
3822	291 
3823	176 
3824	123 
3825	113 
3826	21 
3827	100 
3828	22 
3829	108 
3830	261 
3831	274 
3832	204 
3833	245 
3834	167 
3835	200 
3836	23 
3837	164 
3838	223 
3839	54 
3840	183 
3841	225 
3842	77 
3843	40 
3844	61 
3845	257 
3846	263 
3847	158 
3848	176 
3849	137 
3850	298 
3851	239 
3852	261 
3853	184 
3854	12 
3855	43 
3856	276 
3857	310 
3858	137 
3859	52 
3860	206 
3861	207 
3862	135 
3863	87 
3864	112 
3865	232 
3866	78 
3867	78 
3868	36 
3869	209 
3870	41 
3871	236 
3872	168 
3873	285 
3874	23 
3875	189 
3876	266 
3877	199 
3878	236 
3879	79 
3880	34 
3881	164 
3882	199 
3883	296 
3884	205 
3885	299 
3886	221 
3887	74 
3888	189 
3889	162 
3890	146 
3891	279 
3892	83 
3893	172 
3894	23 
3895	63 
3896	112 
3897	127 
3898	97 
3899	19 
3900	71 
3901	244 
3902	8 
3903	334 
3904	1 
3905	51 
3906	78 
3907	195 
3908	99 
3909	30 
3910	113 
3911	154 
3912	247 
3913	293 
3914	28 
3915	248 
3916	141 
3917	122 
3918	176 
3919	244 
3920	289 
3921	221 
3922	243 
3923	325 
3924	10 
3925	154 
3926	106 
3927	187 
3928	279 
3929	331 
3930	162 
3931	40 
3932	305 
3933	31 
3934	110 
3935	103 
3936	118 
3937	228 
3938	166 
3939	222 
3940	218 
3941	7 
3942	145 
3943	242 
3944	140 
3945	183 
3946	63 
3947	79 
3948	122 
3949	196 
3950	12 
3951	18 
3952	160 
3953	129 
3954	166 
3955	242 
3956	108 
3957	154 
3958	106 
3959	141 
3960	131 
3961	90 
3962	101 
3963	142 
3964	126 
3965	283 
3966	81 
3967	167 
3968	151 
3969	7 
3970	244 
3971	56 
3972	288 
3973	335 
3974	258 
3975	195 
3976	131 
3977	227 
3978	44 
3979	158 
3980	214 
3981	104 
3982	213 
3983	308 
3984	35 
3985	49 
3986	293 
3987	189 
3988	252 
3989	45 
3990	235 
3991	264 
3992	183 
3993	171 
3994	29 
3995	221 
3996	186 
3997	171 
3998	72 
3999	89 
4000	286 
4001	32 
4002	231 
4003	78 
4004	288 
4005	202 
4006	178 
4007	12 
4008	183 
4009	201 
4010	48 
4011	122 
4012	140 
4013	269 
4014	18 
4015	283 
4016	335 
4017	158 
4018	308 
4019	202 
4020	83 
4021	195 
4022	48 
4023	116 
4024	293 
4025	184 
4026	283 
4027	45 
4028	136 
4029	116 
4030	282 
4031	167 
4032	239 
4033	312 
4034	311 
4035	47 
4036	167 
4037	336 
4038	230 
4039	87 
4040	132 
4041	211 
4042	218 
4043	207 
4044	71 
4045	71 
4046	225 
4047	65 
4048	18 
4049	274 
4050	204 
4051	68 
4052	54 
4053	12 
4054	33 
4055	231 
4056	328 
4057	204 
4058	227 
4059	169 
4060	49 
4061	146 
4062	148 
4063	25 
4064	185 
4065	86 
4066	11 
4067	233 
4068	98 
4069	230 
4070	124 
4071	230 
4072	312 
4073	129 
4074	178 
4075	189 
4076	18 
4077	124 
4078	148 
4079	230 
4080	188 
4081	282 
4082	132 
4083	23 
4084	218 
4085	157 
4086	37 
4087	306 
4088	49 
4089	110 
4090	299 
4091	20 
4092	243 
4093	130 
4094	122 
4095	71 
4096	277 
4097	224 
4098	207 
4099	294 
4100	18 
4101	20 
4102	114 
4103	334 
4104	201 
4105	48 
4106	227 
4107	334 
4108	40 
4109	37 
4110	150 
4111	48 
4112	147 
4113	245 
4114	234 
4115	43 
4116	44 
4117	136 
4118	187 
4119	145 
4120	299 
4121	259 
4122	35 
4123	18 
4124	274 
4125	17 
4126	326 
4127	50 
4128	73 
4129	235 
4130	71 
4131	203 
4132	77 
4133	131 
4134	20 
4135	83 
4136	282 
4137	143 
4138	217 
4139	64 
4140	20 
4141	167 
4142	186 
4143	335 
4144	130 
4145	234 
4146	264 
4147	109 
4148	307 
4149	240 
4150	259 
4151	336 
4152	151 
4153	114 
4154	23 
4155	195 
4156	155 
4157	48 
4158	267 
4159	176 
4160	221 
4161	147 
4162	228 
4163	262 
4164	334 
4165	239 
4166	14 
4167	144 
4168	17 
4169	126 
4170	309 
4171	298 
4172	161 
4173	3 
4174	147 
4175	82 
4176	301 
4177	306 
4178	256 
4179	214 
4180	35 
4181	85 
4182	329 
4183	326 
4184	164 
4185	299 
4186	99 
4187	116 
4188	30 
4189	49 
4190	135 
4191	247 
4192	249 
4193	36 
4194	277 
4195	264 
4196	178 
4197	19 
4198	82 
4199	330 
4200	66 
4201	335 
4202	158 
4203	202 
4204	132 
4205	158 
4206	150 
4207	176 
4208	201 
4209	239 
4210	44 
4211	151 
4212	81 
4213	12 
4214	40 
4215	271 
4216	246 
4217	226 
4218	101 
4219	60 
4220	178 
4221	126 
4222	157 
4223	274 
4224	45 
4225	136 
4226	213 
4227	12 
4228	164 
4229	284 
4230	32 
4231	280 
4232	173 
4233	106 
4234	334 
4235	32 
4236	163 
4237	205 
4238	208 
4239	54 
4240	44 
4241	68 
4242	234 
4243	29 
4244	115 
4245	61 
4246	233 
4247	112 
4248	213 
4249	269 
4250	26 
4251	236 
4252	280 
4253	249 
4254	182 
4255	124 
4256	185 
4257	216 
4258	150 
4259	57 
4260	62 
4261	187 
4262	11 
4263	246 
4264	163 
4265	266 
4266	34 
4267	71 
4268	118 
4269	36 
4270	287 
4271	336 
4272	327 
4273	258 
4274	149 
4275	122 
4276	133 
4277	111 
4278	316 
4279	233 
4280	136 
4281	89 
4282	292 
4283	54 
4284	120 
4285	207 
4286	246 
4287	162 
4288	258 
4289	131 
4290	169 
4291	189 
4292	270 
4293	124 
4294	280 
4295	156 
4296	109 
4297	53 
4298	18 
4299	213 
4300	18 
4301	263 
4302	160 
4303	17 
4304	110 
4305	83 
4306	72 
4307	34 
4308	245 
4309	228 
4310	35 
4311	250 
4312	298 
4313	132 
4314	168 
4315	32 
4316	97 
4317	76 
4318	26 
4319	73 
4320	254 
4321	187 
4322	261 
4323	329 
4324	224 
4325	1 
4326	312 
4327	37 
4328	157 
4329	283 
4330	293 
4331	229 
4332	230 
4333	274 
4334	283 
4335	93 
4336	317 
4337	294 
4338	231 
4339	181 
4340	209 
4341	131 
4342	110 
4343	235 
4344	36 
4345	257 
4346	253 
4347	259 
4348	201 
4349	139 
4350	306 
4351	25 
4352	103 
4353	288 
4354	208 
4355	259 
4356	12 
4357	239 
4358	19 
4359	5 
4360	77 
4361	46 
4362	41 
4363	332 
4364	42 
4365	111 
4366	78 
4367	32 
4368	216 
4369	235 
4370	228 
4371	103 
4372	107 
4373	277 
4374	158 
4375	259 
4376	33 
4377	270 
4378	54 
4379	37 
4380	124 
4381	150 
4382	54 
4383	47 
4384	179 
4385	28 
4386	63 
4387	285 
4388	188 
4389	5 
4390	62 
4391	133 
4392	256 
4393	288 
4394	80 
4395	285 
4396	156 
4397	283 
4398	299 
4399	93 
4400	208 
4401	29 
4402	103 
4403	23 
4404	252 
4405	314 
4406	309 
4407	324 
4408	84 
4409	158 
4410	189 
4411	334 
4412	98 
4413	78 
4414	186 
4415	42 
4416	144 
4417	65 
4418	114 
4419	180 
4420	16 
4421	12 
4422	283 
4423	218 
4424	1 
4425	242 
4426	120 
4427	242 
4428	235 
4429	139 
4430	235 
4431	201 
4432	114 
4433	84 
4434	157 
4435	46 
4436	39 
4437	188 
4438	258 
4439	98 
4440	190 
4441	216 
4442	207 
4443	150 
4444	75 
4445	18 
4446	104 
4447	138 
4448	127 
4449	2 
4450	299 
4451	246 
4452	207 
4453	51 
4454	29 
4455	188 
4456	46 
4457	147 
4458	226 
4459	109 
4460	291 
4461	274 
4462	267 
4463	230 
4464	89 
4465	187 
4466	115 
4467	243 
4468	44 
4469	20 
4470	58 
4471	316 
4472	153 
4473	85 
4474	306 
4475	133 
4476	15 
4477	9 
4478	291 
4479	54 
4480	208 
4481	158 
4482	229 
4483	61 
4484	133 
4485	66 
4486	123 
4487	310 
4488	162 
4489	45 
4490	60 
4491	283 
4492	173 
4493	71 
4494	81 
4495	81 
4496	221 
4497	32 
4498	106 
4499	218 
4500	145 
4501	202 
4502	40 
4503	66 
4504	151 
4505	62 
4506	296 
4507	133 
4508	146 
4509	116 
4510	223 
4511	263 
4512	151 
4513	330 
4514	184 
4515	12 
4516	208 
4517	313 
4518	77 
4519	67 
4520	251 
4521	277 
4522	282 
4523	185 
4524	196 
4525	297 
4526	258 
4527	259 
4528	274 
4529	223 
4530	117 
4531	268 
4532	300 
4533	298 
4534	214 
4535	277 
4536	310 
4537	281 
4538	316 
4539	66 
4540	80 
4541	280 
4542	96 
4543	169 
4544	294 
4545	334 
4546	5 
4547	151 
4548	276 
4549	104 
4550	162 
4551	2 
4552	283 
4553	108 
4554	157 
4555	71 
4556	148 
4557	263 
4558	107 
4559	74 
4560	48 
4561	88 
4562	114 
4563	266 
4564	199 
4565	151 
4566	242 
4567	258 
4568	205 
4569	288 
4570	296 
4571	3 
4572	317 
4573	316 
4574	218 
4575	222 
4576	154 
4577	230 
4578	307 
4579	89 
4580	32 
4581	299 
4582	308 
4583	176 
4584	81 
4585	25 
4586	161 
4587	176 
4588	247 
4589	297 
4590	308 
4591	101 
4592	103 
4593	253 
4594	218 
4595	294 
4596	190 
4597	266 
4598	317 
4599	205 
4600	183 
4601	96 
4602	83 
4603	283 
4604	163 
4605	200 
4606	277 
4607	57 
4608	128 
4609	8 
4610	294 
4611	257 
4612	140 
4613	177 
4614	177 
4615	31 
4616	122 
4617	231 
4618	287 
4619	81 
4620	291 
4621	186 
4622	78 
4623	3 
4624	10 
4625	107 
4626	2 
4627	119 
4628	76 
4629	227 
4630	166 
4631	133 
4632	146 
4633	93 
4634	313 
4635	15 
4636	266 
4637	182 
4638	266 
4639	4 
4640	167 
4641	118 
4642	113 
4643	335 
4644	17 
4645	325 
4646	58 
4647	153 
4648	202 
4649	295 
4650	111 
4651	310 
4652	33 
4653	240 
4654	117 
4655	89 
4656	71 
4657	155 
4658	264 
4659	182 
4660	208 
4661	227 
4662	81 
4663	153 
4664	148 
4665	299 
4666	232 
4667	285 
4668	264 
4669	72 
4670	10 
4671	3 
4672	283 
4673	219 
4674	258 
4675	252 
4676	180 
4677	252 
4678	202 
4679	153 
4680	213 
4681	60 
4682	129 
4683	74 
4684	12 
4685	74 
4686	164 
4687	106 
4688	313 
4689	22 
4690	199 
4691	22 
4692	83 
4693	324 
4694	330 
4695	167 
4696	192 
4697	103 
4698	236 
4699	72 
4700	294 
4701	266 
4702	110 
4703	261 
4704	183 
4705	31 
4706	314 
4707	281 
4708	6 
4709	264 
4710	82 
4711	28 
4712	235 
4713	291 
4714	157 
4715	301 
4716	133 
4717	29 
4718	178 
4719	188 
4720	106 
4721	109 
4722	259 
4723	331 
4724	60 
4725	150 
4726	113 
4727	71 
4728	130 
4729	183 
4730	176 
4731	329 
4732	305 
4733	300 
4734	8 
4735	230 
4736	298 
4737	72 
4738	277 
4739	46 
4740	31 
4741	221 
4742	263 
4743	196 
4744	328 
4745	166 
4746	316 
4747	176 
4748	166 
4749	226 
4750	68 
4751	334 
4752	115 
4753	205 
4754	201 
4755	169 
4756	51 
4757	176 
4758	168 
4759	249 
4760	59 
4761	289 
4762	185 
4763	293 
4764	106 
4765	85 
4766	154 
4767	242 
4768	329 
4769	37 
4770	187 
4771	193 
4772	47 
4773	313 
4774	335 
4775	12 
4776	183 
4777	2 
4778	213 
4779	99 
4780	68 
4781	226 
4782	65 
4783	115 
4784	322 
4785	80 
4786	124 
4787	295 
4788	160 
4789	30 
4790	6 
4791	129 
4792	307 
4793	177 
4794	271 
4795	13 
4796	148 
4797	291 
4798	37 
4799	1 
4800	176 
4801	103 
4802	41 
4803	240 
4804	235 
4805	205 
4806	85 
4807	232 
4808	224 
4809	204 
4810	208 
4811	173 
4812	330 
4813	89 
4814	176 
4815	187 
4816	287 
4817	71 
4818	245 
4819	72 
4820	267 
4821	59 
4822	269 
4823	17 
4824	240 
4825	46 
4826	297 
4827	173 
4828	258 
4829	74 
4830	93 
4831	288 
4832	271 
4833	186 
4834	314 
4835	243 
4836	36 
4837	278 
4838	244 
4839	144 
4840	164 
4841	58 
4842	17 
4843	9 
4844	305 
4845	32 
4846	89 
4847	248 
4848	298 
4849	4 
4850	90 
4851	177 
4852	185 
4853	85 
4854	71 
4855	190 
4856	264 
4857	88 
4858	18 
4859	247 
4860	12 
4861	12 
4862	81 
4863	138 
4864	320 
4865	106 
4866	78 
4867	48 
4868	38 
4869	109 
4870	162 
4871	244 
4872	19 
4873	280 
4874	60 
4875	60 
4876	317 
4877	89 
4878	52 
4879	8 
4880	66 
4881	277 
4882	224 
4883	259 
4884	29 
4885	282 
4886	259 
4887	249 
4888	204 
4889	10 
4890	78 
4891	205 
4892	316 
4893	155 
4894	34 
4895	60 
4896	2 
4897	142 
4898	167 
4899	82 
4900	311 
4901	151 
4902	163 
4903	278 
4904	62 
4905	39 
4906	60 
4907	68 
4908	60 
4909	41 
4910	259 
4911	166 
4912	37 
4913	71 
4914	283 
4915	197 
4916	56 
4917	305 
4918	283 
4919	259 
4920	54 
4921	259 
4922	116 
4923	335 
4924	200 
4925	285 
4926	335 
4927	32 
4928	297 
4929	300 
4930	74 
4931	2 
4932	226 
4933	66 
4934	178 
4935	230 
4936	249 
4937	116 
4938	150 
4939	74 
4940	34 
4941	75 
4942	216 
4943	178 
4944	306 
4945	180 
4946	128 
4947	177 
4948	268 
4949	88 
4950	142 
4951	73 
4952	60 
4953	130 
4954	335 
4955	293 
4956	214 
4957	169 
4958	30 
4959	153 
4960	28 
4961	307 
4962	207 
4963	142 
4964	287 
4965	230 
4966	59 
4967	75 
4968	251 
4969	222 
4970	181 
4971	141 
4972	187 
4973	180 
4974	217 
4975	128 
4976	202 
4977	72 
4978	139 
4979	7 
4980	8 
4981	169 
4982	314 
4983	160 
4984	173 
4985	44 
4986	67 
4987	329 
4988	17 
4989	9 
4990	199 
4991	42 
4992	228 
4993	12 
4994	52 
4995	78 
4996	33 
4997	147 
4998	114 
4999	30 
5000	15 
5001	73 
5002	103 
5003	245 
5004	257 
5005	6 
5006	67 
5007	283 
5008	93 
5009	183 
5010	202 
5011	271 
5012	53 
5013	200 
5014	54 
5015	221 
5016	219 
5017	19 
5018	257 
5019	89 
5020	77 
5021	45 
5022	216 
5023	300 
5024	182 
5025	219 
5026	334 
5027	298 
5028	183 
5029	207 
5030	305 
5031	109 
5032	45 
5033	123 
5034	196 
5035	71 
5036	285 
5037	32 
5038	282 
5039	140 
5040	288 
5041	255 
5042	77 
5043	167 
5044	244 
5045	195 
5046	8 
5047	68 
5048	217 
5049	149 
5050	298 
5051	299 
5052	233 
5053	178 
5054	146 
5055	241 
5056	82 
5057	253 
5058	298 
5059	208 
5060	28 
5061	222 
5062	144 
5063	203 
5064	66 
5065	61 
5066	251 
5067	224 
5068	116 
5069	242 
5070	285 
5071	233 
5072	22 
5073	311 
5074	223 
5075	5 
5076	41 
5077	64 
5078	146 
5079	54 
5080	146 
5081	259 
5082	71 
5083	236 
5084	211 
5085	244 
5086	188 
5087	180 
5088	23 
5089	21 
5090	17 
5091	328 
5092	99 
5093	122 
5094	310 
5095	87 
5096	335 
5097	82 
5098	230 
5099	93 
5100	270 
5101	179 
5102	239 
5103	78 
5104	146 
5105	167 
5106	6 
5107	87 
5108	224 
5109	80 
5110	141 
5111	283 
5112	151 
5113	146 
5114	32 
5115	23 
5116	162 
5117	96 
5118	162 
5119	267 
5120	162 
5121	186 
5122	10 
5123	65 
5124	35 
5125	111 
5126	33 
5127	76 
5128	3 
5129	163 
5130	307 
5131	296 
5132	80 
5133	224 
5134	271 
5135	188 
5136	10 
5137	179 
5138	111 
5139	64 
5140	58 
5141	122 
5142	45 
5143	78 
5144	261 
5145	136 
5146	186 
5147	276 
5148	148 
5149	1 
5150	161 
5151	154 
5152	39 
5153	269 
5154	142 
5155	67 
5156	205 
5157	293 
5158	223 
5159	208 
5160	299 
5161	262 
5162	179 
5163	208 
5164	320 
5165	41 
5166	98 
5167	60 
5168	196 
5169	283 
5170	112 
5171	205 
5172	38 
5173	221 
5174	59 
5175	81 
5176	110 
5177	87 
5178	136 
5179	158 
5180	5 
5181	166 
5182	241 
5183	119 
5184	301 
5185	117 
5186	35 
5187	235 
5188	300 
5189	177 
5190	172 
5191	204 
5192	103 
5193	287 
5194	45 
5195	184 
5196	89 
5197	199 
5198	223 
5199	63 
5200	109 
5201	66 
5202	77 
5203	146 
5204	64 
5205	108 
5206	213 
5207	9 
5208	190 
5209	37 
5210	160 
5211	259 
5212	2 
5213	285 
5214	226 
5215	71 
5216	252 
5217	124 
5218	106 
5219	37 
5220	199 
5221	264 
5222	17 
5223	166 
5224	78 
5225	261 
5226	286 
5227	25 
5228	297 
5229	299 
5230	168 
5231	109 
5232	64 
5233	218 
5234	279 
5235	118 
5236	246 
5237	40 
5238	115 
5239	158 
5240	1 
5241	115 
5242	147 
5243	169 
5244	191 
5245	311 
5246	239 
5247	316 
5248	189 
5249	185 
5250	143 
5251	244 
5252	301 
5253	307 
5254	25 
5255	218 
5256	321 
5257	219 
5258	219 
5259	4 
5260	158 
5261	307 
5262	160 
5263	222 
5264	330 
5265	106 
5266	205 
5267	145 
5268	184 
5269	107 
5270	195 
5271	233 
5272	81 
5273	257 
5274	53 
5275	54 
5276	252 
5277	232 
5278	204 
5279	201 
5280	52 
5281	276 
5282	150 
5283	261 
5284	330 
5285	111 
5286	107 
5287	21 
5288	171 
5289	146 
5290	218 
5291	140 
5292	331 
5293	320 
5294	335 
5295	18 
5296	191 
5297	111 
5298	138 
5299	242 
5300	325 
5301	184 
5302	44 
5303	52 
5304	63 
5305	289 
5306	280 
5307	109 
5308	97 
5309	208 
5310	214 
5311	281 
5312	71 
5313	271 
5314	8 
5315	154 
5316	82 
5317	71 
5318	161 
5319	195 
5320	5 
5321	150 
5322	276 
5323	5 
5324	169 
5325	2 
5326	111 
5327	63 
5328	249 
5329	257 
5330	259 
5331	176 
5332	219 
5333	129 
5334	202 
5335	245 
5336	312 
5337	38 
5338	103 
5339	252 
5340	208 
5341	20 
5342	72 
5343	288 
5344	195 
5345	192 
5346	22 
5347	119 
5348	160 
5349	218 
5350	8 
5351	74 
5352	305 
5353	60 
5354	46 
5355	106 
5356	72 
5357	248 
5358	180 
5359	15 
5360	196 
5361	332 
5362	285 
5363	3 
5364	151 
5365	153 
5366	29 
5367	157 
5368	222 
5369	332 
5370	292 
5371	46 
5372	332 
5373	61 
5374	20 
5375	199 
5376	37 
5377	230 
5378	176 
5379	243 
5380	191 
5381	283 
5382	18 
5383	281 
5384	63 
5385	335 
5386	77 
5387	231 
5388	227 
5389	335 
5390	311 
5391	271 
5392	5 
5393	306 
5394	77 
5395	30 
5396	283 
5397	209 
5398	226 
5399	289 
5400	153 
5401	26 
5402	142 
5403	311 
5404	120 
5405	28 
5406	285 
5407	322 
5408	12 
5409	314 
5410	158 
5411	133 
5412	97 
5413	143 
5414	84 
5415	213 
5416	207 
5417	282 
5418	291 
5419	78 
5420	118 
5421	288 
5422	23 
5423	7 
5424	286 
5425	54 
5426	259 
5427	45 
5428	6 
5429	110 
5430	184 
5431	116 
5432	150 
5433	333 
5434	158 
5435	335 
5436	334 
5437	14 
5438	36 
5439	156 
5440	152 
5441	65 
5442	183 
5443	264 
5444	151 
5445	53 
5446	61 
5447	178 
5448	54 
5449	106 
5450	188 
5451	199 
5452	191 
5453	7 
5454	22 
5455	64 
5456	280 
5457	301 
5458	104 
5459	133 
5460	196 
5461	142 
5462	282 
5463	166 
5464	163 
5465	270 
5466	19 
5467	158 
5468	22 
5469	114 
5470	145 
5471	169 
5472	224 
5473	335 
5474	189 
5475	26 
5476	18 
5477	336 
5478	325 
5479	146 
5480	296 
5481	6 
5482	78 
5483	53 
5484	262 
5485	152 
5486	244 
5487	276 
5488	115 
5489	44 
5490	243 
5491	233 
5492	283 
5493	231 
5494	66 
5495	271 
5496	90 
5497	230 
5498	221 
5499	333 
5500	317 
5501	200 
5502	17 
5503	217 
5504	33 
5505	128 
5506	270 
5507	124 
5508	214 
5509	123 
5510	60 
5511	226 
5512	264 
5513	279 
5514	325 
5515	190 
5516	101 
5517	141 
5518	335 
5519	244 
5520	80 
5521	263 
5522	167 
5523	202 
5524	25 
5525	67 
5526	107 
5527	182 
5528	274 
5529	298 
5530	192 
5531	280 
5532	36 
5533	310 
5534	46 
5535	196 
5536	208 
5537	297 
5538	202 
5539	142 
5540	146 
5541	263 
5542	57 
5543	226 
5544	282 
5545	298 
5546	219 
5547	242 
5548	48 
5549	333 
5550	54 
5551	14 
5552	52 
5553	18 
5554	301 
5555	217 
5556	73 
5557	336 
5558	306 
5559	262 
5560	288 
5561	85 
5562	34 
5563	166 
5564	160 
5565	248 
5566	143 
5567	58 
5568	3 
5569	158 
5570	7 
5571	232 
5572	106 
5573	166 
5574	267 
5575	21 
5576	25 
5577	178 
5578	142 
5579	10 
5580	236 
5581	325 
5582	90 
5583	64 
5584	156 
5585	331 
5586	186 
5587	63 
5588	71 
5589	208 
5590	90 
5591	89 
5592	57 
5593	232 
5594	109 
5595	84 
5596	252 
5597	259 
5598	219 
5599	277 
5600	244 
5601	187 
5602	23 
5603	186 
5604	232 
5605	187 
5606	249 
5607	180 
5608	224 
5609	110 
5610	240 
5611	169 
5612	326 
5613	264 
5614	217 
5615	7 
5616	332 
5617	21 
5618	294 
5619	286 
5620	117 
5621	141 
5622	195 
5623	195 
5624	200 
5625	208 
5626	36 
5627	271 
5628	293 
5629	199 
5630	171 
5631	111 
5632	299 
5633	257 
5634	139 
5635	211 
5636	56 
5637	294 
5638	233 
5639	322 
5640	277 
5641	178 
5642	10 
5643	46 
5644	42 
5645	186 
5646	242 
5647	207 
5648	10 
5649	276 
5650	38 
5651	172 
5652	218 
5653	253 
5654	152 
5655	158 
5656	298 
5657	307 
5658	37 
5659	63 
5660	98 
5661	122 
5662	300 
5663	289 
5664	214 
5665	171 
5666	77 
5667	149 
5668	104 
5669	90 
5670	171 
5671	291 
5672	139 
5673	204 
5674	266 
5675	133 
5676	270 
5677	14 
5678	200 
5679	62 
5680	229 
5681	255 
5682	22 
5683	1 
5684	44 
5685	267 
5686	316 
5687	22 
5688	108 
5689	324 
5690	308 
5691	207 
5692	334 
5693	36 
5694	80 
5695	178 
5696	144 
5697	48 
5698	6 
5699	63 
5700	299 
5701	261 
5702	99 
5703	81 
5704	187 
5705	16 
5706	44 
5707	72 
5708	255 
5709	185 
5710	206 
5711	31 
5712	274 
5713	226 
5714	179 
5715	99 
5716	219 
5717	77 
5718	8 
5719	146 
5720	72 
5721	90 
5722	32 
5723	182 
5724	242 
5725	321 
5726	38 
5727	310 
5728	141 
5729	292 
5730	103 
5731	201 
5732	335 
5733	230 
5734	152 
5735	145 
5736	29 
5737	2 
5738	305 
5739	128 
5740	186 
5741	223 
5742	40 
5743	324 
5744	72 
5745	115 
5746	154 
5747	119 
5748	67 
5749	285 
5750	75 
5751	61 
5752	12 
5753	106 
5754	330 
5755	186 
5756	187 
5757	179 
5758	14 
5759	223 
5760	206 
5761	108 
5762	114 
5763	25 
5764	46 
5765	49 
5766	246 
5767	146 
5768	297 
5769	106 
5770	196 
5771	300 
5772	7 
5773	64 
5774	42 
5775	123 
5776	176 
5777	88 
5778	219 
5779	276 
5780	244 
5781	145 
5782	308 
5783	279 
5784	72 
5785	203 
5786	53 
5787	261 
5788	271 
5789	280 
5790	166 
5791	223 
5792	112 
5793	285 
5794	255 
5795	97 
5796	188 
5797	273 
5798	48 
5799	204 
5800	19 
5801	222 
5802	332 
5803	248 
5804	189 
5805	335 
5806	80 
5807	204 
5808	56 
5809	188 
5810	162 
5811	206 
5812	178 
5813	148 
5814	19 
5815	196 
5816	310 
5817	224 
5818	66 
5819	110 
5820	245 
5821	269 
5822	158 
5823	90 
5824	187 
5825	7 
5826	12 
5827	195 
5828	253 
5829	153 
5830	224 
5831	169 
5832	8 
5833	294 
5834	271 
5835	188 
5836	213 
5837	176 
5838	188 
5839	317 
5840	177 
5841	298 
5842	1 
5843	221 
5844	209 
5845	30 
5846	3 
5847	253 
5848	81 
5849	167 
5850	91 
5851	288 
5852	231 
5853	77 
5854	80 
5855	334 
5856	80 
5857	106 
5858	72 
5859	30 
5860	307 
5861	91 
5862	131 
5863	206 
5864	249 
5865	188 
5866	271 
5867	81 
5868	201 
5869	7 
5870	66 
5871	51 
5872	23 
5873	195 
5874	106 
5875	17 
5876	7 
5877	231 
5878	12 
5879	245 
5880	89 
5881	56 
5882	186 
5883	71 
5884	224 
5885	227 
5886	17 
5887	334 
5888	74 
5889	89 
5890	178 
5891	276 
5892	64 
5893	49 
5894	1 
5895	83 
5896	133 
5897	179 
5898	44 
5899	180 
5900	53 
5901	189 
5902	259 
5903	147 
5904	317 
5905	181 
5906	119 
5907	306 
5908	15 
5909	116 
5910	75 
5911	216 
5912	141 
5913	6 
5914	186 
5915	221 
5916	208 
5917	316 
5918	187 
5919	285 
5920	81 
5921	57 
5922	111 
5923	158 
5924	23 
5925	49 
5926	15 
5927	241 
5928	308 
5929	22 
5930	18 
5931	106 
5932	233 
5933	109 
5934	306 
5935	145 
5936	223 
5937	279 
5938	96 
5939	26 
5940	180 
5941	208 
5942	154 
5943	35 
5944	2 
5945	145 
5946	303 
5947	258 
5948	186 
5949	77 
5950	178 
5951	97 
5952	330 
5953	74 
5954	311 
5955	312 
5956	28 
5957	7 
5958	331 
5959	278 
5960	23 
5961	301 
5962	226 
5963	151 
5964	326 
5965	61 
5966	276 
5967	291 
5968	333 
5969	325 
5970	101 
5971	87 
5972	8 
5973	146 
5974	321 
5975	1 
5976	87 
5977	277 
5978	133 
5979	155 
5980	26 
5981	185 
5982	181 
5983	293 
5984	183 
5985	67 
5986	229 
5987	142 
5988	187 
5989	90 
5990	176 
5991	180 
5992	139 
5993	60 
5994	151 
5995	264 
5996	150 
5997	81 
5998	147 
5999	267 
6000	277 
6001	185 
6002	258 
6003	118 
6004	18 
6005	31 
6006	163 
6007	307 
6008	195 
6009	5 
6010	119 
6011	178 
6012	150 
6013	101 
6014	67 
6015	261 
6016	110 
6017	167 
6018	269 
6019	287 
6020	158 
6021	87 
6022	141 
6023	169 
6024	286 
6025	123 
6026	200 
6027	262 
6028	85 
6029	221 
6030	59 
6031	156 
6032	48 
6033	17 
6034	32 
6035	301 
6036	285 
6037	25 
6038	46 
6039	185 
6040	297 
6041	180 
6042	298 
6043	78 
6044	239 
6045	259 
6046	181 
6047	332 
6048	276 
6049	142 
6050	45 
6051	156 
6052	286 
6053	122 
6054	52 
6055	18 
6056	142 
6057	232 
6058	293 
6059	292 
6060	15 
6061	244 
6062	245 
6063	54 
6064	49 
6065	224 
6066	213 
6067	111 
6068	19 
6069	118 
6070	325 
6071	157 
6072	145 
6073	60 
6074	178 
6075	233 
6076	183 
6077	34 
6078	217 
6079	7 
6080	226 
6081	291 
6082	139 
6083	182 
6084	153 
6085	336 
6086	245 
6087	78 
6088	326 
6089	32 
6090	246 
6091	328 
6092	120 
6093	64 
6094	89 
6095	99 
6096	242 
6097	205 
6098	163 
6099	80 
6100	190 
6101	233 
6102	106 
6103	81 
6104	158 
6105	330 
6106	96 
6107	233 
6108	243 
6109	261 
6110	1 
6111	19 
6112	32 
6113	139 
6114	270 
6115	96 
6116	273 
6117	243 
6118	249 
6119	3 
6120	91 
6121	221 
6122	77 
6123	163 
6124	58 
6125	45 
6126	66 
6127	278 
6128	285 
6129	17 
6130	115 
6131	37 
6132	81 
6133	17 
6134	217 
6135	333 
6136	133 
6137	208 
6138	26 
6139	251 
6140	223 
6141	258 
6142	286 
6143	231 
6144	25 
6145	81 
6146	269 
6147	146 
6148	91 
6149	147 
6150	176 
6151	311 
6152	82 
6153	334 
6154	85 
6155	67 
6156	263 
6157	185 
6158	313 
6159	17 
6160	176 
6161	248 
6162	308 
6163	12 
6164	200 
6165	294 
6166	196 
6167	151 
6168	66 
6169	182 
6170	241 
6171	218 
6172	104 
6173	221 
6174	310 
6175	17 
6176	239 
6177	15 
6178	233 
6179	282 
6180	293 
6181	274 
6182	178 
6183	243 
6184	17 
6185	177 
6186	235 
6187	236 
6188	93 
6189	233 
6190	37 
6191	153 
6192	262 
6193	146 
6194	153 
6195	328 
6196	326 
6197	253 
6198	97 
6199	219 
6200	195 
6201	72 
6202	54 
6203	301 
6204	277 
6205	10 
6206	335 
6207	188 
6208	43 
6209	96 
6210	166 
6211	62 
6212	253 
6213	244 
6214	211 
6215	116 
6216	224 
6217	22 
6218	115 
6219	169 
6220	91 
6221	151 
6222	17 
6223	301 
6224	279 
6225	202 
6226	77 
6227	196 
6228	35 
6229	71 
6230	155 
6231	223 
6232	77 
6233	325 
6234	57 
6235	65 
6236	287 
6237	188 
6238	67 
6239	151 
6240	285 
6241	133 
6242	35 
6243	7 
6244	10 
6245	239 
6246	223 
6247	91 
6248	271 
6249	119 
6250	261 
6251	243 
6252	87 
6253	306 
6254	144 
6255	334 
6256	233 
6257	10 
6258	176 
6259	25 
6260	179 
6261	43 
6262	214 
6263	106 
6264	229 
6265	32 
6266	1 
6267	186 
6268	119 
6269	308 
6270	188 
6271	202 
6272	84 
6273	267 
6274	269 
6275	242 
6276	106 
6277	5 
6278	314 
6279	56 
6280	1 
6281	123 
6282	293 
6283	288 
6284	163 
6285	136 
6286	59 
6287	202 
6288	273 
6289	313 
6290	91 
6291	144 
6292	130 
6293	258 
6294	203 
6295	227 
6296	103 
6297	208 
6298	141 
6299	66 
6300	146 
6301	78 
6302	192 
6303	78 
6304	164 
6305	283 
6306	217 
6307	54 
6308	103 
6309	233 
6310	172 
6311	20 
6312	230 
6313	271 
6314	14 
6315	82 
6316	113 
6317	80 
6318	140 
6319	317 
6320	229 
6321	250 
6322	250 
6323	196 
6324	305 
6325	195 
6326	54 
6327	14 
6328	226 
6329	141 
6330	330 
6331	201 
6332	140 
6333	139 
6334	145 
6335	183 
6336	140 
6337	258 
6338	10 
6339	66 
6340	223 
6341	7 
6342	217 
6343	154 
6344	61 
6345	172 
6346	167 
6347	231 
6348	11 
6349	274 
6350	6 
6351	201 
6352	264 
6353	7 
6354	283 
6355	166 
6356	258 
6357	115 
6358	118 
6359	255 
6360	293 
6361	245 
6362	17 
6363	258 
6364	169 
6365	334 
6366	185 
6367	184 
6368	158 
6369	117 
6370	303 
6371	316 
6372	271 
6373	123 
6374	160 
6375	199 
6376	330 
6377	286 
6378	129 
6379	115 
6380	221 
6381	48 
6382	189 
6383	301 
6384	144 
6385	305 
6386	30 
6387	230 
6388	248 
6389	151 
6390	219 
6391	218 
6392	180 
6393	328 
6394	28 
6395	12 
6396	188 
6397	316 
6398	120 
6399	250 
6400	161 
6401	146 
6402	139 
6403	108 
6404	37 
6405	77 
6406	298 
6407	266 
6408	60 
6409	26 
6410	11 
6411	158 
6412	230 
6413	66 
6414	82 
6415	184 
6416	75 
6417	161 
6418	267 
6419	314 
6420	204 
6421	204 
6422	226 
6423	110 
6424	123 
6425	11 
6426	258 
6427	163 
6428	188 
6429	96 
6430	74 
6431	171 
6432	283 
6433	48 
6434	133 
6435	184 
6436	78 
6437	5 
6438	6 
6439	283 
6440	207 
6441	72 
6442	257 
6443	157 
6444	262 
6445	120 
6446	166 
6447	78 
6448	108 
6449	151 
6450	282 
6451	205 
6452	43 
6453	200 
6454	36 
6455	239 
6456	150 
6457	183 
6458	142 
6459	186 
6460	259 
6461	241 
6462	166 
6463	245 
6464	114 
6465	78 
6466	130 
6467	64 
6468	230 
6469	153 
6470	8 
6471	29 
6472	136 
6473	211 
6474	143 
6475	209 
6476	141 
6477	252 
6478	91 
6479	139 
6480	25 
6481	35 
6482	288 
6483	291 
6484	267 
6485	151 
6486	298 
6487	307 
6488	11 
6489	187 
6490	251 
6491	213 
6492	298 
6493	177 
6494	5 
6495	182 
6496	38 
6497	161 
6498	207 
6499	4 
6500	207 
6501	303 
6502	34 
6503	96 
6504	211 
6505	262 
6506	152 
6507	278 
6508	31 
6509	252 
6510	211 
6511	37 
6512	64 
6513	123 
6514	142 
6515	115 
6516	123 
6517	150 
6518	35 
6519	305 
6520	183 
6521	235 
6522	200 
6523	112 
6524	160 
6525	292 
6526	60 
6527	103 
6528	158 
6529	218 
6530	223 
6531	128 
6532	167 
6533	120 
6534	277 
6535	37 
6536	195 
6537	106 
6538	247 
6539	48 
6540	143 
6541	34 
6542	38 
6543	108 
6544	249 
6545	189 
6546	306 
6547	153 
6548	227 
6549	151 
6550	297 
6551	48 
6552	199 
6553	263 
6554	222 
6555	124 
6556	147 
6557	224 
6558	197 
6559	277 
6560	23 
6561	97 
6562	326 
6563	110 
6564	12 
6565	280 
6566	335 
6567	242 
6568	169 
6569	78 
6570	186 
6571	99 
6572	255 
6573	35 
6574	230 
6575	12 
6576	317 
6577	17 
6578	35 
6579	226 
6580	230 
6581	10 
6582	186 
6583	213 
6584	115 
6585	43 
6586	44 
6587	317 
6588	224 
6589	294 
6590	93 
6591	75 
6592	280 
6593	310 
6594	74 
6595	61 
6596	178 
6597	282 
6598	241 
6599	259 
6600	54 
6601	1 
6602	223 
6603	130 
6604	208 
6605	332 
6606	143 
6607	269 
6608	152 
6609	89 
6610	5 
6611	230 
6612	74 
6613	82 
6614	334 
6615	281 
6616	313 
6617	294 
6618	334 
6619	209 
6620	226 
6621	56 
6622	226 
6623	48 
6624	208 
6625	249 
6626	44 
6627	176 
6628	257 
6629	186 
6630	143 
6631	74 
6632	146 
6633	196 
6634	115 
6635	130 
6636	78 
6637	187 
6638	183 
6639	2 
6640	141 
6641	52 
6642	258 
6643	12 
6644	199 
6645	277 
6646	239 
6647	18 
6648	133 
6649	280 
6650	156 
6651	289 
6652	252 
6653	84 
6654	336 
6655	25 
6656	195 
6657	259 
6658	116 
6659	111 
6660	51 
6661	43 
6662	207 
6663	147 
6664	178 
6665	153 
6666	112 
6667	120 
6668	280 
6669	146 
6670	75 
6671	266 
6672	335 
6673	281 
6674	158 
6675	85 
6676	176 
6677	330 
6678	328 
6679	179 
6680	150 
6681	12 
6682	59 
6683	129 
6684	270 
6685	8 
6686	236 
6687	307 
6688	81 
6689	199 
6690	120 
6691	158 
6692	182 
6693	292 
6694	262 
6695	188 
6696	335 
6697	172 
6698	289 
6699	247 
6700	277 
6701	243 
6702	330 
6703	25 
6704	199 
6705	280 
6706	78 
6707	264 
6708	181 
6709	305 
6710	64 
6711	190 
6712	183 
6713	187 
6714	325 
6715	172 
6716	201 
6717	232 
6718	231 
6719	122 
6720	23 
6721	58 
6722	180 
6723	167 
6724	226 
6725	158 
6726	162 
6727	81 
6728	271 
6729	5 
6730	58 
6731	252 
6732	289 
6733	177 
6734	195 
6735	257 
6736	183 
6737	282 
6738	261 
6739	93 
6740	145 
6741	269 
6742	118 
6743	289 
6744	208 
6745	178 
6746	64 
6747	37 
6748	293 
6749	218 
6750	190 
6751	207 
6752	44 
6753	316 
6754	218 
6755	233 
6756	45 
6757	75 
6758	67 
6759	243 
6760	111 
6761	131 
6762	164 
6763	81 
6764	222 
6765	183 
6766	186 
6767	333 
6768	179 
6769	89 
6770	130 
6771	208 
6772	84 
6773	2 
6774	274 
6775	294 
6776	188 
6777	219 
6778	305 
6779	183 
6780	326 
6781	333 
6782	146 
6783	252 
6784	176 
6785	335 
6786	7 
6787	99 
6788	221 
6789	23 
6790	200 
6791	12 
6792	18 
6793	223 
6794	157 
6795	305 
6796	241 
6797	80 
6798	139 
6799	189 
6800	326 
6801	258 
6802	231 
6803	126 
6804	147 
6805	46 
6806	325 
6807	130 
6808	160 
6809	49 
6810	246 
6811	271 
6812	236 
6813	330 
6814	74 
6815	150 
6816	59 
6817	262 
6818	285 
6819	99 
6820	53 
6821	112 
6822	12 
6823	122 
6824	183 
6825	46 
6826	196 
6827	167 
6828	142 
6829	259 
6830	46 
6831	306 
6832	54 
6833	316 
6834	26 
6835	29 
6836	281 
6837	7 
6838	195 
6839	330 
6840	180 
6841	262 
6842	116 
6843	335 
6844	217 
6845	37 
6846	128 
6847	316 
6848	162 
6849	217 
6850	128 
6851	71 
6852	144 
6853	231 
6854	239 
6855	226 
6856	297 
6857	332 
6858	221 
6859	200 
6860	308 
6861	218 
6862	109 
6863	150 
6864	249 
6865	154 
6866	89 
6867	49 
6868	141 
6869	7 
6870	18 
6871	156 
6872	195 
6873	204 
6874	297 
6875	2 
6876	277 
6877	71 
6878	23 
6879	196 
6880	334 
6881	36 
6882	26 
6883	182 
6884	136 
6885	186 
6886	314 
6887	144 
6888	282 
6889	18 
6890	262 
6891	283 
6892	199 
6893	2 
6894	242 
6895	298 
6896	139 
6897	285 
6898	274 
6899	282 
6900	287 
6901	65 
6902	292 
6903	158 
6904	32 
6905	62 
6906	199 
6907	166 
6908	180 
6909	235 
6910	316 
6911	162 
6912	153 
6913	310 
6914	180 
6915	80 
6916	54 
6917	223 
6918	40 
6919	330 
6920	124 
6921	133 
6922	289 
6923	325 
6924	53 
6925	253 
6926	283 
6927	162 
6928	80 
6929	80 
6930	283 
6931	46 
6932	181 
6933	186 
6934	75 
6935	314 
6936	31 
6937	294 
6938	325 
6939	224 
6940	219 
6941	147 
6942	90 
6943	120 
6944	32 
6945	87 
6946	23 
6947	334 
6948	183 
6949	243 
6950	130 
6951	124 
6952	72 
6953	44 
6954	14 
6955	124 
6956	178 
6957	131 
6958	328 
6959	211 
6960	66 
6961	106 
6962	188 
6963	89 
6964	266 
6965	7 
6966	226 
6967	180 
6968	45 
6969	277 
6970	19 
6971	332 
6972	190 
6973	147 
6974	211 
6975	242 
6976	111 
6977	253 
6978	112 
6979	201 
6980	147 
6981	77 
6982	112 
6983	115 
6984	108 
6985	80 
6986	48 
6987	71 
6988	30 
6989	40 
6990	249 
6991	250 
6992	3 
6993	289 
6994	227 
6995	200 
6996	285 
6997	314 
6998	52 
6999	205 
7000	226 
7001	178 
7002	213 
7003	154 
7004	34 
7005	10 
7006	332 
7007	146 
7008	154 
7009	179 
7010	264 
7011	122 
7012	176 
7013	217 
7014	30 
7015	288 
7016	53 
7017	325 
7018	277 
7019	227 
7020	286 
7021	89 
7022	133 
7023	124 
7024	63 
7025	286 
7026	286 
7027	131 
7028	61 
7029	8 
7030	281 
7031	103 
7032	204 
7033	85 
7034	12 
7035	245 
7036	103 
7037	90 
7038	140 
7039	158 
7040	200 
7041	63 
7042	45 
7043	262 
7044	44 
7045	306 
7046	280 
7047	178 
7048	294 
7049	51 
7050	299 
7051	208 
7052	72 
7053	208 
7054	141 
7055	308 
7056	72 
7057	31 
7058	276 
7059	169 
7060	200 
7061	18 
7062	143 
7063	205 
7064	75 
7065	163 
7066	189 
7067	8 
7068	246 
7069	91 
7070	297 
7071	25 
7072	51 
7073	199 
7074	139 
7075	312 
7076	244 
7077	58 
7078	224 
7079	298 
7080	298 
7081	17 
7082	297 
7083	142 
7084	51 
7085	162 
7086	147 
7087	151 
7088	147 
7089	281 
7090	103 
7091	7 
7092	109 
7093	243 
7094	283 
7095	196 
7096	283 
7097	153 
7098	119 
7099	287 
7100	116 
7101	213 
7102	78 
7103	178 
7104	200 
7105	141 
7106	312 
7107	36 
7108	183 
7109	46 
7110	10 
7111	12 
7112	115 
7113	209 
7114	109 
7115	29 
7116	226 
7117	25 
7118	5 
7119	17 
7120	99 
7121	189 
7122	20 
7123	178 
7124	280 
7125	229 
7126	30 
7127	78 
7128	277 
7129	336 
7130	35 
7131	17 
7132	190 
7133	204 
7134	116 
7135	195 
7136	162 
7137	153 
7138	208 
7139	133 
7140	259 
7141	45 
7142	133 
7143	307 
7144	124 
7145	183 
7146	286 
7147	16 
7148	85 
7149	81 
7150	209 
7151	258 
7152	141 
7153	187 
7154	37 
7155	77 
7156	25 
7157	77 
7158	17 
7159	129 
7160	235 
7161	246 
7162	96 
7163	99 
7164	233 
7165	283 
7166	199 
7167	196 
7168	99 
7169	306 
7170	7 
7171	186 
7172	22 
7173	167 
7174	294 
7175	293 
7176	213 
7177	202 
7178	271 
7179	142 
7180	291 
7181	166 
7182	204 
7183	151 
7184	288 
7185	63 
7186	74 
7187	64 
7188	239 
7189	45 
7190	124 
7191	158 
7192	176 
7193	208 
7194	178 
7195	81 
7196	223 
7197	6 
7198	179 
7199	1 
7200	292 
7201	156 
7202	75 
7203	196 
7204	298 
7205	180 
7206	195 
7207	271 
7208	195 
7209	244 
7210	2 
7211	259 
7212	207 
7213	38 
7214	28 
7215	35 
7216	185 
7217	46 
7218	252 
7219	37 
7220	34 
7221	243 
7222	208 
7223	200 
7224	176 
7225	235 
7226	77 
7227	67 
7228	12 
7229	261 
7230	23 
7231	30 
7232	261 
7233	146 
7234	276 
7235	139 
7236	7 
7237	56 
7238	62 
7239	74 
7240	162 
7241	245 
7242	274 
7243	7 
7244	299 
7245	72 
7246	108 
7247	133 
7248	291 
7249	166 
7250	58 
7251	181 
7252	147 
7253	29 
7254	85 
7255	183 
7256	294 
7257	235 
7258	156 
7259	72 
7260	213 
7261	221 
7262	78 
7263	288 
7264	133 
7265	153 
7266	253 
7267	54 
7268	306 
7269	230 
7270	99 
7271	285 
7272	223 
7273	180 
7274	196 
7275	177 
7276	184 
7277	195 
7278	292 
7279	310 
7280	60 
7281	46 
7282	204 
7283	281 
7284	306 
7285	17 
7286	332 
7287	252 
7288	106 
7289	179 
7290	314 
7291	285 
7292	186 
7293	328 
7294	231 
7295	115 
7296	292 
7297	145 
7298	162 
7299	99 
7300	99 
7301	316 
7302	7 
7303	335 
7304	133 
7305	233 
7306	330 
7307	96 
7308	199 
7309	2 
7310	58 
7311	253 
7312	29 
7313	312 
7314	106 
7315	152 
7316	332 
7317	226 
7318	17 
7319	80 
7320	176 
7321	196 
7322	258 
7323	207 
7324	22 
7325	207 
7326	188 
7327	17 
7328	133 
7329	108 
7330	46 
7331	218 
7332	54 
7333	262 
7334	153 
7335	30 
7336	292 
7337	62 
7338	18 
7339	188 
7340	19 
7341	16 
7342	150 
7343	99 
7344	243 
7345	211 
7346	182 
7347	122 
7348	259 
7349	35 
7350	169 
7351	305 
7352	56 
7353	223 
7354	81 
7355	32 
7356	103 
7357	183 
7358	71 
7359	181 
7360	144 
7361	199 
7362	276 
7363	306 
7364	23 
7365	291 
7366	30 
7367	119 
7368	288 
7369	18 
7370	142 
7371	156 
7372	332 
7373	243 
7374	316 
7375	285 
7376	16 
7377	334 
7378	66 
7379	233 
7380	78 
7381	182 
7382	112 
7383	258 
7384	253 
7385	187 
7386	54 
7387	177 
7388	89 
7389	75 
7390	119 
7391	314 
7392	30 
7393	20 
7394	89 
7395	244 
7396	120 
7397	305 
7398	5 
7399	229 
7400	189 
7401	124 
7402	313 
7403	285 
7404	118 
7405	147 
7406	146 
7407	182 
7408	90 
7409	190 
7410	80 
7411	176 
7412	152 
7413	115 
7414	142 
7415	2 
7416	67 
7417	163 
7418	2 
7419	129 
7420	152 
7421	259 
7422	118 
7423	183 
7424	124 
7425	288 
7426	64 
7427	28 
7428	195 
7429	162 
7430	224 
7431	292 
7432	130 
7433	202 
7434	112 
7435	1 
7436	313 
7437	72 
7438	181 
7439	179 
7440	231 
7441	38 
7442	147 
7443	44 
7444	40 
7445	30 
7446	287 
7447	97 
7448	111 
7449	288 
7450	66 
7451	72 
7452	185 
7453	236 
7454	19 
7455	143 
7456	25 
7457	6 
7458	334 
7459	209 
7460	166 
7461	298 
7462	190 
7463	14 
7464	147 
7465	336 
7466	266 
7467	26 
7468	72 
7469	335 
7470	60 
7471	58 
7472	60 
7473	280 
7474	81 
7475	335 
7476	110 
7477	114 
7478	229 
7479	16 
7480	129 
7481	158 
7482	81 
7483	139 
7484	224 
7485	246 
7486	185 
7487	325 
7488	7 
7489	231 
7490	25 
7491	226 
7492	176 
7493	188 
7494	213 
7495	82 
7496	259 
7497	8 
7498	65 
7499	25 
7500	146 
7501	188 
7502	226 
7503	316 
7504	130 
7505	282 
7506	126 
7507	51 
7508	46 
7509	336 
7510	124 
7511	116 
7512	205 
7513	196 
7514	110 
7515	145 
7516	283 
7517	195 
7518	285 
7519	115 
7520	257 
7521	297 
7522	44 
7523	245 
7524	276 
7525	160 
7526	34 
7527	291 
7528	2 
7529	44 
7530	305 
7531	236 
7532	2 
7533	62 
7534	85 
7535	187 
7536	291 
7537	178 
7538	280 
7539	161 
7540	326 
7541	223 
7542	239 
7543	147 
7544	156 
7545	18 
7546	213 
7547	112 
7548	307 
7549	152 
7550	235 
7551	218 
7552	136 
7553	77 
7554	72 
7555	179 
7556	293 
7557	130 
7558	8 
7559	195 
7560	312 
7561	274 
7562	46 
7563	147 
7564	235 
7565	205 
7566	54 
7567	116 
7568	314 
7569	294 
7570	103 
7571	250 
7572	259 
7573	43 
7574	307 
7575	143 
7576	8 
7577	5 
7578	142 
7579	335 
7580	325 
7581	185 
7582	179 
7583	161 
7584	46 
7585	17 
7586	250 
7587	65 
7588	78 
7589	120 
7590	10 
7591	130 
7592	72 
7593	67 
7594	180 
7595	187 
7596	167 
7597	163 
7598	235 
7599	177 
7600	18 
7601	308 
7602	239 
7603	64 
7604	190 
7605	287 
7606	182 
7607	147 
7608	44 
7609	18 
7610	1 
7611	51 
7612	91 
7613	204 
7614	61 
7615	114 
7616	119 
7617	157 
7618	208 
7619	297 
7620	147 
7621	60 
7622	108 
7623	74 
7624	233 
7625	250 
7626	269 
7627	158 
7628	18 
7629	142 
7630	305 
7631	269 
7632	316 
7633	169 
7634	10 
7635	54 
7636	99 
7637	82 
7638	46 
7639	204 
7640	152 
7641	38 
7642	5 
7643	312 
7644	72 
7645	116 
7646	99 
7647	106 
7648	66 
7649	245 
7650	307 
7651	219 
7652	16 
7653	23 
7654	188 
7655	145 
7656	74 
7657	48 
7658	257 
7659	253 
7660	82 
7661	80 
7662	235 
7663	131 
7664	119 
7665	116 
7666	288 
7667	146 
7668	316 
7669	226 
7670	162 
7671	288 
7672	208 
7673	31 
7674	53 
7675	81 
7676	176 
7677	162 
7678	30 
7679	292 
7680	162 
7681	286 
7682	176 
7683	217 
7684	227 
7685	16 
7686	188 
7687	334 
7688	5 
7689	219 
7690	63 
7691	64 
7692	218 
7693	133 
7694	89 
7695	186 
7696	250 
7697	181 
7698	208 
7699	264 
7700	261 
7701	32 
7702	52 
7703	99 
7704	103 
7705	164 
7706	208 
7707	52 
7708	249 
7709	187 
7710	45 
7711	221 
7712	282 
7713	18 
7714	112 
7715	200 
7716	211 
7717	29 
7718	66 
7719	99 
7720	219 
7721	157 
7722	258 
7723	201 
7724	316 
7725	28 
7726	266 
7727	112 
7728	207 
7729	85 
7730	200 
7731	44 
7732	242 
7733	80 
7734	201 
7735	314 
7736	299 
7737	316 
7738	106 
7739	308 
7740	261 
7741	71 
7742	200 
7743	204 
7744	257 
7745	230 
7746	54 
7747	114 
7748	154 
7749	54 
7750	245 
7751	310 
7752	2 
7753	48 
7754	146 
7755	25 
7756	177 
7757	266 
7758	12 
7759	46 
7760	330 
7761	264 
7762	274 
7763	20 
7764	119 
7765	252 
7766	64 
7767	78 
7768	183 
7769	266 
7770	224 
7771	153 
7772	53 
7773	1 
7774	186 
7775	130 
7776	195 
7777	23 
7778	242 
7779	230 
7780	130 
7781	40 
7782	60 
7783	139 
7784	58 
7785	22 
7786	1 
7787	199 
7788	82 
7789	54 
7790	221 
7791	187 
7792	280 
7793	235 
7794	114 
7795	326 
7796	332 
7797	37 
7798	16 
7799	53 
7800	162 
7801	19 
7802	150 
7803	91 
7804	201 
7805	38 
7806	305 
7807	18 
7808	18 
7809	334 
7810	181 
7811	280 
7812	325 
7813	245 
7814	46 
7815	153 
7816	38 
7817	112 
7818	308 
7819	299 
7820	17 
7821	162 
7822	54 
7823	305 
7824	30 
7825	244 
7826	112 
7827	286 
7828	90 
7829	66 
7830	187 
7831	258 
7832	8 
7833	103 
7834	286 
7835	114 
7836	305 
7837	78 
7838	46 
7839	285 
7840	276 
7841	5 
7842	299 
7843	37 
7844	48 
7845	77 
7846	25 
7847	131 
7848	46 
7849	60 
7850	25 
7851	26 
7852	189 
7853	10 
7854	31 
7855	62 
7856	22 
7857	90 
7858	217 
7859	218 
7860	224 
7861	276 
7862	114 
7863	12 
7864	186 
7865	282 
7866	75 
7867	82 
7868	46 
7869	294 
7870	17 
7871	314 
7872	122 
7873	204 
7874	111 
7875	22 
7876	30 
7877	99 
7878	8 
7879	46 
7880	200 
7881	44 
7882	142 
7883	37 
7884	46 
7885	164 
7886	16 
7887	23 
7888	65 
7889	246 
7890	112 
7891	312 
7892	17 
7893	332 
7894	299 
7895	71 
7896	202 
7897	8 
7898	97 
7899	326 
7900	200 
7901	204 
7902	157 
7903	153 
7904	130 
7905	67 
7906	252 
7907	31 
7908	8 
7909	60 
7910	218 
7911	306 
7912	291 
7913	330 
7914	286 
7915	178 
7916	106 
7917	205 
7918	231 
7919	257 
7920	153 
7921	77 
7922	54 
7923	332 
7924	336 
7925	146 
7926	335 
7927	306 
7928	221 
7929	306 
7930	179 
7931	85 
7932	10 
7933	201 
7934	90 
7935	1 
7936	72 
7937	249 
7938	200 
7939	124 
7940	288 
7941	166 
7942	282 
7943	124 
7944	207 
7945	150 
7946	233 
7947	183 
7948	195 
7949	25 
7950	195 
7951	66 
7952	326 
7953	142 
7954	332 
7955	305 
7956	306 
7957	145 
7958	314 
7959	157 
7960	307 
7961	330 
7962	146 
7963	1 
7964	78 
7965	310 
7966	146 
7967	58 
7968	151 
7969	147 
7970	298 
7971	108 
7972	266 
7973	305 
7974	181 
7975	306 
7976	1 
7977	130 
7978	80 
7979	37 
7980	223 
7981	124 
7982	147 
7983	335 
7984	264 
7985	244 
7986	60 
7987	261 
7988	19 
7989	61 
7990	122 
7991	244 
7992	208 
7993	334 
7994	227 
7995	147 
7996	164 
7997	81 
7998	308 
7999	305 
8000	146 
8001	307 
8002	330 
8003	205 
8004	257 
8005	62 
8006	249 
8007	158 
8008	244 
8009	336 
8010	147 
8011	22 
8012	22 
8013	48 
8014	261 
8015	257 
8016	71 
8017	99 
8018	195 
8019	196 
8020	18 
8021	283 
8022	80 
8023	178 
8024	23 
8025	145 
8026	207 
8027	297 
8028	181 
8029	151 
8030	103 
8031	200 
8032	35 
8033	169 
8034	186 
8035	131 
8036	89 
8037	253 
8038	46 
8039	119 
8040	223 
8041	229 
8042	259 
8043	81 
8044	293 
8045	285 
8046	259 
8047	258 
8048	37 
8049	147 
8050	259 
8051	71 
8052	160 
8053	146 
8054	261 
8055	25 
8056	133 
8057	316 
8058	37 
8059	179 
8060	307 
8061	258 
8062	264 
8063	139 
8064	178 
8065	151 
8066	283 
8067	335 
8068	22 
8069	233 
8070	22 
8071	224 
8072	244 
8073	6 
8074	90 
8075	37 
8076	282 
8077	119 
8078	89 
8079	239 
8080	153 
8081	145 
8082	223 
8083	131 
8084	224 
8085	235 
8086	316 
8087	230 
8088	261 
8089	276 
8090	187 
8091	181 
8092	250 
8093	97 
8094	17 
8095	185 
8096	221 
8097	164 
8098	186 
8099	217 
8100	195 
8101	17 
8102	274 
8103	235 
8104	112 
8105	82 
8106	114 
8107	271 
8108	153 
8109	78 
8110	164 
8111	307 
8112	166 
8113	208 
8114	280 
8115	177 
8116	18 
8117	152 
8118	63 
8119	305 
8120	97 
8121	119 
8122	305 
8123	242 
8124	71 
8125	285 
8126	20 
8127	176 
8128	147 
8129	150 
8130	45 
8131	176 
8132	99 
8133	66 
8134	32 
8135	199 
8136	58 
8137	43 
8138	99 
8139	196 
8140	23 
8141	48 
8142	8 
8143	111 
8144	288 
8145	226 
8146	178 
8147	37 
8148	85 
8149	249 
8150	326 
8151	64 
8152	46 
8153	207 
8154	326 
8155	44 
8156	314 
8157	258 
8158	114 
8159	262 
8160	261 
8161	115 
8162	208 
8163	158 
8164	5 
8165	316 
8166	58 
8167	20 
8168	23 
8169	250 
8170	108 
8171	201 
8172	156 
8173	179 
8174	213 
8175	282 
8176	7 
8177	62 
8178	72 
8179	80 
8180	282 
8181	253 
8182	150 
8183	18 
8184	30 
8185	2 
8186	141 
8187	37 
8188	10 
8189	330 
8190	217 
8191	239 
8192	150 
8193	38 
8194	112 
8195	85 
8196	230 
8197	156 
8198	5 
8199	62 
8200	106 
8201	298 
8202	151 
8203	20 
8204	183 
8205	12 
8206	227 
8207	200 
8208	115 
8209	277 
8210	325 
8211	150 
8212	6 
8213	20 
8214	189 
8215	298 
8216	151 
8217	223 
8218	202 
8219	72 
8220	298 
8221	144 
8222	308 
8223	48 
8224	77 
8225	179 
8226	280 
8227	299 
8228	239 
8229	122 
8230	37 
8231	150 
8232	200 
8233	48 
8234	7 
8235	38 
8236	249 
8237	316 
8238	293 
8239	62 
8240	139 
8241	252 
8242	145 
8243	249 
8244	157 
8245	162 
8246	181 
8247	242 
8248	316 
8249	30 
8250	108 
8251	200 
8252	8 
8253	314 
8254	186 
8255	37 
8256	66 
8257	2 
8258	139 
8259	139 
8260	330 
8261	239 
8262	32 
8263	115 
8264	264 
8265	200 
8266	147 
8267	46 
8268	158 
8269	180 
8270	45 
8271	280 
8272	163 
8273	286 
8274	250 
8275	314 
8276	208 
8277	90 
8278	223 
8279	48 
8280	189 
8281	156 
8282	261 
8283	204 
8284	200 
8285	90 
8286	77 
8287	188 
8288	32 
8289	124 
8290	208 
8291	280 
8292	74 
8293	266 
8294	189 
8295	185 
8296	169 
8297	213 
8298	6 
8299	285 
8300	53 
8301	58 
8302	32 
8303	118 
8304	187 
8305	54 
8306	246 
8307	37 
8308	280 
8309	291 
8310	239 
8311	293 
8312	156 
8313	176 
8314	78 
8315	119 
8316	19 
8317	77 
8318	188 
8319	158 
8320	5 
8321	32 
8322	156 
8323	274 
8324	274 
8325	81 
8326	139 
8327	38 
8328	154 
8329	54 
8330	195 
8331	271 
8332	226 
8333	77 
8334	90 
8335	48 
8336	45 
8337	145 
8338	239 
8339	330 
8340	12 
8341	298 
8342	252 
8343	224 
8344	262 
8345	335 
8346	156 
8347	61 
8348	235 
8349	160 
8350	114 
8351	72 
8352	286 
8353	208 
8354	131 
8355	183 
8356	242 
8357	1 
8358	250 
8359	218 
8360	277 
8361	235 
8362	119 
8363	207 
8364	62 
8365	90 
8366	156 
8367	332 
8368	77 
8369	77 
8370	334 
8371	202 
8372	297 
8373	298 
8374	258 
8375	316 
8376	78 
8377	5 
8378	77 
8379	252 
8380	167 
8381	142 
8382	6 
8383	253 
8384	139 
8385	223 
8386	166 
8387	205 
8388	223 
8389	5 
8390	116 
8391	200 
8392	250 
8393	195 
8394	119 
8395	261 
8396	282 
8397	160 
8398	61 
8399	150 
8400	108 
8401	205 
8402	332 
8403	305 
8404	285 
8405	37 
8406	156 
8407	109 
8408	89 
8409	116 
8410	235 
8411	293 
8412	195 
8413	1 
8414	150 
8415	217 
8416	7 
8417	195 
8418	46 
8419	230 
8420	258 
8421	35 
8422	183 
8423	60 
8424	264 
8425	90 
8426	66 
8427	217 
8428	288 
8429	158 
8430	64 
8431	167 
8432	187 
8433	294 
8434	115 
8435	22 
8436	1 
8437	71 
8438	330 
8439	46 
8440	277 
8441	150 
8442	45 
8443	334 
8444	221 
8445	249 
8446	188 
8447	146 
8448	112 
8449	118 
8450	226 
8451	133 
8452	213 
8453	109 
8454	58 
8455	196 
8456	163 
8457	242 
8458	305 
8459	226 
8460	202 
8461	259 
8462	217 
8463	332 
8464	145 
8465	75 
8466	305 
8467	288 
8468	31 
8469	118 
8470	181 
8471	108 
8472	259 
8473	150 
8474	142 
8475	262 
8476	169 
8477	64 
8478	46 
8479	244 
8480	20 
8481	259 
8482	8 
8483	81 
8484	145 
8485	78 
8486	74 
8487	288 
8488	81 
8489	147 
8490	334 
8491	213 
8492	151 
8493	142 
8494	145 
8495	48 
8496	230 
8497	274 
8498	18 
8499	218 
8500	153 
8501	280 
8502	142 
8503	224 
8504	283 
8505	106 
8506	280 
8507	146 
8508	80 
8509	163 
8510	245 
8511	103 
8512	45 
8513	187 
8514	89 
8515	122 
8516	78 
8517	176 
8518	201 
8519	208 
8520	307 
8521	18 
8522	150 
8523	224 
8524	77 
8525	8 
8526	292 
8527	8 
8528	280 
8529	141 
8530	186 
8531	205 
8532	164 
8533	18 
8534	23 
8535	82 
8536	223 
8537	66 
8538	78 
8539	106 
8540	176 
8541	307 
8542	153 
8543	131 
8544	176 
8545	288 
8546	64 
8547	217 
8548	196 
8549	264 
8550	151 
8551	201 
8552	77 
8553	60 
8554	259 
8555	48 
8556	12 
8557	146 
8558	97 
8559	239 
8560	74 
8561	258 
8562	37 
8563	271 
8564	330 
8565	146 
8566	108 
8567	334 
8568	54 
8569	12 
8570	233 
8571	60 
8572	19 
8573	6 
8574	226 
8575	72 
8576	223 
8577	227 
8578	18 
8579	163 
8580	118 
8581	274 
8582	189 
8583	230 
8584	325 
8585	332 
8586	22 
8587	244 
8588	250 
8589	253 
8590	277 
8591	205 
8592	285 
8593	53 
8594	146 
8595	141 
8596	90 
8597	205 
8598	45 
8599	22 
8600	226 
8601	77 
8602	115 
8603	335 
8604	20 
8605	233 
8606	112 
8607	38 
8608	48 
8609	179 
8610	271 
8611	178 
8612	280 
8613	166 
8614	259 
8615	71 
8616	186 
8617	146 
8618	186 
8619	22 
8620	37 
8621	292 
8622	207 
8623	139 
8624	37 
8625	226 
8626	7 
8627	10 
8628	167 
8629	130 
8630	244 
8631	253 
8632	7 
8633	142 
8634	124 
8635	32 
8636	242 
8637	60 
8638	282 
8639	119 
8640	153 
8641	162 
8642	162 
8643	77 
8644	245 
8645	158 
8646	288 
8647	6 
8648	74 
8649	146 
8650	150 
8651	54 
8652	106 
8653	223 
8654	264 
8655	253 
8656	72 
8657	10 
8658	164 
8659	53 
8660	158 
8661	131 
8662	326 
8663	71 
8664	32 
8665	179 
8666	189 
8667	292 
8668	7 
8669	146 
8670	81 
8671	167 
8672	258 
8673	252 
8674	291 
8675	252 
8676	109 
8677	180 
8678	147 
8679	60 
8680	54 
8681	283 
8682	334 
8683	179 
8684	146 
8685	162 
8686	164 
8687	207 
8688	119 
8689	142 
8690	334 
8691	37 
8692	78 
8693	71 
8694	307 
8695	195 
8696	335 
8697	53 
8698	231 
8699	114 
8700	186 
8701	145 
8702	308 
8703	202 
8704	114 
8705	18 
8706	208 
8707	12 
8708	181 
8709	169 
8710	23 
8711	151 
8712	115 
8713	283 
8714	252 
8715	244 
8716	285 
8717	150 
8718	280 
8719	245 
8720	282 
8721	12 
8722	80 
8723	61 
8724	227 
8725	218 
8726	124 
8727	166 
8728	25 
8729	188 
8730	60 
8731	18 
8732	250 
8733	276 
8734	156 
8735	37 
8736	119 
8737	7 
8738	252 
8739	1 
8740	179 
8741	207 
8742	280 
8743	187 
8744	257 
8745	307 
8746	282 
8747	156 
8748	195 
8749	293 
8750	227 
8751	213 
8752	82 
8753	19 
8754	282 
8755	183 
8756	218 
8757	308 
8758	62 
8759	122 
8760	124 
8761	274 
8762	119 
8763	230 
8764	200 
8765	178 
8766	6 
8767	221 
8768	325 
8769	44 
8770	112 
8771	146 
8772	242 
8773	46 
8774	208 
8775	297 
8776	250 
8777	131 
8778	199 
8779	2 
8780	231 
8781	208 
8782	293 
8783	169 
8784	242 
8785	23 
8786	187 
8787	81 
8788	145 
8789	199 
8790	285 
8791	186 
8792	195 
8793	38 
8794	78 
8795	5 
8796	261 
8797	189 
8798	46 
8799	32 
8800	285 
8801	288 
8802	291 
8803	60 
8804	305 
8805	233 
8806	72 
8807	156 
8808	45 
8809	22 
8810	274 
8811	18 
8812	291 
8813	335 
8814	167 
8815	19 
8816	299 
8817	280 
8818	22 
8819	217 
8820	62 
8821	60 
8822	81 
8823	200 
8824	151 
8825	8 
8826	78 
8827	305 
8828	74 
8829	74 
8830	274 
8831	276 
8832	164 
8833	176 
8834	299 
8835	334 
8836	12 
8837	305 
8838	261 
8839	271 
8840	179 
8841	18 
8842	145 
8843	80 
8844	18 
8845	244 
8846	282 
8847	131 
8848	326 
8849	162 
8850	226 
8851	23 
8852	164 
8853	288 
8854	64 
8855	20 
8856	195 
8857	25 
8858	66 
8859	156 
8860	179 
8861	77 
8862	90 
8863	106 
8864	306 
8865	60 
8866	114 
8867	103 
8868	2 
8869	20 
8870	205 
8871	288 
8872	221 
8873	64 
8874	208 
8875	80 
8876	285 
8877	99 
8878	200 
8879	162 
8880	186 
8881	103 
8882	218 
8883	167 
8884	195 
8885	147 
8886	166 
8887	282 
8888	282 
8889	330 
8890	245 
8891	231 
8892	146 
8893	185 
8894	130 
8895	226 
8896	239 
8897	334 
8898	80 
8899	227 
8900	8 
8901	141 
8902	166 
8903	162 
8904	44 
8905	276 
8906	299 
8907	299 
8908	12 
8909	146 
8910	261 
8911	204 
8912	259 
8913	230 
8914	10 
8915	116 
8916	38 
8917	54 
8918	23 
8919	119 
8920	264 
8921	249 
8922	202 
8923	226 
8924	188 
8925	81 
8926	326 
8927	325 
8928	142 
8929	54 
8930	271 
8931	122 
8932	293 
8933	146 
8934	77 
8935	103 
8936	38 
8937	213 
8938	23 
8939	1 
8940	72 
8941	151 
8942	166 
8943	60 
8944	274 
8945	227 
8946	335 
8947	89 
8948	239 
8949	307 
8950	200 
8951	230 
8952	298 
8953	78 
8954	7 
8955	122 
8956	46 
8957	153 
8958	264 
8959	54 
8960	233 
8961	17 
8962	178 
8963	283 
8964	188 
8965	223 
8966	166 
8967	44 
8968	124 
8969	60 
8970	204 
8971	46 
8972	23 
8973	188 
8974	183 
8975	188 
8976	179 
8977	285 
8978	249 
8979	71 
8980	74 
8981	89 
8982	262 
8983	48 
8984	202 
8985	188 
8986	124 
8987	60 
8988	20 
8989	7 
8990	19 
8991	74 
8992	30 
8993	64 
8994	54 
8995	32 
8996	156 
8997	142 
8998	298 
8999	145 
9000	308 
9001	17 
9002	71 
9003	223 
9004	233 
9005	74 
9006	176 
9007	8 
9008	239 
9009	189 
9010	10 
9011	200 
9012	264 
9013	274 
9014	78 
9015	308 
9016	201 
9017	207 
9018	325 
9019	53 
9020	200 
9021	235 
9022	283 
9023	245 
9024	71 
9025	158 
9026	334 
9027	261 
9028	119 
9029	180 
9030	156 
9031	77 
9032	226 
9033	131 
9034	283 
9035	146 
9036	213 
9037	213 
9038	8 
9039	115 
9040	32 
9041	35 
9042	221 
9043	196 
9044	316 
9045	283 
9046	64 
9047	17 
9048	23 
9049	60 
9050	66 
9051	199 
9052	142 
9053	23 
9054	12 
9055	99 
9056	280 
9057	35 
9058	208 
9059	81 
9060	60 
9061	293 
9062	307 
9063	332 
9064	224 
9065	23 
9066	282 
9067	158 
9068	80 
9069	188 
9070	35 
9071	162 
9072	239 
9073	167 
9074	335 
9075	78 
9076	307 
9077	17 
9078	17 
9079	18 
9080	32 
9081	195 
9082	264 
9083	282 
9084	124 
9085	72 
9086	200 
9087	124 
9088	17 
9089	189 
9090	146 
9091	271 
9092	151 
9093	189 
9094	81 
9095	80 
9096	23 
9097	188 
9098	202 
9099	202 
9100	82 
9101	30 
9102	64 
9103	115 
9104	71 
9105	10 
9106	208 
9107	204 
9108	330 
9109	131 
9110	18 
9111	252 
9112	37 
9113	10 
9114	1 
9115	178 
9116	204 
9117	8 
9118	176 
9119	12 
9120	146 
9121	124 
9122	252 
9123	37 
9124	224 
9125	46 
9126	195 
9127	188 
9128	258 
9129	242 
9130	288 
9131	252 
9132	195 
9133	23 
9134	156 
9135	223 
9136	142 
9137	298 
9138	264 
9139	124 
9140	264 
9141	142 
9142	202 
9143	139 
9144	201 
9145	103 
9146	305 
9147	44 
9148	25 
9149	81 
9150	71 
9151	103 
9152	186 
9153	64 
9154	66 
9155	60 
9156	330 
9157	150 
9158	242 
9159	285 
9160	78 
9161	35 
9162	61 
9163	82 
9164	207 
9165	213 
9166	78 
9167	274 
9168	5 
9169	274 
9170	239 
9171	176 
9172	204 
9173	179 
9174	183 
9175	264 
9176	22 
9177	18 
9178	82 
9179	293 
9180	218 
9181	280 
9182	5 
9183	74 
9184	239 
9185	162 
9186	293 
9187	271 
9188	150 
9189	162 
9190	259 
9191	187 
9192	176 
9193	124 
9194	12 
9195	54 
9196	119 
9197	1 
9198	221 
9199	195 
9200	18 
9201	189 
9202	133 
9203	218 
9204	37 
9205	189 
9206	305 
9207	334 
9208	167 
9209	176 
9210	188 
9211	90 
9212	283 
9213	5 
9214	230 
9215	239 
9216	37 
9217	81 
9218	226 
9219	259 
9220	25 
9221	130 
9222	183 
9223	297 
9224	60 
9225	221 
9226	169 
9227	306 
9228	54 
9229	54 
9230	1 
9231	99 
9232	271 
9233	196 
9234	218 
9235	61 
9236	282 
9237	218 
9238	60 
9239	183 
9240	282 
9241	25 
9242	249 
9243	81 
9244	271 
9245	37 
9246	252 
9247	77 
9248	291 
9249	200 
9250	5 
9251	245 
9252	167 
9253	261 
9254	153 
9255	298 
9256	66 
9257	139 
9258	242 
9259	139 
9260	277 
9261	244 
9262	291 
9263	180 
9264	30 
9265	8 
9266	235 
9267	221 
9268	196 
9269	221 
9270	305 
9271	32 
9272	282 
9273	60 
9274	133 
9275	187 
9276	17 
9277	196 
9278	213 
9279	189 
9280	156 
9281	146 
9282	142 
9283	282 
9284	12 
9285	2 
9286	54 
9287	180 
9288	330 
9289	298 
9290	1 
9291	133 
9292	298 
9293	150 
9294	179 
9295	77 
9296	195 
9297	183 
9298	158 
9299	142 
9300	115 
9301	77 
9302	305 
9303	106 
9304	223 
9305	189 
9306	316 
9307	307 
9308	183 
9309	167 
9310	71 
9311	153 
9312	201 
9313	133 
9314	186 
9315	90 
9316	23 
9317	187 
9318	176 
9319	114 
9320	186 
9321	7 
9322	291 
9323	71 
9324	82 
9325	12 
9326	307 
9327	17 
9328	298 
9329	283 
9330	258 
9331	202 
9332	77 
9333	244 
9334	176 
9335	71 
9336	285 
9337	151 
9338	45 
9339	71 
9340	231 
9341	196 
9342	99 
9343	335 
9344	226 
9345	1 
9346	90 
9347	106 
9348	17 
9349	186 
9350	115 
9351	45 
9352	142 
9353	226 
9354	335 
9355	258 
9356	60 
9357	285 
9358	280 
9359	196 
9360	64 
9361	119 
9362	164 
9363	72 
9364	61 
9365	12 
9366	22 
9367	71 
9368	139 
9369	276 
9370	2 
9371	89 
9372	142 
9373	200 
9374	207 
9375	164 
9376	259 
9377	22 
9378	124 
9379	226 
9380	207 
9381	1 
9382	61 
9383	186 
9384	162 
9385	259 
9386	280 
9387	293 
9388	81 
9389	239 
9390	146 
9391	226 
9392	156 
9393	218 
9394	37 
9395	90 
9396	258 
9397	235 
9398	179 
9399	316 
9400	208 
9401	5 
9402	249 
9403	316 
9404	45 
9405	8 
9406	298 
9407	244 
9408	285 
9409	124 
9410	35 
9411	12 
9412	77 
9413	89 
9414	307 
9415	277 
9416	156 
9417	204 
9418	147 
9419	77 
9420	139 
9421	80 
9422	142 
9423	146 
9424	8 
9425	156 
9426	264 
9427	2 
9428	2 
9429	80 
9430	335 
9431	208 
9432	133 
9433	176 
9434	244 
9435	166 
9436	146 
9437	223 
9438	156 
9439	264 
9440	233 
9441	208 
9442	18 
9443	288 
9444	124 
9445	103 
9446	74 
9447	334 
9448	285 
9449	35 
9450	7 
9451	37 
9452	162 
9453	145 
9454	188 
9455	316 
9456	1 
9457	233 
9458	1 
9459	183 
9460	264 
9461	90 
9462	119 
9463	334 
9464	226 
9465	186 
9466	7 
9467	244 
9468	223 
9469	221 
9470	81 
9471	208 
9472	64 
9473	187 
9474	2 
9475	221 
9476	156 
9477	124 
9478	186 
9479	147 
9480	81 
9481	223 
9482	71 
9483	207 
9484	5 
9485	10 
9486	78 
9487	334 
9488	37 
9489	195 
9490	261 
9491	183 
9492	99 
9493	54 
9494	188 
9495	89 
9496	12 
9497	305 
9498	147 
9499	133 
9500	103 
9501	82 
9502	259 
9503	233 
9504	61 
9505	37 
9506	179 
9507	252 
9508	239 
9509	264 
9510	244 
9511	82 
9512	221 
9513	72 
9514	17 
9515	124 
9516	103 
9517	119 
9518	252 
9519	264 
9520	221 
9521	207 
9522	282 
9523	72 
9524	23 
9525	335 
9526	245 
9527	195 
9528	305 
9529	61 
9530	298 
9531	186 
9532	189 
9533	282 
9534	230 
9535	259 
9536	145 
9537	146 
9538	103 
9539	25 
9540	150 
9541	202 
9542	235 
9543	218 
9544	202 
9545	271 
9546	291 
9547	298 
9548	196 
9549	334 
9550	150 
9551	103 
9552	235 
9553	298 
9554	18 
9555	8 
9556	89 
9557	259 
9558	334 
9559	74 
9560	208 
9561	25 
9562	224 
9563	37 
9564	189 
9565	245 
9566	48 
9567	25 
9568	147 
9569	223 
9570	106 
9571	233 
9572	146 
9573	298 
9574	81 
9575	54 
9576	2 
9577	54 
9578	124 
9579	245 
9580	153 
9581	162 
9582	18 
9583	298 
9584	72 
9585	196 
9586	147 
9587	226 
9588	12 
9589	298 
9590	77 
9591	233 
9592	335 
9593	80 
9594	298 
9595	167 
9596	166 
9597	72 
9598	71 
9599	283 
9600	176 
9601	178 
9602	208 
9603	178 
9604	183 
9605	196 
9606	288 
9607	1 
9608	221 
9609	189 
9610	142 
9611	282 
9612	78 
9613	188 
9614	142 
9615	218 
9616	145 
9617	224 
9618	195 
9619	264 
9620	10 
9621	7 
9622	153 
9623	2 
9624	115 
9625	288 
9626	78 
9627	183 
9628	221 
9629	189 
9630	280 
9631	335 
9632	46 
9633	207 
9634	74 
9635	46 
9636	17 
9637	224 
9638	189 
9639	288 
9640	183 
9641	60 
9642	282 
9643	80 
9644	223 
9645	162 
9646	223 
9647	142 
9648	8 
9649	8 
9650	80 
9651	72 
9652	142 
9653	23 
9654	89 
9655	112 
9656	271 
9657	119 
9658	178 
9659	178 
9660	99 
9661	334 
9662	10 
9663	271 
9664	151 
9665	218 
9666	224 
9667	274 
9668	139 
9669	264 
9670	258 
9671	81 
9672	195 
9673	178 
9674	89 
9675	106 
9676	230 
9677	335 
9678	178 
9679	151 
9680	207 
9681	334 
9682	335 
9683	17 
9684	64 
9685	261 
9686	5 
9687	7 
9688	10 
9689	119 
9690	235 
9691	288 
9692	106 
9693	162 
9694	119 
9695	162 
9696	200 
9697	18 
9698	153 
9699	183 
9700	167 
9701	106 
9702	188 
9703	259 
9704	7 
9705	200 
9706	60 
9707	226 
9708	230 
9709	166 
9710	261 
9711	37 
9712	195 
9713	335 
9714	8 
9715	187 
9716	196 
9717	230 
9718	305 
9719	261 
9720	25 
9721	335 
9722	77 
9723	133 
9724	1 
9725	166 
9726	37 
9727	7 
9728	285 
9729	218 
9730	187 
9731	298 
9732	207 
9733	10 
9734	54 
9735	37 
9736	196 
9737	18 
9738	37 
9739	239 
9740	146 
9741	153 
9742	119 
9743	208 
9744	258 
9745	64 
9746	81 
9747	186 
9748	64 
9749	189 
9750	335 
9751	235 
9752	188 
9753	261 
9754	8 
9755	316 
9756	334 
9757	298 
9758	233 
9759	335 
9760	23 
9761	150 
9762	282 
9763	162 
9764	162 
9765	239 
9766	334 
9767	7 
9768	282 
9769	10 
9770	258 
9771	259 
9772	200 
9773	124 
9774	230 
9775	196 
9776	226 
9777	221 
9778	189 
9779	124 
9780	64 
9781	150 
9782	150 
9783	25 
9784	119 
9785	71 
9786	208 
9787	218 
9788	25 
9789	124 
9790	37 
9791	60 
9792	196 
9793	298 
9794	25 
9795	60 
9796	233 
9797	223 
9798	103 
9799	23 
9800	186 
9801	282 
9802	10 
9803	187 
9804	119 
9805	46 
9806	142 
9807	54 
9808	25 
9809	282 
9810	200 
9811	119 
9812	239 
9813	239 
9814	23 
9815	226 
9816	153 
9817	200 
9818	150 
9819	71 
9820	235 
9821	60 
9822	46 
9823	176 
9824	259 
9825	81 
9826	188 
9827	335 
9828	178 
9829	186 
9830	37 
9831	7 
9832	133 
9833	178 
9834	282 
9835	282 
9836	282 
9837	77 
9838	233 
9839	77 
9840	259 
9841	7 
9842	103 
9843	226 
9844	230 
9845	1 
9846	145 
9847	46 
9848	189 
9849	298 
9850	288 
9851	158 
9852	60 
9853	335 
9854	298 
9855	80 
9856	334 
9857	37 
9858	12 
9859	283 
9860	17 
9861	150 
9862	195 
9863	189 
9864	239 
9865	72 
9866	153 
9867	147 
9868	25 
9869	37 
9870	162 
9871	187 
9872	176 
9873	258 
9874	8 
9875	176 
9876	196 
9877	158 
9878	239 
9879	71 
9880	187 
9881	226 
9882	200 
9883	218 
9884	178 
9885	77 
9886	119 
9887	230 
9888	8 
9889	103 
9890	183 
9891	158 
9892	78 
9893	106 
9894	178 
9895	282 
9896	147 
9897	230 
9898	46 
9899	17 
9900	145 
9901	233 
9902	150 
9903	335 
9904	189 
9905	233 
9906	162 
9907	17 
9908	200 
9909	17 
9910	147 
9911	46 
9912	335 
9913	298 
9914	71 
9915	142 
9916	218 
9917	282 
9918	335 
9919	18 
9920	208 
9921	147 
9922	218 
9923	18 
9924	334 
9925	239 
9926	150 
9927	153 
9928	77 
9929	200 
9930	226 
9931	187 
9932	54 
9933	187 
9934	335 
9935	81 
9936	259 
9937	335 
9938	146 
9939	183 
9940	17 
9941	233 
9942	335 
9943	335 
9944	147 
9945	334 
9946	259 
9947	208 
9948	17 
9949	259 
9950	283 
9951	298 
9952	142 
9953	188 
9954	239 
9955	283 
9956	298 
9957	150 
9958	81 
9959	142 
9960	150 
9961	23 
9962	60 
9963	208 
9964	283 
9965	7 
9966	78 
9967	226 
9968	1 
9969	12 
9970	186 
9971	103 
9972	150 
9973	103 
9974	288 
9975	208 
9976	54 
9977	18 
9978	60 
9979	25 
9980	218 
9981	189 
9982	60 
9983	46 
9984	259 
9985	335 
9986	18 
9987	71 
9988	259 
9989	288 
9990	54 
9991	150 
9992	282 
9993	196 
9994	150 
9995	183 
9996	23 
9997	186 
9998	298 
9999	298 
10000	334 
