1	208 
2	266 
3	88 
4	107 
5	32 
6	2 
7	46 
8	22 
9	254 
10	9 
11	1 
12	22 
13	248 
14	215 
15	93 
16	15 
17	135 
18	173 
19	33 
20	196 
21	52 
22	252 
23	28 
24	145 
25	104 
26	250 
27	133 
28	207 
29	106 
30	200 
31	168 
32	224 
33	235 
34	167 
35	215 
36	260 
37	230 
38	80 
39	194 
40	173 
41	95 
42	83 
43	257 
44	23 
45	14 
46	262 
47	256 
48	27 
49	25 
50	128 
51	143 
52	176 
53	105 
54	221 
55	195 
56	109 
57	7 
58	59 
59	64 
60	87 
61	91 
62	235 
63	233 
64	42 
65	265 
66	158 
67	19 
68	45 
69	35 
70	137 
71	258 
72	10 
73	81 
74	187 
75	50 
76	59 
77	15 
78	72 
79	150 
80	73 
81	257 
82	30 
83	143 
84	20 
85	56 
86	206 
87	233 
88	116 
89	167 
90	106 
91	64 
92	266 
93	11 
94	26 
95	106 
96	258 
97	72 
98	79 
99	185 
100	94 
101	140 
102	228 
103	123 
104	8 
105	102 
106	191 
107	209 
108	264 
109	191 
110	149 
111	263 
112	217 
113	82 
114	229 
115	13 
116	112 
117	224 
118	178 
119	73 
120	258 
121	248 
122	201 
123	78 
124	87 
125	178 
126	169 
127	208 
128	212 
129	20 
130	228 
131	199 
132	62 
133	147 
134	207 
135	42 
136	31 
137	159 
138	96 
139	254 
140	15 
141	81 
142	169 
143	104 
144	191 
145	113 
146	167 
147	244 
148	32 
149	61 
150	102 
151	143 
152	113 
153	66 
154	140 
155	108 
156	135 
157	96 
158	62 
159	205 
160	100 
161	179 
162	136 
163	32 
164	126 
165	243 
166	141 
167	87 
168	236 
169	221 
170	212 
171	245 
172	134 
173	221 
174	263 
175	8 
176	67 
177	109 
178	200 
179	126 
180	26 
181	44 
182	129 
183	253 
184	6 
185	51 
186	189 
187	170 
188	236 
189	123 
190	123 
191	63 
192	24 
193	178 
194	235 
195	265 
196	266 
197	262 
198	223 
199	242 
200	214 
201	34 
202	182 
203	35 
204	219 
205	212 
206	187 
207	115 
208	149 
209	256 
210	32 
211	163 
212	116 
213	181 
214	63 
215	239 
216	124 
217	44 
218	94 
219	53 
220	130 
221	157 
222	103 
223	170 
224	156 
225	263 
226	64 
227	125 
228	140 
229	189 
230	27 
231	169 
232	145 
233	18 
234	168 
235	23 
236	213 
237	107 
238	29 
239	123 
240	181 
241	20 
242	216 
243	128 
244	178 
245	103 
246	98 
247	116 
248	39 
249	60 
250	33 
251	77 
252	74 
253	218 
254	227 
255	167 
256	39 
257	225 
258	15 
259	128 
260	8 
261	215 
262	28 
263	264 
264	259 
265	24 
266	145 
267	71 
268	251 
269	176 
270	159 
271	77 
272	142 
273	237 
274	189 
275	250 
276	238 
277	2 
278	76 
279	70 
280	71 
281	49 
282	97 
283	88 
284	95 
285	74 
286	68 
287	243 
288	162 
289	182 
290	130 
291	180 
292	132 
293	142 
294	185 
295	219 
296	111 
297	154 
298	159 
299	202 
300	215 
301	14 
302	149 
303	125 
304	249 
305	94 
306	34 
307	57 
308	86 
309	70 
310	28 
311	230 
312	96 
313	67 
314	99 
315	133 
316	156 
317	206 
318	216 
319	72 
320	58 
321	97 
322	43 
323	4 
324	164 
325	90 
326	69 
327	176 
328	52 
329	217 
330	149 
331	265 
332	196 
333	73 
334	78 
335	249 
336	63 
337	187 
338	100 
339	160 
340	15 
341	87 
342	136 
343	42 
344	117 
345	260 
346	5 
347	246 
348	38 
349	8 
350	133 
351	186 
352	63 
353	80 
354	119 
355	145 
356	2 
357	211 
358	39 
359	12 
360	39 
361	224 
362	142 
363	10 
364	36 
365	31 
366	263 
367	30 
368	239 
369	169 
370	59 
371	202 
372	264 
373	27 
374	259 
375	230 
376	71 
377	256 
378	264 
379	77 
380	97 
381	266 
382	250 
383	1 
384	263 
385	36 
386	5 
387	127 
388	78 
389	62 
390	130 
391	76 
392	45 
393	185 
394	177 
395	249 
396	26 
397	78 
398	212 
399	65 
400	3 
401	68 
402	126 
403	174 
404	7 
405	59 
406	36 
407	55 
408	5 
409	2 
410	161 
411	84 
412	16 
413	202 
414	211 
415	224 
416	165 
417	139 
418	9 
419	251 
420	140 
421	250 
422	150 
423	222 
424	231 
425	106 
426	191 
427	120 
428	222 
429	233 
430	115 
431	69 
432	48 
433	127 
434	12 
435	47 
436	186 
437	135 
438	217 
439	78 
440	169 
441	144 
442	210 
443	74 
444	129 
445	169 
446	167 
447	136 
448	171 
449	42 
450	45 
451	56 
452	16 
453	256 
454	20 
455	106 
456	234 
457	1 
458	220 
459	242 
460	150 
461	149 
462	151 
463	220 
464	47 
465	218 
466	6 
467	222 
468	155 
469	261 
470	154 
471	166 
472	106 
473	102 
474	265 
475	68 
476	160 
477	141 
478	96 
479	141 
480	215 
481	56 
482	113 
483	174 
484	99 
485	158 
486	247 
487	206 
488	241 
489	15 
490	181 
491	19 
492	105 
493	52 
494	38 
495	142 
496	247 
497	37 
498	17 
499	259 
500	28 
501	260 
502	222 
503	99 
504	25 
505	208 
506	11 
507	62 
508	131 
509	242 
510	151 
511	70 
512	59 
513	32 
514	220 
515	119 
516	57 
517	74 
518	99 
519	24 
520	153 
521	42 
522	40 
523	5 
524	121 
525	44 
526	247 
527	92 
528	256 
529	236 
530	66 
531	78 
532	49 
533	204 
534	87 
535	237 
536	9 
537	190 
538	16 
539	17 
540	165 
541	6 
542	166 
543	170 
544	233 
545	80 
546	64 
547	134 
548	54 
549	146 
550	80 
551	73 
552	116 
553	196 
554	124 
555	126 
556	215 
557	47 
558	149 
559	14 
560	220 
561	109 
562	225 
563	63 
564	224 
565	69 
566	121 
567	168 
568	81 
569	119 
570	266 
571	228 
572	136 
573	28 
574	227 
575	172 
576	140 
577	7 
578	75 
579	254 
580	235 
581	121 
582	183 
583	143 
584	211 
585	95 
586	127 
587	209 
588	162 
589	113 
590	224 
591	224 
592	120 
593	264 
594	174 
595	24 
596	172 
597	157 
598	16 
599	56 
600	6 
601	259 
602	114 
603	9 
604	184 
605	6 
606	113 
607	217 
608	247 
609	196 
610	202 
611	87 
612	91 
613	148 
614	32 
615	211 
616	206 
617	56 
618	123 
619	27 
620	81 
621	218 
622	48 
623	188 
624	185 
625	179 
626	206 
627	77 
628	244 
629	231 
630	85 
631	69 
632	233 
633	265 
634	173 
635	239 
636	135 
637	154 
638	7 
639	198 
640	136 
641	247 
642	14 
643	14 
644	135 
645	124 
646	89 
647	30 
648	87 
649	133 
650	126 
651	206 
652	27 
653	36 
654	93 
655	224 
656	146 
657	181 
658	31 
659	111 
660	200 
661	12 
662	96 
663	57 
664	12 
665	125 
666	250 
667	222 
668	32 
669	84 
670	87 
671	172 
672	45 
673	65 
674	243 
675	135 
676	100 
677	142 
678	147 
679	199 
680	229 
681	216 
682	182 
683	84 
684	125 
685	159 
686	169 
687	25 
688	179 
689	261 
690	179 
691	165 
692	11 
693	39 
694	15 
695	181 
696	236 
697	79 
698	258 
699	244 
700	89 
701	143 
702	234 
703	133 
704	171 
705	168 
706	55 
707	28 
708	119 
709	263 
710	179 
711	137 
712	260 
713	199 
714	111 
715	188 
716	1 
717	149 
718	169 
719	72 
720	209 
721	227 
722	230 
723	184 
724	17 
725	153 
726	263 
727	266 
728	87 
729	111 
730	17 
731	123 
732	97 
733	32 
734	75 
735	134 
736	50 
737	253 
738	14 
739	143 
740	15 
741	59 
742	62 
743	212 
744	163 
745	100 
746	264 
747	246 
748	231 
749	24 
750	86 
751	129 
752	190 
753	265 
754	35 
755	192 
756	202 
757	68 
758	136 
759	234 
760	21 
761	259 
762	139 
763	50 
764	49 
765	150 
766	240 
767	136 
768	190 
769	94 
770	205 
771	252 
772	97 
773	17 
774	38 
775	239 
776	210 
777	156 
778	263 
779	78 
780	249 
781	88 
782	106 
783	212 
784	155 
785	192 
786	62 
787	18 
788	23 
789	155 
790	90 
791	99 
792	147 
793	59 
794	178 
795	51 
796	142 
797	27 
798	102 
799	20 
800	213 
801	105 
802	166 
803	175 
804	13 
805	52 
806	173 
807	83 
808	194 
809	38 
810	35 
811	196 
812	119 
813	87 
814	19 
815	78 
816	77 
817	119 
818	135 
819	113 
820	54 
821	3 
822	266 
823	197 
824	236 
825	202 
826	101 
827	201 
828	114 
829	148 
830	143 
831	66 
832	117 
833	232 
834	91 
835	180 
836	126 
837	128 
838	160 
839	265 
840	74 
841	252 
842	45 
843	10 
844	47 
845	11 
846	147 
847	140 
848	233 
849	89 
850	208 
851	187 
852	249 
853	194 
854	62 
855	169 
856	121 
857	199 
858	79 
859	140 
860	136 
861	45 
862	83 
863	121 
864	98 
865	160 
866	253 
867	237 
868	252 
869	88 
870	205 
871	138 
872	93 
873	221 
874	228 
875	219 
876	146 
877	86 
878	245 
879	65 
880	145 
881	5 
882	223 
883	30 
884	256 
885	155 
886	104 
887	239 
888	259 
889	39 
890	219 
891	60 
892	160 
893	20 
894	175 
895	230 
896	7 
897	102 
898	88 
899	246 
900	75 
901	48 
902	226 
903	137 
904	186 
905	81 
906	226 
907	236 
908	176 
909	188 
910	34 
911	93 
912	166 
913	20 
914	210 
915	242 
916	35 
917	65 
918	42 
919	173 
920	66 
921	47 
922	34 
923	245 
924	230 
925	72 
926	60 
927	39 
928	262 
929	22 
930	19 
931	29 
932	49 
933	15 
934	99 
935	27 
936	181 
937	237 
938	182 
939	236 
940	45 
941	170 
942	250 
943	18 
944	119 
945	189 
946	83 
947	173 
948	2 
949	56 
950	66 
951	210 
952	218 
953	261 
954	188 
955	15 
956	12 
957	101 
958	1 
959	193 
960	51 
961	128 
962	184 
963	73 
964	160 
965	138 
966	264 
967	122 
968	159 
969	7 
970	48 
971	202 
972	81 
973	206 
974	196 
975	224 
976	208 
977	179 
978	120 
979	33 
980	188 
981	20 
982	147 
983	57 
984	218 
985	139 
986	8 
987	7 
988	206 
989	181 
990	150 
991	100 
992	178 
993	164 
994	238 
995	47 
996	189 
997	119 
998	99 
999	184 
1000	14 
1001	199 
1002	32 
1003	126 
1004	111 
1005	171 
1006	94 
1007	240 
1008	173 
1009	89 
1010	104 
1011	44 
1012	188 
1013	13 
1014	110 
1015	120 
1016	195 
1017	23 
1018	130 
1019	54 
1020	205 
1021	5 
1022	234 
1023	191 
1024	130 
1025	27 
1026	173 
1027	250 
1028	147 
1029	78 
1030	247 
1031	75 
1032	94 
1033	20 
1034	42 
1035	96 
1036	53 
1037	161 
1038	225 
1039	169 
1040	112 
1041	120 
1042	122 
1043	28 
1044	44 
1045	57 
1046	71 
1047	63 
1048	240 
1049	86 
1050	8 
1051	257 
1052	67 
1053	171 
1054	254 
1055	245 
1056	32 
1057	166 
1058	12 
1059	44 
1060	189 
1061	38 
1062	31 
1063	141 
1064	114 
1065	225 
1066	199 
1067	246 
1068	119 
1069	58 
1070	105 
1071	68 
1072	222 
1073	198 
1074	232 
1075	85 
1076	101 
1077	238 
1078	15 
1079	139 
1080	66 
1081	245 
1082	233 
1083	169 
1084	176 
1085	151 
1086	55 
1087	138 
1088	105 
1089	83 
1090	115 
1091	86 
1092	101 
1093	212 
1094	184 
1095	186 
1096	47 
1097	97 
1098	128 
1099	52 
1100	123 
1101	263 
1102	41 
1103	106 
1104	137 
1105	220 
1106	91 
1107	249 
1108	229 
1109	212 
1110	249 
1111	261 
1112	132 
1113	11 
1114	113 
1115	28 
1116	204 
1117	247 
1118	67 
1119	31 
1120	9 
1121	176 
1122	52 
1123	63 
1124	97 
1125	172 
1126	177 
1127	131 
1128	198 
1129	175 
1130	212 
1131	135 
1132	141 
1133	56 
1134	72 
1135	16 
1136	170 
1137	251 
1138	36 
1139	6 
1140	14 
1141	220 
1142	242 
1143	30 
1144	181 
1145	28 
1146	31 
1147	24 
1148	88 
1149	7 
1150	243 
1151	97 
1152	190 
1153	60 
1154	85 
1155	175 
1156	8 
1157	116 
1158	144 
1159	2 
1160	155 
1161	178 
1162	142 
1163	216 
1164	27 
1165	196 
1166	195 
1167	108 
1168	249 
1169	244 
1170	65 
1171	4 
1172	5 
1173	257 
1174	63 
1175	173 
1176	14 
1177	3 
1178	4 
1179	180 
1180	122 
1181	123 
1182	232 
1183	199 
1184	158 
1185	263 
1186	10 
1187	92 
1188	195 
1189	34 
1190	103 
1191	240 
1192	50 
1193	232 
1194	256 
1195	160 
1196	161 
1197	58 
1198	106 
1199	77 
1200	241 
1201	174 
1202	113 
1203	164 
1204	113 
1205	4 
1206	174 
1207	82 
1208	55 
1209	182 
1210	112 
1211	218 
1212	178 
1213	121 
1214	214 
1215	173 
1216	98 
1217	200 
1218	84 
1219	256 
1220	252 
1221	102 
1222	257 
1223	98 
1224	17 
1225	2 
1226	27 
1227	17 
1228	265 
1229	77 
1230	143 
1231	54 
1232	76 
1233	216 
1234	155 
1235	113 
1236	158 
1237	139 
1238	39 
1239	8 
1240	25 
1241	137 
1242	14 
1243	69 
1244	202 
1245	175 
1246	40 
1247	82 
1248	97 
1249	57 
1250	25 
1251	34 
1252	191 
1253	185 
1254	85 
1255	195 
1256	70 
1257	128 
1258	81 
1259	27 
1260	61 
1261	113 
1262	83 
1263	174 
1264	176 
1265	178 
1266	178 
1267	220 
1268	221 
1269	126 
1270	32 
1271	113 
1272	113 
1273	190 
1274	222 
1275	233 
1276	139 
1277	265 
1278	235 
1279	35 
1280	128 
1281	111 
1282	13 
1283	54 
1284	44 
1285	84 
1286	253 
1287	213 
1288	189 
1289	176 
1290	87 
1291	35 
1292	119 
1293	175 
1294	42 
1295	116 
1296	18 
1297	89 
1298	176 
1299	120 
1300	225 
1301	96 
1302	120 
1303	116 
1304	143 
1305	188 
1306	46 
1307	64 
1308	127 
1309	235 
1310	209 
1311	24 
1312	160 
1313	37 
1314	44 
1315	199 
1316	155 
1317	252 
1318	70 
1319	118 
1320	211 
1321	15 
1322	264 
1323	83 
1324	164 
1325	212 
1326	239 
1327	148 
1328	88 
1329	123 
1330	17 
1331	184 
1332	230 
1333	34 
1334	182 
1335	236 
1336	168 
1337	158 
1338	147 
1339	232 
1340	2 
1341	107 
1342	198 
1343	123 
1344	103 
1345	142 
1346	188 
1347	129 
1348	180 
1349	91 
1350	108 
1351	221 
1352	25 
1353	97 
1354	114 
1355	211 
1356	263 
1357	116 
1358	190 
1359	136 
1360	66 
1361	1 
1362	57 
1363	46 
1364	96 
1365	113 
1366	128 
1367	95 
1368	111 
1369	51 
1370	95 
1371	104 
1372	188 
1373	91 
1374	102 
1375	34 
1376	187 
1377	67 
1378	98 
1379	187 
1380	176 
1381	45 
1382	71 
1383	174 
1384	166 
1385	37 
1386	33 
1387	99 
1388	151 
1389	208 
1390	264 
1391	26 
1392	173 
1393	73 
1394	83 
1395	248 
1396	171 
1397	105 
1398	257 
1399	31 
1400	229 
1401	244 
1402	7 
1403	163 
1404	19 
1405	173 
1406	43 
1407	264 
1408	38 
1409	16 
1410	143 
1411	25 
1412	132 
1413	22 
1414	32 
1415	123 
1416	49 
1417	266 
1418	134 
1419	187 
1420	101 
1421	260 
1422	205 
1423	188 
1424	86 
1425	182 
1426	129 
1427	78 
1428	123 
1429	244 
1430	146 
1431	33 
1432	166 
1433	151 
1434	215 
1435	48 
1436	37 
1437	16 
1438	265 
1439	190 
1440	103 
1441	225 
1442	245 
1443	135 
1444	231 
1445	19 
1446	30 
1447	78 
1448	107 
1449	149 
1450	68 
1451	12 
1452	179 
1453	105 
1454	130 
1455	148 
1456	55 
1457	262 
1458	162 
1459	120 
1460	262 
1461	133 
1462	110 
1463	161 
1464	177 
1465	227 
1466	121 
1467	185 
1468	239 
1469	263 
1470	148 
1471	74 
1472	146 
1473	120 
1474	106 
1475	238 
1476	230 
1477	249 
1478	105 
1479	255 
1480	78 
1481	96 
1482	6 
1483	58 
1484	8 
1485	192 
1486	59 
1487	173 
1488	116 
1489	133 
1490	170 
1491	258 
1492	172 
1493	30 
1494	46 
1495	171 
1496	241 
1497	14 
1498	144 
1499	12 
1500	79 
1501	18 
1502	58 
1503	256 
1504	115 
1505	198 
1506	174 
1507	235 
1508	235 
1509	12 
1510	165 
1511	21 
1512	116 
1513	116 
1514	191 
1515	264 
1516	206 
1517	180 
1518	75 
1519	25 
1520	213 
1521	200 
1522	229 
1523	87 
1524	130 
1525	82 
1526	107 
1527	149 
1528	258 
1529	78 
1530	242 
1531	82 
1532	251 
1533	239 
1534	150 
1535	137 
1536	157 
1537	241 
1538	92 
1539	75 
1540	78 
1541	127 
1542	55 
1543	259 
1544	250 
1545	263 
1546	221 
1547	240 
1548	248 
1549	152 
1550	34 
1551	103 
1552	67 
1553	30 
1554	189 
1555	141 
1556	175 
1557	204 
1558	69 
1559	44 
1560	30 
1561	10 
1562	83 
1563	264 
1564	188 
1565	254 
1566	195 
1567	61 
1568	138 
1569	254 
1570	124 
1571	212 
1572	239 
1573	156 
1574	15 
1575	223 
1576	42 
1577	139 
1578	27 
1579	147 
1580	107 
1581	232 
1582	262 
1583	257 
1584	159 
1585	163 
1586	32 
1587	106 
1588	119 
1589	135 
1590	5 
1591	181 
1592	26 
1593	64 
1594	68 
1595	197 
1596	189 
1597	15 
1598	27 
1599	135 
1600	29 
1601	265 
1602	40 
1603	136 
1604	31 
1605	47 
1606	34 
1607	126 
1608	256 
1609	198 
1610	91 
1611	227 
1612	211 
1613	30 
1614	68 
1615	8 
1616	27 
1617	90 
1618	263 
1619	187 
1620	52 
1621	36 
1622	264 
1623	67 
1624	266 
1625	24 
1626	217 
1627	222 
1628	189 
1629	217 
1630	58 
1631	258 
1632	133 
1633	24 
1634	181 
1635	168 
1636	168 
1637	22 
1638	248 
1639	200 
1640	143 
1641	17 
1642	6 
1643	160 
1644	27 
1645	44 
1646	33 
1647	214 
1648	173 
1649	214 
1650	39 
1651	87 
1652	261 
1653	6 
1654	78 
1655	79 
1656	201 
1657	113 
1658	94 
1659	57 
1660	239 
1661	179 
1662	167 
1663	24 
1664	155 
1665	96 
1666	136 
1667	104 
1668	157 
1669	188 
1670	180 
1671	265 
1672	1 
1673	199 
1674	97 
1675	210 
1676	234 
1677	260 
1678	224 
1679	136 
1680	16 
1681	52 
1682	27 
1683	72 
1684	17 
1685	146 
1686	258 
1687	121 
1688	15 
1689	192 
1690	201 
1691	31 
1692	8 
1693	239 
1694	169 
1695	184 
1696	199 
1697	47 
1698	204 
1699	224 
1700	212 
1701	150 
1702	167 
1703	140 
1704	219 
1705	212 
1706	264 
1707	28 
1708	146 
1709	145 
1710	226 
1711	209 
1712	193 
1713	87 
1714	154 
1715	87 
1716	133 
1717	131 
1718	143 
1719	235 
1720	118 
1721	225 
1722	10 
1723	249 
1724	158 
1725	102 
1726	134 
1727	9 
1728	111 
1729	48 
1730	22 
1731	30 
1732	214 
1733	5 
1734	7 
1735	166 
1736	97 
1737	202 
1738	262 
1739	263 
1740	252 
1741	203 
1742	44 
1743	148 
1744	135 
1745	213 
1746	79 
1747	130 
1748	70 
1749	223 
1750	266 
1751	123 
1752	202 
1753	50 
1754	7 
1755	141 
1756	9 
1757	26 
1758	73 
1759	236 
1760	194 
1761	239 
1762	141 
1763	34 
1764	194 
1765	108 
1766	239 
1767	58 
1768	87 
1769	98 
1770	21 
1771	49 
1772	245 
1773	101 
1774	71 
1775	41 
1776	132 
1777	182 
1778	20 
1779	7 
1780	149 
1781	149 
1782	24 
1783	46 
1784	253 
1785	236 
1786	239 
1787	42 
1788	143 
1789	15 
1790	174 
1791	198 
1792	69 
1793	246 
1794	261 
1795	95 
1796	162 
1797	90 
1798	16 
1799	102 
1800	190 
1801	31 
1802	121 
1803	100 
1804	93 
1805	57 
1806	175 
1807	142 
1808	264 
1809	46 
1810	240 
1811	134 
1812	65 
1813	224 
1814	15 
1815	53 
1816	252 
1817	73 
1818	7 
1819	62 
1820	222 
1821	134 
1822	159 
1823	169 
1824	204 
1825	168 
1826	52 
1827	2 
1828	178 
1829	142 
1830	101 
1831	130 
1832	74 
1833	206 
1834	133 
1835	156 
1836	75 
1837	152 
1838	254 
1839	132 
1840	118 
1841	235 
1842	30 
1843	216 
1844	138 
1845	42 
1846	228 
1847	45 
1848	224 
1849	18 
1850	112 
1851	224 
1852	158 
1853	98 
1854	98 
1855	170 
1856	23 
1857	116 
1858	171 
1859	134 
1860	71 
1861	237 
1862	201 
1863	13 
1864	151 
1865	100 
1866	253 
1867	58 
1868	95 
1869	83 
1870	30 
1871	84 
1872	121 
1873	43 
1874	67 
1875	152 
1876	263 
1877	28 
1878	257 
1879	190 
1880	58 
1881	110 
1882	27 
1883	152 
1884	168 
1885	24 
1886	101 
1887	63 
1888	181 
1889	230 
1890	119 
1891	261 
1892	36 
1893	108 
1894	169 
1895	75 
1896	181 
1897	236 
1898	243 
1899	224 
1900	58 
1901	119 
1902	253 
1903	33 
1904	78 
1905	64 
1906	169 
1907	41 
1908	92 
1909	229 
1910	233 
1911	84 
1912	250 
1913	105 
1914	148 
1915	118 
1916	145 
1917	54 
1918	41 
1919	252 
1920	57 
1921	203 
1922	209 
1923	242 
1924	168 
1925	244 
1926	196 
1927	204 
1928	74 
1929	102 
1930	102 
1931	175 
1932	72 
1933	39 
1934	239 
1935	226 
1936	69 
1937	178 
1938	155 
1939	42 
1940	171 
1941	141 
1942	217 
1943	198 
1944	116 
1945	143 
1946	121 
1947	92 
1948	12 
1949	98 
1950	178 
1951	45 
1952	143 
1953	236 
1954	21 
1955	206 
1956	264 
1957	44 
1958	254 
1959	167 
1960	148 
1961	240 
1962	141 
1963	179 
1964	159 
1965	230 
1966	237 
1967	233 
1968	38 
1969	87 
1970	89 
1971	260 
1972	119 
1973	248 
1974	257 
1975	14 
1976	231 
1977	100 
1978	39 
1979	143 
1980	111 
1981	44 
1982	198 
1983	150 
1984	238 
1985	115 
1986	211 
1987	81 
1988	55 
1989	61 
1990	213 
1991	177 
1992	160 
1993	81 
1994	14 
1995	209 
1996	123 
1997	172 
1998	114 
1999	223 
2000	243 
2001	235 
2002	178 
2003	34 
2004	128 
2005	239 
2006	143 
2007	208 
2008	116 
2009	206 
2010	185 
2011	102 
2012	211 
2013	119 
2014	227 
2015	118 
2016	238 
2017	153 
2018	263 
2019	249 
2020	173 
2021	233 
2022	234 
2023	136 
2024	151 
2025	17 
2026	193 
2027	254 
2028	133 
2029	186 
2030	239 
2031	242 
2032	236 
2033	56 
2034	263 
2035	237 
2036	208 
2037	59 
2038	107 
2039	165 
2040	171 
2041	45 
2042	224 
2043	259 
2044	139 
2045	188 
2046	161 
2047	24 
2048	178 
2049	42 
2050	60 
2051	165 
2052	175 
2053	177 
2054	210 
2055	88 
2056	20 
2057	230 
2058	34 
2059	183 
2060	219 
2061	59 
2062	149 
2063	228 
2064	145 
2065	232 
2066	9 
2067	237 
2068	247 
2069	14 
2070	198 
2071	102 
2072	227 
2073	259 
2074	233 
2075	112 
2076	172 
2077	223 
2078	202 
2079	143 
2080	187 
2081	225 
2082	237 
2083	26 
2084	111 
2085	102 
2086	254 
2087	238 
2088	32 
2089	16 
2090	113 
2091	9 
2092	168 
2093	139 
2094	103 
2095	96 
2096	71 
2097	229 
2098	134 
2099	247 
2100	183 
2101	97 
2102	158 
2103	224 
2104	56 
2105	173 
2106	184 
2107	4 
2108	133 
2109	96 
2110	155 
2111	221 
2112	254 
2113	262 
2114	9 
2115	52 
2116	125 
2117	169 
2118	47 
2119	102 
2120	176 
2121	54 
2122	41 
2123	196 
2124	74 
2125	238 
2126	48 
2127	166 
2128	35 
2129	24 
2130	254 
2131	121 
2132	220 
2133	40 
2134	245 
2135	239 
2136	63 
2137	31 
2138	256 
2139	92 
2140	172 
2141	44 
2142	45 
2143	232 
2144	8 
2145	263 
2146	239 
2147	137 
2148	84 
2149	103 
2150	115 
2151	224 
2152	188 
2153	232 
2154	227 
2155	137 
2156	121 
2157	136 
2158	175 
2159	73 
2160	221 
2161	71 
2162	106 
2163	193 
2164	90 
2165	224 
2166	13 
2167	266 
2168	121 
2169	15 
2170	183 
2171	110 
2172	169 
2173	262 
2174	212 
2175	31 
2176	20 
2177	229 
2178	102 
2179	131 
2180	85 
2181	122 
2182	204 
2183	106 
2184	206 
2185	207 
2186	233 
2187	242 
2188	256 
2189	265 
2190	70 
2191	142 
2192	12 
2193	24 
2194	15 
2195	263 
2196	208 
2197	119 
2198	133 
2199	23 
2200	266 
2201	80 
2202	127 
2203	133 
2204	89 
2205	144 
2206	213 
2207	181 
2208	104 
2209	225 
2210	27 
2211	34 
2212	81 
2213	238 
2214	1 
2215	178 
2216	78 
2217	175 
2218	184 
2219	213 
2220	14 
2221	20 
2222	230 
2223	131 
2224	15 
2225	181 
2226	191 
2227	247 
2228	51 
2229	195 
2230	245 
2231	151 
2232	171 
2233	13 
2234	68 
2235	76 
2236	111 
2237	78 
2238	107 
2239	140 
2240	44 
2241	214 
2242	78 
2243	254 
2244	163 
2245	18 
2246	72 
2247	260 
2248	266 
2249	201 
2250	227 
2251	83 
2252	143 
2253	70 
2254	66 
2255	192 
2256	124 
2257	130 
2258	150 
2259	135 
2260	64 
2261	230 
2262	243 
2263	14 
2264	53 
2265	145 
2266	218 
2267	58 
2268	97 
2269	98 
2270	185 
2271	41 
2272	244 
2273	3 
2274	256 
2275	74 
2276	29 
2277	250 
2278	184 
2279	192 
2280	133 
2281	102 
2282	31 
2283	58 
2284	233 
2285	236 
2286	165 
2287	105 
2288	182 
2289	154 
2290	249 
2291	218 
2292	45 
2293	78 
2294	178 
2295	32 
2296	59 
2297	184 
2298	262 
2299	108 
2300	111 
2301	80 
2302	21 
2303	201 
2304	261 
2305	104 
2306	108 
2307	229 
2308	80 
2309	105 
2310	19 
2311	250 
2312	21 
2313	216 
2314	54 
2315	211 
2316	142 
2317	114 
2318	72 
2319	49 
2320	168 
2321	64 
2322	111 
2323	184 
2324	6 
2325	201 
2326	167 
2327	263 
2328	259 
2329	178 
2330	116 
2331	124 
2332	126 
2333	122 
2334	64 
2335	59 
2336	87 
2337	237 
2338	239 
2339	6 
2340	207 
2341	83 
2342	138 
2343	182 
2344	85 
2345	132 
2346	1 
2347	6 
2348	180 
2349	124 
2350	265 
2351	187 
2352	69 
2353	202 
2354	94 
2355	76 
2356	242 
2357	202 
2358	88 
2359	112 
2360	161 
2361	122 
2362	215 
2363	45 
2364	66 
2365	129 
2366	80 
2367	152 
2368	121 
2369	173 
2370	222 
2371	200 
2372	226 
2373	31 
2374	210 
2375	28 
2376	239 
2377	92 
2378	249 
2379	48 
2380	163 
2381	194 
2382	170 
2383	86 
2384	155 
2385	58 
2386	135 
2387	68 
2388	224 
2389	21 
2390	31 
2391	34 
2392	34 
2393	135 
2394	49 
2395	67 
2396	217 
2397	28 
2398	73 
2399	167 
2400	82 
2401	148 
2402	206 
2403	179 
2404	60 
2405	151 
2406	197 
2407	108 
2408	109 
2409	91 
2410	122 
2411	59 
2412	186 
2413	44 
2414	190 
2415	239 
2416	160 
2417	84 
2418	137 
2419	122 
2420	47 
2421	39 
2422	213 
2423	184 
2424	88 
2425	265 
2426	162 
2427	16 
2428	142 
2429	181 
2430	23 
2431	126 
2432	259 
2433	111 
2434	164 
2435	128 
2436	17 
2437	79 
2438	228 
2439	226 
2440	173 
2441	263 
2442	15 
2443	90 
2444	154 
2445	9 
2446	256 
2447	198 
2448	238 
2449	53 
2450	236 
2451	41 
2452	93 
2453	11 
2454	151 
2455	121 
2456	49 
2457	97 
2458	257 
2459	52 
2460	154 
2461	53 
2462	38 
2463	111 
2464	239 
2465	118 
2466	125 
2467	217 
2468	145 
2469	97 
2470	25 
2471	13 
2472	240 
2473	12 
2474	35 
2475	91 
2476	88 
2477	121 
2478	7 
2479	229 
2480	140 
2481	48 
2482	140 
2483	263 
2484	145 
2485	62 
2486	257 
2487	126 
2488	203 
2489	248 
2490	5 
2491	54 
2492	141 
2493	162 
2494	83 
2495	259 
2496	186 
2497	115 
2498	199 
2499	9 
2500	224 
2501	147 
2502	188 
2503	260 
2504	265 
2505	150 
2506	23 
2507	85 
2508	79 
2509	11 
2510	169 
2511	5 
2512	208 
2513	215 
2514	19 
2515	38 
2516	58 
2517	211 
2518	37 
2519	29 
2520	243 
2521	172 
2522	142 
2523	192 
2524	144 
2525	74 
2526	211 
2527	3 
2528	144 
2529	124 
2530	160 
2531	216 
2532	262 
2533	233 
2534	237 
2535	183 
2536	136 
2537	92 
2538	168 
2539	30 
2540	24 
2541	231 
2542	106 
2543	205 
2544	193 
2545	71 
2546	14 
2547	240 
2548	162 
2549	30 
2550	199 
2551	134 
2552	225 
2553	15 
2554	34 
2555	122 
2556	123 
2557	245 
2558	93 
2559	210 
2560	139 
2561	37 
2562	113 
2563	42 
2564	82 
2565	4 
2566	191 
2567	62 
2568	197 
2569	205 
2570	217 
2571	182 
2572	199 
2573	113 
2574	30 
2575	168 
2576	158 
2577	3 
2578	117 
2579	10 
2580	188 
2581	194 
2582	67 
2583	183 
2584	45 
2585	161 
2586	197 
2587	168 
2588	111 
2589	34 
2590	84 
2591	100 
2592	169 
2593	40 
2594	107 
2595	70 
2596	220 
2597	208 
2598	79 
2599	107 
2600	78 
2601	11 
2602	237 
2603	238 
2604	12 
2605	206 
2606	161 
2607	22 
2608	135 
2609	110 
2610	108 
2611	47 
2612	42 
2613	211 
2614	256 
2615	152 
2616	189 
2617	193 
2618	245 
2619	208 
2620	225 
2621	209 
2622	214 
2623	6 
2624	144 
2625	188 
2626	15 
2627	70 
2628	8 
2629	183 
2630	116 
2631	27 
2632	26 
2633	265 
2634	146 
2635	7 
2636	37 
2637	135 
2638	211 
2639	28 
2640	112 
2641	96 
2642	67 
2643	236 
2644	129 
2645	210 
2646	249 
2647	105 
2648	208 
2649	143 
2650	264 
2651	2 
2652	173 
2653	139 
2654	226 
2655	65 
2656	87 
2657	137 
2658	259 
2659	111 
2660	145 
2661	185 
2662	15 
2663	81 
2664	54 
2665	109 
2666	252 
2667	40 
2668	161 
2669	141 
2670	18 
2671	219 
2672	157 
2673	33 
2674	135 
2675	56 
2676	265 
2677	18 
2678	76 
2679	20 
2680	46 
2681	86 
2682	126 
2683	172 
2684	145 
2685	44 
2686	237 
2687	5 
2688	29 
2689	170 
2690	168 
2691	245 
2692	177 
2693	222 
2694	31 
2695	264 
2696	247 
2697	52 
2698	64 
2699	113 
2700	72 
2701	49 
2702	31 
2703	136 
2704	35 
2705	135 
2706	43 
2707	234 
2708	235 
2709	136 
2710	233 
2711	51 
2712	181 
2713	12 
2714	106 
2715	43 
2716	1 
2717	9 
2718	201 
2719	263 
2720	258 
2721	168 
2722	31 
2723	5 
2724	258 
2725	231 
2726	17 
2727	37 
2728	140 
2729	89 
2730	17 
2731	7 
2732	225 
2733	89 
2734	153 
2735	45 
2736	201 
2737	59 
2738	228 
2739	116 
2740	165 
2741	236 
2742	98 
2743	151 
2744	239 
2745	235 
2746	207 
2747	142 
2748	102 
2749	150 
2750	7 
2751	27 
2752	187 
2753	242 
2754	51 
2755	101 
2756	170 
2757	207 
2758	24 
2759	154 
2760	7 
2761	89 
2762	16 
2763	8 
2764	239 
2765	24 
2766	243 
2767	247 
2768	243 
2769	102 
2770	46 
2771	44 
2772	236 
2773	36 
2774	6 
2775	157 
2776	213 
2777	232 
2778	22 
2779	122 
2780	156 
2781	231 
2782	95 
2783	8 
2784	262 
2785	219 
2786	106 
2787	184 
2788	10 
2789	181 
2790	250 
2791	74 
2792	241 
2793	194 
2794	172 
2795	30 
2796	129 
2797	106 
2798	120 
2799	203 
2800	179 
2801	20 
2802	37 
2803	117 
2804	51 
2805	180 
2806	224 
2807	34 
2808	3 
2809	25 
2810	97 
2811	256 
2812	100 
2813	72 
2814	226 
2815	239 
2816	219 
2817	55 
2818	102 
2819	85 
2820	160 
2821	224 
2822	12 
2823	197 
2824	22 
2825	86 
2826	73 
2827	192 
2828	62 
2829	157 
2830	194 
2831	250 
2832	260 
2833	44 
2834	42 
2835	111 
2836	239 
2837	228 
2838	237 
2839	83 
2840	223 
2841	159 
2842	11 
2843	119 
2844	143 
2845	135 
2846	115 
2847	202 
2848	8 
2849	168 
2850	50 
2851	24 
2852	43 
2853	241 
2854	160 
2855	225 
2856	247 
2857	162 
2858	181 
2859	71 
2860	117 
2861	154 
2862	200 
2863	226 
2864	161 
2865	107 
2866	84 
2867	228 
2868	222 
2869	8 
2870	146 
2871	77 
2872	97 
2873	113 
2874	42 
2875	260 
2876	88 
2877	104 
2878	101 
2879	166 
2880	114 
2881	259 
2882	128 
2883	25 
2884	209 
2885	14 
2886	186 
2887	18 
2888	186 
2889	263 
2890	92 
2891	110 
2892	202 
2893	168 
2894	104 
2895	16 
2896	48 
2897	9 
2898	123 
2899	264 
2900	255 
2901	265 
2902	5 
2903	51 
2904	251 
2905	27 
2906	142 
2907	206 
2908	261 
2909	153 
2910	53 
2911	45 
2912	258 
2913	102 
2914	222 
2915	235 
2916	187 
2917	254 
2918	199 
2919	77 
2920	25 
2921	7 
2922	100 
2923	93 
2924	35 
2925	83 
2926	187 
2927	28 
2928	3 
2929	50 
2930	146 
2931	5 
2932	115 
2933	119 
2934	40 
2935	203 
2936	84 
2937	135 
2938	228 
2939	265 
2940	139 
2941	8 
2942	180 
2943	1 
2944	224 
2945	59 
2946	12 
2947	207 
2948	176 
2949	142 
2950	236 
2951	32 
2952	238 
2953	107 
2954	5 
2955	20 
2956	6 
2957	107 
2958	121 
2959	188 
2960	32 
2961	4 
2962	34 
2963	188 
2964	198 
2965	30 
2966	182 
2967	12 
2968	74 
2969	47 
2970	200 
2971	172 
2972	34 
2973	181 
2974	73 
2975	199 
2976	34 
2977	133 
2978	134 
2979	108 
2980	104 
2981	187 
2982	230 
2983	213 
2984	230 
2985	167 
2986	32 
2987	229 
2988	144 
2989	233 
2990	185 
2991	251 
2992	118 
2993	140 
2994	218 
2995	4 
2996	76 
2997	53 
2998	210 
2999	60 
3000	224 
3001	192 
3002	42 
3003	45 
3004	233 
3005	203 
3006	182 
3007	100 
3008	83 
3009	236 
3010	233 
3011	119 
3012	135 
3013	202 
3014	121 
3015	264 
3016	44 
3017	113 
3018	224 
3019	247 
3020	87 
3021	115 
3022	187 
3023	235 
3024	103 
3025	149 
3026	262 
3027	221 
3028	12 
3029	99 
3030	27 
3031	44 
3032	12 
3033	162 
3034	29 
3035	175 
3036	80 
3037	193 
3038	235 
3039	106 
3040	46 
3041	254 
3042	143 
3043	30 
3044	132 
3045	238 
3046	168 
3047	165 
3048	233 
3049	203 
3050	240 
3051	241 
3052	221 
3053	133 
3054	24 
3055	132 
3056	113 
3057	47 
3058	74 
3059	119 
3060	235 
3061	144 
3062	264 
3063	78 
3064	145 
3065	139 
3066	109 
3067	139 
3068	254 
3069	34 
3070	252 
3071	11 
3072	26 
3073	86 
3074	235 
3075	253 
3076	2 
3077	15 
3078	59 
3079	265 
3080	150 
3081	37 
3082	58 
3083	61 
3084	101 
3085	144 
3086	125 
3087	7 
3088	222 
3089	60 
3090	264 
3091	176 
3092	121 
3093	119 
3094	148 
3095	128 
3096	150 
3097	30 
3098	69 
3099	262 
3100	191 
3101	42 
3102	263 
3103	71 
3104	230 
3105	8 
3106	237 
3107	115 
3108	60 
3109	113 
3110	23 
3111	135 
3112	104 
3113	123 
3114	207 
3115	57 
3116	106 
3117	50 
3118	87 
3119	135 
3120	213 
3121	127 
3122	115 
3123	193 
3124	248 
3125	13 
3126	39 
3127	87 
3128	224 
3129	34 
3130	218 
3131	123 
3132	255 
3133	121 
3134	238 
3135	83 
3136	54 
3137	97 
3138	8 
3139	182 
3140	147 
3141	135 
3142	31 
3143	13 
3144	135 
3145	52 
3146	198 
3147	28 
3148	81 
3149	23 
3150	20 
3151	223 
3152	46 
3153	72 
3154	186 
3155	130 
3156	112 
3157	248 
3158	221 
3159	33 
3160	198 
3161	55 
3162	260 
3163	188 
3164	34 
3165	127 
3166	53 
3167	111 
3168	162 
3169	111 
3170	28 
3171	26 
3172	168 
3173	255 
3174	199 
3175	126 
3176	20 
3177	32 
3178	265 
3179	49 
3180	260 
3181	111 
3182	115 
3183	131 
3184	199 
3185	34 
3186	178 
3187	249 
3188	262 
3189	243 
3190	251 
3191	193 
3192	257 
3193	138 
3194	181 
3195	232 
3196	21 
3197	24 
3198	99 
3199	22 
3200	96 
3201	113 
3202	95 
3203	227 
3204	239 
3205	78 
3206	135 
3207	58 
3208	80 
3209	248 
3210	7 
3211	265 
3212	117 
3213	216 
3214	218 
3215	179 
3216	89 
3217	256 
3218	5 
3219	153 
3220	121 
3221	183 
3222	260 
3223	174 
3224	223 
3225	113 
3226	179 
3227	197 
3228	31 
3229	239 
3230	11 
3231	247 
3232	233 
3233	104 
3234	126 
3235	258 
3236	179 
3237	217 
3238	188 
3239	145 
3240	117 
3241	24 
3242	207 
3243	4 
3244	104 
3245	93 
3246	230 
3247	133 
3248	16 
3249	83 
3250	234 
3251	150 
3252	212 
3253	76 
3254	93 
3255	99 
3256	42 
3257	32 
3258	254 
3259	104 
3260	167 
3261	81 
3262	261 
3263	104 
3264	64 
3265	143 
3266	263 
3267	32 
3268	31 
3269	234 
3270	113 
3271	121 
3272	46 
3273	182 
3274	132 
3275	21 
3276	214 
3277	208 
3278	172 
3279	123 
3280	114 
3281	4 
3282	181 
3283	201 
3284	223 
3285	78 
3286	193 
3287	73 
3288	19 
3289	13 
3290	260 
3291	43 
3292	117 
3293	116 
3294	191 
3295	64 
3296	20 
3297	160 
3298	15 
3299	246 
3300	90 
3301	20 
3302	176 
3303	13 
3304	102 
3305	49 
3306	225 
3307	82 
3308	197 
3309	199 
3310	238 
3311	235 
3312	49 
3313	224 
3314	87 
3315	188 
3316	157 
3317	208 
3318	135 
3319	80 
3320	31 
3321	210 
3322	158 
3323	195 
3324	99 
3325	66 
3326	23 
3327	122 
3328	125 
3329	204 
3330	75 
3331	133 
3332	250 
3333	150 
3334	126 
3335	81 
3336	102 
3337	168 
3338	55 
3339	191 
3340	82 
3341	156 
3342	167 
3343	149 
3344	52 
3345	17 
3346	86 
3347	60 
3348	110 
3349	13 
3350	54 
3351	113 
3352	149 
3353	145 
3354	114 
3355	87 
3356	20 
3357	146 
3358	105 
3359	248 
3360	257 
3361	4 
3362	15 
3363	209 
3364	175 
3365	142 
3366	163 
3367	255 
3368	15 
3369	24 
3370	178 
3371	52 
3372	163 
3373	148 
3374	84 
3375	253 
3376	83 
3377	67 
3378	10 
3379	113 
3380	235 
3381	256 
3382	60 
3383	121 
3384	173 
3385	201 
3386	176 
3387	140 
3388	169 
3389	181 
3390	219 
3391	157 
3392	15 
3393	2 
3394	103 
3395	150 
3396	241 
3397	102 
3398	124 
3399	156 
3400	181 
3401	31 
3402	217 
3403	65 
3404	200 
3405	41 
3406	107 
3407	51 
3408	91 
3409	145 
3410	205 
3411	142 
3412	34 
3413	58 
3414	168 
3415	135 
3416	245 
3417	1 
3418	112 
3419	248 
3420	245 
3421	63 
3422	230 
3423	186 
3424	179 
3425	44 
3426	133 
3427	59 
3428	240 
3429	217 
3430	211 
3431	27 
3432	119 
3433	173 
3434	93 
3435	52 
3436	51 
3437	233 
3438	94 
3439	7 
3440	30 
3441	217 
3442	61 
3443	262 
3444	32 
3445	255 
3446	76 
3447	247 
3448	114 
3449	141 
3450	205 
3451	177 
3452	139 
3453	48 
3454	154 
3455	139 
3456	223 
3457	121 
3458	107 
3459	241 
3460	175 
3461	142 
3462	27 
3463	24 
3464	234 
3465	150 
3466	25 
3467	172 
3468	172 
3469	54 
3470	119 
3471	184 
3472	113 
3473	210 
3474	231 
3475	125 
3476	235 
3477	224 
3478	156 
3479	49 
3480	133 
3481	198 
3482	96 
3483	109 
3484	252 
3485	6 
3486	236 
3487	213 
3488	96 
3489	2 
3490	248 
3491	12 
3492	263 
3493	12 
3494	180 
3495	64 
3496	237 
3497	221 
3498	24 
3499	121 
3500	68 
3501	182 
3502	224 
3503	169 
3504	154 
3505	44 
3506	34 
3507	97 
3508	239 
3509	32 
3510	221 
3511	162 
3512	59 
3513	234 
3514	66 
3515	25 
3516	39 
3517	73 
3518	126 
3519	246 
3520	234 
3521	205 
3522	196 
3523	131 
3524	46 
3525	205 
3526	20 
3527	124 
3528	119 
3529	6 
3530	152 
3531	82 
3532	195 
3533	194 
3534	157 
3535	256 
3536	133 
3537	156 
3538	121 
3539	93 
3540	188 
3541	235 
3542	7 
3543	187 
3544	79 
3545	100 
3546	253 
3547	129 
3548	74 
3549	178 
3550	95 
3551	143 
3552	125 
3553	94 
3554	14 
3555	162 
3556	264 
3557	3 
3558	185 
3559	95 
3560	253 
3561	169 
3562	156 
3563	109 
3564	116 
3565	192 
3566	238 
3567	72 
3568	246 
3569	128 
3570	170 
3571	69 
3572	176 
3573	51 
3574	20 
3575	42 
3576	261 
3577	33 
3578	42 
3579	224 
3580	113 
3581	27 
3582	264 
3583	253 
3584	128 
3585	90 
3586	207 
3587	184 
3588	254 
3589	110 
3590	117 
3591	132 
3592	153 
3593	47 
3594	111 
3595	118 
3596	22 
3597	77 
3598	195 
3599	255 
3600	172 
3601	217 
3602	85 
3603	240 
3604	156 
3605	87 
3606	5 
3607	253 
3608	124 
3609	180 
3610	113 
3611	247 
3612	156 
3613	1 
3614	233 
3615	45 
3616	30 
3617	196 
3618	158 
3619	232 
3620	45 
3621	142 
3622	220 
3623	254 
3624	160 
3625	6 
3626	59 
3627	260 
3628	153 
3629	31 
3630	172 
3631	3 
3632	135 
3633	102 
3634	12 
3635	264 
3636	139 
3637	246 
3638	5 
3639	254 
3640	202 
3641	229 
3642	157 
3643	95 
3644	152 
3645	20 
3646	142 
3647	48 
3648	59 
3649	169 
3650	30 
3651	203 
3652	224 
3653	49 
3654	145 
3655	241 
3656	102 
3657	105 
3658	19 
3659	176 
3660	14 
3661	107 
3662	241 
3663	97 
3664	92 
3665	218 
3666	170 
3667	33 
3668	245 
3669	200 
3670	100 
3671	73 
3672	186 
3673	188 
3674	250 
3675	265 
3676	109 
3677	95 
3678	34 
3679	164 
3680	217 
3681	120 
3682	248 
3683	72 
3684	114 
3685	264 
3686	100 
3687	218 
3688	203 
3689	167 
3690	133 
3691	36 
3692	244 
3693	93 
3694	72 
3695	174 
3696	199 
3697	7 
3698	8 
3699	142 
3700	99 
3701	152 
3702	104 
3703	58 
3704	18 
3705	143 
3706	235 
3707	238 
3708	83 
3709	118 
3710	30 
3711	76 
3712	77 
3713	34 
3714	30 
3715	195 
3716	139 
3717	83 
3718	152 
3719	132 
3720	198 
3721	161 
3722	118 
3723	87 
3724	118 
3725	105 
3726	201 
3727	42 
3728	106 
3729	170 
3730	158 
3731	216 
3732	226 
3733	61 
3734	259 
3735	232 
3736	110 
3737	176 
3738	236 
3739	79 
3740	200 
3741	237 
3742	141 
3743	182 
3744	217 
3745	34 
3746	108 
3747	125 
3748	151 
3749	244 
3750	115 
3751	30 
3752	115 
3753	231 
3754	25 
3755	27 
3756	219 
3757	17 
3758	48 
3759	230 
3760	223 
3761	97 
3762	168 
3763	169 
3764	132 
3765	59 
3766	235 
3767	123 
3768	238 
3769	116 
3770	191 
3771	115 
3772	135 
3773	45 
3774	216 
3775	240 
3776	38 
3777	248 
3778	266 
3779	15 
3780	23 
3781	21 
3782	20 
3783	44 
3784	144 
3785	176 
3786	231 
3787	5 
3788	143 
3789	38 
3790	33 
3791	33 
3792	151 
3793	32 
3794	54 
3795	73 
3796	221 
3797	178 
3798	6 
3799	221 
3800	164 
3801	126 
3802	18 
3803	132 
3804	215 
3805	24 
3806	198 
3807	34 
3808	144 
3809	164 
3810	54 
3811	121 
3812	83 
3813	74 
3814	163 
3815	78 
3816	121 
3817	64 
3818	49 
3819	8 
3820	7 
3821	167 
3822	102 
3823	93 
3824	85 
3825	176 
3826	44 
3827	42 
3828	95 
3829	128 
3830	239 
3831	203 
3832	216 
3833	197 
3834	145 
3835	219 
3836	225 
3837	76 
3838	117 
3839	125 
3840	222 
3841	102 
3842	24 
3843	72 
3844	78 
3845	79 
3846	57 
3847	112 
3848	12 
3849	178 
3850	83 
3851	167 
3852	33 
3853	29 
3854	151 
3855	217 
3856	226 
3857	149 
3858	49 
3859	261 
3860	38 
3861	45 
3862	29 
3863	59 
3864	57 
3865	129 
3866	80 
3867	34 
3868	199 
3869	45 
3870	84 
3871	27 
3872	234 
3873	45 
3874	61 
3875	121 
3876	129 
3877	250 
3878	79 
3879	225 
3880	241 
3881	143 
3882	116 
3883	212 
3884	17 
3885	160 
3886	112 
3887	48 
3888	44 
3889	93 
3890	55 
3891	174 
3892	152 
3893	84 
3894	11 
3895	137 
3896	221 
3897	75 
3898	198 
3899	110 
3900	194 
3901	224 
3902	32 
3903	164 
3904	249 
3905	220 
3906	264 
3907	149 
3908	45 
3909	46 
3910	25 
3911	237 
3912	81 
3913	203 
3914	231 
3915	72 
3916	40 
3917	121 
3918	225 
3919	75 
3920	96 
3921	44 
3922	115 
3923	236 
3924	88 
3925	182 
3926	250 
3927	176 
3928	21 
3929	220 
3930	238 
3931	36 
3932	154 
3933	80 
3934	133 
3935	39 
3936	96 
3937	185 
3938	249 
3939	94 
3940	127 
3941	15 
3942	79 
3943	241 
3944	148 
3945	34 
3946	107 
3947	251 
3948	32 
3949	249 
3950	248 
3951	34 
3952	235 
3953	210 
3954	58 
3955	247 
3956	36 
3957	96 
3958	144 
3959	15 
3960	85 
3961	162 
3962	236 
3963	87 
3964	72 
3965	30 
3966	214 
3967	264 
3968	92 
3969	40 
3970	178 
3971	164 
3972	1 
3973	194 
3974	199 
3975	136 
3976	199 
3977	21 
3978	44 
3979	172 
3980	255 
3981	31 
3982	77 
3983	78 
3984	73 
3985	57 
3986	181 
3987	136 
3988	15 
3989	2 
3990	40 
3991	39 
3992	94 
3993	196 
3994	97 
3995	73 
3996	78 
3997	220 
3998	5 
3999	177 
4000	74 
4001	106 
4002	167 
4003	69 
4004	172 
4005	83 
4006	246 
4007	105 
4008	126 
4009	162 
4010	147 
4011	263 
4012	196 
4013	1 
4014	259 
4015	112 
4016	201 
4017	149 
4018	259 
4019	149 
4020	44 
4021	226 
4022	103 
4023	239 
4024	231 
4025	123 
4026	29 
4027	96 
4028	44 
4029	170 
4030	68 
4031	240 
4032	49 
4033	93 
4034	178 
4035	213 
4036	59 
4037	100 
4038	68 
4039	20 
4040	58 
4041	30 
4042	23 
4043	258 
4044	24 
4045	78 
4046	125 
4047	230 
4048	84 
4049	116 
4050	232 
4051	66 
4052	170 
4053	68 
4054	96 
4055	78 
4056	131 
4057	253 
4058	173 
4059	112 
4060	107 
4061	172 
4062	44 
4063	203 
4064	216 
4065	82 
4066	184 
4067	185 
4068	172 
4069	10 
4070	67 
4071	160 
4072	192 
4073	224 
4074	213 
4075	87 
4076	133 
4077	179 
4078	172 
4079	45 
4080	87 
4081	219 
4082	39 
4083	231 
4084	59 
4085	152 
4086	52 
4087	30 
4088	99 
4089	9 
4090	197 
4091	233 
4092	193 
4093	93 
4094	235 
4095	177 
4096	216 
4097	12 
4098	39 
4099	126 
4100	159 
4101	102 
4102	265 
4103	240 
4104	184 
4105	5 
4106	129 
4107	123 
4108	100 
4109	25 
4110	148 
4111	73 
4112	186 
4113	69 
4114	123 
4115	55 
4116	249 
4117	154 
4118	93 
4119	123 
4120	163 
4121	206 
4122	199 
4123	95 
4124	103 
4125	219 
4126	180 
4127	240 
4128	83 
4129	72 
4130	150 
4131	19 
4132	52 
4133	123 
4134	199 
4135	44 
4136	29 
4137	194 
4138	259 
4139	105 
4140	77 
4141	45 
4142	204 
4143	113 
4144	44 
4145	163 
4146	73 
4147	250 
4148	85 
4149	50 
4150	255 
4151	73 
4152	235 
4153	72 
4154	61 
4155	264 
4156	99 
4157	168 
4158	1 
4159	15 
4160	32 
4161	250 
4162	198 
4163	163 
4164	63 
4165	147 
4166	82 
4167	10 
4168	204 
4169	256 
4170	236 
4171	8 
4172	35 
4173	78 
4174	264 
4175	135 
4176	106 
4177	43 
4178	187 
4179	210 
4180	54 
4181	165 
4182	194 
4183	260 
4184	42 
4185	8 
4186	148 
4187	44 
4188	127 
4189	76 
4190	168 
4191	3 
4192	49 
4193	254 
4194	250 
4195	147 
4196	69 
4197	148 
4198	109 
4199	221 
4200	75 
4201	214 
4202	25 
4203	237 
4204	125 
4205	205 
4206	115 
4207	63 
4208	247 
4209	248 
4210	20 
4211	53 
4212	90 
4213	208 
4214	187 
4215	264 
4216	174 
4217	248 
4218	99 
4219	39 
4220	14 
4221	52 
4222	133 
4223	265 
4224	168 
4225	81 
4226	131 
4227	24 
4228	27 
4229	30 
4230	218 
4231	179 
4232	250 
4233	103 
4234	210 
4235	230 
4236	234 
4237	68 
4238	139 
4239	179 
4240	183 
4241	95 
4242	10 
4243	264 
4244	111 
4245	199 
4246	24 
4247	64 
4248	246 
4249	36 
4250	191 
4251	88 
4252	53 
4253	41 
4254	87 
4255	84 
4256	153 
4257	251 
4258	235 
4259	234 
4260	221 
4261	124 
4262	42 
4263	149 
4264	15 
4265	118 
4266	218 
4267	41 
4268	136 
4269	175 
4270	172 
4271	206 
4272	16 
4273	142 
4274	263 
4275	192 
4276	193 
4277	197 
4278	185 
4279	7 
4280	80 
4281	180 
4282	224 
4283	109 
4284	7 
4285	68 
4286	45 
4287	111 
4288	17 
4289	162 
4290	138 
4291	8 
4292	15 
4293	33 
4294	31 
4295	252 
4296	87 
4297	176 
4298	61 
4299	193 
4300	31 
4301	126 
4302	102 
4303	116 
4304	72 
4305	72 
4306	1 
4307	147 
4308	113 
4309	179 
4310	169 
4311	212 
4312	25 
4313	181 
4314	69 
4315	100 
4316	2 
4317	235 
4318	119 
4319	114 
4320	251 
4321	77 
4322	225 
4323	262 
4324	214 
4325	116 
4326	138 
4327	125 
4328	175 
4329	17 
4330	206 
4331	121 
4332	154 
4333	236 
4334	1 
4335	1 
4336	136 
4337	102 
4338	83 
4339	253 
4340	165 
4341	246 
4342	73 
4343	29 
4344	59 
4345	18 
4346	106 
4347	117 
4348	240 
4349	27 
4350	135 
4351	133 
4352	120 
4353	179 
4354	74 
4355	153 
4356	116 
4357	176 
4358	36 
4359	159 
4360	96 
4361	188 
4362	132 
4363	234 
4364	250 
4365	218 
4366	29 
4367	93 
4368	99 
4369	42 
4370	173 
4371	41 
4372	215 
4373	248 
4374	93 
4375	198 
4376	168 
4377	123 
4378	194 
4379	8 
4380	67 
4381	176 
4382	1 
4383	40 
4384	198 
4385	152 
4386	154 
4387	236 
4388	137 
4389	238 
4390	217 
4391	85 
4392	57 
4393	81 
4394	90 
4395	260 
4396	27 
4397	203 
4398	224 
4399	236 
4400	16 
4401	185 
4402	53 
4403	8 
4404	244 
4405	138 
4406	133 
4407	30 
4408	178 
4409	20 
4410	96 
4411	43 
4412	187 
4413	127 
4414	39 
4415	132 
4416	65 
4417	121 
4418	173 
4419	104 
4420	234 
4421	65 
4422	9 
4423	119 
4424	212 
4425	178 
4426	192 
4427	65 
4428	240 
4429	29 
4430	179 
4431	180 
4432	105 
4433	20 
4434	247 
4435	187 
4436	116 
4437	140 
4438	1 
4439	42 
4440	255 
4441	164 
4442	30 
4443	37 
4444	196 
4445	240 
4446	260 
4447	74 
4448	136 
4449	169 
4450	260 
4451	15 
4452	179 
4453	202 
4454	214 
4455	78 
4456	183 
4457	33 
4458	221 
4459	233 
4460	96 
4461	111 
4462	34 
4463	177 
4464	195 
4465	243 
4466	207 
4467	121 
4468	105 
4469	116 
4470	232 
4471	10 
4472	117 
4473	263 
4474	7 
4475	246 
4476	100 
4477	163 
4478	260 
4479	214 
4480	34 
4481	1 
4482	163 
4483	87 
4484	198 
4485	103 
4486	10 
4487	157 
4488	78 
4489	46 
4490	205 
4491	226 
4492	153 
4493	221 
4494	234 
4495	179 
4496	237 
4497	198 
4498	169 
4499	111 
4500	84 
4501	7 
4502	61 
4503	1 
4504	249 
4505	39 
4506	220 
4507	53 
4508	25 
4509	173 
4510	254 
4511	195 
4512	78 
4513	192 
4514	83 
4515	172 
4516	100 
4517	216 
4518	107 
4519	248 
4520	156 
4521	191 
4522	179 
4523	80 
4524	208 
4525	169 
4526	233 
4527	48 
4528	240 
4529	18 
4530	119 
4531	175 
4532	19 
4533	99 
4534	182 
4535	5 
4536	43 
4537	263 
4538	191 
4539	188 
4540	241 
4541	105 
4542	124 
4543	154 
4544	137 
4545	185 
4546	112 
4547	80 
4548	72 
4549	215 
4550	66 
4551	265 
4552	224 
4553	131 
4554	27 
4555	257 
4556	233 
4557	211 
4558	225 
4559	182 
4560	141 
4561	49 
4562	250 
4563	265 
4564	125 
4565	237 
4566	144 
4567	39 
4568	125 
4569	217 
4570	217 
4571	133 
4572	6 
4573	251 
4574	114 
4575	97 
4576	82 
4577	154 
4578	103 
4579	65 
4580	154 
4581	63 
4582	264 
4583	87 
4584	187 
4585	256 
4586	221 
4587	177 
4588	218 
4589	251 
4590	264 
4591	168 
4592	168 
4593	1 
4594	8 
4595	235 
4596	78 
4597	49 
4598	27 
4599	11 
4600	144 
4601	207 
4602	183 
4603	243 
4604	105 
4605	34 
4606	133 
4607	116 
4608	240 
4609	173 
4610	154 
4611	198 
4612	50 
4613	209 
4614	41 
4615	136 
4616	58 
4617	217 
4618	223 
4619	157 
4620	9 
4621	196 
4622	29 
4623	243 
4624	252 
4625	202 
4626	5 
4627	172 
4628	63 
4629	254 
4630	90 
4631	10 
4632	104 
4633	162 
4634	96 
4635	19 
4636	1 
4637	204 
4638	213 
4639	168 
4640	232 
4641	178 
4642	249 
4643	44 
4644	82 
4645	169 
4646	103 
4647	182 
4648	258 
4649	249 
4650	2 
4651	102 
4652	32 
4653	237 
4654	120 
4655	97 
4656	48 
4657	119 
4658	121 
4659	115 
4660	76 
4661	182 
4662	188 
4663	236 
4664	153 
4665	16 
4666	247 
4667	235 
4668	8 
4669	65 
4670	126 
4671	214 
4672	45 
4673	52 
4674	237 
4675	80 
4676	72 
4677	136 
4678	32 
4679	111 
4680	265 
4681	160 
4682	217 
4683	6 
4684	48 
4685	77 
4686	179 
4687	192 
4688	175 
4689	230 
4690	159 
4691	136 
4692	136 
4693	143 
4694	135 
4695	148 
4696	75 
4697	59 
4698	233 
4699	145 
4700	31 
4701	255 
4702	236 
4703	29 
4704	92 
4705	76 
4706	136 
4707	125 
4708	99 
4709	222 
4710	106 
4711	174 
4712	173 
4713	73 
4714	115 
4715	37 
4716	110 
4717	131 
4718	169 
4719	240 
4720	59 
4721	164 
4722	32 
4723	59 
4724	20 
4725	53 
4726	184 
4727	66 
4728	154 
4729	177 
4730	53 
4731	100 
4732	253 
4733	97 
4734	259 
4735	37 
4736	148 
4737	236 
4738	48 
4739	168 
4740	230 
4741	206 
4742	105 
4743	187 
4744	20 
4745	193 
4746	102 
4747	154 
4748	100 
4749	91 
4750	79 
4751	244 
4752	119 
4753	94 
4754	185 
4755	245 
4756	45 
4757	209 
4758	207 
4759	179 
4760	83 
4761	255 
4762	96 
4763	127 
4764	1 
4765	31 
4766	173 
4767	254 
4768	135 
4769	201 
4770	95 
4771	138 
4772	28 
4773	59 
4774	145 
4775	50 
4776	107 
4777	181 
4778	14 
4779	118 
4780	110 
4781	121 
4782	246 
4783	40 
4784	164 
4785	43 
4786	140 
4787	250 
4788	212 
4789	261 
4790	237 
4791	176 
4792	137 
4793	43 
4794	28 
4795	12 
4796	140 
4797	111 
4798	235 
4799	83 
4800	208 
4801	188 
4802	48 
4803	145 
4804	57 
4805	133 
4806	179 
4807	137 
4808	1 
4809	28 
4810	202 
4811	103 
4812	251 
4813	105 
4814	15 
4815	191 
4816	77 
4817	191 
4818	253 
4819	204 
4820	121 
4821	193 
4822	220 
4823	165 
4824	33 
4825	253 
4826	54 
4827	73 
4828	260 
4829	135 
4830	169 
4831	236 
4832	129 
4833	95 
4834	58 
4835	266 
4836	59 
4837	102 
4838	99 
4839	78 
4840	103 
4841	3 
4842	186 
4843	15 
4844	102 
4845	260 
4846	217 
4847	32 
4848	251 
4849	45 
4850	91 
4851	181 
4852	40 
4853	165 
4854	213 
4855	212 
4856	39 
4857	100 
4858	46 
4859	161 
4860	31 
4861	67 
4862	187 
4863	235 
4864	226 
4865	132 
4866	131 
4867	59 
4868	217 
4869	90 
4870	178 
4871	121 
4872	107 
4873	97 
4874	230 
4875	13 
4876	224 
4877	12 
4878	34 
4879	64 
4880	213 
4881	210 
4882	58 
4883	243 
4884	118 
4885	157 
4886	170 
4887	145 
4888	76 
4889	260 
4890	149 
4891	265 
4892	149 
4893	141 
4894	149 
4895	115 
4896	131 
4897	164 
4898	141 
4899	37 
4900	121 
4901	258 
4902	188 
4903	236 
4904	197 
4905	100 
4906	113 
4907	116 
4908	168 
4909	95 
4910	94 
4911	102 
4912	87 
4913	90 
4914	95 
4915	175 
4916	162 
4917	29 
4918	135 
4919	224 
4920	207 
4921	203 
4922	247 
4923	157 
4924	81 
4925	116 
4926	162 
4927	209 
4928	95 
4929	236 
4930	12 
4931	233 
4932	183 
4933	1 
4934	143 
4935	264 
4936	161 
4937	241 
4938	34 
4939	250 
4940	34 
4941	215 
4942	91 
4943	126 
4944	69 
4945	169 
4946	141 
4947	224 
4948	140 
4949	247 
4950	259 
4951	266 
4952	53 
4953	127 
4954	121 
4955	20 
4956	169 
4957	157 
4958	121 
4959	213 
4960	225 
4961	233 
4962	209 
4963	17 
4964	128 
4965	67 
4966	121 
4967	123 
4968	12 
4969	52 
4970	131 
4971	5 
4972	100 
4973	253 
4974	265 
4975	128 
4976	234 
4977	246 
4978	121 
4979	195 
4980	236 
4981	140 
4982	236 
4983	138 
4984	104 
4985	239 
4986	95 
4987	3 
4988	185 
4989	31 
4990	249 
4991	48 
4992	172 
4993	78 
4994	74 
4995	162 
4996	34 
4997	147 
4998	240 
4999	107 
5000	168 
5001	214 
5002	58 
5003	157 
5004	73 
5005	169 
5006	67 
5007	212 
5008	133 
5009	48 
5010	248 
5011	85 
5012	8 
5013	220 
5014	105 
5015	173 
5016	48 
5017	8 
5018	45 
5019	67 
5020	9 
5021	24 
5022	2 
5023	6 
5024	183 
5025	43 
5026	206 
5027	156 
5028	61 
5029	123 
5030	119 
5031	83 
5032	179 
5033	111 
5034	192 
5035	113 
5036	215 
5037	235 
5038	212 
5039	20 
5040	31 
5041	104 
5042	145 
5043	263 
5044	117 
5045	128 
5046	236 
5047	148 
5048	94 
5049	119 
5050	145 
5051	199 
5052	253 
5053	245 
5054	6 
5055	139 
5056	160 
5057	240 
5058	102 
5059	263 
5060	180 
5061	157 
5062	265 
5063	102 
5064	20 
5065	206 
5066	165 
5067	184 
5068	15 
5069	79 
5070	52 
5071	262 
5072	265 
5073	121 
5074	97 
5075	3 
5076	140 
5077	138 
5078	260 
5079	128 
5080	90 
5081	42 
5082	170 
5083	235 
5084	135 
5085	73 
5086	160 
5087	213 
5088	181 
5089	34 
5090	236 
5091	172 
5092	90 
5093	262 
5094	64 
5095	123 
5096	9 
5097	45 
5098	84 
5099	52 
5100	168 
5101	100 
5102	248 
5103	45 
5104	205 
5105	244 
5106	232 
5107	202 
5108	123 
5109	136 
5110	195 
5111	120 
5112	264 
5113	126 
5114	8 
5115	81 
5116	131 
5117	45 
5118	104 
5119	250 
5120	249 
5121	5 
5122	1 
5123	184 
5124	230 
5125	138 
5126	233 
5127	129 
5128	148 
5129	7 
5130	181 
5131	140 
5132	183 
5133	241 
5134	48 
5135	177 
5136	141 
5137	174 
5138	43 
5139	152 
5140	113 
5141	263 
5142	221 
5143	141 
5144	125 
5145	63 
5146	83 
5147	235 
5148	12 
5149	113 
5150	5 
5151	254 
5152	202 
5153	25 
5154	188 
5155	135 
5156	213 
5157	123 
5158	58 
5159	188 
5160	172 
5161	80 
5162	74 
5163	247 
5164	24 
5165	32 
5166	193 
5167	264 
5168	15 
5169	90 
5170	50 
5171	69 
5172	5 
5173	16 
5174	176 
5175	128 
5176	102 
5177	31 
5178	232 
5179	204 
5180	197 
5181	95 
5182	55 
5183	135 
5184	250 
5185	233 
5186	65 
5187	72 
5188	15 
5189	14 
5190	230 
5191	45 
5192	196 
5193	78 
5194	50 
5195	186 
5196	179 
5197	109 
5198	218 
5199	95 
5200	32 
5201	140 
5202	255 
5203	92 
5204	46 
5205	222 
5206	24 
5207	58 
5208	138 
5209	234 
5210	128 
5211	217 
5212	123 
5213	168 
5214	183 
5215	206 
5216	87 
5217	59 
5218	48 
5219	80 
5220	9 
5221	249 
5222	52 
5223	76 
5224	34 
5225	140 
5226	265 
5227	263 
5228	164 
5229	259 
5230	149 
5231	145 
5232	7 
5233	219 
5234	175 
5235	239 
5236	207 
5237	175 
5238	58 
5239	237 
5240	64 
5241	107 
5242	186 
5243	197 
5244	141 
5245	7 
5246	105 
5247	131 
5248	54 
5249	27 
5250	32 
5251	64 
5252	217 
5253	172 
5254	210 
5255	107 
5256	217 
5257	32 
5258	178 
5259	76 
5260	239 
5261	102 
5262	161 
5263	124 
5264	111 
5265	249 
5266	114 
5267	246 
5268	137 
5269	13 
5270	188 
5271	31 
5272	265 
5273	7 
5274	72 
5275	7 
5276	84 
5277	102 
5278	250 
5279	93 
5280	12 
5281	110 
5282	23 
5283	148 
5284	77 
5285	5 
5286	49 
5287	148 
5288	95 
5289	33 
5290	31 
5291	184 
5292	202 
5293	235 
5294	100 
5295	119 
5296	66 
5297	169 
5298	219 
5299	254 
5300	173 
5301	176 
5302	233 
5303	161 
5304	105 
5305	124 
5306	77 
5307	97 
5308	5 
5309	72 
5310	172 
5311	244 
5312	159 
5313	8 
5314	116 
5315	102 
5316	224 
5317	132 
5318	238 
5319	103 
5320	110 
5321	180 
5322	25 
5323	128 
5324	17 
5325	52 
5326	249 
5327	196 
5328	124 
5329	27 
5330	39 
5331	224 
5332	198 
5333	92 
5334	77 
5335	217 
5336	68 
5337	37 
5338	6 
5339	40 
5340	233 
5341	188 
5342	96 
5343	192 
5344	182 
5345	149 
5346	181 
5347	250 
5348	83 
5349	209 
5350	257 
5351	6 
5352	105 
5353	100 
5354	1 
5355	140 
5356	99 
5357	236 
5358	73 
5359	206 
5360	177 
5361	193 
5362	160 
5363	82 
5364	83 
5365	238 
5366	179 
5367	52 
5368	225 
5369	154 
5370	233 
5371	17 
5372	168 
5373	193 
5374	224 
5375	233 
5376	74 
5377	181 
5378	235 
5379	30 
5380	133 
5381	193 
5382	77 
5383	69 
5384	151 
5385	61 
5386	37 
5387	263 
5388	92 
5389	14 
5390	41 
5391	6 
5392	3 
5393	102 
5394	179 
5395	128 
5396	37 
5397	52 
5398	115 
5399	210 
5400	55 
5401	126 
5402	82 
5403	117 
5404	142 
5405	16 
5406	164 
5407	133 
5408	27 
5409	263 
5410	91 
5411	261 
5412	261 
5413	181 
5414	147 
5415	87 
5416	199 
5417	77 
5418	173 
5419	247 
5420	41 
5421	240 
5422	208 
5423	240 
5424	128 
5425	30 
5426	31 
5427	46 
5428	172 
5429	81 
5430	117 
5431	5 
5432	264 
5433	83 
5434	107 
5435	14 
5436	169 
5437	50 
5438	172 
5439	159 
5440	99 
5441	204 
5442	212 
5443	100 
5444	132 
5445	43 
5446	95 
5447	15 
5448	247 
5449	145 
5450	123 
5451	244 
5452	126 
5453	249 
5454	10 
5455	199 
5456	153 
5457	23 
5458	176 
5459	265 
5460	63 
5461	222 
5462	68 
5463	175 
5464	126 
5465	230 
5466	234 
5467	33 
5468	187 
5469	39 
5470	173 
5471	17 
5472	41 
5473	199 
5474	198 
5475	156 
5476	17 
5477	31 
5478	162 
5479	249 
5480	255 
5481	58 
5482	25 
5483	169 
5484	45 
5485	57 
5486	44 
5487	67 
5488	260 
5489	211 
5490	111 
5491	24 
5492	168 
5493	20 
5494	211 
5495	215 
5496	69 
5497	212 
5498	17 
5499	14 
5500	83 
5501	240 
5502	95 
5503	140 
5504	181 
5505	32 
5506	204 
5507	83 
5508	244 
5509	69 
5510	224 
5511	99 
5512	87 
5513	188 
5514	128 
5515	94 
5516	74 
5517	216 
5518	139 
5519	8 
5520	95 
5521	20 
5522	113 
5523	233 
5524	58 
5525	114 
5526	68 
5527	107 
5528	153 
5529	252 
5530	77 
5531	188 
5532	97 
5533	153 
5534	69 
5535	5 
5536	215 
5537	119 
5538	132 
5539	77 
5540	173 
5541	95 
5542	265 
5543	181 
5544	59 
5545	249 
5546	170 
5547	46 
5548	83 
5549	210 
5550	114 
5551	248 
5552	193 
5553	141 
5554	263 
5555	235 
5556	95 
5557	236 
5558	172 
5559	106 
5560	154 
5561	113 
5562	32 
5563	132 
5564	5 
5565	202 
5566	254 
5567	184 
5568	178 
5569	7 
5570	173 
5571	187 
5572	253 
5573	115 
5574	132 
5575	172 
5576	245 
5577	90 
5578	258 
5579	237 
5580	195 
5581	133 
5582	247 
5583	185 
5584	248 
5585	5 
5586	210 
5587	30 
5588	181 
5589	180 
5590	58 
5591	58 
5592	181 
5593	94 
5594	175 
5595	105 
5596	15 
5597	131 
5598	103 
5599	170 
5600	127 
5601	184 
5602	99 
5603	175 
5604	31 
5605	99 
5606	123 
5607	217 
5608	113 
5609	55 
5610	169 
5611	9 
5612	79 
5613	114 
5614	221 
5615	58 
5616	85 
5617	40 
5618	97 
5619	76 
5620	115 
5621	93 
5622	31 
5623	255 
5624	192 
5625	93 
5626	265 
5627	123 
5628	31 
5629	1 
5630	218 
5631	88 
5632	78 
5633	24 
5634	188 
5635	184 
5636	178 
5637	202 
5638	77 
5639	210 
5640	215 
5641	94 
5642	188 
5643	24 
5644	252 
5645	30 
5646	143 
5647	173 
5648	111 
5649	119 
5650	159 
5651	217 
5652	125 
5653	157 
5654	105 
5655	149 
5656	10 
5657	240 
5658	49 
5659	31 
5660	143 
5661	218 
5662	74 
5663	235 
5664	224 
5665	162 
5666	99 
5667	55 
5668	7 
5669	7 
5670	58 
5671	45 
5672	12 
5673	61 
5674	193 
5675	175 
5676	103 
5677	237 
5678	250 
5679	264 
5680	202 
5681	225 
5682	82 
5683	25 
5684	244 
5685	176 
5686	24 
5687	7 
5688	235 
5689	99 
5690	47 
5691	49 
5692	102 
5693	197 
5694	236 
5695	129 
5696	199 
5697	206 
5698	257 
5699	12 
5700	240 
5701	218 
5702	103 
5703	162 
5704	7 
5705	99 
5706	128 
5707	88 
5708	50 
5709	173 
5710	176 
5711	218 
5712	58 
5713	260 
5714	3 
5715	117 
5716	168 
5717	1 
5718	44 
5719	1 
5720	173 
5721	15 
5722	154 
5723	30 
5724	232 
5725	97 
5726	178 
5727	8 
5728	61 
5729	91 
5730	168 
5731	17 
5732	255 
5733	58 
5734	154 
5735	1 
5736	160 
5737	37 
5738	182 
5739	175 
5740	126 
5741	99 
5742	87 
5743	145 
5744	92 
5745	211 
5746	246 
5747	159 
5748	140 
5749	140 
5750	49 
5751	257 
5752	172 
5753	239 
5754	154 
5755	235 
5756	194 
5757	175 
5758	107 
5759	197 
5760	143 
5761	254 
5762	121 
5763	167 
5764	24 
5765	127 
5766	188 
5767	29 
5768	83 
5769	46 
5770	111 
5771	69 
5772	44 
5773	63 
5774	43 
5775	103 
5776	236 
5777	160 
5778	65 
5779	116 
5780	30 
5781	27 
5782	13 
5783	82 
5784	176 
5785	129 
5786	123 
5787	76 
5788	34 
5789	198 
5790	256 
5791	42 
5792	248 
5793	212 
5794	224 
5795	263 
5796	95 
5797	186 
5798	148 
5799	76 
5800	178 
5801	263 
5802	97 
5803	181 
5804	48 
5805	12 
5806	204 
5807	41 
5808	266 
5809	235 
5810	121 
5811	237 
5812	202 
5813	123 
5814	210 
5815	214 
5816	149 
5817	173 
5818	188 
5819	153 
5820	199 
5821	149 
5822	235 
5823	153 
5824	25 
5825	254 
5826	230 
5827	24 
5828	78 
5829	81 
5830	249 
5831	32 
5832	162 
5833	44 
5834	213 
5835	194 
5836	88 
5837	123 
5838	178 
5839	196 
5840	254 
5841	30 
5842	211 
5843	173 
5844	264 
5845	133 
5846	93 
5847	59 
5848	175 
5849	168 
5850	68 
5851	58 
5852	187 
5853	74 
5854	105 
5855	15 
5856	106 
5857	50 
5858	2 
5859	145 
5860	5 
5861	7 
5862	230 
5863	212 
5864	168 
5865	213 
5866	74 
5867	58 
5868	30 
5869	105 
5870	128 
5871	145 
5872	128 
5873	193 
5874	53 
5875	199 
5876	184 
5877	30 
5878	69 
5879	265 
5880	211 
5881	254 
5882	194 
5883	15 
5884	73 
5885	235 
5886	154 
5887	1 
5888	183 
5889	3 
5890	72 
5891	105 
5892	17 
5893	104 
5894	125 
5895	224 
5896	83 
5897	39 
5898	168 
5899	1 
5900	49 
5901	20 
5902	255 
5903	249 
5904	87 
5905	178 
5906	105 
5907	10 
5908	143 
5909	187 
5910	3 
5911	133 
5912	249 
5913	121 
5914	154 
5915	37 
5916	145 
5917	265 
5918	81 
5919	215 
5920	87 
5921	72 
5922	256 
5923	2 
5924	99 
5925	204 
5926	169 
5927	107 
5928	132 
5929	188 
5930	53 
5931	67 
5932	222 
5933	249 
5934	254 
5935	53 
5936	44 
5937	34 
5938	77 
5939	30 
5940	9 
5941	123 
5942	222 
5943	243 
5944	137 
5945	198 
5946	34 
5947	135 
5948	174 
5949	214 
5950	96 
5951	239 
5952	12 
5953	117 
5954	97 
5955	266 
5956	263 
5957	79 
5958	222 
5959	149 
5960	69 
5961	102 
5962	199 
5963	31 
5964	259 
5965	109 
5966	176 
5967	96 
5968	129 
5969	69 
5970	179 
5971	254 
5972	148 
5973	185 
5974	261 
5975	236 
5976	212 
5977	253 
5978	15 
5979	57 
5980	63 
5981	217 
5982	1 
5983	30 
5984	48 
5985	140 
5986	151 
5987	1 
5988	212 
5989	121 
5990	33 
5991	58 
5992	128 
5993	264 
5994	237 
5995	170 
5996	237 
5997	141 
5998	30 
5999	28 
6000	247 
6001	33 
6002	123 
6003	30 
6004	58 
6005	123 
6006	133 
6007	72 
6008	145 
6009	191 
6010	150 
6011	104 
6012	67 
6013	137 
6014	31 
6015	188 
6016	48 
6017	30 
6018	27 
6019	69 
6020	135 
6021	219 
6022	238 
6023	121 
6024	235 
6025	9 
6026	238 
6027	59 
6028	95 
6029	238 
6030	58 
6031	68 
6032	151 
6033	164 
6034	79 
6035	181 
6036	143 
6037	34 
6038	121 
6039	14 
6040	83 
6041	185 
6042	240 
6043	162 
6044	147 
6045	116 
6046	154 
6047	129 
6048	20 
6049	99 
6050	176 
6051	186 
6052	237 
6053	10 
6054	121 
6055	58 
6056	87 
6057	260 
6058	129 
6059	162 
6060	127 
6061	24 
6062	264 
6063	135 
6064	198 
6065	178 
6066	84 
6067	8 
6068	201 
6069	128 
6070	77 
6071	191 
6072	186 
6073	32 
6074	256 
6075	238 
6076	111 
6077	196 
6078	93 
6079	176 
6080	65 
6081	233 
6082	250 
6083	159 
6084	58 
6085	245 
6086	57 
6087	224 
6088	50 
6089	10 
6090	48 
6091	88 
6092	127 
6093	243 
6094	139 
6095	136 
6096	1 
6097	61 
6098	20 
6099	154 
6100	8 
6101	230 
6102	258 
6103	216 
6104	236 
6105	162 
6106	172 
6107	238 
6108	135 
6109	246 
6110	72 
6111	44 
6112	141 
6113	91 
6114	191 
6115	236 
6116	30 
6117	265 
6118	173 
6119	42 
6120	202 
6121	245 
6122	145 
6123	264 
6124	152 
6125	90 
6126	30 
6127	20 
6128	234 
6129	16 
6130	80 
6131	187 
6132	211 
6133	135 
6134	106 
6135	198 
6136	90 
6137	107 
6138	168 
6139	133 
6140	176 
6141	168 
6142	33 
6143	83 
6144	6 
6145	49 
6146	72 
6147	192 
6148	162 
6149	206 
6150	218 
6151	265 
6152	213 
6153	20 
6154	83 
6155	27 
6156	188 
6157	129 
6158	238 
6159	172 
6160	84 
6161	265 
6162	1 
6163	80 
6164	172 
6165	135 
6166	121 
6167	215 
6168	147 
6169	2 
6170	173 
6171	2 
6172	235 
6173	246 
6174	261 
6175	2 
6176	263 
6177	63 
6178	175 
6179	193 
6180	72 
6181	102 
6182	30 
6183	235 
6184	96 
6185	54 
6186	135 
6187	8 
6188	20 
6189	137 
6190	132 
6191	76 
6192	196 
6193	8 
6194	119 
6195	129 
6196	121 
6197	102 
6198	82 
6199	7 
6200	232 
6201	256 
6202	252 
6203	173 
6204	13 
6205	137 
6206	179 
6207	28 
6208	58 
6209	79 
6210	1 
6211	102 
6212	246 
6213	218 
6214	259 
6215	68 
6216	111 
6217	45 
6218	225 
6219	113 
6220	1 
6221	52 
6222	136 
6223	74 
6224	39 
6225	104 
6226	14 
6227	135 
6228	225 
6229	142 
6230	160 
6231	258 
6232	24 
6233	129 
6234	176 
6235	169 
6236	79 
6237	79 
6238	125 
6239	128 
6240	99 
6241	25 
6242	236 
6243	239 
6244	181 
6245	180 
6246	140 
6247	69 
6248	9 
6249	45 
6250	265 
6251	1 
6252	102 
6253	27 
6254	172 
6255	252 
6256	224 
6257	91 
6258	15 
6259	202 
6260	136 
6261	143 
6262	48 
6263	244 
6264	83 
6265	73 
6266	107 
6267	104 
6268	143 
6269	175 
6270	232 
6271	57 
6272	145 
6273	45 
6274	44 
6275	236 
6276	15 
6277	87 
6278	79 
6279	263 
6280	173 
6281	48 
6282	113 
6283	125 
6284	238 
6285	65 
6286	7 
6287	266 
6288	20 
6289	215 
6290	261 
6291	176 
6292	52 
6293	80 
6294	256 
6295	141 
6296	16 
6297	79 
6298	83 
6299	124 
6300	10 
6301	266 
6302	116 
6303	58 
6304	237 
6305	142 
6306	39 
6307	78 
6308	31 
6309	97 
6310	31 
6311	7 
6312	211 
6313	217 
6314	154 
6315	173 
6316	73 
6317	156 
6318	17 
6319	246 
6320	93 
6321	240 
6322	156 
6323	185 
6324	212 
6325	246 
6326	224 
6327	78 
6328	40 
6329	111 
6330	180 
6331	76 
6332	181 
6333	230 
6334	14 
6335	215 
6336	74 
6337	68 
6338	178 
6339	9 
6340	76 
6341	221 
6342	182 
6343	104 
6344	264 
6345	72 
6346	30 
6347	106 
6348	42 
6349	162 
6350	202 
6351	133 
6352	46 
6353	34 
6354	81 
6355	50 
6356	28 
6357	176 
6358	238 
6359	79 
6360	257 
6361	59 
6362	225 
6363	10 
6364	7 
6365	143 
6366	95 
6367	148 
6368	133 
6369	42 
6370	192 
6371	99 
6372	111 
6373	81 
6374	198 
6375	180 
6376	157 
6377	33 
6378	152 
6379	30 
6380	206 
6381	20 
6382	37 
6383	178 
6384	54 
6385	237 
6386	83 
6387	142 
6388	121 
6389	44 
6390	217 
6391	42 
6392	40 
6393	232 
6394	91 
6395	266 
6396	264 
6397	264 
6398	196 
6399	31 
6400	233 
6401	39 
6402	87 
6403	257 
6404	103 
6405	43 
6406	232 
6407	121 
6408	48 
6409	188 
6410	12 
6411	107 
6412	81 
6413	117 
6414	103 
6415	221 
6416	40 
6417	77 
6418	255 
6419	59 
6420	264 
6421	52 
6422	126 
6423	168 
6424	12 
6425	95 
6426	37 
6427	169 
6428	27 
6429	265 
6430	250 
6431	234 
6432	263 
6433	187 
6434	169 
6435	76 
6436	54 
6437	39 
6438	137 
6439	96 
6440	168 
6441	31 
6442	236 
6443	53 
6444	216 
6445	43 
6446	24 
6447	145 
6448	135 
6449	82 
6450	247 
6451	113 
6452	32 
6453	143 
6454	260 
6455	44 
6456	45 
6457	109 
6458	160 
6459	224 
6460	222 
6461	15 
6462	239 
6463	258 
6464	111 
6465	193 
6466	225 
6467	179 
6468	254 
6469	83 
6470	97 
6471	182 
6472	123 
6473	93 
6474	29 
6475	32 
6476	17 
6477	76 
6478	88 
6479	142 
6480	46 
6481	14 
6482	253 
6483	48 
6484	169 
6485	210 
6486	93 
6487	236 
6488	69 
6489	133 
6490	24 
6491	113 
6492	103 
6493	186 
6494	206 
6495	215 
6496	20 
6497	262 
6498	159 
6499	65 
6500	126 
6501	90 
6502	140 
6503	253 
6504	160 
6505	212 
6506	99 
6507	202 
6508	188 
6509	169 
6510	1 
6511	32 
6512	202 
6513	93 
6514	106 
6515	6 
6516	128 
6517	106 
6518	152 
6519	162 
6520	182 
6521	111 
6522	27 
6523	237 
6524	193 
6525	32 
6526	179 
6527	151 
6528	136 
6529	28 
6530	33 
6531	73 
6532	258 
6533	224 
6534	59 
6535	254 
6536	252 
6537	104 
6538	236 
6539	261 
6540	42 
6541	103 
6542	255 
6543	259 
6544	140 
6545	81 
6546	225 
6547	140 
6548	263 
6549	172 
6550	218 
6551	133 
6552	73 
6553	81 
6554	234 
6555	185 
6556	111 
6557	264 
6558	6 
6559	196 
6560	194 
6561	241 
6562	178 
6563	199 
6564	100 
6565	188 
6566	30 
6567	44 
6568	100 
6569	102 
6570	45 
6571	97 
6572	259 
6573	72 
6574	258 
6575	240 
6576	179 
6577	113 
6578	87 
6579	264 
6580	153 
6581	103 
6582	5 
6583	198 
6584	30 
6585	137 
6586	91 
6587	225 
6588	123 
6589	222 
6590	260 
6591	149 
6592	30 
6593	260 
6594	264 
6595	173 
6596	6 
6597	142 
6598	37 
6599	240 
6600	169 
6601	50 
6602	262 
6603	199 
6604	115 
6605	239 
6606	102 
6607	188 
6608	107 
6609	104 
6610	97 
6611	216 
6612	141 
6613	82 
6614	125 
6615	103 
6616	121 
6617	262 
6618	111 
6619	32 
6620	14 
6621	176 
6622	262 
6623	20 
6624	72 
6625	262 
6626	69 
6627	8 
6628	79 
6629	169 
6630	254 
6631	218 
6632	212 
6633	16 
6634	260 
6635	103 
6636	148 
6637	42 
6638	246 
6639	105 
6640	221 
6641	149 
6642	8 
6643	157 
6644	68 
6645	100 
6646	129 
6647	45 
6648	72 
6649	174 
6650	252 
6651	235 
6652	172 
6653	233 
6654	153 
6655	20 
6656	141 
6657	27 
6658	230 
6659	23 
6660	76 
6661	217 
6662	224 
6663	238 
6664	160 
6665	99 
6666	253 
6667	184 
6668	123 
6669	250 
6670	187 
6671	233 
6672	143 
6673	44 
6674	256 
6675	185 
6676	218 
6677	44 
6678	153 
6679	215 
6680	174 
6681	247 
6682	169 
6683	185 
6684	184 
6685	239 
6686	157 
6687	152 
6688	181 
6689	105 
6690	194 
6691	174 
6692	143 
6693	247 
6694	244 
6695	247 
6696	244 
6697	69 
6698	162 
6699	97 
6700	237 
6701	262 
6702	23 
6703	128 
6704	224 
6705	7 
6706	103 
6707	93 
6708	150 
6709	218 
6710	174 
6711	1 
6712	109 
6713	97 
6714	39 
6715	25 
6716	152 
6717	241 
6718	105 
6719	12 
6720	63 
6721	137 
6722	169 
6723	34 
6724	12 
6725	111 
6726	117 
6727	210 
6728	111 
6729	31 
6730	168 
6731	168 
6732	253 
6733	57 
6734	97 
6735	181 
6736	188 
6737	48 
6738	106 
6739	93 
6740	58 
6741	136 
6742	59 
6743	64 
6744	42 
6745	133 
6746	34 
6747	31 
6748	12 
6749	5 
6750	27 
6751	264 
6752	240 
6753	27 
6754	103 
6755	59 
6756	107 
6757	182 
6758	169 
6759	261 
6760	230 
6761	143 
6762	102 
6763	150 
6764	238 
6765	184 
6766	187 
6767	250 
6768	99 
6769	140 
6770	79 
6771	211 
6772	236 
6773	249 
6774	28 
6775	103 
6776	24 
6777	44 
6778	59 
6779	49 
6780	44 
6781	247 
6782	260 
6783	109 
6784	181 
6785	30 
6786	172 
6787	1 
6788	87 
6789	196 
6790	133 
6791	111 
6792	87 
6793	25 
6794	236 
6795	254 
6796	126 
6797	141 
6798	87 
6799	48 
6800	57 
6801	238 
6802	150 
6803	14 
6804	191 
6805	52 
6806	252 
6807	39 
6808	44 
6809	49 
6810	12 
6811	93 
6812	218 
6813	15 
6814	113 
6815	78 
6816	210 
6817	87 
6818	230 
6819	173 
6820	46 
6821	255 
6822	17 
6823	42 
6824	224 
6825	48 
6826	143 
6827	7 
6828	99 
6829	153 
6830	94 
6831	8 
6832	182 
6833	121 
6834	248 
6835	169 
6836	157 
6837	215 
6838	99 
6839	69 
6840	211 
6841	121 
6842	230 
6843	16 
6844	96 
6845	123 
6846	100 
6847	14 
6848	59 
6849	111 
6850	8 
6851	5 
6852	178 
6853	160 
6854	109 
6855	100 
6856	23 
6857	265 
6858	63 
6859	24 
6860	216 
6861	82 
6862	137 
6863	59 
6864	136 
6865	139 
6866	191 
6867	113 
6868	264 
6869	169 
6870	79 
6871	73 
6872	202 
6873	173 
6874	115 
6875	160 
6876	233 
6877	250 
6878	27 
6879	237 
6880	246 
6881	145 
6882	145 
6883	67 
6884	241 
6885	2 
6886	117 
6887	126 
6888	265 
6889	88 
6890	256 
6891	111 
6892	173 
6893	139 
6894	27 
6895	33 
6896	215 
6897	69 
6898	27 
6899	95 
6900	23 
6901	24 
6902	42 
6903	135 
6904	235 
6905	180 
6906	222 
6907	7 
6908	136 
6909	150 
6910	102 
6911	48 
6912	233 
6913	7 
6914	123 
6915	30 
6916	225 
6917	31 
6918	168 
6919	107 
6920	169 
6921	154 
6922	23 
6923	174 
6924	191 
6925	121 
6926	96 
6927	39 
6928	97 
6929	95 
6930	202 
6931	1 
6932	235 
6933	250 
6934	20 
6935	194 
6936	106 
6937	235 
6938	80 
6939	238 
6940	185 
6941	198 
6942	81 
6943	78 
6944	128 
6945	39 
6946	16 
6947	241 
6948	173 
6949	182 
6950	15 
6951	133 
6952	137 
6953	250 
6954	116 
6955	133 
6956	133 
6957	129 
6958	258 
6959	180 
6960	222 
6961	103 
6962	225 
6963	239 
6964	175 
6965	196 
6966	169 
6967	42 
6968	225 
6969	123 
6970	263 
6971	52 
6972	172 
6973	191 
6974	160 
6975	45 
6976	157 
6977	33 
6978	245 
6979	128 
6980	72 
6981	133 
6982	24 
6983	217 
6984	159 
6985	53 
6986	233 
6987	135 
6988	46 
6989	90 
6990	238 
6991	102 
6992	30 
6993	102 
6994	238 
6995	135 
6996	154 
6997	103 
6998	17 
6999	121 
7000	254 
7001	236 
7002	99 
7003	100 
7004	235 
7005	249 
7006	121 
7007	54 
7008	93 
7009	266 
7010	49 
7011	240 
7012	176 
7013	139 
7014	224 
7015	128 
7016	256 
7017	20 
7018	192 
7019	104 
7020	169 
7021	222 
7022	153 
7023	213 
7024	179 
7025	252 
7026	64 
7027	247 
7028	15 
7029	77 
7030	9 
7031	196 
7032	32 
7033	265 
7034	150 
7035	249 
7036	192 
7037	236 
7038	12 
7039	78 
7040	265 
7041	77 
7042	88 
7043	12 
7044	57 
7045	248 
7046	12 
7047	123 
7048	236 
7049	109 
7050	249 
7051	17 
7052	140 
7053	15 
7054	186 
7055	72 
7056	126 
7057	20 
7058	178 
7059	238 
7060	250 
7061	137 
7062	99 
7063	59 
7064	42 
7065	44 
7066	96 
7067	162 
7068	100 
7069	58 
7070	95 
7071	48 
7072	264 
7073	33 
7074	206 
7075	217 
7076	202 
7077	64 
7078	116 
7079	135 
7080	236 
7081	45 
7082	237 
7083	217 
7084	265 
7085	103 
7086	217 
7087	169 
7088	170 
7089	182 
7090	157 
7091	182 
7092	24 
7093	5 
7094	78 
7095	246 
7096	221 
7097	105 
7098	173 
7099	24 
7100	93 
7101	266 
7102	239 
7103	111 
7104	265 
7105	265 
7106	140 
7107	106 
7108	162 
7109	256 
7110	210 
7111	253 
7112	255 
7113	49 
7114	24 
7115	170 
7116	162 
7117	198 
7118	210 
7119	178 
7120	54 
7121	10 
7122	233 
7123	239 
7124	192 
7125	180 
7126	74 
7127	54 
7128	20 
7129	202 
7130	170 
7131	139 
7132	100 
7133	213 
7134	215 
7135	73 
7136	199 
7137	27 
7138	115 
7139	136 
7140	230 
7141	107 
7142	149 
7143	142 
7144	225 
7145	224 
7146	48 
7147	160 
7148	140 
7149	187 
7150	87 
7151	57 
7152	102 
7153	45 
7154	252 
7155	202 
7156	44 
7157	115 
7158	95 
7159	230 
7160	100 
7161	80 
7162	191 
7163	188 
7164	78 
7165	187 
7166	238 
7167	100 
7168	145 
7169	42 
7170	143 
7171	102 
7172	24 
7173	20 
7174	250 
7175	180 
7176	185 
7177	33 
7178	2 
7179	180 
7180	157 
7181	45 
7182	121 
7183	230 
7184	148 
7185	160 
7186	25 
7187	39 
7188	111 
7189	176 
7190	14 
7191	79 
7192	32 
7193	82 
7194	42 
7195	106 
7196	145 
7197	44 
7198	188 
7199	126 
7200	199 
7201	245 
7202	78 
7203	224 
7204	48 
7205	1 
7206	49 
7207	235 
7208	137 
7209	80 
7210	188 
7211	97 
7212	159 
7213	16 
7214	235 
7215	68 
7216	42 
7217	142 
7218	104 
7219	57 
7220	174 
7221	105 
7222	33 
7223	210 
7224	111 
7225	265 
7226	224 
7227	99 
7228	198 
7229	140 
7230	83 
7231	59 
7232	111 
7233	178 
7234	52 
7235	25 
7236	149 
7237	140 
7238	150 
7239	239 
7240	263 
7241	96 
7242	45 
7243	1 
7244	57 
7245	78 
7246	119 
7247	206 
7248	48 
7249	17 
7250	33 
7251	39 
7252	239 
7253	45 
7254	30 
7255	32 
7256	232 
7257	244 
7258	132 
7259	53 
7260	74 
7261	265 
7262	34 
7263	128 
7264	235 
7265	248 
7266	39 
7267	262 
7268	14 
7269	143 
7270	106 
7271	136 
7272	69 
7273	72 
7274	142 
7275	58 
7276	135 
7277	196 
7278	199 
7279	249 
7280	102 
7281	39 
7282	63 
7283	142 
7284	103 
7285	24 
7286	239 
7287	121 
7288	235 
7289	187 
7290	240 
7291	246 
7292	225 
7293	224 
7294	126 
7295	180 
7296	105 
7297	52 
7298	84 
7299	12 
7300	248 
7301	221 
7302	54 
7303	160 
7304	104 
7305	194 
7306	81 
7307	15 
7308	143 
7309	265 
7310	78 
7311	82 
7312	103 
7313	185 
7314	137 
7315	196 
7316	265 
7317	20 
7318	30 
7319	225 
7320	198 
7321	15 
7322	34 
7323	193 
7324	57 
7325	28 
7326	230 
7327	113 
7328	162 
7329	32 
7330	168 
7331	24 
7332	184 
7333	74 
7334	218 
7335	2 
7336	178 
7337	97 
7338	193 
7339	96 
7340	81 
7341	8 
7342	250 
7343	99 
7344	109 
7345	237 
7346	202 
7347	262 
7348	52 
7349	27 
7350	196 
7351	148 
7352	8 
7353	97 
7354	84 
7355	39 
7356	63 
7357	206 
7358	235 
7359	1 
7360	173 
7361	96 
7362	246 
7363	58 
7364	159 
7365	8 
7366	148 
7367	150 
7368	48 
7369	154 
7370	27 
7371	17 
7372	265 
7373	238 
7374	260 
7375	72 
7376	154 
7377	135 
7378	241 
7379	159 
7380	67 
7381	12 
7382	178 
7383	126 
7384	107 
7385	72 
7386	12 
7387	174 
7388	264 
7389	73 
7390	49 
7391	232 
7392	113 
7393	58 
7394	30 
7395	30 
7396	192 
7397	20 
7398	93 
7399	135 
7400	236 
7401	93 
7402	100 
7403	93 
7404	159 
7405	248 
7406	133 
7407	162 
7408	30 
7409	8 
7410	224 
7411	15 
7412	187 
7413	135 
7414	145 
7415	95 
7416	133 
7417	237 
7418	30 
7419	236 
7420	123 
7421	233 
7422	249 
7423	48 
7424	132 
7425	128 
7426	235 
7427	218 
7428	79 
7429	230 
7430	222 
7431	44 
7432	230 
7433	186 
7434	224 
7435	240 
7436	256 
7437	250 
7438	2 
7439	181 
7440	249 
7441	58 
7442	115 
7443	54 
7444	234 
7445	15 
7446	42 
7447	69 
7448	31 
7449	102 
7450	175 
7451	128 
7452	244 
7453	249 
7454	169 
7455	30 
7456	67 
7457	69 
7458	150 
7459	247 
7460	179 
7461	249 
7462	48 
7463	181 
7464	32 
7465	93 
7466	263 
7467	192 
7468	39 
7469	264 
7470	145 
7471	264 
7472	102 
7473	77 
7474	111 
7475	232 
7476	213 
7477	210 
7478	12 
7479	129 
7480	212 
7481	48 
7482	254 
7483	181 
7484	173 
7485	143 
7486	95 
7487	82 
7488	16 
7489	109 
7490	135 
7491	31 
7492	181 
7493	103 
7494	83 
7495	78 
7496	128 
7497	73 
7498	241 
7499	263 
7500	172 
7501	217 
7502	184 
7503	104 
7504	240 
7505	119 
7506	31 
7507	17 
7508	24 
7509	81 
7510	106 
7511	28 
7512	241 
7513	133 
7514	181 
7515	20 
7516	221 
7517	16 
7518	234 
7519	111 
7520	42 
7521	143 
7522	266 
7523	188 
7524	33 
7525	236 
7526	168 
7527	74 
7528	78 
7529	52 
7530	258 
7531	150 
7532	145 
7533	78 
7534	237 
7535	102 
7536	230 
7537	8 
7538	128 
7539	148 
7540	82 
7541	260 
7542	139 
7543	25 
7544	174 
7545	140 
7546	159 
7547	264 
7548	46 
7549	135 
7550	78 
7551	76 
7552	97 
7553	76 
7554	175 
7555	84 
7556	176 
7557	17 
7558	123 
7559	179 
7560	244 
7561	15 
7562	107 
7563	180 
7564	34 
7565	102 
7566	143 
7567	150 
7568	212 
7569	266 
7570	173 
7571	63 
7572	76 
7573	237 
7574	133 
7575	184 
7576	6 
7577	202 
7578	236 
7579	82 
7580	249 
7581	240 
7582	30 
7583	2 
7584	113 
7585	206 
7586	52 
7587	230 
7588	28 
7589	241 
7590	262 
7591	192 
7592	192 
7593	263 
7594	17 
7595	143 
7596	14 
7597	187 
7598	230 
7599	119 
7600	162 
7601	133 
7602	32 
7603	238 
7604	254 
7605	180 
7606	59 
7607	25 
7608	96 
7609	54 
7610	103 
7611	185 
7612	123 
7613	140 
7614	14 
7615	222 
7616	159 
7617	20 
7618	150 
7619	159 
7620	63 
7621	32 
7622	153 
7623	191 
7624	246 
7625	45 
7626	121 
7627	210 
7628	7 
7629	140 
7630	96 
7631	256 
7632	97 
7633	141 
7634	233 
7635	76 
7636	82 
7637	176 
7638	48 
7639	82 
7640	106 
7641	260 
7642	37 
7643	168 
7644	34 
7645	173 
7646	24 
7647	210 
7648	224 
7649	63 
7650	191 
7651	160 
7652	246 
7653	82 
7654	39 
7655	97 
7656	238 
7657	54 
7658	58 
7659	224 
7660	217 
7661	102 
7662	154 
7663	175 
7664	254 
7665	115 
7666	87 
7667	181 
7668	191 
7669	210 
7670	169 
7671	129 
7672	230 
7673	93 
7674	44 
7675	218 
7676	27 
7677	58 
7678	69 
7679	12 
7680	44 
7681	74 
7682	266 
7683	34 
7684	24 
7685	217 
7686	44 
7687	221 
7688	31 
7689	119 
7690	42 
7691	12 
7692	265 
7693	236 
7694	17 
7695	45 
7696	39 
7697	192 
7698	247 
7699	57 
7700	25 
7701	148 
7702	142 
7703	259 
7704	217 
7705	178 
7706	12 
7707	31 
7708	198 
7709	185 
7710	136 
7711	188 
7712	265 
7713	206 
7714	128 
7715	76 
7716	172 
7717	248 
7718	37 
7719	264 
7720	238 
7721	236 
7722	49 
7723	78 
7724	145 
7725	234 
7726	79 
7727	78 
7728	254 
7729	5 
7730	250 
7731	218 
7732	160 
7733	7 
7734	20 
7735	172 
7736	83 
7737	49 
7738	128 
7739	74 
7740	198 
7741	102 
7742	191 
7743	24 
7744	140 
7745	6 
7746	141 
7747	206 
7748	221 
7749	172 
7750	249 
7751	262 
7752	1 
7753	24 
7754	49 
7755	8 
7756	238 
7757	25 
7758	113 
7759	159 
7760	221 
7761	240 
7762	140 
7763	30 
7764	235 
7765	264 
7766	222 
7767	172 
7768	143 
7769	157 
7770	234 
7771	239 
7772	87 
7773	69 
7774	239 
7775	140 
7776	126 
7777	153 
7778	48 
7779	202 
7780	81 
7781	96 
7782	193 
7783	232 
7784	249 
7785	67 
7786	39 
7787	236 
7788	174 
7789	217 
7790	84 
7791	236 
7792	93 
7793	116 
7794	37 
7795	180 
7796	48 
7797	185 
7798	143 
7799	145 
7800	218 
7801	236 
7802	12 
7803	239 
7804	213 
7805	192 
7806	256 
7807	6 
7808	72 
7809	79 
7810	48 
7811	206 
7812	48 
7813	265 
7814	104 
7815	27 
7816	175 
7817	8 
7818	24 
7819	264 
7820	96 
7821	224 
7822	265 
7823	153 
7824	224 
7825	121 
7826	121 
7827	181 
7828	187 
7829	12 
7830	109 
7831	172 
7832	153 
7833	236 
7834	211 
7835	95 
7836	222 
7837	217 
7838	221 
7839	109 
7840	264 
7841	154 
7842	44 
7843	96 
7844	184 
7845	97 
7846	27 
7847	178 
7848	95 
7849	79 
7850	32 
7851	213 
7852	169 
7853	20 
7854	31 
7855	136 
7856	236 
7857	113 
7858	74 
7859	266 
7860	20 
7861	249 
7862	119 
7863	48 
7864	7 
7865	107 
7866	123 
7867	239 
7868	12 
7869	97 
7870	59 
7871	176 
7872	31 
7873	256 
7874	20 
7875	238 
7876	264 
7877	236 
7878	172 
7879	211 
7880	113 
7881	215 
7882	168 
7883	237 
7884	135 
7885	111 
7886	121 
7887	218 
7888	133 
7889	27 
7890	109 
7891	93 
7892	254 
7893	175 
7894	34 
7895	42 
7896	206 
7897	99 
7898	9 
7899	116 
7900	143 
7901	99 
7902	7 
7903	95 
7904	49 
7905	142 
7906	105 
7907	240 
7908	20 
7909	145 
7910	145 
7911	266 
7912	20 
7913	5 
7914	179 
7915	30 
7916	250 
7917	76 
7918	121 
7919	176 
7920	173 
7921	218 
7922	196 
7923	1 
7924	27 
7925	239 
7926	250 
7927	224 
7928	57 
7929	149 
7930	179 
7931	145 
7932	74 
7933	42 
7934	128 
7935	263 
7936	159 
7937	224 
7938	254 
7939	30 
7940	173 
7941	239 
7942	8 
7943	191 
7944	31 
7945	69 
7946	211 
7947	30 
7948	265 
7949	68 
7950	84 
7951	69 
7952	123 
7953	73 
7954	135 
7955	27 
7956	74 
7957	99 
7958	185 
7959	81 
7960	96 
7961	160 
7962	39 
7963	34 
7964	184 
7965	39 
7966	115 
7967	202 
7968	84 
7969	44 
7970	129 
7971	180 
7972	80 
7973	16 
7974	109 
7975	179 
7976	239 
7977	12 
7978	148 
7979	215 
7980	45 
7981	123 
7982	218 
7983	7 
7984	111 
7985	178 
7986	103 
7987	198 
7988	239 
7989	259 
7990	39 
7991	239 
7992	234 
7993	128 
7994	153 
7995	44 
7996	211 
7997	116 
7998	157 
7999	145 
8000	24 
8001	240 
8002	77 
8003	232 
8004	181 
8005	6 
8006	107 
8007	222 
8008	247 
8009	27 
8010	185 
8011	49 
8012	15 
8013	236 
8014	69 
8015	44 
8016	168 
8017	265 
8018	87 
8019	145 
8020	44 
8021	218 
8022	6 
8023	30 
8024	5 
8025	128 
8026	39 
8027	49 
8028	15 
8029	217 
8030	31 
8031	5 
8032	39 
8033	259 
8034	224 
8035	175 
8036	142 
8037	113 
8038	236 
8039	104 
8040	133 
8041	93 
8042	188 
8043	115 
8044	82 
8045	39 
8046	196 
8047	169 
8048	188 
8049	238 
8050	48 
8051	238 
8052	9 
8053	193 
8054	123 
8055	109 
8056	119 
8057	49 
8058	265 
8059	77 
8060	27 
8061	260 
8062	188 
8063	143 
8064	106 
8065	185 
8066	107 
8067	72 
8068	259 
8069	133 
8070	73 
8071	212 
8072	217 
8073	196 
8074	77 
8075	111 
8076	109 
8077	78 
8078	263 
8079	246 
8080	84 
8081	84 
8082	103 
8083	33 
8084	109 
8085	210 
8086	24 
8087	210 
8088	30 
8089	133 
8090	106 
8091	102 
8092	238 
8093	129 
8094	185 
8095	193 
8096	210 
8097	218 
8098	27 
8099	1 
8100	12 
8101	182 
8102	8 
8103	249 
8104	31 
8105	202 
8106	87 
8107	260 
8108	187 
8109	45 
8110	248 
8111	7 
8112	54 
8113	77 
8114	173 
8115	265 
8116	259 
8117	6 
8118	240 
8119	123 
8120	215 
8121	48 
8122	176 
8123	225 
8124	266 
8125	24 
8126	250 
8127	247 
8128	182 
8129	1 
8130	116 
8131	212 
8132	2 
8133	103 
8134	107 
8135	148 
8136	73 
8137	31 
8138	135 
8139	128 
8140	111 
8141	260 
8142	248 
8143	54 
8144	129 
8145	77 
8146	202 
8147	1 
8148	169 
8149	111 
8150	162 
8151	96 
8152	115 
8153	136 
8154	123 
8155	236 
8156	77 
8157	154 
8158	149 
8159	99 
8160	48 
8161	58 
8162	233 
8163	34 
8164	142 
8165	193 
8166	34 
8167	27 
8168	15 
8169	182 
8170	236 
8171	140 
8172	150 
8173	45 
8174	25 
8175	128 
8176	116 
8177	15 
8178	236 
8179	15 
8180	24 
8181	211 
8182	99 
8183	12 
8184	236 
8185	100 
8186	7 
8187	187 
8188	113 
8189	20 
8190	135 
8191	150 
8192	93 
8193	5 
8194	264 
8195	230 
8196	154 
8197	76 
8198	109 
8199	96 
8200	230 
8201	176 
8202	230 
8203	54 
8204	192 
8205	119 
8206	145 
8207	221 
8208	236 
8209	159 
8210	79 
8211	133 
8212	107 
8213	100 
8214	217 
8215	34 
8216	8 
8217	95 
8218	179 
8219	173 
8220	30 
8221	217 
8222	78 
8223	140 
8224	59 
8225	102 
8226	136 
8227	157 
8228	230 
8229	97 
8230	176 
8231	169 
8232	100 
8233	115 
8234	52 
8235	141 
8236	263 
8237	97 
8238	259 
8239	99 
8240	82 
8241	100 
8242	249 
8243	74 
8244	44 
8245	27 
8246	237 
8247	202 
8248	162 
8249	247 
8250	169 
8251	107 
8252	143 
8253	202 
8254	24 
8255	248 
8256	254 
8257	218 
8258	107 
8259	42 
8260	97 
8261	238 
8262	192 
8263	99 
8264	133 
8265	15 
8266	107 
8267	42 
8268	260 
8269	259 
8270	83 
8271	106 
8272	58 
8273	128 
8274	34 
8275	111 
8276	176 
8277	221 
8278	136 
8279	136 
8280	15 
8281	218 
8282	104 
8283	142 
8284	265 
8285	121 
8286	188 
8287	162 
8288	264 
8289	15 
8290	160 
8291	182 
8292	169 
8293	77 
8294	141 
8295	178 
8296	230 
8297	137 
8298	93 
8299	96 
8300	148 
8301	39 
8302	77 
8303	20 
8304	42 
8305	102 
8306	135 
8307	199 
8308	77 
8309	6 
8310	78 
8311	154 
8312	8 
8313	141 
8314	96 
8315	162 
8316	265 
8317	45 
8318	217 
8319	102 
8320	224 
8321	54 
8322	265 
8323	79 
8324	24 
8325	8 
8326	217 
8327	235 
8328	104 
8329	27 
8330	254 
8331	142 
8332	121 
8333	237 
8334	8 
8335	24 
8336	148 
8337	236 
8338	97 
8339	44 
8340	266 
8341	150 
8342	39 
8343	12 
8344	217 
8345	182 
8346	256 
8347	237 
8348	217 
8349	123 
8350	8 
8351	225 
8352	8 
8353	143 
8354	69 
8355	54 
8356	77 
8357	193 
8358	172 
8359	259 
8360	27 
8361	148 
8362	168 
8363	49 
8364	82 
8365	48 
8366	188 
8367	72 
8368	217 
8369	45 
8370	24 
8371	176 
8372	254 
8373	1 
8374	182 
8375	145 
8376	39 
8377	198 
8378	95 
8379	129 
8380	42 
8381	224 
8382	225 
8383	259 
8384	188 
8385	142 
8386	102 
8387	72 
8388	135 
8389	233 
8390	82 
8391	176 
8392	24 
8393	31 
8394	116 
8395	31 
8396	34 
8397	105 
8398	42 
8399	32 
8400	25 
8401	116 
8402	79 
8403	7 
8404	44 
8405	79 
8406	265 
8407	49 
8408	222 
8409	5 
8410	95 
8411	1 
8412	15 
8413	135 
8414	145 
8415	73 
8416	20 
8417	266 
8418	7 
8419	33 
8420	136 
8421	24 
8422	225 
8423	135 
8424	142 
8425	31 
8426	72 
8427	121 
8428	145 
8429	79 
8430	113 
8431	249 
8432	221 
8433	217 
8434	133 
8435	206 
8436	233 
8437	104 
8438	59 
8439	126 
8440	72 
8441	154 
8442	210 
8443	248 
8444	238 
8445	12 
8446	217 
8447	212 
8448	87 
8449	44 
8450	237 
8451	202 
8452	184 
8453	239 
8454	184 
8455	102 
8456	247 
8457	128 
8458	116 
8459	145 
8460	187 
8461	224 
8462	142 
8463	8 
8464	188 
8465	176 
8466	44 
8467	184 
8468	113 
8469	103 
8470	102 
8471	69 
8472	148 
8473	173 
8474	76 
8475	77 
8476	178 
8477	168 
8478	254 
8479	192 
8480	264 
8481	30 
8482	105 
8483	15 
8484	77 
8485	34 
8486	69 
8487	79 
8488	95 
8489	121 
8490	12 
8491	198 
8492	78 
8493	265 
8494	235 
8495	123 
8496	217 
8497	133 
8498	24 
8499	95 
8500	169 
8501	34 
8502	250 
8503	206 
8504	84 
8505	239 
8506	145 
8507	178 
8508	7 
8509	34 
8510	25 
8511	259 
8512	107 
8513	102 
8514	162 
8515	254 
8516	193 
8517	162 
8518	121 
8519	254 
8520	264 
8521	217 
8522	128 
8523	83 
8524	96 
8525	199 
8526	250 
8527	202 
8528	135 
8529	78 
8530	247 
8531	266 
8532	175 
8533	113 
8534	121 
8535	173 
8536	1 
8537	218 
8538	95 
8539	102 
8540	225 
8541	72 
8542	116 
8543	20 
8544	224 
8545	142 
8546	5 
8547	222 
8548	168 
8549	84 
8550	206 
8551	82 
8552	140 
8553	199 
8554	15 
8555	249 
8556	193 
8557	184 
8558	260 
8559	143 
8560	44 
8561	248 
8562	15 
8563	202 
8564	31 
8565	237 
8566	260 
8567	100 
8568	7 
8569	72 
8570	218 
8571	5 
8572	133 
8573	185 
8574	141 
8575	160 
8576	254 
8577	78 
8578	238 
8579	187 
8580	24 
8581	69 
8582	42 
8583	193 
8584	160 
8585	24 
8586	32 
8587	52 
8588	182 
8589	259 
8590	105 
8591	181 
8592	99 
8593	31 
8594	264 
8595	102 
8596	217 
8597	185 
8598	140 
8599	96 
8600	83 
8601	111 
8602	33 
8603	264 
8604	169 
8605	173 
8606	266 
8607	237 
8608	154 
8609	5 
8610	173 
8611	96 
8612	248 
8613	76 
8614	128 
8615	5 
8616	193 
8617	263 
8618	95 
8619	240 
8620	133 
8621	31 
8622	184 
8623	25 
8624	133 
8625	32 
8626	178 
8627	121 
8628	235 
8629	145 
8630	78 
8631	69 
8632	142 
8633	105 
8634	78 
8635	218 
8636	145 
8637	263 
8638	168 
8639	133 
8640	99 
8641	102 
8642	198 
8643	266 
8644	264 
8645	34 
8646	140 
8647	123 
8648	142 
8649	141 
8650	97 
8651	233 
8652	27 
8653	17 
8654	115 
8655	202 
8656	97 
8657	107 
8658	224 
8659	74 
8660	179 
8661	69 
8662	87 
8663	264 
8664	99 
8665	48 
8666	240 
8667	7 
8668	87 
8669	250 
8670	212 
8671	199 
8672	128 
8673	224 
8674	49 
8675	96 
8676	96 
8677	82 
8678	247 
8679	121 
8680	248 
8681	172 
8682	154 
8683	254 
8684	39 
8685	20 
8686	7 
8687	235 
8688	212 
8689	238 
8690	217 
8691	256 
8692	222 
8693	78 
8694	30 
8695	178 
8696	149 
8697	217 
8698	143 
8699	44 
8700	265 
8701	250 
8702	149 
8703	233 
8704	206 
8705	199 
8706	175 
8707	42 
8708	135 
8709	31 
8710	14 
8711	49 
8712	168 
8713	81 
8714	126 
8715	6 
8716	249 
8717	133 
8718	105 
8719	249 
8720	14 
8721	175 
8722	121 
8723	45 
8724	115 
8725	44 
8726	95 
8727	52 
8728	143 
8729	250 
8730	74 
8731	95 
8732	210 
8733	31 
8734	95 
8735	44 
8736	44 
8737	235 
8738	210 
8739	123 
8740	235 
8741	7 
8742	233 
8743	123 
8744	265 
8745	176 
8746	256 
8747	121 
8748	27 
8749	265 
8750	82 
8751	135 
8752	107 
8753	222 
8754	72 
8755	199 
8756	44 
8757	17 
8758	141 
8759	160 
8760	199 
8761	254 
8762	181 
8763	188 
8764	95 
8765	173 
8766	188 
8767	250 
8768	230 
8769	182 
8770	100 
8771	187 
8772	264 
8773	142 
8774	264 
8775	126 
8776	96 
8777	133 
8778	265 
8779	202 
8780	202 
8781	199 
8782	173 
8783	45 
8784	210 
8785	135 
8786	78 
8787	97 
8788	143 
8789	254 
8790	256 
8791	154 
8792	69 
8793	96 
8794	249 
8795	133 
8796	136 
8797	77 
8798	233 
8799	52 
8800	30 
8801	104 
8802	173 
8803	31 
8804	179 
8805	59 
8806	193 
8807	78 
8808	236 
8809	136 
8810	182 
8811	72 
8812	113 
8813	185 
8814	100 
8815	249 
8816	107 
8817	1 
8818	222 
8819	20 
8820	42 
8821	7 
8822	48 
8823	39 
8824	102 
8825	248 
8826	121 
8827	93 
8828	24 
8829	239 
8830	198 
8831	102 
8832	107 
8833	32 
8834	96 
8835	217 
8836	123 
8837	247 
8838	8 
8839	143 
8840	176 
8841	260 
8842	217 
8843	15 
8844	240 
8845	121 
8846	6 
8847	59 
8848	123 
8849	265 
8850	34 
8851	233 
8852	15 
8853	143 
8854	32 
8855	31 
8856	97 
8857	133 
8858	172 
8859	15 
8860	99 
8861	8 
8862	181 
8863	106 
8864	168 
8865	260 
8866	93 
8867	24 
8868	217 
8869	93 
8870	45 
8871	32 
8872	175 
8873	72 
8874	30 
8875	230 
8876	1 
8877	263 
8878	254 
8879	250 
8880	143 
8881	83 
8882	162 
8883	148 
8884	265 
8885	72 
8886	121 
8887	199 
8888	235 
8889	135 
8890	97 
8891	136 
8892	145 
8893	104 
8894	148 
8895	78 
8896	236 
8897	263 
8898	78 
8899	97 
8900	148 
8901	116 
8902	202 
8903	7 
8904	263 
8905	217 
8906	116 
8907	96 
8908	82 
8909	179 
8910	96 
8911	145 
8912	198 
8913	24 
8914	175 
8915	121 
8916	126 
8917	238 
8918	224 
8919	135 
8920	135 
8921	49 
8922	96 
8923	178 
8924	119 
8925	116 
8926	254 
8927	31 
8928	31 
8929	102 
8930	237 
8931	250 
8932	93 
8933	206 
8934	69 
8935	12 
8936	176 
8937	212 
8938	249 
8939	15 
8940	5 
8941	250 
8942	59 
8943	206 
8944	69 
8945	249 
8946	5 
8947	34 
8948	235 
8949	44 
8950	224 
8951	136 
8952	14 
8953	133 
8954	100 
8955	121 
8956	48 
8957	136 
8958	133 
8959	135 
8960	32 
8961	17 
8962	217 
8963	20 
8964	168 
8965	31 
8966	32 
8967	97 
8968	58 
8969	113 
8970	238 
8971	148 
8972	69 
8973	107 
8974	15 
8975	59 
8976	113 
8977	44 
8978	182 
8979	83 
8980	175 
8981	32 
8982	121 
8983	263 
8984	199 
8985	173 
8986	202 
8987	7 
8988	1 
8989	238 
8990	136 
8991	185 
8992	250 
8993	12 
8994	172 
8995	128 
8996	254 
8997	236 
8998	121 
8999	44 
9000	20 
9001	247 
9002	52 
9003	49 
9004	154 
9005	260 
9006	182 
9007	172 
9008	77 
9009	20 
9010	176 
9011	162 
9012	263 
9013	162 
9014	24 
9015	1 
9016	236 
9017	237 
9018	15 
9019	172 
9020	58 
9021	113 
9022	235 
9023	236 
9024	104 
9025	181 
9026	24 
9027	142 
9028	1 
9029	105 
9030	100 
9031	77 
9032	48 
9033	99 
9034	239 
9035	104 
9036	69 
9037	126 
9038	133 
9039	44 
9040	111 
9041	39 
9042	119 
9043	128 
9044	104 
9045	99 
9046	145 
9047	218 
9048	175 
9049	34 
9050	42 
9051	179 
9052	145 
9053	79 
9054	235 
9055	79 
9056	32 
9057	113 
9058	44 
9059	15 
9060	116 
9061	172 
9062	263 
9063	105 
9064	175 
9065	7 
9066	12 
9067	74 
9068	206 
9069	12 
9070	218 
9071	6 
9072	206 
9073	123 
9074	6 
9075	175 
9076	249 
9077	264 
9078	100 
9079	49 
9080	15 
9081	237 
9082	87 
9083	104 
9084	32 
9085	102 
9086	173 
9087	230 
9088	1 
9089	107 
9090	236 
9091	24 
9092	58 
9093	263 
9094	148 
9095	6 
9096	188 
9097	100 
9098	44 
9099	39 
9100	77 
9101	187 
9102	100 
9103	169 
9104	121 
9105	30 
9106	106 
9107	148 
9108	79 
9109	121 
9110	87 
9111	15 
9112	178 
9113	142 
9114	217 
9115	236 
9116	1 
9117	133 
9118	172 
9119	126 
9120	48 
9121	27 
9122	97 
9123	48 
9124	264 
9125	59 
9126	181 
9127	83 
9128	74 
9129	78 
9130	8 
9131	83 
9132	254 
9133	119 
9134	173 
9135	87 
9136	121 
9137	162 
9138	72 
9139	42 
9140	188 
9141	97 
9142	235 
9143	181 
9144	95 
9145	42 
9146	140 
9147	169 
9148	202 
9149	121 
9150	233 
9151	160 
9152	96 
9153	263 
9154	136 
9155	160 
9156	154 
9157	27 
9158	96 
9159	263 
9160	126 
9161	182 
9162	87 
9163	52 
9164	181 
9165	103 
9166	175 
9167	103 
9168	218 
9169	5 
9170	179 
9171	239 
9172	263 
9173	72 
9174	264 
9175	236 
9176	199 
9177	133 
9178	178 
9179	1 
9180	206 
9181	104 
9182	136 
9183	135 
9184	100 
9185	44 
9186	49 
9187	113 
9188	59 
9189	202 
9190	202 
9191	30 
9192	74 
9193	8 
9194	31 
9195	52 
9196	77 
9197	133 
9198	69 
9199	45 
9200	235 
9201	218 
9202	74 
9203	15 
9204	72 
9205	123 
9206	107 
9207	249 
9208	93 
9209	30 
9210	254 
9211	119 
9212	15 
9213	238 
9214	87 
9215	198 
9216	263 
9217	239 
9218	27 
9219	218 
9220	249 
9221	265 
9222	145 
9223	160 
9224	99 
9225	263 
9226	249 
9227	102 
9228	100 
9229	172 
9230	31 
9231	135 
9232	5 
9233	77 
9234	182 
9235	142 
9236	176 
9237	136 
9238	250 
9239	34 
9240	59 
9241	78 
9242	168 
9243	97 
9244	20 
9245	238 
9246	39 
9247	263 
9248	179 
9249	107 
9250	5 
9251	121 
9252	77 
9253	235 
9254	48 
9255	39 
9256	260 
9257	168 
9258	74 
9259	39 
9260	128 
9261	247 
9262	217 
9263	206 
9264	105 
9265	39 
9266	133 
9267	128 
9268	34 
9269	237 
9270	173 
9271	172 
9272	145 
9273	24 
9274	102 
9275	102 
9276	74 
9277	235 
9278	145 
9279	250 
9280	188 
9281	199 
9282	133 
9283	34 
9284	1 
9285	93 
9286	168 
9287	102 
9288	202 
9289	72 
9290	5 
9291	31 
9292	249 
9293	93 
9294	97 
9295	8 
9296	254 
9297	111 
9298	233 
9299	72 
9300	176 
9301	20 
9302	224 
9303	168 
9304	179 
9305	96 
9306	49 
9307	93 
9308	240 
9309	254 
9310	113 
9311	265 
9312	24 
9313	24 
9314	239 
9315	93 
9316	39 
9317	99 
9318	217 
9319	116 
9320	218 
9321	107 
9322	42 
9323	32 
9324	103 
9325	7 
9326	97 
9327	263 
9328	168 
9329	264 
9330	235 
9331	202 
9332	119 
9333	105 
9334	123 
9335	236 
9336	34 
9337	265 
9338	265 
9339	45 
9340	77 
9341	116 
9342	249 
9343	143 
9344	30 
9345	265 
9346	97 
9347	254 
9348	140 
9349	239 
9350	116 
9351	102 
9352	83 
9353	8 
9354	58 
9355	119 
9356	32 
9357	233 
9358	206 
9359	263 
9360	83 
9361	264 
9362	5 
9363	123 
9364	224 
9365	172 
9366	233 
9367	206 
9368	172 
9369	172 
9370	20 
9371	102 
9372	32 
9373	95 
9374	69 
9375	179 
9376	24 
9377	142 
9378	31 
9379	169 
9380	96 
9381	121 
9382	199 
9383	102 
9384	173 
9385	123 
9386	99 
9387	44 
9388	87 
9389	27 
9390	178 
9391	12 
9392	59 
9393	217 
9394	264 
9395	1 
9396	123 
9397	96 
9398	206 
9399	179 
9400	142 
9401	83 
9402	176 
9403	113 
9404	20 
9405	58 
9406	15 
9407	199 
9408	45 
9409	93 
9410	145 
9411	87 
9412	20 
9413	121 
9414	230 
9415	93 
9416	7 
9417	233 
9418	49 
9419	105 
9420	236 
9421	102 
9422	99 
9423	69 
9424	235 
9425	143 
9426	72 
9427	15 
9428	111 
9429	1 
9430	34 
9431	87 
9432	218 
9433	168 
9434	136 
9435	237 
9436	44 
9437	265 
9438	8 
9439	178 
9440	217 
9441	230 
9442	97 
9443	172 
9444	254 
9445	233 
9446	27 
9447	5 
9448	265 
9449	224 
9450	173 
9451	173 
9452	263 
9453	32 
9454	102 
9455	264 
9456	179 
9457	7 
9458	96 
9459	188 
9460	265 
9461	20 
9462	20 
9463	107 
9464	178 
9465	224 
9466	8 
9467	24 
9468	178 
9469	58 
9470	230 
9471	12 
9472	72 
9473	233 
9474	199 
9475	45 
9476	169 
9477	78 
9478	265 
9479	250 
9480	133 
9481	168 
9482	181 
9483	7 
9484	116 
9485	27 
9486	5 
9487	44 
9488	173 
9489	173 
9490	1 
9491	235 
9492	133 
9493	27 
9494	254 
9495	233 
9496	32 
9497	72 
9498	254 
9499	42 
9500	133 
9501	31 
9502	44 
9503	42 
9504	102 
9505	188 
9506	235 
9507	44 
9508	143 
9509	140 
9510	145 
9511	72 
9512	264 
9513	265 
9514	32 
9515	32 
9516	113 
9517	235 
9518	7 
9519	5 
9520	199 
9521	34 
9522	249 
9523	5 
9524	235 
9525	236 
9526	235 
9527	123 
9528	230 
9529	59 
9530	230 
9531	96 
9532	116 
9533	87 
9534	135 
9535	27 
9536	95 
9537	173 
9538	172 
9539	12 
9540	135 
9541	236 
9542	100 
9543	113 
9544	15 
9545	224 
9546	235 
9547	95 
9548	199 
9549	95 
9550	217 
9551	133 
9552	145 
9553	72 
9554	99 
9555	5 
9556	136 
9557	42 
9558	172 
9559	233 
9560	238 
9561	230 
9562	1 
9563	123 
9564	128 
9565	111 
9566	97 
9567	145 
9568	58 
9569	30 
9570	32 
9571	176 
9572	30 
9573	5 
9574	24 
9575	111 
9576	93 
9577	15 
9578	176 
9579	238 
9580	199 
9581	199 
9582	199 
9583	217 
9584	249 
9585	230 
9586	136 
9587	93 
9588	263 
9589	30 
9590	59 
9591	238 
9592	254 
9593	265 
9594	24 
9595	235 
9596	31 
9597	32 
9598	44 
9599	128 
9600	264 
9601	45 
9602	20 
9603	87 
9604	96 
9605	99 
9606	133 
9607	102 
9608	27 
9609	111 
9610	15 
9611	264 
9612	30 
9613	111 
9614	34 
9615	8 
9616	34 
9617	172 
9618	107 
9619	236 
9620	58 
9621	58 
9622	7 
9623	44 
9624	133 
9625	27 
9626	32 
9627	34 
9628	83 
9629	254 
9630	178 
9631	59 
9632	15 
9633	264 
9634	143 
9635	24 
9636	32 
9637	133 
9638	236 
9639	181 
9640	24 
9641	230 
9642	24 
9643	111 
9644	249 
9645	178 
9646	123 
9647	264 
9648	235 
9649	30 
9650	78 
9651	143 
9652	42 
9653	99 
9654	58 
9655	176 
9656	172 
9657	128 
9658	59 
9659	102 
9660	44 
9661	239 
9662	96 
9663	264 
9664	254 
9665	239 
9666	113 
9667	72 
9668	27 
9669	78 
9670	224 
9671	263 
9672	27 
9673	39 
9674	59 
9675	145 
9676	7 
9677	20 
9678	45 
9679	111 
9680	176 
9681	48 
9682	239 
9683	8 
9684	181 
9685	24 
9686	30 
9687	263 
9688	135 
9689	230 
9690	230 
9691	199 
9692	8 
9693	249 
9694	5 
9695	265 
9696	8 
9697	8 
9698	239 
9699	128 
9700	128 
9701	224 
9702	7 
9703	238 
9704	59 
9705	236 
9706	224 
9707	233 
9708	32 
9709	265 
9710	173 
9711	239 
9712	239 
9713	238 
9714	30 
9715	7 
9716	8 
9717	239 
9718	111 
9719	264 
9720	169 
9721	15 
9722	27 
9723	123 
9724	113 
9725	145 
9726	48 
9727	30 
9728	78 
9729	48 
9730	34 
9731	5 
9732	58 
9733	24 
9734	58 
9735	8 
9736	265 
9737	102 
9738	135 
9739	42 
9740	238 
9741	7 
9742	236 
9743	217 
9744	233 
9745	188 
9746	145 
9747	5 
9748	87 
9749	102 
9750	249 
9751	264 
9752	238 
9753	44 
9754	265 
9755	34 
9756	30 
9757	99 
9758	20 
9759	30 
9760	44 
9761	249 
9762	39 
9763	27 
9764	48 
9765	15 
9766	72 
9767	72 
9768	58 
9769	34 
9770	96 
9771	235 
9772	39 
9773	239 
9774	45 
9775	24 
9776	239 
9777	31 
9778	5 
9779	111 
9780	143 
9781	188 
9782	7 
9783	42 
9784	113 
9785	239 
9786	249 
9787	12 
9788	173 
9789	5 
9790	123 
9791	169 
9792	230 
9793	172 
9794	233 
9795	44 
9796	7 
9797	72 
9798	5 
9799	12 
9800	27 
9801	27 
9802	1 
9803	224 
9804	48 
9805	111 
9806	27 
9807	133 
9808	188 
9809	48 
9810	264 
9811	27 
9812	27 
9813	264 
9814	235 
9815	1 
9816	34 
9817	12 
9818	27 
9819	48 
9820	97 
9821	135 
9822	264 
9823	42 
9824	30 
9825	121 
9826	32 
9827	58 
9828	27 
9829	42 
9830	44 
9831	249 
9832	78 
9833	5 
9834	173 
9835	263 
9836	188 
9837	24 
9838	78 
9839	31 
9840	45 
9841	24 
9842	34 
9843	113 
9844	169 
9845	263 
9846	34 
9847	31 
9848	263 
9849	87 
9850	15 
9851	236 
9852	1 
9853	34 
9854	263 
9855	263 
9856	7 
9857	8 
9858	8 
9859	121 
9860	7 
9861	12 
9862	265 
9863	32 
9864	217 
9865	31 
9866	42 
9867	12 
9868	168 
9869	32 
9870	236 
9871	87 
9872	87 
9873	239 
9874	42 
9875	87 
9876	87 
9877	265 
9878	217 
9879	224 
9880	20 
9881	87 
9882	24 
9883	24 
9884	30 
9885	8 
9886	224 
9887	102 
9888	102 
9889	20 
9890	32 
9891	168 
9892	44 
9893	172 
9894	265 
9895	97 
9896	97 
9897	173 
9898	169 
9899	224 
9900	8 
9901	133 
9902	7 
9903	135 
9904	236 
9905	172 
9906	172 
9907	27 
9908	169 
9909	31 
9910	78 
9911	265 
9912	235 
9913	8 
9914	239 
9915	168 
9916	31 
9917	264 
9918	217 
9919	188 
9920	34 
9921	169 
9922	265 
9923	42 
9924	188 
9925	236 
9926	172 
9927	236 
9928	135 
9929	27 
9930	133 
9931	12 
9932	172 
9933	121 
9934	113 
9935	168 
9936	42 
9937	15 
9938	123 
9939	265 
9940	27 
9941	27 
9942	44 
9943	87 
9944	263 
9945	12 
9946	113 
9947	123 
9948	1 
9949	32 
9950	32 
9951	236 
9952	239 
9953	169 
9954	30 
9955	173 
9956	24 
9957	87 
9958	15 
9959	235 
9960	135 
9961	217 
9962	24 
9963	172 
9964	42 
9965	173 
9966	235 
9967	133 
9968	264 
9969	8 
9970	1 
9971	32 
9972	235 
9973	133 
9974	135 
9975	236 
9976	44 
9977	7 
9978	42 
9979	265 
9980	135 
9981	133 
9982	235 
9983	8 
9984	121 
9985	264 
9986	7 
9987	8 
9988	235 
9989	217 
9990	102 
9991	27 
9992	8 
9993	173 
9994	44 
9995	236 
9996	263 
9997	217 
9998	32 
9999	217 
10000	217 
