1	144 
2	71 
3	259 
4	216 
5	183 
6	141 
7	70 
8	126 
9	16 
10	175 
11	170 
12	31 
13	126 
14	267 
15	5 
16	227 
17	13 
18	115 
19	221 
20	225 
21	3 
22	204 
23	135 
24	290 
25	143 
26	14 
27	77 
28	162 
29	148 
30	246 
31	74 
32	286 
33	133 
34	169 
35	290 
36	115 
37	146 
38	103 
39	30 
40	11 
41	223 
42	204 
43	200 
44	75 
45	5 
46	165 
47	189 
48	219 
49	18 
50	245 
51	87 
52	283 
53	14 
54	138 
55	126 
56	151 
57	32 
58	160 
59	35 
60	25 
61	210 
62	214 
63	126 
64	119 
65	200 
66	222 
67	7 
68	276 
69	109 
70	32 
71	15 
72	126 
73	21 
74	221 
75	95 
76	140 
77	259 
78	262 
79	108 
80	283 
81	197 
82	228 
83	272 
84	87 
85	16 
86	144 
87	285 
88	54 
89	265 
90	127 
91	50 
92	47 
93	48 
94	219 
95	223 
96	32 
97	16 
98	102 
99	44 
100	159 
101	151 
102	286 
103	265 
104	31 
105	72 
106	127 
107	23 
108	140 
109	96 
110	98 
111	56 
112	271 
113	87 
114	68 
115	190 
116	25 
117	117 
118	24 
119	224 
120	53 
121	180 
122	77 
123	256 
124	19 
125	14 
126	157 
127	25 
128	143 
129	270 
130	92 
131	273 
132	285 
133	185 
134	134 
135	99 
136	224 
137	226 
138	250 
139	136 
140	15 
141	25 
142	98 
143	102 
144	149 
145	230 
146	34 
147	133 
148	260 
149	266 
150	108 
151	242 
152	84 
153	131 
154	232 
155	272 
156	236 
157	205 
158	31 
159	51 
160	93 
161	88 
162	128 
163	71 
164	125 
165	282 
166	85 
167	35 
168	54 
169	28 
170	238 
171	143 
172	143 
173	35 
174	228 
175	166 
176	50 
177	186 
178	140 
179	283 
180	277 
181	84 
182	64 
183	41 
184	44 
185	16 
186	146 
187	278 
188	177 
189	88 
190	141 
191	213 
192	222 
193	101 
194	183 
195	208 
196	266 
197	82 
198	185 
199	101 
200	252 
201	177 
202	218 
203	83 
204	38 
205	105 
206	288 
207	131 
208	133 
209	253 
210	256 
211	13 
212	8 
213	112 
214	287 
215	123 
216	125 
217	291 
218	107 
219	262 
220	59 
221	158 
222	5 
223	236 
224	214 
225	79 
226	278 
227	249 
228	196 
229	109 
230	165 
231	197 
232	230 
233	241 
234	161 
235	223 
236	281 
237	94 
238	190 
239	44 
240	157 
241	226 
242	264 
243	43 
244	134 
245	22 
246	212 
247	185 
248	275 
249	240 
250	17 
251	278 
252	138 
253	57 
254	101 
255	101 
256	137 
257	37 
258	150 
259	185 
260	130 
261	126 
262	92 
263	157 
264	6 
265	5 
266	214 
267	103 
268	149 
269	107 
270	111 
271	150 
272	272 
273	83 
274	17 
275	192 
276	275 
277	176 
278	101 
279	97 
280	168 
281	102 
282	154 
283	40 
284	49 
285	134 
286	148 
287	257 
288	176 
289	93 
290	118 
291	210 
292	106 
293	55 
294	128 
295	192 
296	150 
297	186 
298	169 
299	124 
300	16 
301	180 
302	13 
303	39 
304	128 
305	214 
306	53 
307	169 
308	42 
309	193 
310	24 
311	23 
312	277 
313	41 
314	35 
315	53 
316	18 
317	153 
318	244 
319	144 
320	168 
321	64 
322	212 
323	17 
324	154 
325	114 
326	193 
327	254 
328	147 
329	189 
330	247 
331	170 
332	187 
333	39 
334	68 
335	32 
336	140 
337	247 
338	138 
339	263 
340	259 
341	89 
342	215 
343	172 
344	220 
345	22 
346	141 
347	132 
348	143 
349	184 
350	145 
351	139 
352	228 
353	3 
354	231 
355	86 
356	160 
357	228 
358	135 
359	58 
360	183 
361	240 
362	197 
363	175 
364	275 
365	259 
366	1 
367	115 
368	28 
369	58 
370	229 
371	47 
372	196 
373	70 
374	282 
375	96 
376	280 
377	173 
378	176 
379	48 
380	247 
381	23 
382	198 
383	264 
384	192 
385	181 
386	165 
387	289 
388	104 
389	121 
390	241 
391	184 
392	79 
393	269 
394	5 
395	269 
396	134 
397	130 
398	190 
399	245 
400	79 
401	193 
402	282 
403	30 
404	178 
405	42 
406	233 
407	177 
408	58 
409	94 
410	90 
411	169 
412	177 
413	162 
414	209 
415	121 
416	52 
417	33 
418	220 
419	20 
420	191 
421	186 
422	128 
423	260 
424	13 
425	285 
426	136 
427	229 
428	48 
429	290 
430	185 
431	156 
432	189 
433	23 
434	4 
435	151 
436	140 
437	282 
438	106 
439	114 
440	276 
441	236 
442	109 
443	21 
444	222 
445	144 
446	111 
447	105 
448	251 
449	226 
450	253 
451	3 
452	180 
453	94 
454	158 
455	85 
456	151 
457	104 
458	205 
459	214 
460	279 
461	252 
462	110 
463	21 
464	184 
465	243 
466	225 
467	12 
468	102 
469	111 
470	218 
471	171 
472	204 
473	150 
474	235 
475	171 
476	21 
477	51 
478	71 
479	59 
480	79 
481	23 
482	27 
483	35 
484	216 
485	99 
486	74 
487	33 
488	83 
489	242 
490	89 
491	169 
492	9 
493	37 
494	176 
495	153 
496	54 
497	284 
498	154 
499	284 
500	133 
501	182 
502	83 
503	192 
504	93 
505	102 
506	21 
507	37 
508	135 
509	265 
510	219 
511	193 
512	167 
513	5 
514	160 
515	206 
516	106 
517	17 
518	156 
519	252 
520	200 
521	121 
522	161 
523	288 
524	119 
525	79 
526	94 
527	54 
528	232 
529	11 
530	256 
531	70 
532	69 
533	209 
534	238 
535	205 
536	237 
537	37 
538	181 
539	99 
540	113 
541	23 
542	216 
543	137 
544	2 
545	212 
546	229 
547	148 
548	275 
549	54 
550	186 
551	193 
552	22 
553	266 
554	53 
555	181 
556	101 
557	16 
558	274 
559	180 
560	192 
561	13 
562	66 
563	6 
564	193 
565	231 
566	180 
567	62 
568	100 
569	97 
570	96 
571	138 
572	138 
573	22 
574	173 
575	264 
576	255 
577	253 
578	225 
579	41 
580	259 
581	175 
582	61 
583	64 
584	64 
585	133 
586	253 
587	53 
588	161 
589	45 
590	78 
591	188 
592	284 
593	219 
594	178 
595	63 
596	169 
597	178 
598	66 
599	177 
600	192 
601	50 
602	175 
603	255 
604	45 
605	47 
606	105 
607	101 
608	116 
609	141 
610	229 
611	156 
612	117 
613	83 
614	270 
615	284 
616	48 
617	282 
618	73 
619	117 
620	257 
621	96 
622	3 
623	187 
624	91 
625	127 
626	282 
627	127 
628	160 
629	27 
630	169 
631	47 
632	276 
633	69 
634	145 
635	19 
636	210 
637	158 
638	43 
639	47 
640	55 
641	201 
642	144 
643	269 
644	34 
645	206 
646	25 
647	203 
648	25 
649	260 
650	193 
651	111 
652	278 
653	36 
654	218 
655	42 
656	72 
657	89 
658	139 
659	28 
660	9 
661	58 
662	226 
663	43 
664	121 
665	251 
666	11 
667	89 
668	217 
669	160 
670	126 
671	64 
672	236 
673	204 
674	151 
675	111 
676	266 
677	286 
678	218 
679	258 
680	270 
681	100 
682	133 
683	263 
684	36 
685	48 
686	9 
687	75 
688	159 
689	168 
690	289 
691	218 
692	129 
693	155 
694	263 
695	77 
696	2 
697	201 
698	260 
699	62 
700	101 
701	223 
702	248 
703	195 
704	52 
705	234 
706	103 
707	103 
708	117 
709	21 
710	46 
711	254 
712	16 
713	132 
714	113 
715	44 
716	142 
717	19 
718	54 
719	83 
720	77 
721	13 
722	201 
723	86 
724	74 
725	202 
726	47 
727	135 
728	23 
729	234 
730	84 
731	177 
732	52 
733	77 
734	90 
735	134 
736	124 
737	268 
738	254 
739	8 
740	110 
741	256 
742	150 
743	14 
744	60 
745	40 
746	105 
747	121 
748	193 
749	137 
750	151 
751	201 
752	207 
753	55 
754	183 
755	108 
756	175 
757	38 
758	151 
759	77 
760	84 
761	209 
762	219 
763	58 
764	220 
765	104 
766	285 
767	200 
768	209 
769	193 
770	268 
771	45 
772	230 
773	75 
774	120 
775	164 
776	55 
777	186 
778	287 
779	271 
780	117 
781	157 
782	44 
783	235 
784	25 
785	89 
786	165 
787	192 
788	198 
789	116 
790	125 
791	185 
792	257 
793	131 
794	32 
795	269 
796	265 
797	61 
798	138 
799	54 
800	168 
801	3 
802	143 
803	283 
804	179 
805	146 
806	25 
807	118 
808	198 
809	166 
810	130 
811	255 
812	180 
813	31 
814	12 
815	133 
816	136 
817	243 
818	175 
819	291 
820	260 
821	255 
822	75 
823	33 
824	273 
825	229 
826	223 
827	102 
828	80 
829	84 
830	1 
831	128 
832	115 
833	239 
834	107 
835	48 
836	239 
837	170 
838	191 
839	245 
840	271 
841	240 
842	188 
843	149 
844	215 
845	132 
846	223 
847	127 
848	135 
849	207 
850	201 
851	263 
852	30 
853	212 
854	183 
855	75 
856	172 
857	170 
858	127 
859	223 
860	137 
861	69 
862	16 
863	106 
864	164 
865	67 
866	40 
867	141 
868	169 
869	242 
870	34 
871	37 
872	179 
873	83 
874	240 
875	40 
876	5 
877	149 
878	244 
879	230 
880	248 
881	76 
882	173 
883	18 
884	61 
885	101 
886	284 
887	33 
888	91 
889	160 
890	64 
891	101 
892	106 
893	270 
894	218 
895	105 
896	107 
897	72 
898	87 
899	138 
900	199 
901	190 
902	87 
903	62 
904	209 
905	241 
906	40 
907	109 
908	106 
909	146 
910	197 
911	227 
912	19 
913	254 
914	86 
915	211 
916	84 
917	13 
918	107 
919	229 
920	196 
921	94 
922	51 
923	287 
924	162 
925	23 
926	8 
927	197 
928	256 
929	103 
930	277 
931	242 
932	255 
933	54 
934	169 
935	192 
936	15 
937	59 
938	201 
939	201 
940	47 
941	226 
942	195 
943	168 
944	86 
945	53 
946	97 
947	48 
948	102 
949	120 
950	66 
951	5 
952	208 
953	125 
954	81 
955	55 
956	257 
957	163 
958	181 
959	195 
960	93 
961	153 
962	63 
963	83 
964	86 
965	199 
966	223 
967	163 
968	38 
969	175 
970	177 
971	107 
972	95 
973	19 
974	28 
975	282 
976	1 
977	163 
978	1 
979	255 
980	105 
981	173 
982	244 
983	174 
984	98 
985	43 
986	115 
987	44 
988	109 
989	268 
990	134 
991	16 
992	56 
993	258 
994	75 
995	262 
996	163 
997	29 
998	259 
999	278 
1000	234 
1001	166 
1002	14 
1003	200 
1004	289 
1005	65 
1006	213 
1007	7 
1008	34 
1009	242 
1010	13 
1011	235 
1012	255 
1013	236 
1014	165 
1015	30 
1016	262 
1017	118 
1018	66 
1019	90 
1020	25 
1021	111 
1022	191 
1023	66 
1024	264 
1025	209 
1026	153 
1027	138 
1028	204 
1029	144 
1030	40 
1031	166 
1032	214 
1033	1 
1034	34 
1035	29 
1036	184 
1037	229 
1038	227 
1039	267 
1040	136 
1041	35 
1042	198 
1043	189 
1044	4 
1045	59 
1046	52 
1047	196 
1048	221 
1049	130 
1050	171 
1051	60 
1052	259 
1053	113 
1054	141 
1055	193 
1056	196 
1057	87 
1058	146 
1059	180 
1060	27 
1061	145 
1062	178 
1063	42 
1064	126 
1065	290 
1066	82 
1067	38 
1068	249 
1069	25 
1070	274 
1071	19 
1072	122 
1073	254 
1074	17 
1075	188 
1076	171 
1077	70 
1078	14 
1079	289 
1080	37 
1081	36 
1082	6 
1083	99 
1084	239 
1085	44 
1086	43 
1087	225 
1088	128 
1089	116 
1090	278 
1091	240 
1092	184 
1093	177 
1094	114 
1095	40 
1096	255 
1097	90 
1098	217 
1099	112 
1100	266 
1101	63 
1102	48 
1103	279 
1104	3 
1105	29 
1106	214 
1107	2 
1108	289 
1109	248 
1110	252 
1111	268 
1112	26 
1113	124 
1114	225 
1115	229 
1116	212 
1117	32 
1118	282 
1119	187 
1120	83 
1121	154 
1122	243 
1123	88 
1124	71 
1125	121 
1126	212 
1127	69 
1128	76 
1129	234 
1130	112 
1131	97 
1132	11 
1133	80 
1134	148 
1135	162 
1136	243 
1137	137 
1138	133 
1139	40 
1140	8 
1141	7 
1142	278 
1143	197 
1144	150 
1145	166 
1146	225 
1147	44 
1148	212 
1149	54 
1150	247 
1151	229 
1152	22 
1153	236 
1154	35 
1155	66 
1156	165 
1157	259 
1158	70 
1159	180 
1160	127 
1161	269 
1162	282 
1163	197 
1164	228 
1165	19 
1166	289 
1167	248 
1168	291 
1169	218 
1170	233 
1171	287 
1172	207 
1173	131 
1174	232 
1175	95 
1176	55 
1177	23 
1178	102 
1179	278 
1180	165 
1181	201 
1182	156 
1183	284 
1184	100 
1185	8 
1186	8 
1187	92 
1188	172 
1189	130 
1190	227 
1191	73 
1192	25 
1193	46 
1194	93 
1195	214 
1196	192 
1197	117 
1198	36 
1199	211 
1200	49 
1201	120 
1202	259 
1203	64 
1204	87 
1205	54 
1206	82 
1207	245 
1208	162 
1209	59 
1210	57 
1211	171 
1212	165 
1213	46 
1214	142 
1215	113 
1216	202 
1217	139 
1218	130 
1219	257 
1220	70 
1221	221 
1222	129 
1223	31 
1224	253 
1225	277 
1226	91 
1227	164 
1228	233 
1229	151 
1230	252 
1231	169 
1232	112 
1233	112 
1234	75 
1235	285 
1236	268 
1237	152 
1238	269 
1239	1 
1240	194 
1241	146 
1242	68 
1243	227 
1244	9 
1245	237 
1246	154 
1247	10 
1248	221 
1249	29 
1250	171 
1251	245 
1252	136 
1253	52 
1254	28 
1255	249 
1256	129 
1257	46 
1258	161 
1259	100 
1260	246 
1261	100 
1262	184 
1263	201 
1264	160 
1265	141 
1266	197 
1267	234 
1268	48 
1269	196 
1270	291 
1271	47 
1272	91 
1273	77 
1274	210 
1275	53 
1276	141 
1277	234 
1278	262 
1279	290 
1280	127 
1281	82 
1282	35 
1283	233 
1284	288 
1285	134 
1286	43 
1287	220 
1288	197 
1289	203 
1290	189 
1291	116 
1292	267 
1293	219 
1294	254 
1295	13 
1296	118 
1297	287 
1298	127 
1299	289 
1300	93 
1301	142 
1302	256 
1303	5 
1304	225 
1305	159 
1306	64 
1307	234 
1308	91 
1309	5 
1310	279 
1311	123 
1312	15 
1313	99 
1314	168 
1315	141 
1316	272 
1317	156 
1318	257 
1319	291 
1320	83 
1321	43 
1322	116 
1323	206 
1324	256 
1325	173 
1326	73 
1327	289 
1328	190 
1329	63 
1330	240 
1331	85 
1332	154 
1333	267 
1334	50 
1335	242 
1336	270 
1337	152 
1338	212 
1339	143 
1340	178 
1341	265 
1342	40 
1343	134 
1344	194 
1345	32 
1346	221 
1347	18 
1348	32 
1349	161 
1350	165 
1351	82 
1352	256 
1353	6 
1354	144 
1355	106 
1356	109 
1357	86 
1358	140 
1359	140 
1360	66 
1361	99 
1362	88 
1363	130 
1364	176 
1365	57 
1366	152 
1367	258 
1368	159 
1369	225 
1370	92 
1371	63 
1372	27 
1373	250 
1374	189 
1375	200 
1376	165 
1377	267 
1378	31 
1379	240 
1380	64 
1381	181 
1382	81 
1383	233 
1384	228 
1385	164 
1386	57 
1387	253 
1388	272 
1389	167 
1390	185 
1391	205 
1392	161 
1393	269 
1394	126 
1395	127 
1396	181 
1397	172 
1398	56 
1399	186 
1400	94 
1401	179 
1402	186 
1403	87 
1404	213 
1405	276 
1406	245 
1407	250 
1408	78 
1409	267 
1410	203 
1411	76 
1412	108 
1413	289 
1414	225 
1415	43 
1416	204 
1417	164 
1418	241 
1419	143 
1420	81 
1421	108 
1422	287 
1423	26 
1424	288 
1425	162 
1426	290 
1427	95 
1428	23 
1429	98 
1430	179 
1431	273 
1432	253 
1433	228 
1434	278 
1435	180 
1436	230 
1437	230 
1438	65 
1439	10 
1440	163 
1441	26 
1442	146 
1443	27 
1444	285 
1445	188 
1446	149 
1447	246 
1448	61 
1449	205 
1450	133 
1451	109 
1452	278 
1453	196 
1454	30 
1455	265 
1456	165 
1457	10 
1458	89 
1459	210 
1460	27 
1461	104 
1462	108 
1463	287 
1464	214 
1465	217 
1466	30 
1467	131 
1468	177 
1469	186 
1470	188 
1471	136 
1472	182 
1473	192 
1474	195 
1475	156 
1476	227 
1477	46 
1478	186 
1479	212 
1480	291 
1481	194 
1482	42 
1483	213 
1484	255 
1485	77 
1486	82 
1487	49 
1488	65 
1489	118 
1490	81 
1491	19 
1492	56 
1493	61 
1494	259 
1495	188 
1496	273 
1497	82 
1498	140 
1499	131 
1500	105 
1501	101 
1502	70 
1503	161 
1504	34 
1505	157 
1506	81 
1507	156 
1508	282 
1509	176 
1510	63 
1511	79 
1512	197 
1513	185 
1514	32 
1515	214 
1516	65 
1517	30 
1518	27 
1519	282 
1520	254 
1521	22 
1522	218 
1523	197 
1524	47 
1525	61 
1526	8 
1527	59 
1528	137 
1529	274 
1530	153 
1531	198 
1532	78 
1533	268 
1534	33 
1535	64 
1536	120 
1537	111 
1538	67 
1539	25 
1540	165 
1541	248 
1542	27 
1543	184 
1544	137 
1545	176 
1546	201 
1547	147 
1548	14 
1549	37 
1550	56 
1551	8 
1552	102 
1553	259 
1554	199 
1555	197 
1556	186 
1557	234 
1558	79 
1559	148 
1560	272 
1561	273 
1562	160 
1563	85 
1564	62 
1565	104 
1566	125 
1567	193 
1568	147 
1569	102 
1570	234 
1571	24 
1572	77 
1573	7 
1574	266 
1575	1 
1576	198 
1577	183 
1578	101 
1579	44 
1580	209 
1581	194 
1582	274 
1583	4 
1584	131 
1585	281 
1586	142 
1587	10 
1588	40 
1589	281 
1590	116 
1591	232 
1592	170 
1593	89 
1594	290 
1595	79 
1596	196 
1597	247 
1598	169 
1599	160 
1600	43 
1601	214 
1602	208 
1603	248 
1604	62 
1605	266 
1606	251 
1607	16 
1608	109 
1609	217 
1610	265 
1611	250 
1612	244 
1613	144 
1614	30 
1615	147 
1616	59 
1617	274 
1618	115 
1619	177 
1620	169 
1621	55 
1622	104 
1623	59 
1624	160 
1625	234 
1626	130 
1627	162 
1628	257 
1629	20 
1630	274 
1631	226 
1632	34 
1633	50 
1634	113 
1635	215 
1636	203 
1637	226 
1638	261 
1639	32 
1640	177 
1641	268 
1642	256 
1643	162 
1644	270 
1645	47 
1646	237 
1647	63 
1648	244 
1649	284 
1650	15 
1651	218 
1652	65 
1653	160 
1654	240 
1655	224 
1656	289 
1657	141 
1658	255 
1659	201 
1660	171 
1661	21 
1662	70 
1663	234 
1664	16 
1665	259 
1666	15 
1667	32 
1668	270 
1669	171 
1670	173 
1671	262 
1672	49 
1673	192 
1674	138 
1675	227 
1676	98 
1677	217 
1678	206 
1679	38 
1680	239 
1681	85 
1682	103 
1683	80 
1684	20 
1685	177 
1686	234 
1687	217 
1688	247 
1689	74 
1690	94 
1691	40 
1692	76 
1693	62 
1694	201 
1695	155 
1696	264 
1697	45 
1698	181 
1699	232 
1700	36 
1701	22 
1702	98 
1703	111 
1704	122 
1705	167 
1706	280 
1707	195 
1708	6 
1709	221 
1710	149 
1711	37 
1712	42 
1713	254 
1714	34 
1715	288 
1716	51 
1717	272 
1718	42 
1719	62 
1720	251 
1721	96 
1722	32 
1723	261 
1724	40 
1725	192 
1726	130 
1727	82 
1728	83 
1729	60 
1730	266 
1731	245 
1732	175 
1733	28 
1734	189 
1735	235 
1736	239 
1737	10 
1738	194 
1739	157 
1740	145 
1741	109 
1742	84 
1743	219 
1744	152 
1745	202 
1746	5 
1747	112 
1748	119 
1749	82 
1750	233 
1751	134 
1752	274 
1753	93 
1754	116 
1755	105 
1756	71 
1757	245 
1758	225 
1759	38 
1760	270 
1761	22 
1762	100 
1763	287 
1764	241 
1765	66 
1766	24 
1767	279 
1768	30 
1769	284 
1770	223 
1771	153 
1772	184 
1773	233 
1774	245 
1775	109 
1776	62 
1777	81 
1778	72 
1779	79 
1780	266 
1781	39 
1782	159 
1783	190 
1784	212 
1785	208 
1786	290 
1787	138 
1788	124 
1789	62 
1790	54 
1791	117 
1792	136 
1793	264 
1794	131 
1795	41 
1796	14 
1797	64 
1798	187 
1799	202 
1800	14 
1801	212 
1802	126 
1803	49 
1804	102 
1805	246 
1806	47 
1807	28 
1808	123 
1809	150 
1810	246 
1811	265 
1812	238 
1813	2 
1814	167 
1815	173 
1816	242 
1817	172 
1818	182 
1819	126 
1820	151 
1821	206 
1822	45 
1823	202 
1824	200 
1825	87 
1826	250 
1827	53 
1828	229 
1829	167 
1830	260 
1831	72 
1832	67 
1833	34 
1834	121 
1835	17 
1836	195 
1837	270 
1838	138 
1839	202 
1840	93 
1841	41 
1842	225 
1843	272 
1844	136 
1845	160 
1846	82 
1847	68 
1848	4 
1849	210 
1850	273 
1851	238 
1852	98 
1853	63 
1854	166 
1855	280 
1856	278 
1857	238 
1858	21 
1859	288 
1860	39 
1861	252 
1862	217 
1863	92 
1864	226 
1865	274 
1866	128 
1867	30 
1868	252 
1869	170 
1870	74 
1871	270 
1872	100 
1873	287 
1874	34 
1875	5 
1876	1 
1877	98 
1878	41 
1879	8 
1880	180 
1881	220 
1882	226 
1883	54 
1884	212 
1885	112 
1886	114 
1887	27 
1888	88 
1889	123 
1890	114 
1891	27 
1892	204 
1893	246 
1894	149 
1895	189 
1896	139 
1897	89 
1898	132 
1899	122 
1900	94 
1901	60 
1902	37 
1903	260 
1904	109 
1905	135 
1906	291 
1907	123 
1908	206 
1909	206 
1910	282 
1911	273 
1912	210 
1913	149 
1914	125 
1915	151 
1916	236 
1917	194 
1918	206 
1919	249 
1920	57 
1921	171 
1922	142 
1923	52 
1924	37 
1925	238 
1926	188 
1927	149 
1928	158 
1929	195 
1930	171 
1931	164 
1932	280 
1933	108 
1934	215 
1935	257 
1936	3 
1937	34 
1938	280 
1939	139 
1940	26 
1941	50 
1942	222 
1943	202 
1944	93 
1945	229 
1946	116 
1947	28 
1948	254 
1949	133 
1950	86 
1951	62 
1952	248 
1953	87 
1954	148 
1955	236 
1956	103 
1957	53 
1958	244 
1959	67 
1960	245 
1961	218 
1962	44 
1963	12 
1964	128 
1965	98 
1966	268 
1967	222 
1968	196 
1969	160 
1970	84 
1971	74 
1972	283 
1973	98 
1974	173 
1975	71 
1976	228 
1977	241 
1978	121 
1979	100 
1980	253 
1981	71 
1982	2 
1983	8 
1984	279 
1985	56 
1986	74 
1987	112 
1988	91 
1989	194 
1990	4 
1991	13 
1992	21 
1993	112 
1994	172 
1995	149 
1996	185 
1997	270 
1998	147 
1999	278 
2000	33 
2001	200 
2002	161 
2003	8 
2004	284 
2005	206 
2006	203 
2007	182 
2008	38 
2009	179 
2010	103 
2011	244 
2012	261 
2013	21 
2014	115 
2015	230 
2016	31 
2017	141 
2018	14 
2019	92 
2020	140 
2021	15 
2022	27 
2023	82 
2024	290 
2025	143 
2026	116 
2027	17 
2028	93 
2029	187 
2030	271 
2031	188 
2032	74 
2033	149 
2034	66 
2035	239 
2036	84 
2037	247 
2038	42 
2039	262 
2040	29 
2041	150 
2042	162 
2043	115 
2044	48 
2045	87 
2046	261 
2047	279 
2048	74 
2049	150 
2050	206 
2051	286 
2052	180 
2053	24 
2054	161 
2055	189 
2056	268 
2057	99 
2058	194 
2059	250 
2060	120 
2061	154 
2062	230 
2063	146 
2064	95 
2065	219 
2066	11 
2067	85 
2068	289 
2069	42 
2070	132 
2071	37 
2072	281 
2073	93 
2074	104 
2075	228 
2076	122 
2077	133 
2078	255 
2079	136 
2080	15 
2081	146 
2082	132 
2083	71 
2084	225 
2085	16 
2086	34 
2087	157 
2088	43 
2089	150 
2090	6 
2091	20 
2092	3 
2093	96 
2094	56 
2095	61 
2096	286 
2097	136 
2098	150 
2099	61 
2100	95 
2101	78 
2102	24 
2103	23 
2104	241 
2105	206 
2106	16 
2107	30 
2108	94 
2109	129 
2110	264 
2111	66 
2112	92 
2113	289 
2114	74 
2115	143 
2116	200 
2117	129 
2118	226 
2119	231 
2120	172 
2121	285 
2122	8 
2123	8 
2124	135 
2125	228 
2126	97 
2127	15 
2128	80 
2129	209 
2130	109 
2131	182 
2132	213 
2133	90 
2134	264 
2135	147 
2136	137 
2137	210 
2138	94 
2139	282 
2140	125 
2141	206 
2142	58 
2143	170 
2144	180 
2145	230 
2146	112 
2147	155 
2148	220 
2149	187 
2150	6 
2151	12 
2152	260 
2153	253 
2154	231 
2155	187 
2156	35 
2157	168 
2158	117 
2159	103 
2160	85 
2161	160 
2162	224 
2163	53 
2164	208 
2165	251 
2166	249 
2167	68 
2168	138 
2169	240 
2170	288 
2171	45 
2172	215 
2173	24 
2174	10 
2175	146 
2176	213 
2177	182 
2178	58 
2179	71 
2180	230 
2181	14 
2182	117 
2183	134 
2184	173 
2185	128 
2186	288 
2187	83 
2188	103 
2189	228 
2190	261 
2191	82 
2192	261 
2193	221 
2194	34 
2195	83 
2196	74 
2197	145 
2198	242 
2199	138 
2200	161 
2201	190 
2202	255 
2203	114 
2204	86 
2205	8 
2206	270 
2207	145 
2208	136 
2209	213 
2210	229 
2211	145 
2212	54 
2213	86 
2214	256 
2215	264 
2216	244 
2217	59 
2218	77 
2219	260 
2220	237 
2221	279 
2222	208 
2223	54 
2224	129 
2225	33 
2226	269 
2227	57 
2228	271 
2229	222 
2230	244 
2231	60 
2232	166 
2233	287 
2234	200 
2235	97 
2236	255 
2237	290 
2238	99 
2239	58 
2240	219 
2241	114 
2242	42 
2243	209 
2244	130 
2245	227 
2246	258 
2247	160 
2248	33 
2249	64 
2250	119 
2251	198 
2252	69 
2253	140 
2254	123 
2255	261 
2256	260 
2257	246 
2258	154 
2259	1 
2260	22 
2261	257 
2262	168 
2263	231 
2264	176 
2265	185 
2266	144 
2267	213 
2268	24 
2269	2 
2270	59 
2271	35 
2272	253 
2273	92 
2274	70 
2275	246 
2276	110 
2277	109 
2278	10 
2279	140 
2280	4 
2281	173 
2282	123 
2283	277 
2284	23 
2285	39 
2286	240 
2287	86 
2288	172 
2289	152 
2290	185 
2291	199 
2292	122 
2293	253 
2294	207 
2295	280 
2296	207 
2297	223 
2298	146 
2299	183 
2300	129 
2301	38 
2302	183 
2303	176 
2304	17 
2305	56 
2306	135 
2307	271 
2308	203 
2309	39 
2310	135 
2311	155 
2312	11 
2313	114 
2314	57 
2315	110 
2316	59 
2317	124 
2318	46 
2319	42 
2320	114 
2321	18 
2322	267 
2323	236 
2324	223 
2325	156 
2326	278 
2327	114 
2328	139 
2329	232 
2330	214 
2331	39 
2332	86 
2333	182 
2334	162 
2335	159 
2336	38 
2337	171 
2338	124 
2339	203 
2340	239 
2341	213 
2342	253 
2343	71 
2344	30 
2345	78 
2346	23 
2347	237 
2348	19 
2349	53 
2350	11 
2351	290 
2352	56 
2353	96 
2354	257 
2355	134 
2356	280 
2357	124 
2358	223 
2359	24 
2360	160 
2361	242 
2362	254 
2363	272 
2364	237 
2365	171 
2366	12 
2367	130 
2368	200 
2369	21 
2370	255 
2371	61 
2372	2 
2373	33 
2374	171 
2375	194 
2376	163 
2377	28 
2378	258 
2379	141 
2380	140 
2381	168 
2382	199 
2383	241 
2384	154 
2385	65 
2386	150 
2387	155 
2388	196 
2389	237 
2390	62 
2391	257 
2392	97 
2393	141 
2394	122 
2395	268 
2396	272 
2397	198 
2398	242 
2399	99 
2400	251 
2401	107 
2402	266 
2403	38 
2404	207 
2405	110 
2406	156 
2407	104 
2408	90 
2409	92 
2410	87 
2411	155 
2412	243 
2413	193 
2414	53 
2415	199 
2416	60 
2417	226 
2418	26 
2419	198 
2420	235 
2421	269 
2422	249 
2423	57 
2424	208 
2425	286 
2426	166 
2427	147 
2428	69 
2429	8 
2430	224 
2431	228 
2432	277 
2433	211 
2434	75 
2435	66 
2436	18 
2437	130 
2438	263 
2439	156 
2440	59 
2441	253 
2442	182 
2443	267 
2444	104 
2445	245 
2446	227 
2447	65 
2448	96 
2449	184 
2450	135 
2451	232 
2452	135 
2453	268 
2454	142 
2455	176 
2456	52 
2457	65 
2458	124 
2459	146 
2460	135 
2461	128 
2462	46 
2463	275 
2464	143 
2465	236 
2466	211 
2467	154 
2468	102 
2469	276 
2470	140 
2471	11 
2472	26 
2473	88 
2474	123 
2475	176 
2476	287 
2477	31 
2478	10 
2479	208 
2480	52 
2481	27 
2482	185 
2483	147 
2484	5 
2485	24 
2486	254 
2487	94 
2488	265 
2489	46 
2490	19 
2491	244 
2492	49 
2493	115 
2494	212 
2495	100 
2496	158 
2497	86 
2498	241 
2499	61 
2500	286 
2501	15 
2502	139 
2503	160 
2504	21 
2505	28 
2506	203 
2507	123 
2508	89 
2509	247 
2510	281 
2511	6 
2512	7 
2513	289 
2514	279 
2515	276 
2516	80 
2517	86 
2518	67 
2519	147 
2520	178 
2521	266 
2522	208 
2523	141 
2524	251 
2525	135 
2526	267 
2527	78 
2528	53 
2529	5 
2530	214 
2531	69 
2532	103 
2533	231 
2534	258 
2535	277 
2536	182 
2537	164 
2538	152 
2539	182 
2540	226 
2541	94 
2542	13 
2543	1 
2544	74 
2545	260 
2546	2 
2547	80 
2548	226 
2549	120 
2550	114 
2551	254 
2552	121 
2553	140 
2554	107 
2555	143 
2556	250 
2557	203 
2558	63 
2559	254 
2560	103 
2561	183 
2562	254 
2563	122 
2564	179 
2565	255 
2566	140 
2567	110 
2568	37 
2569	285 
2570	84 
2571	86 
2572	55 
2573	135 
2574	199 
2575	212 
2576	186 
2577	26 
2578	235 
2579	152 
2580	222 
2581	250 
2582	119 
2583	183 
2584	15 
2585	189 
2586	285 
2587	61 
2588	147 
2589	225 
2590	88 
2591	118 
2592	7 
2593	59 
2594	13 
2595	207 
2596	29 
2597	210 
2598	287 
2599	275 
2600	64 
2601	85 
2602	152 
2603	118 
2604	233 
2605	188 
2606	91 
2607	22 
2608	64 
2609	55 
2610	222 
2611	224 
2612	190 
2613	73 
2614	113 
2615	48 
2616	10 
2617	136 
2618	153 
2619	36 
2620	123 
2621	71 
2622	173 
2623	74 
2624	210 
2625	122 
2626	194 
2627	162 
2628	116 
2629	99 
2630	96 
2631	118 
2632	241 
2633	29 
2634	27 
2635	179 
2636	237 
2637	220 
2638	136 
2639	135 
2640	126 
2641	260 
2642	206 
2643	118 
2644	96 
2645	132 
2646	180 
2647	33 
2648	151 
2649	285 
2650	108 
2651	123 
2652	88 
2653	26 
2654	199 
2655	146 
2656	118 
2657	31 
2658	65 
2659	226 
2660	36 
2661	107 
2662	104 
2663	230 
2664	113 
2665	272 
2666	109 
2667	122 
2668	82 
2669	243 
2670	114 
2671	261 
2672	128 
2673	188 
2674	207 
2675	186 
2676	79 
2677	261 
2678	112 
2679	237 
2680	217 
2681	187 
2682	230 
2683	4 
2684	97 
2685	290 
2686	71 
2687	81 
2688	152 
2689	67 
2690	39 
2691	164 
2692	107 
2693	148 
2694	129 
2695	146 
2696	153 
2697	176 
2698	189 
2699	123 
2700	217 
2701	120 
2702	172 
2703	154 
2704	289 
2705	120 
2706	130 
2707	44 
2708	115 
2709	202 
2710	260 
2711	219 
2712	62 
2713	262 
2714	227 
2715	145 
2716	80 
2717	62 
2718	120 
2719	180 
2720	17 
2721	266 
2722	139 
2723	116 
2724	218 
2725	273 
2726	56 
2727	160 
2728	199 
2729	134 
2730	86 
2731	121 
2732	156 
2733	19 
2734	160 
2735	271 
2736	283 
2737	12 
2738	185 
2739	123 
2740	22 
2741	263 
2742	29 
2743	218 
2744	41 
2745	144 
2746	239 
2747	14 
2748	223 
2749	70 
2750	82 
2751	152 
2752	279 
2753	78 
2754	268 
2755	93 
2756	5 
2757	179 
2758	35 
2759	88 
2760	213 
2761	277 
2762	46 
2763	157 
2764	123 
2765	66 
2766	191 
2767	135 
2768	78 
2769	123 
2770	161 
2771	194 
2772	290 
2773	70 
2774	178 
2775	119 
2776	148 
2777	27 
2778	119 
2779	16 
2780	280 
2781	158 
2782	50 
2783	115 
2784	133 
2785	68 
2786	59 
2787	159 
2788	5 
2789	35 
2790	5 
2791	140 
2792	84 
2793	280 
2794	86 
2795	157 
2796	182 
2797	128 
2798	252 
2799	84 
2800	50 
2801	58 
2802	204 
2803	65 
2804	36 
2805	51 
2806	66 
2807	9 
2808	229 
2809	50 
2810	255 
2811	224 
2812	156 
2813	26 
2814	136 
2815	36 
2816	84 
2817	13 
2818	168 
2819	150 
2820	116 
2821	132 
2822	231 
2823	185 
2824	181 
2825	12 
2826	120 
2827	203 
2828	198 
2829	120 
2830	286 
2831	242 
2832	264 
2833	47 
2834	81 
2835	226 
2836	17 
2837	270 
2838	228 
2839	221 
2840	5 
2841	48 
2842	77 
2843	211 
2844	21 
2845	161 
2846	249 
2847	71 
2848	148 
2849	156 
2850	272 
2851	284 
2852	166 
2853	9 
2854	148 
2855	236 
2856	222 
2857	98 
2858	47 
2859	189 
2860	268 
2861	242 
2862	92 
2863	129 
2864	120 
2865	55 
2866	174 
2867	233 
2868	290 
2869	80 
2870	161 
2871	248 
2872	128 
2873	285 
2874	62 
2875	29 
2876	207 
2877	287 
2878	22 
2879	126 
2880	149 
2881	260 
2882	4 
2883	77 
2884	222 
2885	239 
2886	141 
2887	191 
2888	37 
2889	27 
2890	72 
2891	9 
2892	31 
2893	132 
2894	281 
2895	11 
2896	16 
2897	181 
2898	231 
2899	162 
2900	160 
2901	221 
2902	98 
2903	24 
2904	130 
2905	237 
2906	96 
2907	21 
2908	219 
2909	172 
2910	247 
2911	94 
2912	151 
2913	5 
2914	17 
2915	14 
2916	5 
2917	22 
2918	227 
2919	6 
2920	252 
2921	16 
2922	129 
2923	121 
2924	132 
2925	14 
2926	141 
2927	147 
2928	137 
2929	115 
2930	160 
2931	264 
2932	123 
2933	176 
2934	163 
2935	57 
2936	289 
2937	245 
2938	210 
2939	52 
2940	231 
2941	73 
2942	199 
2943	118 
2944	1 
2945	50 
2946	20 
2947	137 
2948	246 
2949	223 
2950	205 
2951	176 
2952	199 
2953	114 
2954	44 
2955	264 
2956	1 
2957	60 
2958	263 
2959	282 
2960	37 
2961	189 
2962	181 
2963	161 
2964	248 
2965	245 
2966	205 
2967	170 
2968	258 
2969	126 
2970	21 
2971	128 
2972	50 
2973	77 
2974	73 
2975	12 
2976	244 
2977	241 
2978	290 
2979	100 
2980	145 
2981	120 
2982	113 
2983	158 
2984	85 
2985	275 
2986	175 
2987	218 
2988	255 
2989	19 
2990	43 
2991	265 
2992	153 
2993	163 
2994	174 
2995	145 
2996	41 
2997	18 
2998	99 
2999	103 
3000	218 
3001	191 
3002	166 
3003	116 
3004	123 
3005	273 
3006	268 
3007	30 
3008	210 
3009	27 
3010	27 
3011	157 
3012	81 
3013	133 
3014	131 
3015	266 
3016	242 
3017	227 
3018	159 
3019	9 
3020	133 
3021	42 
3022	76 
3023	198 
3024	209 
3025	69 
3026	216 
3027	271 
3028	77 
3029	290 
3030	251 
3031	145 
3032	31 
3033	110 
3034	262 
3035	250 
3036	233 
3037	30 
3038	75 
3039	248 
3040	29 
3041	178 
3042	273 
3043	269 
3044	100 
3045	239 
3046	153 
3047	158 
3048	68 
3049	5 
3050	13 
3051	85 
3052	143 
3053	142 
3054	6 
3055	209 
3056	38 
3057	247 
3058	200 
3059	141 
3060	20 
3061	235 
3062	117 
3063	180 
3064	272 
3065	286 
3066	290 
3067	123 
3068	57 
3069	198 
3070	16 
3071	53 
3072	11 
3073	111 
3074	280 
3075	77 
3076	250 
3077	242 
3078	178 
3079	251 
3080	12 
3081	86 
3082	281 
3083	56 
3084	121 
3085	81 
3086	284 
3087	170 
3088	76 
3089	81 
3090	151 
3091	94 
3092	150 
3093	200 
3094	70 
3095	97 
3096	160 
3097	255 
3098	249 
3099	284 
3100	179 
3101	264 
3102	87 
3103	153 
3104	135 
3105	70 
3106	138 
3107	256 
3108	180 
3109	50 
3110	60 
3111	231 
3112	29 
3113	10 
3114	208 
3115	2 
3116	56 
3117	72 
3118	14 
3119	116 
3120	42 
3121	266 
3122	69 
3123	51 
3124	164 
3125	91 
3126	211 
3127	73 
3128	77 
3129	202 
3130	167 
3131	29 
3132	257 
3133	54 
3134	29 
3135	115 
3136	51 
3137	279 
3138	41 
3139	241 
3140	178 
3141	94 
3142	240 
3143	7 
3144	57 
3145	221 
3146	163 
3147	73 
3148	16 
3149	219 
3150	52 
3151	217 
3152	233 
3153	98 
3154	285 
3155	8 
3156	224 
3157	79 
3158	76 
3159	18 
3160	99 
3161	117 
3162	131 
3163	11 
3164	288 
3165	135 
3166	217 
3167	252 
3168	125 
3169	223 
3170	52 
3171	157 
3172	147 
3173	255 
3174	85 
3175	269 
3176	138 
3177	105 
3178	239 
3179	148 
3180	257 
3181	172 
3182	168 
3183	94 
3184	38 
3185	67 
3186	12 
3187	184 
3188	271 
3189	36 
3190	275 
3191	226 
3192	240 
3193	38 
3194	7 
3195	110 
3196	139 
3197	33 
3198	125 
3199	219 
3200	126 
3201	249 
3202	134 
3203	215 
3204	154 
3205	51 
3206	246 
3207	98 
3208	158 
3209	135 
3210	43 
3211	163 
3212	196 
3213	222 
3214	212 
3215	202 
3216	175 
3217	246 
3218	139 
3219	105 
3220	85 
3221	264 
3222	120 
3223	98 
3224	135 
3225	78 
3226	210 
3227	75 
3228	158 
3229	183 
3230	156 
3231	247 
3232	134 
3233	290 
3234	211 
3235	256 
3236	267 
3237	130 
3238	137 
3239	219 
3240	143 
3241	42 
3242	263 
3243	148 
3244	65 
3245	124 
3246	244 
3247	265 
3248	202 
3249	4 
3250	272 
3251	163 
3252	176 
3253	207 
3254	152 
3255	67 
3256	275 
3257	265 
3258	33 
3259	167 
3260	188 
3261	194 
3262	266 
3263	44 
3264	65 
3265	221 
3266	178 
3267	58 
3268	107 
3269	246 
3270	148 
3271	202 
3272	107 
3273	57 
3274	154 
3275	273 
3276	162 
3277	248 
3278	250 
3279	235 
3280	78 
3281	139 
3282	2 
3283	248 
3284	188 
3285	19 
3286	99 
3287	140 
3288	179 
3289	236 
3290	198 
3291	108 
3292	99 
3293	5 
3294	119 
3295	4 
3296	202 
3297	186 
3298	262 
3299	280 
3300	200 
3301	167 
3302	174 
3303	24 
3304	36 
3305	187 
3306	161 
3307	170 
3308	232 
3309	146 
3310	131 
3311	267 
3312	231 
3313	187 
3314	247 
3315	11 
3316	243 
3317	93 
3318	135 
3319	19 
3320	215 
3321	22 
3322	291 
3323	99 
3324	112 
3325	77 
3326	211 
3327	45 
3328	166 
3329	190 
3330	68 
3331	4 
3332	202 
3333	19 
3334	118 
3335	107 
3336	250 
3337	30 
3338	97 
3339	48 
3340	89 
3341	76 
3342	46 
3343	217 
3344	96 
3345	172 
3346	77 
3347	73 
3348	122 
3349	154 
3350	200 
3351	151 
3352	88 
3353	38 
3354	24 
3355	27 
3356	263 
3357	5 
3358	24 
3359	273 
3360	105 
3361	21 
3362	134 
3363	218 
3364	170 
3365	137 
3366	179 
3367	244 
3368	150 
3369	228 
3370	80 
3371	222 
3372	12 
3373	47 
3374	6 
3375	43 
3376	123 
3377	283 
3378	13 
3379	104 
3380	235 
3381	147 
3382	103 
3383	223 
3384	288 
3385	80 
3386	271 
3387	175 
3388	237 
3389	73 
3390	31 
3391	114 
3392	20 
3393	238 
3394	235 
3395	129 
3396	216 
3397	281 
3398	66 
3399	217 
3400	170 
3401	158 
3402	233 
3403	157 
3404	247 
3405	176 
3406	151 
3407	78 
3408	9 
3409	100 
3410	44 
3411	240 
3412	26 
3413	271 
3414	258 
3415	127 
3416	94 
3417	92 
3418	189 
3419	203 
3420	218 
3421	17 
3422	167 
3423	182 
3424	288 
3425	108 
3426	212 
3427	28 
3428	151 
3429	264 
3430	137 
3431	224 
3432	273 
3433	150 
3434	110 
3435	86 
3436	181 
3437	280 
3438	100 
3439	87 
3440	209 
3441	268 
3442	208 
3443	88 
3444	125 
3445	97 
3446	207 
3447	102 
3448	29 
3449	154 
3450	68 
3451	203 
3452	223 
3453	219 
3454	36 
3455	273 
3456	143 
3457	287 
3458	94 
3459	202 
3460	279 
3461	145 
3462	143 
3463	176 
3464	126 
3465	45 
3466	147 
3467	276 
3468	70 
3469	119 
3470	52 
3471	207 
3472	111 
3473	130 
3474	281 
3475	84 
3476	214 
3477	15 
3478	88 
3479	269 
3480	246 
3481	252 
3482	251 
3483	280 
3484	13 
3485	149 
3486	202 
3487	243 
3488	90 
3489	31 
3490	280 
3491	178 
3492	261 
3493	232 
3494	190 
3495	31 
3496	264 
3497	123 
3498	168 
3499	120 
3500	140 
3501	3 
3502	120 
3503	264 
3504	175 
3505	112 
3506	210 
3507	195 
3508	104 
3509	2 
3510	189 
3511	277 
3512	126 
3513	268 
3514	211 
3515	228 
3516	159 
3517	57 
3518	43 
3519	56 
3520	166 
3521	226 
3522	114 
3523	209 
3524	138 
3525	261 
3526	26 
3527	135 
3528	91 
3529	227 
3530	223 
3531	135 
3532	57 
3533	76 
3534	14 
3535	138 
3536	202 
3537	163 
3538	224 
3539	122 
3540	4 
3541	262 
3542	191 
3543	149 
3544	281 
3545	241 
3546	139 
3547	210 
3548	231 
3549	131 
3550	239 
3551	22 
3552	108 
3553	213 
3554	87 
3555	281 
3556	187 
3557	46 
3558	203 
3559	5 
3560	249 
3561	279 
3562	127 
3563	63 
3564	239 
3565	106 
3566	56 
3567	187 
3568	121 
3569	273 
3570	164 
3571	52 
3572	112 
3573	181 
3574	4 
3575	78 
3576	112 
3577	106 
3578	266 
3579	256 
3580	36 
3581	13 
3582	45 
3583	129 
3584	162 
3585	95 
3586	216 
3587	18 
3588	286 
3589	275 
3590	262 
3591	190 
3592	265 
3593	176 
3594	204 
3595	285 
3596	80 
3597	213 
3598	12 
3599	239 
3600	182 
3601	288 
3602	73 
3603	13 
3604	227 
3605	161 
3606	279 
3607	68 
3608	39 
3609	186 
3610	16 
3611	149 
3612	92 
3613	268 
3614	162 
3615	232 
3616	261 
3617	222 
3618	29 
3619	189 
3620	85 
3621	10 
3622	42 
3623	217 
3624	87 
3625	61 
3626	122 
3627	267 
3628	279 
3629	236 
3630	105 
3631	18 
3632	155 
3633	226 
3634	73 
3635	221 
3636	175 
3637	275 
3638	138 
3639	250 
3640	174 
3641	283 
3642	27 
3643	187 
3644	117 
3645	166 
3646	221 
3647	184 
3648	90 
3649	248 
3650	276 
3651	45 
3652	142 
3653	153 
3654	41 
3655	69 
3656	115 
3657	283 
3658	89 
3659	291 
3660	10 
3661	226 
3662	261 
3663	19 
3664	2 
3665	138 
3666	240 
3667	69 
3668	132 
3669	9 
3670	125 
3671	123 
3672	148 
3673	222 
3674	178 
3675	216 
3676	153 
3677	80 
3678	198 
3679	255 
3680	58 
3681	114 
3682	106 
3683	215 
3684	77 
3685	175 
3686	104 
3687	95 
3688	179 
3689	16 
3690	131 
3691	91 
3692	58 
3693	260 
3694	3 
3695	8 
3696	262 
3697	81 
3698	244 
3699	183 
3700	104 
3701	45 
3702	67 
3703	164 
3704	3 
3705	72 
3706	52 
3707	265 
3708	184 
3709	6 
3710	241 
3711	207 
3712	205 
3713	126 
3714	68 
3715	217 
3716	209 
3717	61 
3718	123 
3719	149 
3720	70 
3721	129 
3722	132 
3723	27 
3724	283 
3725	9 
3726	119 
3727	290 
3728	251 
3729	286 
3730	213 
3731	186 
3732	226 
3733	170 
3734	211 
3735	120 
3736	260 
3737	211 
3738	4 
3739	107 
3740	255 
3741	106 
3742	212 
3743	223 
3744	196 
3745	137 
3746	20 
3747	122 
3748	18 
3749	187 
3750	220 
3751	126 
3752	198 
3753	22 
3754	255 
3755	159 
3756	50 
3757	134 
3758	280 
3759	271 
3760	127 
3761	87 
3762	207 
3763	260 
3764	189 
3765	22 
3766	196 
3767	115 
3768	267 
3769	211 
3770	174 
3771	240 
3772	141 
3773	150 
3774	166 
3775	9 
3776	174 
3777	19 
3778	86 
3779	251 
3780	149 
3781	162 
3782	265 
3783	227 
3784	180 
3785	196 
3786	216 
3787	112 
3788	151 
3789	30 
3790	124 
3791	7 
3792	8 
3793	199 
3794	148 
3795	115 
3796	257 
3797	60 
3798	181 
3799	50 
3800	183 
3801	281 
3802	109 
3803	215 
3804	12 
3805	76 
3806	291 
3807	247 
3808	251 
3809	6 
3810	56 
3811	226 
3812	13 
3813	127 
3814	274 
3815	85 
3816	150 
3817	147 
3818	202 
3819	260 
3820	205 
3821	27 
3822	211 
3823	137 
3824	13 
3825	96 
3826	172 
3827	125 
3828	223 
3829	36 
3830	16 
3831	274 
3832	257 
3833	199 
3834	145 
3835	173 
3836	174 
3837	15 
3838	138 
3839	22 
3840	21 
3841	49 
3842	258 
3843	145 
3844	172 
3845	163 
3846	281 
3847	108 
3848	19 
3849	67 
3850	170 
3851	95 
3852	124 
3853	167 
3854	188 
3855	93 
3856	207 
3857	202 
3858	248 
3859	92 
3860	153 
3861	96 
3862	115 
3863	108 
3864	61 
3865	9 
3866	279 
3867	24 
3868	205 
3869	162 
3870	256 
3871	281 
3872	7 
3873	212 
3874	36 
3875	239 
3876	129 
3877	264 
3878	57 
3879	264 
3880	93 
3881	123 
3882	220 
3883	251 
3884	78 
3885	266 
3886	158 
3887	235 
3888	284 
3889	256 
3890	35 
3891	256 
3892	186 
3893	246 
3894	208 
3895	168 
3896	24 
3897	69 
3898	237 
3899	91 
3900	273 
3901	284 
3902	238 
3903	126 
3904	180 
3905	203 
3906	4 
3907	7 
3908	117 
3909	39 
3910	290 
3911	143 
3912	87 
3913	216 
3914	18 
3915	231 
3916	51 
3917	213 
3918	142 
3919	215 
3920	264 
3921	109 
3922	168 
3923	129 
3924	19 
3925	168 
3926	190 
3927	3 
3928	38 
3929	127 
3930	159 
3931	12 
3932	148 
3933	241 
3934	268 
3935	279 
3936	68 
3937	9 
3938	157 
3939	85 
3940	88 
3941	134 
3942	89 
3943	22 
3944	150 
3945	50 
3946	10 
3947	267 
3948	216 
3949	283 
3950	209 
3951	1 
3952	91 
3953	145 
3954	246 
3955	27 
3956	224 
3957	161 
3958	72 
3959	211 
3960	167 
3961	220 
3962	160 
3963	276 
3964	258 
3965	274 
3966	130 
3967	125 
3968	18 
3969	221 
3970	217 
3971	109 
3972	185 
3973	61 
3974	166 
3975	158 
3976	164 
3977	281 
3978	126 
3979	274 
3980	123 
3981	205 
3982	255 
3983	68 
3984	163 
3985	213 
3986	89 
3987	194 
3988	96 
3989	233 
3990	286 
3991	111 
3992	188 
3993	181 
3994	260 
3995	157 
3996	151 
3997	7 
3998	79 
3999	223 
4000	55 
4001	215 
4002	151 
4003	115 
4004	146 
4005	52 
4006	191 
4007	7 
4008	155 
4009	72 
4010	255 
4011	179 
4012	176 
4013	143 
4014	285 
4015	31 
4016	97 
4017	114 
4018	162 
4019	188 
4020	211 
4021	170 
4022	220 
4023	251 
4024	70 
4025	190 
4026	97 
4027	258 
4028	44 
4029	17 
4030	20 
4031	98 
4032	88 
4033	155 
4034	160 
4035	242 
4036	46 
4037	60 
4038	194 
4039	269 
4040	5 
4041	163 
4042	114 
4043	161 
4044	167 
4045	46 
4046	216 
4047	166 
4048	108 
4049	262 
4050	194 
4051	202 
4052	78 
4053	178 
4054	189 
4055	198 
4056	200 
4057	81 
4058	135 
4059	48 
4060	76 
4061	112 
4062	222 
4063	17 
4064	81 
4065	216 
4066	196 
4067	76 
4068	238 
4069	21 
4070	263 
4071	14 
4072	216 
4073	231 
4074	291 
4075	182 
4076	213 
4077	267 
4078	100 
4079	277 
4080	202 
4081	52 
4082	220 
4083	78 
4084	85 
4085	143 
4086	70 
4087	24 
4088	246 
4089	268 
4090	30 
4091	9 
4092	284 
4093	67 
4094	120 
4095	145 
4096	274 
4097	114 
4098	279 
4099	261 
4100	230 
4101	61 
4102	244 
4103	90 
4104	7 
4105	269 
4106	178 
4107	15 
4108	100 
4109	131 
4110	118 
4111	77 
4112	150 
4113	290 
4114	90 
4115	16 
4116	250 
4117	36 
4118	97 
4119	114 
4120	168 
4121	111 
4122	57 
4123	123 
4124	279 
4125	67 
4126	174 
4127	79 
4128	61 
4129	58 
4130	255 
4131	276 
4132	35 
4133	243 
4134	205 
4135	208 
4136	237 
4137	232 
4138	138 
4139	19 
4140	212 
4141	213 
4142	226 
4143	5 
4144	267 
4145	246 
4146	144 
4147	49 
4148	51 
4149	182 
4150	3 
4151	256 
4152	100 
4153	103 
4154	17 
4155	91 
4156	213 
4157	195 
4158	55 
4159	239 
4160	103 
4161	127 
4162	70 
4163	196 
4164	168 
4165	28 
4166	80 
4167	162 
4168	50 
4169	139 
4170	170 
4171	15 
4172	67 
4173	283 
4174	220 
4175	51 
4176	50 
4177	104 
4178	198 
4179	89 
4180	195 
4181	220 
4182	263 
4183	200 
4184	91 
4185	264 
4186	29 
4187	199 
4188	105 
4189	143 
4190	115 
4191	267 
4192	35 
4193	39 
4194	181 
4195	145 
4196	41 
4197	152 
4198	97 
4199	46 
4200	148 
4201	235 
4202	208 
4203	48 
4204	250 
4205	104 
4206	243 
4207	124 
4208	242 
4209	14 
4210	213 
4211	163 
4212	184 
4213	185 
4214	236 
4215	155 
4216	31 
4217	107 
4218	81 
4219	204 
4220	221 
4221	262 
4222	123 
4223	285 
4224	105 
4225	258 
4226	249 
4227	104 
4228	158 
4229	264 
4230	21 
4231	121 
4232	248 
4233	183 
4234	179 
4235	155 
4236	210 
4237	67 
4238	288 
4239	276 
4240	223 
4241	276 
4242	237 
4243	202 
4244	168 
4245	10 
4246	113 
4247	258 
4248	226 
4249	63 
4250	174 
4251	26 
4252	266 
4253	134 
4254	75 
4255	235 
4256	20 
4257	150 
4258	94 
4259	48 
4260	1 
4261	152 
4262	216 
4263	81 
4264	190 
4265	215 
4266	265 
4267	244 
4268	19 
4269	223 
4270	255 
4271	255 
4272	120 
4273	268 
4274	243 
4275	138 
4276	235 
4277	221 
4278	189 
4279	86 
4280	27 
4281	16 
4282	274 
4283	22 
4284	183 
4285	238 
4286	249 
4287	86 
4288	265 
4289	150 
4290	78 
4291	78 
4292	20 
4293	203 
4294	140 
4295	163 
4296	218 
4297	39 
4298	145 
4299	107 
4300	275 
4301	70 
4302	2 
4303	275 
4304	63 
4305	3 
4306	117 
4307	114 
4308	60 
4309	135 
4310	183 
4311	210 
4312	220 
4313	167 
4314	94 
4315	78 
4316	182 
4317	123 
4318	50 
4319	89 
4320	175 
4321	252 
4322	220 
4323	106 
4324	174 
4325	189 
4326	78 
4327	6 
4328	130 
4329	181 
4330	187 
4331	202 
4332	205 
4333	261 
4334	214 
4335	211 
4336	89 
4337	155 
4338	90 
4339	264 
4340	45 
4341	265 
4342	41 
4343	184 
4344	243 
4345	237 
4346	238 
4347	114 
4348	252 
4349	88 
4350	231 
4351	153 
4352	85 
4353	250 
4354	252 
4355	49 
4356	155 
4357	141 
4358	198 
4359	3 
4360	46 
4361	124 
4362	260 
4363	61 
4364	15 
4365	255 
4366	233 
4367	115 
4368	252 
4369	15 
4370	191 
4371	233 
4372	211 
4373	94 
4374	284 
4375	26 
4376	267 
4377	214 
4378	3 
4379	127 
4380	150 
4381	210 
4382	262 
4383	174 
4384	205 
4385	55 
4386	263 
4387	222 
4388	232 
4389	248 
4390	10 
4391	58 
4392	60 
4393	78 
4394	153 
4395	157 
4396	139 
4397	268 
4398	88 
4399	138 
4400	35 
4401	230 
4402	41 
4403	250 
4404	39 
4405	121 
4406	221 
4407	108 
4408	18 
4409	15 
4410	261 
4411	17 
4412	46 
4413	195 
4414	45 
4415	174 
4416	238 
4417	265 
4418	90 
4419	189 
4420	63 
4421	77 
4422	189 
4423	2 
4424	236 
4425	55 
4426	199 
4427	167 
4428	157 
4429	106 
4430	1 
4431	41 
4432	107 
4433	174 
4434	243 
4435	275 
4436	67 
4437	69 
4438	121 
4439	9 
4440	125 
4441	143 
4442	248 
4443	182 
4444	31 
4445	132 
4446	130 
4447	159 
4448	179 
4449	44 
4450	212 
4451	113 
4452	11 
4453	195 
4454	70 
4455	241 
4456	152 
4457	224 
4458	233 
4459	164 
4460	173 
4461	230 
4462	176 
4463	135 
4464	115 
4465	159 
4466	246 
4467	45 
4468	95 
4469	166 
4470	29 
4471	98 
4472	175 
4473	157 
4474	137 
4475	190 
4476	271 
4477	79 
4478	224 
4479	220 
4480	5 
4481	167 
4482	118 
4483	106 
4484	80 
4485	224 
4486	215 
4487	274 
4488	65 
4489	76 
4490	290 
4491	178 
4492	255 
4493	14 
4494	97 
4495	10 
4496	248 
4497	239 
4498	210 
4499	158 
4500	232 
4501	204 
4502	35 
4503	122 
4504	72 
4505	264 
4506	265 
4507	180 
4508	194 
4509	107 
4510	186 
4511	285 
4512	76 
4513	142 
4514	39 
4515	100 
4516	77 
4517	56 
4518	61 
4519	215 
4520	13 
4521	142 
4522	108 
4523	179 
4524	10 
4525	45 
4526	231 
4527	191 
4528	80 
4529	203 
4530	188 
4531	130 
4532	264 
4533	252 
4534	275 
4535	186 
4536	207 
4537	70 
4538	125 
4539	186 
4540	93 
4541	127 
4542	61 
4543	68 
4544	246 
4545	137 
4546	107 
4547	68 
4548	157 
4549	266 
4550	153 
4551	2 
4552	51 
4553	6 
4554	12 
4555	180 
4556	19 
4557	135 
4558	150 
4559	113 
4560	184 
4561	52 
4562	232 
4563	112 
4564	160 
4565	65 
4566	251 
4567	263 
4568	281 
4569	199 
4570	135 
4571	238 
4572	195 
4573	43 
4574	69 
4575	179 
4576	174 
4577	232 
4578	52 
4579	267 
4580	9 
4581	39 
4582	145 
4583	146 
4584	93 
4585	46 
4586	42 
4587	138 
4588	239 
4589	230 
4590	283 
4591	90 
4592	262 
4593	277 
4594	44 
4595	63 
4596	138 
4597	18 
4598	281 
4599	159 
4600	181 
4601	113 
4602	110 
4603	122 
4604	161 
4605	65 
4606	41 
4607	266 
4608	189 
4609	236 
4610	39 
4611	258 
4612	233 
4613	106 
4614	230 
4615	255 
4616	29 
4617	162 
4618	108 
4619	104 
4620	164 
4621	289 
4622	187 
4623	130 
4624	195 
4625	212 
4626	140 
4627	210 
4628	212 
4629	172 
4630	141 
4631	286 
4632	15 
4633	208 
4634	42 
4635	252 
4636	162 
4637	195 
4638	216 
4639	138 
4640	267 
4641	215 
4642	27 
4643	68 
4644	55 
4645	100 
4646	183 
4647	250 
4648	175 
4649	61 
4650	243 
4651	264 
4652	68 
4653	134 
4654	92 
4655	268 
4656	144 
4657	291 
4658	113 
4659	91 
4660	72 
4661	69 
4662	227 
4663	243 
4664	286 
4665	76 
4666	2 
4667	31 
4668	44 
4669	160 
4670	264 
4671	30 
4672	123 
4673	284 
4674	158 
4675	269 
4676	65 
4677	51 
4678	138 
4679	205 
4680	157 
4681	135 
4682	250 
4683	33 
4684	290 
4685	226 
4686	175 
4687	196 
4688	191 
4689	111 
4690	130 
4691	163 
4692	14 
4693	243 
4694	117 
4695	185 
4696	107 
4697	237 
4698	63 
4699	142 
4700	174 
4701	277 
4702	160 
4703	249 
4704	202 
4705	162 
4706	208 
4707	251 
4708	49 
4709	186 
4710	243 
4711	161 
4712	69 
4713	161 
4714	55 
4715	216 
4716	176 
4717	8 
4718	152 
4719	135 
4720	286 
4721	276 
4722	124 
4723	288 
4724	50 
4725	13 
4726	277 
4727	20 
4728	258 
4729	103 
4730	139 
4731	56 
4732	124 
4733	158 
4734	24 
4735	236 
4736	189 
4737	214 
4738	60 
4739	269 
4740	18 
4741	39 
4742	174 
4743	246 
4744	124 
4745	172 
4746	55 
4747	43 
4748	265 
4749	65 
4750	63 
4751	170 
4752	14 
4753	230 
4754	115 
4755	211 
4756	176 
4757	118 
4758	122 
4759	114 
4760	132 
4761	191 
4762	166 
4763	31 
4764	187 
4765	271 
4766	173 
4767	45 
4768	215 
4769	151 
4770	248 
4771	67 
4772	209 
4773	132 
4774	19 
4775	203 
4776	97 
4777	126 
4778	65 
4779	28 
4780	241 
4781	216 
4782	190 
4783	166 
4784	33 
4785	109 
4786	274 
4787	161 
4788	134 
4789	28 
4790	258 
4791	3 
4792	274 
4793	119 
4794	183 
4795	16 
4796	180 
4797	158 
4798	277 
4799	114 
4800	289 
4801	39 
4802	19 
4803	107 
4804	12 
4805	61 
4806	289 
4807	288 
4808	267 
4809	183 
4810	15 
4811	46 
4812	20 
4813	162 
4814	142 
4815	150 
4816	226 
4817	70 
4818	70 
4819	239 
4820	72 
4821	110 
4822	145 
4823	262 
4824	60 
4825	163 
4826	41 
4827	189 
4828	205 
4829	22 
4830	127 
4831	39 
4832	33 
4833	146 
4834	274 
4835	281 
4836	50 
4837	3 
4838	111 
4839	65 
4840	27 
4841	73 
4842	250 
4843	256 
4844	148 
4845	172 
4846	173 
4847	22 
4848	290 
4849	178 
4850	211 
4851	12 
4852	95 
4853	35 
4854	141 
4855	251 
4856	114 
4857	250 
4858	108 
4859	131 
4860	190 
4861	122 
4862	257 
4863	241 
4864	269 
4865	151 
4866	69 
4867	117 
4868	151 
4869	235 
4870	217 
4871	29 
4872	114 
4873	207 
4874	172 
4875	123 
4876	268 
4877	27 
4878	207 
4879	184 
4880	227 
4881	213 
4882	49 
4883	94 
4884	132 
4885	208 
4886	45 
4887	233 
4888	151 
4889	255 
4890	99 
4891	260 
4892	271 
4893	121 
4894	148 
4895	157 
4896	45 
4897	276 
4898	191 
4899	210 
4900	146 
4901	105 
4902	168 
4903	87 
4904	131 
4905	115 
4906	211 
4907	125 
4908	167 
4909	217 
4910	45 
4911	42 
4912	152 
4913	9 
4914	138 
4915	75 
4916	16 
4917	109 
4918	43 
4919	76 
4920	276 
4921	289 
4922	94 
4923	30 
4924	42 
4925	85 
4926	252 
4927	249 
4928	7 
4929	2 
4930	76 
4931	244 
4932	102 
4933	134 
4934	288 
4935	238 
4936	7 
4937	80 
4938	230 
4939	285 
4940	99 
4941	285 
4942	58 
4943	291 
4944	178 
4945	195 
4946	73 
4947	151 
4948	150 
4949	60 
4950	50 
4951	211 
4952	73 
4953	189 
4954	207 
4955	260 
4956	112 
4957	218 
4958	224 
4959	244 
4960	102 
4961	178 
4962	289 
4963	164 
4964	6 
4965	78 
4966	11 
4967	119 
4968	159 
4969	108 
4970	127 
4971	1 
4972	28 
4973	89 
4974	15 
4975	124 
4976	43 
4977	142 
4978	5 
4979	113 
4980	218 
4981	149 
4982	73 
4983	140 
4984	187 
4985	75 
4986	251 
4987	264 
4988	104 
4989	75 
4990	76 
4991	78 
4992	97 
4993	12 
4994	132 
4995	251 
4996	264 
4997	257 
4998	224 
4999	58 
5000	72 
5001	189 
5002	39 
5003	180 
5004	150 
5005	226 
5006	281 
5007	72 
5008	168 
5009	213 
5010	41 
5011	237 
5012	109 
5013	157 
5014	90 
5015	185 
5016	131 
5017	19 
5018	291 
5019	132 
5020	173 
5021	110 
5022	112 
5023	288 
5024	118 
5025	183 
5026	135 
5027	35 
5028	175 
5029	176 
5030	49 
5031	286 
5032	211 
5033	60 
5034	276 
5035	158 
5036	106 
5037	145 
5038	211 
5039	158 
5040	18 
5041	266 
5042	286 
5043	39 
5044	149 
5045	276 
5046	265 
5047	239 
5048	115 
5049	263 
5050	235 
5051	67 
5052	135 
5053	39 
5054	212 
5055	184 
5056	248 
5057	24 
5058	203 
5059	161 
5060	238 
5061	247 
5062	276 
5063	191 
5064	21 
5065	208 
5066	224 
5067	189 
5068	91 
5069	230 
5070	16 
5071	155 
5072	195 
5073	155 
5074	250 
5075	109 
5076	107 
5077	163 
5078	290 
5079	194 
5080	108 
5081	115 
5082	188 
5083	46 
5084	16 
5085	126 
5086	21 
5087	248 
5088	93 
5089	164 
5090	123 
5091	162 
5092	98 
5093	187 
5094	125 
5095	94 
5096	14 
5097	15 
5098	52 
5099	111 
5100	248 
5101	49 
5102	152 
5103	26 
5104	281 
5105	61 
5106	26 
5107	291 
5108	9 
5109	95 
5110	107 
5111	8 
5112	69 
5113	91 
5114	60 
5115	28 
5116	9 
5117	108 
5118	110 
5119	63 
5120	114 
5121	249 
5122	187 
5123	187 
5124	265 
5125	13 
5126	208 
5127	67 
5128	187 
5129	131 
5130	35 
5131	221 
5132	122 
5133	226 
5134	261 
5135	159 
5136	159 
5137	257 
5138	27 
5139	277 
5140	195 
5141	237 
5142	78 
5143	112 
5144	231 
5145	142 
5146	208 
5147	241 
5148	19 
5149	33 
5150	232 
5151	246 
5152	18 
5153	80 
5154	191 
5155	21 
5156	80 
5157	107 
5158	11 
5159	27 
5160	125 
5161	230 
5162	182 
5163	65 
5164	211 
5165	124 
5166	119 
5167	183 
5168	264 
5169	9 
5170	122 
5171	246 
5172	180 
5173	109 
5174	107 
5175	16 
5176	283 
5177	207 
5178	94 
5179	152 
5180	107 
5181	130 
5182	3 
5183	288 
5184	263 
5185	248 
5186	190 
5187	218 
5188	164 
5189	67 
5190	262 
5191	199 
5192	39 
5193	27 
5194	247 
5195	20 
5196	242 
5197	6 
5198	111 
5199	236 
5200	162 
5201	275 
5202	274 
5203	266 
5204	3 
5205	204 
5206	92 
5207	29 
5208	150 
5209	183 
5210	134 
5211	111 
5212	63 
5213	202 
5214	110 
5215	61 
5216	166 
5217	115 
5218	180 
5219	155 
5220	157 
5221	188 
5222	6 
5223	258 
5224	91 
5225	41 
5226	291 
5227	184 
5228	106 
5229	46 
5230	170 
5231	26 
5232	121 
5233	42 
5234	179 
5235	261 
5236	262 
5237	238 
5238	102 
5239	89 
5240	75 
5241	221 
5242	204 
5243	198 
5244	51 
5245	223 
5246	209 
5247	191 
5248	115 
5249	94 
5250	261 
5251	183 
5252	104 
5253	80 
5254	18 
5255	261 
5256	186 
5257	185 
5258	256 
5259	10 
5260	250 
5261	93 
5262	246 
5263	24 
5264	152 
5265	114 
5266	28 
5267	268 
5268	108 
5269	224 
5270	19 
5271	235 
5272	121 
5273	179 
5274	52 
5275	119 
5276	266 
5277	281 
5278	162 
5279	183 
5280	120 
5281	214 
5282	30 
5283	264 
5284	265 
5285	139 
5286	202 
5287	104 
5288	26 
5289	239 
5290	151 
5291	231 
5292	139 
5293	100 
5294	162 
5295	27 
5296	277 
5297	191 
5298	122 
5299	217 
5300	65 
5301	77 
5302	266 
5303	221 
5304	183 
5305	142 
5306	31 
5307	261 
5308	258 
5309	72 
5310	20 
5311	199 
5312	6 
5313	283 
5314	210 
5315	39 
5316	203 
5317	184 
5318	119 
5319	290 
5320	42 
5321	126 
5322	144 
5323	202 
5324	24 
5325	210 
5326	262 
5327	221 
5328	50 
5329	38 
5330	251 
5331	6 
5332	126 
5333	78 
5334	258 
5335	108 
5336	243 
5337	80 
5338	14 
5339	290 
5340	212 
5341	263 
5342	283 
5343	284 
5344	100 
5345	260 
5346	16 
5347	281 
5348	238 
5349	223 
5350	135 
5351	176 
5352	212 
5353	118 
5354	274 
5355	90 
5356	271 
5357	123 
5358	150 
5359	291 
5360	28 
5361	176 
5362	157 
5363	39 
5364	77 
5365	33 
5366	90 
5367	175 
5368	230 
5369	271 
5370	143 
5371	139 
5372	135 
5373	115 
5374	255 
5375	223 
5376	2 
5377	127 
5378	78 
5379	145 
5380	115 
5381	115 
5382	125 
5383	155 
5384	224 
5385	184 
5386	20 
5387	35 
5388	185 
5389	124 
5390	125 
5391	18 
5392	105 
5393	183 
5394	209 
5395	69 
5396	291 
5397	89 
5398	51 
5399	6 
5400	256 
5401	72 
5402	216 
5403	1 
5404	108 
5405	168 
5406	168 
5407	208 
5408	236 
5409	277 
5410	106 
5411	166 
5412	232 
5413	90 
5414	208 
5415	238 
5416	291 
5417	244 
5418	281 
5419	145 
5420	151 
5421	191 
5422	35 
5423	194 
5424	61 
5425	283 
5426	144 
5427	218 
5428	291 
5429	183 
5430	226 
5431	249 
5432	189 
5433	119 
5434	173 
5435	204 
5436	13 
5437	175 
5438	188 
5439	186 
5440	179 
5441	227 
5442	100 
5443	217 
5444	11 
5445	67 
5446	106 
5447	207 
5448	238 
5449	255 
5450	264 
5451	182 
5452	113 
5453	107 
5454	291 
5455	45 
5456	132 
5457	250 
5458	112 
5459	264 
5460	226 
5461	203 
5462	103 
5463	166 
5464	164 
5465	38 
5466	26 
5467	49 
5468	283 
5469	112 
5470	191 
5471	231 
5472	242 
5473	132 
5474	69 
5475	51 
5476	274 
5477	22 
5478	98 
5479	227 
5480	286 
5481	246 
5482	9 
5483	13 
5484	275 
5485	205 
5486	187 
5487	246 
5488	1 
5489	20 
5490	69 
5491	13 
5492	114 
5493	148 
5494	155 
5495	110 
5496	22 
5497	166 
5498	60 
5499	92 
5500	134 
5501	157 
5502	183 
5503	33 
5504	103 
5505	140 
5506	98 
5507	205 
5508	223 
5509	203 
5510	194 
5511	210 
5512	95 
5513	269 
5514	89 
5515	21 
5516	139 
5517	208 
5518	75 
5519	39 
5520	210 
5521	151 
5522	20 
5523	176 
5524	138 
5525	118 
5526	127 
5527	198 
5528	15 
5529	279 
5530	286 
5531	232 
5532	217 
5533	124 
5534	46 
5535	77 
5536	212 
5537	224 
5538	2 
5539	24 
5540	80 
5541	247 
5542	166 
5543	159 
5544	130 
5545	190 
5546	277 
5547	267 
5548	268 
5549	79 
5550	114 
5551	42 
5552	176 
5553	52 
5554	211 
5555	196 
5556	112 
5557	92 
5558	166 
5559	79 
5560	288 
5561	38 
5562	46 
5563	46 
5564	161 
5565	283 
5566	49 
5567	65 
5568	55 
5569	205 
5570	21 
5571	231 
5572	2 
5573	115 
5574	291 
5575	176 
5576	134 
5577	24 
5578	106 
5579	110 
5580	11 
5581	224 
5582	70 
5583	214 
5584	105 
5585	203 
5586	46 
5587	78 
5588	78 
5589	210 
5590	144 
5591	265 
5592	290 
5593	248 
5594	161 
5595	113 
5596	60 
5597	244 
5598	144 
5599	155 
5600	112 
5601	179 
5602	92 
5603	105 
5604	144 
5605	27 
5606	271 
5607	241 
5608	263 
5609	77 
5610	241 
5611	135 
5612	218 
5613	139 
5614	120 
5615	46 
5616	179 
5617	46 
5618	55 
5619	167 
5620	188 
5621	142 
5622	87 
5623	209 
5624	174 
5625	262 
5626	119 
5627	8 
5628	109 
5629	285 
5630	187 
5631	258 
5632	58 
5633	10 
5634	266 
5635	8 
5636	75 
5637	6 
5638	250 
5639	204 
5640	24 
5641	50 
5642	5 
5643	108 
5644	186 
5645	167 
5646	119 
5647	1 
5648	89 
5649	249 
5650	73 
5651	196 
5652	28 
5653	185 
5654	11 
5655	216 
5656	221 
5657	24 
5658	215 
5659	170 
5660	146 
5661	191 
5662	78 
5663	203 
5664	111 
5665	173 
5666	115 
5667	112 
5668	267 
5669	42 
5670	28 
5671	180 
5672	121 
5673	221 
5674	149 
5675	210 
5676	216 
5677	236 
5678	216 
5679	109 
5680	162 
5681	111 
5682	164 
5683	56 
5684	183 
5685	140 
5686	109 
5687	249 
5688	99 
5689	263 
5690	90 
5691	261 
5692	269 
5693	78 
5694	249 
5695	15 
5696	233 
5697	209 
5698	172 
5699	151 
5700	178 
5701	135 
5702	161 
5703	113 
5704	176 
5705	92 
5706	139 
5707	275 
5708	80 
5709	11 
5710	77 
5711	110 
5712	281 
5713	264 
5714	262 
5715	42 
5716	15 
5717	267 
5718	105 
5719	52 
5720	93 
5721	146 
5722	99 
5723	104 
5724	191 
5725	52 
5726	212 
5727	264 
5728	224 
5729	173 
5730	249 
5731	31 
5732	38 
5733	46 
5734	102 
5735	5 
5736	91 
5737	260 
5738	122 
5739	102 
5740	22 
5741	35 
5742	26 
5743	268 
5744	15 
5745	290 
5746	12 
5747	214 
5748	249 
5749	111 
5750	178 
5751	268 
5752	49 
5753	196 
5754	203 
5755	184 
5756	95 
5757	60 
5758	78 
5759	15 
5760	15 
5761	174 
5762	237 
5763	89 
5764	261 
5765	159 
5766	22 
5767	10 
5768	205 
5769	160 
5770	238 
5771	277 
5772	187 
5773	288 
5774	196 
5775	149 
5776	75 
5777	120 
5778	207 
5779	126 
5780	166 
5781	146 
5782	39 
5783	112 
5784	27 
5785	51 
5786	112 
5787	50 
5788	183 
5789	135 
5790	39 
5791	26 
5792	204 
5793	237 
5794	174 
5795	233 
5796	170 
5797	1 
5798	146 
5799	281 
5800	35 
5801	132 
5802	210 
5803	80 
5804	61 
5805	185 
5806	1 
5807	265 
5808	124 
5809	175 
5810	49 
5811	67 
5812	248 
5813	118 
5814	11 
5815	114 
5816	122 
5817	230 
5818	10 
5819	264 
5820	150 
5821	162 
5822	92 
5823	261 
5824	52 
5825	141 
5826	1 
5827	237 
5828	263 
5829	56 
5830	115 
5831	106 
5832	70 
5833	73 
5834	185 
5835	212 
5836	73 
5837	212 
5838	80 
5839	249 
5840	164 
5841	223 
5842	95 
5843	266 
5844	90 
5845	237 
5846	14 
5847	264 
5848	164 
5849	8 
5850	142 
5851	271 
5852	105 
5853	16 
5854	151 
5855	214 
5856	127 
5857	266 
5858	291 
5859	124 
5860	182 
5861	38 
5862	196 
5863	140 
5864	50 
5865	29 
5866	51 
5867	58 
5868	141 
5869	58 
5870	247 
5871	262 
5872	247 
5873	208 
5874	5 
5875	73 
5876	256 
5877	103 
5878	216 
5879	186 
5880	10 
5881	90 
5882	132 
5883	14 
5884	183 
5885	144 
5886	102 
5887	247 
5888	144 
5889	214 
5890	80 
5891	258 
5892	60 
5893	100 
5894	61 
5895	205 
5896	126 
5897	279 
5898	188 
5899	78 
5900	172 
5901	132 
5902	79 
5903	271 
5904	22 
5905	16 
5906	189 
5907	56 
5908	90 
5909	167 
5910	109 
5911	94 
5912	110 
5913	250 
5914	189 
5915	105 
5916	189 
5917	167 
5918	190 
5919	263 
5920	173 
5921	277 
5922	144 
5923	267 
5924	126 
5925	149 
5926	112 
5927	258 
5928	166 
5929	269 
5930	230 
5931	166 
5932	144 
5933	21 
5934	99 
5935	20 
5936	46 
5937	160 
5938	173 
5939	117 
5940	263 
5941	174 
5942	73 
5943	283 
5944	230 
5945	31 
5946	157 
5947	277 
5948	51 
5949	148 
5950	42 
5951	52 
5952	214 
5953	56 
5954	122 
5955	256 
5956	246 
5957	255 
5958	72 
5959	11 
5960	207 
5961	26 
5962	16 
5963	257 
5964	16 
5965	49 
5966	10 
5967	125 
5968	39 
5969	78 
5970	102 
5971	237 
5972	230 
5973	185 
5974	279 
5975	90 
5976	250 
5977	122 
5978	19 
5979	190 
5980	21 
5981	130 
5982	121 
5983	125 
5984	125 
5985	155 
5986	50 
5987	239 
5988	120 
5989	203 
5990	22 
5991	12 
5992	237 
5993	8 
5994	1 
5995	166 
5996	189 
5997	122 
5998	91 
5999	289 
6000	8 
6001	102 
6002	226 
6003	11 
6004	162 
6005	69 
6006	11 
6007	39 
6008	204 
6009	58 
6010	142 
6011	87 
6012	33 
6013	33 
6014	67 
6015	16 
6016	158 
6017	167 
6018	238 
6019	290 
6020	188 
6021	179 
6022	257 
6023	117 
6024	239 
6025	241 
6026	184 
6027	126 
6028	283 
6029	275 
6030	269 
6031	232 
6032	145 
6033	123 
6034	51 
6035	186 
6036	21 
6037	117 
6038	175 
6039	138 
6040	18 
6041	196 
6042	196 
6043	119 
6044	99 
6045	175 
6046	58 
6047	72 
6048	79 
6049	176 
6050	216 
6051	42 
6052	157 
6053	159 
6054	211 
6055	188 
6056	19 
6057	104 
6058	102 
6059	262 
6060	18 
6061	160 
6062	157 
6063	150 
6064	255 
6065	265 
6066	198 
6067	191 
6068	288 
6069	203 
6070	49 
6071	120 
6072	265 
6073	92 
6074	102 
6075	142 
6076	35 
6077	266 
6078	211 
6079	176 
6080	125 
6081	78 
6082	232 
6083	239 
6084	184 
6085	265 
6086	39 
6087	11 
6088	7 
6089	51 
6090	215 
6091	16 
6092	45 
6093	38 
6094	163 
6095	99 
6096	170 
6097	283 
6098	271 
6099	158 
6100	290 
6101	275 
6102	77 
6103	232 
6104	102 
6105	163 
6106	257 
6107	204 
6108	21 
6109	106 
6110	132 
6111	35 
6112	149 
6113	7 
6114	112 
6115	126 
6116	61 
6117	251 
6118	27 
6119	191 
6120	198 
6121	9 
6122	205 
6123	15 
6124	267 
6125	155 
6126	158 
6127	124 
6128	115 
6129	247 
6130	265 
6131	30 
6132	69 
6133	151 
6134	86 
6135	6 
6136	172 
6137	8 
6138	163 
6139	168 
6140	233 
6141	163 
6142	221 
6143	214 
6144	123 
6145	186 
6146	191 
6147	79 
6148	223 
6149	139 
6150	214 
6151	204 
6152	265 
6153	194 
6154	150 
6155	39 
6156	130 
6157	202 
6158	257 
6159	291 
6160	110 
6161	113 
6162	60 
6163	264 
6164	132 
6165	216 
6166	208 
6167	194 
6168	271 
6169	183 
6170	224 
6171	105 
6172	69 
6173	266 
6174	139 
6175	186 
6176	13 
6177	160 
6178	172 
6179	18 
6180	191 
6181	256 
6182	21 
6183	187 
6184	108 
6185	180 
6186	13 
6187	21 
6188	105 
6189	92 
6190	102 
6191	213 
6192	251 
6193	241 
6194	134 
6195	211 
6196	145 
6197	172 
6198	78 
6199	110 
6200	11 
6201	267 
6202	158 
6203	209 
6204	265 
6205	236 
6206	112 
6207	203 
6208	184 
6209	58 
6210	203 
6211	87 
6212	247 
6213	162 
6214	223 
6215	215 
6216	65 
6217	117 
6218	159 
6219	236 
6220	231 
6221	87 
6222	135 
6223	255 
6224	261 
6225	148 
6226	208 
6227	110 
6228	6 
6229	112 
6230	58 
6231	204 
6232	248 
6233	20 
6234	155 
6235	249 
6236	183 
6237	257 
6238	5 
6239	49 
6240	213 
6241	49 
6242	186 
6243	18 
6244	79 
6245	1 
6246	10 
6247	79 
6248	251 
6249	166 
6250	52 
6251	95 
6252	265 
6253	224 
6254	205 
6255	151 
6256	211 
6257	149 
6258	233 
6259	183 
6260	161 
6261	223 
6262	257 
6263	94 
6264	142 
6265	138 
6266	288 
6267	291 
6268	158 
6269	275 
6270	199 
6271	112 
6272	108 
6273	167 
6274	106 
6275	15 
6276	257 
6277	194 
6278	2 
6279	95 
6280	256 
6281	2 
6282	1 
6283	175 
6284	89 
6285	7 
6286	102 
6287	140 
6288	249 
6289	65 
6290	239 
6291	236 
6292	258 
6293	73 
6294	125 
6295	266 
6296	281 
6297	211 
6298	95 
6299	22 
6300	123 
6301	21 
6302	87 
6303	237 
6304	163 
6305	146 
6306	223 
6307	135 
6308	123 
6309	189 
6310	10 
6311	223 
6312	56 
6313	105 
6314	180 
6315	215 
6316	178 
6317	246 
6318	267 
6319	107 
6320	266 
6321	182 
6322	109 
6323	110 
6324	209 
6325	186 
6326	175 
6327	140 
6328	148 
6329	160 
6330	107 
6331	151 
6332	118 
6333	179 
6334	148 
6335	203 
6336	235 
6337	6 
6338	102 
6339	5 
6340	161 
6341	105 
6342	176 
6343	117 
6344	89 
6345	247 
6346	24 
6347	8 
6348	176 
6349	247 
6350	89 
6351	184 
6352	194 
6353	235 
6354	265 
6355	52 
6356	187 
6357	261 
6358	49 
6359	212 
6360	184 
6361	33 
6362	277 
6363	235 
6364	55 
6365	86 
6366	120 
6367	204 
6368	176 
6369	178 
6370	269 
6371	107 
6372	216 
6373	227 
6374	241 
6375	56 
6376	164 
6377	61 
6378	126 
6379	150 
6380	238 
6381	70 
6382	275 
6383	170 
6384	150 
6385	247 
6386	112 
6387	12 
6388	50 
6389	99 
6390	143 
6391	77 
6392	176 
6393	172 
6394	108 
6395	8 
6396	233 
6397	92 
6398	117 
6399	148 
6400	33 
6401	42 
6402	19 
6403	237 
6404	246 
6405	31 
6406	24 
6407	196 
6408	104 
6409	281 
6410	155 
6411	281 
6412	78 
6413	90 
6414	155 
6415	261 
6416	80 
6417	113 
6418	5 
6419	157 
6420	117 
6421	178 
6422	233 
6423	257 
6424	113 
6425	151 
6426	39 
6427	9 
6428	283 
6429	241 
6430	29 
6431	69 
6432	262 
6433	11 
6434	77 
6435	107 
6436	208 
6437	130 
6438	1 
6439	127 
6440	139 
6441	172 
6442	271 
6443	180 
6444	112 
6445	1 
6446	257 
6447	233 
6448	208 
6449	33 
6450	162 
6451	281 
6452	8 
6453	265 
6454	56 
6455	135 
6456	16 
6457	22 
6458	8 
6459	138 
6460	107 
6461	130 
6462	35 
6463	202 
6464	7 
6465	271 
6466	126 
6467	138 
6468	22 
6469	198 
6470	55 
6471	58 
6472	205 
6473	123 
6474	122 
6475	19 
6476	210 
6477	261 
6478	52 
6479	199 
6480	77 
6481	52 
6482	288 
6483	175 
6484	77 
6485	159 
6486	24 
6487	20 
6488	124 
6489	115 
6490	7 
6491	186 
6492	166 
6493	95 
6494	173 
6495	29 
6496	22 
6497	102 
6498	283 
6499	39 
6500	110 
6501	146 
6502	158 
6503	142 
6504	134 
6505	106 
6506	89 
6507	69 
6508	95 
6509	277 
6510	175 
6511	180 
6512	108 
6513	223 
6514	127 
6515	202 
6516	249 
6517	210 
6518	87 
6519	216 
6520	249 
6521	94 
6522	178 
6523	5 
6524	239 
6525	148 
6526	6 
6527	90 
6528	126 
6529	102 
6530	269 
6531	223 
6532	226 
6533	291 
6534	246 
6535	223 
6536	237 
6537	194 
6538	256 
6539	283 
6540	260 
6541	159 
6542	173 
6543	281 
6544	13 
6545	31 
6546	113 
6547	73 
6548	215 
6549	118 
6550	224 
6551	27 
6552	127 
6553	146 
6554	283 
6555	55 
6556	235 
6557	11 
6558	39 
6559	107 
6560	170 
6561	87 
6562	72 
6563	290 
6564	87 
6565	126 
6566	268 
6567	212 
6568	61 
6569	271 
6570	266 
6571	9 
6572	236 
6573	162 
6574	110 
6575	132 
6576	188 
6577	49 
6578	212 
6579	184 
6580	182 
6581	143 
6582	249 
6583	170 
6584	12 
6585	72 
6586	268 
6587	170 
6588	186 
6589	175 
6590	212 
6591	216 
6592	119 
6593	204 
6594	230 
6595	166 
6596	125 
6597	266 
6598	118 
6599	20 
6600	148 
6601	110 
6602	107 
6603	115 
6604	250 
6605	87 
6606	7 
6607	275 
6608	203 
6609	78 
6610	141 
6611	52 
6612	261 
6613	109 
6614	194 
6615	162 
6616	149 
6617	248 
6618	95 
6619	241 
6620	182 
6621	108 
6622	175 
6623	141 
6624	77 
6625	215 
6626	207 
6627	149 
6628	283 
6629	226 
6630	31 
6631	251 
6632	148 
6633	146 
6634	223 
6635	67 
6636	176 
6637	30 
6638	236 
6639	126 
6640	275 
6641	16 
6642	20 
6643	146 
6644	56 
6645	52 
6646	102 
6647	78 
6648	260 
6649	120 
6650	189 
6651	18 
6652	5 
6653	149 
6654	268 
6655	227 
6656	221 
6657	1 
6658	114 
6659	251 
6660	160 
6661	7 
6662	246 
6663	176 
6664	203 
6665	207 
6666	72 
6667	268 
6668	158 
6669	202 
6670	70 
6671	265 
6672	176 
6673	170 
6674	140 
6675	24 
6676	247 
6677	210 
6678	132 
6679	184 
6680	241 
6681	288 
6682	288 
6683	179 
6684	75 
6685	108 
6686	191 
6687	184 
6688	49 
6689	261 
6690	46 
6691	92 
6692	205 
6693	235 
6694	268 
6695	16 
6696	247 
6697	213 
6698	198 
6699	188 
6700	80 
6701	77 
6702	157 
6703	226 
6704	94 
6705	164 
6706	107 
6707	58 
6708	210 
6709	3 
6710	155 
6711	27 
6712	258 
6713	27 
6714	163 
6715	227 
6716	204 
6717	6 
6718	166 
6719	189 
6720	108 
6721	256 
6722	16 
6723	123 
6724	149 
6725	155 
6726	260 
6727	105 
6728	95 
6729	210 
6730	256 
6731	118 
6732	9 
6733	223 
6734	170 
6735	8 
6736	1 
6737	269 
6738	223 
6739	109 
6740	130 
6741	118 
6742	210 
6743	120 
6744	5 
6745	231 
6746	3 
6747	157 
6748	207 
6749	49 
6750	209 
6751	183 
6752	215 
6753	223 
6754	283 
6755	196 
6756	110 
6757	264 
6758	258 
6759	271 
6760	50 
6761	258 
6762	236 
6763	8 
6764	172 
6765	185 
6766	183 
6767	55 
6768	235 
6769	267 
6770	208 
6771	107 
6772	125 
6773	142 
6774	231 
6775	7 
6776	144 
6777	46 
6778	146 
6779	114 
6780	159 
6781	86 
6782	209 
6783	13 
6784	30 
6785	79 
6786	49 
6787	115 
6788	227 
6789	186 
6790	113 
6791	70 
6792	148 
6793	227 
6794	164 
6795	11 
6796	112 
6797	27 
6798	127 
6799	247 
6800	12 
6801	186 
6802	11 
6803	223 
6804	24 
6805	77 
6806	70 
6807	203 
6808	155 
6809	176 
6810	188 
6811	150 
6812	179 
6813	52 
6814	258 
6815	227 
6816	224 
6817	1 
6818	198 
6819	267 
6820	109 
6821	210 
6822	268 
6823	125 
6824	208 
6825	180 
6826	271 
6827	119 
6828	216 
6829	148 
6830	138 
6831	170 
6832	8 
6833	126 
6834	46 
6835	164 
6836	20 
6837	204 
6838	108 
6839	67 
6840	139 
6841	104 
6842	260 
6843	262 
6844	237 
6845	235 
6846	80 
6847	8 
6848	148 
6849	202 
6850	203 
6851	210 
6852	186 
6853	241 
6854	125 
6855	143 
6856	205 
6857	110 
6858	216 
6859	125 
6860	11 
6861	231 
6862	118 
6863	102 
6864	95 
6865	215 
6866	275 
6867	230 
6868	1 
6869	196 
6870	148 
6871	16 
6872	172 
6873	221 
6874	199 
6875	233 
6876	223 
6877	73 
6878	211 
6879	149 
6880	31 
6881	155 
6882	291 
6883	6 
6884	202 
6885	224 
6886	110 
6887	109 
6888	21 
6889	15 
6890	79 
6891	10 
6892	159 
6893	231 
6894	31 
6895	113 
6896	235 
6897	121 
6898	143 
6899	210 
6900	215 
6901	7 
6902	19 
6903	10 
6904	112 
6905	52 
6906	12 
6907	269 
6908	247 
6909	223 
6910	134 
6911	69 
6912	42 
6913	11 
6914	268 
6915	113 
6916	271 
6917	80 
6918	112 
6919	50 
6920	61 
6921	184 
6922	75 
6923	123 
6924	247 
6925	30 
6926	178 
6927	187 
6928	216 
6929	212 
6930	264 
6931	221 
6932	89 
6933	236 
6934	39 
6935	87 
6936	145 
6937	207 
6938	1 
6939	29 
6940	148 
6941	148 
6942	46 
6943	262 
6944	251 
6945	172 
6946	149 
6947	239 
6948	236 
6949	208 
6950	191 
6951	122 
6952	210 
6953	141 
6954	1 
6955	213 
6956	261 
6957	224 
6958	72 
6959	58 
6960	221 
6961	250 
6962	69 
6963	113 
6964	160 
6965	95 
6966	12 
6967	196 
6968	191 
6969	265 
6970	247 
6971	125 
6972	87 
6973	123 
6974	173 
6975	166 
6976	261 
6977	6 
6978	251 
6979	210 
6980	134 
6981	210 
6982	155 
6983	119 
6984	87 
6985	258 
6986	202 
6987	24 
6988	199 
6989	117 
6990	15 
6991	199 
6992	199 
6993	3 
6994	24 
6995	248 
6996	114 
6997	78 
6998	208 
6999	121 
7000	110 
7001	202 
7002	27 
7003	164 
7004	50 
7005	183 
7006	29 
7007	135 
7008	186 
7009	196 
7010	122 
7011	89 
7012	155 
7013	132 
7014	290 
7015	226 
7016	258 
7017	184 
7018	106 
7019	187 
7020	223 
7021	94 
7022	176 
7023	215 
7024	35 
7025	281 
7026	161 
7027	7 
7028	13 
7029	264 
7030	61 
7031	108 
7032	72 
7033	237 
7034	95 
7035	11 
7036	149 
7037	19 
7038	3 
7039	3 
7040	30 
7041	70 
7042	202 
7043	55 
7044	29 
7045	158 
7046	27 
7047	75 
7048	249 
7049	78 
7050	251 
7051	224 
7052	164 
7053	90 
7054	110 
7055	9 
7056	104 
7057	72 
7058	46 
7059	119 
7060	141 
7061	112 
7062	267 
7063	143 
7064	170 
7065	55 
7066	288 
7067	135 
7068	46 
7069	79 
7070	99 
7071	178 
7072	230 
7073	69 
7074	80 
7075	157 
7076	72 
7077	264 
7078	118 
7079	251 
7080	209 
7081	87 
7082	78 
7083	113 
7084	176 
7085	260 
7086	161 
7087	231 
7088	144 
7089	115 
7090	146 
7091	150 
7092	75 
7093	109 
7094	122 
7095	205 
7096	138 
7097	213 
7098	150 
7099	202 
7100	121 
7101	46 
7102	261 
7103	79 
7104	21 
7105	173 
7106	27 
7107	126 
7108	267 
7109	77 
7110	79 
7111	204 
7112	189 
7113	178 
7114	102 
7115	49 
7116	146 
7117	187 
7118	3 
7119	95 
7120	180 
7121	18 
7122	58 
7123	141 
7124	78 
7125	119 
7126	21 
7127	95 
7128	126 
7129	8 
7130	49 
7131	12 
7132	127 
7133	210 
7134	256 
7135	90 
7136	22 
7137	55 
7138	146 
7139	283 
7140	139 
7141	268 
7142	290 
7143	161 
7144	267 
7145	221 
7146	14 
7147	123 
7148	158 
7149	108 
7150	87 
7151	173 
7152	87 
7153	16 
7154	255 
7155	130 
7156	149 
7157	231 
7158	109 
7159	140 
7160	99 
7161	132 
7162	184 
7163	50 
7164	61 
7165	291 
7166	16 
7167	95 
7168	150 
7169	5 
7170	170 
7171	55 
7172	166 
7173	212 
7174	223 
7175	10 
7176	246 
7177	126 
7178	182 
7179	46 
7180	22 
7181	114 
7182	70 
7183	9 
7184	178 
7185	9 
7186	29 
7187	265 
7188	258 
7189	87 
7190	10 
7191	198 
7192	158 
7193	179 
7194	141 
7195	149 
7196	135 
7197	123 
7198	226 
7199	205 
7200	132 
7201	204 
7202	202 
7203	180 
7204	104 
7205	1 
7206	99 
7207	94 
7208	118 
7209	262 
7210	150 
7211	233 
7212	163 
7213	1 
7214	9 
7215	291 
7216	239 
7217	288 
7218	210 
7219	19 
7220	107 
7221	267 
7222	39 
7223	27 
7224	247 
7225	127 
7226	119 
7227	87 
7228	288 
7229	250 
7230	207 
7231	178 
7232	262 
7233	16 
7234	109 
7235	150 
7236	35 
7237	1 
7238	164 
7239	115 
7240	6 
7241	180 
7242	39 
7243	95 
7244	89 
7245	121 
7246	104 
7247	22 
7248	172 
7249	55 
7250	55 
7251	155 
7252	251 
7253	19 
7254	158 
7255	119 
7256	266 
7257	223 
7258	269 
7259	188 
7260	172 
7261	22 
7262	31 
7263	236 
7264	8 
7265	18 
7266	56 
7267	180 
7268	203 
7269	94 
7270	164 
7271	8 
7272	151 
7273	146 
7274	144 
7275	158 
7276	160 
7277	19 
7278	29 
7279	199 
7280	143 
7281	72 
7282	39 
7283	1 
7284	102 
7285	30 
7286	235 
7287	24 
7288	122 
7289	120 
7290	58 
7291	58 
7292	50 
7293	104 
7294	231 
7295	170 
7296	42 
7297	142 
7298	226 
7299	211 
7300	262 
7301	148 
7302	22 
7303	87 
7304	288 
7305	184 
7306	148 
7307	172 
7308	184 
7309	75 
7310	180 
7311	30 
7312	198 
7313	120 
7314	110 
7315	22 
7316	188 
7317	79 
7318	196 
7319	199 
7320	163 
7321	223 
7322	211 
7323	246 
7324	13 
7325	196 
7326	21 
7327	267 
7328	108 
7329	35 
7330	210 
7331	110 
7332	110 
7333	255 
7334	258 
7335	199 
7336	239 
7337	106 
7338	120 
7339	164 
7340	16 
7341	184 
7342	123 
7343	143 
7344	50 
7345	265 
7346	198 
7347	189 
7348	178 
7349	224 
7350	271 
7351	226 
7352	248 
7353	107 
7354	281 
7355	239 
7356	258 
7357	172 
7358	249 
7359	212 
7360	39 
7361	46 
7362	239 
7363	145 
7364	10 
7365	224 
7366	249 
7367	125 
7368	150 
7369	211 
7370	89 
7371	148 
7372	164 
7373	185 
7374	143 
7375	90 
7376	61 
7377	127 
7378	56 
7379	223 
7380	173 
7381	30 
7382	260 
7383	158 
7384	211 
7385	283 
7386	163 
7387	120 
7388	264 
7389	79 
7390	89 
7391	138 
7392	108 
7393	146 
7394	79 
7395	258 
7396	107 
7397	58 
7398	205 
7399	211 
7400	196 
7401	162 
7402	144 
7403	256 
7404	102 
7405	22 
7406	14 
7407	8 
7408	236 
7409	122 
7410	203 
7411	75 
7412	110 
7413	10 
7414	256 
7415	187 
7416	22 
7417	161 
7418	207 
7419	250 
7420	39 
7421	132 
7422	207 
7423	106 
7424	20 
7425	204 
7426	106 
7427	161 
7428	239 
7429	20 
7430	288 
7431	175 
7432	191 
7433	173 
7434	258 
7435	262 
7436	14 
7437	213 
7438	122 
7439	266 
7440	239 
7441	106 
7442	50 
7443	87 
7444	148 
7445	112 
7446	10 
7447	127 
7448	265 
7449	132 
7450	281 
7451	95 
7452	221 
7453	175 
7454	102 
7455	172 
7456	150 
7457	265 
7458	89 
7459	12 
7460	56 
7461	95 
7462	138 
7463	183 
7464	264 
7465	185 
7466	135 
7467	39 
7468	288 
7469	141 
7470	150 
7471	125 
7472	77 
7473	11 
7474	170 
7475	75 
7476	258 
7477	146 
7478	27 
7479	258 
7480	109 
7481	12 
7482	11 
7483	58 
7484	212 
7485	3 
7486	3 
7487	99 
7488	125 
7489	139 
7490	265 
7491	87 
7492	120 
7493	166 
7494	157 
7495	236 
7496	157 
7497	208 
7498	145 
7499	70 
7500	127 
7501	143 
7502	186 
7503	258 
7504	230 
7505	233 
7506	122 
7507	118 
7508	102 
7509	155 
7510	184 
7511	178 
7512	189 
7513	122 
7514	176 
7515	162 
7516	123 
7517	198 
7518	15 
7519	89 
7520	144 
7521	138 
7522	120 
7523	266 
7524	22 
7525	158 
7526	77 
7527	78 
7528	175 
7529	185 
7530	268 
7531	210 
7532	10 
7533	246 
7534	164 
7535	22 
7536	226 
7537	139 
7538	221 
7539	248 
7540	106 
7541	211 
7542	233 
7543	121 
7544	80 
7545	3 
7546	212 
7547	173 
7548	210 
7549	248 
7550	258 
7551	142 
7552	261 
7553	9 
7554	138 
7555	12 
7556	186 
7557	260 
7558	146 
7559	291 
7560	268 
7561	290 
7562	256 
7563	125 
7564	224 
7565	5 
7566	211 
7567	158 
7568	79 
7569	178 
7570	186 
7571	123 
7572	102 
7573	5 
7574	3 
7575	266 
7576	142 
7577	260 
7578	1 
7579	139 
7580	196 
7581	264 
7582	120 
7583	70 
7584	164 
7585	135 
7586	49 
7587	114 
7588	288 
7589	142 
7590	236 
7591	80 
7592	157 
7593	24 
7594	143 
7595	160 
7596	236 
7597	132 
7598	235 
7599	143 
7600	123 
7601	160 
7602	216 
7603	56 
7604	203 
7605	19 
7606	251 
7607	35 
7608	99 
7609	162 
7610	75 
7611	135 
7612	203 
7613	150 
7614	161 
7615	261 
7616	120 
7617	196 
7618	15 
7619	20 
7620	50 
7621	185 
7622	114 
7623	224 
7624	191 
7625	230 
7626	196 
7627	260 
7628	173 
7629	108 
7630	108 
7631	223 
7632	55 
7633	139 
7634	75 
7635	123 
7636	164 
7637	211 
7638	213 
7639	15 
7640	211 
7641	80 
7642	58 
7643	30 
7644	10 
7645	170 
7646	164 
7647	132 
7648	12 
7649	87 
7650	89 
7651	283 
7652	235 
7653	248 
7654	163 
7655	155 
7656	288 
7657	99 
7658	87 
7659	158 
7660	39 
7661	20 
7662	187 
7663	251 
7664	178 
7665	184 
7666	142 
7667	35 
7668	52 
7669	158 
7670	14 
7671	69 
7672	173 
7673	184 
7674	16 
7675	106 
7676	260 
7677	22 
7678	46 
7679	11 
7680	265 
7681	183 
7682	87 
7683	170 
7684	261 
7685	75 
7686	211 
7687	144 
7688	123 
7689	1 
7690	143 
7691	170 
7692	149 
7693	106 
7694	180 
7695	183 
7696	110 
7697	271 
7698	49 
7699	120 
7700	202 
7701	283 
7702	125 
7703	158 
7704	266 
7705	271 
7706	11 
7707	186 
7708	281 
7709	233 
7710	10 
7711	102 
7712	213 
7713	130 
7714	166 
7715	170 
7716	262 
7717	268 
7718	260 
7719	11 
7720	143 
7721	22 
7722	271 
7723	78 
7724	281 
7725	77 
7726	288 
7727	52 
7728	178 
7729	211 
7730	122 
7731	75 
7732	11 
7733	52 
7734	184 
7735	265 
7736	132 
7737	13 
7738	183 
7739	19 
7740	49 
7741	21 
7742	226 
7743	176 
7744	49 
7745	261 
7746	126 
7747	166 
7748	110 
7749	158 
7750	180 
7751	176 
7752	142 
7753	130 
7754	161 
7755	226 
7756	149 
7757	135 
7758	114 
7759	106 
7760	173 
7761	39 
7762	130 
7763	180 
7764	69 
7765	291 
7766	155 
7767	135 
7768	39 
7769	182 
7770	121 
7771	132 
7772	163 
7773	261 
7774	247 
7775	21 
7776	5 
7777	239 
7778	127 
7779	291 
7780	250 
7781	161 
7782	127 
7783	239 
7784	172 
7785	144 
7786	162 
7787	185 
7788	102 
7789	142 
7790	208 
7791	208 
7792	58 
7793	104 
7794	226 
7795	75 
7796	211 
7797	29 
7798	283 
7799	250 
7800	151 
7801	186 
7802	198 
7803	210 
7804	251 
7805	107 
7806	22 
7807	249 
7808	42 
7809	281 
7810	212 
7811	203 
7812	121 
7813	196 
7814	173 
7815	150 
7816	283 
7817	155 
7818	144 
7819	50 
7820	157 
7821	24 
7822	230 
7823	235 
7824	189 
7825	144 
7826	120 
7827	122 
7828	107 
7829	146 
7830	173 
7831	10 
7832	230 
7833	255 
7834	87 
7835	49 
7836	12 
7837	290 
7838	271 
7839	247 
7840	283 
7841	176 
7842	3 
7843	268 
7844	132 
7845	19 
7846	180 
7847	211 
7848	239 
7849	261 
7850	3 
7851	95 
7852	27 
7853	14 
7854	9 
7855	207 
7856	264 
7857	121 
7858	99 
7859	27 
7860	89 
7861	161 
7862	202 
7863	157 
7864	80 
7865	22 
7866	58 
7867	281 
7868	15 
7869	95 
7870	115 
7871	191 
7872	149 
7873	246 
7874	256 
7875	223 
7876	155 
7877	141 
7878	29 
7879	213 
7880	233 
7881	121 
7882	250 
7883	115 
7884	50 
7885	176 
7886	122 
7887	3 
7888	247 
7889	208 
7890	142 
7891	208 
7892	46 
7893	146 
7894	126 
7895	239 
7896	182 
7897	230 
7898	247 
7899	172 
7900	271 
7901	160 
7902	182 
7903	172 
7904	187 
7905	1 
7906	29 
7907	21 
7908	170 
7909	10 
7910	22 
7911	127 
7912	56 
7913	12 
7914	202 
7915	122 
7916	6 
7917	142 
7918	14 
7919	50 
7920	126 
7921	5 
7922	158 
7923	141 
7924	52 
7925	115 
7926	39 
7927	261 
7928	148 
7929	157 
7930	19 
7931	163 
7932	211 
7933	251 
7934	267 
7935	251 
7936	202 
7937	58 
7938	127 
7939	173 
7940	50 
7941	46 
7942	142 
7943	166 
7944	175 
7945	180 
7946	126 
7947	230 
7948	39 
7949	178 
7950	70 
7951	221 
7952	46 
7953	283 
7954	11 
7955	126 
7956	182 
7957	49 
7958	281 
7959	50 
7960	39 
7961	20 
7962	31 
7963	3 
7964	290 
7965	24 
7966	170 
7967	221 
7968	221 
7969	248 
7970	230 
7971	132 
7972	50 
7973	150 
7974	235 
7975	52 
7976	135 
7977	189 
7978	107 
7979	255 
7980	211 
7981	13 
7982	271 
7983	187 
7984	196 
7985	150 
7986	89 
7987	255 
7988	164 
7989	9 
7990	125 
7991	141 
7992	172 
7993	121 
7994	255 
7995	135 
7996	211 
7997	151 
7998	112 
7999	213 
8000	56 
8001	42 
8002	104 
8003	52 
8004	120 
8005	22 
8006	56 
8007	120 
8008	163 
8009	122 
8010	121 
8011	161 
8012	15 
8013	115 
8014	15 
8015	210 
8016	256 
8017	264 
8018	78 
8019	170 
8020	189 
8021	99 
8022	141 
8023	211 
8024	130 
8025	183 
8026	172 
8027	235 
8028	95 
8029	89 
8030	11 
8031	178 
8032	70 
8033	6 
8034	75 
8035	202 
8036	9 
8037	189 
8038	248 
8039	230 
8040	249 
8041	223 
8042	223 
8043	20 
8044	31 
8045	1 
8046	55 
8047	8 
8048	121 
8049	180 
8050	8 
8051	235 
8052	121 
8053	191 
8054	1 
8055	170 
8056	52 
8057	160 
8058	246 
8059	22 
8060	262 
8061	155 
8062	8 
8063	261 
8064	69 
8065	99 
8066	120 
8067	87 
8068	176 
8069	271 
8070	182 
8071	203 
8072	187 
8073	10 
8074	127 
8075	203 
8076	175 
8077	149 
8078	184 
8079	170 
8080	42 
8081	31 
8082	9 
8083	15 
8084	155 
8085	150 
8086	178 
8087	183 
8088	187 
8089	166 
8090	210 
8091	146 
8092	226 
8093	5 
8094	112 
8095	189 
8096	271 
8097	56 
8098	176 
8099	182 
8100	144 
8101	211 
8102	262 
8103	158 
8104	246 
8105	262 
8106	46 
8107	132 
8108	212 
8109	157 
8110	121 
8111	20 
8112	230 
8113	115 
8114	135 
8115	157 
8116	24 
8117	155 
8118	288 
8119	271 
8120	191 
8121	236 
8122	55 
8123	77 
8124	148 
8125	164 
8126	107 
8127	202 
8128	224 
8129	94 
8130	107 
8131	144 
8132	210 
8133	236 
8134	155 
8135	142 
8136	180 
8137	189 
8138	24 
8139	210 
8140	264 
8141	155 
8142	248 
8143	187 
8144	262 
8145	107 
8146	31 
8147	22 
8148	94 
8149	31 
8150	202 
8151	223 
8152	182 
8153	39 
8154	11 
8155	146 
8156	175 
8157	20 
8158	196 
8159	261 
8160	13 
8161	125 
8162	155 
8163	160 
8164	158 
8165	8 
8166	208 
8167	202 
8168	75 
8169	125 
8170	267 
8171	8 
8172	203 
8173	9 
8174	107 
8175	255 
8176	164 
8177	224 
8178	126 
8179	52 
8180	211 
8181	49 
8182	122 
8183	202 
8184	208 
8185	247 
8186	189 
8187	212 
8188	94 
8189	210 
8190	142 
8191	94 
8192	288 
8193	102 
8194	89 
8195	39 
8196	142 
8197	161 
8198	176 
8199	182 
8200	9 
8201	246 
8202	223 
8203	132 
8204	141 
8205	20 
8206	99 
8207	107 
8208	1 
8209	158 
8210	178 
8211	19 
8212	121 
8213	262 
8214	148 
8215	104 
8216	87 
8217	221 
8218	58 
8219	281 
8220	80 
8221	182 
8222	271 
8223	182 
8224	266 
8225	162 
8226	127 
8227	16 
8228	246 
8229	70 
8230	108 
8231	264 
8232	78 
8233	138 
8234	27 
8235	189 
8236	160 
8237	187 
8238	3 
8239	267 
8240	143 
8241	141 
8242	8 
8243	226 
8244	251 
8245	288 
8246	122 
8247	80 
8248	89 
8249	77 
8250	157 
8251	13 
8252	24 
8253	162 
8254	161 
8255	230 
8256	56 
8257	132 
8258	121 
8259	211 
8260	94 
8261	268 
8262	123 
8263	157 
8264	288 
8265	144 
8266	256 
8267	186 
8268	221 
8269	203 
8270	149 
8271	224 
8272	203 
8273	164 
8274	15 
8275	172 
8276	6 
8277	80 
8278	141 
8279	123 
8280	9 
8281	13 
8282	210 
8283	24 
8284	160 
8285	61 
8286	223 
8287	39 
8288	56 
8289	102 
8290	283 
8291	249 
8292	109 
8293	58 
8294	135 
8295	132 
8296	8 
8297	75 
8298	70 
8299	211 
8300	250 
8301	172 
8302	149 
8303	262 
8304	230 
8305	202 
8306	8 
8307	5 
8308	172 
8309	248 
8310	75 
8311	203 
8312	221 
8313	70 
8314	224 
8315	6 
8316	78 
8317	46 
8318	19 
8319	94 
8320	56 
8321	246 
8322	22 
8323	224 
8324	27 
8325	16 
8326	164 
8327	20 
8328	125 
8329	16 
8330	21 
8331	187 
8332	189 
8333	223 
8334	144 
8335	112 
8336	166 
8337	146 
8338	126 
8339	247 
8340	247 
8341	251 
8342	95 
8343	261 
8344	187 
8345	3 
8346	189 
8347	224 
8348	173 
8349	260 
8350	104 
8351	56 
8352	123 
8353	283 
8354	178 
8355	125 
8356	109 
8357	160 
8358	248 
8359	175 
8360	196 
8361	127 
8362	114 
8363	262 
8364	27 
8365	112 
8366	189 
8367	108 
8368	210 
8369	114 
8370	126 
8371	132 
8372	112 
8373	19 
8374	186 
8375	125 
8376	114 
8377	39 
8378	162 
8379	255 
8380	110 
8381	24 
8382	239 
8383	110 
8384	267 
8385	75 
8386	173 
8387	176 
8388	161 
8389	283 
8390	141 
8391	11 
8392	16 
8393	15 
8394	149 
8395	239 
8396	99 
8397	138 
8398	246 
8399	112 
8400	265 
8401	267 
8402	6 
8403	110 
8404	132 
8405	262 
8406	202 
8407	138 
8408	221 
8409	52 
8410	141 
8411	1 
8412	210 
8413	236 
8414	260 
8415	144 
8416	56 
8417	135 
8418	70 
8419	1 
8420	157 
8421	130 
8422	16 
8423	13 
8424	180 
8425	189 
8426	161 
8427	239 
8428	151 
8429	5 
8430	175 
8431	256 
8432	110 
8433	265 
8434	138 
8435	157 
8436	208 
8437	158 
8438	20 
8439	52 
8440	164 
8441	173 
8442	288 
8443	95 
8444	5 
8445	126 
8446	260 
8447	108 
8448	15 
8449	249 
8450	175 
8451	46 
8452	249 
8453	212 
8454	11 
8455	223 
8456	107 
8457	3 
8458	58 
8459	150 
8460	226 
8461	264 
8462	175 
8463	27 
8464	164 
8465	108 
8466	56 
8467	290 
8468	151 
8469	78 
8470	50 
8471	202 
8472	39 
8473	21 
8474	61 
8475	230 
8476	120 
8477	102 
8478	262 
8479	271 
8480	246 
8481	19 
8482	271 
8483	221 
8484	104 
8485	121 
8486	187 
8487	138 
8488	104 
8489	143 
8490	151 
8491	260 
8492	249 
8493	290 
8494	104 
8495	115 
8496	70 
8497	157 
8498	5 
8499	175 
8500	108 
8501	146 
8502	89 
8503	183 
8504	19 
8505	239 
8506	94 
8507	161 
8508	211 
8509	46 
8510	138 
8511	110 
8512	230 
8513	264 
8514	288 
8515	251 
8516	210 
8517	144 
8518	264 
8519	258 
8520	170 
8521	182 
8522	186 
8523	175 
8524	46 
8525	22 
8526	158 
8527	109 
8528	108 
8529	212 
8530	141 
8531	78 
8532	266 
8533	138 
8534	3 
8535	58 
8536	13 
8537	258 
8538	99 
8539	75 
8540	94 
8541	189 
8542	148 
8543	158 
8544	158 
8545	70 
8546	150 
8547	157 
8548	75 
8549	221 
8550	265 
8551	89 
8552	175 
8553	149 
8554	211 
8555	108 
8556	212 
8557	187 
8558	160 
8559	176 
8560	160 
8561	250 
8562	172 
8563	144 
8564	268 
8565	15 
8566	21 
8567	107 
8568	89 
8569	256 
8570	149 
8571	268 
8572	114 
8573	223 
8574	258 
8575	77 
8576	283 
8577	16 
8578	8 
8579	99 
8580	109 
8581	102 
8582	260 
8583	265 
8584	176 
8585	290 
8586	58 
8587	157 
8588	108 
8589	175 
8590	157 
8591	172 
8592	290 
8593	78 
8594	56 
8595	262 
8596	114 
8597	266 
8598	122 
8599	123 
8600	251 
8601	208 
8602	260 
8603	170 
8604	182 
8605	16 
8606	80 
8607	39 
8608	39 
8609	148 
8610	5 
8611	138 
8612	122 
8613	15 
8614	271 
8615	3 
8616	180 
8617	196 
8618	15 
8619	107 
8620	203 
8621	162 
8622	16 
8623	288 
8624	158 
8625	175 
8626	27 
8627	157 
8628	221 
8629	203 
8630	239 
8631	210 
8632	114 
8633	258 
8634	24 
8635	161 
8636	187 
8637	164 
8638	114 
8639	246 
8640	109 
8641	122 
8642	75 
8643	109 
8644	182 
8645	160 
8646	78 
8647	107 
8648	196 
8649	13 
8650	281 
8651	19 
8652	226 
8653	11 
8654	161 
8655	58 
8656	256 
8657	248 
8658	155 
8659	283 
8660	255 
8661	166 
8662	265 
8663	202 
8664	158 
8665	184 
8666	56 
8667	94 
8668	151 
8669	141 
8670	75 
8671	120 
8672	223 
8673	16 
8674	160 
8675	170 
8676	115 
8677	202 
8678	104 
8679	21 
8680	104 
8681	203 
8682	99 
8683	211 
8684	248 
8685	226 
8686	249 
8687	150 
8688	246 
8689	161 
8690	110 
8691	211 
8692	230 
8693	210 
8694	266 
8695	158 
8696	264 
8697	271 
8698	80 
8699	283 
8700	187 
8701	15 
8702	239 
8703	19 
8704	46 
8705	99 
8706	166 
8707	104 
8708	10 
8709	13 
8710	146 
8711	202 
8712	49 
8713	39 
8714	75 
8715	94 
8716	230 
8717	239 
8718	196 
8719	251 
8720	249 
8721	75 
8722	87 
8723	155 
8724	155 
8725	203 
8726	151 
8727	183 
8728	210 
8729	260 
8730	202 
8731	157 
8732	184 
8733	175 
8734	208 
8735	266 
8736	50 
8737	184 
8738	94 
8739	221 
8740	170 
8741	268 
8742	203 
8743	172 
8744	162 
8745	87 
8746	173 
8747	138 
8748	104 
8749	104 
8750	112 
8751	158 
8752	10 
8753	49 
8754	186 
8755	122 
8756	255 
8757	210 
8758	224 
8759	125 
8760	1 
8761	99 
8762	150 
8763	127 
8764	256 
8765	141 
8766	160 
8767	27 
8768	143 
8769	13 
8770	255 
8771	135 
8772	256 
8773	141 
8774	248 
8775	75 
8776	166 
8777	256 
8778	157 
8779	224 
8780	146 
8781	11 
8782	1 
8783	247 
8784	261 
8785	132 
8786	175 
8787	256 
8788	112 
8789	143 
8790	143 
8791	158 
8792	267 
8793	132 
8794	110 
8795	70 
8796	87 
8797	178 
8798	203 
8799	184 
8800	78 
8801	183 
8802	89 
8803	49 
8804	8 
8805	146 
8806	56 
8807	52 
8808	75 
8809	16 
8810	108 
8811	265 
8812	267 
8813	271 
8814	248 
8815	70 
8816	189 
8817	230 
8818	268 
8819	114 
8820	271 
8821	120 
8822	211 
8823	164 
8824	170 
8825	46 
8826	187 
8827	108 
8828	186 
8829	265 
8830	3 
8831	87 
8832	138 
8833	143 
8834	22 
8835	13 
8836	247 
8837	202 
8838	271 
8839	160 
8840	16 
8841	166 
8842	256 
8843	187 
8844	175 
8845	39 
8846	109 
8847	162 
8848	138 
8849	148 
8850	102 
8851	58 
8852	13 
8853	13 
8854	11 
8855	50 
8856	89 
8857	80 
8858	143 
8859	189 
8860	151 
8861	255 
8862	3 
8863	56 
8864	230 
8865	127 
8866	268 
8867	58 
8868	146 
8869	211 
8870	19 
8871	80 
8872	146 
8873	149 
8874	248 
8875	203 
8876	94 
8877	164 
8878	24 
8879	189 
8880	22 
8881	151 
8882	288 
8883	180 
8884	8 
8885	89 
8886	49 
8887	8 
8888	187 
8889	120 
8890	180 
8891	143 
8892	22 
8893	281 
8894	246 
8895	186 
8896	183 
8897	87 
8898	127 
8899	10 
8900	266 
8901	89 
8902	221 
8903	184 
8904	178 
8905	170 
8906	122 
8907	21 
8908	184 
8909	226 
8910	256 
8911	50 
8912	189 
8913	176 
8914	11 
8915	170 
8916	189 
8917	202 
8918	166 
8919	202 
8920	149 
8921	155 
8922	107 
8923	186 
8924	283 
8925	80 
8926	143 
8927	141 
8928	122 
8929	189 
8930	125 
8931	56 
8932	251 
8933	247 
8934	268 
8935	150 
8936	180 
8937	13 
8938	49 
8939	151 
8940	268 
8941	271 
8942	11 
8943	271 
8944	258 
8945	39 
8946	22 
8947	94 
8948	148 
8949	258 
8950	148 
8951	115 
8952	102 
8953	180 
8954	56 
8955	148 
8956	110 
8957	132 
8958	75 
8959	149 
8960	146 
8961	208 
8962	127 
8963	108 
8964	262 
8965	176 
8966	211 
8967	49 
8968	49 
8969	255 
8970	1 
8971	126 
8972	149 
8973	77 
8974	56 
8975	266 
8976	189 
8977	208 
8978	123 
8979	260 
8980	226 
8981	187 
8982	151 
8983	22 
8984	56 
8985	178 
8986	11 
8987	115 
8988	49 
8989	288 
8990	183 
8991	11 
8992	87 
8993	22 
8994	58 
8995	11 
8996	186 
8997	27 
8998	39 
8999	115 
9000	80 
9001	202 
9002	256 
9003	230 
9004	178 
9005	108 
9006	107 
9007	261 
9008	89 
9009	258 
9010	184 
9011	114 
9012	50 
9013	230 
9014	52 
9015	180 
9016	70 
9017	164 
9018	258 
9019	21 
9020	262 
9021	46 
9022	172 
9023	138 
9024	49 
9025	10 
9026	132 
9027	187 
9028	112 
9029	132 
9030	172 
9031	175 
9032	126 
9033	267 
9034	155 
9035	125 
9036	70 
9037	281 
9038	126 
9039	203 
9040	226 
9041	24 
9042	70 
9043	178 
9044	107 
9045	226 
9046	108 
9047	226 
9048	77 
9049	266 
9050	202 
9051	109 
9052	1 
9053	202 
9054	115 
9055	8 
9056	160 
9057	281 
9058	22 
9059	290 
9060	178 
9061	21 
9062	151 
9063	149 
9064	58 
9065	170 
9066	203 
9067	187 
9068	123 
9069	290 
9070	189 
9071	10 
9072	211 
9073	283 
9074	288 
9075	141 
9076	223 
9077	281 
9078	247 
9079	223 
9080	132 
9081	260 
9082	115 
9083	1 
9084	176 
9085	5 
9086	89 
9087	210 
9088	77 
9089	52 
9090	178 
9091	10 
9092	247 
9093	87 
9094	161 
9095	247 
9096	258 
9097	146 
9098	211 
9099	281 
9100	256 
9101	271 
9102	107 
9103	281 
9104	126 
9105	166 
9106	226 
9107	258 
9108	255 
9109	223 
9110	135 
9111	108 
9112	223 
9113	109 
9114	212 
9115	162 
9116	50 
9117	288 
9118	87 
9119	255 
9120	78 
9121	75 
9122	283 
9123	16 
9124	16 
9125	87 
9126	260 
9127	132 
9128	261 
9129	8 
9130	123 
9131	288 
9132	256 
9133	162 
9134	157 
9135	94 
9136	10 
9137	110 
9138	15 
9139	49 
9140	56 
9141	268 
9142	247 
9143	8 
9144	108 
9145	202 
9146	180 
9147	230 
9148	112 
9149	260 
9150	187 
9151	261 
9152	184 
9153	132 
9154	162 
9155	135 
9156	283 
9157	151 
9158	260 
9159	46 
9160	184 
9161	22 
9162	110 
9163	186 
9164	39 
9165	261 
9166	258 
9167	157 
9168	146 
9169	248 
9170	246 
9171	248 
9172	266 
9173	189 
9174	114 
9175	70 
9176	212 
9177	123 
9178	70 
9179	15 
9180	89 
9181	261 
9182	178 
9183	262 
9184	260 
9185	255 
9186	161 
9187	180 
9188	10 
9189	39 
9190	46 
9191	77 
9192	13 
9193	10 
9194	248 
9195	223 
9196	1 
9197	178 
9198	184 
9199	109 
9200	1 
9201	211 
9202	126 
9203	281 
9204	50 
9205	141 
9206	114 
9207	15 
9208	239 
9209	258 
9210	288 
9211	58 
9212	16 
9213	87 
9214	166 
9215	39 
9216	288 
9217	89 
9218	11 
9219	94 
9220	13 
9221	256 
9222	123 
9223	135 
9224	70 
9225	56 
9226	210 
9227	239 
9228	27 
9229	178 
9230	107 
9231	11 
9232	266 
9233	208 
9234	24 
9235	75 
9236	109 
9237	143 
9238	223 
9239	108 
9240	138 
9241	70 
9242	212 
9243	141 
9244	108 
9245	183 
9246	160 
9247	202 
9248	109 
9249	50 
9250	15 
9251	132 
9252	160 
9253	58 
9254	10 
9255	52 
9256	281 
9257	107 
9258	187 
9259	110 
9260	135 
9261	10 
9262	281 
9263	226 
9264	260 
9265	281 
9266	11 
9267	248 
9268	157 
9269	123 
9270	265 
9271	46 
9272	146 
9273	208 
9274	126 
9275	210 
9276	203 
9277	162 
9278	202 
9279	141 
9280	149 
9281	143 
9282	265 
9283	268 
9284	5 
9285	15 
9286	56 
9287	10 
9288	58 
9289	170 
9290	112 
9291	183 
9292	77 
9293	255 
9294	157 
9295	112 
9296	120 
9297	27 
9298	94 
9299	203 
9300	120 
9301	261 
9302	77 
9303	264 
9304	178 
9305	212 
9306	258 
9307	248 
9308	112 
9309	15 
9310	109 
9311	120 
9312	202 
9313	39 
9314	261 
9315	1 
9316	77 
9317	22 
9318	208 
9319	22 
9320	24 
9321	202 
9322	162 
9323	202 
9324	13 
9325	87 
9326	46 
9327	120 
9328	122 
9329	27 
9330	150 
9331	50 
9332	108 
9333	260 
9334	162 
9335	175 
9336	176 
9337	114 
9338	70 
9339	261 
9340	114 
9341	39 
9342	115 
9343	180 
9344	186 
9345	248 
9346	19 
9347	120 
9348	143 
9349	16 
9350	19 
9351	172 
9352	94 
9353	271 
9354	115 
9355	24 
9356	162 
9357	248 
9358	143 
9359	202 
9360	208 
9361	112 
9362	8 
9363	226 
9364	248 
9365	239 
9366	19 
9367	166 
9368	208 
9369	176 
9370	175 
9371	39 
9372	110 
9373	184 
9374	208 
9375	78 
9376	239 
9377	212 
9378	170 
9379	70 
9380	223 
9381	70 
9382	162 
9383	239 
9384	126 
9385	75 
9386	239 
9387	108 
9388	16 
9389	39 
9390	110 
9391	226 
9392	281 
9393	268 
9394	87 
9395	5 
9396	75 
9397	248 
9398	77 
9399	172 
9400	172 
9401	260 
9402	175 
9403	112 
9404	75 
9405	16 
9406	77 
9407	162 
9408	208 
9409	11 
9410	94 
9411	208 
9412	149 
9413	212 
9414	143 
9415	208 
9416	15 
9417	122 
9418	19 
9419	160 
9420	135 
9421	288 
9422	186 
9423	77 
9424	75 
9425	24 
9426	260 
9427	187 
9428	77 
9429	212 
9430	52 
9431	143 
9432	75 
9433	1 
9434	123 
9435	281 
9436	24 
9437	78 
9438	52 
9439	78 
9440	271 
9441	166 
9442	135 
9443	110 
9444	183 
9445	52 
9446	176 
9447	24 
9448	114 
9449	170 
9450	10 
9451	150 
9452	187 
9453	255 
9454	114 
9455	239 
9456	149 
9457	268 
9458	255 
9459	114 
9460	126 
9461	52 
9462	230 
9463	89 
9464	52 
9465	176 
9466	281 
9467	248 
9468	5 
9469	176 
9470	187 
9471	150 
9472	211 
9473	19 
9474	187 
9475	70 
9476	264 
9477	94 
9478	78 
9479	11 
9480	170 
9481	239 
9482	203 
9483	208 
9484	110 
9485	260 
9486	162 
9487	203 
9488	189 
9489	112 
9490	70 
9491	261 
9492	255 
9493	212 
9494	135 
9495	261 
9496	39 
9497	255 
9498	22 
9499	180 
9500	261 
9501	239 
9502	157 
9503	160 
9504	230 
9505	15 
9506	176 
9507	187 
9508	149 
9509	16 
9510	203 
9511	175 
9512	187 
9513	122 
9514	39 
9515	16 
9516	108 
9517	162 
9518	89 
9519	255 
9520	180 
9521	138 
9522	27 
9523	186 
9524	203 
9525	260 
9526	187 
9527	27 
9528	175 
9529	27 
9530	158 
9531	58 
9532	212 
9533	239 
9534	158 
9535	58 
9536	271 
9537	160 
9538	15 
9539	87 
9540	52 
9541	271 
9542	75 
9543	107 
9544	75 
9545	288 
9546	112 
9547	108 
9548	149 
9549	288 
9550	210 
9551	149 
9552	39 
9553	211 
9554	271 
9555	78 
9556	107 
9557	150 
9558	122 
9559	187 
9560	176 
9561	122 
9562	132 
9563	122 
9564	261 
9565	261 
9566	189 
9567	126 
9568	112 
9569	160 
9570	58 
9571	8 
9572	70 
9573	77 
9574	122 
9575	260 
9576	89 
9577	138 
9578	143 
9579	239 
9580	39 
9581	87 
9582	260 
9583	260 
9584	162 
9585	78 
9586	170 
9587	78 
9588	189 
9589	223 
9590	149 
9591	264 
9592	89 
9593	223 
9594	108 
9595	122 
9596	78 
9597	149 
9598	230 
9599	15 
9600	176 
9601	143 
9602	89 
9603	176 
9604	271 
9605	255 
9606	157 
9607	94 
9608	122 
9609	58 
9610	288 
9611	19 
9612	264 
9613	58 
9614	226 
9615	186 
9616	186 
9617	107 
9618	8 
9619	52 
9620	126 
9621	75 
9622	230 
9623	226 
9624	115 
9625	186 
9626	208 
9627	189 
9628	107 
9629	264 
9630	158 
9631	1 
9632	211 
9633	230 
9634	255 
9635	1 
9636	58 
9637	58 
9638	107 
9639	157 
9640	78 
9641	75 
9642	160 
9643	211 
9644	135 
9645	187 
9646	202 
9647	189 
9648	87 
9649	211 
9650	94 
9651	16 
9652	187 
9653	187 
9654	77 
9655	78 
9656	265 
9657	271 
9658	94 
9659	189 
9660	260 
9661	176 
9662	208 
9663	261 
9664	87 
9665	87 
9666	239 
9667	210 
9668	211 
9669	288 
9670	22 
9671	126 
9672	239 
9673	89 
9674	230 
9675	39 
9676	22 
9677	94 
9678	230 
9679	16 
9680	112 
9681	16 
9682	162 
9683	264 
9684	210 
9685	211 
9686	108 
9687	112 
9688	58 
9689	135 
9690	211 
9691	260 
9692	143 
9693	203 
9694	27 
9695	203 
9696	143 
9697	126 
9698	122 
9699	22 
9700	203 
9701	223 
9702	8 
9703	112 
9704	189 
9705	58 
9706	112 
9707	208 
9708	157 
9709	271 
9710	11 
9711	39 
9712	203 
9713	288 
9714	281 
9715	112 
9716	94 
9717	271 
9718	89 
9719	176 
9720	203 
9721	8 
9722	265 
9723	89 
9724	261 
9725	176 
9726	255 
9727	1 
9728	108 
9729	11 
9730	77 
9731	211 
9732	78 
9733	77 
9734	70 
9735	176 
9736	157 
9737	157 
9738	189 
9739	281 
9740	143 
9741	187 
9742	22 
9743	187 
9744	239 
9745	255 
9746	107 
9747	211 
9748	94 
9749	157 
9750	288 
9751	150 
9752	265 
9753	186 
9754	78 
9755	208 
9756	77 
9757	89 
9758	108 
9759	122 
9760	186 
9761	94 
9762	15 
9763	122 
9764	15 
9765	135 
9766	126 
9767	15 
9768	39 
9769	143 
9770	260 
9771	187 
9772	89 
9773	22 
9774	8 
9775	143 
9776	223 
9777	22 
9778	202 
9779	112 
9780	94 
9781	11 
9782	288 
9783	135 
9784	87 
9785	160 
9786	281 
9787	143 
9788	202 
9789	107 
9790	22 
9791	162 
9792	94 
9793	123 
9794	265 
9795	260 
9796	112 
9797	265 
9798	176 
9799	265 
9800	112 
9801	150 
9802	15 
9803	108 
9804	16 
9805	77 
9806	264 
9807	1 
9808	281 
9809	8 
9810	78 
9811	265 
9812	27 
9813	265 
9814	223 
9815	123 
9816	27 
9817	135 
9818	265 
9819	78 
9820	264 
9821	16 
9822	288 
9823	288 
9824	160 
9825	186 
9826	143 
9827	70 
9828	162 
9829	288 
9830	108 
9831	27 
9832	11 
9833	70 
9834	162 
9835	223 
9836	202 
9837	94 
9838	281 
9839	261 
9840	107 
9841	15 
9842	203 
9843	162 
9844	135 
9845	186 
9846	112 
9847	160 
9848	1 
9849	143 
9850	288 
9851	189 
9852	288 
9853	189 
9854	77 
9855	1 
9856	261 
9857	22 
9858	281 
9859	11 
9860	126 
9861	162 
9862	157 
9863	87 
9864	15 
9865	77 
9866	70 
9867	210 
9868	157 
9869	27 
9870	162 
9871	210 
9872	210 
9873	210 
9874	8 
9875	70 
9876	1 
9877	265 
9878	281 
9879	108 
9880	27 
9881	202 
9882	187 
9883	162 
9884	16 
9885	16 
9886	264 
9887	281 
9888	126 
9889	230 
9890	162 
9891	1 
9892	187 
9893	186 
9894	87 
9895	211 
9896	230 
9897	203 
9898	143 
9899	39 
9900	230 
9901	230 
9902	223 
9903	265 
9904	265 
9905	202 
9906	16 
9907	186 
9908	1 
9909	11 
9910	143 
9911	108 
9912	160 
9913	203 
9914	135 
9915	162 
9916	27 
9917	281 
9918	108 
9919	107 
9920	281 
9921	265 
9922	189 
9923	189 
9924	255 
9925	77 
9926	112 
9927	230 
9928	176 
9929	186 
9930	203 
9931	281 
9932	87 
9933	162 
9934	189 
9935	230 
9936	11 
9937	108 
9938	202 
9939	143 
9940	210 
9941	189 
9942	143 
9943	230 
9944	211 
9945	187 
9946	176 
9947	162 
9948	1 
9949	223 
9950	126 
9951	143 
9952	1 
9953	107 
9954	112 
9955	157 
9956	157 
9957	135 
9958	230 
9959	176 
9960	186 
9961	126 
9962	230 
9963	176 
9964	77 
9965	162 
9966	126 
9967	230 
9968	108 
9969	211 
9970	187 
9971	162 
9972	16 
9973	107 
9974	162 
9975	265 
9976	186 
9977	186 
9978	112 
9979	160 
9980	162 
9981	203 
9982	16 
9983	39 
9984	186 
9985	265 
9986	143 
9987	160 
9988	126 
9989	160 
9990	107 
9991	160 
9992	77 
9993	22 
9994	176 
9995	27 
9996	78 
9997	22 
9998	112 
9999	27 
10000	22 
