1	215 
2	75 
3	77 
4	85 
5	35 
6	157 
7	164 
8	18 
9	260 
10	184 
11	236 
12	83 
13	141 
14	258 
15	218 
16	205 
17	172 
18	98 
19	257 
20	222 
21	35 
22	6 
23	74 
24	225 
25	117 
26	172 
27	136 
28	67 
29	49 
30	15 
31	206 
32	186 
33	177 
34	77 
35	132 
36	1 
37	83 
38	243 
39	255 
40	238 
41	72 
42	6 
43	200 
44	207 
45	141 
46	3 
47	4 
48	6 
49	82 
50	83 
51	104 
52	137 
53	85 
54	45 
55	3 
56	169 
57	138 
58	116 
59	19 
60	243 
61	144 
62	133 
63	39 
64	175 
65	243 
66	91 
67	62 
68	138 
69	54 
70	224 
71	44 
72	112 
73	209 
74	181 
75	12 
76	34 
77	192 
78	220 
79	135 
80	62 
81	44 
82	246 
83	264 
84	211 
85	177 
86	63 
87	132 
88	221 
89	185 
90	235 
91	245 
92	172 
93	59 
94	59 
95	31 
96	248 
97	44 
98	139 
99	61 
100	111 
101	36 
102	68 
103	59 
104	171 
105	125 
106	58 
107	242 
108	152 
109	24 
110	137 
111	75 
112	106 
113	128 
114	99 
115	17 
116	31 
117	138 
118	211 
119	91 
120	255 
121	7 
122	196 
123	248 
124	103 
125	265 
126	65 
127	135 
128	119 
129	35 
130	2 
131	153 
132	101 
133	148 
134	10 
135	92 
136	63 
137	189 
138	91 
139	247 
140	247 
141	167 
142	140 
143	75 
144	255 
145	23 
146	175 
147	5 
148	173 
149	186 
150	114 
151	32 
152	100 
153	225 
154	61 
155	196 
156	31 
157	235 
158	93 
159	164 
160	39 
161	208 
162	162 
163	20 
164	133 
165	204 
166	243 
167	11 
168	248 
169	168 
170	205 
171	222 
172	151 
173	182 
174	142 
175	131 
176	74 
177	54 
178	222 
179	110 
180	265 
181	222 
182	51 
183	19 
184	210 
185	262 
186	60 
187	110 
188	193 
189	179 
190	156 
191	49 
192	84 
193	27 
194	84 
195	179 
196	36 
197	238 
198	49 
199	207 
200	137 
201	62 
202	134 
203	221 
204	40 
205	218 
206	43 
207	261 
208	13 
209	187 
210	142 
211	260 
212	173 
213	213 
214	19 
215	263 
216	213 
217	27 
218	196 
219	165 
220	189 
221	97 
222	187 
223	151 
224	116 
225	178 
226	209 
227	193 
228	80 
229	17 
230	165 
231	246 
232	133 
233	264 
234	96 
235	161 
236	29 
237	235 
238	38 
239	126 
240	17 
241	238 
242	27 
243	41 
244	108 
245	226 
246	15 
247	73 
248	212 
249	176 
250	148 
251	41 
252	175 
253	12 
254	10 
255	256 
256	136 
257	83 
258	24 
259	24 
260	251 
261	205 
262	135 
263	173 
264	193 
265	168 
266	35 
267	169 
268	164 
269	194 
270	35 
271	118 
272	62 
273	132 
274	195 
275	62 
276	264 
277	1 
278	114 
279	205 
280	255 
281	118 
282	85 
283	168 
284	38 
285	110 
286	257 
287	258 
288	36 
289	193 
290	161 
291	74 
292	12 
293	55 
294	217 
295	222 
296	196 
297	186 
298	259 
299	26 
300	143 
301	213 
302	24 
303	258 
304	253 
305	111 
306	15 
307	209 
308	200 
309	161 
310	21 
311	169 
312	118 
313	146 
314	118 
315	29 
316	29 
317	155 
318	12 
319	129 
320	199 
321	39 
322	159 
323	235 
324	214 
325	228 
326	127 
327	12 
328	217 
329	37 
330	15 
331	17 
332	243 
333	78 
334	130 
335	5 
336	100 
337	43 
338	54 
339	150 
340	60 
341	61 
342	58 
343	196 
344	66 
345	243 
346	5 
347	113 
348	122 
349	193 
350	5 
351	154 
352	176 
353	117 
354	6 
355	89 
356	244 
357	1 
358	102 
359	230 
360	60 
361	35 
362	8 
363	26 
364	81 
365	211 
366	53 
367	183 
368	18 
369	194 
370	40 
371	44 
372	63 
373	6 
374	99 
375	105 
376	78 
377	133 
378	56 
379	210 
380	248 
381	254 
382	12 
383	176 
384	200 
385	137 
386	108 
387	19 
388	187 
389	102 
390	44 
391	167 
392	187 
393	186 
394	180 
395	31 
396	264 
397	108 
398	177 
399	119 
400	10 
401	59 
402	212 
403	8 
404	71 
405	39 
406	200 
407	235 
408	227 
409	226 
410	153 
411	131 
412	39 
413	160 
414	264 
415	124 
416	165 
417	19 
418	169 
419	189 
420	241 
421	31 
422	75 
423	264 
424	212 
425	207 
426	143 
427	12 
428	89 
429	43 
430	209 
431	158 
432	116 
433	52 
434	171 
435	32 
436	226 
437	232 
438	12 
439	230 
440	87 
441	124 
442	72 
443	108 
444	265 
445	166 
446	242 
447	234 
448	197 
449	263 
450	237 
451	33 
452	80 
453	133 
454	247 
455	22 
456	24 
457	52 
458	16 
459	177 
460	249 
461	68 
462	115 
463	245 
464	157 
465	112 
466	99 
467	234 
468	231 
469	24 
470	97 
471	21 
472	104 
473	214 
474	137 
475	152 
476	164 
477	28 
478	103 
479	206 
480	90 
481	1 
482	264 
483	11 
484	86 
485	116 
486	117 
487	42 
488	60 
489	36 
490	7 
491	228 
492	137 
493	247 
494	150 
495	226 
496	196 
497	16 
498	87 
499	12 
500	56 
501	260 
502	172 
503	119 
504	30 
505	38 
506	76 
507	57 
508	44 
509	116 
510	118 
511	255 
512	29 
513	121 
514	205 
515	105 
516	234 
517	169 
518	109 
519	219 
520	23 
521	88 
522	23 
523	59 
524	71 
525	151 
526	80 
527	113 
528	187 
529	94 
530	24 
531	95 
532	93 
533	159 
534	105 
535	103 
536	243 
537	112 
538	56 
539	112 
540	56 
541	222 
542	1 
543	220 
544	70 
545	68 
546	228 
547	232 
548	169 
549	264 
550	205 
551	104 
552	139 
553	262 
554	80 
555	53 
556	196 
557	56 
558	262 
559	140 
560	135 
561	110 
562	6 
563	175 
564	159 
565	68 
566	251 
567	21 
568	261 
569	17 
570	196 
571	205 
572	155 
573	118 
574	152 
575	193 
576	168 
577	143 
578	160 
579	155 
580	190 
581	163 
582	65 
583	112 
584	58 
585	19 
586	99 
587	206 
588	69 
589	228 
590	127 
591	222 
592	241 
593	80 
594	79 
595	264 
596	157 
597	186 
598	105 
599	17 
600	238 
601	137 
602	181 
603	54 
604	170 
605	107 
606	6 
607	12 
608	248 
609	102 
610	236 
611	48 
612	18 
613	70 
614	156 
615	135 
616	5 
617	142 
618	171 
619	15 
620	201 
621	264 
622	134 
623	159 
624	153 
625	41 
626	167 
627	252 
628	78 
629	89 
630	51 
631	255 
632	35 
633	101 
634	68 
635	168 
636	56 
637	223 
638	35 
639	38 
640	35 
641	53 
642	206 
643	181 
644	163 
645	81 
646	237 
647	123 
648	29 
649	264 
650	106 
651	120 
652	190 
653	226 
654	75 
655	236 
656	115 
657	131 
658	237 
659	36 
660	261 
661	135 
662	5 
663	223 
664	155 
665	17 
666	132 
667	174 
668	46 
669	187 
670	248 
671	67 
672	183 
673	191 
674	24 
675	240 
676	33 
677	180 
678	256 
679	227 
680	140 
681	194 
682	201 
683	226 
684	48 
685	220 
686	226 
687	247 
688	80 
689	60 
690	46 
691	42 
692	254 
693	261 
694	154 
695	265 
696	108 
697	17 
698	62 
699	101 
700	114 
701	64 
702	264 
703	116 
704	100 
705	234 
706	217 
707	157 
708	174 
709	18 
710	138 
711	156 
712	235 
713	4 
714	83 
715	52 
716	156 
717	248 
718	175 
719	206 
720	111 
721	48 
722	209 
723	140 
724	113 
725	224 
726	108 
727	56 
728	159 
729	82 
730	74 
731	12 
732	180 
733	101 
734	71 
735	211 
736	214 
737	59 
738	112 
739	265 
740	176 
741	44 
742	135 
743	153 
744	112 
745	147 
746	11 
747	97 
748	112 
749	47 
750	259 
751	193 
752	24 
753	4 
754	244 
755	108 
756	138 
757	56 
758	74 
759	169 
760	223 
761	44 
762	19 
763	48 
764	237 
765	35 
766	82 
767	5 
768	3 
769	35 
770	232 
771	140 
772	226 
773	196 
774	39 
775	17 
776	37 
777	104 
778	161 
779	246 
780	214 
781	137 
782	207 
783	80 
784	241 
785	120 
786	141 
787	156 
788	41 
789	19 
790	65 
791	43 
792	212 
793	68 
794	207 
795	8 
796	18 
797	177 
798	247 
799	114 
800	37 
801	6 
802	40 
803	157 
804	207 
805	157 
806	60 
807	135 
808	206 
809	40 
810	265 
811	200 
812	190 
813	156 
814	254 
815	96 
816	162 
817	37 
818	142 
819	235 
820	53 
821	152 
822	37 
823	166 
824	37 
825	86 
826	195 
827	47 
828	119 
829	106 
830	90 
831	15 
832	48 
833	85 
834	243 
835	152 
836	256 
837	237 
838	234 
839	248 
840	140 
841	131 
842	236 
843	30 
844	170 
845	214 
846	226 
847	214 
848	177 
849	200 
850	167 
851	51 
852	135 
853	243 
854	78 
855	36 
856	2 
857	215 
858	258 
859	164 
860	61 
861	148 
862	86 
863	240 
864	230 
865	263 
866	85 
867	17 
868	217 
869	1 
870	58 
871	152 
872	207 
873	20 
874	202 
875	209 
876	112 
877	56 
878	182 
879	104 
880	184 
881	80 
882	78 
883	133 
884	101 
885	241 
886	127 
887	42 
888	222 
889	265 
890	261 
891	73 
892	193 
893	80 
894	59 
895	144 
896	56 
897	121 
898	80 
899	202 
900	154 
901	125 
902	116 
903	5 
904	7 
905	229 
906	191 
907	218 
908	116 
909	256 
910	84 
911	104 
912	80 
913	238 
914	168 
915	258 
916	178 
917	48 
918	259 
919	212 
920	81 
921	225 
922	40 
923	168 
924	81 
925	217 
926	254 
927	22 
928	30 
929	200 
930	86 
931	259 
932	177 
933	236 
934	170 
935	102 
936	102 
937	74 
938	216 
939	241 
940	176 
941	20 
942	207 
943	41 
944	132 
945	62 
946	44 
947	126 
948	87 
949	132 
950	103 
951	91 
952	240 
953	43 
954	240 
955	185 
956	48 
957	91 
958	258 
959	257 
960	10 
961	49 
962	167 
963	124 
964	29 
965	157 
966	242 
967	22 
968	72 
969	122 
970	3 
971	78 
972	142 
973	24 
974	214 
975	223 
976	85 
977	81 
978	205 
979	22 
980	35 
981	51 
982	219 
983	17 
984	107 
985	203 
986	261 
987	73 
988	74 
989	159 
990	36 
991	245 
992	254 
993	19 
994	208 
995	260 
996	61 
997	18 
998	105 
999	215 
1000	154 
1001	190 
1002	108 
1003	88 
1004	194 
1005	106 
1006	215 
1007	104 
1008	24 
1009	46 
1010	261 
1011	43 
1012	132 
1013	49 
1014	13 
1015	171 
1016	101 
1017	233 
1018	141 
1019	1 
1020	246 
1021	191 
1022	255 
1023	17 
1024	112 
1025	122 
1026	261 
1027	27 
1028	240 
1029	151 
1030	187 
1031	200 
1032	240 
1033	15 
1034	22 
1035	246 
1036	238 
1037	49 
1038	124 
1039	116 
1040	213 
1041	123 
1042	69 
1043	43 
1044	62 
1045	61 
1046	205 
1047	28 
1048	36 
1049	161 
1050	149 
1051	12 
1052	205 
1053	157 
1054	191 
1055	157 
1056	48 
1057	238 
1058	98 
1059	218 
1060	194 
1061	205 
1062	247 
1063	244 
1064	100 
1065	181 
1066	184 
1067	50 
1068	102 
1069	223 
1070	197 
1071	129 
1072	54 
1073	62 
1074	96 
1075	196 
1076	155 
1077	214 
1078	45 
1079	70 
1080	132 
1081	115 
1082	107 
1083	248 
1084	118 
1085	70 
1086	238 
1087	9 
1088	220 
1089	24 
1090	209 
1091	181 
1092	176 
1093	123 
1094	264 
1095	241 
1096	11 
1097	256 
1098	35 
1099	208 
1100	128 
1101	194 
1102	264 
1103	51 
1104	183 
1105	197 
1106	169 
1107	6 
1108	21 
1109	133 
1110	97 
1111	185 
1112	71 
1113	30 
1114	153 
1115	9 
1116	173 
1117	214 
1118	265 
1119	115 
1120	228 
1121	200 
1122	121 
1123	142 
1124	116 
1125	136 
1126	130 
1127	171 
1128	79 
1129	65 
1130	112 
1131	172 
1132	31 
1133	27 
1134	20 
1135	164 
1136	264 
1137	187 
1138	131 
1139	121 
1140	65 
1141	42 
1142	204 
1143	187 
1144	204 
1145	107 
1146	80 
1147	15 
1148	186 
1149	176 
1150	112 
1151	53 
1152	179 
1153	104 
1154	138 
1155	154 
1156	80 
1157	144 
1158	4 
1159	239 
1160	76 
1161	228 
1162	170 
1163	216 
1164	229 
1165	194 
1166	184 
1167	17 
1168	47 
1169	209 
1170	99 
1171	35 
1172	22 
1173	248 
1174	196 
1175	184 
1176	1 
1177	41 
1178	1 
1179	130 
1180	73 
1181	91 
1182	36 
1183	68 
1184	161 
1185	214 
1186	231 
1187	136 
1188	93 
1189	151 
1190	155 
1191	60 
1192	67 
1193	152 
1194	216 
1195	107 
1196	104 
1197	26 
1198	79 
1199	60 
1200	47 
1201	108 
1202	150 
1203	193 
1204	152 
1205	1 
1206	32 
1207	136 
1208	238 
1209	78 
1210	100 
1211	220 
1212	226 
1213	131 
1214	112 
1215	4 
1216	107 
1217	262 
1218	85 
1219	118 
1220	28 
1221	38 
1222	247 
1223	245 
1224	4 
1225	255 
1226	188 
1227	20 
1228	106 
1229	237 
1230	205 
1231	96 
1232	255 
1233	99 
1234	240 
1235	226 
1236	216 
1237	185 
1238	262 
1239	44 
1240	243 
1241	207 
1242	60 
1243	154 
1244	2 
1245	218 
1246	58 
1247	116 
1248	13 
1249	141 
1250	1 
1251	258 
1252	147 
1253	13 
1254	216 
1255	193 
1256	205 
1257	237 
1258	123 
1259	48 
1260	106 
1261	222 
1262	249 
1263	18 
1264	131 
1265	112 
1266	235 
1267	214 
1268	145 
1269	248 
1270	116 
1271	88 
1272	187 
1273	23 
1274	148 
1275	85 
1276	44 
1277	1 
1278	221 
1279	158 
1280	12 
1281	138 
1282	178 
1283	18 
1284	48 
1285	195 
1286	112 
1287	60 
1288	47 
1289	31 
1290	40 
1291	173 
1292	184 
1293	49 
1294	8 
1295	136 
1296	149 
1297	56 
1298	164 
1299	153 
1300	234 
1301	243 
1302	248 
1303	146 
1304	36 
1305	159 
1306	177 
1307	43 
1308	165 
1309	15 
1310	3 
1311	200 
1312	112 
1313	184 
1314	112 
1315	65 
1316	111 
1317	243 
1318	249 
1319	216 
1320	22 
1321	186 
1322	72 
1323	18 
1324	16 
1325	207 
1326	219 
1327	78 
1328	187 
1329	246 
1330	84 
1331	264 
1332	88 
1333	228 
1334	124 
1335	237 
1336	96 
1337	243 
1338	194 
1339	265 
1340	101 
1341	80 
1342	209 
1343	262 
1344	191 
1345	48 
1346	97 
1347	139 
1348	121 
1349	256 
1350	40 
1351	115 
1352	182 
1353	239 
1354	10 
1355	257 
1356	114 
1357	237 
1358	251 
1359	17 
1360	51 
1361	190 
1362	27 
1363	101 
1364	142 
1365	87 
1366	107 
1367	60 
1368	126 
1369	39 
1370	131 
1371	139 
1372	132 
1373	63 
1374	249 
1375	84 
1376	31 
1377	196 
1378	44 
1379	98 
1380	75 
1381	167 
1382	66 
1383	40 
1384	193 
1385	96 
1386	251 
1387	237 
1388	249 
1389	236 
1390	53 
1391	186 
1392	264 
1393	221 
1394	47 
1395	63 
1396	25 
1397	236 
1398	93 
1399	163 
1400	126 
1401	126 
1402	137 
1403	156 
1404	175 
1405	255 
1406	16 
1407	126 
1408	49 
1409	76 
1410	133 
1411	180 
1412	214 
1413	175 
1414	115 
1415	165 
1416	33 
1417	88 
1418	93 
1419	91 
1420	253 
1421	218 
1422	57 
1423	112 
1424	114 
1425	133 
1426	43 
1427	241 
1428	74 
1429	1 
1430	213 
1431	118 
1432	188 
1433	128 
1434	12 
1435	169 
1436	221 
1437	109 
1438	243 
1439	78 
1440	228 
1441	120 
1442	163 
1443	138 
1444	198 
1445	106 
1446	153 
1447	255 
1448	202 
1449	90 
1450	79 
1451	140 
1452	87 
1453	209 
1454	211 
1455	152 
1456	21 
1457	192 
1458	55 
1459	17 
1460	252 
1461	225 
1462	248 
1463	65 
1464	243 
1465	138 
1466	234 
1467	37 
1468	69 
1469	236 
1470	66 
1471	206 
1472	3 
1473	56 
1474	68 
1475	173 
1476	134 
1477	254 
1478	35 
1479	137 
1480	265 
1481	112 
1482	46 
1483	264 
1484	262 
1485	34 
1486	87 
1487	205 
1488	133 
1489	122 
1490	48 
1491	129 
1492	227 
1493	223 
1494	262 
1495	126 
1496	98 
1497	108 
1498	219 
1499	94 
1500	156 
1501	177 
1502	187 
1503	58 
1504	70 
1505	225 
1506	35 
1507	74 
1508	18 
1509	48 
1510	8 
1511	75 
1512	209 
1513	99 
1514	135 
1515	59 
1516	126 
1517	214 
1518	85 
1519	158 
1520	235 
1521	35 
1522	4 
1523	19 
1524	248 
1525	226 
1526	127 
1527	224 
1528	121 
1529	215 
1530	80 
1531	14 
1532	205 
1533	96 
1534	261 
1535	84 
1536	48 
1537	111 
1538	117 
1539	212 
1540	209 
1541	112 
1542	112 
1543	2 
1544	221 
1545	195 
1546	164 
1547	132 
1548	152 
1549	36 
1550	69 
1551	59 
1552	166 
1553	107 
1554	226 
1555	6 
1556	189 
1557	6 
1558	170 
1559	86 
1560	16 
1561	30 
1562	207 
1563	227 
1564	212 
1565	228 
1566	39 
1567	205 
1568	112 
1569	133 
1570	158 
1571	50 
1572	108 
1573	228 
1574	168 
1575	167 
1576	197 
1577	141 
1578	157 
1579	201 
1580	192 
1581	114 
1582	54 
1583	50 
1584	154 
1585	103 
1586	174 
1587	187 
1588	31 
1589	14 
1590	216 
1591	100 
1592	40 
1593	31 
1594	264 
1595	229 
1596	126 
1597	215 
1598	56 
1599	68 
1600	169 
1601	237 
1602	69 
1603	135 
1604	247 
1605	170 
1606	227 
1607	99 
1608	67 
1609	132 
1610	60 
1611	262 
1612	110 
1613	5 
1614	48 
1615	123 
1616	101 
1617	196 
1618	215 
1619	131 
1620	71 
1621	59 
1622	243 
1623	66 
1624	234 
1625	6 
1626	103 
1627	181 
1628	6 
1629	252 
1630	139 
1631	11 
1632	18 
1633	216 
1634	6 
1635	249 
1636	152 
1637	194 
1638	141 
1639	258 
1640	81 
1641	110 
1642	24 
1643	230 
1644	159 
1645	216 
1646	99 
1647	89 
1648	142 
1649	191 
1650	117 
1651	202 
1652	232 
1653	135 
1654	5 
1655	191 
1656	243 
1657	260 
1658	120 
1659	264 
1660	107 
1661	76 
1662	213 
1663	40 
1664	183 
1665	12 
1666	164 
1667	62 
1668	31 
1669	240 
1670	138 
1671	229 
1672	144 
1673	67 
1674	32 
1675	162 
1676	31 
1677	57 
1678	58 
1679	3 
1680	237 
1681	151 
1682	148 
1683	183 
1684	137 
1685	227 
1686	79 
1687	18 
1688	140 
1689	95 
1690	102 
1691	180 
1692	74 
1693	244 
1694	181 
1695	264 
1696	263 
1697	78 
1698	43 
1699	152 
1700	30 
1701	226 
1702	58 
1703	90 
1704	119 
1705	112 
1706	81 
1707	7 
1708	145 
1709	140 
1710	112 
1711	140 
1712	24 
1713	259 
1714	38 
1715	86 
1716	249 
1717	152 
1718	66 
1719	49 
1720	43 
1721	153 
1722	165 
1723	168 
1724	180 
1725	157 
1726	262 
1727	38 
1728	169 
1729	43 
1730	41 
1731	262 
1732	3 
1733	58 
1734	76 
1735	264 
1736	157 
1737	12 
1738	50 
1739	165 
1740	155 
1741	21 
1742	121 
1743	217 
1744	255 
1745	138 
1746	151 
1747	176 
1748	177 
1749	153 
1750	30 
1751	23 
1752	62 
1753	185 
1754	112 
1755	115 
1756	258 
1757	150 
1758	256 
1759	137 
1760	192 
1761	207 
1762	255 
1763	74 
1764	15 
1765	53 
1766	228 
1767	95 
1768	247 
1769	177 
1770	5 
1771	56 
1772	93 
1773	108 
1774	137 
1775	180 
1776	209 
1777	152 
1778	136 
1779	53 
1780	3 
1781	71 
1782	200 
1783	95 
1784	49 
1785	201 
1786	199 
1787	60 
1788	5 
1789	264 
1790	190 
1791	192 
1792	42 
1793	24 
1794	206 
1795	161 
1796	80 
1797	84 
1798	156 
1799	7 
1800	256 
1801	264 
1802	200 
1803	29 
1804	60 
1805	85 
1806	263 
1807	42 
1808	138 
1809	153 
1810	84 
1811	169 
1812	159 
1813	95 
1814	5 
1815	196 
1816	191 
1817	188 
1818	112 
1819	30 
1820	235 
1821	171 
1822	31 
1823	202 
1824	45 
1825	239 
1826	92 
1827	100 
1828	229 
1829	6 
1830	37 
1831	6 
1832	4 
1833	3 
1834	2 
1835	39 
1836	151 
1837	29 
1838	56 
1839	33 
1840	108 
1841	199 
1842	190 
1843	124 
1844	169 
1845	85 
1846	204 
1847	224 
1848	261 
1849	105 
1850	248 
1851	104 
1852	26 
1853	71 
1854	235 
1855	24 
1856	158 
1857	167 
1858	183 
1859	248 
1860	32 
1861	256 
1862	119 
1863	157 
1864	181 
1865	88 
1866	169 
1867	131 
1868	237 
1869	24 
1870	148 
1871	114 
1872	25 
1873	224 
1874	185 
1875	133 
1876	26 
1877	108 
1878	180 
1879	111 
1880	212 
1881	38 
1882	71 
1883	32 
1884	248 
1885	57 
1886	50 
1887	212 
1888	186 
1889	209 
1890	71 
1891	159 
1892	207 
1893	67 
1894	237 
1895	150 
1896	186 
1897	9 
1898	90 
1899	71 
1900	14 
1901	197 
1902	252 
1903	244 
1904	33 
1905	153 
1906	52 
1907	164 
1908	101 
1909	168 
1910	113 
1911	217 
1912	142 
1913	103 
1914	174 
1915	48 
1916	116 
1917	2 
1918	53 
1919	36 
1920	65 
1921	243 
1922	89 
1923	141 
1924	131 
1925	223 
1926	235 
1927	228 
1928	66 
1929	63 
1930	102 
1931	256 
1932	213 
1933	212 
1934	99 
1935	149 
1936	69 
1937	27 
1938	193 
1939	226 
1940	133 
1941	163 
1942	253 
1943	62 
1944	189 
1945	250 
1946	205 
1947	108 
1948	152 
1949	237 
1950	15 
1951	234 
1952	32 
1953	201 
1954	169 
1955	28 
1956	114 
1957	237 
1958	227 
1959	120 
1960	136 
1961	99 
1962	108 
1963	17 
1964	97 
1965	99 
1966	193 
1967	137 
1968	237 
1969	197 
1970	245 
1971	77 
1972	81 
1973	15 
1974	3 
1975	117 
1976	28 
1977	249 
1978	255 
1979	56 
1980	131 
1981	240 
1982	167 
1983	256 
1984	1 
1985	43 
1986	51 
1987	178 
1988	262 
1989	58 
1990	101 
1991	91 
1992	192 
1993	245 
1994	17 
1995	20 
1996	170 
1997	152 
1998	227 
1999	68 
2000	251 
2001	67 
2002	255 
2003	250 
2004	72 
2005	203 
2006	14 
2007	28 
2008	168 
2009	165 
2010	247 
2011	65 
2012	248 
2013	19 
2014	90 
2015	214 
2016	249 
2017	214 
2018	57 
2019	34 
2020	135 
2021	261 
2022	171 
2023	247 
2024	180 
2025	180 
2026	49 
2027	264 
2028	221 
2029	167 
2030	26 
2031	65 
2032	19 
2033	86 
2034	60 
2035	205 
2036	256 
2037	6 
2038	121 
2039	33 
2040	212 
2041	112 
2042	8 
2043	29 
2044	28 
2045	262 
2046	259 
2047	137 
2048	163 
2049	85 
2050	261 
2051	135 
2052	223 
2053	162 
2054	186 
2055	5 
2056	199 
2057	139 
2058	51 
2059	257 
2060	127 
2061	200 
2062	35 
2063	57 
2064	247 
2065	140 
2066	127 
2067	68 
2068	110 
2069	250 
2070	187 
2071	262 
2072	101 
2073	31 
2074	20 
2075	93 
2076	64 
2077	109 
2078	259 
2079	47 
2080	43 
2081	131 
2082	227 
2083	20 
2084	19 
2085	231 
2086	143 
2087	264 
2088	243 
2089	110 
2090	242 
2091	103 
2092	121 
2093	53 
2094	250 
2095	228 
2096	231 
2097	12 
2098	205 
2099	66 
2100	76 
2101	137 
2102	200 
2103	161 
2104	34 
2105	100 
2106	65 
2107	243 
2108	200 
2109	141 
2110	70 
2111	15 
2112	175 
2113	244 
2114	182 
2115	36 
2116	34 
2117	130 
2118	12 
2119	27 
2120	194 
2121	110 
2122	106 
2123	207 
2124	169 
2125	157 
2126	132 
2127	133 
2128	111 
2129	237 
2130	189 
2131	115 
2132	134 
2133	56 
2134	153 
2135	169 
2136	193 
2137	198 
2138	176 
2139	49 
2140	220 
2141	55 
2142	100 
2143	127 
2144	40 
2145	138 
2146	81 
2147	240 
2148	145 
2149	253 
2150	193 
2151	31 
2152	98 
2153	95 
2154	101 
2155	249 
2156	38 
2157	215 
2158	192 
2159	138 
2160	139 
2161	184 
2162	89 
2163	18 
2164	85 
2165	212 
2166	82 
2167	112 
2168	184 
2169	20 
2170	226 
2171	240 
2172	215 
2173	235 
2174	181 
2175	167 
2176	78 
2177	35 
2178	192 
2179	45 
2180	75 
2181	99 
2182	56 
2183	210 
2184	200 
2185	242 
2186	72 
2187	14 
2188	256 
2189	64 
2190	16 
2191	38 
2192	2 
2193	136 
2194	80 
2195	247 
2196	99 
2197	175 
2198	106 
2199	52 
2200	131 
2201	163 
2202	31 
2203	32 
2204	260 
2205	214 
2206	256 
2207	88 
2208	256 
2209	115 
2210	256 
2211	196 
2212	239 
2213	112 
2214	153 
2215	200 
2216	42 
2217	6 
2218	78 
2219	1 
2220	237 
2221	25 
2222	133 
2223	71 
2224	92 
2225	152 
2226	262 
2227	168 
2228	225 
2229	80 
2230	49 
2231	92 
2232	258 
2233	207 
2234	48 
2235	101 
2236	4 
2237	44 
2238	208 
2239	132 
2240	49 
2241	55 
2242	125 
2243	255 
2244	220 
2245	69 
2246	207 
2247	143 
2248	193 
2249	178 
2250	226 
2251	6 
2252	259 
2253	74 
2254	119 
2255	225 
2256	33 
2257	108 
2258	111 
2259	115 
2260	38 
2261	243 
2262	121 
2263	194 
2264	106 
2265	76 
2266	192 
2267	74 
2268	212 
2269	117 
2270	138 
2271	2 
2272	132 
2273	259 
2274	144 
2275	243 
2276	227 
2277	35 
2278	107 
2279	78 
2280	238 
2281	108 
2282	80 
2283	37 
2284	216 
2285	152 
2286	34 
2287	35 
2288	55 
2289	6 
2290	65 
2291	247 
2292	57 
2293	138 
2294	226 
2295	163 
2296	218 
2297	72 
2298	245 
2299	240 
2300	28 
2301	214 
2302	196 
2303	165 
2304	62 
2305	50 
2306	247 
2307	15 
2308	127 
2309	226 
2310	74 
2311	99 
2312	116 
2313	171 
2314	4 
2315	59 
2316	81 
2317	75 
2318	104 
2319	49 
2320	121 
2321	255 
2322	80 
2323	6 
2324	12 
2325	175 
2326	108 
2327	71 
2328	210 
2329	197 
2330	66 
2331	217 
2332	264 
2333	243 
2334	158 
2335	152 
2336	261 
2337	54 
2338	59 
2339	200 
2340	138 
2341	147 
2342	116 
2343	109 
2344	66 
2345	259 
2346	243 
2347	222 
2348	216 
2349	239 
2350	211 
2351	215 
2352	65 
2353	200 
2354	98 
2355	4 
2356	198 
2357	145 
2358	23 
2359	207 
2360	9 
2361	38 
2362	87 
2363	224 
2364	153 
2365	176 
2366	31 
2367	227 
2368	259 
2369	144 
2370	49 
2371	80 
2372	88 
2373	56 
2374	112 
2375	263 
2376	168 
2377	13 
2378	112 
2379	75 
2380	108 
2381	172 
2382	196 
2383	243 
2384	188 
2385	223 
2386	138 
2387	108 
2388	197 
2389	186 
2390	71 
2391	128 
2392	1 
2393	226 
2394	205 
2395	213 
2396	225 
2397	99 
2398	119 
2399	132 
2400	43 
2401	247 
2402	151 
2403	52 
2404	69 
2405	183 
2406	167 
2407	192 
2408	45 
2409	250 
2410	49 
2411	235 
2412	9 
2413	100 
2414	207 
2415	118 
2416	205 
2417	49 
2418	118 
2419	36 
2420	142 
2421	138 
2422	1 
2423	192 
2424	6 
2425	3 
2426	175 
2427	131 
2428	229 
2429	79 
2430	247 
2431	104 
2432	30 
2433	158 
2434	194 
2435	218 
2436	227 
2437	58 
2438	181 
2439	236 
2440	86 
2441	201 
2442	159 
2443	177 
2444	60 
2445	150 
2446	183 
2447	31 
2448	120 
2449	81 
2450	78 
2451	89 
2452	262 
2453	25 
2454	5 
2455	96 
2456	260 
2457	256 
2458	205 
2459	71 
2460	125 
2461	81 
2462	122 
2463	202 
2464	60 
2465	188 
2466	159 
2467	239 
2468	200 
2469	184 
2470	59 
2471	2 
2472	193 
2473	134 
2474	56 
2475	137 
2476	67 
2477	188 
2478	132 
2479	11 
2480	240 
2481	153 
2482	110 
2483	79 
2484	208 
2485	5 
2486	214 
2487	60 
2488	99 
2489	60 
2490	182 
2491	211 
2492	90 
2493	60 
2494	193 
2495	112 
2496	12 
2497	34 
2498	246 
2499	116 
2500	144 
2501	247 
2502	157 
2503	170 
2504	143 
2505	27 
2506	16 
2507	38 
2508	61 
2509	133 
2510	58 
2511	92 
2512	244 
2513	207 
2514	146 
2515	163 
2516	137 
2517	81 
2518	254 
2519	83 
2520	168 
2521	140 
2522	141 
2523	237 
2524	67 
2525	145 
2526	251 
2527	198 
2528	217 
2529	117 
2530	157 
2531	116 
2532	16 
2533	186 
2534	203 
2535	13 
2536	125 
2537	110 
2538	49 
2539	203 
2540	27 
2541	8 
2542	35 
2543	133 
2544	219 
2545	93 
2546	135 
2547	228 
2548	119 
2549	194 
2550	253 
2551	202 
2552	168 
2553	56 
2554	152 
2555	260 
2556	205 
2557	159 
2558	220 
2559	76 
2560	231 
2561	6 
2562	172 
2563	222 
2564	205 
2565	11 
2566	9 
2567	154 
2568	40 
2569	143 
2570	118 
2571	27 
2572	263 
2573	123 
2574	134 
2575	175 
2576	80 
2577	261 
2578	200 
2579	14 
2580	209 
2581	180 
2582	8 
2583	256 
2584	254 
2585	153 
2586	260 
2587	25 
2588	219 
2589	211 
2590	119 
2591	196 
2592	195 
2593	243 
2594	202 
2595	116 
2596	36 
2597	89 
2598	144 
2599	92 
2600	55 
2601	56 
2602	116 
2603	187 
2604	119 
2605	132 
2606	78 
2607	261 
2608	161 
2609	74 
2610	93 
2611	133 
2612	125 
2613	227 
2614	209 
2615	116 
2616	56 
2617	27 
2618	73 
2619	118 
2620	58 
2621	179 
2622	83 
2623	259 
2624	152 
2625	7 
2626	198 
2627	213 
2628	202 
2629	227 
2630	193 
2631	197 
2632	137 
2633	148 
2634	17 
2635	87 
2636	12 
2637	217 
2638	206 
2639	74 
2640	259 
2641	96 
2642	233 
2643	71 
2644	59 
2645	108 
2646	114 
2647	180 
2648	158 
2649	248 
2650	163 
2651	47 
2652	210 
2653	57 
2654	24 
2655	243 
2656	30 
2657	108 
2658	145 
2659	102 
2660	185 
2661	256 
2662	180 
2663	116 
2664	61 
2665	264 
2666	177 
2667	108 
2668	6 
2669	15 
2670	74 
2671	180 
2672	87 
2673	122 
2674	72 
2675	244 
2676	100 
2677	252 
2678	237 
2679	138 
2680	127 
2681	128 
2682	116 
2683	73 
2684	88 
2685	174 
2686	20 
2687	172 
2688	76 
2689	82 
2690	77 
2691	129 
2692	265 
2693	256 
2694	80 
2695	87 
2696	30 
2697	27 
2698	175 
2699	259 
2700	189 
2701	222 
2702	31 
2703	135 
2704	57 
2705	112 
2706	261 
2707	159 
2708	153 
2709	217 
2710	38 
2711	166 
2712	129 
2713	174 
2714	14 
2715	163 
2716	242 
2717	81 
2718	7 
2719	127 
2720	14 
2721	61 
2722	237 
2723	223 
2724	80 
2725	228 
2726	118 
2727	40 
2728	222 
2729	48 
2730	224 
2731	126 
2732	161 
2733	192 
2734	162 
2735	6 
2736	93 
2737	236 
2738	17 
2739	68 
2740	132 
2741	175 
2742	163 
2743	145 
2744	200 
2745	252 
2746	93 
2747	83 
2748	31 
2749	162 
2750	243 
2751	118 
2752	83 
2753	228 
2754	86 
2755	49 
2756	3 
2757	12 
2758	223 
2759	78 
2760	196 
2761	12 
2762	82 
2763	74 
2764	99 
2765	83 
2766	215 
2767	132 
2768	53 
2769	122 
2770	119 
2771	123 
2772	24 
2773	73 
2774	31 
2775	248 
2776	166 
2777	12 
2778	27 
2779	196 
2780	140 
2781	112 
2782	40 
2783	236 
2784	226 
2785	191 
2786	76 
2787	137 
2788	118 
2789	58 
2790	176 
2791	88 
2792	200 
2793	127 
2794	216 
2795	247 
2796	148 
2797	138 
2798	17 
2799	148 
2800	8 
2801	124 
2802	58 
2803	168 
2804	200 
2805	193 
2806	152 
2807	115 
2808	99 
2809	55 
2810	59 
2811	203 
2812	39 
2813	87 
2814	224 
2815	247 
2816	215 
2817	153 
2818	20 
2819	247 
2820	206 
2821	87 
2822	229 
2823	181 
2824	26 
2825	175 
2826	236 
2827	74 
2828	246 
2829	137 
2830	83 
2831	116 
2832	200 
2833	116 
2834	251 
2835	38 
2836	223 
2837	10 
2838	198 
2839	228 
2840	27 
2841	126 
2842	6 
2843	183 
2844	142 
2845	246 
2846	1 
2847	6 
2848	90 
2849	7 
2850	137 
2851	53 
2852	40 
2853	207 
2854	172 
2855	32 
2856	193 
2857	58 
2858	181 
2859	219 
2860	214 
2861	92 
2862	215 
2863	55 
2864	173 
2865	263 
2866	96 
2867	180 
2868	101 
2869	35 
2870	55 
2871	120 
2872	59 
2873	80 
2874	49 
2875	192 
2876	209 
2877	112 
2878	138 
2879	258 
2880	191 
2881	159 
2882	127 
2883	223 
2884	87 
2885	67 
2886	263 
2887	219 
2888	157 
2889	73 
2890	48 
2891	137 
2892	90 
2893	29 
2894	175 
2895	263 
2896	152 
2897	13 
2898	38 
2899	240 
2900	152 
2901	220 
2902	117 
2903	40 
2904	10 
2905	237 
2906	101 
2907	187 
2908	104 
2909	116 
2910	113 
2911	248 
2912	51 
2913	81 
2914	196 
2915	169 
2916	30 
2917	153 
2918	49 
2919	116 
2920	97 
2921	259 
2922	98 
2923	137 
2924	258 
2925	49 
2926	204 
2927	182 
2928	135 
2929	179 
2930	110 
2931	78 
2932	125 
2933	98 
2934	17 
2935	110 
2936	112 
2937	96 
2938	164 
2939	102 
2940	241 
2941	115 
2942	99 
2943	129 
2944	67 
2945	101 
2946	214 
2947	207 
2948	193 
2949	158 
2950	240 
2951	183 
2952	168 
2953	5 
2954	16 
2955	137 
2956	157 
2957	40 
2958	169 
2959	152 
2960	169 
2961	18 
2962	260 
2963	118 
2964	56 
2965	161 
2966	152 
2967	99 
2968	59 
2969	212 
2970	200 
2971	60 
2972	184 
2973	196 
2974	174 
2975	29 
2976	151 
2977	20 
2978	6 
2979	114 
2980	228 
2981	188 
2982	48 
2983	192 
2984	105 
2985	240 
2986	66 
2987	232 
2988	214 
2989	48 
2990	242 
2991	179 
2992	64 
2993	26 
2994	265 
2995	229 
2996	201 
2997	121 
2998	155 
2999	152 
3000	216 
3001	93 
3002	71 
3003	78 
3004	172 
3005	210 
3006	160 
3007	67 
3008	227 
3009	105 
3010	122 
3011	26 
3012	205 
3013	207 
3014	242 
3015	35 
3016	151 
3017	181 
3018	104 
3019	160 
3020	180 
3021	236 
3022	118 
3023	231 
3024	207 
3025	74 
3026	243 
3027	83 
3028	247 
3029	222 
3030	223 
3031	5 
3032	56 
3033	108 
3034	256 
3035	12 
3036	44 
3037	106 
3038	194 
3039	49 
3040	177 
3041	169 
3042	27 
3043	71 
3044	262 
3045	207 
3046	198 
3047	247 
3048	4 
3049	118 
3050	142 
3051	109 
3052	207 
3053	152 
3054	68 
3055	175 
3056	54 
3057	228 
3058	214 
3059	261 
3060	112 
3061	134 
3062	6 
3063	9 
3064	203 
3065	8 
3066	256 
3067	40 
3068	166 
3069	80 
3070	240 
3071	235 
3072	101 
3073	90 
3074	209 
3075	239 
3076	113 
3077	200 
3078	5 
3079	194 
3080	202 
3081	183 
3082	216 
3083	63 
3084	134 
3085	164 
3086	257 
3087	225 
3088	248 
3089	240 
3090	116 
3091	181 
3092	123 
3093	213 
3094	73 
3095	168 
3096	83 
3097	27 
3098	51 
3099	254 
3100	82 
3101	207 
3102	173 
3103	51 
3104	60 
3105	188 
3106	224 
3107	41 
3108	250 
3109	92 
3110	93 
3111	205 
3112	121 
3113	236 
3114	262 
3115	8 
3116	12 
3117	159 
3118	201 
3119	27 
3120	235 
3121	176 
3122	76 
3123	67 
3124	1 
3125	90 
3126	188 
3127	84 
3128	250 
3129	168 
3130	226 
3131	16 
3132	110 
3133	199 
3134	166 
3135	142 
3136	118 
3137	45 
3138	75 
3139	254 
3140	77 
3141	173 
3142	52 
3143	261 
3144	116 
3145	1 
3146	143 
3147	27 
3148	263 
3149	32 
3150	138 
3151	205 
3152	87 
3153	101 
3154	238 
3155	16 
3156	135 
3157	119 
3158	192 
3159	15 
3160	161 
3161	232 
3162	88 
3163	152 
3164	44 
3165	235 
3166	18 
3167	181 
3168	38 
3169	247 
3170	223 
3171	129 
3172	24 
3173	104 
3174	163 
3175	120 
3176	237 
3177	147 
3178	228 
3179	54 
3180	135 
3181	62 
3182	11 
3183	169 
3184	185 
3185	218 
3186	207 
3187	195 
3188	217 
3189	184 
3190	234 
3191	233 
3192	125 
3193	43 
3194	265 
3195	116 
3196	90 
3197	121 
3198	213 
3199	118 
3200	19 
3201	255 
3202	138 
3203	206 
3204	201 
3205	189 
3206	10 
3207	178 
3208	31 
3209	89 
3210	116 
3211	181 
3212	110 
3213	201 
3214	57 
3215	183 
3216	167 
3217	12 
3218	235 
3219	166 
3220	78 
3221	15 
3222	63 
3223	169 
3224	138 
3225	248 
3226	163 
3227	112 
3228	71 
3229	63 
3230	220 
3231	34 
3232	94 
3233	213 
3234	30 
3235	195 
3236	94 
3237	213 
3238	124 
3239	215 
3240	101 
3241	171 
3242	177 
3243	204 
3244	74 
3245	110 
3246	178 
3247	222 
3248	159 
3249	210 
3250	174 
3251	169 
3252	262 
3253	135 
3254	212 
3255	74 
3256	46 
3257	68 
3258	97 
3259	49 
3260	70 
3261	7 
3262	121 
3263	71 
3264	162 
3265	248 
3266	141 
3267	236 
3268	143 
3269	168 
3270	35 
3271	146 
3272	64 
3273	5 
3274	165 
3275	196 
3276	129 
3277	169 
3278	109 
3279	149 
3280	187 
3281	186 
3282	109 
3283	6 
3284	242 
3285	255 
3286	4 
3287	235 
3288	240 
3289	59 
3290	192 
3291	61 
3292	31 
3293	201 
3294	246 
3295	200 
3296	42 
3297	153 
3298	256 
3299	258 
3300	241 
3301	15 
3302	68 
3303	258 
3304	85 
3305	223 
3306	87 
3307	177 
3308	62 
3309	203 
3310	120 
3311	215 
3312	13 
3313	36 
3314	62 
3315	76 
3316	85 
3317	60 
3318	35 
3319	240 
3320	251 
3321	67 
3322	1 
3323	177 
3324	226 
3325	86 
3326	181 
3327	52 
3328	257 
3329	13 
3330	154 
3331	166 
3332	204 
3333	84 
3334	110 
3335	264 
3336	148 
3337	144 
3338	243 
3339	169 
3340	31 
3341	8 
3342	95 
3343	252 
3344	38 
3345	243 
3346	4 
3347	154 
3348	217 
3349	160 
3350	206 
3351	14 
3352	115 
3353	112 
3354	246 
3355	36 
3356	5 
3357	193 
3358	15 
3359	157 
3360	119 
3361	50 
3362	13 
3363	235 
3364	199 
3365	118 
3366	246 
3367	236 
3368	264 
3369	219 
3370	12 
3371	191 
3372	11 
3373	49 
3374	245 
3375	230 
3376	60 
3377	167 
3378	49 
3379	226 
3380	122 
3381	76 
3382	132 
3383	13 
3384	216 
3385	60 
3386	221 
3387	153 
3388	92 
3389	154 
3390	92 
3391	259 
3392	127 
3393	256 
3394	116 
3395	118 
3396	17 
3397	128 
3398	206 
3399	75 
3400	151 
3401	93 
3402	168 
3403	140 
3404	187 
3405	219 
3406	30 
3407	18 
3408	211 
3409	76 
3410	150 
3411	227 
3412	41 
3413	247 
3414	227 
3415	35 
3416	179 
3417	3 
3418	176 
3419	212 
3420	243 
3421	150 
3422	162 
3423	116 
3424	106 
3425	229 
3426	108 
3427	96 
3428	215 
3429	220 
3430	40 
3431	108 
3432	192 
3433	154 
3434	74 
3435	6 
3436	143 
3437	7 
3438	243 
3439	118 
3440	36 
3441	187 
3442	187 
3443	209 
3444	56 
3445	28 
3446	222 
3447	64 
3448	192 
3449	127 
3450	265 
3451	248 
3452	108 
3453	123 
3454	19 
3455	174 
3456	142 
3457	44 
3458	226 
3459	47 
3460	149 
3461	177 
3462	22 
3463	201 
3464	30 
3465	191 
3466	109 
3467	225 
3468	46 
3469	259 
3470	196 
3471	84 
3472	73 
3473	26 
3474	217 
3475	204 
3476	244 
3477	4 
3478	64 
3479	35 
3480	232 
3481	123 
3482	224 
3483	68 
3484	46 
3485	250 
3486	62 
3487	16 
3488	253 
3489	196 
3490	246 
3491	4 
3492	152 
3493	243 
3494	128 
3495	117 
3496	80 
3497	101 
3498	121 
3499	151 
3500	60 
3501	200 
3502	103 
3503	220 
3504	116 
3505	80 
3506	24 
3507	166 
3508	212 
3509	135 
3510	122 
3511	57 
3512	45 
3513	222 
3514	226 
3515	205 
3516	247 
3517	163 
3518	22 
3519	195 
3520	207 
3521	99 
3522	180 
3523	107 
3524	198 
3525	217 
3526	138 
3527	161 
3528	235 
3529	62 
3530	71 
3531	30 
3532	60 
3533	179 
3534	124 
3535	235 
3536	194 
3537	222 
3538	28 
3539	132 
3540	56 
3541	86 
3542	129 
3543	53 
3544	255 
3545	158 
3546	54 
3547	209 
3548	214 
3549	55 
3550	200 
3551	118 
3552	243 
3553	31 
3554	177 
3555	187 
3556	111 
3557	245 
3558	41 
3559	197 
3560	101 
3561	48 
3562	245 
3563	241 
3564	107 
3565	264 
3566	23 
3567	261 
3568	58 
3569	57 
3570	259 
3571	17 
3572	35 
3573	75 
3574	264 
3575	250 
3576	129 
3577	21 
3578	142 
3579	112 
3580	182 
3581	59 
3582	245 
3583	192 
3584	74 
3585	71 
3586	85 
3587	62 
3588	66 
3589	236 
3590	147 
3591	205 
3592	171 
3593	112 
3594	14 
3595	238 
3596	93 
3597	166 
3598	100 
3599	185 
3600	101 
3601	11 
3602	181 
3603	56 
3604	54 
3605	163 
3606	221 
3607	14 
3608	199 
3609	206 
3610	64 
3611	8 
3612	116 
3613	4 
3614	164 
3615	153 
3616	18 
3617	18 
3618	262 
3619	24 
3620	116 
3621	175 
3622	248 
3623	42 
3624	228 
3625	240 
3626	35 
3627	169 
3628	56 
3629	227 
3630	236 
3631	200 
3632	106 
3633	9 
3634	265 
3635	257 
3636	82 
3637	48 
3638	5 
3639	240 
3640	137 
3641	27 
3642	50 
3643	74 
3644	132 
3645	27 
3646	61 
3647	182 
3648	157 
3649	224 
3650	57 
3651	108 
3652	6 
3653	137 
3654	190 
3655	252 
3656	253 
3657	141 
3658	62 
3659	197 
3660	144 
3661	44 
3662	15 
3663	162 
3664	10 
3665	152 
3666	147 
3667	80 
3668	199 
3669	137 
3670	52 
3671	169 
3672	25 
3673	29 
3674	177 
3675	49 
3676	62 
3677	149 
3678	133 
3679	192 
3680	256 
3681	114 
3682	137 
3683	49 
3684	209 
3685	11 
3686	173 
3687	119 
3688	239 
3689	40 
3690	265 
3691	263 
3692	188 
3693	27 
3694	99 
3695	175 
3696	93 
3697	192 
3698	237 
3699	149 
3700	221 
3701	132 
3702	247 
3703	118 
3704	12 
3705	262 
3706	106 
3707	112 
3708	130 
3709	95 
3710	35 
3711	193 
3712	24 
3713	142 
3714	157 
3715	73 
3716	2 
3717	122 
3718	24 
3719	146 
3720	101 
3721	251 
3722	105 
3723	128 
3724	4 
3725	13 
3726	193 
3727	203 
3728	223 
3729	100 
3730	8 
3731	65 
3732	255 
3733	200 
3734	203 
3735	106 
3736	99 
3737	215 
3738	104 
3739	199 
3740	220 
3741	32 
3742	131 
3743	51 
3744	80 
3745	158 
3746	256 
3747	168 
3748	217 
3749	235 
3750	103 
3751	74 
3752	68 
3753	207 
3754	5 
3755	176 
3756	260 
3757	38 
3758	214 
3759	6 
3760	262 
3761	175 
3762	142 
3763	91 
3764	170 
3765	82 
3766	176 
3767	37 
3768	19 
3769	6 
3770	55 
3771	175 
3772	148 
3773	91 
3774	251 
3775	57 
3776	264 
3777	12 
3778	96 
3779	217 
3780	1 
3781	55 
3782	210 
3783	251 
3784	64 
3785	212 
3786	155 
3787	241 
3788	262 
3789	181 
3790	233 
3791	60 
3792	212 
3793	27 
3794	171 
3795	108 
3796	40 
3797	222 
3798	185 
3799	264 
3800	99 
3801	165 
3802	203 
3803	222 
3804	213 
3805	25 
3806	161 
3807	33 
3808	35 
3809	87 
3810	140 
3811	265 
3812	208 
3813	231 
3814	105 
3815	250 
3816	137 
3817	173 
3818	100 
3819	236 
3820	102 
3821	152 
3822	182 
3823	156 
3824	103 
3825	48 
3826	261 
3827	183 
3828	194 
3829	229 
3830	56 
3831	132 
3832	124 
3833	112 
3834	184 
3835	181 
3836	106 
3837	157 
3838	187 
3839	48 
3840	138 
3841	194 
3842	14 
3843	153 
3844	227 
3845	256 
3846	217 
3847	128 
3848	228 
3849	56 
3850	240 
3851	132 
3852	104 
3853	264 
3854	187 
3855	175 
3856	35 
3857	140 
3858	218 
3859	150 
3860	137 
3861	123 
3862	231 
3863	216 
3864	188 
3865	246 
3866	132 
3867	6 
3868	194 
3869	49 
3870	199 
3871	49 
3872	15 
3873	6 
3874	112 
3875	174 
3876	158 
3877	10 
3878	237 
3879	187 
3880	190 
3881	1 
3882	24 
3883	116 
3884	258 
3885	49 
3886	2 
3887	202 
3888	7 
3889	190 
3890	34 
3891	191 
3892	236 
3893	153 
3894	233 
3895	180 
3896	162 
3897	254 
3898	132 
3899	210 
3900	11 
3901	46 
3902	245 
3903	82 
3904	166 
3905	195 
3906	196 
3907	27 
3908	97 
3909	17 
3910	121 
3911	110 
3912	74 
3913	93 
3914	265 
3915	125 
3916	79 
3917	57 
3918	85 
3919	48 
3920	189 
3921	175 
3922	183 
3923	231 
3924	201 
3925	45 
3926	56 
3927	178 
3928	32 
3929	148 
3930	85 
3931	237 
3932	87 
3933	202 
3934	143 
3935	111 
3936	102 
3937	24 
3938	90 
3939	233 
3940	196 
3941	236 
3942	113 
3943	150 
3944	214 
3945	14 
3946	206 
3947	115 
3948	206 
3949	212 
3950	96 
3951	71 
3952	157 
3953	191 
3954	34 
3955	96 
3956	104 
3957	26 
3958	74 
3959	63 
3960	259 
3961	87 
3962	166 
3963	49 
3964	71 
3965	17 
3966	56 
3967	230 
3968	107 
3969	158 
3970	183 
3971	147 
3972	116 
3973	256 
3974	158 
3975	214 
3976	228 
3977	260 
3978	248 
3979	16 
3980	132 
3981	2 
3982	250 
3983	210 
3984	3 
3985	50 
3986	101 
3987	87 
3988	95 
3989	17 
3990	35 
3991	94 
3992	192 
3993	3 
3994	60 
3995	181 
3996	196 
3997	60 
3998	43 
3999	156 
4000	21 
4001	186 
4002	36 
4003	17 
4004	166 
4005	103 
4006	236 
4007	18 
4008	38 
4009	125 
4010	23 
4011	187 
4012	17 
4013	94 
4014	216 
4015	112 
4016	60 
4017	21 
4018	181 
4019	160 
4020	108 
4021	212 
4022	214 
4023	114 
4024	193 
4025	186 
4026	99 
4027	15 
4028	12 
4029	187 
4030	71 
4031	151 
4032	5 
4033	82 
4034	248 
4035	258 
4036	15 
4037	165 
4038	98 
4039	8 
4040	22 
4041	33 
4042	237 
4043	12 
4044	209 
4045	192 
4046	129 
4047	62 
4048	261 
4049	34 
4050	236 
4051	236 
4052	31 
4053	200 
4054	39 
4055	157 
4056	74 
4057	236 
4058	218 
4059	11 
4060	96 
4061	134 
4062	115 
4063	198 
4064	42 
4065	152 
4066	133 
4067	59 
4068	50 
4069	81 
4070	106 
4071	36 
4072	168 
4073	3 
4074	179 
4075	119 
4076	1 
4077	127 
4078	112 
4079	261 
4080	200 
4081	244 
4082	151 
4083	224 
4084	212 
4085	167 
4086	196 
4087	62 
4088	248 
4089	214 
4090	123 
4091	52 
4092	80 
4093	101 
4094	35 
4095	56 
4096	18 
4097	265 
4098	214 
4099	152 
4100	254 
4101	157 
4102	95 
4103	127 
4104	1 
4105	67 
4106	34 
4107	112 
4108	132 
4109	218 
4110	248 
4111	66 
4112	205 
4113	205 
4114	3 
4115	94 
4116	263 
4117	212 
4118	237 
4119	208 
4120	255 
4121	216 
4122	142 
4123	206 
4124	74 
4125	83 
4126	192 
4127	87 
4128	248 
4129	161 
4130	99 
4131	105 
4132	114 
4133	256 
4134	12 
4135	213 
4136	99 
4137	170 
4138	130 
4139	19 
4140	232 
4141	56 
4142	62 
4143	171 
4144	253 
4145	6 
4146	127 
4147	57 
4148	171 
4149	117 
4150	3 
4151	187 
4152	230 
4153	153 
4154	241 
4155	43 
4156	73 
4157	192 
4158	48 
4159	145 
4160	43 
4161	255 
4162	172 
4163	66 
4164	164 
4165	20 
4166	243 
4167	245 
4168	69 
4169	236 
4170	167 
4171	184 
4172	211 
4173	18 
4174	261 
4175	186 
4176	76 
4177	117 
4178	83 
4179	216 
4180	157 
4181	94 
4182	228 
4183	193 
4184	169 
4185	8 
4186	95 
4187	38 
4188	132 
4189	111 
4190	243 
4191	236 
4192	15 
4193	155 
4194	30 
4195	168 
4196	205 
4197	255 
4198	67 
4199	95 
4200	226 
4201	168 
4202	249 
4203	247 
4204	114 
4205	116 
4206	49 
4207	23 
4208	43 
4209	40 
4210	236 
4211	100 
4212	38 
4213	152 
4214	44 
4215	181 
4216	155 
4217	118 
4218	195 
4219	102 
4220	79 
4221	197 
4222	140 
4223	240 
4224	104 
4225	1 
4226	191 
4227	127 
4228	129 
4229	108 
4230	38 
4231	86 
4232	34 
4233	29 
4234	50 
4235	238 
4236	64 
4237	236 
4238	186 
4239	183 
4240	264 
4241	81 
4242	35 
4243	205 
4244	141 
4245	143 
4246	47 
4247	205 
4248	262 
4249	245 
4250	24 
4251	130 
4252	137 
4253	60 
4254	247 
4255	191 
4256	25 
4257	35 
4258	57 
4259	80 
4260	88 
4261	107 
4262	168 
4263	55 
4264	10 
4265	244 
4266	196 
4267	158 
4268	144 
4269	212 
4270	49 
4271	236 
4272	17 
4273	128 
4274	6 
4275	228 
4276	255 
4277	79 
4278	126 
4279	104 
4280	221 
4281	128 
4282	19 
4283	169 
4284	15 
4285	235 
4286	17 
4287	123 
4288	45 
4289	142 
4290	265 
4291	256 
4292	155 
4293	39 
4294	201 
4295	35 
4296	5 
4297	12 
4298	225 
4299	255 
4300	48 
4301	112 
4302	101 
4303	138 
4304	212 
4305	212 
4306	113 
4307	17 
4308	99 
4309	74 
4310	100 
4311	142 
4312	129 
4313	51 
4314	232 
4315	11 
4316	105 
4317	256 
4318	204 
4319	235 
4320	136 
4321	222 
4322	256 
4323	104 
4324	258 
4325	95 
4326	84 
4327	60 
4328	214 
4329	56 
4330	77 
4331	67 
4332	186 
4333	159 
4334	137 
4335	46 
4336	29 
4337	192 
4338	7 
4339	97 
4340	62 
4341	205 
4342	230 
4343	196 
4344	103 
4345	8 
4346	105 
4347	74 
4348	92 
4349	132 
4350	215 
4351	38 
4352	35 
4353	152 
4354	231 
4355	169 
4356	164 
4357	101 
4358	179 
4359	17 
4360	45 
4361	238 
4362	212 
4363	181 
4364	206 
4365	32 
4366	140 
4367	238 
4368	101 
4369	187 
4370	27 
4371	154 
4372	228 
4373	162 
4374	33 
4375	1 
4376	226 
4377	260 
4378	133 
4379	112 
4380	152 
4381	102 
4382	182 
4383	264 
4384	145 
4385	228 
4386	256 
4387	23 
4388	133 
4389	12 
4390	68 
4391	43 
4392	208 
4393	108 
4394	56 
4395	205 
4396	252 
4397	101 
4398	74 
4399	146 
4400	49 
4401	60 
4402	169 
4403	17 
4404	197 
4405	130 
4406	7 
4407	119 
4408	3 
4409	19 
4410	144 
4411	101 
4412	89 
4413	116 
4414	59 
4415	263 
4416	19 
4417	200 
4418	182 
4419	122 
4420	197 
4421	214 
4422	251 
4423	207 
4424	57 
4425	145 
4426	57 
4427	115 
4428	167 
4429	113 
4430	76 
4431	248 
4432	202 
4433	77 
4434	140 
4435	15 
4436	106 
4437	242 
4438	18 
4439	261 
4440	147 
4441	24 
4442	261 
4443	19 
4444	251 
4445	180 
4446	49 
4447	112 
4448	238 
4449	35 
4450	181 
4451	240 
4452	133 
4453	252 
4454	60 
4455	179 
4456	247 
4457	226 
4458	169 
4459	194 
4460	224 
4461	248 
4462	181 
4463	251 
4464	172 
4465	112 
4466	181 
4467	49 
4468	94 
4469	110 
4470	194 
4471	147 
4472	191 
4473	227 
4474	80 
4475	83 
4476	234 
4477	235 
4478	178 
4479	258 
4480	106 
4481	130 
4482	9 
4483	157 
4484	201 
4485	120 
4486	146 
4487	32 
4488	259 
4489	123 
4490	188 
4491	164 
4492	74 
4493	18 
4494	251 
4495	193 
4496	120 
4497	264 
4498	207 
4499	169 
4500	12 
4501	80 
4502	190 
4503	27 
4504	174 
4505	151 
4506	71 
4507	171 
4508	79 
4509	222 
4510	45 
4511	40 
4512	189 
4513	151 
4514	37 
4515	181 
4516	239 
4517	156 
4518	235 
4519	61 
4520	114 
4521	80 
4522	112 
4523	104 
4524	189 
4525	31 
4526	16 
4527	112 
4528	116 
4529	93 
4530	224 
4531	265 
4532	212 
4533	133 
4534	132 
4535	39 
4536	216 
4537	132 
4538	200 
4539	99 
4540	31 
4541	123 
4542	236 
4543	94 
4544	113 
4545	39 
4546	117 
4547	168 
4548	62 
4549	108 
4550	264 
4551	143 
4552	67 
4553	248 
4554	115 
4555	205 
4556	213 
4557	54 
4558	253 
4559	7 
4560	109 
4561	138 
4562	233 
4563	216 
4564	164 
4565	200 
4566	29 
4567	24 
4568	73 
4569	30 
4570	262 
4571	132 
4572	114 
4573	56 
4574	170 
4575	255 
4576	180 
4577	259 
4578	69 
4579	5 
4580	3 
4581	212 
4582	40 
4583	138 
4584	92 
4585	243 
4586	119 
4587	94 
4588	196 
4589	241 
4590	169 
4591	92 
4592	245 
4593	139 
4594	25 
4595	81 
4596	249 
4597	37 
4598	44 
4599	19 
4600	100 
4601	213 
4602	61 
4603	16 
4604	44 
4605	207 
4606	192 
4607	29 
4608	90 
4609	255 
4610	135 
4611	133 
4612	239 
4613	217 
4614	1 
4615	255 
4616	81 
4617	206 
4618	71 
4619	65 
4620	244 
4621	118 
4622	264 
4623	66 
4624	132 
4625	21 
4626	197 
4627	99 
4628	100 
4629	185 
4630	39 
4631	261 
4632	154 
4633	12 
4634	215 
4635	195 
4636	214 
4637	19 
4638	217 
4639	255 
4640	118 
4641	36 
4642	50 
4643	98 
4644	60 
4645	30 
4646	40 
4647	237 
4648	30 
4649	127 
4650	80 
4651	49 
4652	35 
4653	212 
4654	131 
4655	45 
4656	78 
4657	262 
4658	24 
4659	29 
4660	163 
4661	59 
4662	198 
4663	138 
4664	35 
4665	68 
4666	93 
4667	138 
4668	27 
4669	233 
4670	89 
4671	204 
4672	194 
4673	178 
4674	214 
4675	223 
4676	108 
4677	29 
4678	139 
4679	204 
4680	61 
4681	226 
4682	23 
4683	74 
4684	150 
4685	112 
4686	237 
4687	60 
4688	112 
4689	240 
4690	227 
4691	108 
4692	59 
4693	35 
4694	247 
4695	53 
4696	80 
4697	129 
4698	86 
4699	74 
4700	153 
4701	247 
4702	169 
4703	116 
4704	200 
4705	80 
4706	240 
4707	122 
4708	121 
4709	112 
4710	38 
4711	243 
4712	165 
4713	208 
4714	113 
4715	184 
4716	244 
4717	213 
4718	170 
4719	71 
4720	171 
4721	223 
4722	159 
4723	71 
4724	258 
4725	237 
4726	177 
4727	217 
4728	186 
4729	15 
4730	88 
4731	214 
4732	127 
4733	71 
4734	148 
4735	167 
4736	137 
4737	27 
4738	96 
4739	217 
4740	189 
4741	111 
4742	90 
4743	62 
4744	101 
4745	14 
4746	88 
4747	255 
4748	187 
4749	153 
4750	80 
4751	158 
4752	230 
4753	149 
4754	172 
4755	212 
4756	34 
4757	38 
4758	111 
4759	56 
4760	181 
4761	235 
4762	118 
4763	198 
4764	71 
4765	19 
4766	99 
4767	263 
4768	243 
4769	240 
4770	254 
4771	258 
4772	214 
4773	149 
4774	226 
4775	46 
4776	151 
4777	51 
4778	216 
4779	236 
4780	237 
4781	31 
4782	169 
4783	251 
4784	15 
4785	65 
4786	46 
4787	67 
4788	62 
4789	109 
4790	261 
4791	215 
4792	110 
4793	157 
4794	216 
4795	86 
4796	152 
4797	166 
4798	109 
4799	61 
4800	172 
4801	123 
4802	224 
4803	73 
4804	184 
4805	135 
4806	19 
4807	112 
4808	70 
4809	38 
4810	233 
4811	255 
4812	160 
4813	101 
4814	160 
4815	207 
4816	161 
4817	260 
4818	41 
4819	42 
4820	74 
4821	115 
4822	245 
4823	164 
4824	240 
4825	236 
4826	53 
4827	207 
4828	135 
4829	243 
4830	204 
4831	15 
4832	226 
4833	24 
4834	107 
4835	138 
4836	252 
4837	86 
4838	181 
4839	206 
4840	63 
4841	177 
4842	130 
4843	234 
4844	230 
4845	59 
4846	81 
4847	116 
4848	263 
4849	134 
4850	226 
4851	55 
4852	66 
4853	152 
4854	238 
4855	264 
4856	43 
4857	93 
4858	9 
4859	216 
4860	9 
4861	222 
4862	31 
4863	255 
4864	218 
4865	206 
4866	40 
4867	237 
4868	217 
4869	111 
4870	56 
4871	80 
4872	191 
4873	214 
4874	8 
4875	133 
4876	158 
4877	5 
4878	182 
4879	253 
4880	104 
4881	264 
4882	93 
4883	116 
4884	194 
4885	23 
4886	259 
4887	14 
4888	164 
4889	200 
4890	2 
4891	226 
4892	181 
4893	246 
4894	240 
4895	133 
4896	75 
4897	35 
4898	146 
4899	93 
4900	235 
4901	86 
4902	186 
4903	169 
4904	56 
4905	181 
4906	130 
4907	47 
4908	137 
4909	17 
4910	264 
4911	111 
4912	260 
4913	49 
4914	244 
4915	35 
4916	193 
4917	30 
4918	179 
4919	245 
4920	115 
4921	70 
4922	149 
4923	71 
4924	207 
4925	208 
4926	64 
4927	96 
4928	191 
4929	24 
4930	41 
4931	103 
4932	102 
4933	255 
4934	218 
4935	213 
4936	65 
4937	179 
4938	115 
4939	153 
4940	74 
4941	125 
4942	214 
4943	95 
4944	240 
4945	265 
4946	240 
4947	208 
4948	159 
4949	264 
4950	18 
4951	68 
4952	53 
4953	240 
4954	88 
4955	239 
4956	132 
4957	104 
4958	31 
4959	15 
4960	234 
4961	174 
4962	57 
4963	181 
4964	226 
4965	8 
4966	131 
4967	43 
4968	186 
4969	181 
4970	171 
4971	144 
4972	157 
4973	213 
4974	122 
4975	40 
4976	243 
4977	177 
4978	68 
4979	150 
4980	61 
4981	194 
4982	263 
4983	137 
4984	100 
4985	133 
4986	164 
4987	207 
4988	30 
4989	57 
4990	196 
4991	257 
4992	213 
4993	148 
4994	260 
4995	36 
4996	43 
4997	108 
4998	214 
4999	247 
5000	166 
5001	93 
5002	128 
5003	235 
5004	176 
5005	177 
5006	186 
5007	240 
5008	200 
5009	58 
5010	129 
5011	110 
5012	124 
5013	74 
5014	119 
5015	131 
5016	223 
5017	72 
5018	25 
5019	198 
5020	179 
5021	171 
5022	108 
5023	24 
5024	32 
5025	101 
5026	257 
5027	81 
5028	200 
5029	74 
5030	204 
5031	96 
5032	180 
5033	260 
5034	183 
5035	146 
5036	240 
5037	68 
5038	61 
5039	264 
5040	45 
5041	138 
5042	68 
5043	67 
5044	262 
5045	12 
5046	175 
5047	135 
5048	20 
5049	140 
5050	134 
5051	220 
5052	187 
5053	230 
5054	250 
5055	218 
5056	115 
5057	65 
5058	136 
5059	68 
5060	224 
5061	100 
5062	200 
5063	157 
5064	96 
5065	248 
5066	248 
5067	67 
5068	149 
5069	43 
5070	196 
5071	243 
5072	215 
5073	10 
5074	248 
5075	239 
5076	217 
5077	4 
5078	255 
5079	17 
5080	96 
5081	232 
5082	187 
5083	81 
5084	189 
5085	214 
5086	227 
5087	139 
5088	167 
5089	56 
5090	58 
5091	97 
5092	184 
5093	232 
5094	35 
5095	110 
5096	108 
5097	194 
5098	264 
5099	166 
5100	207 
5101	240 
5102	214 
5103	110 
5104	100 
5105	146 
5106	12 
5107	258 
5108	222 
5109	5 
5110	101 
5111	153 
5112	157 
5113	252 
5114	149 
5115	137 
5116	45 
5117	185 
5118	163 
5119	256 
5120	198 
5121	20 
5122	157 
5123	2 
5124	51 
5125	257 
5126	9 
5127	27 
5128	176 
5129	75 
5130	65 
5131	81 
5132	71 
5133	207 
5134	35 
5135	35 
5136	90 
5137	138 
5138	112 
5139	88 
5140	171 
5141	54 
5142	122 
5143	12 
5144	248 
5145	109 
5146	242 
5147	258 
5148	142 
5149	117 
5150	180 
5151	250 
5152	76 
5153	103 
5154	27 
5155	115 
5156	82 
5157	60 
5158	232 
5159	61 
5160	159 
5161	152 
5162	99 
5163	126 
5164	118 
5165	244 
5166	49 
5167	19 
5168	108 
5169	98 
5170	192 
5171	48 
5172	176 
5173	80 
5174	156 
5175	58 
5176	50 
5177	108 
5178	238 
5179	170 
5180	103 
5181	178 
5182	19 
5183	62 
5184	139 
5185	118 
5186	116 
5187	46 
5188	250 
5189	228 
5190	207 
5191	70 
5192	223 
5193	7 
5194	80 
5195	35 
5196	109 
5197	153 
5198	202 
5199	1 
5200	49 
5201	124 
5202	142 
5203	261 
5204	78 
5205	74 
5206	151 
5207	4 
5208	20 
5209	228 
5210	24 
5211	109 
5212	129 
5213	7 
5214	237 
5215	3 
5216	5 
5217	192 
5218	153 
5219	237 
5220	61 
5221	154 
5222	61 
5223	155 
5224	112 
5225	235 
5226	259 
5227	81 
5228	264 
5229	178 
5230	51 
5231	248 
5232	215 
5233	1 
5234	259 
5235	201 
5236	120 
5237	261 
5238	95 
5239	128 
5240	6 
5241	217 
5242	243 
5243	34 
5244	51 
5245	85 
5246	228 
5247	253 
5248	262 
5249	27 
5250	213 
5251	1 
5252	68 
5253	243 
5254	192 
5255	214 
5256	115 
5257	261 
5258	17 
5259	161 
5260	55 
5261	34 
5262	228 
5263	12 
5264	169 
5265	3 
5266	122 
5267	246 
5268	178 
5269	35 
5270	89 
5271	169 
5272	49 
5273	55 
5274	259 
5275	137 
5276	90 
5277	99 
5278	183 
5279	124 
5280	175 
5281	177 
5282	3 
5283	200 
5284	132 
5285	123 
5286	19 
5287	80 
5288	26 
5289	14 
5290	31 
5291	222 
5292	240 
5293	137 
5294	164 
5295	159 
5296	163 
5297	137 
5298	83 
5299	116 
5300	230 
5301	132 
5302	16 
5303	258 
5304	194 
5305	262 
5306	100 
5307	218 
5308	212 
5309	214 
5310	57 
5311	234 
5312	93 
5313	27 
5314	262 
5315	169 
5316	217 
5317	113 
5318	159 
5319	37 
5320	180 
5321	223 
5322	31 
5323	121 
5324	216 
5325	232 
5326	101 
5327	184 
5328	171 
5329	155 
5330	192 
5331	212 
5332	243 
5333	3 
5334	85 
5335	228 
5336	24 
5337	137 
5338	95 
5339	135 
5340	3 
5341	153 
5342	90 
5343	237 
5344	30 
5345	187 
5346	155 
5347	163 
5348	59 
5349	121 
5350	139 
5351	252 
5352	139 
5353	169 
5354	104 
5355	235 
5356	34 
5357	226 
5358	179 
5359	215 
5360	43 
5361	152 
5362	147 
5363	131 
5364	82 
5365	237 
5366	132 
5367	171 
5368	152 
5369	168 
5370	261 
5371	99 
5372	20 
5373	132 
5374	108 
5375	43 
5376	85 
5377	216 
5378	217 
5379	19 
5380	235 
5381	98 
5382	135 
5383	72 
5384	264 
5385	216 
5386	186 
5387	17 
5388	6 
5389	213 
5390	255 
5391	79 
5392	255 
5393	239 
5394	152 
5395	249 
5396	67 
5397	116 
5398	76 
5399	73 
5400	146 
5401	20 
5402	74 
5403	78 
5404	257 
5405	62 
5406	235 
5407	191 
5408	212 
5409	142 
5410	129 
5411	247 
5412	187 
5413	216 
5414	165 
5415	85 
5416	157 
5417	72 
5418	172 
5419	237 
5420	248 
5421	187 
5422	58 
5423	101 
5424	125 
5425	224 
5426	246 
5427	66 
5428	248 
5429	61 
5430	236 
5431	191 
5432	122 
5433	67 
5434	146 
5435	159 
5436	250 
5437	227 
5438	220 
5439	261 
5440	154 
5441	134 
5442	130 
5443	40 
5444	212 
5445	80 
5446	176 
5447	232 
5448	136 
5449	30 
5450	83 
5451	112 
5452	15 
5453	227 
5454	174 
5455	236 
5456	184 
5457	263 
5458	264 
5459	164 
5460	243 
5461	153 
5462	171 
5463	134 
5464	191 
5465	255 
5466	159 
5467	83 
5468	196 
5469	118 
5470	95 
5471	218 
5472	39 
5473	171 
5474	240 
5475	189 
5476	187 
5477	240 
5478	27 
5479	30 
5480	108 
5481	85 
5482	82 
5483	168 
5484	140 
5485	4 
5486	191 
5487	259 
5488	263 
5489	27 
5490	261 
5491	107 
5492	38 
5493	243 
5494	95 
5495	8 
5496	256 
5497	263 
5498	164 
5499	223 
5500	49 
5501	171 
5502	37 
5503	240 
5504	184 
5505	114 
5506	249 
5507	108 
5508	261 
5509	86 
5510	214 
5511	123 
5512	156 
5513	49 
5514	68 
5515	175 
5516	180 
5517	157 
5518	240 
5519	73 
5520	19 
5521	248 
5522	110 
5523	214 
5524	214 
5525	240 
5526	15 
5527	169 
5528	265 
5529	216 
5530	160 
5531	243 
5532	104 
5533	74 
5534	181 
5535	236 
5536	163 
5537	171 
5538	105 
5539	34 
5540	105 
5541	34 
5542	35 
5543	246 
5544	184 
5545	179 
5546	252 
5547	179 
5548	118 
5549	133 
5550	206 
5551	9 
5552	215 
5553	240 
5554	40 
5555	39 
5556	9 
5557	58 
5558	18 
5559	108 
5560	124 
5561	86 
5562	184 
5563	4 
5564	114 
5565	67 
5566	214 
5567	237 
5568	157 
5569	127 
5570	260 
5571	18 
5572	138 
5573	118 
5574	85 
5575	189 
5576	241 
5577	26 
5578	51 
5579	128 
5580	112 
5581	245 
5582	133 
5583	142 
5584	244 
5585	56 
5586	83 
5587	172 
5588	76 
5589	129 
5590	115 
5591	233 
5592	255 
5593	183 
5594	233 
5595	217 
5596	80 
5597	186 
5598	158 
5599	208 
5600	35 
5601	40 
5602	207 
5603	44 
5604	112 
5605	221 
5606	45 
5607	264 
5608	248 
5609	6 
5610	214 
5611	66 
5612	165 
5613	258 
5614	192 
5615	49 
5616	76 
5617	124 
5618	29 
5619	248 
5620	97 
5621	19 
5622	4 
5623	247 
5624	48 
5625	263 
5626	157 
5627	174 
5628	131 
5629	149 
5630	99 
5631	161 
5632	168 
5633	161 
5634	12 
5635	213 
5636	101 
5637	75 
5638	12 
5639	255 
5640	161 
5641	70 
5642	5 
5643	172 
5644	213 
5645	240 
5646	160 
5647	83 
5648	135 
5649	25 
5650	137 
5651	46 
5652	98 
5653	17 
5654	46 
5655	127 
5656	86 
5657	38 
5658	193 
5659	14 
5660	28 
5661	157 
5662	191 
5663	9 
5664	137 
5665	122 
5666	172 
5667	65 
5668	40 
5669	14 
5670	67 
5671	119 
5672	244 
5673	230 
5674	183 
5675	108 
5676	176 
5677	35 
5678	177 
5679	31 
5680	97 
5681	175 
5682	59 
5683	54 
5684	23 
5685	176 
5686	77 
5687	233 
5688	186 
5689	25 
5690	200 
5691	179 
5692	116 
5693	181 
5694	86 
5695	182 
5696	152 
5697	17 
5698	36 
5699	193 
5700	115 
5701	99 
5702	241 
5703	27 
5704	198 
5705	184 
5706	204 
5707	84 
5708	62 
5709	4 
5710	194 
5711	71 
5712	255 
5713	149 
5714	205 
5715	78 
5716	126 
5717	183 
5718	223 
5719	193 
5720	68 
5721	7 
5722	99 
5723	5 
5724	3 
5725	201 
5726	26 
5727	135 
5728	217 
5729	237 
5730	83 
5731	68 
5732	248 
5733	262 
5734	39 
5735	181 
5736	151 
5737	152 
5738	24 
5739	164 
5740	78 
5741	60 
5742	4 
5743	112 
5744	55 
5745	38 
5746	80 
5747	247 
5748	262 
5749	81 
5750	251 
5751	255 
5752	213 
5753	40 
5754	235 
5755	65 
5756	14 
5757	214 
5758	261 
5759	249 
5760	153 
5761	216 
5762	104 
5763	12 
5764	184 
5765	239 
5766	60 
5767	43 
5768	122 
5769	16 
5770	207 
5771	138 
5772	25 
5773	180 
5774	70 
5775	30 
5776	101 
5777	248 
5778	152 
5779	216 
5780	240 
5781	92 
5782	262 
5783	100 
5784	60 
5785	259 
5786	137 
5787	133 
5788	215 
5789	239 
5790	59 
5791	92 
5792	227 
5793	125 
5794	226 
5795	106 
5796	1 
5797	200 
5798	72 
5799	12 
5800	184 
5801	108 
5802	214 
5803	157 
5804	90 
5805	158 
5806	171 
5807	74 
5808	107 
5809	100 
5810	214 
5811	99 
5812	127 
5813	158 
5814	86 
5815	2 
5816	236 
5817	41 
5818	232 
5819	100 
5820	237 
5821	40 
5822	213 
5823	237 
5824	189 
5825	14 
5826	176 
5827	187 
5828	187 
5829	115 
5830	168 
5831	44 
5832	12 
5833	184 
5834	112 
5835	264 
5836	38 
5837	165 
5838	167 
5839	223 
5840	57 
5841	60 
5842	105 
5843	212 
5844	145 
5845	54 
5846	145 
5847	56 
5848	27 
5849	50 
5850	205 
5851	181 
5852	97 
5853	236 
5854	74 
5855	31 
5856	28 
5857	160 
5858	216 
5859	254 
5860	196 
5861	224 
5862	27 
5863	36 
5864	152 
5865	55 
5866	51 
5867	127 
5868	236 
5869	107 
5870	118 
5871	243 
5872	140 
5873	135 
5874	122 
5875	70 
5876	194 
5877	149 
5878	50 
5879	248 
5880	129 
5881	130 
5882	76 
5883	107 
5884	109 
5885	70 
5886	136 
5887	43 
5888	38 
5889	238 
5890	125 
5891	85 
5892	111 
5893	263 
5894	12 
5895	256 
5896	197 
5897	147 
5898	262 
5899	56 
5900	264 
5901	53 
5902	92 
5903	196 
5904	81 
5905	6 
5906	16 
5907	137 
5908	4 
5909	237 
5910	256 
5911	167 
5912	88 
5913	184 
5914	240 
5915	6 
5916	159 
5917	150 
5918	226 
5919	110 
5920	141 
5921	133 
5922	132 
5923	60 
5924	187 
5925	110 
5926	132 
5927	82 
5928	164 
5929	100 
5930	118 
5931	27 
5932	207 
5933	228 
5934	17 
5935	12 
5936	213 
5937	255 
5938	84 
5939	137 
5940	221 
5941	175 
5942	236 
5943	235 
5944	129 
5945	62 
5946	76 
5947	115 
5948	168 
5949	92 
5950	206 
5951	58 
5952	99 
5953	179 
5954	16 
5955	145 
5956	24 
5957	253 
5958	247 
5959	240 
5960	243 
5961	65 
5962	152 
5963	154 
5964	116 
5965	40 
5966	227 
5967	38 
5968	87 
5969	241 
5970	196 
5971	262 
5972	83 
5973	258 
5974	29 
5975	254 
5976	61 
5977	238 
5978	138 
5979	157 
5980	112 
5981	213 
5982	197 
5983	35 
5984	93 
5985	236 
5986	9 
5987	127 
5988	239 
5989	126 
5990	43 
5991	32 
5992	223 
5993	212 
5994	40 
5995	27 
5996	221 
5997	238 
5998	101 
5999	169 
6000	159 
6001	38 
6002	159 
6003	112 
6004	258 
6005	142 
6006	104 
6007	36 
6008	94 
6009	97 
6010	181 
6011	244 
6012	161 
6013	115 
6014	122 
6015	254 
6016	24 
6017	185 
6018	235 
6019	129 
6020	71 
6021	137 
6022	164 
6023	27 
6024	250 
6025	216 
6026	41 
6027	145 
6028	111 
6029	168 
6030	187 
6031	181 
6032	167 
6033	207 
6034	132 
6035	183 
6036	188 
6037	98 
6038	2 
6039	15 
6040	31 
6041	93 
6042	2 
6043	223 
6044	57 
6045	224 
6046	172 
6047	17 
6048	177 
6049	161 
6050	237 
6051	35 
6052	19 
6053	131 
6054	209 
6055	191 
6056	49 
6057	186 
6058	19 
6059	112 
6060	238 
6061	206 
6062	256 
6063	157 
6064	255 
6065	109 
6066	39 
6067	252 
6068	187 
6069	264 
6070	20 
6071	253 
6072	94 
6073	150 
6074	58 
6075	104 
6076	264 
6077	62 
6078	34 
6079	100 
6080	103 
6081	247 
6082	180 
6083	17 
6084	43 
6085	93 
6086	253 
6087	57 
6088	48 
6089	179 
6090	18 
6091	131 
6092	61 
6093	172 
6094	2 
6095	134 
6096	235 
6097	196 
6098	72 
6099	17 
6100	236 
6101	132 
6102	233 
6103	236 
6104	67 
6105	113 
6106	41 
6107	262 
6108	98 
6109	35 
6110	98 
6111	237 
6112	255 
6113	215 
6114	15 
6115	205 
6116	255 
6117	179 
6118	37 
6119	101 
6120	74 
6121	226 
6122	261 
6123	241 
6124	118 
6125	101 
6126	160 
6127	218 
6128	179 
6129	5 
6130	235 
6131	93 
6132	15 
6133	141 
6134	176 
6135	110 
6136	137 
6137	248 
6138	12 
6139	24 
6140	224 
6141	170 
6142	154 
6143	115 
6144	115 
6145	40 
6146	145 
6147	62 
6148	118 
6149	83 
6150	246 
6151	262 
6152	214 
6153	193 
6154	5 
6155	29 
6156	261 
6157	71 
6158	36 
6159	184 
6160	38 
6161	255 
6162	209 
6163	81 
6164	60 
6165	151 
6166	160 
6167	102 
6168	115 
6169	200 
6170	99 
6171	77 
6172	30 
6173	155 
6174	74 
6175	101 
6176	161 
6177	80 
6178	26 
6179	153 
6180	66 
6181	237 
6182	138 
6183	87 
6184	137 
6185	207 
6186	132 
6187	223 
6188	200 
6189	94 
6190	86 
6191	117 
6192	207 
6193	175 
6194	136 
6195	181 
6196	152 
6197	74 
6198	207 
6199	265 
6200	216 
6201	166 
6202	175 
6203	240 
6204	8 
6205	244 
6206	76 
6207	80 
6208	258 
6209	240 
6210	112 
6211	152 
6212	158 
6213	152 
6214	196 
6215	45 
6216	228 
6217	177 
6218	109 
6219	81 
6220	218 
6221	36 
6222	58 
6223	177 
6224	101 
6225	122 
6226	138 
6227	68 
6228	166 
6229	25 
6230	247 
6231	81 
6232	213 
6233	55 
6234	200 
6235	215 
6236	57 
6237	6 
6238	28 
6239	168 
6240	264 
6241	200 
6242	227 
6243	68 
6244	151 
6245	71 
6246	135 
6247	258 
6248	259 
6249	204 
6250	45 
6251	87 
6252	99 
6253	259 
6254	196 
6255	243 
6256	49 
6257	134 
6258	214 
6259	129 
6260	135 
6261	137 
6262	66 
6263	180 
6264	26 
6265	234 
6266	184 
6267	83 
6268	216 
6269	151 
6270	141 
6271	223 
6272	226 
6273	183 
6274	159 
6275	105 
6276	215 
6277	86 
6278	128 
6279	97 
6280	122 
6281	164 
6282	46 
6283	209 
6284	122 
6285	213 
6286	8 
6287	128 
6288	154 
6289	259 
6290	217 
6291	132 
6292	243 
6293	223 
6294	80 
6295	32 
6296	228 
6297	243 
6298	236 
6299	123 
6300	114 
6301	193 
6302	255 
6303	13 
6304	107 
6305	243 
6306	204 
6307	163 
6308	196 
6309	256 
6310	216 
6311	196 
6312	227 
6313	38 
6314	67 
6315	184 
6316	51 
6317	68 
6318	17 
6319	108 
6320	87 
6321	245 
6322	31 
6323	181 
6324	104 
6325	151 
6326	168 
6327	13 
6328	103 
6329	206 
6330	109 
6331	4 
6332	153 
6333	262 
6334	186 
6335	152 
6336	99 
6337	30 
6338	256 
6339	218 
6340	93 
6341	184 
6342	35 
6343	187 
6344	74 
6345	204 
6346	175 
6347	175 
6348	46 
6349	90 
6350	206 
6351	20 
6352	122 
6353	14 
6354	51 
6355	133 
6356	35 
6357	70 
6358	88 
6359	49 
6360	99 
6361	88 
6362	126 
6363	26 
6364	226 
6365	196 
6366	111 
6367	224 
6368	93 
6369	118 
6370	38 
6371	141 
6372	57 
6373	226 
6374	49 
6375	86 
6376	20 
6377	147 
6378	200 
6379	83 
6380	133 
6381	132 
6382	206 
6383	201 
6384	17 
6385	54 
6386	77 
6387	118 
6388	77 
6389	30 
6390	153 
6391	187 
6392	264 
6393	49 
6394	13 
6395	8 
6396	72 
6397	28 
6398	194 
6399	15 
6400	49 
6401	187 
6402	207 
6403	201 
6404	215 
6405	169 
6406	100 
6407	168 
6408	131 
6409	141 
6410	144 
6411	15 
6412	14 
6413	250 
6414	28 
6415	117 
6416	15 
6417	214 
6418	36 
6419	175 
6420	192 
6421	67 
6422	34 
6423	133 
6424	116 
6425	237 
6426	34 
6427	237 
6428	131 
6429	255 
6430	248 
6431	224 
6432	259 
6433	178 
6434	134 
6435	115 
6436	56 
6437	213 
6438	187 
6439	78 
6440	200 
6441	129 
6442	49 
6443	24 
6444	259 
6445	167 
6446	34 
6447	87 
6448	207 
6449	19 
6450	180 
6451	253 
6452	174 
6453	186 
6454	59 
6455	12 
6456	92 
6457	72 
6458	38 
6459	27 
6460	2 
6461	192 
6462	85 
6463	1 
6464	133 
6465	127 
6466	77 
6467	104 
6468	6 
6469	264 
6470	46 
6471	218 
6472	57 
6473	44 
6474	76 
6475	80 
6476	193 
6477	35 
6478	24 
6479	144 
6480	133 
6481	214 
6482	87 
6483	58 
6484	62 
6485	56 
6486	102 
6487	78 
6488	169 
6489	169 
6490	17 
6491	135 
6492	248 
6493	134 
6494	111 
6495	115 
6496	168 
6497	235 
6498	5 
6499	103 
6500	180 
6501	200 
6502	30 
6503	168 
6504	65 
6505	80 
6506	238 
6507	118 
6508	134 
6509	169 
6510	138 
6511	115 
6512	32 
6513	78 
6514	221 
6515	112 
6516	264 
6517	123 
6518	155 
6519	57 
6520	209 
6521	59 
6522	192 
6523	17 
6524	160 
6525	159 
6526	227 
6527	223 
6528	235 
6529	60 
6530	92 
6531	227 
6532	40 
6533	237 
6534	254 
6535	11 
6536	192 
6537	139 
6538	100 
6539	23 
6540	105 
6541	112 
6542	99 
6543	70 
6544	60 
6545	153 
6546	48 
6547	111 
6548	51 
6549	123 
6550	142 
6551	240 
6552	90 
6553	16 
6554	215 
6555	168 
6556	159 
6557	157 
6558	197 
6559	101 
6560	165 
6561	116 
6562	212 
6563	186 
6564	255 
6565	49 
6566	44 
6567	180 
6568	186 
6569	51 
6570	178 
6571	194 
6572	215 
6573	34 
6574	163 
6575	114 
6576	240 
6577	62 
6578	262 
6579	264 
6580	113 
6581	43 
6582	240 
6583	137 
6584	102 
6585	62 
6586	41 
6587	152 
6588	216 
6589	245 
6590	201 
6591	235 
6592	254 
6593	43 
6594	265 
6595	32 
6596	118 
6597	133 
6598	56 
6599	4 
6600	4 
6601	168 
6602	184 
6603	77 
6604	99 
6605	53 
6606	139 
6607	184 
6608	87 
6609	167 
6610	156 
6611	243 
6612	74 
6613	137 
6614	154 
6615	31 
6616	163 
6617	227 
6618	3 
6619	214 
6620	74 
6621	113 
6622	194 
6623	228 
6624	48 
6625	112 
6626	256 
6627	214 
6628	5 
6629	29 
6630	38 
6631	34 
6632	29 
6633	112 
6634	145 
6635	111 
6636	116 
6637	171 
6638	187 
6639	26 
6640	137 
6641	101 
6642	11 
6643	140 
6644	103 
6645	65 
6646	192 
6647	192 
6648	167 
6649	41 
6650	264 
6651	60 
6652	236 
6653	243 
6654	223 
6655	169 
6656	59 
6657	78 
6658	200 
6659	148 
6660	109 
6661	99 
6662	3 
6663	205 
6664	159 
6665	60 
6666	191 
6667	243 
6668	128 
6669	258 
6670	38 
6671	217 
6672	68 
6673	25 
6674	44 
6675	264 
6676	29 
6677	41 
6678	30 
6679	187 
6680	41 
6681	118 
6682	6 
6683	6 
6684	215 
6685	240 
6686	78 
6687	111 
6688	248 
6689	50 
6690	265 
6691	248 
6692	25 
6693	95 
6694	6 
6695	48 
6696	74 
6697	111 
6698	98 
6699	167 
6700	227 
6701	194 
6702	166 
6703	112 
6704	140 
6705	133 
6706	264 
6707	189 
6708	15 
6709	132 
6710	77 
6711	236 
6712	154 
6713	57 
6714	168 
6715	158 
6716	222 
6717	141 
6718	119 
6719	27 
6720	111 
6721	255 
6722	115 
6723	235 
6724	153 
6725	70 
6726	96 
6727	102 
6728	116 
6729	261 
6730	86 
6731	50 
6732	193 
6733	163 
6734	124 
6735	99 
6736	99 
6737	85 
6738	35 
6739	164 
6740	4 
6741	74 
6742	78 
6743	56 
6744	96 
6745	213 
6746	187 
6747	17 
6748	133 
6749	32 
6750	32 
6751	213 
6752	241 
6753	180 
6754	18 
6755	215 
6756	129 
6757	46 
6758	250 
6759	5 
6760	141 
6761	223 
6762	254 
6763	236 
6764	226 
6765	93 
6766	71 
6767	147 
6768	104 
6769	111 
6770	189 
6771	255 
6772	246 
6773	17 
6774	85 
6775	112 
6776	177 
6777	44 
6778	56 
6779	200 
6780	174 
6781	197 
6782	53 
6783	101 
6784	74 
6785	163 
6786	261 
6787	35 
6788	6 
6789	240 
6790	165 
6791	221 
6792	101 
6793	236 
6794	227 
6795	214 
6796	77 
6797	27 
6798	38 
6799	96 
6800	256 
6801	238 
6802	258 
6803	222 
6804	99 
6805	93 
6806	28 
6807	3 
6808	131 
6809	115 
6810	147 
6811	172 
6812	93 
6813	163 
6814	77 
6815	100 
6816	265 
6817	214 
6818	71 
6819	237 
6820	98 
6821	25 
6822	240 
6823	114 
6824	25 
6825	264 
6826	85 
6827	66 
6828	119 
6829	106 
6830	108 
6831	13 
6832	49 
6833	216 
6834	207 
6835	155 
6836	57 
6837	133 
6838	104 
6839	175 
6840	118 
6841	58 
6842	4 
6843	177 
6844	177 
6845	108 
6846	6 
6847	132 
6848	58 
6849	24 
6850	263 
6851	240 
6852	97 
6853	71 
6854	14 
6855	167 
6856	189 
6857	24 
6858	71 
6859	251 
6860	27 
6861	35 
6862	96 
6863	265 
6864	108 
6865	43 
6866	137 
6867	193 
6868	157 
6869	15 
6870	258 
6871	74 
6872	184 
6873	147 
6874	82 
6875	14 
6876	115 
6877	83 
6878	29 
6879	178 
6880	207 
6881	189 
6882	147 
6883	213 
6884	78 
6885	192 
6886	236 
6887	207 
6888	223 
6889	6 
6890	264 
6891	223 
6892	116 
6893	227 
6894	1 
6895	66 
6896	105 
6897	108 
6898	93 
6899	28 
6900	85 
6901	159 
6902	122 
6903	142 
6904	31 
6905	65 
6906	31 
6907	110 
6908	180 
6909	264 
6910	14 
6911	101 
6912	192 
6913	32 
6914	41 
6915	80 
6916	116 
6917	261 
6918	261 
6919	68 
6920	9 
6921	86 
6922	24 
6923	19 
6924	48 
6925	157 
6926	121 
6927	107 
6928	244 
6929	214 
6930	264 
6931	250 
6932	169 
6933	187 
6934	56 
6935	16 
6936	255 
6937	34 
6938	251 
6939	207 
6940	53 
6941	17 
6942	2 
6943	251 
6944	168 
6945	113 
6946	265 
6947	12 
6948	30 
6949	103 
6950	169 
6951	191 
6952	55 
6953	111 
6954	247 
6955	200 
6956	214 
6957	237 
6958	34 
6959	24 
6960	223 
6961	154 
6962	157 
6963	83 
6964	92 
6965	261 
6966	68 
6967	20 
6968	36 
6969	11 
6970	184 
6971	34 
6972	236 
6973	256 
6974	264 
6975	81 
6976	240 
6977	60 
6978	2 
6979	119 
6980	68 
6981	76 
6982	109 
6983	108 
6984	187 
6985	18 
6986	158 
6987	71 
6988	4 
6989	207 
6990	117 
6991	41 
6992	240 
6993	223 
6994	29 
6995	193 
6996	201 
6997	80 
6998	54 
6999	177 
7000	183 
7001	31 
7002	32 
7003	61 
7004	164 
7005	212 
7006	27 
7007	99 
7008	17 
7009	56 
7010	181 
7011	167 
7012	221 
7013	40 
7014	189 
7015	248 
7016	192 
7017	261 
7018	49 
7019	138 
7020	142 
7021	45 
7022	223 
7023	29 
7024	59 
7025	152 
7026	128 
7027	145 
7028	205 
7029	28 
7030	70 
7031	20 
7032	54 
7033	101 
7034	31 
7035	132 
7036	232 
7037	35 
7038	116 
7039	118 
7040	100 
7041	71 
7042	222 
7043	115 
7044	256 
7045	68 
7046	5 
7047	92 
7048	49 
7049	139 
7050	29 
7051	49 
7052	87 
7053	171 
7054	184 
7055	101 
7056	30 
7057	34 
7058	76 
7059	5 
7060	201 
7061	92 
7062	38 
7063	35 
7064	117 
7065	223 
7066	239 
7067	66 
7068	237 
7069	174 
7070	205 
7071	8 
7072	161 
7073	7 
7074	68 
7075	27 
7076	18 
7077	152 
7078	222 
7079	177 
7080	85 
7081	123 
7082	156 
7083	186 
7084	115 
7085	248 
7086	154 
7087	71 
7088	16 
7089	255 
7090	48 
7091	76 
7092	264 
7093	98 
7094	156 
7095	57 
7096	6 
7097	186 
7098	67 
7099	77 
7100	214 
7101	48 
7102	256 
7103	27 
7104	236 
7105	222 
7106	49 
7107	191 
7108	193 
7109	60 
7110	189 
7111	215 
7112	247 
7113	36 
7114	132 
7115	196 
7116	152 
7117	20 
7118	168 
7119	127 
7120	60 
7121	87 
7122	96 
7123	248 
7124	74 
7125	13 
7126	134 
7127	18 
7128	223 
7129	248 
7130	1 
7131	241 
7132	56 
7133	111 
7134	159 
7135	236 
7136	152 
7137	114 
7138	58 
7139	137 
7140	56 
7141	81 
7142	111 
7143	16 
7144	218 
7145	6 
7146	86 
7147	236 
7148	36 
7149	5 
7150	253 
7151	228 
7152	139 
7153	254 
7154	40 
7155	67 
7156	263 
7157	237 
7158	14 
7159	139 
7160	99 
7161	186 
7162	155 
7163	88 
7164	217 
7165	236 
7166	223 
7167	99 
7168	212 
7169	85 
7170	86 
7171	93 
7172	169 
7173	180 
7174	113 
7175	237 
7176	1 
7177	56 
7178	227 
7179	138 
7180	80 
7181	180 
7182	133 
7183	253 
7184	5 
7185	137 
7186	32 
7187	166 
7188	215 
7189	118 
7190	119 
7191	132 
7192	183 
7193	34 
7194	187 
7195	237 
7196	184 
7197	194 
7198	226 
7199	238 
7200	116 
7201	4 
7202	40 
7203	119 
7204	107 
7205	12 
7206	96 
7207	248 
7208	157 
7209	236 
7210	80 
7211	141 
7212	12 
7213	53 
7214	248 
7215	235 
7216	131 
7217	214 
7218	118 
7219	100 
7220	81 
7221	205 
7222	236 
7223	123 
7224	111 
7225	48 
7226	7 
7227	154 
7228	140 
7229	96 
7230	96 
7231	9 
7232	141 
7233	151 
7234	207 
7235	15 
7236	118 
7237	152 
7238	74 
7239	13 
7240	108 
7241	71 
7242	15 
7243	200 
7244	181 
7245	255 
7246	255 
7247	24 
7248	223 
7249	192 
7250	31 
7251	193 
7252	54 
7253	113 
7254	172 
7255	48 
7256	237 
7257	215 
7258	114 
7259	25 
7260	106 
7261	126 
7262	157 
7263	31 
7264	240 
7265	218 
7266	139 
7267	6 
7268	221 
7269	41 
7270	12 
7271	223 
7272	193 
7273	137 
7274	189 
7275	200 
7276	248 
7277	54 
7278	12 
7279	15 
7280	154 
7281	25 
7282	151 
7283	153 
7284	171 
7285	196 
7286	186 
7287	109 
7288	78 
7289	254 
7290	216 
7291	118 
7292	20 
7293	201 
7294	31 
7295	100 
7296	111 
7297	1 
7298	100 
7299	65 
7300	100 
7301	15 
7302	240 
7303	161 
7304	62 
7305	260 
7306	152 
7307	121 
7308	83 
7309	112 
7310	127 
7311	56 
7312	5 
7313	159 
7314	118 
7315	192 
7316	174 
7317	247 
7318	157 
7319	80 
7320	122 
7321	74 
7322	251 
7323	60 
7324	110 
7325	24 
7326	180 
7327	80 
7328	189 
7329	61 
7330	226 
7331	201 
7332	26 
7333	27 
7334	40 
7335	100 
7336	126 
7337	140 
7338	4 
7339	180 
7340	12 
7341	14 
7342	152 
7343	114 
7344	14 
7345	40 
7346	1 
7347	216 
7348	3 
7349	108 
7350	43 
7351	35 
7352	171 
7353	172 
7354	222 
7355	261 
7356	131 
7357	106 
7358	186 
7359	1 
7360	76 
7361	192 
7362	20 
7363	24 
7364	86 
7365	6 
7366	49 
7367	92 
7368	127 
7369	74 
7370	154 
7371	153 
7372	261 
7373	122 
7374	159 
7375	80 
7376	104 
7377	123 
7378	114 
7379	214 
7380	255 
7381	250 
7382	241 
7383	264 
7384	207 
7385	92 
7386	238 
7387	1 
7388	57 
7389	58 
7390	31 
7391	55 
7392	49 
7393	153 
7394	197 
7395	262 
7396	12 
7397	31 
7398	60 
7399	176 
7400	112 
7401	1 
7402	98 
7403	236 
7404	228 
7405	175 
7406	154 
7407	115 
7408	12 
7409	139 
7410	95 
7411	240 
7412	264 
7413	248 
7414	166 
7415	54 
7416	53 
7417	62 
7418	243 
7419	101 
7420	85 
7421	18 
7422	111 
7423	34 
7424	30 
7425	205 
7426	119 
7427	6 
7428	201 
7429	83 
7430	237 
7431	67 
7432	116 
7433	207 
7434	237 
7435	55 
7436	38 
7437	192 
7438	194 
7439	99 
7440	6 
7441	184 
7442	152 
7443	96 
7444	74 
7445	71 
7446	40 
7447	176 
7448	261 
7449	106 
7450	83 
7451	171 
7452	19 
7453	6 
7454	187 
7455	7 
7456	132 
7457	262 
7458	65 
7459	117 
7460	255 
7461	24 
7462	5 
7463	80 
7464	172 
7465	49 
7466	238 
7467	165 
7468	27 
7469	49 
7470	48 
7471	158 
7472	215 
7473	248 
7474	3 
7475	92 
7476	80 
7477	196 
7478	65 
7479	35 
7480	168 
7481	126 
7482	217 
7483	100 
7484	114 
7485	114 
7486	56 
7487	95 
7488	99 
7489	12 
7490	239 
7491	115 
7492	18 
7493	92 
7494	92 
7495	58 
7496	159 
7497	8 
7498	30 
7499	260 
7500	101 
7501	159 
7502	119 
7503	24 
7504	17 
7505	15 
7506	24 
7507	158 
7508	154 
7509	48 
7510	121 
7511	222 
7512	184 
7513	25 
7514	209 
7515	200 
7516	216 
7517	122 
7518	235 
7519	40 
7520	200 
7521	62 
7522	244 
7523	126 
7524	194 
7525	95 
7526	138 
7527	9 
7528	104 
7529	207 
7530	193 
7531	214 
7532	217 
7533	223 
7534	214 
7535	164 
7536	152 
7537	262 
7538	255 
7539	224 
7540	142 
7541	16 
7542	25 
7543	239 
7544	101 
7545	192 
7546	240 
7547	1 
7548	194 
7549	56 
7550	112 
7551	56 
7552	166 
7553	191 
7554	108 
7555	48 
7556	109 
7557	46 
7558	207 
7559	236 
7560	256 
7561	80 
7562	154 
7563	32 
7564	119 
7565	227 
7566	181 
7567	74 
7568	153 
7569	186 
7570	1 
7571	65 
7572	205 
7573	187 
7574	14 
7575	78 
7576	6 
7577	265 
7578	36 
7579	218 
7580	227 
7581	6 
7582	119 
7583	41 
7584	235 
7585	138 
7586	19 
7587	164 
7588	24 
7589	85 
7590	248 
7591	38 
7592	86 
7593	31 
7594	99 
7595	92 
7596	181 
7597	12 
7598	168 
7599	80 
7600	207 
7601	261 
7602	216 
7603	142 
7604	80 
7605	109 
7606	25 
7607	184 
7608	138 
7609	187 
7610	3 
7611	183 
7612	213 
7613	217 
7614	236 
7615	177 
7616	200 
7617	171 
7618	191 
7619	8 
7620	153 
7621	46 
7622	158 
7623	83 
7624	207 
7625	168 
7626	207 
7627	12 
7628	93 
7629	255 
7630	53 
7631	236 
7632	118 
7633	138 
7634	142 
7635	56 
7636	57 
7637	122 
7638	214 
7639	207 
7640	99 
7641	65 
7642	254 
7643	38 
7644	20 
7645	113 
7646	201 
7647	88 
7648	241 
7649	92 
7650	177 
7651	38 
7652	256 
7653	35 
7654	36 
7655	205 
7656	264 
7657	101 
7658	58 
7659	32 
7660	193 
7661	16 
7662	243 
7663	133 
7664	71 
7665	9 
7666	30 
7667	17 
7668	260 
7669	222 
7670	93 
7671	132 
7672	35 
7673	60 
7674	164 
7675	102 
7676	135 
7677	68 
7678	17 
7679	240 
7680	187 
7681	256 
7682	227 
7683	110 
7684	35 
7685	43 
7686	158 
7687	192 
7688	60 
7689	24 
7690	32 
7691	4 
7692	95 
7693	214 
7694	137 
7695	65 
7696	187 
7697	57 
7698	214 
7699	127 
7700	135 
7701	132 
7702	169 
7703	113 
7704	186 
7705	1 
7706	207 
7707	243 
7708	159 
7709	67 
7710	122 
7711	227 
7712	158 
7713	35 
7714	35 
7715	159 
7716	189 
7717	90 
7718	260 
7719	104 
7720	186 
7721	19 
7722	17 
7723	263 
7724	260 
7725	246 
7726	111 
7727	262 
7728	118 
7729	88 
7730	157 
7731	61 
7732	212 
7733	184 
7734	35 
7735	245 
7736	247 
7737	239 
7738	30 
7739	223 
7740	66 
7741	51 
7742	126 
7743	186 
7744	6 
7745	226 
7746	240 
7747	158 
7748	3 
7749	5 
7750	200 
7751	112 
7752	227 
7753	243 
7754	103 
7755	119 
7756	222 
7757	153 
7758	100 
7759	175 
7760	122 
7761	88 
7762	258 
7763	157 
7764	71 
7765	169 
7766	245 
7767	135 
7768	68 
7769	226 
7770	163 
7771	258 
7772	181 
7773	172 
7774	226 
7775	228 
7776	54 
7777	177 
7778	41 
7779	135 
7780	171 
7781	19 
7782	207 
7783	264 
7784	19 
7785	78 
7786	5 
7787	96 
7788	3 
7789	104 
7790	67 
7791	6 
7792	1 
7793	139 
7794	140 
7795	12 
7796	171 
7797	46 
7798	100 
7799	48 
7800	6 
7801	111 
7802	62 
7803	184 
7804	43 
7805	237 
7806	48 
7807	15 
7808	116 
7809	163 
7810	264 
7811	215 
7812	49 
7813	177 
7814	36 
7815	123 
7816	263 
7817	17 
7818	38 
7819	32 
7820	126 
7821	158 
7822	207 
7823	164 
7824	169 
7825	15 
7826	96 
7827	80 
7828	85 
7829	172 
7830	243 
7831	48 
7832	250 
7833	141 
7834	151 
7835	135 
7836	194 
7837	112 
7838	176 
7839	177 
7840	228 
7841	194 
7842	264 
7843	191 
7844	41 
7845	96 
7846	48 
7847	259 
7848	19 
7849	168 
7850	246 
7851	196 
7852	243 
7853	101 
7854	87 
7855	118 
7856	68 
7857	119 
7858	216 
7859	31 
7860	5 
7861	255 
7862	177 
7863	194 
7864	49 
7865	192 
7866	27 
7867	108 
7868	106 
7869	67 
7870	78 
7871	168 
7872	18 
7873	181 
7874	157 
7875	93 
7876	166 
7877	31 
7878	169 
7879	83 
7880	1 
7881	15 
7882	142 
7883	251 
7884	99 
7885	55 
7886	99 
7887	15 
7888	116 
7889	18 
7890	236 
7891	167 
7892	51 
7893	34 
7894	40 
7895	196 
7896	157 
7897	177 
7898	141 
7899	197 
7900	31 
7901	223 
7902	226 
7903	175 
7904	235 
7905	129 
7906	172 
7907	43 
7908	67 
7909	101 
7910	68 
7911	86 
7912	169 
7913	200 
7914	196 
7915	17 
7916	177 
7917	193 
7918	212 
7919	157 
7920	227 
7921	138 
7922	20 
7923	80 
7924	181 
7925	154 
7926	138 
7927	158 
7928	139 
7929	6 
7930	35 
7931	240 
7932	237 
7933	115 
7934	14 
7935	14 
7936	228 
7937	138 
7938	1 
7939	119 
7940	8 
7941	25 
7942	205 
7943	258 
7944	80 
7945	217 
7946	108 
7947	133 
7948	74 
7949	38 
7950	139 
7951	96 
7952	12 
7953	189 
7954	245 
7955	99 
7956	193 
7957	76 
7958	163 
7959	12 
7960	112 
7961	215 
7962	133 
7963	16 
7964	218 
7965	237 
7966	80 
7967	5 
7968	251 
7969	68 
7970	152 
7971	123 
7972	56 
7973	46 
7974	68 
7975	107 
7976	92 
7977	118 
7978	7 
7979	74 
7980	255 
7981	110 
7982	101 
7983	171 
7984	19 
7985	55 
7986	169 
7987	57 
7988	152 
7989	30 
7990	40 
7991	80 
7992	58 
7993	214 
7994	207 
7995	20 
7996	106 
7997	48 
7998	254 
7999	80 
8000	206 
8001	228 
8002	17 
8003	133 
8004	103 
8005	67 
8006	133 
8007	265 
8008	259 
8009	60 
8010	108 
8011	49 
8012	4 
8013	116 
8014	32 
8015	222 
8016	201 
8017	153 
8018	38 
8019	243 
8020	177 
8021	194 
8022	238 
8023	264 
8024	238 
8025	30 
8026	153 
8027	138 
8028	238 
8029	183 
8030	25 
8031	93 
8032	168 
8033	132 
8034	90 
8035	189 
8036	259 
8037	265 
8038	142 
8039	2 
8040	241 
8041	62 
8042	95 
8043	264 
8044	180 
8045	205 
8046	197 
8047	132 
8048	80 
8049	116 
8050	248 
8051	222 
8052	251 
8053	247 
8054	200 
8055	189 
8056	118 
8057	36 
8058	217 
8059	40 
8060	114 
8061	194 
8062	207 
8063	56 
8064	215 
8065	154 
8066	151 
8067	108 
8068	236 
8069	104 
8070	35 
8071	35 
8072	31 
8073	61 
8074	76 
8075	43 
8076	62 
8077	29 
8078	12 
8079	36 
8080	194 
8081	12 
8082	74 
8083	90 
8084	175 
8085	227 
8086	240 
8087	212 
8088	187 
8089	106 
8090	78 
8091	137 
8092	132 
8093	19 
8094	157 
8095	151 
8096	205 
8097	27 
8098	247 
8099	51 
8100	142 
8101	3 
8102	2 
8103	101 
8104	60 
8105	5 
8106	114 
8107	248 
8108	264 
8109	235 
8110	40 
8111	59 
8112	137 
8113	168 
8114	158 
8115	80 
8116	163 
8117	206 
8118	238 
8119	54 
8120	62 
8121	108 
8122	25 
8123	49 
8124	213 
8125	261 
8126	61 
8127	189 
8128	100 
8129	133 
8130	133 
8131	181 
8132	57 
8133	259 
8134	49 
8135	107 
8136	142 
8137	181 
8138	193 
8139	192 
8140	93 
8141	167 
8142	12 
8143	119 
8144	258 
8145	51 
8146	186 
8147	43 
8148	194 
8149	186 
8150	29 
8151	1 
8152	67 
8153	86 
8154	161 
8155	226 
8156	41 
8157	196 
8158	186 
8159	194 
8160	99 
8161	200 
8162	35 
8163	262 
8164	30 
8165	261 
8166	247 
8167	129 
8168	215 
8169	227 
8170	189 
8171	261 
8172	235 
8173	212 
8174	181 
8175	217 
8176	163 
8177	205 
8178	20 
8179	256 
8180	207 
8181	29 
8182	227 
8183	140 
8184	184 
8185	81 
8186	194 
8187	56 
8188	172 
8189	213 
8190	115 
8191	12 
8192	58 
8193	24 
8194	131 
8195	194 
8196	106 
8197	152 
8198	236 
8199	111 
8200	137 
8201	80 
8202	163 
8203	122 
8204	4 
8205	169 
8206	100 
8207	3 
8208	100 
8209	264 
8210	40 
8211	43 
8212	118 
8213	85 
8214	90 
8215	116 
8216	262 
8217	245 
8218	118 
8219	4 
8220	216 
8221	240 
8222	192 
8223	197 
8224	133 
8225	55 
8226	135 
8227	152 
8228	80 
8229	132 
8230	110 
8231	251 
8232	142 
8233	116 
8234	168 
8235	171 
8236	5 
8237	44 
8238	256 
8239	247 
8240	192 
8241	187 
8242	180 
8243	38 
8244	167 
8245	116 
8246	139 
8247	171 
8248	1 
8249	36 
8250	121 
8251	259 
8252	209 
8253	68 
8254	129 
8255	49 
8256	248 
8257	175 
8258	108 
8259	67 
8260	85 
8261	191 
8262	153 
8263	15 
8264	56 
8265	76 
8266	228 
8267	74 
8268	135 
8269	157 
8270	247 
8271	20 
8272	163 
8273	187 
8274	236 
8275	137 
8276	43 
8277	196 
8278	214 
8279	6 
8280	118 
8281	228 
8282	38 
8283	74 
8284	101 
8285	49 
8286	222 
8287	48 
8288	141 
8289	86 
8290	6 
8291	56 
8292	48 
8293	59 
8294	206 
8295	197 
8296	227 
8297	56 
8298	48 
8299	139 
8300	161 
8301	93 
8302	62 
8303	196 
8304	209 
8305	245 
8306	164 
8307	6 
8308	49 
8309	240 
8310	107 
8311	80 
8312	265 
8313	44 
8314	24 
8315	237 
8316	35 
8317	227 
8318	247 
8319	137 
8320	54 
8321	166 
8322	169 
8323	132 
8324	260 
8325	132 
8326	118 
8327	157 
8328	30 
8329	119 
8330	189 
8331	180 
8332	175 
8333	119 
8334	41 
8335	25 
8336	25 
8337	151 
8338	258 
8339	140 
8340	40 
8341	238 
8342	44 
8343	85 
8344	216 
8345	71 
8346	261 
8347	18 
8348	196 
8349	57 
8350	31 
8351	175 
8352	243 
8353	32 
8354	243 
8355	169 
8356	122 
8357	251 
8358	108 
8359	34 
8360	112 
8361	43 
8362	245 
8363	240 
8364	262 
8365	262 
8366	81 
8367	262 
8368	44 
8369	25 
8370	256 
8371	43 
8372	41 
8373	17 
8374	132 
8375	168 
8376	192 
8377	107 
8378	235 
8379	240 
8380	12 
8381	152 
8382	205 
8383	265 
8384	183 
8385	18 
8386	78 
8387	49 
8388	180 
8389	24 
8390	43 
8391	95 
8392	99 
8393	80 
8394	27 
8395	180 
8396	237 
8397	184 
8398	110 
8399	112 
8400	19 
8401	25 
8402	236 
8403	161 
8404	31 
8405	17 
8406	6 
8407	247 
8408	206 
8409	141 
8410	200 
8411	167 
8412	27 
8413	96 
8414	255 
8415	138 
8416	196 
8417	118 
8418	259 
8419	169 
8420	112 
8421	216 
8422	38 
8423	180 
8424	265 
8425	205 
8426	17 
8427	29 
8428	138 
8429	1 
8430	137 
8431	118 
8432	17 
8433	61 
8434	206 
8435	186 
8436	161 
8437	34 
8438	1 
8439	142 
8440	122 
8441	177 
8442	213 
8443	184 
8444	169 
8445	157 
8446	181 
8447	169 
8448	193 
8449	247 
8450	35 
8451	83 
8452	187 
8453	93 
8454	4 
8455	157 
8456	237 
8457	41 
8458	25 
8459	122 
8460	86 
8461	49 
8462	80 
8463	154 
8464	5 
8465	108 
8466	152 
8467	25 
8468	40 
8469	12 
8470	93 
8471	76 
8472	62 
8473	177 
8474	265 
8475	29 
8476	237 
8477	100 
8478	222 
8479	116 
8480	264 
8481	29 
8482	152 
8483	259 
8484	12 
8485	248 
8486	85 
8487	132 
8488	228 
8489	163 
8490	24 
8491	169 
8492	135 
8493	5 
8494	29 
8495	205 
8496	154 
8497	133 
8498	5 
8499	16 
8500	183 
8501	108 
8502	5 
8503	216 
8504	31 
8505	35 
8506	236 
8507	131 
8508	154 
8509	86 
8510	213 
8511	119 
8512	207 
8513	159 
8514	36 
8515	169 
8516	59 
8517	6 
8518	108 
8519	205 
8520	212 
8521	261 
8522	65 
8523	129 
8524	238 
8525	29 
8526	68 
8527	106 
8528	166 
8529	114 
8530	62 
8531	222 
8532	101 
8533	68 
8534	187 
8535	168 
8536	226 
8537	258 
8538	1 
8539	176 
8540	90 
8541	180 
8542	141 
8543	108 
8544	99 
8545	40 
8546	112 
8547	264 
8548	49 
8549	101 
8550	259 
8551	138 
8552	6 
8553	194 
8554	159 
8555	1 
8556	87 
8557	32 
8558	153 
8559	19 
8560	101 
8561	92 
8562	235 
8563	106 
8564	217 
8565	181 
8566	108 
8567	56 
8568	167 
8569	262 
8570	96 
8571	153 
8572	27 
8573	240 
8574	217 
8575	259 
8576	154 
8577	108 
8578	83 
8579	76 
8580	237 
8581	227 
8582	80 
8583	263 
8584	101 
8585	87 
8586	99 
8587	20 
8588	157 
8589	43 
8590	200 
8591	62 
8592	193 
8593	159 
8594	74 
8595	36 
8596	90 
8597	154 
8598	41 
8599	264 
8600	24 
8601	36 
8602	106 
8603	41 
8604	3 
8605	168 
8606	152 
8607	137 
8608	4 
8609	247 
8610	119 
8611	177 
8612	110 
8613	40 
8614	119 
8615	207 
8616	157 
8617	238 
8618	226 
8619	67 
8620	217 
8621	256 
8622	187 
8623	177 
8624	189 
8625	228 
8626	12 
8627	167 
8628	256 
8629	104 
8630	30 
8631	110 
8632	265 
8633	226 
8634	262 
8635	100 
8636	258 
8637	96 
8638	152 
8639	116 
8640	255 
8641	38 
8642	216 
8643	3 
8644	222 
8645	56 
8646	248 
8647	200 
8648	62 
8649	213 
8650	43 
8651	140 
8652	227 
8653	99 
8654	110 
8655	27 
8656	153 
8657	226 
8658	6 
8659	137 
8660	189 
8661	164 
8662	118 
8663	137 
8664	152 
8665	15 
8666	19 
8667	196 
8668	200 
8669	35 
8670	15 
8671	86 
8672	164 
8673	78 
8674	132 
8675	264 
8676	172 
8677	25 
8678	186 
8679	259 
8680	32 
8681	247 
8682	71 
8683	108 
8684	209 
8685	12 
8686	151 
8687	38 
8688	112 
8689	27 
8690	255 
8691	40 
8692	187 
8693	237 
8694	192 
8695	62 
8696	217 
8697	96 
8698	92 
8699	236 
8700	235 
8701	236 
8702	223 
8703	24 
8704	196 
8705	56 
8706	236 
8707	101 
8708	183 
8709	223 
8710	212 
8711	44 
8712	235 
8713	237 
8714	112 
8715	122 
8716	235 
8717	256 
8718	240 
8719	207 
8720	205 
8721	161 
8722	171 
8723	25 
8724	248 
8725	81 
8726	71 
8727	56 
8728	216 
8729	114 
8730	200 
8731	110 
8732	48 
8733	256 
8734	32 
8735	6 
8736	152 
8737	49 
8738	209 
8739	175 
8740	62 
8741	8 
8742	38 
8743	243 
8744	81 
8745	93 
8746	106 
8747	194 
8748	184 
8749	34 
8750	205 
8751	184 
8752	135 
8753	49 
8754	207 
8755	255 
8756	192 
8757	80 
8758	137 
8759	80 
8760	61 
8761	118 
8762	81 
8763	201 
8764	6 
8765	207 
8766	14 
8767	6 
8768	192 
8769	264 
8770	255 
8771	200 
8772	29 
8773	78 
8774	100 
8775	6 
8776	56 
8777	256 
8778	181 
8779	186 
8780	236 
8781	4 
8782	99 
8783	247 
8784	40 
8785	238 
8786	133 
8787	137 
8788	236 
8789	142 
8790	25 
8791	104 
8792	74 
8793	110 
8794	248 
8795	137 
8796	112 
8797	184 
8798	12 
8799	169 
8800	86 
8801	163 
8802	101 
8803	227 
8804	236 
8805	228 
8806	3 
8807	116 
8808	164 
8809	111 
8810	74 
8811	243 
8812	31 
8813	175 
8814	112 
8815	180 
8816	40 
8817	236 
8818	215 
8819	57 
8820	236 
8821	129 
8822	262 
8823	110 
8824	101 
8825	248 
8826	56 
8827	12 
8828	74 
8829	226 
8830	110 
8831	110 
8832	222 
8833	12 
8834	142 
8835	213 
8836	187 
8837	236 
8838	236 
8839	58 
8840	187 
8841	12 
8842	80 
8843	222 
8844	264 
8845	112 
8846	127 
8847	6 
8848	30 
8849	262 
8850	207 
8851	119 
8852	154 
8853	240 
8854	86 
8855	192 
8856	35 
8857	114 
8858	240 
8859	261 
8860	4 
8861	93 
8862	80 
8863	153 
8864	57 
8865	180 
8866	133 
8867	24 
8868	80 
8869	264 
8870	168 
8871	129 
8872	5 
8873	168 
8874	43 
8875	38 
8876	56 
8877	36 
8878	262 
8879	157 
8880	111 
8881	191 
8882	30 
8883	217 
8884	262 
8885	175 
8886	187 
8887	192 
8888	238 
8889	56 
8890	200 
8891	14 
8892	181 
8893	214 
8894	93 
8895	247 
8896	240 
8897	262 
8898	115 
8899	205 
8900	237 
8901	163 
8902	99 
8903	187 
8904	87 
8905	132 
8906	48 
8907	30 
8908	140 
8909	31 
8910	25 
8911	35 
8912	215 
8913	256 
8914	192 
8915	14 
8916	228 
8917	222 
8918	227 
8919	78 
8920	19 
8921	205 
8922	36 
8923	247 
8924	14 
8925	18 
8926	181 
8927	17 
8928	12 
8929	184 
8930	171 
8931	152 
8932	116 
8933	56 
8934	189 
8935	112 
8936	177 
8937	25 
8938	163 
8939	177 
8940	132 
8941	135 
8942	264 
8943	186 
8944	114 
8945	261 
8946	44 
8947	256 
8948	74 
8949	152 
8950	24 
8951	159 
8952	209 
8953	92 
8954	228 
8955	193 
8956	175 
8957	235 
8958	58 
8959	228 
8960	214 
8961	17 
8962	58 
8963	108 
8964	25 
8965	101 
8966	196 
8967	48 
8968	32 
8969	65 
8970	212 
8971	168 
8972	212 
8973	235 
8974	108 
8975	247 
8976	56 
8977	20 
8978	216 
8979	200 
8980	159 
8981	157 
8982	24 
8983	192 
8984	93 
8985	1 
8986	60 
8987	74 
8988	206 
8989	110 
8990	27 
8991	12 
8992	129 
8993	163 
8994	159 
8995	80 
8996	164 
8997	56 
8998	127 
8999	213 
9000	132 
9001	167 
9002	152 
9003	237 
9004	59 
9005	248 
9006	192 
9007	187 
9008	96 
9009	158 
9010	80 
9011	25 
9012	192 
9013	110 
9014	264 
9015	6 
9016	171 
9017	71 
9018	168 
9019	101 
9020	76 
9021	81 
9022	43 
9023	100 
9024	137 
9025	259 
9026	35 
9027	192 
9028	194 
9029	30 
9030	78 
9031	200 
9032	132 
9033	181 
9034	34 
9035	49 
9036	212 
9037	237 
9038	235 
9039	118 
9040	101 
9041	5 
9042	15 
9043	189 
9044	118 
9045	35 
9046	3 
9047	129 
9048	115 
9049	118 
9050	112 
9051	87 
9052	106 
9053	168 
9054	206 
9055	217 
9056	200 
9057	209 
9058	168 
9059	36 
9060	164 
9061	115 
9062	119 
9063	152 
9064	138 
9065	32 
9066	264 
9067	56 
9068	116 
9069	235 
9070	132 
9071	99 
9072	187 
9073	191 
9074	56 
9075	180 
9076	186 
9077	3 
9078	142 
9079	206 
9080	168 
9081	56 
9082	68 
9083	30 
9084	138 
9085	86 
9086	116 
9087	163 
9088	193 
9089	85 
9090	135 
9091	3 
9092	177 
9093	56 
9094	114 
9095	158 
9096	238 
9097	106 
9098	200 
9099	258 
9100	48 
9101	34 
9102	132 
9103	181 
9104	15 
9105	56 
9106	205 
9107	122 
9108	35 
9109	152 
9110	152 
9111	154 
9112	25 
9113	96 
9114	18 
9115	187 
9116	196 
9117	59 
9118	108 
9119	25 
9120	17 
9121	49 
9122	57 
9123	235 
9124	262 
9125	226 
9126	205 
9127	248 
9128	58 
9129	104 
9130	49 
9131	138 
9132	194 
9133	135 
9134	247 
9135	6 
9136	264 
9137	164 
9138	248 
9139	19 
9140	153 
9141	235 
9142	12 
9143	181 
9144	142 
9145	3 
9146	152 
9147	6 
9148	226 
9149	36 
9150	258 
9151	38 
9152	237 
9153	194 
9154	247 
9155	137 
9156	85 
9157	142 
9158	36 
9159	248 
9160	40 
9161	31 
9162	142 
9163	111 
9164	196 
9165	164 
9166	261 
9167	243 
9168	40 
9169	32 
9170	207 
9171	132 
9172	180 
9173	83 
9174	177 
9175	214 
9176	256 
9177	228 
9178	240 
9179	100 
9180	205 
9181	207 
9182	80 
9183	80 
9184	158 
9185	222 
9186	87 
9187	158 
9188	171 
9189	15 
9190	85 
9191	60 
9192	169 
9193	142 
9194	56 
9195	116 
9196	40 
9197	81 
9198	135 
9199	71 
9200	187 
9201	169 
9202	115 
9203	24 
9204	35 
9205	80 
9206	83 
9207	116 
9208	30 
9209	248 
9210	212 
9211	247 
9212	56 
9213	100 
9214	256 
9215	67 
9216	60 
9217	60 
9218	259 
9219	196 
9220	118 
9221	180 
9222	212 
9223	193 
9224	228 
9225	57 
9226	112 
9227	48 
9228	217 
9229	264 
9230	25 
9231	261 
9232	34 
9233	181 
9234	12 
9235	205 
9236	24 
9237	137 
9238	157 
9239	92 
9240	194 
9241	92 
9242	255 
9243	86 
9244	17 
9245	60 
9246	237 
9247	32 
9248	111 
9249	152 
9250	159 
9251	101 
9252	196 
9253	258 
9254	265 
9255	168 
9256	71 
9257	116 
9258	169 
9259	58 
9260	80 
9261	31 
9262	194 
9263	12 
9264	30 
9265	168 
9266	207 
9267	142 
9268	78 
9269	111 
9270	12 
9271	96 
9272	24 
9273	237 
9274	194 
9275	255 
9276	4 
9277	60 
9278	248 
9279	93 
9280	48 
9281	163 
9282	4 
9283	214 
9284	80 
9285	48 
9286	83 
9287	49 
9288	111 
9289	261 
9290	86 
9291	193 
9292	6 
9293	255 
9294	177 
9295	228 
9296	238 
9297	14 
9298	152 
9299	137 
9300	29 
9301	214 
9302	12 
9303	169 
9304	74 
9305	235 
9306	240 
9307	101 
9308	122 
9309	152 
9310	81 
9311	256 
9312	192 
9313	4 
9314	56 
9315	262 
9316	58 
9317	169 
9318	30 
9319	92 
9320	71 
9321	35 
9322	14 
9323	92 
9324	92 
9325	62 
9326	228 
9327	15 
9328	132 
9329	169 
9330	118 
9331	223 
9332	40 
9333	214 
9334	80 
9335	168 
9336	175 
9337	4 
9338	18 
9339	74 
9340	243 
9341	255 
9342	85 
9343	226 
9344	12 
9345	99 
9346	265 
9347	261 
9348	12 
9349	186 
9350	86 
9351	248 
9352	93 
9353	184 
9354	213 
9355	40 
9356	68 
9357	238 
9358	14 
9359	74 
9360	104 
9361	192 
9362	34 
9363	152 
9364	78 
9365	12 
9366	157 
9367	226 
9368	138 
9369	18 
9370	111 
9371	259 
9372	24 
9373	101 
9374	256 
9375	159 
9376	122 
9377	60 
9378	135 
9379	193 
9380	213 
9381	12 
9382	49 
9383	223 
9384	31 
9385	256 
9386	86 
9387	205 
9388	80 
9389	132 
9390	228 
9391	74 
9392	213 
9393	132 
9394	187 
9395	12 
9396	237 
9397	115 
9398	110 
9399	92 
9400	157 
9401	184 
9402	138 
9403	35 
9404	200 
9405	181 
9406	193 
9407	192 
9408	186 
9409	194 
9410	43 
9411	153 
9412	68 
9413	29 
9414	177 
9415	111 
9416	184 
9417	132 
9418	118 
9419	12 
9420	132 
9421	71 
9422	56 
9423	116 
9424	24 
9425	207 
9426	116 
9427	58 
9428	29 
9429	1 
9430	118 
9431	34 
9432	17 
9433	192 
9434	85 
9435	12 
9436	29 
9437	142 
9438	264 
9439	137 
9440	169 
9441	247 
9442	235 
9443	157 
9444	223 
9445	200 
9446	15 
9447	116 
9448	159 
9449	175 
9450	133 
9451	38 
9452	205 
9453	3 
9454	142 
9455	80 
9456	80 
9457	212 
9458	157 
9459	171 
9460	164 
9461	196 
9462	56 
9463	152 
9464	135 
9465	108 
9466	212 
9467	12 
9468	67 
9469	78 
9470	214 
9471	132 
9472	216 
9473	100 
9474	138 
9475	27 
9476	85 
9477	19 
9478	12 
9479	152 
9480	132 
9481	157 
9482	101 
9483	169 
9484	19 
9485	67 
9486	175 
9487	212 
9488	157 
9489	36 
9490	100 
9491	86 
9492	31 
9493	78 
9494	15 
9495	43 
9496	67 
9497	240 
9498	137 
9499	217 
9500	152 
9501	35 
9502	19 
9503	248 
9504	192 
9505	12 
9506	71 
9507	180 
9508	15 
9509	99 
9510	228 
9511	29 
9512	142 
9513	60 
9514	255 
9515	43 
9516	138 
9517	68 
9518	226 
9519	228 
9520	171 
9521	49 
9522	192 
9523	168 
9524	48 
9525	24 
9526	19 
9527	157 
9528	235 
9529	116 
9530	24 
9531	237 
9532	116 
9533	262 
9534	168 
9535	184 
9536	6 
9537	196 
9538	200 
9539	194 
9540	71 
9541	259 
9542	112 
9543	226 
9544	196 
9545	261 
9546	142 
9547	168 
9548	24 
9549	192 
9550	235 
9551	93 
9552	110 
9553	36 
9554	118 
9555	78 
9556	116 
9557	27 
9558	99 
9559	6 
9560	36 
9561	168 
9562	36 
9563	38 
9564	207 
9565	184 
9566	222 
9567	247 
9568	223 
9569	196 
9570	164 
9571	133 
9572	205 
9573	1 
9574	247 
9575	36 
9576	132 
9577	24 
9578	262 
9579	48 
9580	164 
9581	67 
9582	152 
9583	228 
9584	236 
9585	262 
9586	240 
9587	27 
9588	223 
9589	6 
9590	110 
9591	228 
9592	86 
9593	261 
9594	240 
9595	116 
9596	62 
9597	40 
9598	193 
9599	226 
9600	153 
9601	74 
9602	17 
9603	1 
9604	138 
9605	100 
9606	216 
9607	74 
9608	78 
9609	157 
9610	12 
9611	187 
9612	110 
9613	200 
9614	264 
9615	196 
9616	56 
9617	49 
9618	261 
9619	49 
9620	86 
9621	93 
9622	243 
9623	236 
9624	31 
9625	200 
9626	85 
9627	153 
9628	19 
9629	157 
9630	17 
9631	240 
9632	12 
9633	214 
9634	180 
9635	205 
9636	1 
9637	255 
9638	19 
9639	62 
9640	187 
9641	49 
9642	153 
9643	175 
9644	30 
9645	236 
9646	15 
9647	207 
9648	255 
9649	237 
9650	187 
9651	108 
9652	207 
9653	159 
9654	4 
9655	35 
9656	110 
9657	217 
9658	181 
9659	48 
9660	264 
9661	168 
9662	40 
9663	261 
9664	193 
9665	243 
9666	6 
9667	175 
9668	137 
9669	152 
9670	200 
9671	152 
9672	93 
9673	153 
9674	261 
9675	56 
9676	142 
9677	116 
9678	157 
9679	240 
9680	184 
9681	49 
9682	261 
9683	213 
9684	181 
9685	247 
9686	235 
9687	261 
9688	68 
9689	74 
9690	132 
9691	177 
9692	31 
9693	74 
9694	15 
9695	135 
9696	78 
9697	169 
9698	78 
9699	86 
9700	137 
9701	216 
9702	4 
9703	93 
9704	192 
9705	100 
9706	80 
9707	118 
9708	237 
9709	135 
9710	240 
9711	247 
9712	236 
9713	68 
9714	226 
9715	19 
9716	6 
9717	236 
9718	138 
9719	36 
9720	19 
9721	132 
9722	227 
9723	184 
9724	261 
9725	101 
9726	194 
9727	200 
9728	235 
9729	118 
9730	12 
9731	93 
9732	49 
9733	248 
9734	135 
9735	240 
9736	226 
9737	135 
9738	262 
9739	17 
9740	262 
9741	35 
9742	100 
9743	177 
9744	49 
9745	223 
9746	35 
9747	80 
9748	264 
9749	247 
9750	137 
9751	236 
9752	256 
9753	6 
9754	5 
9755	35 
9756	236 
9757	1 
9758	169 
9759	62 
9760	237 
9761	240 
9762	175 
9763	31 
9764	159 
9765	192 
9766	196 
9767	19 
9768	100 
9769	108 
9770	262 
9771	261 
9772	60 
9773	80 
9774	261 
9775	168 
9776	135 
9777	194 
9778	214 
9779	74 
9780	133 
9781	240 
9782	169 
9783	168 
9784	226 
9785	27 
9786	74 
9787	247 
9788	223 
9789	17 
9790	49 
9791	186 
9792	236 
9793	31 
9794	248 
9795	240 
9796	256 
9797	101 
9798	5 
9799	236 
9800	17 
9801	212 
9802	200 
9803	12 
9804	223 
9805	48 
9806	49 
9807	243 
9808	169 
9809	36 
9810	74 
9811	30 
9812	38 
9813	243 
9814	184 
9815	56 
9816	237 
9817	243 
9818	237 
9819	93 
9820	80 
9821	256 
9822	49 
9823	226 
9824	262 
9825	68 
9826	207 
9827	262 
9828	112 
9829	112 
9830	132 
9831	60 
9832	99 
9833	205 
9834	132 
9835	187 
9836	240 
9837	6 
9838	1 
9839	38 
9840	19 
9841	116 
9842	214 
9843	177 
9844	187 
9845	181 
9846	194 
9847	133 
9848	135 
9849	177 
9850	132 
9851	235 
9852	248 
9853	181 
9854	264 
9855	49 
9856	168 
9857	184 
9858	184 
9859	196 
9860	237 
9861	6 
9862	116 
9863	207 
9864	35 
9865	226 
9866	153 
9867	6 
9868	138 
9869	192 
9870	168 
9871	6 
9872	118 
9873	133 
9874	243 
9875	112 
9876	137 
9877	243 
9878	12 
9879	248 
9880	118 
9881	132 
9882	12 
9883	223 
9884	235 
9885	99 
9886	256 
9887	108 
9888	237 
9889	40 
9890	205 
9891	240 
9892	194 
9893	169 
9894	157 
9895	56 
9896	112 
9897	5 
9898	237 
9899	60 
9900	237 
9901	214 
9902	240 
9903	196 
9904	118 
9905	157 
9906	118 
9907	132 
9908	235 
9909	17 
9910	255 
9911	6 
9912	237 
9913	101 
9914	153 
9915	60 
9916	157 
9917	168 
9918	226 
9919	264 
9920	200 
9921	187 
9922	6 
9923	118 
9924	226 
9925	60 
9926	214 
9927	262 
9928	24 
9929	132 
9930	6 
9931	223 
9932	48 
9933	214 
9934	235 
9935	262 
9936	1 
9937	56 
9938	205 
9939	138 
9940	118 
9941	132 
9942	243 
9943	177 
9944	49 
9945	152 
9946	264 
9947	116 
9948	101 
9949	177 
9950	264 
9951	196 
9952	101 
9953	80 
9954	108 
9955	187 
9956	48 
9957	237 
9958	80 
9959	262 
9960	256 
9961	196 
9962	48 
9963	181 
9964	6 
9965	236 
9966	101 
9967	236 
9968	48 
9969	237 
9970	24 
9971	74 
9972	112 
9973	187 
9974	80 
9975	255 
9976	243 
9977	235 
9978	15 
9979	187 
9980	35 
9981	49 
9982	169 
9983	153 
9984	262 
9985	157 
9986	101 
9987	137 
9988	60 
9989	240 
9990	205 
9991	112 
9992	153 
9993	264 
9994	205 
9995	15 
9996	152 
9997	247 
9998	256 
9999	17 
10000	35 
