1	103 
2	265 
3	143 
4	79 
5	113 
6	1 
7	90 
8	142 
9	271 
10	269 
11	218 
12	105 
13	158 
14	88 
15	227 
16	163 
17	235 
18	15 
19	129 
20	52 
21	84 
22	58 
23	30 
24	25 
25	131 
26	154 
27	285 
28	235 
29	25 
30	103 
31	111 
32	89 
33	158 
34	48 
35	144 
36	125 
37	14 
38	268 
39	184 
40	234 
41	276 
42	187 
43	145 
44	236 
45	268 
46	232 
47	144 
48	68 
49	56 
50	283 
51	283 
52	257 
53	39 
54	102 
55	5 
56	208 
57	109 
58	151 
59	40 
60	112 
61	169 
62	191 
63	219 
64	277 
65	241 
66	282 
67	112 
68	200 
69	135 
70	12 
71	119 
72	70 
73	92 
74	105 
75	272 
76	224 
77	277 
78	153 
79	1 
80	101 
81	162 
82	143 
83	177 
84	218 
85	99 
86	247 
87	219 
88	144 
89	51 
90	271 
91	72 
92	270 
93	49 
94	131 
95	248 
96	165 
97	205 
98	261 
99	152 
100	113 
101	280 
102	95 
103	264 
104	270 
105	114 
106	89 
107	213 
108	76 
109	169 
110	188 
111	112 
112	144 
113	90 
114	236 
115	274 
116	181 
117	53 
118	214 
119	208 
120	67 
121	132 
122	113 
123	86 
124	36 
125	233 
126	45 
127	55 
128	245 
129	105 
130	58 
131	261 
132	279 
133	216 
134	104 
135	12 
136	1 
137	126 
138	280 
139	98 
140	126 
141	266 
142	139 
143	264 
144	119 
145	90 
146	225 
147	281 
148	236 
149	14 
150	265 
151	248 
152	158 
153	238 
154	135 
155	268 
156	276 
157	181 
158	271 
159	285 
160	283 
161	224 
162	54 
163	40 
164	199 
165	120 
166	242 
167	52 
168	70 
169	4 
170	14 
171	145 
172	168 
173	50 
174	269 
175	73 
176	236 
177	188 
178	11 
179	188 
180	77 
181	208 
182	285 
183	88 
184	284 
185	128 
186	24 
187	131 
188	171 
189	27 
190	151 
191	225 
192	157 
193	89 
194	231 
195	284 
196	250 
197	230 
198	237 
199	270 
200	53 
201	237 
202	248 
203	89 
204	166 
205	273 
206	285 
207	225 
208	139 
209	134 
210	56 
211	275 
212	120 
213	53 
214	162 
215	147 
216	190 
217	174 
218	7 
219	88 
220	110 
221	38 
222	199 
223	276 
224	157 
225	79 
226	151 
227	208 
228	222 
229	118 
230	279 
231	231 
232	79 
233	79 
234	9 
235	266 
236	97 
237	103 
238	228 
239	281 
240	267 
241	87 
242	271 
243	188 
244	239 
245	213 
246	192 
247	270 
248	283 
249	262 
250	252 
251	76 
252	275 
253	225 
254	161 
255	217 
256	120 
257	196 
258	1 
259	268 
260	17 
261	144 
262	262 
263	104 
264	142 
265	245 
266	250 
267	51 
268	114 
269	3 
270	234 
271	268 
272	273 
273	29 
274	106 
275	232 
276	214 
277	288 
278	158 
279	250 
280	28 
281	126 
282	199 
283	39 
284	119 
285	75 
286	96 
287	285 
288	189 
289	94 
290	105 
291	259 
292	25 
293	51 
294	274 
295	271 
296	64 
297	194 
298	273 
299	245 
300	151 
301	265 
302	279 
303	36 
304	7 
305	149 
306	282 
307	36 
308	120 
309	268 
310	97 
311	283 
312	187 
313	277 
314	113 
315	230 
316	27 
317	1 
318	56 
319	240 
320	281 
321	184 
322	28 
323	40 
324	96 
325	103 
326	192 
327	121 
328	128 
329	151 
330	247 
331	29 
332	99 
333	236 
334	144 
335	216 
336	53 
337	280 
338	33 
339	202 
340	79 
341	52 
342	211 
343	10 
344	66 
345	171 
346	192 
347	188 
348	170 
349	215 
350	46 
351	152 
352	188 
353	12 
354	82 
355	12 
356	28 
357	184 
358	219 
359	268 
360	265 
361	278 
362	132 
363	220 
364	218 
365	131 
366	104 
367	7 
368	10 
369	71 
370	88 
371	28 
372	142 
373	160 
374	152 
375	271 
376	262 
377	235 
378	85 
379	146 
380	28 
381	38 
382	215 
383	2 
384	76 
385	239 
386	273 
387	221 
388	227 
389	239 
390	1 
391	9 
392	280 
393	203 
394	156 
395	240 
396	276 
397	144 
398	97 
399	249 
400	217 
401	27 
402	102 
403	271 
404	152 
405	200 
406	273 
407	173 
408	281 
409	220 
410	153 
411	84 
412	212 
413	194 
414	14 
415	42 
416	45 
417	143 
418	223 
419	151 
420	239 
421	105 
422	51 
423	236 
424	120 
425	145 
426	277 
427	153 
428	52 
429	274 
430	288 
431	210 
432	232 
433	203 
434	70 
435	284 
436	146 
437	244 
438	29 
439	133 
440	41 
441	267 
442	93 
443	115 
444	210 
445	199 
446	213 
447	107 
448	188 
449	248 
450	229 
451	90 
452	66 
453	24 
454	6 
455	43 
456	39 
457	25 
458	287 
459	180 
460	123 
461	267 
462	210 
463	130 
464	210 
465	27 
466	15 
467	121 
468	271 
469	125 
470	2 
471	101 
472	278 
473	106 
474	126 
475	119 
476	98 
477	99 
478	151 
479	57 
480	10 
481	248 
482	171 
483	146 
484	194 
485	214 
486	139 
487	95 
488	188 
489	47 
490	265 
491	229 
492	12 
493	283 
494	93 
495	105 
496	131 
497	79 
498	63 
499	100 
500	82 
501	104 
502	33 
503	152 
504	236 
505	132 
506	222 
507	270 
508	271 
509	37 
510	230 
511	273 
512	134 
513	172 
514	27 
515	142 
516	223 
517	126 
518	22 
519	173 
520	245 
521	209 
522	238 
523	108 
524	14 
525	238 
526	51 
527	158 
528	92 
529	224 
530	245 
531	1 
532	186 
533	103 
534	81 
535	187 
536	61 
537	158 
538	120 
539	182 
540	250 
541	119 
542	35 
543	232 
544	200 
545	105 
546	248 
547	273 
548	77 
549	8 
550	248 
551	77 
552	276 
553	137 
554	214 
555	270 
556	94 
557	151 
558	277 
559	142 
560	120 
561	35 
562	87 
563	77 
564	235 
565	151 
566	192 
567	185 
568	208 
569	154 
570	55 
571	189 
572	280 
573	9 
574	53 
575	7 
576	226 
577	269 
578	225 
579	277 
580	120 
581	194 
582	275 
583	89 
584	279 
585	217 
586	63 
587	27 
588	235 
589	7 
590	265 
591	158 
592	18 
593	271 
594	230 
595	150 
596	236 
597	9 
598	36 
599	39 
600	212 
601	211 
602	89 
603	75 
604	218 
605	79 
606	70 
607	196 
608	67 
609	60 
610	168 
611	259 
612	161 
613	161 
614	56 
615	45 
616	263 
617	196 
618	283 
619	89 
620	242 
621	51 
622	198 
623	224 
624	224 
625	103 
626	239 
627	92 
628	289 
629	230 
630	36 
631	64 
632	73 
633	5 
634	269 
635	97 
636	162 
637	103 
638	60 
639	39 
640	212 
641	166 
642	283 
643	193 
644	279 
645	248 
646	144 
647	71 
648	248 
649	121 
650	183 
651	127 
652	191 
653	115 
654	147 
655	29 
656	130 
657	169 
658	227 
659	152 
660	131 
661	45 
662	41 
663	236 
664	257 
665	180 
666	183 
667	15 
668	10 
669	80 
670	24 
671	279 
672	136 
673	137 
674	268 
675	56 
676	267 
677	265 
678	203 
679	266 
680	33 
681	214 
682	169 
683	142 
684	216 
685	193 
686	216 
687	243 
688	289 
689	122 
690	196 
691	56 
692	70 
693	152 
694	134 
695	287 
696	131 
697	91 
698	182 
699	131 
700	120 
701	54 
702	214 
703	14 
704	103 
705	93 
706	285 
707	77 
708	268 
709	119 
710	188 
711	245 
712	136 
713	85 
714	188 
715	23 
716	89 
717	199 
718	91 
719	185 
720	204 
721	275 
722	104 
723	45 
724	264 
725	137 
726	181 
727	58 
728	233 
729	112 
730	30 
731	158 
732	38 
733	70 
734	101 
735	117 
736	156 
737	245 
738	187 
739	106 
740	25 
741	30 
742	155 
743	96 
744	33 
745	81 
746	7 
747	118 
748	242 
749	280 
750	2 
751	103 
752	269 
753	249 
754	89 
755	147 
756	283 
757	28 
758	223 
759	115 
760	199 
761	231 
762	16 
763	7 
764	79 
765	69 
766	117 
767	285 
768	40 
769	204 
770	51 
771	12 
772	58 
773	134 
774	39 
775	230 
776	56 
777	119 
778	187 
779	153 
780	246 
781	137 
782	9 
783	248 
784	248 
785	287 
786	32 
787	248 
788	45 
789	61 
790	179 
791	244 
792	280 
793	7 
794	5 
795	147 
796	2 
797	89 
798	265 
799	169 
800	271 
801	38 
802	77 
803	235 
804	3 
805	210 
806	193 
807	237 
808	150 
809	27 
810	28 
811	52 
812	40 
813	169 
814	59 
815	144 
816	142 
817	277 
818	269 
819	268 
820	24 
821	161 
822	36 
823	127 
824	63 
825	88 
826	252 
827	235 
828	80 
829	77 
830	264 
831	56 
832	51 
833	204 
834	189 
835	45 
836	264 
837	12 
838	274 
839	200 
840	166 
841	187 
842	245 
843	87 
844	152 
845	141 
846	269 
847	199 
848	224 
849	287 
850	224 
851	215 
852	167 
853	278 
854	13 
855	107 
856	144 
857	195 
858	174 
859	41 
860	229 
861	270 
862	283 
863	266 
864	67 
865	267 
866	162 
867	136 
868	215 
869	188 
870	4 
871	231 
872	164 
873	265 
874	143 
875	152 
876	112 
877	66 
878	130 
879	137 
880	232 
881	89 
882	79 
883	89 
884	87 
885	158 
886	115 
887	229 
888	127 
889	37 
890	178 
891	72 
892	151 
893	265 
894	30 
895	215 
896	177 
897	166 
898	171 
899	287 
900	5 
901	9 
902	58 
903	42 
904	197 
905	262 
906	72 
907	176 
908	287 
909	27 
910	33 
911	247 
912	24 
913	12 
914	166 
915	232 
916	65 
917	196 
918	180 
919	268 
920	274 
921	271 
922	251 
923	270 
924	7 
925	1 
926	52 
927	248 
928	176 
929	232 
930	252 
931	115 
932	90 
933	146 
934	73 
935	78 
936	96 
937	159 
938	76 
939	119 
940	152 
941	133 
942	76 
943	35 
944	61 
945	154 
946	236 
947	151 
948	36 
949	1 
950	212 
951	151 
952	28 
953	203 
954	248 
955	156 
956	70 
957	225 
958	257 
959	283 
960	187 
961	177 
962	196 
963	196 
964	228 
965	52 
966	3 
967	158 
968	175 
969	130 
970	85 
971	250 
972	200 
973	27 
974	217 
975	242 
976	89 
977	236 
978	107 
979	14 
980	49 
981	186 
982	192 
983	126 
984	242 
985	221 
986	229 
987	56 
988	123 
989	1 
990	78 
991	28 
992	270 
993	166 
994	89 
995	7 
996	151 
997	197 
998	28 
999	250 
1000	109 
1001	232 
1002	11 
1003	117 
1004	280 
1005	144 
1006	135 
1007	87 
1008	153 
1009	257 
1010	52 
1011	155 
1012	264 
1013	179 
1014	46 
1015	187 
1016	79 
1017	97 
1018	99 
1019	111 
1020	195 
1021	188 
1022	18 
1023	21 
1024	254 
1025	96 
1026	109 
1027	76 
1028	9 
1029	7 
1030	245 
1031	45 
1032	182 
1033	197 
1034	77 
1035	95 
1036	280 
1037	118 
1038	247 
1039	227 
1040	244 
1041	4 
1042	244 
1043	39 
1044	210 
1045	12 
1046	88 
1047	258 
1048	91 
1049	252 
1050	247 
1051	161 
1052	227 
1053	64 
1054	224 
1055	156 
1056	126 
1057	40 
1058	25 
1059	248 
1060	115 
1061	188 
1062	118 
1063	62 
1064	289 
1065	235 
1066	206 
1067	91 
1068	131 
1069	170 
1070	257 
1071	9 
1072	150 
1073	206 
1074	161 
1075	9 
1076	199 
1077	265 
1078	35 
1079	189 
1080	226 
1081	58 
1082	283 
1083	279 
1084	12 
1085	218 
1086	158 
1087	267 
1088	122 
1089	265 
1090	137 
1091	260 
1092	144 
1093	76 
1094	266 
1095	231 
1096	43 
1097	161 
1098	189 
1099	105 
1100	97 
1101	168 
1102	158 
1103	118 
1104	274 
1105	28 
1106	151 
1107	196 
1108	120 
1109	151 
1110	56 
1111	28 
1112	88 
1113	222 
1114	30 
1115	154 
1116	120 
1117	105 
1118	58 
1119	261 
1120	270 
1121	287 
1122	29 
1123	273 
1124	126 
1125	153 
1126	120 
1127	188 
1128	254 
1129	152 
1130	209 
1131	225 
1132	270 
1133	188 
1134	254 
1135	120 
1136	197 
1137	132 
1138	252 
1139	160 
1140	31 
1141	100 
1142	112 
1143	141 
1144	230 
1145	232 
1146	216 
1147	9 
1148	120 
1149	70 
1150	167 
1151	158 
1152	152 
1153	256 
1154	79 
1155	45 
1156	162 
1157	258 
1158	273 
1159	7 
1160	14 
1161	168 
1162	27 
1163	236 
1164	245 
1165	27 
1166	155 
1167	243 
1168	63 
1169	205 
1170	269 
1171	104 
1172	276 
1173	70 
1174	119 
1175	89 
1176	144 
1177	119 
1178	13 
1179	7 
1180	6 
1181	102 
1182	198 
1183	121 
1184	275 
1185	104 
1186	270 
1187	203 
1188	275 
1189	267 
1190	134 
1191	126 
1192	163 
1193	230 
1194	88 
1195	184 
1196	126 
1197	150 
1198	172 
1199	172 
1200	275 
1201	219 
1202	97 
1203	285 
1204	218 
1205	145 
1206	243 
1207	70 
1208	147 
1209	189 
1210	97 
1211	52 
1212	250 
1213	249 
1214	151 
1215	275 
1216	20 
1217	55 
1218	61 
1219	257 
1220	37 
1221	1 
1222	206 
1223	266 
1224	221 
1225	225 
1226	153 
1227	266 
1228	152 
1229	104 
1230	144 
1231	62 
1232	151 
1233	201 
1234	188 
1235	134 
1236	217 
1237	118 
1238	277 
1239	1 
1240	235 
1241	264 
1242	119 
1243	232 
1244	269 
1245	203 
1246	57 
1247	149 
1248	101 
1249	39 
1250	149 
1251	79 
1252	45 
1253	151 
1254	167 
1255	144 
1256	18 
1257	149 
1258	251 
1259	88 
1260	163 
1261	30 
1262	63 
1263	271 
1264	271 
1265	120 
1266	104 
1267	205 
1268	109 
1269	75 
1270	30 
1271	251 
1272	223 
1273	1 
1274	37 
1275	137 
1276	140 
1277	217 
1278	153 
1279	112 
1280	97 
1281	36 
1282	51 
1283	145 
1284	230 
1285	135 
1286	267 
1287	199 
1288	275 
1289	161 
1290	172 
1291	88 
1292	28 
1293	267 
1294	89 
1295	14 
1296	178 
1297	218 
1298	52 
1299	12 
1300	16 
1301	28 
1302	265 
1303	249 
1304	235 
1305	271 
1306	147 
1307	190 
1308	148 
1309	120 
1310	283 
1311	242 
1312	55 
1313	17 
1314	33 
1315	27 
1316	164 
1317	192 
1318	267 
1319	124 
1320	187 
1321	36 
1322	149 
1323	8 
1324	89 
1325	131 
1326	79 
1327	23 
1328	9 
1329	4 
1330	284 
1331	217 
1332	174 
1333	202 
1334	229 
1335	192 
1336	230 
1337	84 
1338	25 
1339	159 
1340	235 
1341	213 
1342	267 
1343	113 
1344	120 
1345	181 
1346	238 
1347	218 
1348	161 
1349	90 
1350	119 
1351	225 
1352	230 
1353	105 
1354	254 
1355	238 
1356	230 
1357	114 
1358	5 
1359	193 
1360	30 
1361	271 
1362	44 
1363	95 
1364	182 
1365	113 
1366	185 
1367	249 
1368	23 
1369	46 
1370	15 
1371	85 
1372	28 
1373	142 
1374	267 
1375	72 
1376	139 
1377	286 
1378	152 
1379	147 
1380	46 
1381	158 
1382	134 
1383	163 
1384	31 
1385	78 
1386	118 
1387	36 
1388	45 
1389	206 
1390	288 
1391	169 
1392	183 
1393	27 
1394	169 
1395	131 
1396	87 
1397	47 
1398	98 
1399	264 
1400	65 
1401	240 
1402	188 
1403	270 
1404	243 
1405	153 
1406	152 
1407	40 
1408	96 
1409	250 
1410	212 
1411	69 
1412	255 
1413	41 
1414	257 
1415	112 
1416	14 
1417	155 
1418	112 
1419	251 
1420	273 
1421	249 
1422	107 
1423	161 
1424	165 
1425	231 
1426	51 
1427	224 
1428	147 
1429	104 
1430	177 
1431	62 
1432	3 
1433	169 
1434	17 
1435	14 
1436	40 
1437	167 
1438	250 
1439	242 
1440	89 
1441	249 
1442	178 
1443	278 
1444	84 
1445	229 
1446	287 
1447	89 
1448	14 
1449	196 
1450	252 
1451	46 
1452	72 
1453	273 
1454	133 
1455	189 
1456	178 
1457	115 
1458	188 
1459	213 
1460	78 
1461	238 
1462	274 
1463	4 
1464	252 
1465	151 
1466	271 
1467	76 
1468	236 
1469	232 
1470	257 
1471	51 
1472	26 
1473	143 
1474	249 
1475	257 
1476	158 
1477	118 
1478	63 
1479	265 
1480	56 
1481	214 
1482	86 
1483	272 
1484	52 
1485	209 
1486	72 
1487	144 
1488	169 
1489	267 
1490	210 
1491	257 
1492	163 
1493	267 
1494	242 
1495	102 
1496	215 
1497	59 
1498	287 
1499	10 
1500	221 
1501	87 
1502	189 
1503	148 
1504	72 
1505	287 
1506	23 
1507	93 
1508	143 
1509	229 
1510	28 
1511	240 
1512	249 
1513	207 
1514	77 
1515	274 
1516	181 
1517	41 
1518	282 
1519	217 
1520	267 
1521	70 
1522	146 
1523	269 
1524	40 
1525	271 
1526	270 
1527	77 
1528	90 
1529	78 
1530	257 
1531	46 
1532	277 
1533	25 
1534	127 
1535	261 
1536	230 
1537	55 
1538	236 
1539	146 
1540	220 
1541	158 
1542	237 
1543	163 
1544	33 
1545	201 
1546	128 
1547	159 
1548	227 
1549	12 
1550	233 
1551	199 
1552	181 
1553	71 
1554	4 
1555	82 
1556	78 
1557	26 
1558	126 
1559	29 
1560	7 
1561	121 
1562	280 
1563	65 
1564	274 
1565	269 
1566	111 
1567	200 
1568	59 
1569	278 
1570	152 
1571	216 
1572	55 
1573	200 
1574	265 
1575	226 
1576	26 
1577	30 
1578	44 
1579	279 
1580	285 
1581	75 
1582	88 
1583	98 
1584	274 
1585	276 
1586	234 
1587	51 
1588	283 
1589	160 
1590	179 
1591	8 
1592	26 
1593	221 
1594	9 
1595	113 
1596	174 
1597	66 
1598	188 
1599	15 
1600	145 
1601	222 
1602	25 
1603	119 
1604	105 
1605	213 
1606	134 
1607	204 
1608	248 
1609	265 
1610	239 
1611	3 
1612	150 
1613	215 
1614	145 
1615	101 
1616	179 
1617	208 
1618	153 
1619	268 
1620	7 
1621	54 
1622	19 
1623	235 
1624	155 
1625	72 
1626	2 
1627	98 
1628	104 
1629	275 
1630	274 
1631	153 
1632	207 
1633	189 
1634	165 
1635	71 
1636	5 
1637	216 
1638	32 
1639	196 
1640	113 
1641	135 
1642	224 
1643	31 
1644	194 
1645	279 
1646	165 
1647	170 
1648	195 
1649	64 
1650	271 
1651	157 
1652	82 
1653	81 
1654	45 
1655	186 
1656	154 
1657	139 
1658	90 
1659	95 
1660	193 
1661	216 
1662	113 
1663	181 
1664	37 
1665	83 
1666	95 
1667	125 
1668	40 
1669	187 
1670	44 
1671	112 
1672	103 
1673	231 
1674	279 
1675	168 
1676	121 
1677	276 
1678	88 
1679	173 
1680	43 
1681	57 
1682	10 
1683	269 
1684	236 
1685	145 
1686	119 
1687	41 
1688	3 
1689	158 
1690	255 
1691	28 
1692	47 
1693	216 
1694	75 
1695	142 
1696	223 
1697	203 
1698	9 
1699	171 
1700	221 
1701	282 
1702	177 
1703	265 
1704	177 
1705	9 
1706	124 
1707	285 
1708	251 
1709	58 
1710	243 
1711	187 
1712	170 
1713	192 
1714	14 
1715	188 
1716	8 
1717	211 
1718	235 
1719	272 
1720	144 
1721	236 
1722	151 
1723	167 
1724	70 
1725	280 
1726	145 
1727	92 
1728	263 
1729	153 
1730	79 
1731	207 
1732	95 
1733	263 
1734	119 
1735	55 
1736	167 
1737	77 
1738	70 
1739	15 
1740	57 
1741	264 
1742	127 
1743	275 
1744	132 
1745	13 
1746	268 
1747	283 
1748	112 
1749	234 
1750	27 
1751	144 
1752	254 
1753	32 
1754	192 
1755	88 
1756	92 
1757	26 
1758	11 
1759	57 
1760	45 
1761	79 
1762	238 
1763	276 
1764	289 
1765	151 
1766	232 
1767	273 
1768	211 
1769	10 
1770	273 
1771	27 
1772	169 
1773	103 
1774	200 
1775	7 
1776	253 
1777	271 
1778	9 
1779	152 
1780	238 
1781	105 
1782	231 
1783	245 
1784	107 
1785	89 
1786	271 
1787	230 
1788	149 
1789	249 
1790	118 
1791	268 
1792	225 
1793	58 
1794	53 
1795	87 
1796	68 
1797	5 
1798	267 
1799	248 
1800	131 
1801	21 
1802	213 
1803	150 
1804	267 
1805	137 
1806	283 
1807	117 
1808	9 
1809	248 
1810	131 
1811	188 
1812	10 
1813	58 
1814	155 
1815	273 
1816	59 
1817	63 
1818	169 
1819	14 
1820	20 
1821	233 
1822	122 
1823	270 
1824	79 
1825	37 
1826	235 
1827	112 
1828	104 
1829	151 
1830	208 
1831	188 
1832	225 
1833	151 
1834	116 
1835	15 
1836	154 
1837	207 
1838	279 
1839	44 
1840	9 
1841	78 
1842	242 
1843	244 
1844	238 
1845	103 
1846	151 
1847	91 
1848	135 
1849	120 
1850	170 
1851	187 
1852	261 
1853	139 
1854	107 
1855	283 
1856	126 
1857	275 
1858	85 
1859	151 
1860	267 
1861	1 
1862	192 
1863	277 
1864	90 
1865	189 
1866	212 
1867	286 
1868	46 
1869	248 
1870	280 
1871	168 
1872	95 
1873	32 
1874	158 
1875	279 
1876	51 
1877	41 
1878	76 
1879	113 
1880	119 
1881	89 
1882	14 
1883	147 
1884	169 
1885	264 
1886	88 
1887	29 
1888	62 
1889	87 
1890	126 
1891	279 
1892	80 
1893	9 
1894	124 
1895	141 
1896	28 
1897	103 
1898	196 
1899	36 
1900	267 
1901	187 
1902	113 
1903	274 
1904	195 
1905	165 
1906	114 
1907	278 
1908	87 
1909	124 
1910	9 
1911	246 
1912	65 
1913	237 
1914	21 
1915	39 
1916	203 
1917	9 
1918	74 
1919	245 
1920	60 
1921	146 
1922	73 
1923	127 
1924	158 
1925	169 
1926	236 
1927	266 
1928	187 
1929	217 
1930	146 
1931	40 
1932	139 
1933	127 
1934	96 
1935	7 
1936	14 
1937	285 
1938	110 
1939	27 
1940	268 
1941	89 
1942	275 
1943	185 
1944	102 
1945	172 
1946	89 
1947	140 
1948	153 
1949	151 
1950	231 
1951	280 
1952	109 
1953	96 
1954	39 
1955	47 
1956	81 
1957	181 
1958	6 
1959	25 
1960	208 
1961	270 
1962	95 
1963	200 
1964	283 
1965	78 
1966	1 
1967	192 
1968	10 
1969	159 
1970	188 
1971	185 
1972	253 
1973	51 
1974	4 
1975	248 
1976	195 
1977	241 
1978	113 
1979	29 
1980	266 
1981	230 
1982	40 
1983	221 
1984	152 
1985	210 
1986	280 
1987	29 
1988	14 
1989	39 
1990	54 
1991	154 
1992	112 
1993	194 
1994	154 
1995	193 
1996	186 
1997	56 
1998	263 
1999	223 
2000	210 
2001	2 
2002	239 
2003	242 
2004	114 
2005	4 
2006	118 
2007	94 
2008	93 
2009	42 
2010	216 
2011	51 
2012	170 
2013	182 
2014	89 
2015	215 
2016	12 
2017	187 
2018	178 
2019	162 
2020	249 
2021	171 
2022	147 
2023	161 
2024	69 
2025	51 
2026	80 
2027	141 
2028	123 
2029	240 
2030	104 
2031	268 
2032	151 
2033	114 
2034	44 
2035	111 
2036	200 
2037	165 
2038	256 
2039	88 
2040	101 
2041	220 
2042	216 
2043	279 
2044	206 
2045	155 
2046	79 
2047	27 
2048	40 
2049	79 
2050	270 
2051	9 
2052	158 
2053	278 
2054	56 
2055	88 
2056	215 
2057	273 
2058	258 
2059	103 
2060	183 
2061	40 
2062	268 
2063	95 
2064	9 
2065	225 
2066	221 
2067	117 
2068	55 
2069	192 
2070	100 
2071	199 
2072	232 
2073	250 
2074	235 
2075	260 
2076	285 
2077	181 
2078	273 
2079	56 
2080	95 
2081	114 
2082	71 
2083	112 
2084	181 
2085	133 
2086	8 
2087	243 
2088	12 
2089	7 
2090	279 
2091	167 
2092	168 
2093	19 
2094	12 
2095	53 
2096	242 
2097	271 
2098	105 
2099	278 
2100	27 
2101	20 
2102	111 
2103	67 
2104	266 
2105	136 
2106	89 
2107	59 
2108	59 
2109	165 
2110	134 
2111	193 
2112	256 
2113	197 
2114	228 
2115	279 
2116	99 
2117	149 
2118	264 
2119	280 
2120	170 
2121	199 
2122	105 
2123	89 
2124	199 
2125	198 
2126	144 
2127	1 
2128	163 
2129	287 
2130	221 
2131	145 
2132	69 
2133	95 
2134	88 
2135	70 
2136	49 
2137	262 
2138	70 
2139	269 
2140	220 
2141	15 
2142	75 
2143	181 
2144	33 
2145	60 
2146	270 
2147	220 
2148	107 
2149	185 
2150	239 
2151	144 
2152	250 
2153	170 
2154	232 
2155	251 
2156	102 
2157	9 
2158	138 
2159	165 
2160	85 
2161	98 
2162	30 
2163	262 
2164	260 
2165	199 
2166	106 
2167	82 
2168	242 
2169	164 
2170	74 
2171	284 
2172	102 
2173	14 
2174	144 
2175	147 
2176	246 
2177	4 
2178	279 
2179	77 
2180	214 
2181	61 
2182	91 
2183	221 
2184	111 
2185	115 
2186	245 
2187	206 
2188	12 
2189	40 
2190	104 
2191	44 
2192	154 
2193	167 
2194	177 
2195	92 
2196	232 
2197	132 
2198	148 
2199	232 
2200	14 
2201	14 
2202	213 
2203	180 
2204	9 
2205	274 
2206	119 
2207	28 
2208	4 
2209	242 
2210	216 
2211	274 
2212	190 
2213	224 
2214	195 
2215	257 
2216	12 
2217	217 
2218	95 
2219	118 
2220	119 
2221	230 
2222	158 
2223	68 
2224	154 
2225	153 
2226	267 
2227	257 
2228	163 
2229	144 
2230	65 
2231	39 
2232	12 
2233	79 
2234	177 
2235	274 
2236	228 
2237	245 
2238	14 
2239	227 
2240	156 
2241	98 
2242	263 
2243	120 
2244	91 
2245	153 
2246	251 
2247	231 
2248	52 
2249	232 
2250	264 
2251	12 
2252	279 
2253	34 
2254	152 
2255	77 
2256	126 
2257	217 
2258	88 
2259	14 
2260	285 
2261	126 
2262	250 
2263	10 
2264	258 
2265	2 
2266	89 
2267	113 
2268	242 
2269	124 
2270	131 
2271	284 
2272	153 
2273	274 
2274	120 
2275	229 
2276	79 
2277	268 
2278	154 
2279	105 
2280	76 
2281	213 
2282	229 
2283	280 
2284	270 
2285	181 
2286	255 
2287	268 
2288	115 
2289	51 
2290	276 
2291	35 
2292	275 
2293	37 
2294	119 
2295	279 
2296	37 
2297	8 
2298	277 
2299	285 
2300	12 
2301	68 
2302	131 
2303	28 
2304	34 
2305	6 
2306	1 
2307	279 
2308	198 
2309	37 
2310	67 
2311	257 
2312	126 
2313	177 
2314	40 
2315	154 
2316	249 
2317	167 
2318	124 
2319	272 
2320	200 
2321	163 
2322	49 
2323	285 
2324	25 
2325	70 
2326	114 
2327	210 
2328	15 
2329	176 
2330	185 
2331	168 
2332	66 
2333	225 
2334	13 
2335	102 
2336	9 
2337	213 
2338	142 
2339	217 
2340	153 
2341	108 
2342	15 
2343	214 
2344	97 
2345	286 
2346	88 
2347	139 
2348	257 
2349	214 
2350	166 
2351	187 
2352	158 
2353	144 
2354	188 
2355	57 
2356	28 
2357	45 
2358	98 
2359	88 
2360	55 
2361	177 
2362	248 
2363	25 
2364	163 
2365	242 
2366	77 
2367	151 
2368	283 
2369	170 
2370	232 
2371	85 
2372	279 
2373	125 
2374	78 
2375	229 
2376	267 
2377	28 
2378	19 
2379	7 
2380	221 
2381	259 
2382	230 
2383	39 
2384	279 
2385	249 
2386	97 
2387	283 
2388	105 
2389	1 
2390	12 
2391	270 
2392	265 
2393	68 
2394	283 
2395	254 
2396	15 
2397	89 
2398	226 
2399	244 
2400	3 
2401	151 
2402	152 
2403	9 
2404	192 
2405	245 
2406	27 
2407	66 
2408	137 
2409	216 
2410	15 
2411	94 
2412	17 
2413	271 
2414	13 
2415	168 
2416	140 
2417	118 
2418	28 
2419	25 
2420	203 
2421	131 
2422	125 
2423	257 
2424	252 
2425	31 
2426	253 
2427	256 
2428	270 
2429	180 
2430	102 
2431	58 
2432	27 
2433	177 
2434	205 
2435	265 
2436	148 
2437	79 
2438	56 
2439	277 
2440	248 
2441	190 
2442	199 
2443	273 
2444	36 
2445	23 
2446	249 
2447	47 
2448	268 
2449	5 
2450	274 
2451	275 
2452	265 
2453	70 
2454	236 
2455	228 
2456	16 
2457	89 
2458	107 
2459	158 
2460	133 
2461	73 
2462	234 
2463	246 
2464	130 
2465	259 
2466	118 
2467	31 
2468	27 
2469	36 
2470	247 
2471	87 
2472	147 
2473	89 
2474	69 
2475	221 
2476	121 
2477	45 
2478	275 
2479	257 
2480	123 
2481	89 
2482	112 
2483	83 
2484	199 
2485	176 
2486	267 
2487	191 
2488	128 
2489	157 
2490	22 
2491	56 
2492	252 
2493	284 
2494	275 
2495	4 
2496	33 
2497	95 
2498	83 
2499	271 
2500	76 
2501	89 
2502	131 
2503	248 
2504	14 
2505	52 
2506	78 
2507	112 
2508	17 
2509	216 
2510	101 
2511	98 
2512	146 
2513	104 
2514	231 
2515	194 
2516	10 
2517	248 
2518	287 
2519	172 
2520	225 
2521	70 
2522	120 
2523	127 
2524	145 
2525	151 
2526	221 
2527	83 
2528	282 
2529	192 
2530	8 
2531	112 
2532	153 
2533	223 
2534	140 
2535	97 
2536	28 
2537	268 
2538	50 
2539	187 
2540	37 
2541	179 
2542	139 
2543	258 
2544	39 
2545	60 
2546	143 
2547	183 
2548	204 
2549	12 
2550	9 
2551	280 
2552	70 
2553	49 
2554	97 
2555	12 
2556	144 
2557	145 
2558	280 
2559	214 
2560	128 
2561	269 
2562	184 
2563	144 
2564	29 
2565	216 
2566	243 
2567	93 
2568	88 
2569	152 
2570	151 
2571	158 
2572	102 
2573	270 
2574	51 
2575	82 
2576	178 
2577	104 
2578	117 
2579	214 
2580	203 
2581	279 
2582	154 
2583	238 
2584	269 
2585	126 
2586	214 
2587	149 
2588	77 
2589	54 
2590	89 
2591	14 
2592	149 
2593	88 
2594	236 
2595	258 
2596	198 
2597	269 
2598	118 
2599	154 
2600	203 
2601	214 
2602	200 
2603	269 
2604	7 
2605	104 
2606	152 
2607	268 
2608	240 
2609	118 
2610	153 
2611	39 
2612	90 
2613	274 
2614	143 
2615	192 
2616	9 
2617	235 
2618	159 
2619	102 
2620	165 
2621	163 
2622	73 
2623	87 
2624	132 
2625	231 
2626	126 
2627	45 
2628	127 
2629	239 
2630	55 
2631	82 
2632	39 
2633	78 
2634	159 
2635	233 
2636	170 
2637	16 
2638	150 
2639	269 
2640	88 
2641	242 
2642	267 
2643	226 
2644	76 
2645	153 
2646	121 
2647	28 
2648	37 
2649	283 
2650	245 
2651	196 
2652	232 
2653	70 
2654	217 
2655	7 
2656	88 
2657	289 
2658	2 
2659	12 
2660	133 
2661	183 
2662	75 
2663	67 
2664	104 
2665	269 
2666	230 
2667	131 
2668	52 
2669	12 
2670	89 
2671	236 
2672	159 
2673	130 
2674	7 
2675	271 
2676	61 
2677	149 
2678	1 
2679	125 
2680	57 
2681	63 
2682	7 
2683	190 
2684	36 
2685	104 
2686	181 
2687	2 
2688	27 
2689	192 
2690	37 
2691	251 
2692	154 
2693	26 
2694	279 
2695	1 
2696	166 
2697	274 
2698	282 
2699	187 
2700	147 
2701	231 
2702	274 
2703	46 
2704	285 
2705	103 
2706	1 
2707	125 
2708	282 
2709	72 
2710	192 
2711	110 
2712	218 
2713	135 
2714	274 
2715	70 
2716	3 
2717	71 
2718	201 
2719	36 
2720	151 
2721	72 
2722	4 
2723	274 
2724	207 
2725	258 
2726	232 
2727	40 
2728	182 
2729	108 
2730	112 
2731	197 
2732	107 
2733	251 
2734	199 
2735	23 
2736	156 
2737	238 
2738	63 
2739	281 
2740	76 
2741	217 
2742	40 
2743	118 
2744	114 
2745	202 
2746	187 
2747	59 
2748	226 
2749	276 
2750	182 
2751	158 
2752	164 
2753	171 
2754	5 
2755	223 
2756	112 
2757	113 
2758	162 
2759	283 
2760	261 
2761	231 
2762	242 
2763	280 
2764	104 
2765	20 
2766	67 
2767	263 
2768	84 
2769	46 
2770	270 
2771	199 
2772	214 
2773	189 
2774	168 
2775	59 
2776	280 
2777	158 
2778	88 
2779	220 
2780	76 
2781	257 
2782	277 
2783	25 
2784	242 
2785	73 
2786	51 
2787	187 
2788	172 
2789	209 
2790	153 
2791	131 
2792	211 
2793	215 
2794	231 
2795	218 
2796	249 
2797	186 
2798	230 
2799	40 
2800	213 
2801	210 
2802	171 
2803	95 
2804	255 
2805	22 
2806	265 
2807	105 
2808	36 
2809	98 
2810	50 
2811	51 
2812	200 
2813	176 
2814	142 
2815	29 
2816	221 
2817	288 
2818	33 
2819	136 
2820	270 
2821	265 
2822	214 
2823	253 
2824	270 
2825	125 
2826	132 
2827	131 
2828	181 
2829	104 
2830	126 
2831	274 
2832	37 
2833	32 
2834	114 
2835	27 
2836	38 
2837	50 
2838	17 
2839	48 
2840	268 
2841	206 
2842	212 
2843	266 
2844	145 
2845	67 
2846	25 
2847	44 
2848	230 
2849	271 
2850	79 
2851	12 
2852	238 
2853	85 
2854	10 
2855	155 
2856	87 
2857	176 
2858	151 
2859	28 
2860	68 
2861	97 
2862	267 
2863	156 
2864	158 
2865	67 
2866	40 
2867	272 
2868	164 
2869	18 
2870	245 
2871	226 
2872	172 
2873	135 
2874	2 
2875	274 
2876	10 
2877	212 
2878	275 
2879	40 
2880	52 
2881	185 
2882	126 
2883	257 
2884	112 
2885	274 
2886	89 
2887	271 
2888	265 
2889	72 
2890	262 
2891	110 
2892	131 
2893	275 
2894	46 
2895	7 
2896	40 
2897	39 
2898	153 
2899	215 
2900	239 
2901	210 
2902	271 
2903	15 
2904	285 
2905	189 
2906	245 
2907	51 
2908	101 
2909	57 
2910	191 
2911	254 
2912	248 
2913	210 
2914	192 
2915	149 
2916	199 
2917	45 
2918	213 
2919	165 
2920	187 
2921	27 
2922	231 
2923	45 
2924	242 
2925	26 
2926	226 
2927	72 
2928	39 
2929	234 
2930	220 
2931	103 
2932	172 
2933	237 
2934	56 
2935	271 
2936	51 
2937	185 
2938	241 
2939	90 
2940	177 
2941	241 
2942	232 
2943	262 
2944	181 
2945	271 
2946	196 
2947	183 
2948	147 
2949	40 
2950	69 
2951	196 
2952	125 
2953	275 
2954	240 
2955	92 
2956	9 
2957	118 
2958	19 
2959	216 
2960	232 
2961	271 
2962	230 
2963	80 
2964	232 
2965	168 
2966	25 
2967	135 
2968	22 
2969	37 
2970	31 
2971	14 
2972	14 
2973	147 
2974	94 
2975	98 
2976	124 
2977	279 
2978	15 
2979	154 
2980	1 
2981	281 
2982	10 
2983	133 
2984	7 
2985	18 
2986	122 
2987	114 
2988	194 
2989	257 
2990	110 
2991	85 
2992	181 
2993	177 
2994	270 
2995	43 
2996	161 
2997	230 
2998	229 
2999	9 
3000	158 
3001	15 
3002	269 
3003	21 
3004	156 
3005	59 
3006	102 
3007	194 
3008	267 
3009	231 
3010	248 
3011	28 
3012	270 
3013	267 
3014	248 
3015	268 
3016	151 
3017	31 
3018	58 
3019	70 
3020	71 
3021	217 
3022	107 
3023	144 
3024	12 
3025	78 
3026	235 
3027	90 
3028	10 
3029	232 
3030	173 
3031	275 
3032	56 
3033	76 
3034	260 
3035	150 
3036	139 
3037	213 
3038	119 
3039	270 
3040	145 
3041	189 
3042	145 
3043	248 
3044	166 
3045	271 
3046	268 
3047	250 
3048	138 
3049	238 
3050	70 
3051	40 
3052	12 
3053	93 
3054	214 
3055	86 
3056	226 
3057	60 
3058	151 
3059	59 
3060	265 
3061	126 
3062	279 
3063	89 
3064	174 
3065	112 
3066	138 
3067	226 
3068	288 
3069	268 
3070	97 
3071	234 
3072	85 
3073	289 
3074	89 
3075	215 
3076	212 
3077	250 
3078	26 
3079	175 
3080	130 
3081	259 
3082	249 
3083	9 
3084	181 
3085	165 
3086	10 
3087	35 
3088	100 
3089	89 
3090	239 
3091	90 
3092	199 
3093	47 
3094	88 
3095	172 
3096	250 
3097	63 
3098	277 
3099	66 
3100	130 
3101	12 
3102	174 
3103	131 
3104	99 
3105	61 
3106	85 
3107	81 
3108	97 
3109	272 
3110	63 
3111	61 
3112	154 
3113	236 
3114	189 
3115	32 
3116	78 
3117	1 
3118	248 
3119	152 
3120	257 
3121	14 
3122	37 
3123	154 
3124	63 
3125	168 
3126	13 
3127	124 
3128	139 
3129	269 
3130	156 
3131	118 
3132	28 
3133	134 
3134	161 
3135	88 
3136	120 
3137	274 
3138	109 
3139	242 
3140	163 
3141	268 
3142	86 
3143	142 
3144	182 
3145	165 
3146	70 
3147	76 
3148	34 
3149	79 
3150	265 
3151	10 
3152	153 
3153	24 
3154	168 
3155	103 
3156	265 
3157	145 
3158	118 
3159	257 
3160	118 
3161	161 
3162	153 
3163	271 
3164	85 
3165	70 
3166	131 
3167	154 
3168	127 
3169	92 
3170	277 
3171	12 
3172	19 
3173	20 
3174	178 
3175	78 
3176	5 
3177	264 
3178	34 
3179	236 
3180	92 
3181	162 
3182	117 
3183	30 
3184	51 
3185	189 
3186	175 
3187	85 
3188	36 
3189	7 
3190	206 
3191	37 
3192	48 
3193	50 
3194	228 
3195	40 
3196	281 
3197	172 
3198	131 
3199	232 
3200	229 
3201	192 
3202	56 
3203	248 
3204	231 
3205	175 
3206	77 
3207	84 
3208	280 
3209	188 
3210	120 
3211	150 
3212	222 
3213	7 
3214	242 
3215	199 
3216	226 
3217	276 
3218	120 
3219	273 
3220	200 
3221	249 
3222	187 
3223	217 
3224	147 
3225	220 
3226	89 
3227	164 
3228	14 
3229	243 
3230	178 
3231	215 
3232	192 
3233	168 
3234	72 
3235	199 
3236	106 
3237	232 
3238	16 
3239	120 
3240	19 
3241	56 
3242	168 
3243	122 
3244	40 
3245	287 
3246	6 
3247	28 
3248	124 
3249	250 
3250	248 
3251	271 
3252	248 
3253	175 
3254	48 
3255	270 
3256	249 
3257	280 
3258	89 
3259	79 
3260	98 
3261	156 
3262	89 
3263	40 
3264	217 
3265	134 
3266	238 
3267	76 
3268	85 
3269	30 
3270	266 
3271	66 
3272	33 
3273	156 
3274	51 
3275	153 
3276	180 
3277	156 
3278	72 
3279	126 
3280	59 
3281	138 
3282	158 
3283	21 
3284	217 
3285	100 
3286	242 
3287	129 
3288	205 
3289	146 
3290	242 
3291	59 
3292	151 
3293	155 
3294	116 
3295	241 
3296	79 
3297	43 
3298	27 
3299	249 
3300	40 
3301	188 
3302	109 
3303	73 
3304	79 
3305	227 
3306	216 
3307	42 
3308	273 
3309	92 
3310	50 
3311	188 
3312	29 
3313	279 
3314	200 
3315	283 
3316	120 
3317	266 
3318	115 
3319	244 
3320	264 
3321	285 
3322	264 
3323	286 
3324	163 
3325	86 
3326	153 
3327	95 
3328	238 
3329	80 
3330	278 
3331	163 
3332	210 
3333	161 
3334	163 
3335	274 
3336	190 
3337	40 
3338	134 
3339	173 
3340	255 
3341	104 
3342	270 
3343	275 
3344	271 
3345	268 
3346	28 
3347	284 
3348	12 
3349	7 
3350	241 
3351	40 
3352	161 
3353	47 
3354	140 
3355	56 
3356	139 
3357	179 
3358	112 
3359	118 
3360	120 
3361	240 
3362	103 
3363	188 
3364	12 
3365	9 
3366	50 
3367	214 
3368	145 
3369	271 
3370	85 
3371	249 
3372	125 
3373	85 
3374	208 
3375	56 
3376	171 
3377	235 
3378	42 
3379	15 
3380	189 
3381	215 
3382	20 
3383	219 
3384	185 
3385	221 
3386	34 
3387	28 
3388	10 
3389	250 
3390	28 
3391	229 
3392	39 
3393	88 
3394	266 
3395	3 
3396	115 
3397	212 
3398	249 
3399	280 
3400	34 
3401	249 
3402	245 
3403	79 
3404	54 
3405	187 
3406	264 
3407	241 
3408	232 
3409	262 
3410	89 
3411	191 
3412	101 
3413	121 
3414	36 
3415	138 
3416	201 
3417	63 
3418	89 
3419	130 
3420	248 
3421	233 
3422	204 
3423	192 
3424	126 
3425	119 
3426	76 
3427	90 
3428	42 
3429	85 
3430	214 
3431	105 
3432	1 
3433	161 
3434	134 
3435	216 
3436	28 
3437	180 
3438	222 
3439	73 
3440	273 
3441	32 
3442	133 
3443	260 
3444	256 
3445	284 
3446	93 
3447	90 
3448	85 
3449	138 
3450	211 
3451	279 
3452	287 
3453	221 
3454	152 
3455	31 
3456	112 
3457	278 
3458	58 
3459	104 
3460	161 
3461	135 
3462	28 
3463	116 
3464	188 
3465	170 
3466	214 
3467	56 
3468	285 
3469	192 
3470	279 
3471	18 
3472	275 
3473	283 
3474	64 
3475	108 
3476	27 
3477	86 
3478	144 
3479	33 
3480	156 
3481	141 
3482	118 
3483	122 
3484	216 
3485	177 
3486	137 
3487	88 
3488	146 
3489	187 
3490	268 
3491	61 
3492	169 
3493	160 
3494	45 
3495	251 
3496	271 
3497	76 
3498	88 
3499	112 
3500	170 
3501	277 
3502	237 
3503	93 
3504	169 
3505	27 
3506	158 
3507	57 
3508	151 
3509	168 
3510	83 
3511	23 
3512	173 
3513	149 
3514	53 
3515	94 
3516	56 
3517	139 
3518	89 
3519	158 
3520	274 
3521	114 
3522	285 
3523	248 
3524	142 
3525	288 
3526	95 
3527	126 
3528	20 
3529	265 
3530	206 
3531	268 
3532	109 
3533	216 
3534	150 
3535	118 
3536	214 
3537	10 
3538	49 
3539	274 
3540	102 
3541	199 
3542	7 
3543	8 
3544	230 
3545	144 
3546	187 
3547	206 
3548	151 
3549	103 
3550	268 
3551	105 
3552	192 
3553	1 
3554	150 
3555	212 
3556	180 
3557	89 
3558	105 
3559	37 
3560	190 
3561	168 
3562	221 
3563	9 
3564	32 
3565	83 
3566	1 
3567	235 
3568	52 
3569	179 
3570	265 
3571	116 
3572	209 
3573	151 
3574	274 
3575	161 
3576	193 
3577	237 
3578	120 
3579	277 
3580	186 
3581	57 
3582	120 
3583	52 
3584	225 
3585	12 
3586	85 
3587	91 
3588	139 
3589	188 
3590	270 
3591	129 
3592	208 
3593	132 
3594	158 
3595	79 
3596	152 
3597	115 
3598	78 
3599	103 
3600	6 
3601	150 
3602	21 
3603	264 
3604	75 
3605	248 
3606	198 
3607	136 
3608	38 
3609	98 
3610	274 
3611	29 
3612	57 
3613	71 
3614	152 
3615	283 
3616	286 
3617	236 
3618	267 
3619	280 
3620	16 
3621	227 
3622	224 
3623	134 
3624	131 
3625	7 
3626	256 
3627	17 
3628	187 
3629	57 
3630	141 
3631	186 
3632	8 
3633	224 
3634	285 
3635	242 
3636	230 
3637	126 
3638	236 
3639	177 
3640	27 
3641	190 
3642	214 
3643	126 
3644	221 
3645	52 
3646	19 
3647	69 
3648	202 
3649	171 
3650	43 
3651	163 
3652	129 
3653	285 
3654	156 
3655	95 
3656	27 
3657	250 
3658	208 
3659	27 
3660	71 
3661	191 
3662	70 
3663	46 
3664	7 
3665	171 
3666	154 
3667	70 
3668	80 
3669	245 
3670	260 
3671	42 
3672	249 
3673	144 
3674	192 
3675	173 
3676	98 
3677	106 
3678	13 
3679	248 
3680	75 
3681	26 
3682	1 
3683	116 
3684	121 
3685	53 
3686	145 
3687	64 
3688	74 
3689	61 
3690	221 
3691	113 
3692	26 
3693	277 
3694	244 
3695	127 
3696	21 
3697	131 
3698	70 
3699	248 
3700	12 
3701	14 
3702	28 
3703	283 
3704	47 
3705	217 
3706	95 
3707	264 
3708	157 
3709	91 
3710	213 
3711	249 
3712	188 
3713	200 
3714	78 
3715	192 
3716	142 
3717	165 
3718	113 
3719	80 
3720	88 
3721	193 
3722	13 
3723	278 
3724	51 
3725	95 
3726	59 
3727	154 
3728	76 
3729	28 
3730	130 
3731	83 
3732	123 
3733	199 
3734	268 
3735	53 
3736	165 
3737	131 
3738	144 
3739	214 
3740	210 
3741	40 
3742	60 
3743	257 
3744	122 
3745	235 
3746	113 
3747	213 
3748	84 
3749	48 
3750	192 
3751	71 
3752	20 
3753	172 
3754	21 
3755	154 
3756	135 
3757	176 
3758	39 
3759	161 
3760	156 
3761	255 
3762	262 
3763	56 
3764	30 
3765	271 
3766	232 
3767	151 
3768	161 
3769	249 
3770	45 
3771	71 
3772	90 
3773	169 
3774	163 
3775	279 
3776	131 
3777	261 
3778	280 
3779	126 
3780	230 
3781	251 
3782	44 
3783	275 
3784	246 
3785	265 
3786	90 
3787	126 
3788	177 
3789	273 
3790	12 
3791	152 
3792	89 
3793	124 
3794	279 
3795	151 
3796	14 
3797	275 
3798	6 
3799	106 
3800	12 
3801	104 
3802	199 
3803	106 
3804	123 
3805	271 
3806	213 
3807	273 
3808	7 
3809	15 
3810	214 
3811	88 
3812	288 
3813	263 
3814	207 
3815	174 
3816	65 
3817	62 
3818	103 
3819	66 
3820	225 
3821	151 
3822	149 
3823	220 
3824	207 
3825	88 
3826	238 
3827	279 
3828	25 
3829	27 
3830	177 
3831	65 
3832	30 
3833	28 
3834	99 
3835	49 
3836	128 
3837	12 
3838	154 
3839	46 
3840	110 
3841	280 
3842	128 
3843	10 
3844	161 
3845	247 
3846	274 
3847	77 
3848	133 
3849	261 
3850	219 
3851	166 
3852	238 
3853	277 
3854	68 
3855	30 
3856	210 
3857	9 
3858	131 
3859	40 
3860	214 
3861	250 
3862	12 
3863	52 
3864	248 
3865	6 
3866	97 
3867	279 
3868	187 
3869	167 
3870	232 
3871	20 
3872	147 
3873	216 
3874	122 
3875	249 
3876	26 
3877	58 
3878	96 
3879	233 
3880	51 
3881	189 
3882	40 
3883	85 
3884	151 
3885	267 
3886	158 
3887	193 
3888	75 
3889	120 
3890	263 
3891	105 
3892	132 
3893	283 
3894	28 
3895	36 
3896	103 
3897	105 
3898	103 
3899	27 
3900	274 
3901	153 
3902	12 
3903	45 
3904	252 
3905	192 
3906	124 
3907	104 
3908	238 
3909	264 
3910	223 
3911	76 
3912	40 
3913	276 
3914	12 
3915	89 
3916	28 
3917	42 
3918	135 
3919	121 
3920	51 
3921	131 
3922	127 
3923	45 
3924	196 
3925	67 
3926	240 
3927	208 
3928	224 
3929	181 
3930	288 
3931	275 
3932	144 
3933	163 
3934	181 
3935	17 
3936	268 
3937	150 
3938	74 
3939	40 
3940	37 
3941	144 
3942	118 
3943	260 
3944	46 
3945	132 
3946	279 
3947	212 
3948	27 
3949	265 
3950	102 
3951	7 
3952	95 
3953	123 
3954	62 
3955	131 
3956	287 
3957	107 
3958	80 
3959	61 
3960	199 
3961	93 
3962	124 
3963	91 
3964	14 
3965	187 
3966	158 
3967	131 
3968	148 
3969	184 
3970	89 
3971	224 
3972	128 
3973	90 
3974	161 
3975	40 
3976	154 
3977	120 
3978	164 
3979	187 
3980	158 
3981	39 
3982	136 
3983	181 
3984	143 
3985	210 
3986	276 
3987	200 
3988	195 
3989	278 
3990	151 
3991	69 
3992	283 
3993	257 
3994	102 
3995	193 
3996	131 
3997	226 
3998	192 
3999	45 
4000	168 
4001	2 
4002	196 
4003	105 
4004	73 
4005	222 
4006	181 
4007	135 
4008	108 
4009	40 
4010	171 
4011	37 
4012	218 
4013	269 
4014	260 
4015	67 
4016	226 
4017	55 
4018	185 
4019	12 
4020	145 
4021	283 
4022	230 
4023	177 
4024	131 
4025	33 
4026	71 
4027	144 
4028	141 
4029	153 
4030	4 
4031	62 
4032	117 
4033	218 
4034	274 
4035	271 
4036	235 
4037	118 
4038	192 
4039	246 
4040	118 
4041	265 
4042	59 
4043	169 
4044	219 
4045	220 
4046	279 
4047	279 
4048	261 
4049	261 
4050	154 
4051	89 
4052	33 
4053	188 
4054	170 
4055	225 
4056	79 
4057	175 
4058	285 
4059	115 
4060	118 
4061	144 
4062	249 
4063	209 
4064	69 
4065	93 
4066	181 
4067	78 
4068	169 
4069	79 
4070	283 
4071	139 
4072	130 
4073	146 
4074	280 
4075	165 
4076	129 
4077	232 
4078	18 
4079	245 
4080	97 
4081	107 
4082	265 
4083	106 
4084	9 
4085	186 
4086	187 
4087	279 
4088	51 
4089	105 
4090	143 
4091	36 
4092	195 
4093	66 
4094	167 
4095	80 
4096	223 
4097	279 
4098	126 
4099	270 
4100	9 
4101	203 
4102	94 
4103	270 
4104	57 
4105	156 
4106	232 
4107	66 
4108	52 
4109	121 
4110	232 
4111	232 
4112	270 
4113	174 
4114	287 
4115	132 
4116	267 
4117	236 
4118	151 
4119	24 
4120	181 
4121	7 
4122	277 
4123	214 
4124	27 
4125	165 
4126	120 
4127	124 
4128	1 
4129	249 
4130	82 
4131	34 
4132	69 
4133	267 
4134	147 
4135	216 
4136	212 
4137	256 
4138	223 
4139	14 
4140	284 
4141	87 
4142	158 
4143	130 
4144	214 
4145	152 
4146	245 
4147	231 
4148	9 
4149	165 
4150	181 
4151	241 
4152	231 
4153	182 
4154	103 
4155	283 
4156	12 
4157	265 
4158	271 
4159	187 
4160	44 
4161	223 
4162	32 
4163	165 
4164	68 
4165	171 
4166	221 
4167	30 
4168	88 
4169	236 
4170	57 
4171	17 
4172	199 
4173	201 
4174	40 
4175	171 
4176	25 
4177	165 
4178	142 
4179	200 
4180	227 
4181	271 
4182	168 
4183	245 
4184	115 
4185	264 
4186	232 
4187	71 
4188	115 
4189	14 
4190	243 
4191	187 
4192	118 
4193	192 
4194	111 
4195	248 
4196	188 
4197	40 
4198	213 
4199	110 
4200	239 
4201	164 
4202	23 
4203	124 
4204	174 
4205	274 
4206	156 
4207	280 
4208	280 
4209	115 
4210	152 
4211	230 
4212	126 
4213	10 
4214	91 
4215	192 
4216	27 
4217	228 
4218	120 
4219	184 
4220	252 
4221	98 
4222	206 
4223	232 
4224	253 
4225	71 
4226	94 
4227	98 
4228	2 
4229	257 
4230	115 
4231	7 
4232	287 
4233	277 
4234	273 
4235	192 
4236	105 
4237	152 
4238	200 
4239	221 
4240	283 
4241	37 
4242	151 
4243	144 
4244	99 
4245	103 
4246	221 
4247	171 
4248	89 
4249	205 
4250	98 
4251	120 
4252	179 
4253	114 
4254	23 
4255	210 
4256	99 
4257	168 
4258	152 
4259	253 
4260	125 
4261	116 
4262	121 
4263	151 
4264	33 
4265	58 
4266	138 
4267	115 
4268	196 
4269	266 
4270	1 
4271	105 
4272	245 
4273	113 
4274	15 
4275	253 
4276	7 
4277	187 
4278	105 
4279	161 
4280	158 
4281	14 
4282	187 
4283	52 
4284	91 
4285	104 
4286	27 
4287	142 
4288	188 
4289	211 
4290	119 
4291	70 
4292	63 
4293	209 
4294	130 
4295	235 
4296	199 
4297	197 
4298	275 
4299	286 
4300	232 
4301	95 
4302	257 
4303	16 
4304	37 
4305	151 
4306	106 
4307	66 
4308	204 
4309	162 
4310	57 
4311	244 
4312	126 
4313	56 
4314	267 
4315	27 
4316	130 
4317	117 
4318	131 
4319	198 
4320	118 
4321	56 
4322	256 
4323	7 
4324	213 
4325	286 
4326	131 
4327	56 
4328	94 
4329	88 
4330	100 
4331	27 
4332	270 
4333	56 
4334	148 
4335	193 
4336	277 
4337	7 
4338	62 
4339	88 
4340	90 
4341	229 
4342	181 
4343	217 
4344	199 
4345	244 
4346	80 
4347	9 
4348	199 
4349	239 
4350	233 
4351	165 
4352	279 
4353	158 
4354	147 
4355	221 
4356	144 
4357	15 
4358	155 
4359	177 
4360	144 
4361	21 
4362	199 
4363	246 
4364	210 
4365	230 
4366	84 
4367	285 
4368	4 
4369	244 
4370	72 
4371	264 
4372	58 
4373	275 
4374	236 
4375	152 
4376	196 
4377	120 
4378	49 
4379	242 
4380	100 
4381	118 
4382	130 
4383	187 
4384	20 
4385	139 
4386	37 
4387	51 
4388	56 
4389	126 
4390	214 
4391	212 
4392	126 
4393	199 
4394	188 
4395	185 
4396	40 
4397	51 
4398	120 
4399	46 
4400	9 
4401	193 
4402	130 
4403	28 
4404	258 
4405	274 
4406	199 
4407	261 
4408	7 
4409	268 
4410	187 
4411	39 
4412	91 
4413	275 
4414	277 
4415	274 
4416	35 
4417	70 
4418	215 
4419	126 
4420	78 
4421	112 
4422	173 
4423	265 
4424	129 
4425	154 
4426	78 
4427	252 
4428	239 
4429	283 
4430	69 
4431	12 
4432	151 
4433	279 
4434	198 
4435	188 
4436	94 
4437	187 
4438	269 
4439	174 
4440	15 
4441	166 
4442	215 
4443	12 
4444	38 
4445	33 
4446	226 
4447	56 
4448	105 
4449	87 
4450	130 
4451	88 
4452	119 
4453	219 
4454	249 
4455	244 
4456	280 
4457	189 
4458	20 
4459	158 
4460	70 
4461	61 
4462	267 
4463	119 
4464	215 
4465	154 
4466	130 
4467	66 
4468	130 
4469	269 
4470	98 
4471	265 
4472	97 
4473	253 
4474	43 
4475	70 
4476	154 
4477	87 
4478	168 
4479	176 
4480	283 
4481	152 
4482	204 
4483	153 
4484	283 
4485	257 
4486	70 
4487	77 
4488	268 
4489	128 
4490	58 
4491	199 
4492	73 
4493	75 
4494	103 
4495	165 
4496	175 
4497	273 
4498	88 
4499	2 
4500	213 
4501	70 
4502	120 
4503	144 
4504	72 
4505	51 
4506	89 
4507	63 
4508	115 
4509	66 
4510	44 
4511	248 
4512	158 
4513	10 
4514	156 
4515	118 
4516	32 
4517	146 
4518	272 
4519	246 
4520	135 
4521	179 
4522	289 
4523	12 
4524	201 
4525	102 
4526	277 
4527	118 
4528	220 
4529	156 
4530	116 
4531	271 
4532	254 
4533	252 
4534	240 
4535	76 
4536	145 
4537	144 
4538	153 
4539	231 
4540	110 
4541	84 
4542	202 
4543	202 
4544	14 
4545	169 
4546	271 
4547	9 
4548	166 
4549	29 
4550	279 
4551	77 
4552	63 
4553	88 
4554	189 
4555	279 
4556	163 
4557	103 
4558	153 
4559	18 
4560	220 
4561	15 
4562	235 
4563	154 
4564	264 
4565	88 
4566	94 
4567	258 
4568	205 
4569	192 
4570	251 
4571	146 
4572	45 
4573	20 
4574	104 
4575	205 
4576	76 
4577	62 
4578	59 
4579	74 
4580	118 
4581	12 
4582	114 
4583	265 
4584	208 
4585	153 
4586	35 
4587	232 
4588	248 
4589	245 
4590	27 
4591	95 
4592	199 
4593	41 
4594	163 
4595	70 
4596	258 
4597	285 
4598	118 
4599	185 
4600	130 
4601	221 
4602	7 
4603	233 
4604	265 
4605	230 
4606	7 
4607	158 
4608	252 
4609	2 
4610	193 
4611	214 
4612	145 
4613	152 
4614	147 
4615	130 
4616	76 
4617	237 
4618	214 
4619	161 
4620	52 
4621	248 
4622	235 
4623	157 
4624	207 
4625	133 
4626	203 
4627	268 
4628	154 
4629	115 
4630	221 
4631	58 
4632	104 
4633	274 
4634	231 
4635	211 
4636	267 
4637	143 
4638	231 
4639	248 
4640	118 
4641	56 
4642	106 
4643	76 
4644	227 
4645	63 
4646	167 
4647	161 
4648	224 
4649	27 
4650	70 
4651	187 
4652	213 
4653	88 
4654	120 
4655	144 
4656	285 
4657	51 
4658	59 
4659	53 
4660	274 
4661	275 
4662	126 
4663	52 
4664	21 
4665	121 
4666	280 
4667	78 
4668	30 
4669	14 
4670	111 
4671	214 
4672	35 
4673	271 
4674	25 
4675	28 
4676	261 
4677	225 
4678	15 
4679	30 
4680	158 
4681	165 
4682	105 
4683	140 
4684	126 
4685	225 
4686	215 
4687	72 
4688	61 
4689	41 
4690	93 
4691	157 
4692	254 
4693	12 
4694	229 
4695	25 
4696	249 
4697	105 
4698	199 
4699	269 
4700	102 
4701	29 
4702	279 
4703	199 
4704	52 
4705	25 
4706	12 
4707	78 
4708	196 
4709	72 
4710	273 
4711	254 
4712	225 
4713	193 
4714	40 
4715	47 
4716	104 
4717	57 
4718	196 
4719	248 
4720	270 
4721	160 
4722	14 
4723	92 
4724	265 
4725	244 
4726	162 
4727	161 
4728	146 
4729	194 
4730	236 
4731	105 
4732	208 
4733	135 
4734	58 
4735	214 
4736	269 
4737	166 
4738	79 
4739	161 
4740	155 
4741	279 
4742	154 
4743	125 
4744	35 
4745	4 
4746	124 
4747	277 
4748	131 
4749	151 
4750	187 
4751	214 
4752	169 
4753	203 
4754	90 
4755	109 
4756	238 
4757	211 
4758	171 
4759	153 
4760	95 
4761	22 
4762	118 
4763	7 
4764	17 
4765	156 
4766	30 
4767	268 
4768	99 
4769	78 
4770	182 
4771	232 
4772	51 
4773	264 
4774	41 
4775	220 
4776	71 
4777	211 
4778	132 
4779	268 
4780	149 
4781	40 
4782	262 
4783	273 
4784	153 
4785	34 
4786	221 
4787	143 
4788	118 
4789	155 
4790	279 
4791	36 
4792	220 
4793	144 
4794	95 
4795	48 
4796	58 
4797	148 
4798	92 
4799	203 
4800	33 
4801	229 
4802	178 
4803	16 
4804	161 
4805	30 
4806	25 
4807	168 
4808	10 
4809	103 
4810	25 
4811	254 
4812	279 
4813	15 
4814	126 
4815	154 
4816	166 
4817	27 
4818	265 
4819	257 
4820	277 
4821	51 
4822	163 
4823	15 
4824	30 
4825	39 
4826	218 
4827	236 
4828	203 
4829	221 
4830	273 
4831	158 
4832	232 
4833	273 
4834	136 
4835	103 
4836	250 
4837	230 
4838	217 
4839	37 
4840	28 
4841	45 
4842	192 
4843	86 
4844	88 
4845	48 
4846	195 
4847	59 
4848	185 
4849	270 
4850	214 
4851	221 
4852	215 
4853	39 
4854	99 
4855	200 
4856	155 
4857	130 
4858	118 
4859	268 
4860	205 
4861	260 
4862	52 
4863	140 
4864	201 
4865	109 
4866	144 
4867	2 
4868	153 
4869	140 
4870	179 
4871	90 
4872	32 
4873	60 
4874	162 
4875	269 
4876	146 
4877	118 
4878	249 
4879	268 
4880	199 
4881	270 
4882	161 
4883	151 
4884	185 
4885	268 
4886	118 
4887	95 
4888	46 
4889	120 
4890	276 
4891	153 
4892	266 
4893	160 
4894	224 
4895	56 
4896	271 
4897	135 
4898	17 
4899	275 
4900	48 
4901	229 
4902	199 
4903	160 
4904	85 
4905	7 
4906	165 
4907	27 
4908	212 
4909	118 
4910	239 
4911	26 
4912	271 
4913	90 
4914	98 
4915	4 
4916	40 
4917	103 
4918	94 
4919	200 
4920	12 
4921	201 
4922	7 
4923	285 
4924	193 
4925	161 
4926	199 
4927	119 
4928	14 
4929	230 
4930	267 
4931	161 
4932	265 
4933	249 
4934	169 
4935	279 
4936	225 
4937	283 
4938	216 
4939	126 
4940	39 
4941	158 
4942	249 
4943	122 
4944	249 
4945	248 
4946	219 
4947	12 
4948	185 
4949	264 
4950	131 
4951	56 
4952	90 
4953	199 
4954	252 
4955	224 
4956	171 
4957	192 
4958	97 
4959	155 
4960	104 
4961	270 
4962	185 
4963	82 
4964	184 
4965	73 
4966	225 
4967	28 
4968	175 
4969	11 
4970	233 
4971	104 
4972	91 
4973	229 
4974	280 
4975	136 
4976	169 
4977	53 
4978	87 
4979	104 
4980	270 
4981	27 
4982	234 
4983	213 
4984	156 
4985	22 
4986	163 
4987	26 
4988	54 
4989	56 
4990	44 
4991	120 
4992	72 
4993	203 
4994	30 
4995	52 
4996	201 
4997	268 
4998	161 
4999	270 
5000	269 
5001	223 
5002	269 
5003	129 
5004	269 
5005	166 
5006	9 
5007	185 
5008	121 
5009	171 
5010	62 
5011	97 
5012	85 
5013	81 
5014	40 
5015	199 
5016	243 
5017	87 
5018	203 
5019	90 
5020	10 
5021	70 
5022	211 
5023	251 
5024	162 
5025	161 
5026	12 
5027	202 
5028	90 
5029	265 
5030	42 
5031	40 
5032	126 
5033	27 
5034	47 
5035	182 
5036	115 
5037	119 
5038	89 
5039	30 
5040	42 
5041	168 
5042	27 
5043	47 
5044	65 
5045	283 
5046	23 
5047	4 
5048	264 
5049	1 
5050	220 
5051	188 
5052	17 
5053	215 
5054	64 
5055	27 
5056	254 
5057	52 
5058	208 
5059	44 
5060	244 
5061	236 
5062	30 
5063	208 
5064	15 
5065	40 
5066	285 
5067	224 
5068	17 
5069	88 
5070	280 
5071	57 
5072	153 
5073	214 
5074	191 
5075	283 
5076	52 
5077	278 
5078	89 
5079	234 
5080	63 
5081	226 
5082	89 
5083	39 
5084	63 
5085	118 
5086	15 
5087	178 
5088	66 
5089	137 
5090	163 
5091	267 
5092	111 
5093	135 
5094	119 
5095	265 
5096	271 
5097	239 
5098	1 
5099	111 
5100	245 
5101	248 
5102	106 
5103	268 
5104	11 
5105	208 
5106	151 
5107	61 
5108	171 
5109	115 
5110	259 
5111	158 
5112	248 
5113	279 
5114	274 
5115	119 
5116	95 
5117	8 
5118	187 
5119	214 
5120	250 
5121	121 
5122	155 
5123	91 
5124	249 
5125	7 
5126	154 
5127	70 
5128	268 
5129	273 
5130	28 
5131	40 
5132	283 
5133	39 
5134	240 
5135	18 
5136	201 
5137	273 
5138	224 
5139	90 
5140	55 
5141	204 
5142	165 
5143	1 
5144	36 
5145	96 
5146	107 
5147	287 
5148	187 
5149	142 
5150	64 
5151	22 
5152	280 
5153	178 
5154	227 
5155	107 
5156	118 
5157	95 
5158	148 
5159	238 
5160	265 
5161	225 
5162	108 
5163	85 
5164	195 
5165	78 
5166	55 
5167	171 
5168	92 
5169	275 
5170	147 
5171	285 
5172	25 
5173	158 
5174	161 
5175	72 
5176	57 
5177	42 
5178	155 
5179	114 
5180	165 
5181	264 
5182	131 
5183	265 
5184	152 
5185	109 
5186	53 
5187	7 
5188	70 
5189	238 
5190	91 
5191	275 
5192	40 
5193	67 
5194	255 
5195	265 
5196	154 
5197	59 
5198	148 
5199	274 
5200	249 
5201	191 
5202	118 
5203	158 
5204	102 
5205	112 
5206	253 
5207	151 
5208	238 
5209	153 
5210	58 
5211	152 
5212	175 
5213	79 
5214	219 
5215	9 
5216	253 
5217	192 
5218	231 
5219	53 
5220	4 
5221	143 
5222	12 
5223	28 
5224	278 
5225	167 
5226	276 
5227	97 
5228	52 
5229	199 
5230	233 
5231	20 
5232	31 
5233	48 
5234	38 
5235	177 
5236	236 
5237	259 
5238	199 
5239	2 
5240	249 
5241	230 
5242	105 
5243	217 
5244	52 
5245	155 
5246	190 
5247	153 
5248	178 
5249	233 
5250	78 
5251	52 
5252	95 
5253	216 
5254	192 
5255	235 
5256	199 
5257	26 
5258	137 
5259	11 
5260	142 
5261	163 
5262	120 
5263	46 
5264	245 
5265	80 
5266	9 
5267	236 
5268	212 
5269	132 
5270	118 
5271	145 
5272	24 
5273	271 
5274	235 
5275	287 
5276	34 
5277	10 
5278	250 
5279	142 
5280	14 
5281	151 
5282	42 
5283	181 
5284	120 
5285	64 
5286	81 
5287	88 
5288	172 
5289	249 
5290	213 
5291	92 
5292	154 
5293	158 
5294	126 
5295	137 
5296	11 
5297	158 
5298	59 
5299	27 
5300	7 
5301	218 
5302	42 
5303	185 
5304	271 
5305	187 
5306	271 
5307	161 
5308	66 
5309	27 
5310	217 
5311	279 
5312	259 
5313	267 
5314	157 
5315	265 
5316	204 
5317	55 
5318	212 
5319	74 
5320	189 
5321	152 
5322	86 
5323	76 
5324	59 
5325	170 
5326	88 
5327	274 
5328	83 
5329	7 
5330	132 
5331	248 
5332	96 
5333	248 
5334	119 
5335	226 
5336	136 
5337	25 
5338	213 
5339	214 
5340	248 
5341	113 
5342	265 
5343	163 
5344	53 
5345	280 
5346	158 
5347	249 
5348	271 
5349	161 
5350	224 
5351	255 
5352	38 
5353	73 
5354	204 
5355	91 
5356	262 
5357	126 
5358	58 
5359	265 
5360	269 
5361	238 
5362	41 
5363	149 
5364	17 
5365	251 
5366	120 
5367	236 
5368	201 
5369	93 
5370	14 
5371	108 
5372	28 
5373	158 
5374	267 
5375	120 
5376	258 
5377	153 
5378	40 
5379	276 
5380	34 
5381	257 
5382	158 
5383	277 
5384	189 
5385	217 
5386	1 
5387	262 
5388	108 
5389	287 
5390	22 
5391	25 
5392	149 
5393	45 
5394	283 
5395	144 
5396	126 
5397	161 
5398	128 
5399	14 
5400	48 
5401	280 
5402	161 
5403	76 
5404	266 
5405	139 
5406	68 
5407	237 
5408	213 
5409	95 
5410	275 
5411	210 
5412	40 
5413	22 
5414	147 
5415	278 
5416	61 
5417	212 
5418	152 
5419	101 
5420	144 
5421	2 
5422	275 
5423	224 
5424	51 
5425	99 
5426	146 
5427	151 
5428	152 
5429	103 
5430	112 
5431	2 
5432	165 
5433	104 
5434	285 
5435	200 
5436	17 
5437	66 
5438	181 
5439	68 
5440	51 
5441	75 
5442	24 
5443	12 
5444	70 
5445	262 
5446	53 
5447	12 
5448	120 
5449	171 
5450	213 
5451	225 
5452	216 
5453	187 
5454	191 
5455	227 
5456	279 
5457	257 
5458	12 
5459	275 
5460	236 
5461	267 
5462	137 
5463	39 
5464	188 
5465	28 
5466	33 
5467	220 
5468	125 
5469	88 
5470	89 
5471	137 
5472	32 
5473	27 
5474	187 
5475	268 
5476	201 
5477	1 
5478	151 
5479	115 
5480	86 
5481	47 
5482	37 
5483	151 
5484	24 
5485	163 
5486	121 
5487	108 
5488	2 
5489	145 
5490	232 
5491	88 
5492	225 
5493	163 
5494	18 
5495	285 
5496	185 
5497	248 
5498	131 
5499	103 
5500	102 
5501	232 
5502	21 
5503	102 
5504	152 
5505	82 
5506	131 
5507	77 
5508	255 
5509	147 
5510	129 
5511	248 
5512	131 
5513	1 
5514	236 
5515	95 
5516	29 
5517	56 
5518	154 
5519	40 
5520	39 
5521	221 
5522	22 
5523	152 
5524	268 
5525	203 
5526	285 
5527	249 
5528	119 
5529	119 
5530	97 
5531	227 
5532	58 
5533	155 
5534	131 
5535	249 
5536	126 
5537	238 
5538	287 
5539	228 
5540	235 
5541	11 
5542	112 
5543	158 
5544	154 
5545	240 
5546	157 
5547	52 
5548	28 
5549	142 
5550	283 
5551	51 
5552	128 
5553	268 
5554	216 
5555	83 
5556	232 
5557	188 
5558	45 
5559	170 
5560	266 
5561	261 
5562	274 
5563	153 
5564	52 
5565	114 
5566	275 
5567	18 
5568	165 
5569	213 
5570	131 
5571	209 
5572	37 
5573	93 
5574	229 
5575	36 
5576	18 
5577	151 
5578	218 
5579	177 
5580	181 
5581	265 
5582	239 
5583	21 
5584	238 
5585	22 
5586	17 
5587	199 
5588	120 
5589	126 
5590	232 
5591	201 
5592	278 
5593	192 
5594	154 
5595	28 
5596	151 
5597	164 
5598	92 
5599	265 
5600	225 
5601	169 
5602	95 
5603	214 
5604	232 
5605	147 
5606	27 
5607	156 
5608	224 
5609	74 
5610	271 
5611	175 
5612	214 
5613	14 
5614	253 
5615	192 
5616	144 
5617	287 
5618	239 
5619	97 
5620	280 
5621	82 
5622	170 
5623	273 
5624	30 
5625	216 
5626	45 
5627	144 
5628	14 
5629	113 
5630	223 
5631	249 
5632	56 
5633	168 
5634	203 
5635	147 
5636	136 
5637	248 
5638	120 
5639	285 
5640	283 
5641	245 
5642	231 
5643	215 
5644	121 
5645	131 
5646	61 
5647	212 
5648	113 
5649	56 
5650	258 
5651	153 
5652	180 
5653	202 
5654	27 
5655	7 
5656	27 
5657	24 
5658	239 
5659	56 
5660	118 
5661	236 
5662	31 
5663	107 
5664	195 
5665	185 
5666	39 
5667	209 
5668	70 
5669	56 
5670	28 
5671	65 
5672	199 
5673	14 
5674	213 
5675	7 
5676	161 
5677	113 
5678	84 
5679	1 
5680	182 
5681	26 
5682	279 
5683	232 
5684	275 
5685	156 
5686	188 
5687	136 
5688	4 
5689	231 
5690	142 
5691	7 
5692	118 
5693	154 
5694	258 
5695	95 
5696	7 
5697	12 
5698	227 
5699	52 
5700	225 
5701	12 
5702	149 
5703	219 
5704	105 
5705	238 
5706	157 
5707	231 
5708	134 
5709	120 
5710	85 
5711	227 
5712	99 
5713	7 
5714	266 
5715	14 
5716	168 
5717	119 
5718	245 
5719	215 
5720	37 
5721	280 
5722	152 
5723	53 
5724	272 
5725	116 
5726	125 
5727	133 
5728	149 
5729	240 
5730	131 
5731	74 
5732	189 
5733	229 
5734	104 
5735	219 
5736	168 
5737	283 
5738	51 
5739	105 
5740	73 
5741	40 
5742	230 
5743	64 
5744	105 
5745	45 
5746	142 
5747	126 
5748	199 
5749	79 
5750	119 
5751	20 
5752	277 
5753	152 
5754	70 
5755	27 
5756	285 
5757	21 
5758	279 
5759	116 
5760	46 
5761	160 
5762	152 
5763	202 
5764	79 
5765	258 
5766	228 
5767	226 
5768	118 
5769	178 
5770	131 
5771	131 
5772	121 
5773	227 
5774	270 
5775	214 
5776	126 
5777	271 
5778	267 
5779	149 
5780	12 
5781	161 
5782	151 
5783	245 
5784	254 
5785	74 
5786	146 
5787	80 
5788	235 
5789	40 
5790	203 
5791	81 
5792	236 
5793	213 
5794	40 
5795	287 
5796	187 
5797	108 
5798	187 
5799	71 
5800	108 
5801	161 
5802	199 
5803	12 
5804	151 
5805	145 
5806	40 
5807	218 
5808	139 
5809	128 
5810	236 
5811	59 
5812	25 
5813	59 
5814	176 
5815	72 
5816	36 
5817	133 
5818	218 
5819	131 
5820	105 
5821	230 
5822	261 
5823	160 
5824	39 
5825	51 
5826	287 
5827	236 
5828	154 
5829	110 
5830	151 
5831	172 
5832	7 
5833	176 
5834	111 
5835	28 
5836	225 
5837	249 
5838	112 
5839	46 
5840	89 
5841	120 
5842	249 
5843	249 
5844	227 
5845	165 
5846	224 
5847	131 
5848	75 
5849	52 
5850	206 
5851	251 
5852	51 
5853	33 
5854	223 
5855	274 
5856	118 
5857	285 
5858	255 
5859	118 
5860	77 
5861	268 
5862	58 
5863	165 
5864	52 
5865	126 
5866	56 
5867	78 
5868	113 
5869	229 
5870	118 
5871	190 
5872	72 
5873	9 
5874	90 
5875	238 
5876	238 
5877	273 
5878	280 
5879	45 
5880	279 
5881	88 
5882	18 
5883	116 
5884	59 
5885	185 
5886	114 
5887	192 
5888	76 
5889	111 
5890	227 
5891	131 
5892	70 
5893	194 
5894	95 
5895	57 
5896	124 
5897	272 
5898	194 
5899	52 
5900	199 
5901	214 
5902	255 
5903	214 
5904	217 
5905	27 
5906	89 
5907	154 
5908	55 
5909	161 
5910	122 
5911	202 
5912	55 
5913	57 
5914	15 
5915	153 
5916	157 
5917	65 
5918	131 
5919	240 
5920	58 
5921	2 
5922	268 
5923	144 
5924	232 
5925	104 
5926	267 
5927	137 
5928	211 
5929	57 
5930	93 
5931	88 
5932	267 
5933	84 
5934	231 
5935	274 
5936	115 
5937	111 
5938	172 
5939	151 
5940	199 
5941	265 
5942	158 
5943	116 
5944	1 
5945	47 
5946	258 
5947	33 
5948	149 
5949	273 
5950	70 
5951	151 
5952	230 
5953	245 
5954	10 
5955	165 
5956	27 
5957	27 
5958	148 
5959	95 
5960	187 
5961	27 
5962	97 
5963	170 
5964	274 
5965	163 
5966	35 
5967	238 
5968	79 
5969	200 
5970	67 
5971	166 
5972	285 
5973	248 
5974	255 
5975	280 
5976	79 
5977	216 
5978	189 
5979	118 
5980	52 
5981	152 
5982	158 
5983	88 
5984	230 
5985	270 
5986	258 
5987	122 
5988	203 
5989	154 
5990	218 
5991	224 
5992	143 
5993	14 
5994	58 
5995	158 
5996	283 
5997	273 
5998	144 
5999	154 
6000	9 
6001	103 
6002	239 
6003	81 
6004	20 
6005	278 
6006	66 
6007	216 
6008	72 
6009	57 
6010	12 
6011	211 
6012	56 
6013	132 
6014	102 
6015	54 
6016	83 
6017	273 
6018	248 
6019	89 
6020	111 
6021	251 
6022	1 
6023	30 
6024	187 
6025	78 
6026	174 
6027	37 
6028	181 
6029	269 
6030	226 
6031	17 
6032	45 
6033	279 
6034	25 
6035	166 
6036	30 
6037	203 
6038	158 
6039	36 
6040	28 
6041	9 
6042	239 
6043	144 
6044	212 
6045	66 
6046	71 
6047	273 
6048	264 
6049	69 
6050	239 
6051	94 
6052	97 
6053	265 
6054	269 
6055	239 
6056	158 
6057	97 
6058	216 
6059	56 
6060	199 
6061	125 
6062	180 
6063	172 
6064	54 
6065	105 
6066	232 
6067	80 
6068	146 
6069	230 
6070	145 
6071	221 
6072	76 
6073	182 
6074	137 
6075	33 
6076	244 
6077	266 
6078	194 
6079	210 
6080	62 
6081	59 
6082	111 
6083	181 
6084	175 
6085	219 
6086	24 
6087	250 
6088	25 
6089	271 
6090	59 
6091	39 
6092	261 
6093	58 
6094	216 
6095	44 
6096	139 
6097	31 
6098	230 
6099	77 
6100	136 
6101	90 
6102	174 
6103	270 
6104	243 
6105	268 
6106	47 
6107	226 
6108	268 
6109	270 
6110	73 
6111	76 
6112	161 
6113	14 
6114	233 
6115	277 
6116	87 
6117	116 
6118	161 
6119	68 
6120	36 
6121	287 
6122	274 
6123	152 
6124	131 
6125	249 
6126	171 
6127	178 
6128	199 
6129	70 
6130	45 
6131	233 
6132	30 
6133	154 
6134	101 
6135	244 
6136	260 
6137	25 
6138	188 
6139	214 
6140	248 
6141	162 
6142	196 
6143	5 
6144	149 
6145	165 
6146	120 
6147	268 
6148	265 
6149	150 
6150	124 
6151	272 
6152	176 
6153	194 
6154	7 
6155	265 
6156	158 
6157	187 
6158	4 
6159	10 
6160	101 
6161	47 
6162	112 
6163	249 
6164	273 
6165	59 
6166	11 
6167	28 
6168	1 
6169	14 
6170	233 
6171	104 
6172	227 
6173	12 
6174	25 
6175	231 
6176	139 
6177	152 
6178	151 
6179	103 
6180	104 
6181	278 
6182	280 
6183	237 
6184	271 
6185	262 
6186	72 
6187	63 
6188	280 
6189	259 
6190	147 
6191	206 
6192	163 
6193	196 
6194	45 
6195	106 
6196	187 
6197	255 
6198	58 
6199	175 
6200	287 
6201	162 
6202	238 
6203	149 
6204	217 
6205	248 
6206	270 
6207	112 
6208	223 
6209	199 
6210	133 
6211	137 
6212	182 
6213	95 
6214	28 
6215	277 
6216	208 
6217	7 
6218	259 
6219	144 
6220	188 
6221	201 
6222	230 
6223	270 
6224	216 
6225	146 
6226	97 
6227	238 
6228	84 
6229	67 
6230	213 
6231	209 
6232	168 
6233	139 
6234	58 
6235	152 
6236	267 
6237	81 
6238	201 
6239	85 
6240	55 
6241	235 
6242	47 
6243	238 
6244	78 
6245	52 
6246	232 
6247	8 
6248	132 
6249	113 
6250	14 
6251	232 
6252	278 
6253	119 
6254	216 
6255	161 
6256	10 
6257	166 
6258	278 
6259	275 
6260	127 
6261	220 
6262	199 
6263	250 
6264	187 
6265	26 
6266	149 
6267	158 
6268	249 
6269	51 
6270	278 
6271	21 
6272	70 
6273	143 
6274	94 
6275	151 
6276	249 
6277	25 
6278	12 
6279	104 
6280	268 
6281	277 
6282	229 
6283	257 
6284	268 
6285	155 
6286	225 
6287	8 
6288	280 
6289	54 
6290	59 
6291	88 
6292	221 
6293	169 
6294	59 
6295	17 
6296	88 
6297	101 
6298	29 
6299	78 
6300	92 
6301	9 
6302	115 
6303	120 
6304	158 
6305	205 
6306	210 
6307	273 
6308	101 
6309	89 
6310	212 
6311	37 
6312	74 
6313	153 
6314	206 
6315	154 
6316	132 
6317	86 
6318	126 
6319	128 
6320	115 
6321	220 
6322	165 
6323	39 
6324	209 
6325	79 
6326	46 
6327	236 
6328	4 
6329	107 
6330	235 
6331	22 
6332	45 
6333	1 
6334	274 
6335	218 
6336	51 
6337	47 
6338	85 
6339	267 
6340	122 
6341	280 
6342	10 
6343	225 
6344	70 
6345	231 
6346	192 
6347	275 
6348	45 
6349	245 
6350	238 
6351	37 
6352	152 
6353	56 
6354	89 
6355	185 
6356	144 
6357	112 
6358	151 
6359	220 
6360	90 
6361	168 
6362	196 
6363	283 
6364	168 
6365	188 
6366	89 
6367	31 
6368	118 
6369	58 
6370	37 
6371	25 
6372	61 
6373	29 
6374	266 
6375	70 
6376	12 
6377	12 
6378	266 
6379	190 
6380	266 
6381	39 
6382	278 
6383	214 
6384	144 
6385	51 
6386	275 
6387	36 
6388	7 
6389	270 
6390	221 
6391	221 
6392	230 
6393	199 
6394	224 
6395	257 
6396	271 
6397	194 
6398	143 
6399	266 
6400	249 
6401	164 
6402	103 
6403	103 
6404	131 
6405	168 
6406	39 
6407	86 
6408	248 
6409	5 
6410	214 
6411	12 
6412	259 
6413	248 
6414	115 
6415	20 
6416	279 
6417	239 
6418	126 
6419	275 
6420	37 
6421	229 
6422	87 
6423	64 
6424	156 
6425	274 
6426	188 
6427	76 
6428	46 
6429	250 
6430	118 
6431	158 
6432	113 
6433	238 
6434	259 
6435	193 
6436	87 
6437	206 
6438	217 
6439	201 
6440	30 
6441	33 
6442	52 
6443	274 
6444	280 
6445	193 
6446	169 
6447	18 
6448	8 
6449	58 
6450	151 
6451	199 
6452	121 
6453	258 
6454	242 
6455	95 
6456	250 
6457	70 
6458	268 
6459	103 
6460	89 
6461	277 
6462	192 
6463	56 
6464	56 
6465	12 
6466	93 
6467	200 
6468	90 
6469	196 
6470	144 
6471	142 
6472	267 
6473	271 
6474	119 
6475	33 
6476	243 
6477	280 
6478	126 
6479	64 
6480	146 
6481	28 
6482	210 
6483	103 
6484	58 
6485	104 
6486	267 
6487	98 
6488	142 
6489	10 
6490	203 
6491	115 
6492	45 
6493	236 
6494	283 
6495	142 
6496	9 
6497	277 
6498	129 
6499	238 
6500	104 
6501	273 
6502	274 
6503	236 
6504	258 
6505	149 
6506	162 
6507	95 
6508	265 
6509	215 
6510	250 
6511	208 
6512	165 
6513	150 
6514	118 
6515	154 
6516	118 
6517	78 
6518	271 
6519	51 
6520	192 
6521	229 
6522	248 
6523	63 
6524	203 
6525	131 
6526	72 
6527	36 
6528	283 
6529	223 
6530	20 
6531	268 
6532	28 
6533	271 
6534	216 
6535	154 
6536	64 
6537	229 
6538	168 
6539	67 
6540	22 
6541	274 
6542	33 
6543	92 
6544	95 
6545	121 
6546	265 
6547	238 
6548	188 
6549	238 
6550	239 
6551	238 
6552	214 
6553	36 
6554	92 
6555	151 
6556	189 
6557	212 
6558	194 
6559	11 
6560	73 
6561	279 
6562	12 
6563	271 
6564	85 
6565	216 
6566	238 
6567	66 
6568	154 
6569	210 
6570	150 
6571	51 
6572	120 
6573	279 
6574	276 
6575	116 
6576	225 
6577	194 
6578	63 
6579	239 
6580	192 
6581	27 
6582	203 
6583	232 
6584	221 
6585	4 
6586	225 
6587	232 
6588	270 
6589	188 
6590	144 
6591	89 
6592	202 
6593	90 
6594	271 
6595	162 
6596	39 
6597	158 
6598	158 
6599	214 
6600	211 
6601	136 
6602	95 
6603	268 
6604	120 
6605	172 
6606	70 
6607	76 
6608	275 
6609	254 
6610	217 
6611	236 
6612	12 
6613	142 
6614	70 
6615	126 
6616	30 
6617	269 
6618	250 
6619	192 
6620	275 
6621	89 
6622	168 
6623	147 
6624	192 
6625	86 
6626	109 
6627	280 
6628	53 
6629	271 
6630	40 
6631	128 
6632	36 
6633	59 
6634	187 
6635	31 
6636	254 
6637	89 
6638	130 
6639	46 
6640	262 
6641	210 
6642	147 
6643	217 
6644	151 
6645	196 
6646	221 
6647	262 
6648	131 
6649	102 
6650	219 
6651	85 
6652	214 
6653	40 
6654	104 
6655	201 
6656	182 
6657	242 
6658	20 
6659	149 
6660	229 
6661	157 
6662	89 
6663	1 
6664	220 
6665	7 
6666	33 
6667	163 
6668	51 
6669	274 
6670	255 
6671	230 
6672	144 
6673	20 
6674	52 
6675	192 
6676	283 
6677	90 
6678	7 
6679	233 
6680	66 
6681	154 
6682	72 
6683	104 
6684	118 
6685	174 
6686	170 
6687	92 
6688	167 
6689	107 
6690	14 
6691	212 
6692	91 
6693	204 
6694	151 
6695	79 
6696	192 
6697	230 
6698	2 
6699	221 
6700	14 
6701	80 
6702	44 
6703	120 
6704	213 
6705	101 
6706	230 
6707	91 
6708	9 
6709	31 
6710	188 
6711	107 
6712	9 
6713	211 
6714	105 
6715	267 
6716	116 
6717	262 
6718	262 
6719	90 
6720	34 
6721	279 
6722	274 
6723	211 
6724	245 
6725	91 
6726	154 
6727	196 
6728	90 
6729	32 
6730	139 
6731	284 
6732	153 
6733	115 
6734	270 
6735	146 
6736	51 
6737	171 
6738	28 
6739	53 
6740	230 
6741	51 
6742	67 
6743	163 
6744	39 
6745	209 
6746	97 
6747	101 
6748	166 
6749	135 
6750	283 
6751	248 
6752	216 
6753	283 
6754	125 
6755	158 
6756	194 
6757	52 
6758	120 
6759	271 
6760	152 
6761	152 
6762	239 
6763	199 
6764	106 
6765	45 
6766	261 
6767	24 
6768	265 
6769	285 
6770	30 
6771	196 
6772	107 
6773	224 
6774	12 
6775	229 
6776	236 
6777	22 
6778	88 
6779	273 
6780	102 
6781	80 
6782	270 
6783	134 
6784	206 
6785	199 
6786	101 
6787	279 
6788	88 
6789	116 
6790	15 
6791	225 
6792	97 
6793	203 
6794	214 
6795	175 
6796	36 
6797	220 
6798	166 
6799	212 
6800	210 
6801	174 
6802	27 
6803	171 
6804	194 
6805	267 
6806	274 
6807	154 
6808	27 
6809	203 
6810	165 
6811	52 
6812	39 
6813	52 
6814	144 
6815	44 
6816	149 
6817	187 
6818	39 
6819	56 
6820	208 
6821	200 
6822	199 
6823	133 
6824	99 
6825	162 
6826	115 
6827	51 
6828	10 
6829	158 
6830	203 
6831	154 
6832	252 
6833	130 
6834	10 
6835	265 
6836	26 
6837	59 
6838	185 
6839	226 
6840	146 
6841	21 
6842	187 
6843	26 
6844	111 
6845	90 
6846	229 
6847	214 
6848	124 
6849	269 
6850	104 
6851	267 
6852	152 
6853	273 
6854	168 
6855	216 
6856	129 
6857	192 
6858	221 
6859	150 
6860	17 
6861	107 
6862	269 
6863	152 
6864	40 
6865	166 
6866	79 
6867	170 
6868	67 
6869	230 
6870	122 
6871	158 
6872	210 
6873	105 
6874	18 
6875	101 
6876	144 
6877	103 
6878	146 
6879	73 
6880	12 
6881	271 
6882	230 
6883	248 
6884	232 
6885	167 
6886	158 
6887	56 
6888	287 
6889	111 
6890	220 
6891	103 
6892	268 
6893	255 
6894	150 
6895	248 
6896	267 
6897	280 
6898	15 
6899	113 
6900	14 
6901	136 
6902	239 
6903	108 
6904	225 
6905	220 
6906	121 
6907	203 
6908	59 
6909	150 
6910	97 
6911	220 
6912	154 
6913	131 
6914	238 
6915	1 
6916	40 
6917	155 
6918	33 
6919	55 
6920	120 
6921	29 
6922	193 
6923	114 
6924	236 
6925	26 
6926	97 
6927	255 
6928	235 
6929	279 
6930	56 
6931	185 
6932	88 
6933	153 
6934	1 
6935	199 
6936	238 
6937	51 
6938	118 
6939	283 
6940	242 
6941	152 
6942	283 
6943	223 
6944	77 
6945	39 
6946	32 
6947	271 
6948	65 
6949	21 
6950	221 
6951	137 
6952	7 
6953	252 
6954	187 
6955	70 
6956	221 
6957	107 
6958	283 
6959	271 
6960	275 
6961	20 
6962	55 
6963	2 
6964	188 
6965	12 
6966	39 
6967	249 
6968	269 
6969	72 
6970	85 
6971	224 
6972	214 
6973	36 
6974	287 
6975	201 
6976	226 
6977	87 
6978	242 
6979	277 
6980	27 
6981	153 
6982	130 
6983	131 
6984	33 
6985	109 
6986	249 
6987	149 
6988	77 
6989	20 
6990	258 
6991	154 
6992	103 
6993	209 
6994	229 
6995	215 
6996	8 
6997	56 
6998	270 
6999	225 
7000	279 
7001	90 
7002	58 
7003	273 
7004	280 
7005	287 
7006	252 
7007	9 
7008	2 
7009	261 
7010	206 
7011	89 
7012	143 
7013	152 
7014	28 
7015	161 
7016	276 
7017	89 
7018	84 
7019	129 
7020	30 
7021	213 
7022	144 
7023	135 
7024	86 
7025	153 
7026	76 
7027	232 
7028	203 
7029	270 
7030	146 
7031	121 
7032	163 
7033	279 
7034	63 
7035	275 
7036	36 
7037	113 
7038	143 
7039	232 
7040	283 
7041	44 
7042	111 
7043	154 
7044	89 
7045	287 
7046	257 
7047	80 
7048	270 
7049	130 
7050	267 
7051	225 
7052	145 
7053	165 
7054	40 
7055	178 
7056	130 
7057	56 
7058	218 
7059	255 
7060	271 
7061	185 
7062	12 
7063	119 
7064	136 
7065	213 
7066	121 
7067	101 
7068	79 
7069	136 
7070	42 
7071	203 
7072	153 
7073	158 
7074	251 
7075	268 
7076	122 
7077	194 
7078	24 
7079	142 
7080	109 
7081	269 
7082	258 
7083	85 
7084	257 
7085	162 
7086	7 
7087	158 
7088	40 
7089	70 
7090	78 
7091	171 
7092	20 
7093	95 
7094	172 
7095	105 
7096	119 
7097	15 
7098	258 
7099	108 
7100	1 
7101	217 
7102	56 
7103	287 
7104	12 
7105	119 
7106	108 
7107	250 
7108	119 
7109	12 
7110	215 
7111	225 
7112	210 
7113	37 
7114	199 
7115	27 
7116	279 
7117	33 
7118	12 
7119	169 
7120	161 
7121	106 
7122	154 
7123	258 
7124	158 
7125	156 
7126	163 
7127	119 
7128	238 
7129	196 
7130	185 
7131	230 
7132	280 
7133	9 
7134	273 
7135	156 
7136	283 
7137	63 
7138	137 
7139	268 
7140	242 
7141	152 
7142	139 
7143	261 
7144	196 
7145	279 
7146	59 
7147	61 
7148	76 
7149	94 
7150	238 
7151	165 
7152	7 
7153	231 
7154	192 
7155	5 
7156	79 
7157	267 
7158	89 
7159	214 
7160	188 
7161	203 
7162	192 
7163	98 
7164	201 
7165	145 
7166	34 
7167	167 
7168	194 
7169	29 
7170	258 
7171	217 
7172	65 
7173	28 
7174	39 
7175	279 
7176	71 
7177	218 
7178	275 
7179	236 
7180	65 
7181	45 
7182	243 
7183	42 
7184	221 
7185	257 
7186	268 
7187	75 
7188	225 
7189	266 
7190	283 
7191	230 
7192	230 
7193	279 
7194	12 
7195	258 
7196	274 
7197	269 
7198	232 
7199	154 
7200	274 
7201	11 
7202	199 
7203	125 
7204	149 
7205	45 
7206	189 
7207	66 
7208	151 
7209	28 
7210	248 
7211	97 
7212	214 
7213	192 
7214	33 
7215	161 
7216	10 
7217	199 
7218	69 
7219	77 
7220	71 
7221	90 
7222	5 
7223	174 
7224	152 
7225	76 
7226	144 
7227	216 
7228	200 
7229	102 
7230	271 
7231	45 
7232	152 
7233	76 
7234	280 
7235	280 
7236	188 
7237	273 
7238	271 
7239	93 
7240	143 
7241	1 
7242	213 
7243	218 
7244	268 
7245	283 
7246	151 
7247	45 
7248	161 
7249	131 
7250	187 
7251	192 
7252	169 
7253	132 
7254	162 
7255	9 
7256	90 
7257	86 
7258	57 
7259	171 
7260	85 
7261	88 
7262	204 
7263	7 
7264	175 
7265	267 
7266	9 
7267	58 
7268	127 
7269	84 
7270	79 
7271	280 
7272	40 
7273	120 
7274	61 
7275	118 
7276	188 
7277	252 
7278	99 
7279	225 
7280	39 
7281	273 
7282	280 
7283	220 
7284	114 
7285	88 
7286	280 
7287	101 
7288	193 
7289	7 
7290	5 
7291	235 
7292	25 
7293	233 
7294	29 
7295	52 
7296	270 
7297	76 
7298	199 
7299	143 
7300	193 
7301	72 
7302	232 
7303	11 
7304	1 
7305	212 
7306	34 
7307	275 
7308	144 
7309	91 
7310	142 
7311	112 
7312	249 
7313	257 
7314	220 
7315	120 
7316	227 
7317	210 
7318	52 
7319	257 
7320	31 
7321	126 
7322	265 
7323	209 
7324	181 
7325	230 
7326	158 
7327	149 
7328	32 
7329	271 
7330	56 
7331	155 
7332	103 
7333	132 
7334	187 
7335	56 
7336	196 
7337	277 
7338	155 
7339	40 
7340	112 
7341	70 
7342	118 
7343	78 
7344	271 
7345	265 
7346	71 
7347	287 
7348	265 
7349	283 
7350	274 
7351	217 
7352	57 
7353	193 
7354	193 
7355	168 
7356	71 
7357	10 
7358	187 
7359	122 
7360	31 
7361	12 
7362	76 
7363	233 
7364	63 
7365	154 
7366	90 
7367	226 
7368	231 
7369	257 
7370	268 
7371	251 
7372	84 
7373	227 
7374	277 
7375	90 
7376	131 
7377	112 
7378	221 
7379	236 
7380	126 
7381	28 
7382	76 
7383	11 
7384	104 
7385	114 
7386	189 
7387	131 
7388	76 
7389	113 
7390	120 
7391	285 
7392	37 
7393	225 
7394	118 
7395	270 
7396	225 
7397	22 
7398	215 
7399	112 
7400	230 
7401	216 
7402	104 
7403	45 
7404	236 
7405	267 
7406	199 
7407	76 
7408	17 
7409	11 
7410	113 
7411	37 
7412	70 
7413	170 
7414	127 
7415	12 
7416	120 
7417	170 
7418	95 
7419	283 
7420	147 
7421	7 
7422	59 
7423	181 
7424	101 
7425	9 
7426	118 
7427	257 
7428	204 
7429	79 
7430	45 
7431	255 
7432	93 
7433	239 
7434	118 
7435	20 
7436	51 
7437	166 
7438	90 
7439	105 
7440	33 
7441	97 
7442	158 
7443	130 
7444	268 
7445	285 
7446	226 
7447	58 
7448	146 
7449	182 
7450	52 
7451	229 
7452	118 
7453	124 
7454	182 
7455	126 
7456	132 
7457	130 
7458	274 
7459	255 
7460	126 
7461	287 
7462	59 
7463	219 
7464	226 
7465	12 
7466	10 
7467	277 
7468	51 
7469	271 
7470	229 
7471	28 
7472	9 
7473	274 
7474	76 
7475	76 
7476	224 
7477	279 
7478	70 
7479	63 
7480	104 
7481	89 
7482	73 
7483	146 
7484	168 
7485	98 
7486	36 
7487	118 
7488	105 
7489	268 
7490	268 
7491	28 
7492	37 
7493	189 
7494	52 
7495	45 
7496	95 
7497	152 
7498	133 
7499	101 
7500	128 
7501	14 
7502	132 
7503	133 
7504	192 
7505	210 
7506	199 
7507	242 
7508	154 
7509	150 
7510	174 
7511	170 
7512	187 
7513	249 
7514	150 
7515	275 
7516	133 
7517	33 
7518	188 
7519	213 
7520	187 
7521	151 
7522	181 
7523	12 
7524	238 
7525	14 
7526	152 
7527	213 
7528	226 
7529	152 
7530	287 
7531	225 
7532	155 
7533	131 
7534	163 
7535	40 
7536	199 
7537	248 
7538	221 
7539	287 
7540	265 
7541	278 
7542	66 
7543	152 
7544	187 
7545	181 
7546	214 
7547	270 
7548	267 
7549	273 
7550	283 
7551	114 
7552	265 
7553	269 
7554	39 
7555	166 
7556	235 
7557	165 
7558	76 
7559	139 
7560	158 
7561	102 
7562	129 
7563	8 
7564	267 
7565	227 
7566	265 
7567	39 
7568	280 
7569	124 
7570	254 
7571	66 
7572	105 
7573	170 
7574	87 
7575	194 
7576	4 
7577	200 
7578	269 
7579	59 
7580	75 
7581	230 
7582	265 
7583	188 
7584	120 
7585	28 
7586	145 
7587	24 
7588	76 
7589	129 
7590	283 
7591	181 
7592	144 
7593	265 
7594	118 
7595	279 
7596	10 
7597	230 
7598	70 
7599	106 
7600	255 
7601	104 
7602	58 
7603	274 
7604	171 
7605	206 
7606	89 
7607	97 
7608	139 
7609	76 
7610	9 
7611	225 
7612	15 
7613	89 
7614	129 
7615	275 
7616	56 
7617	73 
7618	245 
7619	113 
7620	285 
7621	278 
7622	217 
7623	29 
7624	279 
7625	58 
7626	163 
7627	257 
7628	187 
7629	29 
7630	233 
7631	185 
7632	258 
7633	56 
7634	154 
7635	249 
7636	221 
7637	199 
7638	132 
7639	137 
7640	165 
7641	126 
7642	185 
7643	152 
7644	9 
7645	28 
7646	252 
7647	87 
7648	150 
7649	223 
7650	280 
7651	33 
7652	217 
7653	230 
7654	283 
7655	277 
7656	126 
7657	231 
7658	70 
7659	66 
7660	239 
7661	120 
7662	22 
7663	166 
7664	77 
7665	14 
7666	255 
7667	230 
7668	129 
7669	219 
7670	70 
7671	150 
7672	92 
7673	269 
7674	244 
7675	14 
7676	273 
7677	155 
7678	189 
7679	75 
7680	275 
7681	200 
7682	32 
7683	226 
7684	279 
7685	12 
7686	208 
7687	109 
7688	152 
7689	56 
7690	58 
7691	72 
7692	235 
7693	188 
7694	280 
7695	245 
7696	52 
7697	30 
7698	153 
7699	145 
7700	268 
7701	280 
7702	169 
7703	103 
7704	33 
7705	118 
7706	86 
7707	277 
7708	262 
7709	189 
7710	252 
7711	227 
7712	226 
7713	129 
7714	79 
7715	119 
7716	67 
7717	56 
7718	45 
7719	30 
7720	79 
7721	232 
7722	112 
7723	252 
7724	118 
7725	231 
7726	187 
7727	248 
7728	274 
7729	251 
7730	199 
7731	121 
7732	279 
7733	121 
7734	280 
7735	238 
7736	226 
7737	112 
7738	33 
7739	165 
7740	112 
7741	113 
7742	242 
7743	135 
7744	42 
7745	155 
7746	188 
7747	220 
7748	147 
7749	283 
7750	47 
7751	196 
7752	142 
7753	118 
7754	72 
7755	268 
7756	149 
7757	270 
7758	218 
7759	158 
7760	9 
7761	248 
7762	102 
7763	208 
7764	29 
7765	187 
7766	15 
7767	214 
7768	24 
7769	223 
7770	61 
7771	14 
7772	279 
7773	177 
7774	151 
7775	199 
7776	9 
7777	216 
7778	97 
7779	59 
7780	106 
7781	265 
7782	37 
7783	22 
7784	161 
7785	137 
7786	252 
7787	78 
7788	199 
7789	14 
7790	200 
7791	104 
7792	171 
7793	213 
7794	217 
7795	267 
7796	196 
7797	142 
7798	104 
7799	220 
7800	45 
7801	98 
7802	113 
7803	40 
7804	128 
7805	213 
7806	212 
7807	133 
7808	212 
7809	29 
7810	249 
7811	188 
7812	27 
7813	76 
7814	112 
7815	97 
7816	151 
7817	268 
7818	285 
7819	39 
7820	75 
7821	93 
7822	70 
7823	136 
7824	39 
7825	104 
7826	5 
7827	142 
7828	134 
7829	10 
7830	187 
7831	71 
7832	118 
7833	265 
7834	185 
7835	266 
7836	232 
7837	232 
7838	77 
7839	152 
7840	194 
7841	120 
7842	280 
7843	51 
7844	206 
7845	265 
7846	28 
7847	85 
7848	279 
7849	166 
7850	154 
7851	193 
7852	232 
7853	196 
7854	275 
7855	132 
7856	230 
7857	274 
7858	70 
7859	265 
7860	145 
7861	189 
7862	217 
7863	278 
7864	169 
7865	265 
7866	59 
7867	127 
7868	79 
7869	30 
7870	151 
7871	88 
7872	27 
7873	85 
7874	112 
7875	126 
7876	144 
7877	114 
7878	143 
7879	285 
7880	45 
7881	104 
7882	51 
7883	88 
7884	189 
7885	102 
7886	142 
7887	73 
7888	63 
7889	91 
7890	97 
7891	72 
7892	97 
7893	275 
7894	245 
7895	120 
7896	1 
7897	174 
7898	196 
7899	163 
7900	154 
7901	153 
7902	9 
7903	231 
7904	255 
7905	161 
7906	75 
7907	267 
7908	192 
7909	185 
7910	26 
7911	192 
7912	279 
7913	90 
7914	171 
7915	151 
7916	104 
7917	151 
7918	45 
7919	40 
7920	127 
7921	58 
7922	1 
7923	217 
7924	249 
7925	242 
7926	251 
7927	168 
7928	209 
7929	86 
7930	265 
7931	33 
7932	287 
7933	230 
7934	236 
7935	72 
7936	58 
7937	267 
7938	271 
7939	230 
7940	143 
7941	28 
7942	211 
7943	252 
7944	264 
7945	99 
7946	14 
7947	242 
7948	277 
7949	142 
7950	151 
7951	245 
7952	40 
7953	144 
7954	7 
7955	42 
7956	215 
7957	33 
7958	280 
7959	99 
7960	102 
7961	56 
7962	89 
7963	224 
7964	131 
7965	257 
7966	90 
7967	113 
7968	271 
7969	92 
7970	153 
7971	214 
7972	12 
7973	269 
7974	232 
7975	185 
7976	45 
7977	89 
7978	156 
7979	145 
7980	273 
7981	224 
7982	56 
7983	249 
7984	113 
7985	92 
7986	211 
7987	172 
7988	167 
7989	224 
7990	101 
7991	15 
7992	25 
7993	107 
7994	39 
7995	271 
7996	279 
7997	270 
7998	238 
7999	267 
8000	51 
8001	268 
8002	131 
8003	130 
8004	51 
8005	37 
8006	76 
8007	214 
8008	55 
8009	115 
8010	25 
8011	104 
8012	221 
8013	285 
8014	285 
8015	201 
8016	128 
8017	126 
8018	147 
8019	30 
8020	250 
8021	95 
8022	7 
8023	261 
8024	144 
8025	209 
8026	106 
8027	120 
8028	245 
8029	188 
8030	101 
8031	28 
8032	126 
8033	12 
8034	221 
8035	257 
8036	217 
8037	20 
8038	249 
8039	120 
8040	75 
8041	251 
8042	4 
8043	156 
8044	214 
8045	144 
8046	2 
8047	248 
8048	152 
8049	132 
8050	45 
8051	118 
8052	239 
8053	58 
8054	118 
8055	85 
8056	135 
8057	277 
8058	52 
8059	193 
8060	227 
8061	274 
8062	215 
8063	90 
8064	280 
8065	271 
8066	203 
8067	199 
8068	206 
8069	130 
8070	95 
8071	143 
8072	130 
8073	118 
8074	210 
8075	231 
8076	31 
8077	221 
8078	85 
8079	90 
8080	212 
8081	280 
8082	133 
8083	226 
8084	27 
8085	37 
8086	150 
8087	1 
8088	187 
8089	209 
8090	203 
8091	165 
8092	115 
8093	70 
8094	188 
8095	31 
8096	56 
8097	146 
8098	187 
8099	154 
8100	146 
8101	232 
8102	70 
8103	158 
8104	121 
8105	39 
8106	89 
8107	52 
8108	209 
8109	79 
8110	70 
8111	76 
8112	17 
8113	171 
8114	79 
8115	144 
8116	125 
8117	236 
8118	142 
8119	95 
8120	71 
8121	230 
8122	115 
8123	265 
8124	208 
8125	201 
8126	271 
8127	274 
8128	274 
8129	52 
8130	221 
8131	252 
8132	275 
8133	22 
8134	196 
8135	12 
8136	104 
8137	52 
8138	112 
8139	158 
8140	279 
8141	131 
8142	66 
8143	278 
8144	216 
8145	269 
8146	128 
8147	192 
8148	67 
8149	118 
8150	95 
8151	79 
8152	213 
8153	126 
8154	208 
8155	25 
8156	63 
8157	249 
8158	265 
8159	224 
8160	120 
8161	144 
8162	46 
8163	168 
8164	251 
8165	53 
8166	107 
8167	33 
8168	52 
8169	249 
8170	287 
8171	76 
8172	166 
8173	275 
8174	147 
8175	104 
8176	280 
8177	287 
8178	7 
8179	216 
8180	104 
8181	33 
8182	276 
8183	232 
8184	287 
8185	105 
8186	112 
8187	187 
8188	45 
8189	194 
8190	279 
8191	210 
8192	142 
8193	70 
8194	133 
8195	210 
8196	269 
8197	40 
8198	105 
8199	118 
8200	203 
8201	189 
8202	249 
8203	181 
8204	250 
8205	27 
8206	238 
8207	236 
8208	287 
8209	268 
8210	70 
8211	113 
8212	40 
8213	200 
8214	80 
8215	248 
8216	153 
8217	210 
8218	131 
8219	257 
8220	147 
8221	40 
8222	70 
8223	273 
8224	242 
8225	193 
8226	168 
8227	165 
8228	275 
8229	278 
8230	252 
8231	72 
8232	277 
8233	269 
8234	25 
8235	232 
8236	193 
8237	120 
8238	119 
8239	269 
8240	98 
8241	37 
8242	136 
8243	79 
8244	154 
8245	63 
8246	105 
8247	120 
8248	287 
8249	115 
8250	92 
8251	151 
8252	193 
8253	142 
8254	231 
8255	271 
8256	131 
8257	45 
8258	33 
8259	79 
8260	187 
8261	229 
8262	257 
8263	77 
8264	269 
8265	214 
8266	136 
8267	223 
8268	77 
8269	37 
8270	126 
8271	262 
8272	15 
8273	161 
8274	20 
8275	270 
8276	12 
8277	273 
8278	36 
8279	154 
8280	143 
8281	25 
8282	187 
8283	250 
8284	278 
8285	75 
8286	4 
8287	90 
8288	29 
8289	221 
8290	189 
8291	232 
8292	103 
8293	88 
8294	273 
8295	283 
8296	283 
8297	188 
8298	153 
8299	171 
8300	217 
8301	1 
8302	250 
8303	280 
8304	280 
8305	274 
8306	107 
8307	221 
8308	242 
8309	249 
8310	171 
8311	56 
8312	187 
8313	57 
8314	88 
8315	14 
8316	189 
8317	37 
8318	221 
8319	203 
8320	280 
8321	239 
8322	142 
8323	274 
8324	214 
8325	270 
8326	283 
8327	119 
8328	89 
8329	70 
8330	137 
8331	287 
8332	90 
8333	166 
8334	73 
8335	45 
8336	261 
8337	274 
8338	285 
8339	27 
8340	181 
8341	166 
8342	92 
8343	1 
8344	101 
8345	283 
8346	152 
8347	76 
8348	57 
8349	9 
8350	132 
8351	279 
8352	239 
8353	7 
8354	14 
8355	221 
8356	107 
8357	214 
8358	156 
8359	14 
8360	9 
8361	7 
8362	162 
8363	206 
8364	225 
8365	89 
8366	274 
8367	147 
8368	7 
8369	104 
8370	287 
8371	112 
8372	280 
8373	154 
8374	12 
8375	163 
8376	255 
8377	15 
8378	145 
8379	232 
8380	169 
8381	28 
8382	171 
8383	88 
8384	192 
8385	52 
8386	158 
8387	266 
8388	280 
8389	66 
8390	221 
8391	285 
8392	192 
8393	250 
8394	224 
8395	87 
8396	126 
8397	216 
8398	9 
8399	161 
8400	270 
8401	1 
8402	57 
8403	130 
8404	265 
8405	262 
8406	102 
8407	267 
8408	10 
8409	61 
8410	89 
8411	14 
8412	105 
8413	79 
8414	52 
8415	143 
8416	9 
8417	118 
8418	89 
8419	28 
8420	153 
8421	251 
8422	14 
8423	107 
8424	168 
8425	217 
8426	255 
8427	56 
8428	154 
8429	131 
8430	20 
8431	146 
8432	280 
8433	10 
8434	22 
8435	218 
8436	181 
8437	188 
8438	242 
8439	104 
8440	264 
8441	9 
8442	232 
8443	30 
8444	56 
8445	239 
8446	9 
8447	72 
8448	119 
8449	118 
8450	120 
8451	161 
8452	193 
8453	130 
8454	217 
8455	276 
8456	145 
8457	119 
8458	1 
8459	166 
8460	264 
8461	248 
8462	59 
8463	221 
8464	55 
8465	214 
8466	12 
8467	70 
8468	28 
8469	107 
8470	158 
8471	265 
8472	97 
8473	124 
8474	28 
8475	28 
8476	227 
8477	275 
8478	70 
8479	27 
8480	279 
8481	126 
8482	285 
8483	248 
8484	238 
8485	187 
8486	257 
8487	251 
8488	26 
8489	12 
8490	103 
8491	161 
8492	27 
8493	39 
8494	147 
8495	12 
8496	249 
8497	273 
8498	70 
8499	144 
8500	270 
8501	233 
8502	165 
8503	213 
8504	27 
8505	55 
8506	145 
8507	132 
8508	70 
8509	187 
8510	97 
8511	194 
8512	37 
8513	172 
8514	126 
8515	93 
8516	199 
8517	70 
8518	224 
8519	221 
8520	266 
8521	189 
8522	15 
8523	131 
8524	71 
8525	143 
8526	30 
8527	163 
8528	78 
8529	12 
8530	63 
8531	171 
8532	114 
8533	7 
8534	105 
8535	52 
8536	166 
8537	93 
8538	12 
8539	98 
8540	161 
8541	115 
8542	45 
8543	151 
8544	217 
8545	132 
8546	70 
8547	193 
8548	230 
8549	213 
8550	153 
8551	36 
8552	101 
8553	92 
8554	279 
8555	268 
8556	70 
8557	269 
8558	70 
8559	168 
8560	101 
8561	104 
8562	275 
8563	30 
8564	248 
8565	271 
8566	97 
8567	273 
8568	105 
8569	161 
8570	40 
8571	9 
8572	143 
8573	149 
8574	90 
8575	245 
8576	79 
8577	235 
8578	9 
8579	55 
8580	187 
8581	232 
8582	283 
8583	210 
8584	187 
8585	39 
8586	255 
8587	130 
8588	85 
8589	269 
8590	203 
8591	88 
8592	223 
8593	187 
8594	56 
8595	144 
8596	225 
8597	199 
8598	161 
8599	2 
8600	193 
8601	70 
8602	273 
8603	185 
8604	7 
8605	257 
8606	270 
8607	189 
8608	274 
8609	144 
8610	255 
8611	271 
8612	274 
8613	264 
8614	201 
8615	10 
8616	14 
8617	218 
8618	277 
8619	120 
8620	250 
8621	215 
8622	271 
8623	130 
8624	225 
8625	75 
8626	187 
8627	114 
8628	37 
8629	163 
8630	235 
8631	39 
8632	147 
8633	120 
8634	130 
8635	88 
8636	59 
8637	221 
8638	250 
8639	208 
8640	132 
8641	149 
8642	58 
8643	238 
8644	239 
8645	9 
8646	142 
8647	217 
8648	225 
8649	107 
8650	70 
8651	266 
8652	135 
8653	118 
8654	196 
8655	131 
8656	251 
8657	113 
8658	14 
8659	280 
8660	135 
8661	120 
8662	103 
8663	85 
8664	88 
8665	39 
8666	91 
8667	250 
8668	224 
8669	14 
8670	104 
8671	158 
8672	154 
8673	158 
8674	143 
8675	232 
8676	170 
8677	154 
8678	188 
8679	92 
8680	4 
8681	1 
8682	285 
8683	7 
8684	151 
8685	277 
8686	126 
8687	93 
8688	268 
8689	112 
8690	154 
8691	213 
8692	168 
8693	56 
8694	277 
8695	213 
8696	161 
8697	90 
8698	206 
8699	193 
8700	40 
8701	267 
8702	279 
8703	87 
8704	150 
8705	93 
8706	238 
8707	89 
8708	39 
8709	75 
8710	91 
8711	93 
8712	101 
8713	112 
8714	279 
8715	144 
8716	39 
8717	265 
8718	37 
8719	102 
8720	269 
8721	105 
8722	196 
8723	36 
8724	257 
8725	90 
8726	192 
8727	226 
8728	280 
8729	115 
8730	1 
8731	45 
8732	27 
8733	56 
8734	171 
8735	56 
8736	92 
8737	135 
8738	200 
8739	51 
8740	163 
8741	39 
8742	266 
8743	279 
8744	273 
8745	77 
8746	76 
8747	196 
8748	145 
8749	37 
8750	144 
8751	147 
8752	29 
8753	278 
8754	72 
8755	88 
8756	9 
8757	72 
8758	70 
8759	188 
8760	27 
8761	268 
8762	76 
8763	217 
8764	192 
8765	188 
8766	144 
8767	102 
8768	27 
8769	270 
8770	45 
8771	181 
8772	89 
8773	76 
8774	270 
8775	112 
8776	151 
8777	238 
8778	258 
8779	262 
8780	251 
8781	275 
8782	248 
8783	75 
8784	52 
8785	225 
8786	153 
8787	213 
8788	151 
8789	268 
8790	119 
8791	249 
8792	85 
8793	221 
8794	267 
8795	79 
8796	72 
8797	274 
8798	239 
8799	169 
8800	52 
8801	76 
8802	230 
8803	40 
8804	235 
8805	199 
8806	88 
8807	9 
8808	208 
8809	245 
8810	152 
8811	274 
8812	266 
8813	226 
8814	56 
8815	158 
8816	76 
8817	212 
8818	56 
8819	9 
8820	36 
8821	213 
8822	283 
8823	251 
8824	214 
8825	238 
8826	56 
8827	59 
8828	9 
8829	265 
8830	169 
8831	40 
8832	135 
8833	144 
8834	153 
8835	76 
8836	131 
8837	189 
8838	226 
8839	274 
8840	170 
8841	52 
8842	249 
8843	213 
8844	283 
8845	101 
8846	59 
8847	15 
8848	268 
8849	118 
8850	235 
8851	248 
8852	52 
8853	273 
8854	126 
8855	235 
8856	193 
8857	115 
8858	130 
8859	250 
8860	262 
8861	285 
8862	192 
8863	245 
8864	1 
8865	91 
8866	283 
8867	56 
8868	249 
8869	97 
8870	2 
8871	238 
8872	212 
8873	131 
8874	251 
8875	181 
8876	79 
8877	166 
8878	104 
8879	224 
8880	236 
8881	147 
8882	112 
8883	161 
8884	156 
8885	273 
8886	2 
8887	104 
8888	268 
8889	1 
8890	236 
8891	120 
8892	161 
8893	118 
8894	249 
8895	40 
8896	203 
8897	72 
8898	63 
8899	7 
8900	187 
8901	85 
8902	144 
8903	28 
8904	146 
8905	264 
8906	63 
8907	144 
8908	14 
8909	120 
8910	37 
8911	27 
8912	144 
8913	199 
8914	154 
8915	78 
8916	283 
8917	104 
8918	283 
8919	59 
8920	89 
8921	146 
8922	283 
8923	146 
8924	193 
8925	130 
8926	280 
8927	215 
8928	189 
8929	58 
8930	151 
8931	268 
8932	92 
8933	12 
8934	14 
8935	56 
8936	90 
8937	33 
8938	185 
8939	255 
8940	155 
8941	146 
8942	279 
8943	165 
8944	76 
8945	257 
8946	89 
8947	235 
8948	36 
8949	285 
8950	56 
8951	230 
8952	188 
8953	271 
8954	101 
8955	40 
8956	121 
8957	161 
8958	87 
8959	250 
8960	199 
8961	119 
8962	193 
8963	262 
8964	112 
8965	275 
8966	146 
8967	265 
8968	52 
8969	154 
8970	216 
8971	257 
8972	285 
8973	265 
8974	56 
8975	232 
8976	131 
8977	139 
8978	103 
8979	103 
8980	215 
8981	283 
8982	274 
8983	221 
8984	230 
8985	213 
8986	266 
8987	275 
8988	249 
8989	112 
8990	120 
8991	278 
8992	112 
8993	85 
8994	40 
8995	142 
8996	194 
8997	118 
8998	85 
8999	208 
9000	171 
9001	39 
9002	112 
9003	275 
9004	169 
9005	37 
9006	187 
9007	227 
9008	192 
9009	255 
9010	89 
9011	9 
9012	163 
9013	97 
9014	126 
9015	144 
9016	220 
9017	97 
9018	14 
9019	269 
9020	27 
9021	151 
9022	88 
9023	27 
9024	156 
9025	130 
9026	150 
9027	27 
9028	79 
9029	268 
9030	97 
9031	232 
9032	146 
9033	52 
9034	7 
9035	45 
9036	279 
9037	280 
9038	217 
9039	90 
9040	165 
9041	249 
9042	33 
9043	231 
9044	238 
9045	208 
9046	151 
9047	14 
9048	212 
9049	270 
9050	112 
9051	10 
9052	280 
9053	161 
9054	36 
9055	250 
9056	283 
9057	145 
9058	214 
9059	103 
9060	120 
9061	103 
9062	149 
9063	166 
9064	9 
9065	156 
9066	270 
9067	90 
9068	154 
9069	188 
9070	112 
9071	283 
9072	248 
9073	142 
9074	221 
9075	85 
9076	265 
9077	271 
9078	103 
9079	9 
9080	12 
9081	58 
9082	158 
9083	188 
9084	216 
9085	150 
9086	126 
9087	193 
9088	39 
9089	230 
9090	181 
9091	221 
9092	226 
9093	285 
9094	153 
9095	221 
9096	279 
9097	165 
9098	283 
9099	152 
9100	225 
9101	185 
9102	152 
9103	102 
9104	27 
9105	146 
9106	232 
9107	245 
9108	229 
9109	77 
9110	88 
9111	30 
9112	238 
9113	115 
9114	119 
9115	163 
9116	187 
9117	28 
9118	89 
9119	9 
9120	85 
9121	270 
9122	119 
9123	275 
9124	269 
9125	257 
9126	2 
9127	232 
9128	14 
9129	10 
9130	130 
9131	132 
9132	251 
9133	144 
9134	115 
9135	72 
9136	274 
9137	156 
9138	118 
9139	144 
9140	214 
9141	112 
9142	143 
9143	126 
9144	56 
9145	14 
9146	232 
9147	52 
9148	287 
9149	130 
9150	104 
9151	161 
9152	185 
9153	265 
9154	220 
9155	287 
9156	280 
9157	270 
9158	121 
9159	7 
9160	33 
9161	120 
9162	236 
9163	271 
9164	112 
9165	200 
9166	165 
9167	130 
9168	255 
9169	120 
9170	251 
9171	72 
9172	268 
9173	102 
9174	7 
9175	58 
9176	161 
9177	14 
9178	188 
9179	268 
9180	152 
9181	39 
9182	102 
9183	10 
9184	238 
9185	90 
9186	153 
9187	199 
9188	158 
9189	270 
9190	89 
9191	118 
9192	203 
9193	147 
9194	200 
9195	230 
9196	158 
9197	188 
9198	232 
9199	88 
9200	270 
9201	187 
9202	251 
9203	271 
9204	269 
9205	251 
9206	153 
9207	154 
9208	274 
9209	161 
9210	39 
9211	274 
9212	70 
9213	210 
9214	78 
9215	144 
9216	242 
9217	37 
9218	40 
9219	153 
9220	280 
9221	97 
9222	104 
9223	239 
9224	7 
9225	200 
9226	232 
9227	76 
9228	9 
9229	188 
9230	78 
9231	101 
9232	235 
9233	89 
9234	181 
9235	199 
9236	277 
9237	275 
9238	270 
9239	79 
9240	270 
9241	188 
9242	169 
9243	142 
9244	217 
9245	274 
9246	270 
9247	275 
9248	250 
9249	221 
9250	161 
9251	131 
9252	251 
9253	169 
9254	14 
9255	28 
9256	165 
9257	147 
9258	36 
9259	264 
9260	216 
9261	113 
9262	131 
9263	188 
9264	181 
9265	249 
9266	88 
9267	142 
9268	95 
9269	221 
9270	278 
9271	248 
9272	12 
9273	14 
9274	153 
9275	267 
9276	236 
9277	105 
9278	188 
9279	45 
9280	27 
9281	52 
9282	40 
9283	115 
9284	37 
9285	40 
9286	27 
9287	97 
9288	161 
9289	153 
9290	144 
9291	274 
9292	51 
9293	126 
9294	89 
9295	72 
9296	58 
9297	200 
9298	232 
9299	76 
9300	89 
9301	199 
9302	154 
9303	15 
9304	188 
9305	165 
9306	72 
9307	12 
9308	7 
9309	97 
9310	78 
9311	97 
9312	151 
9313	216 
9314	283 
9315	7 
9316	104 
9317	267 
9318	97 
9319	45 
9320	187 
9321	274 
9322	113 
9323	193 
9324	225 
9325	265 
9326	249 
9327	146 
9328	85 
9329	187 
9330	85 
9331	203 
9332	249 
9333	120 
9334	264 
9335	105 
9336	269 
9337	37 
9338	265 
9339	216 
9340	249 
9341	168 
9342	236 
9343	45 
9344	161 
9345	120 
9346	192 
9347	14 
9348	165 
9349	221 
9350	10 
9351	151 
9352	120 
9353	287 
9354	37 
9355	97 
9356	161 
9357	271 
9358	231 
9359	103 
9360	257 
9361	149 
9362	146 
9363	51 
9364	285 
9365	185 
9366	169 
9367	142 
9368	25 
9369	97 
9370	283 
9371	274 
9372	185 
9373	52 
9374	152 
9375	115 
9376	279 
9377	79 
9378	70 
9379	274 
9380	232 
9381	269 
9382	257 
9383	33 
9384	249 
9385	187 
9386	221 
9387	154 
9388	146 
9389	287 
9390	279 
9391	58 
9392	79 
9393	146 
9394	249 
9395	58 
9396	221 
9397	277 
9398	51 
9399	171 
9400	268 
9401	275 
9402	14 
9403	30 
9404	230 
9405	28 
9406	221 
9407	245 
9408	104 
9409	274 
9410	225 
9411	76 
9412	70 
9413	118 
9414	30 
9415	131 
9416	245 
9417	235 
9418	153 
9419	70 
9420	217 
9421	120 
9422	274 
9423	52 
9424	285 
9425	273 
9426	120 
9427	10 
9428	257 
9429	76 
9430	231 
9431	76 
9432	7 
9433	9 
9434	97 
9435	187 
9436	283 
9437	89 
9438	76 
9439	70 
9440	119 
9441	36 
9442	153 
9443	287 
9444	103 
9445	142 
9446	119 
9447	79 
9448	56 
9449	158 
9450	161 
9451	56 
9452	271 
9453	189 
9454	273 
9455	238 
9456	192 
9457	214 
9458	76 
9459	232 
9460	214 
9461	144 
9462	236 
9463	269 
9464	230 
9465	229 
9466	112 
9467	14 
9468	277 
9469	277 
9470	274 
9471	119 
9472	120 
9473	188 
9474	161 
9475	144 
9476	192 
9477	72 
9478	271 
9479	72 
9480	242 
9481	231 
9482	249 
9483	37 
9484	118 
9485	245 
9486	59 
9487	153 
9488	217 
9489	76 
9490	273 
9491	171 
9492	146 
9493	273 
9494	270 
9495	271 
9496	232 
9497	119 
9498	268 
9499	161 
9500	79 
9501	216 
9502	27 
9503	225 
9504	28 
9505	224 
9506	285 
9507	214 
9508	279 
9509	188 
9510	104 
9511	230 
9512	51 
9513	56 
9514	250 
9515	88 
9516	171 
9517	105 
9518	40 
9519	79 
9520	39 
9521	119 
9522	126 
9523	56 
9524	214 
9525	52 
9526	196 
9527	147 
9528	151 
9529	119 
9530	119 
9531	59 
9532	274 
9533	58 
9534	104 
9535	70 
9536	271 
9537	249 
9538	131 
9539	9 
9540	187 
9541	51 
9542	275 
9543	144 
9544	271 
9545	230 
9546	39 
9547	14 
9548	283 
9549	248 
9550	217 
9551	193 
9552	275 
9553	154 
9554	273 
9555	120 
9556	267 
9557	248 
9558	115 
9559	214 
9560	151 
9561	142 
9562	249 
9563	224 
9564	279 
9565	152 
9566	56 
9567	131 
9568	187 
9569	257 
9570	90 
9571	161 
9572	271 
9573	250 
9574	280 
9575	189 
9576	58 
9577	39 
9578	146 
9579	28 
9580	118 
9581	154 
9582	59 
9583	130 
9584	7 
9585	45 
9586	51 
9587	238 
9588	217 
9589	30 
9590	119 
9591	192 
9592	274 
9593	28 
9594	120 
9595	171 
9596	275 
9597	120 
9598	280 
9599	216 
9600	70 
9601	126 
9602	95 
9603	189 
9604	72 
9605	146 
9606	250 
9607	51 
9608	235 
9609	277 
9610	119 
9611	161 
9612	185 
9613	274 
9614	119 
9615	112 
9616	153 
9617	158 
9618	85 
9619	158 
9620	70 
9621	97 
9622	126 
9623	270 
9624	287 
9625	270 
9626	230 
9627	144 
9628	181 
9629	79 
9630	95 
9631	153 
9632	268 
9633	7 
9634	153 
9635	90 
9636	249 
9637	142 
9638	37 
9639	126 
9640	268 
9641	248 
9642	14 
9643	88 
9644	285 
9645	269 
9646	283 
9647	27 
9648	27 
9649	7 
9650	165 
9651	192 
9652	7 
9653	242 
9654	236 
9655	249 
9656	217 
9657	97 
9658	9 
9659	72 
9660	283 
9661	28 
9662	235 
9663	7 
9664	189 
9665	199 
9666	269 
9667	151 
9668	131 
9669	181 
9670	151 
9671	144 
9672	59 
9673	245 
9674	89 
9675	142 
9676	231 
9677	119 
9678	28 
9679	70 
9680	27 
9681	187 
9682	199 
9683	45 
9684	274 
9685	270 
9686	214 
9687	268 
9688	221 
9689	250 
9690	189 
9691	89 
9692	189 
9693	40 
9694	90 
9695	158 
9696	119 
9697	119 
9698	147 
9699	85 
9700	187 
9701	151 
9702	37 
9703	147 
9704	268 
9705	214 
9706	280 
9707	1 
9708	45 
9709	72 
9710	89 
9711	104 
9712	274 
9713	56 
9714	97 
9715	70 
9716	152 
9717	192 
9718	52 
9719	119 
9720	265 
9721	120 
9722	120 
9723	147 
9724	40 
9725	214 
9726	39 
9727	89 
9728	279 
9729	257 
9730	181 
9731	9 
9732	144 
9733	274 
9734	274 
9735	70 
9736	51 
9737	285 
9738	45 
9739	27 
9740	230 
9741	52 
9742	236 
9743	153 
9744	147 
9745	40 
9746	37 
9747	59 
9748	142 
9749	249 
9750	221 
9751	144 
9752	112 
9753	214 
9754	153 
9755	221 
9756	45 
9757	70 
9758	89 
9759	216 
9760	277 
9761	126 
9762	273 
9763	126 
9764	214 
9765	27 
9766	275 
9767	151 
9768	151 
9769	95 
9770	27 
9771	59 
9772	28 
9773	27 
9774	45 
9775	27 
9776	249 
9777	88 
9778	45 
9779	9 
9780	56 
9781	70 
9782	268 
9783	225 
9784	40 
9785	131 
9786	28 
9787	120 
9788	89 
9789	72 
9790	267 
9791	274 
9792	221 
9793	76 
9794	27 
9795	238 
9796	265 
9797	97 
9798	89 
9799	216 
9800	14 
9801	103 
9802	187 
9803	7 
9804	27 
9805	221 
9806	90 
9807	274 
9808	217 
9809	151 
9810	248 
9811	112 
9812	279 
9813	90 
9814	70 
9815	51 
9816	85 
9817	265 
9818	112 
9819	85 
9820	70 
9821	265 
9822	120 
9823	248 
9824	27 
9825	144 
9826	131 
9827	9 
9828	279 
9829	72 
9830	40 
9831	14 
9832	144 
9833	9 
9834	221 
9835	248 
9836	95 
9837	70 
9838	88 
9839	59 
9840	268 
9841	154 
9842	76 
9843	257 
9844	192 
9845	268 
9846	269 
9847	9 
9848	274 
9849	118 
9850	268 
9851	158 
9852	280 
9853	1 
9854	158 
9855	265 
9856	131 
9857	221 
9858	40 
9859	188 
9860	119 
9861	119 
9862	270 
9863	120 
9864	188 
9865	249 
9866	119 
9867	39 
9868	225 
9869	27 
9870	154 
9871	154 
9872	153 
9873	221 
9874	257 
9875	236 
9876	277 
9877	40 
9878	214 
9879	12 
9880	199 
9881	279 
9882	273 
9883	144 
9884	230 
9885	89 
9886	70 
9887	265 
9888	45 
9889	51 
9890	236 
9891	70 
9892	268 
9893	236 
9894	280 
9895	70 
9896	76 
9897	158 
9898	154 
9899	199 
9900	279 
9901	7 
9902	283 
9903	37 
9904	188 
9905	267 
9906	257 
9907	118 
9908	158 
9909	270 
9910	187 
9911	279 
9912	283 
9913	52 
9914	56 
9915	39 
9916	56 
9917	39 
9918	187 
9919	187 
9920	249 
9921	7 
9922	70 
9923	153 
9924	248 
9925	270 
9926	192 
9927	283 
9928	270 
9929	56 
9930	232 
9931	274 
9932	76 
9933	199 
9934	151 
9935	153 
9936	187 
9937	232 
9938	232 
9939	104 
9940	151 
9941	158 
9942	39 
9943	39 
9944	158 
9945	230 
9946	248 
9947	76 
9948	248 
9949	265 
9950	249 
9951	271 
9952	238 
9953	199 
9954	274 
9955	270 
9956	27 
9957	118 
9958	104 
9959	267 
9960	158 
9961	257 
9962	283 
9963	152 
9964	192 
9965	45 
9966	187 
9967	268 
9968	7 
9969	120 
9970	27 
9971	52 
9972	214 
9973	118 
9974	271 
9975	119 
9976	199 
9977	1 
9978	40 
9979	12 
9980	126 
9981	230 
9982	271 
9983	52 
9984	273 
9985	70 
9986	88 
9987	230 
9988	275 
9989	199 
9990	104 
9991	153 
9992	12 
9993	51 
9994	280 
9995	88 
9996	192 
9997	230 
9998	144 
9999	1 
10000	39 
