1	353 
2	393 
3	363 
4	104 
5	405 
6	376 
7	38 
8	117 
9	107 
10	64 
11	130 
12	265 
13	372 
14	44 
15	67 
16	65 
17	374 
18	129 
19	466 
20	200 
21	171 
22	262 
23	221 
24	22 
25	200 
26	58 
27	452 
28	330 
29	307 
30	48 
31	290 
32	51 
33	400 
34	310 
35	472 
36	272 
37	384 
38	305 
39	459 
40	154 
41	274 
42	174 
43	15 
44	115 
45	373 
46	368 
47	189 
48	292 
49	151 
50	174 
51	122 
52	437 
53	411 
54	78 
55	278 
56	461 
57	100 
58	397 
59	337 
60	444 
61	424 
62	6 
63	416 
64	405 
65	427 
66	421 
67	176 
68	398 
69	73 
70	72 
71	199 
72	375 
73	173 
74	218 
75	268 
76	70 
77	275 
78	345 
79	164 
80	277 
81	71 
82	46 
83	123 
84	108 
85	99 
86	424 
87	89 
88	263 
89	333 
90	93 
91	54 
92	118 
93	412 
94	321 
95	196 
96	95 
97	287 
98	446 
99	436 
100	281 
101	53 
102	87 
103	70 
104	197 
105	51 
106	460 
107	78 
108	354 
109	426 
110	10 
111	160 
112	427 
113	24 
114	293 
115	383 
116	280 
117	302 
118	236 
119	97 
120	176 
121	127 
122	7 
123	253 
124	358 
125	205 
126	388 
127	114 
128	343 
129	75 
130	442 
131	67 
132	350 
133	342 
134	97 
135	260 
136	85 
137	351 
138	108 
139	9 
140	89 
141	348 
142	284 
143	55 
144	383 
145	70 
146	353 
147	183 
148	398 
149	49 
150	22 
151	194 
152	233 
153	393 
154	41 
155	393 
156	34 
157	276 
158	4 
159	422 
160	58 
161	261 
162	220 
163	414 
164	231 
165	1 
166	441 
167	120 
168	51 
169	230 
170	143 
171	448 
172	67 
173	290 
174	375 
175	173 
176	340 
177	346 
178	155 
179	367 
180	65 
181	162 
182	278 
183	361 
184	206 
185	358 
186	360 
187	277 
188	186 
189	365 
190	14 
191	159 
192	75 
193	38 
194	221 
195	463 
196	313 
197	288 
198	188 
199	225 
200	234 
201	418 
202	198 
203	201 
204	157 
205	171 
206	293 
207	279 
208	147 
209	434 
210	99 
211	140 
212	350 
213	109 
214	242 
215	270 
216	120 
217	117 
218	395 
219	185 
220	177 
221	322 
222	442 
223	32 
224	44 
225	442 
226	4 
227	163 
228	70 
229	162 
230	347 
231	231 
232	171 
233	442 
234	99 
235	73 
236	194 
237	398 
238	447 
239	218 
240	453 
241	391 
242	185 
243	433 
244	230 
245	218 
246	280 
247	23 
248	47 
249	452 
250	321 
251	174 
252	396 
253	442 
254	212 
255	399 
256	78 
257	258 
258	168 
259	377 
260	123 
261	436 
262	231 
263	420 
264	31 
265	277 
266	224 
267	381 
268	421 
269	2 
270	469 
271	244 
272	450 
273	316 
274	337 
275	263 
276	349 
277	458 
278	360 
279	329 
280	396 
281	109 
282	353 
283	175 
284	80 
285	287 
286	471 
287	344 
288	367 
289	92 
290	381 
291	42 
292	1 
293	227 
294	213 
295	322 
296	268 
297	235 
298	302 
299	235 
300	315 
301	444 
302	228 
303	17 
304	283 
305	219 
306	172 
307	408 
308	255 
309	272 
310	439 
311	162 
312	183 
313	2 
314	405 
315	143 
316	439 
317	435 
318	73 
319	209 
320	319 
321	17 
322	152 
323	280 
324	73 
325	399 
326	325 
327	146 
328	300 
329	174 
330	332 
331	212 
332	93 
333	90 
334	466 
335	5 
336	159 
337	340 
338	179 
339	319 
340	102 
341	16 
342	319 
343	284 
344	450 
345	6 
346	213 
347	205 
348	313 
349	103 
350	263 
351	56 
352	455 
353	183 
354	122 
355	307 
356	281 
357	159 
358	18 
359	238 
360	34 
361	139 
362	291 
363	80 
364	51 
365	65 
366	175 
367	152 
368	143 
369	175 
370	194 
371	276 
372	59 
373	24 
374	335 
375	470 
376	271 
377	197 
378	203 
379	119 
380	437 
381	297 
382	127 
383	158 
384	49 
385	36 
386	256 
387	299 
388	182 
389	185 
390	206 
391	181 
392	89 
393	407 
394	474 
395	290 
396	31 
397	121 
398	229 
399	194 
400	459 
401	433 
402	217 
403	245 
404	426 
405	132 
406	27 
407	28 
408	167 
409	254 
410	289 
411	234 
412	473 
413	172 
414	177 
415	206 
416	8 
417	466 
418	430 
419	301 
420	383 
421	53 
422	290 
423	306 
424	306 
425	311 
426	264 
427	187 
428	448 
429	396 
430	127 
431	222 
432	348 
433	66 
434	312 
435	470 
436	3 
437	270 
438	79 
439	16 
440	323 
441	277 
442	108 
443	355 
444	8 
445	77 
446	263 
447	108 
448	367 
449	209 
450	207 
451	219 
452	460 
453	331 
454	397 
455	440 
456	355 
457	177 
458	290 
459	175 
460	452 
461	133 
462	22 
463	190 
464	398 
465	3 
466	47 
467	62 
468	403 
469	112 
470	466 
471	480 
472	144 
473	388 
474	18 
475	32 
476	5 
477	458 
478	160 
479	137 
480	50 
481	86 
482	424 
483	417 
484	139 
485	155 
486	279 
487	195 
488	410 
489	348 
490	229 
491	165 
492	188 
493	333 
494	303 
495	385 
496	259 
497	187 
498	166 
499	16 
500	371 
501	340 
502	139 
503	350 
504	399 
505	320 
506	352 
507	129 
508	353 
509	42 
510	208 
511	67 
512	286 
513	336 
514	261 
515	30 
516	215 
517	359 
518	248 
519	125 
520	94 
521	394 
522	129 
523	476 
524	224 
525	432 
526	253 
527	66 
528	364 
529	57 
530	330 
531	176 
532	230 
533	244 
534	341 
535	5 
536	221 
537	371 
538	448 
539	42 
540	144 
541	311 
542	392 
543	50 
544	289 
545	464 
546	110 
547	260 
548	74 
549	349 
550	353 
551	223 
552	194 
553	8 
554	93 
555	161 
556	333 
557	455 
558	8 
559	162 
560	140 
561	141 
562	254 
563	24 
564	277 
565	11 
566	57 
567	76 
568	323 
569	366 
570	165 
571	175 
572	270 
573	30 
574	93 
575	447 
576	65 
577	269 
578	178 
579	195 
580	14 
581	27 
582	432 
583	114 
584	200 
585	179 
586	363 
587	309 
588	265 
589	130 
590	456 
591	442 
592	218 
593	397 
594	359 
595	306 
596	237 
597	308 
598	137 
599	315 
600	205 
601	388 
602	374 
603	226 
604	37 
605	80 
606	139 
607	289 
608	323 
609	255 
610	121 
611	144 
612	246 
613	239 
614	328 
615	254 
616	88 
617	141 
618	204 
619	332 
620	353 
621	366 
622	117 
623	113 
624	133 
625	188 
626	335 
627	375 
628	298 
629	74 
630	348 
631	326 
632	152 
633	277 
634	231 
635	285 
636	376 
637	314 
638	62 
639	100 
640	302 
641	280 
642	27 
643	360 
644	201 
645	444 
646	318 
647	359 
648	6 
649	435 
650	110 
651	117 
652	471 
653	279 
654	63 
655	401 
656	384 
657	466 
658	235 
659	369 
660	288 
661	346 
662	443 
663	219 
664	224 
665	197 
666	397 
667	158 
668	57 
669	303 
670	331 
671	238 
672	397 
673	218 
674	355 
675	258 
676	17 
677	442 
678	104 
679	354 
680	19 
681	323 
682	383 
683	306 
684	394 
685	118 
686	104 
687	252 
688	180 
689	455 
690	103 
691	201 
692	252 
693	311 
694	469 
695	42 
696	351 
697	11 
698	39 
699	413 
700	88 
701	67 
702	257 
703	140 
704	302 
705	313 
706	172 
707	87 
708	160 
709	174 
710	79 
711	117 
712	173 
713	105 
714	464 
715	341 
716	121 
717	258 
718	400 
719	370 
720	214 
721	377 
722	455 
723	394 
724	72 
725	201 
726	123 
727	136 
728	76 
729	391 
730	355 
731	118 
732	104 
733	355 
734	465 
735	149 
736	290 
737	450 
738	11 
739	343 
740	223 
741	91 
742	342 
743	102 
744	157 
745	44 
746	455 
747	404 
748	229 
749	284 
750	422 
751	105 
752	44 
753	251 
754	468 
755	272 
756	312 
757	261 
758	42 
759	132 
760	83 
761	115 
762	58 
763	333 
764	72 
765	371 
766	275 
767	85 
768	137 
769	71 
770	79 
771	478 
772	72 
773	348 
774	218 
775	290 
776	404 
777	7 
778	403 
779	42 
780	126 
781	393 
782	247 
783	267 
784	1 
785	350 
786	447 
787	337 
788	5 
789	326 
790	224 
791	134 
792	183 
793	375 
794	275 
795	408 
796	418 
797	50 
798	414 
799	275 
800	338 
801	78 
802	206 
803	85 
804	121 
805	413 
806	12 
807	121 
808	17 
809	8 
810	372 
811	279 
812	267 
813	454 
814	259 
815	160 
816	2 
817	321 
818	185 
819	180 
820	27 
821	181 
822	390 
823	327 
824	298 
825	443 
826	264 
827	478 
828	128 
829	370 
830	110 
831	456 
832	383 
833	203 
834	80 
835	244 
836	466 
837	430 
838	375 
839	324 
840	414 
841	409 
842	451 
843	457 
844	168 
845	469 
846	464 
847	405 
848	401 
849	25 
850	413 
851	364 
852	186 
853	142 
854	320 
855	197 
856	59 
857	269 
858	422 
859	305 
860	197 
861	243 
862	88 
863	393 
864	387 
865	457 
866	247 
867	254 
868	297 
869	319 
870	315 
871	138 
872	260 
873	424 
874	252 
875	145 
876	316 
877	262 
878	395 
879	302 
880	286 
881	357 
882	476 
883	398 
884	168 
885	174 
886	57 
887	465 
888	348 
889	318 
890	137 
891	201 
892	401 
893	349 
894	227 
895	420 
896	40 
897	387 
898	362 
899	451 
900	6 
901	394 
902	361 
903	291 
904	97 
905	360 
906	179 
907	67 
908	317 
909	220 
910	385 
911	200 
912	476 
913	120 
914	298 
915	186 
916	36 
917	363 
918	132 
919	117 
920	245 
921	191 
922	233 
923	275 
924	244 
925	286 
926	287 
927	305 
928	381 
929	391 
930	353 
931	141 
932	77 
933	456 
934	415 
935	55 
936	100 
937	300 
938	355 
939	284 
940	380 
941	370 
942	174 
943	268 
944	197 
945	41 
946	157 
947	282 
948	40 
949	333 
950	345 
951	230 
952	56 
953	347 
954	201 
955	371 
956	477 
957	7 
958	299 
959	226 
960	83 
961	386 
962	342 
963	277 
964	73 
965	325 
966	319 
967	33 
968	106 
969	126 
970	128 
971	95 
972	216 
973	152 
974	24 
975	21 
976	269 
977	449 
978	186 
979	98 
980	201 
981	341 
982	350 
983	365 
984	133 
985	86 
986	306 
987	3 
988	48 
989	437 
990	304 
991	46 
992	55 
993	444 
994	68 
995	145 
996	158 
997	234 
998	461 
999	194 
1000	335 
1001	297 
1002	72 
1003	180 
1004	101 
1005	190 
1006	118 
1007	68 
1008	229 
1009	418 
1010	157 
1011	465 
1012	102 
1013	78 
1014	409 
1015	413 
1016	333 
1017	313 
1018	204 
1019	317 
1020	279 
1021	195 
1022	137 
1023	367 
1024	242 
1025	224 
1026	288 
1027	337 
1028	186 
1029	397 
1030	352 
1031	87 
1032	134 
1033	52 
1034	16 
1035	134 
1036	448 
1037	472 
1038	40 
1039	180 
1040	188 
1041	405 
1042	253 
1043	349 
1044	375 
1045	448 
1046	139 
1047	41 
1048	181 
1049	242 
1050	226 
1051	428 
1052	136 
1053	339 
1054	1 
1055	412 
1056	443 
1057	257 
1058	478 
1059	284 
1060	313 
1061	321 
1062	317 
1063	408 
1064	390 
1065	187 
1066	132 
1067	155 
1068	198 
1069	20 
1070	36 
1071	164 
1072	373 
1073	240 
1074	331 
1075	177 
1076	42 
1077	243 
1078	245 
1079	115 
1080	241 
1081	274 
1082	332 
1083	265 
1084	52 
1085	329 
1086	18 
1087	271 
1088	382 
1089	65 
1090	412 
1091	299 
1092	322 
1093	460 
1094	176 
1095	295 
1096	245 
1097	218 
1098	433 
1099	147 
1100	82 
1101	30 
1102	131 
1103	383 
1104	472 
1105	86 
1106	440 
1107	206 
1108	283 
1109	404 
1110	160 
1111	272 
1112	473 
1113	53 
1114	98 
1115	400 
1116	260 
1117	472 
1118	166 
1119	147 
1120	214 
1121	254 
1122	74 
1123	390 
1124	39 
1125	88 
1126	275 
1127	325 
1128	161 
1129	454 
1130	475 
1131	383 
1132	336 
1133	420 
1134	271 
1135	15 
1136	37 
1137	251 
1138	312 
1139	38 
1140	155 
1141	421 
1142	406 
1143	255 
1144	329 
1145	311 
1146	472 
1147	453 
1148	160 
1149	434 
1150	301 
1151	377 
1152	403 
1153	374 
1154	222 
1155	44 
1156	98 
1157	195 
1158	99 
1159	190 
1160	291 
1161	3 
1162	150 
1163	229 
1164	327 
1165	41 
1166	260 
1167	38 
1168	158 
1169	461 
1170	186 
1171	239 
1172	214 
1173	400 
1174	239 
1175	118 
1176	359 
1177	43 
1178	251 
1179	195 
1180	70 
1181	242 
1182	373 
1183	423 
1184	132 
1185	240 
1186	429 
1187	177 
1188	24 
1189	233 
1190	82 
1191	221 
1192	53 
1193	466 
1194	89 
1195	81 
1196	176 
1197	217 
1198	217 
1199	317 
1200	263 
1201	465 
1202	354 
1203	425 
1204	195 
1205	389 
1206	144 
1207	298 
1208	192 
1209	427 
1210	432 
1211	422 
1212	13 
1213	186 
1214	44 
1215	428 
1216	465 
1217	256 
1218	395 
1219	75 
1220	136 
1221	318 
1222	128 
1223	337 
1224	324 
1225	49 
1226	28 
1227	63 
1228	278 
1229	41 
1230	27 
1231	52 
1232	172 
1233	184 
1234	216 
1235	16 
1236	195 
1237	211 
1238	81 
1239	375 
1240	196 
1241	351 
1242	14 
1243	302 
1244	451 
1245	111 
1246	17 
1247	304 
1248	470 
1249	473 
1250	449 
1251	476 
1252	327 
1253	118 
1254	398 
1255	92 
1256	282 
1257	1 
1258	296 
1259	87 
1260	202 
1261	57 
1262	232 
1263	68 
1264	369 
1265	29 
1266	287 
1267	328 
1268	355 
1269	280 
1270	85 
1271	418 
1272	403 
1273	343 
1274	72 
1275	386 
1276	151 
1277	432 
1278	450 
1279	292 
1280	203 
1281	327 
1282	22 
1283	325 
1284	335 
1285	260 
1286	94 
1287	299 
1288	259 
1289	402 
1290	428 
1291	56 
1292	195 
1293	291 
1294	179 
1295	256 
1296	2 
1297	381 
1298	386 
1299	221 
1300	358 
1301	30 
1302	43 
1303	231 
1304	63 
1305	61 
1306	90 
1307	19 
1308	372 
1309	449 
1310	439 
1311	313 
1312	450 
1313	58 
1314	278 
1315	351 
1316	30 
1317	245 
1318	464 
1319	452 
1320	58 
1321	480 
1322	390 
1323	168 
1324	63 
1325	405 
1326	180 
1327	197 
1328	315 
1329	394 
1330	146 
1331	148 
1332	255 
1333	396 
1334	296 
1335	87 
1336	71 
1337	343 
1338	144 
1339	313 
1340	58 
1341	196 
1342	465 
1343	144 
1344	119 
1345	206 
1346	233 
1347	146 
1348	312 
1349	456 
1350	381 
1351	197 
1352	155 
1353	227 
1354	20 
1355	124 
1356	391 
1357	214 
1358	225 
1359	298 
1360	300 
1361	238 
1362	436 
1363	450 
1364	385 
1365	334 
1366	314 
1367	341 
1368	343 
1369	172 
1370	61 
1371	381 
1372	283 
1373	253 
1374	272 
1375	115 
1376	374 
1377	119 
1378	405 
1379	195 
1380	8 
1381	474 
1382	200 
1383	287 
1384	106 
1385	76 
1386	435 
1387	388 
1388	279 
1389	65 
1390	461 
1391	48 
1392	140 
1393	170 
1394	471 
1395	213 
1396	302 
1397	56 
1398	273 
1399	468 
1400	239 
1401	239 
1402	131 
1403	162 
1404	1 
1405	422 
1406	207 
1407	445 
1408	281 
1409	17 
1410	160 
1411	435 
1412	223 
1413	379 
1414	263 
1415	462 
1416	218 
1417	121 
1418	2 
1419	91 
1420	322 
1421	330 
1422	257 
1423	430 
1424	222 
1425	312 
1426	122 
1427	306 
1428	170 
1429	41 
1430	81 
1431	342 
1432	369 
1433	306 
1434	333 
1435	312 
1436	221 
1437	100 
1438	451 
1439	393 
1440	372 
1441	363 
1442	470 
1443	479 
1444	349 
1445	478 
1446	21 
1447	182 
1448	307 
1449	188 
1450	144 
1451	63 
1452	345 
1453	33 
1454	425 
1455	76 
1456	41 
1457	122 
1458	303 
1459	473 
1460	446 
1461	25 
1462	20 
1463	187 
1464	345 
1465	228 
1466	303 
1467	332 
1468	63 
1469	382 
1470	285 
1471	267 
1472	347 
1473	111 
1474	147 
1475	89 
1476	10 
1477	359 
1478	161 
1479	369 
1480	382 
1481	415 
1482	183 
1483	177 
1484	62 
1485	359 
1486	139 
1487	361 
1488	351 
1489	452 
1490	334 
1491	141 
1492	138 
1493	49 
1494	134 
1495	20 
1496	211 
1497	398 
1498	239 
1499	432 
1500	31 
1501	148 
1502	56 
1503	359 
1504	181 
1505	312 
1506	48 
1507	113 
1508	72 
1509	477 
1510	7 
1511	315 
1512	161 
1513	348 
1514	332 
1515	373 
1516	419 
1517	241 
1518	131 
1519	105 
1520	71 
1521	403 
1522	258 
1523	418 
1524	152 
1525	95 
1526	468 
1527	386 
1528	202 
1529	395 
1530	183 
1531	457 
1532	420 
1533	338 
1534	35 
1535	287 
1536	153 
1537	66 
1538	305 
1539	198 
1540	243 
1541	433 
1542	91 
1543	451 
1544	469 
1545	317 
1546	329 
1547	252 
1548	137 
1549	388 
1550	216 
1551	275 
1552	34 
1553	384 
1554	450 
1555	318 
1556	179 
1557	479 
1558	87 
1559	322 
1560	342 
1561	275 
1562	254 
1563	33 
1564	463 
1565	341 
1566	433 
1567	92 
1568	78 
1569	325 
1570	262 
1571	242 
1572	121 
1573	60 
1574	108 
1575	392 
1576	182 
1577	408 
1578	67 
1579	54 
1580	365 
1581	90 
1582	281 
1583	266 
1584	415 
1585	232 
1586	476 
1587	480 
1588	295 
1589	57 
1590	323 
1591	73 
1592	130 
1593	293 
1594	235 
1595	145 
1596	30 
1597	179 
1598	453 
1599	47 
1600	133 
1601	273 
1602	215 
1603	302 
1604	25 
1605	332 
1606	189 
1607	400 
1608	66 
1609	301 
1610	114 
1611	53 
1612	334 
1613	426 
1614	401 
1615	127 
1616	234 
1617	379 
1618	256 
1619	92 
1620	242 
1621	368 
1622	360 
1623	74 
1624	431 
1625	255 
1626	52 
1627	39 
1628	116 
1629	302 
1630	416 
1631	21 
1632	33 
1633	425 
1634	480 
1635	112 
1636	115 
1637	457 
1638	115 
1639	116 
1640	297 
1641	220 
1642	44 
1643	162 
1644	45 
1645	411 
1646	351 
1647	164 
1648	352 
1649	28 
1650	98 
1651	393 
1652	247 
1653	315 
1654	429 
1655	30 
1656	380 
1657	429 
1658	395 
1659	112 
1660	40 
1661	84 
1662	189 
1663	155 
1664	477 
1665	337 
1666	82 
1667	93 
1668	239 
1669	413 
1670	84 
1671	278 
1672	211 
1673	79 
1674	8 
1675	69 
1676	327 
1677	376 
1678	335 
1679	425 
1680	293 
1681	224 
1682	34 
1683	451 
1684	469 
1685	90 
1686	417 
1687	38 
1688	378 
1689	103 
1690	229 
1691	400 
1692	321 
1693	2 
1694	270 
1695	384 
1696	102 
1697	94 
1698	126 
1699	167 
1700	480 
1701	203 
1702	248 
1703	95 
1704	100 
1705	311 
1706	16 
1707	134 
1708	191 
1709	32 
1710	203 
1711	386 
1712	83 
1713	366 
1714	476 
1715	39 
1716	221 
1717	29 
1718	16 
1719	196 
1720	430 
1721	438 
1722	352 
1723	330 
1724	352 
1725	212 
1726	243 
1727	47 
1728	458 
1729	307 
1730	17 
1731	33 
1732	379 
1733	142 
1734	147 
1735	156 
1736	315 
1737	168 
1738	275 
1739	101 
1740	213 
1741	83 
1742	145 
1743	187 
1744	215 
1745	104 
1746	471 
1747	142 
1748	68 
1749	94 
1750	435 
1751	257 
1752	123 
1753	31 
1754	29 
1755	473 
1756	394 
1757	373 
1758	17 
1759	395 
1760	241 
1761	354 
1762	377 
1763	390 
1764	154 
1765	249 
1766	222 
1767	463 
1768	40 
1769	403 
1770	463 
1771	243 
1772	324 
1773	311 
1774	70 
1775	213 
1776	30 
1777	315 
1778	147 
1779	197 
1780	85 
1781	250 
1782	144 
1783	205 
1784	275 
1785	133 
1786	393 
1787	222 
1788	220 
1789	364 
1790	96 
1791	336 
1792	47 
1793	374 
1794	292 
1795	318 
1796	234 
1797	297 
1798	344 
1799	458 
1800	469 
1801	186 
1802	110 
1803	25 
1804	299 
1805	346 
1806	476 
1807	208 
1808	21 
1809	365 
1810	407 
1811	71 
1812	56 
1813	228 
1814	300 
1815	452 
1816	371 
1817	103 
1818	204 
1819	262 
1820	349 
1821	182 
1822	326 
1823	479 
1824	323 
1825	263 
1826	358 
1827	94 
1828	10 
1829	370 
1830	255 
1831	314 
1832	322 
1833	170 
1834	105 
1835	24 
1836	221 
1837	419 
1838	314 
1839	282 
1840	469 
1841	453 
1842	390 
1843	283 
1844	465 
1845	158 
1846	431 
1847	403 
1848	256 
1849	394 
1850	414 
1851	156 
1852	233 
1853	227 
1854	292 
1855	447 
1856	326 
1857	399 
1858	300 
1859	456 
1860	110 
1861	342 
1862	364 
1863	382 
1864	271 
1865	120 
1866	158 
1867	124 
1868	125 
1869	363 
1870	241 
1871	278 
1872	241 
1873	438 
1874	445 
1875	192 
1876	101 
1877	151 
1878	134 
1879	216 
1880	336 
1881	282 
1882	85 
1883	157 
1884	469 
1885	376 
1886	327 
1887	430 
1888	330 
1889	74 
1890	276 
1891	215 
1892	396 
1893	270 
1894	58 
1895	310 
1896	333 
1897	419 
1898	181 
1899	342 
1900	343 
1901	194 
1902	225 
1903	244 
1904	124 
1905	275 
1906	350 
1907	406 
1908	443 
1909	190 
1910	432 
1911	401 
1912	404 
1913	402 
1914	199 
1915	269 
1916	302 
1917	33 
1918	185 
1919	204 
1920	23 
1921	381 
1922	425 
1923	380 
1924	81 
1925	295 
1926	29 
1927	446 
1928	4 
1929	379 
1930	172 
1931	256 
1932	145 
1933	231 
1934	52 
1935	39 
1936	321 
1937	318 
1938	395 
1939	378 
1940	395 
1941	74 
1942	169 
1943	370 
1944	192 
1945	128 
1946	75 
1947	17 
1948	36 
1949	370 
1950	136 
1951	206 
1952	14 
1953	165 
1954	342 
1955	454 
1956	130 
1957	23 
1958	43 
1959	334 
1960	344 
1961	224 
1962	250 
1963	267 
1964	84 
1965	377 
1966	165 
1967	287 
1968	26 
1969	480 
1970	251 
1971	203 
1972	386 
1973	95 
1974	307 
1975	463 
1976	304 
1977	409 
1978	433 
1979	15 
1980	302 
1981	373 
1982	333 
1983	110 
1984	153 
1985	102 
1986	456 
1987	284 
1988	111 
1989	257 
1990	45 
1991	220 
1992	273 
1993	144 
1994	197 
1995	345 
1996	462 
1997	113 
1998	88 
1999	280 
2000	454 
2001	329 
2002	138 
2003	271 
2004	125 
2005	344 
2006	111 
2007	202 
2008	428 
2009	365 
2010	223 
2011	145 
2012	388 
2013	95 
2014	26 
2015	416 
2016	100 
2017	46 
2018	324 
2019	462 
2020	216 
2021	315 
2022	307 
2023	175 
2024	154 
2025	360 
2026	259 
2027	311 
2028	209 
2029	128 
2030	270 
2031	299 
2032	43 
2033	228 
2034	209 
2035	439 
2036	152 
2037	475 
2038	315 
2039	123 
2040	165 
2041	227 
2042	173 
2043	354 
2044	177 
2045	382 
2046	108 
2047	473 
2048	163 
2049	191 
2050	408 
2051	429 
2052	148 
2053	156 
2054	250 
2055	393 
2056	21 
2057	92 
2058	188 
2059	386 
2060	237 
2061	366 
2062	128 
2063	43 
2064	425 
2065	230 
2066	172 
2067	292 
2068	136 
2069	278 
2070	131 
2071	204 
2072	214 
2073	240 
2074	455 
2075	285 
2076	269 
2077	101 
2078	349 
2079	106 
2080	279 
2081	291 
2082	223 
2083	346 
2084	78 
2085	92 
2086	300 
2087	101 
2088	305 
2089	86 
2090	405 
2091	149 
2092	407 
2093	249 
2094	112 
2095	286 
2096	79 
2097	412 
2098	381 
2099	391 
2100	238 
2101	294 
2102	289 
2103	279 
2104	321 
2105	26 
2106	173 
2107	107 
2108	186 
2109	191 
2110	159 
2111	363 
2112	252 
2113	21 
2114	41 
2115	369 
2116	255 
2117	48 
2118	163 
2119	400 
2120	299 
2121	387 
2122	222 
2123	126 
2124	22 
2125	249 
2126	161 
2127	153 
2128	169 
2129	319 
2130	190 
2131	81 
2132	232 
2133	320 
2134	24 
2135	235 
2136	252 
2137	36 
2138	351 
2139	428 
2140	19 
2141	85 
2142	270 
2143	37 
2144	157 
2145	11 
2146	116 
2147	308 
2148	51 
2149	349 
2150	112 
2151	373 
2152	146 
2153	422 
2154	8 
2155	438 
2156	179 
2157	381 
2158	107 
2159	132 
2160	338 
2161	126 
2162	402 
2163	85 
2164	158 
2165	53 
2166	204 
2167	257 
2168	263 
2169	390 
2170	360 
2171	167 
2172	328 
2173	459 
2174	417 
2175	184 
2176	338 
2177	307 
2178	399 
2179	452 
2180	149 
2181	455 
2182	151 
2183	424 
2184	453 
2185	451 
2186	179 
2187	331 
2188	152 
2189	176 
2190	139 
2191	352 
2192	448 
2193	296 
2194	458 
2195	475 
2196	167 
2197	397 
2198	191 
2199	470 
2200	158 
2201	3 
2202	38 
2203	308 
2204	13 
2205	289 
2206	179 
2207	304 
2208	441 
2209	421 
2210	371 
2211	264 
2212	146 
2213	146 
2214	267 
2215	320 
2216	77 
2217	218 
2218	433 
2219	347 
2220	464 
2221	70 
2222	50 
2223	92 
2224	209 
2225	128 
2226	356 
2227	161 
2228	477 
2229	370 
2230	142 
2231	156 
2232	260 
2233	71 
2234	328 
2235	325 
2236	67 
2237	201 
2238	163 
2239	181 
2240	321 
2241	88 
2242	372 
2243	199 
2244	87 
2245	127 
2246	341 
2247	183 
2248	264 
2249	191 
2250	106 
2251	272 
2252	192 
2253	64 
2254	217 
2255	94 
2256	193 
2257	279 
2258	435 
2259	252 
2260	344 
2261	150 
2262	446 
2263	244 
2264	90 
2265	409 
2266	298 
2267	471 
2268	118 
2269	184 
2270	54 
2271	15 
2272	6 
2273	41 
2274	438 
2275	21 
2276	250 
2277	170 
2278	294 
2279	198 
2280	167 
2281	43 
2282	419 
2283	143 
2284	326 
2285	65 
2286	53 
2287	428 
2288	38 
2289	99 
2290	93 
2291	404 
2292	181 
2293	228 
2294	89 
2295	90 
2296	278 
2297	443 
2298	429 
2299	439 
2300	310 
2301	106 
2302	275 
2303	208 
2304	347 
2305	48 
2306	336 
2307	212 
2308	203 
2309	342 
2310	110 
2311	85 
2312	449 
2313	154 
2314	456 
2315	343 
2316	270 
2317	221 
2318	328 
2319	288 
2320	127 
2321	99 
2322	107 
2323	215 
2324	183 
2325	146 
2326	48 
2327	7 
2328	160 
2329	287 
2330	404 
2331	369 
2332	389 
2333	463 
2334	269 
2335	200 
2336	456 
2337	346 
2338	105 
2339	402 
2340	197 
2341	222 
2342	436 
2343	8 
2344	47 
2345	321 
2346	447 
2347	367 
2348	152 
2349	137 
2350	90 
2351	45 
2352	411 
2353	365 
2354	152 
2355	201 
2356	387 
2357	17 
2358	427 
2359	217 
2360	411 
2361	69 
2362	406 
2363	92 
2364	358 
2365	166 
2366	414 
2367	412 
2368	235 
2369	276 
2370	71 
2371	176 
2372	201 
2373	366 
2374	273 
2375	57 
2376	276 
2377	229 
2378	196 
2379	287 
2380	222 
2381	155 
2382	430 
2383	475 
2384	378 
2385	335 
2386	73 
2387	236 
2388	420 
2389	70 
2390	40 
2391	227 
2392	309 
2393	294 
2394	113 
2395	406 
2396	340 
2397	75 
2398	75 
2399	416 
2400	30 
2401	323 
2402	215 
2403	299 
2404	160 
2405	320 
2406	23 
2407	418 
2408	219 
2409	362 
2410	61 
2411	212 
2412	149 
2413	285 
2414	456 
2415	101 
2416	419 
2417	286 
2418	46 
2419	441 
2420	184 
2421	169 
2422	157 
2423	450 
2424	463 
2425	260 
2426	50 
2427	91 
2428	82 
2429	240 
2430	242 
2431	424 
2432	180 
2433	425 
2434	374 
2435	168 
2436	62 
2437	373 
2438	307 
2439	281 
2440	346 
2441	304 
2442	420 
2443	324 
2444	20 
2445	32 
2446	203 
2447	35 
2448	20 
2449	106 
2450	27 
2451	403 
2452	174 
2453	3 
2454	336 
2455	52 
2456	420 
2457	205 
2458	209 
2459	225 
2460	194 
2461	414 
2462	1 
2463	380 
2464	343 
2465	422 
2466	137 
2467	224 
2468	215 
2469	173 
2470	178 
2471	66 
2472	127 
2473	74 
2474	339 
2475	275 
2476	236 
2477	316 
2478	191 
2479	192 
2480	24 
2481	93 
2482	269 
2483	151 
2484	318 
2485	121 
2486	110 
2487	193 
2488	423 
2489	29 
2490	7 
2491	350 
2492	78 
2493	380 
2494	234 
2495	236 
2496	332 
2497	360 
2498	299 
2499	97 
2500	50 
2501	35 
2502	196 
2503	126 
2504	283 
2505	418 
2506	56 
2507	428 
2508	301 
2509	365 
2510	339 
2511	245 
2512	430 
2513	51 
2514	120 
2515	264 
2516	450 
2517	374 
2518	268 
2519	268 
2520	372 
2521	199 
2522	365 
2523	10 
2524	46 
2525	457 
2526	46 
2527	221 
2528	323 
2529	244 
2530	135 
2531	22 
2532	119 
2533	139 
2534	241 
2535	358 
2536	8 
2537	441 
2538	1 
2539	434 
2540	477 
2541	370 
2542	191 
2543	65 
2544	237 
2545	46 
2546	456 
2547	43 
2548	327 
2549	403 
2550	92 
2551	229 
2552	338 
2553	439 
2554	439 
2555	128 
2556	259 
2557	38 
2558	264 
2559	228 
2560	269 
2561	322 
2562	117 
2563	133 
2564	114 
2565	447 
2566	13 
2567	389 
2568	84 
2569	462 
2570	289 
2571	330 
2572	206 
2573	475 
2574	152 
2575	136 
2576	75 
2577	234 
2578	446 
2579	249 
2580	431 
2581	474 
2582	227 
2583	430 
2584	386 
2585	292 
2586	372 
2587	44 
2588	317 
2589	73 
2590	358 
2591	300 
2592	319 
2593	270 
2594	232 
2595	374 
2596	63 
2597	302 
2598	190 
2599	124 
2600	363 
2601	175 
2602	85 
2603	2 
2604	200 
2605	387 
2606	266 
2607	3 
2608	145 
2609	23 
2610	113 
2611	469 
2612	53 
2613	21 
2614	47 
2615	373 
2616	186 
2617	362 
2618	390 
2619	370 
2620	7 
2621	416 
2622	463 
2623	392 
2624	317 
2625	326 
2626	202 
2627	36 
2628	276 
2629	231 
2630	51 
2631	288 
2632	52 
2633	233 
2634	400 
2635	245 
2636	15 
2637	310 
2638	324 
2639	371 
2640	454 
2641	362 
2642	372 
2643	445 
2644	424 
2645	137 
2646	142 
2647	25 
2648	155 
2649	346 
2650	447 
2651	356 
2652	182 
2653	72 
2654	292 
2655	135 
2656	301 
2657	331 
2658	214 
2659	134 
2660	275 
2661	154 
2662	480 
2663	434 
2664	421 
2665	192 
2666	322 
2667	311 
2668	324 
2669	437 
2670	59 
2671	415 
2672	279 
2673	228 
2674	157 
2675	205 
2676	180 
2677	293 
2678	158 
2679	25 
2680	476 
2681	27 
2682	476 
2683	39 
2684	34 
2685	337 
2686	90 
2687	64 
2688	205 
2689	433 
2690	336 
2691	414 
2692	426 
2693	137 
2694	226 
2695	61 
2696	153 
2697	425 
2698	245 
2699	215 
2700	296 
2701	103 
2702	74 
2703	268 
2704	126 
2705	238 
2706	104 
2707	278 
2708	416 
2709	92 
2710	454 
2711	13 
2712	384 
2713	242 
2714	389 
2715	462 
2716	283 
2717	390 
2718	243 
2719	155 
2720	144 
2721	221 
2722	187 
2723	105 
2724	354 
2725	373 
2726	206 
2727	437 
2728	261 
2729	431 
2730	439 
2731	54 
2732	148 
2733	66 
2734	321 
2735	195 
2736	342 
2737	361 
2738	247 
2739	284 
2740	434 
2741	315 
2742	31 
2743	385 
2744	151 
2745	206 
2746	248 
2747	83 
2748	354 
2749	66 
2750	61 
2751	146 
2752	20 
2753	325 
2754	391 
2755	255 
2756	444 
2757	236 
2758	108 
2759	286 
2760	164 
2761	394 
2762	272 
2763	428 
2764	285 
2765	232 
2766	83 
2767	347 
2768	373 
2769	219 
2770	189 
2771	48 
2772	89 
2773	160 
2774	38 
2775	251 
2776	265 
2777	403 
2778	259 
2779	87 
2780	121 
2781	414 
2782	329 
2783	427 
2784	111 
2785	36 
2786	278 
2787	160 
2788	208 
2789	185 
2790	376 
2791	421 
2792	429 
2793	196 
2794	239 
2795	283 
2796	469 
2797	344 
2798	104 
2799	131 
2800	136 
2801	192 
2802	255 
2803	264 
2804	403 
2805	32 
2806	229 
2807	413 
2808	143 
2809	168 
2810	128 
2811	330 
2812	343 
2813	409 
2814	89 
2815	215 
2816	385 
2817	275 
2818	419 
2819	13 
2820	457 
2821	197 
2822	84 
2823	199 
2824	82 
2825	32 
2826	119 
2827	364 
2828	249 
2829	109 
2830	358 
2831	179 
2832	221 
2833	238 
2834	209 
2835	5 
2836	472 
2837	357 
2838	218 
2839	226 
2840	276 
2841	146 
2842	320 
2843	114 
2844	297 
2845	389 
2846	354 
2847	281 
2848	449 
2849	45 
2850	91 
2851	376 
2852	450 
2853	172 
2854	286 
2855	196 
2856	426 
2857	44 
2858	126 
2859	153 
2860	57 
2861	409 
2862	69 
2863	88 
2864	404 
2865	173 
2866	106 
2867	230 
2868	385 
2869	69 
2870	401 
2871	308 
2872	213 
2873	19 
2874	213 
2875	262 
2876	89 
2877	329 
2878	183 
2879	448 
2880	14 
2881	72 
2882	55 
2883	112 
2884	391 
2885	335 
2886	178 
2887	360 
2888	234 
2889	377 
2890	45 
2891	307 
2892	420 
2893	33 
2894	65 
2895	276 
2896	79 
2897	241 
2898	300 
2899	189 
2900	287 
2901	23 
2902	25 
2903	18 
2904	109 
2905	239 
2906	76 
2907	272 
2908	304 
2909	228 
2910	367 
2911	114 
2912	253 
2913	22 
2914	449 
2915	47 
2916	4 
2917	320 
2918	416 
2919	28 
2920	473 
2921	10 
2922	125 
2923	66 
2924	195 
2925	162 
2926	464 
2927	237 
2928	399 
2929	25 
2930	338 
2931	227 
2932	61 
2933	35 
2934	351 
2935	69 
2936	68 
2937	458 
2938	473 
2939	101 
2940	49 
2941	173 
2942	185 
2943	97 
2944	132 
2945	419 
2946	281 
2947	156 
2948	304 
2949	137 
2950	73 
2951	246 
2952	44 
2953	80 
2954	276 
2955	176 
2956	199 
2957	13 
2958	61 
2959	436 
2960	358 
2961	114 
2962	6 
2963	345 
2964	75 
2965	450 
2966	128 
2967	361 
2968	190 
2969	230 
2970	216 
2971	393 
2972	272 
2973	412 
2974	435 
2975	424 
2976	50 
2977	282 
2978	340 
2979	39 
2980	338 
2981	426 
2982	412 
2983	373 
2984	154 
2985	295 
2986	473 
2987	439 
2988	225 
2989	422 
2990	128 
2991	328 
2992	155 
2993	411 
2994	54 
2995	247 
2996	326 
2997	125 
2998	113 
2999	477 
3000	199 
3001	208 
3002	85 
3003	453 
3004	479 
3005	479 
3006	192 
3007	152 
3008	368 
3009	247 
3010	223 
3011	340 
3012	113 
3013	330 
3014	256 
3015	202 
3016	410 
3017	475 
3018	161 
3019	285 
3020	197 
3021	125 
3022	258 
3023	233 
3024	50 
3025	73 
3026	108 
3027	158 
3028	166 
3029	186 
3030	116 
3031	401 
3032	236 
3033	33 
3034	64 
3035	457 
3036	34 
3037	423 
3038	185 
3039	273 
3040	192 
3041	467 
3042	302 
3043	16 
3044	111 
3045	77 
3046	6 
3047	272 
3048	85 
3049	71 
3050	434 
3051	113 
3052	163 
3053	362 
3054	95 
3055	301 
3056	131 
3057	473 
3058	444 
3059	339 
3060	189 
3061	303 
3062	97 
3063	143 
3064	87 
3065	20 
3066	83 
3067	378 
3068	366 
3069	210 
3070	387 
3071	28 
3072	216 
3073	5 
3074	92 
3075	60 
3076	225 
3077	114 
3078	25 
3079	184 
3080	286 
3081	423 
3082	440 
3083	219 
3084	236 
3085	109 
3086	109 
3087	96 
3088	187 
3089	295 
3090	63 
3091	257 
3092	237 
3093	299 
3094	139 
3095	321 
3096	268 
3097	212 
3098	158 
3099	209 
3100	3 
3101	229 
3102	310 
3103	364 
3104	477 
3105	322 
3106	389 
3107	340 
3108	378 
3109	406 
3110	13 
3111	181 
3112	167 
3113	471 
3114	72 
3115	278 
3116	410 
3117	327 
3118	241 
3119	19 
3120	24 
3121	186 
3122	103 
3123	317 
3124	470 
3125	83 
3126	86 
3127	202 
3128	236 
3129	426 
3130	289 
3131	436 
3132	15 
3133	223 
3134	228 
3135	201 
3136	446 
3137	82 
3138	12 
3139	133 
3140	178 
3141	416 
3142	472 
3143	81 
3144	5 
3145	468 
3146	217 
3147	225 
3148	343 
3149	4 
3150	60 
3151	404 
3152	211 
3153	138 
3154	467 
3155	250 
3156	416 
3157	387 
3158	36 
3159	81 
3160	32 
3161	243 
3162	197 
3163	66 
3164	69 
3165	144 
3166	88 
3167	308 
3168	322 
3169	199 
3170	106 
3171	259 
3172	133 
3173	116 
3174	217 
3175	311 
3176	148 
3177	447 
3178	326 
3179	276 
3180	280 
3181	341 
3182	155 
3183	139 
3184	197 
3185	217 
3186	438 
3187	36 
3188	411 
3189	125 
3190	449 
3191	62 
3192	408 
3193	165 
3194	140 
3195	237 
3196	189 
3197	206 
3198	114 
3199	322 
3200	453 
3201	97 
3202	417 
3203	250 
3204	168 
3205	309 
3206	126 
3207	32 
3208	59 
3209	360 
3210	388 
3211	34 
3212	423 
3213	320 
3214	428 
3215	308 
3216	89 
3217	161 
3218	52 
3219	444 
3220	246 
3221	300 
3222	90 
3223	361 
3224	81 
3225	187 
3226	136 
3227	248 
3228	261 
3229	273 
3230	170 
3231	252 
3232	291 
3233	254 
3234	200 
3235	375 
3236	88 
3237	328 
3238	412 
3239	198 
3240	204 
3241	188 
3242	172 
3243	357 
3244	253 
3245	420 
3246	407 
3247	69 
3248	436 
3249	309 
3250	90 
3251	428 
3252	10 
3253	195 
3254	344 
3255	2 
3256	8 
3257	59 
3258	18 
3259	279 
3260	419 
3261	351 
3262	43 
3263	49 
3264	417 
3265	51 
3266	211 
3267	396 
3268	197 
3269	321 
3270	159 
3271	190 
3272	214 
3273	451 
3274	193 
3275	418 
3276	8 
3277	354 
3278	413 
3279	310 
3280	343 
3281	138 
3282	180 
3283	391 
3284	116 
3285	336 
3286	469 
3287	445 
3288	252 
3289	366 
3290	21 
3291	447 
3292	263 
3293	296 
3294	9 
3295	162 
3296	328 
3297	279 
3298	439 
3299	440 
3300	396 
3301	232 
3302	457 
3303	474 
3304	340 
3305	69 
3306	460 
3307	419 
3308	454 
3309	437 
3310	220 
3311	22 
3312	248 
3313	459 
3314	216 
3315	415 
3316	275 
3317	332 
3318	356 
3319	181 
3320	222 
3321	38 
3322	101 
3323	358 
3324	343 
3325	471 
3326	295 
3327	159 
3328	63 
3329	431 
3330	415 
3331	135 
3332	171 
3333	427 
3334	402 
3335	68 
3336	296 
3337	385 
3338	376 
3339	280 
3340	285 
3341	274 
3342	321 
3343	480 
3344	389 
3345	117 
3346	377 
3347	294 
3348	368 
3349	208 
3350	274 
3351	188 
3352	472 
3353	148 
3354	10 
3355	148 
3356	163 
3357	142 
3358	350 
3359	222 
3360	96 
3361	261 
3362	94 
3363	140 
3364	46 
3365	343 
3366	210 
3367	40 
3368	6 
3369	81 
3370	195 
3371	169 
3372	81 
3373	450 
3374	362 
3375	440 
3376	192 
3377	94 
3378	79 
3379	68 
3380	380 
3381	281 
3382	251 
3383	384 
3384	299 
3385	110 
3386	360 
3387	345 
3388	236 
3389	360 
3390	260 
3391	125 
3392	65 
3393	211 
3394	171 
3395	159 
3396	59 
3397	172 
3398	207 
3399	41 
3400	298 
3401	472 
3402	315 
3403	11 
3404	281 
3405	416 
3406	327 
3407	48 
3408	233 
3409	469 
3410	24 
3411	222 
3412	181 
3413	335 
3414	471 
3415	201 
3416	332 
3417	255 
3418	256 
3419	236 
3420	372 
3421	142 
3422	480 
3423	266 
3424	119 
3425	86 
3426	116 
3427	142 
3428	339 
3429	391 
3430	379 
3431	87 
3432	319 
3433	18 
3434	179 
3435	443 
3436	476 
3437	409 
3438	384 
3439	333 
3440	193 
3441	428 
3442	480 
3443	275 
3444	431 
3445	291 
3446	419 
3447	141 
3448	165 
3449	249 
3450	162 
3451	470 
3452	346 
3453	360 
3454	429 
3455	315 
3456	212 
3457	62 
3458	458 
3459	393 
3460	229 
3461	166 
3462	470 
3463	236 
3464	437 
3465	90 
3466	72 
3467	473 
3468	294 
3469	129 
3470	135 
3471	197 
3472	315 
3473	150 
3474	254 
3475	182 
3476	235 
3477	76 
3478	384 
3479	210 
3480	460 
3481	468 
3482	343 
3483	182 
3484	135 
3485	24 
3486	396 
3487	208 
3488	299 
3489	385 
3490	14 
3491	109 
3492	91 
3493	441 
3494	17 
3495	69 
3496	365 
3497	89 
3498	468 
3499	228 
3500	338 
3501	105 
3502	335 
3503	29 
3504	402 
3505	478 
3506	396 
3507	9 
3508	11 
3509	321 
3510	21 
3511	14 
3512	431 
3513	327 
3514	253 
3515	283 
3516	125 
3517	380 
3518	162 
3519	352 
3520	212 
3521	200 
3522	141 
3523	402 
3524	295 
3525	51 
3526	19 
3527	238 
3528	6 
3529	303 
3530	208 
3531	363 
3532	428 
3533	331 
3534	23 
3535	456 
3536	440 
3537	369 
3538	80 
3539	89 
3540	257 
3541	250 
3542	449 
3543	210 
3544	132 
3545	209 
3546	15 
3547	186 
3548	450 
3549	89 
3550	37 
3551	293 
3552	392 
3553	267 
3554	278 
3555	473 
3556	24 
3557	252 
3558	341 
3559	254 
3560	228 
3561	410 
3562	48 
3563	84 
3564	310 
3565	274 
3566	249 
3567	204 
3568	387 
3569	147 
3570	81 
3571	156 
3572	479 
3573	345 
3574	235 
3575	220 
3576	264 
3577	450 
3578	282 
3579	457 
3580	406 
3581	26 
3582	316 
3583	162 
3584	16 
3585	95 
3586	357 
3587	420 
3588	153 
3589	62 
3590	387 
3591	102 
3592	268 
3593	158 
3594	289 
3595	126 
3596	436 
3597	104 
3598	361 
3599	99 
3600	429 
3601	377 
3602	356 
3603	108 
3604	279 
3605	332 
3606	438 
3607	447 
3608	412 
3609	37 
3610	166 
3611	101 
3612	271 
3613	201 
3614	262 
3615	210 
3616	440 
3617	332 
3618	35 
3619	166 
3620	93 
3621	181 
3622	8 
3623	87 
3624	83 
3625	168 
3626	275 
3627	82 
3628	2 
3629	86 
3630	68 
3631	321 
3632	445 
3633	126 
3634	29 
3635	205 
3636	202 
3637	451 
3638	343 
3639	61 
3640	470 
3641	174 
3642	315 
3643	333 
3644	85 
3645	84 
3646	454 
3647	393 
3648	347 
3649	229 
3650	292 
3651	426 
3652	29 
3653	478 
3654	278 
3655	96 
3656	323 
3657	415 
3658	202 
3659	164 
3660	119 
3661	298 
3662	138 
3663	258 
3664	262 
3665	458 
3666	93 
3667	167 
3668	441 
3669	227 
3670	219 
3671	286 
3672	9 
3673	415 
3674	29 
3675	421 
3676	117 
3677	87 
3678	136 
3679	475 
3680	147 
3681	34 
3682	231 
3683	406 
3684	317 
3685	361 
3686	28 
3687	207 
3688	135 
3689	229 
3690	347 
3691	460 
3692	366 
3693	202 
3694	44 
3695	38 
3696	437 
3697	255 
3698	195 
3699	298 
3700	62 
3701	215 
3702	294 
3703	169 
3704	266 
3705	400 
3706	110 
3707	79 
3708	473 
3709	461 
3710	308 
3711	220 
3712	427 
3713	181 
3714	112 
3715	409 
3716	309 
3717	126 
3718	140 
3719	17 
3720	73 
3721	436 
3722	21 
3723	101 
3724	376 
3725	444 
3726	225 
3727	90 
3728	140 
3729	388 
3730	480 
3731	234 
3732	413 
3733	309 
3734	166 
3735	340 
3736	152 
3737	464 
3738	309 
3739	356 
3740	89 
3741	396 
3742	436 
3743	278 
3744	389 
3745	223 
3746	99 
3747	434 
3748	356 
3749	102 
3750	455 
3751	12 
3752	112 
3753	349 
3754	201 
3755	267 
3756	13 
3757	377 
3758	35 
3759	229 
3760	96 
3761	326 
3762	462 
3763	82 
3764	328 
3765	469 
3766	73 
3767	172 
3768	104 
3769	138 
3770	444 
3771	120 
3772	246 
3773	413 
3774	24 
3775	402 
3776	311 
3777	136 
3778	186 
3779	68 
3780	468 
3781	222 
3782	195 
3783	5 
3784	210 
3785	443 
3786	314 
3787	373 
3788	423 
3789	305 
3790	72 
3791	281 
3792	7 
3793	299 
3794	149 
3795	170 
3796	336 
3797	39 
3798	92 
3799	439 
3800	168 
3801	170 
3802	471 
3803	305 
3804	201 
3805	217 
3806	117 
3807	361 
3808	279 
3809	45 
3810	230 
3811	338 
3812	109 
3813	120 
3814	149 
3815	165 
3816	156 
3817	214 
3818	415 
3819	308 
3820	154 
3821	65 
3822	158 
3823	129 
3824	102 
3825	329 
3826	469 
3827	431 
3828	131 
3829	297 
3830	183 
3831	451 
3832	429 
3833	101 
3834	432 
3835	454 
3836	178 
3837	81 
3838	142 
3839	382 
3840	54 
3841	184 
3842	37 
3843	37 
3844	333 
3845	459 
3846	163 
3847	464 
3848	250 
3849	120 
3850	172 
3851	435 
3852	299 
3853	446 
3854	50 
3855	217 
3856	237 
3857	152 
3858	228 
3859	417 
3860	297 
3861	129 
3862	228 
3863	113 
3864	284 
3865	362 
3866	240 
3867	168 
3868	258 
3869	439 
3870	208 
3871	315 
3872	121 
3873	393 
3874	168 
3875	303 
3876	392 
3877	207 
3878	340 
3879	227 
3880	17 
3881	130 
3882	171 
3883	116 
3884	22 
3885	12 
3886	86 
3887	327 
3888	392 
3889	189 
3890	37 
3891	476 
3892	91 
3893	315 
3894	98 
3895	232 
3896	318 
3897	86 
3898	24 
3899	125 
3900	344 
3901	446 
3902	29 
3903	478 
3904	202 
3905	154 
3906	407 
3907	369 
3908	386 
3909	321 
3910	77 
3911	202 
3912	439 
3913	474 
3914	150 
3915	410 
3916	280 
3917	299 
3918	388 
3919	461 
3920	434 
3921	317 
3922	365 
3923	351 
3924	304 
3925	228 
3926	32 
3927	138 
3928	296 
3929	373 
3930	86 
3931	205 
3932	115 
3933	403 
3934	88 
3935	459 
3936	193 
3937	299 
3938	436 
3939	152 
3940	149 
3941	329 
3942	347 
3943	111 
3944	55 
3945	198 
3946	202 
3947	416 
3948	140 
3949	33 
3950	26 
3951	451 
3952	129 
3953	402 
3954	409 
3955	80 
3956	293 
3957	241 
3958	431 
3959	380 
3960	458 
3961	377 
3962	40 
3963	457 
3964	239 
3965	386 
3966	342 
3967	411 
3968	480 
3969	238 
3970	181 
3971	20 
3972	193 
3973	207 
3974	50 
3975	214 
3976	167 
3977	476 
3978	253 
3979	247 
3980	476 
3981	467 
3982	472 
3983	15 
3984	51 
3985	130 
3986	473 
3987	428 
3988	382 
3989	436 
3990	316 
3991	386 
3992	451 
3993	262 
3994	86 
3995	178 
3996	45 
3997	360 
3998	9 
3999	325 
4000	401 
4001	412 
4002	246 
4003	135 
4004	296 
4005	394 
4006	159 
4007	84 
4008	240 
4009	377 
4010	351 
4011	248 
4012	366 
4013	368 
4014	95 
4015	95 
4016	436 
4017	74 
4018	373 
4019	120 
4020	186 
4021	54 
4022	241 
4023	299 
4024	369 
4025	471 
4026	120 
4027	411 
4028	18 
4029	444 
4030	293 
4031	127 
4032	321 
4033	195 
4034	457 
4035	2 
4036	358 
4037	323 
4038	311 
4039	23 
4040	140 
4041	49 
4042	103 
4043	278 
4044	154 
4045	314 
4046	309 
4047	128 
4048	356 
4049	357 
4050	215 
4051	72 
4052	195 
4053	305 
4054	170 
4055	293 
4056	195 
4057	282 
4058	412 
4059	310 
4060	187 
4061	449 
4062	249 
4063	356 
4064	179 
4065	156 
4066	185 
4067	100 
4068	460 
4069	467 
4070	371 
4071	373 
4072	386 
4073	452 
4074	371 
4075	23 
4076	67 
4077	192 
4078	82 
4079	276 
4080	268 
4081	261 
4082	462 
4083	258 
4084	285 
4085	473 
4086	210 
4087	196 
4088	361 
4089	285 
4090	226 
4091	251 
4092	296 
4093	394 
4094	436 
4095	281 
4096	308 
4097	147 
4098	455 
4099	239 
4100	452 
4101	477 
4102	304 
4103	410 
4104	223 
4105	166 
4106	79 
4107	182 
4108	20 
4109	417 
4110	464 
4111	188 
4112	382 
4113	294 
4114	92 
4115	370 
4116	94 
4117	467 
4118	72 
4119	31 
4120	369 
4121	318 
4122	246 
4123	417 
4124	347 
4125	31 
4126	323 
4127	418 
4128	4 
4129	323 
4130	323 
4131	347 
4132	111 
4133	385 
4134	441 
4135	472 
4136	172 
4137	35 
4138	429 
4139	475 
4140	370 
4141	168 
4142	6 
4143	124 
4144	352 
4145	51 
4146	154 
4147	410 
4148	207 
4149	417 
4150	122 
4151	61 
4152	399 
4153	149 
4154	191 
4155	412 
4156	199 
4157	471 
4158	273 
4159	320 
4160	154 
4161	239 
4162	106 
4163	445 
4164	1 
4165	432 
4166	179 
4167	11 
4168	386 
4169	38 
4170	170 
4171	36 
4172	219 
4173	166 
4174	205 
4175	91 
4176	440 
4177	20 
4178	444 
4179	448 
4180	354 
4181	260 
4182	264 
4183	368 
4184	400 
4185	8 
4186	15 
4187	152 
4188	2 
4189	188 
4190	468 
4191	366 
4192	431 
4193	316 
4194	247 
4195	216 
4196	450 
4197	436 
4198	377 
4199	392 
4200	392 
4201	376 
4202	19 
4203	278 
4204	59 
4205	165 
4206	213 
4207	237 
4208	165 
4209	438 
4210	247 
4211	423 
4212	122 
4213	192 
4214	457 
4215	339 
4216	212 
4217	276 
4218	478 
4219	450 
4220	204 
4221	386 
4222	363 
4223	19 
4224	446 
4225	421 
4226	196 
4227	98 
4228	38 
4229	298 
4230	460 
4231	334 
4232	27 
4233	450 
4234	427 
4235	400 
4236	479 
4237	409 
4238	283 
4239	428 
4240	69 
4241	477 
4242	232 
4243	55 
4244	115 
4245	380 
4246	192 
4247	87 
4248	426 
4249	230 
4250	195 
4251	26 
4252	378 
4253	443 
4254	19 
4255	181 
4256	367 
4257	138 
4258	218 
4259	138 
4260	343 
4261	285 
4262	179 
4263	461 
4264	279 
4265	263 
4266	23 
4267	166 
4268	435 
4269	221 
4270	334 
4271	127 
4272	480 
4273	187 
4274	426 
4275	380 
4276	450 
4277	468 
4278	34 
4279	250 
4280	204 
4281	28 
4282	408 
4283	258 
4284	123 
4285	217 
4286	338 
4287	366 
4288	109 
4289	117 
4290	190 
4291	144 
4292	117 
4293	361 
4294	417 
4295	379 
4296	191 
4297	90 
4298	389 
4299	322 
4300	211 
4301	301 
4302	317 
4303	198 
4304	119 
4305	296 
4306	441 
4307	129 
4308	458 
4309	435 
4310	378 
4311	86 
4312	367 
4313	47 
4314	69 
4315	362 
4316	273 
4317	407 
4318	12 
4319	403 
4320	94 
4321	129 
4322	141 
4323	357 
4324	85 
4325	421 
4326	236 
4327	143 
4328	386 
4329	104 
4330	336 
4331	369 
4332	164 
4333	73 
4334	263 
4335	213 
4336	27 
4337	436 
4338	296 
4339	452 
4340	370 
4341	133 
4342	88 
4343	115 
4344	72 
4345	184 
4346	54 
4347	384 
4348	186 
4349	73 
4350	39 
4351	4 
4352	207 
4353	440 
4354	95 
4355	310 
4356	246 
4357	5 
4358	282 
4359	293 
4360	336 
4361	159 
4362	415 
4363	103 
4364	420 
4365	388 
4366	339 
4367	170 
4368	259 
4369	88 
4370	168 
4371	217 
4372	184 
4373	363 
4374	210 
4375	196 
4376	436 
4377	166 
4378	115 
4379	261 
4380	259 
4381	366 
4382	184 
4383	461 
4384	171 
4385	143 
4386	364 
4387	117 
4388	450 
4389	332 
4390	362 
4391	198 
4392	45 
4393	420 
4394	279 
4395	438 
4396	120 
4397	117 
4398	10 
4399	126 
4400	186 
4401	305 
4402	198 
4403	182 
4404	126 
4405	90 
4406	474 
4407	392 
4408	164 
4409	448 
4410	45 
4411	323 
4412	193 
4413	354 
4414	291 
4415	186 
4416	258 
4417	268 
4418	73 
4419	402 
4420	239 
4421	480 
4422	35 
4423	89 
4424	77 
4425	418 
4426	2 
4427	238 
4428	188 
4429	214 
4430	29 
4431	99 
4432	20 
4433	459 
4434	218 
4435	314 
4436	458 
4437	104 
4438	153 
4439	249 
4440	215 
4441	189 
4442	368 
4443	201 
4444	474 
4445	206 
4446	263 
4447	11 
4448	207 
4449	327 
4450	123 
4451	90 
4452	299 
4453	284 
4454	477 
4455	156 
4456	252 
4457	330 
4458	199 
4459	276 
4460	340 
4461	44 
4462	158 
4463	40 
4464	60 
4465	9 
4466	67 
4467	283 
4468	249 
4469	198 
4470	62 
4471	324 
4472	169 
4473	402 
4474	38 
4475	119 
4476	103 
4477	172 
4478	167 
4479	288 
4480	35 
4481	250 
4482	155 
4483	11 
4484	473 
4485	393 
4486	357 
4487	23 
4488	283 
4489	250 
4490	66 
4491	225 
4492	15 
4493	36 
4494	247 
4495	163 
4496	97 
4497	261 
4498	255 
4499	54 
4500	421 
4501	9 
4502	334 
4503	166 
4504	255 
4505	114 
4506	112 
4507	267 
4508	441 
4509	446 
4510	189 
4511	418 
4512	27 
4513	4 
4514	417 
4515	248 
4516	154 
4517	267 
4518	86 
4519	163 
4520	295 
4521	150 
4522	251 
4523	436 
4524	410 
4525	286 
4526	327 
4527	166 
4528	301 
4529	389 
4530	286 
4531	104 
4532	253 
4533	127 
4534	390 
4535	432 
4536	283 
4537	368 
4538	266 
4539	437 
4540	453 
4541	452 
4542	141 
4543	427 
4544	401 
4545	457 
4546	254 
4547	332 
4548	134 
4549	179 
4550	378 
4551	329 
4552	59 
4553	76 
4554	345 
4555	93 
4556	193 
4557	347 
4558	162 
4559	339 
4560	339 
4561	17 
4562	1 
4563	62 
4564	321 
4565	409 
4566	334 
4567	273 
4568	35 
4569	117 
4570	182 
4571	33 
4572	16 
4573	293 
4574	63 
4575	410 
4576	217 
4577	55 
4578	241 
4579	406 
4580	370 
4581	90 
4582	219 
4583	399 
4584	154 
4585	271 
4586	236 
4587	293 
4588	449 
4589	469 
4590	55 
4591	124 
4592	460 
4593	408 
4594	64 
4595	443 
4596	288 
4597	479 
4598	378 
4599	153 
4600	260 
4601	352 
4602	126 
4603	35 
4604	179 
4605	31 
4606	344 
4607	155 
4608	81 
4609	379 
4610	167 
4611	150 
4612	116 
4613	357 
4614	302 
4615	59 
4616	396 
4617	451 
4618	448 
4619	69 
4620	228 
4621	4 
4622	333 
4623	135 
4624	258 
4625	12 
4626	120 
4627	93 
4628	132 
4629	412 
4630	274 
4631	260 
4632	440 
4633	199 
4634	205 
4635	327 
4636	343 
4637	69 
4638	231 
4639	92 
4640	408 
4641	60 
4642	2 
4643	132 
4644	455 
4645	330 
4646	152 
4647	149 
4648	370 
4649	165 
4650	226 
4651	54 
4652	240 
4653	308 
4654	213 
4655	147 
4656	97 
4657	41 
4658	382 
4659	360 
4660	98 
4661	266 
4662	369 
4663	33 
4664	61 
4665	243 
4666	237 
4667	149 
4668	478 
4669	28 
4670	479 
4671	65 
4672	6 
4673	301 
4674	392 
4675	453 
4676	416 
4677	92 
4678	361 
4679	222 
4680	126 
4681	304 
4682	386 
4683	197 
4684	222 
4685	230 
4686	415 
4687	455 
4688	190 
4689	229 
4690	354 
4691	273 
4692	233 
4693	24 
4694	443 
4695	478 
4696	131 
4697	476 
4698	28 
4699	287 
4700	267 
4701	154 
4702	279 
4703	367 
4704	173 
4705	274 
4706	113 
4707	101 
4708	331 
4709	184 
4710	219 
4711	125 
4712	68 
4713	354 
4714	441 
4715	141 
4716	128 
4717	423 
4718	13 
4719	273 
4720	287 
4721	472 
4722	233 
4723	139 
4724	115 
4725	317 
4726	119 
4727	248 
4728	206 
4729	44 
4730	85 
4731	281 
4732	285 
4733	216 
4734	220 
4735	5 
4736	230 
4737	30 
4738	381 
4739	213 
4740	172 
4741	218 
4742	444 
4743	303 
4744	60 
4745	324 
4746	240 
4747	40 
4748	314 
4749	266 
4750	406 
4751	60 
4752	64 
4753	262 
4754	169 
4755	26 
4756	246 
4757	163 
4758	21 
4759	446 
4760	314 
4761	163 
4762	472 
4763	191 
4764	116 
4765	324 
4766	265 
4767	455 
4768	90 
4769	471 
4770	258 
4771	83 
4772	115 
4773	366 
4774	13 
4775	299 
4776	131 
4777	276 
4778	390 
4779	288 
4780	17 
4781	340 
4782	226 
4783	302 
4784	115 
4785	435 
4786	411 
4787	388 
4788	295 
4789	12 
4790	127 
4791	141 
4792	88 
4793	261 
4794	386 
4795	85 
4796	286 
4797	281 
4798	10 
4799	248 
4800	108 
4801	237 
4802	266 
4803	315 
4804	296 
4805	125 
4806	261 
4807	28 
4808	191 
4809	228 
4810	184 
4811	148 
4812	264 
4813	331 
4814	248 
4815	193 
4816	449 
4817	437 
4818	400 
4819	322 
4820	111 
4821	352 
4822	411 
4823	6 
4824	400 
4825	240 
4826	324 
4827	328 
4828	364 
4829	80 
4830	220 
4831	164 
4832	367 
4833	12 
4834	296 
4835	156 
4836	249 
4837	132 
4838	460 
4839	275 
4840	385 
4841	451 
4842	196 
4843	248 
4844	138 
4845	468 
4846	156 
4847	260 
4848	65 
4849	22 
4850	171 
4851	103 
4852	26 
4853	283 
4854	173 
4855	265 
4856	301 
4857	145 
4858	121 
4859	127 
4860	59 
4861	249 
4862	1 
4863	202 
4864	215 
4865	385 
4866	379 
4867	253 
4868	36 
4869	64 
4870	14 
4871	288 
4872	54 
4873	147 
4874	303 
4875	400 
4876	275 
4877	205 
4878	84 
4879	148 
4880	222 
4881	167 
4882	453 
4883	219 
4884	379 
4885	126 
4886	226 
4887	439 
4888	171 
4889	57 
4890	59 
4891	160 
4892	445 
4893	316 
4894	49 
4895	92 
4896	295 
4897	434 
4898	219 
4899	9 
4900	254 
4901	407 
4902	63 
4903	461 
4904	339 
4905	68 
4906	211 
4907	474 
4908	155 
4909	142 
4910	141 
4911	14 
4912	294 
4913	11 
4914	271 
4915	93 
4916	64 
4917	293 
4918	209 
4919	188 
4920	217 
4921	223 
4922	412 
4923	344 
4924	381 
4925	239 
4926	436 
4927	164 
4928	294 
4929	64 
4930	181 
4931	72 
4932	285 
4933	206 
4934	49 
4935	344 
4936	230 
4937	418 
4938	460 
4939	153 
4940	112 
4941	451 
4942	171 
4943	376 
4944	133 
4945	364 
4946	7 
4947	478 
4948	302 
4949	104 
4950	96 
4951	136 
4952	60 
4953	265 
4954	321 
4955	275 
4956	238 
4957	144 
4958	309 
4959	218 
4960	268 
4961	31 
4962	104 
4963	384 
4964	471 
4965	299 
4966	138 
4967	164 
4968	156 
4969	123 
4970	47 
4971	81 
4972	18 
4973	104 
4974	152 
4975	143 
4976	477 
4977	81 
4978	324 
4979	479 
4980	31 
4981	69 
4982	361 
4983	340 
4984	144 
4985	330 
4986	151 
4987	390 
4988	95 
4989	85 
4990	475 
4991	112 
4992	320 
4993	236 
4994	321 
4995	7 
4996	462 
4997	324 
4998	230 
4999	243 
5000	197 
5001	57 
5002	2 
5003	237 
5004	389 
5005	87 
5006	64 
5007	60 
5008	455 
5009	91 
5010	136 
5011	305 
5012	275 
5013	27 
5014	474 
5015	178 
5016	100 
5017	332 
5018	467 
5019	36 
5020	162 
5021	128 
5022	89 
5023	389 
5024	217 
5025	205 
5026	357 
5027	262 
5028	31 
5029	320 
5030	101 
5031	266 
5032	29 
5033	467 
5034	441 
5035	252 
5036	437 
5037	288 
5038	316 
5039	446 
5040	369 
5041	22 
5042	167 
5043	222 
5044	274 
5045	90 
5046	314 
5047	135 
5048	261 
5049	101 
5050	435 
5051	369 
5052	171 
5053	45 
5054	336 
5055	423 
5056	51 
5057	126 
5058	243 
5059	437 
5060	261 
5061	226 
5062	298 
5063	124 
5064	247 
5065	411 
5066	258 
5067	379 
5068	2 
5069	472 
5070	95 
5071	437 
5072	266 
5073	150 
5074	474 
5075	263 
5076	77 
5077	115 
5078	140 
5079	445 
5080	309 
5081	477 
5082	160 
5083	394 
5084	133 
5085	274 
5086	369 
5087	19 
5088	39 
5089	97 
5090	299 
5091	351 
5092	250 
5093	420 
5094	206 
5095	443 
5096	449 
5097	91 
5098	284 
5099	100 
5100	18 
5101	311 
5102	27 
5103	65 
5104	162 
5105	67 
5106	147 
5107	107 
5108	334 
5109	10 
5110	133 
5111	36 
5112	281 
5113	283 
5114	209 
5115	99 
5116	402 
5117	265 
5118	21 
5119	325 
5120	64 
5121	115 
5122	399 
5123	127 
5124	233 
5125	444 
5126	452 
5127	206 
5128	250 
5129	17 
5130	457 
5131	199 
5132	164 
5133	231 
5134	369 
5135	192 
5136	159 
5137	360 
5138	172 
5139	163 
5140	156 
5141	171 
5142	334 
5143	115 
5144	120 
5145	428 
5146	261 
5147	125 
5148	440 
5149	461 
5150	37 
5151	271 
5152	226 
5153	163 
5154	356 
5155	69 
5156	285 
5157	41 
5158	279 
5159	62 
5160	441 
5161	2 
5162	111 
5163	59 
5164	238 
5165	229 
5166	261 
5167	29 
5168	163 
5169	307 
5170	299 
5171	50 
5172	225 
5173	115 
5174	73 
5175	190 
5176	431 
5177	303 
5178	15 
5179	347 
5180	202 
5181	321 
5182	48 
5183	384 
5184	126 
5185	467 
5186	24 
5187	236 
5188	451 
5189	63 
5190	187 
5191	105 
5192	23 
5193	160 
5194	248 
5195	379 
5196	120 
5197	378 
5198	473 
5199	84 
5200	467 
5201	101 
5202	83 
5203	149 
5204	258 
5205	310 
5206	288 
5207	198 
5208	124 
5209	158 
5210	12 
5211	51 
5212	384 
5213	184 
5214	266 
5215	260 
5216	260 
5217	260 
5218	199 
5219	292 
5220	373 
5221	73 
5222	373 
5223	148 
5224	288 
5225	281 
5226	158 
5227	446 
5228	249 
5229	228 
5230	95 
5231	214 
5232	475 
5233	376 
5234	338 
5235	291 
5236	239 
5237	1 
5238	410 
5239	159 
5240	480 
5241	86 
5242	68 
5243	128 
5244	294 
5245	390 
5246	67 
5247	373 
5248	384 
5249	254 
5250	74 
5251	124 
5252	284 
5253	285 
5254	278 
5255	411 
5256	251 
5257	468 
5258	80 
5259	137 
5260	39 
5261	284 
5262	65 
5263	28 
5264	107 
5265	248 
5266	386 
5267	101 
5268	236 
5269	278 
5270	164 
5271	100 
5272	143 
5273	18 
5274	127 
5275	101 
5276	403 
5277	274 
5278	163 
5279	448 
5280	338 
5281	434 
5282	276 
5283	376 
5284	41 
5285	184 
5286	331 
5287	344 
5288	249 
5289	438 
5290	205 
5291	134 
5292	339 
5293	11 
5294	169 
5295	11 
5296	225 
5297	406 
5298	314 
5299	226 
5300	225 
5301	250 
5302	23 
5303	366 
5304	360 
5305	97 
5306	231 
5307	443 
5308	122 
5309	252 
5310	378 
5311	156 
5312	479 
5313	166 
5314	80 
5315	44 
5316	125 
5317	27 
5318	432 
5319	211 
5320	6 
5321	248 
5322	107 
5323	44 
5324	403 
5325	435 
5326	419 
5327	125 
5328	320 
5329	336 
5330	201 
5331	8 
5332	239 
5333	5 
5334	343 
5335	373 
5336	428 
5337	27 
5338	395 
5339	105 
5340	400 
5341	451 
5342	178 
5343	297 
5344	358 
5345	378 
5346	399 
5347	99 
5348	305 
5349	412 
5350	345 
5351	450 
5352	147 
5353	69 
5354	302 
5355	276 
5356	102 
5357	384 
5358	444 
5359	117 
5360	149 
5361	451 
5362	119 
5363	24 
5364	340 
5365	457 
5366	464 
5367	221 
5368	164 
5369	170 
5370	210 
5371	240 
5372	15 
5373	323 
5374	149 
5375	379 
5376	57 
5377	451 
5378	127 
5379	304 
5380	24 
5381	60 
5382	459 
5383	252 
5384	226 
5385	44 
5386	336 
5387	215 
5388	427 
5389	77 
5390	93 
5391	461 
5392	168 
5393	18 
5394	87 
5395	455 
5396	107 
5397	452 
5398	472 
5399	123 
5400	267 
5401	1 
5402	6 
5403	142 
5404	389 
5405	401 
5406	479 
5407	215 
5408	293 
5409	275 
5410	63 
5411	472 
5412	168 
5413	347 
5414	462 
5415	80 
5416	227 
5417	104 
5418	150 
5419	76 
5420	293 
5421	462 
5422	120 
5423	153 
5424	142 
5425	238 
5426	87 
5427	345 
5428	232 
5429	206 
5430	95 
5431	49 
5432	45 
5433	153 
5434	265 
5435	47 
5436	211 
5437	120 
5438	299 
5439	327 
5440	199 
5441	205 
5442	399 
5443	19 
5444	125 
5445	332 
5446	377 
5447	134 
5448	296 
5449	343 
5450	379 
5451	222 
5452	144 
5453	145 
5454	453 
5455	229 
5456	26 
5457	211 
5458	12 
5459	1 
5460	274 
5461	479 
5462	274 
5463	193 
5464	186 
5465	439 
5466	152 
5467	412 
5468	85 
5469	211 
5470	73 
5471	377 
5472	283 
5473	278 
5474	421 
5475	98 
5476	384 
5477	288 
5478	122 
5479	410 
5480	127 
5481	287 
5482	265 
5483	317 
5484	9 
5485	439 
5486	366 
5487	226 
5488	226 
5489	345 
5490	129 
5491	395 
5492	229 
5493	236 
5494	297 
5495	7 
5496	116 
5497	98 
5498	201 
5499	178 
5500	196 
5501	26 
5502	12 
5503	27 
5504	20 
5505	199 
5506	432 
5507	302 
5508	343 
5509	267 
5510	402 
5511	81 
5512	468 
5513	206 
5514	128 
5515	321 
5516	402 
5517	340 
5518	432 
5519	251 
5520	402 
5521	480 
5522	55 
5523	190 
5524	287 
5525	400 
5526	8 
5527	51 
5528	240 
5529	38 
5530	400 
5531	421 
5532	364 
5533	74 
5534	7 
5535	427 
5536	187 
5537	360 
5538	357 
5539	344 
5540	261 
5541	164 
5542	275 
5543	386 
5544	266 
5545	447 
5546	179 
5547	472 
5548	10 
5549	26 
5550	149 
5551	281 
5552	263 
5553	469 
5554	331 
5555	37 
5556	261 
5557	96 
5558	88 
5559	323 
5560	120 
5561	92 
5562	96 
5563	164 
5564	88 
5565	163 
5566	317 
5567	377 
5568	462 
5569	461 
5570	14 
5571	12 
5572	327 
5573	182 
5574	357 
5575	77 
5576	434 
5577	297 
5578	191 
5579	352 
5580	447 
5581	182 
5582	59 
5583	216 
5584	449 
5585	316 
5586	164 
5587	54 
5588	151 
5589	36 
5590	96 
5591	399 
5592	376 
5593	339 
5594	282 
5595	159 
5596	91 
5597	267 
5598	259 
5599	238 
5600	84 
5601	219 
5602	479 
5603	229 
5604	376 
5605	296 
5606	351 
5607	420 
5608	28 
5609	104 
5610	104 
5611	393 
5612	373 
5613	360 
5614	198 
5615	390 
5616	77 
5617	406 
5618	193 
5619	10 
5620	255 
5621	181 
5622	303 
5623	438 
5624	6 
5625	358 
5626	90 
5627	250 
5628	243 
5629	406 
5630	76 
5631	119 
5632	91 
5633	385 
5634	122 
5635	89 
5636	310 
5637	9 
5638	260 
5639	445 
5640	292 
5641	150 
5642	135 
5643	19 
5644	449 
5645	129 
5646	162 
5647	260 
5648	330 
5649	154 
5650	412 
5651	279 
5652	333 
5653	91 
5654	107 
5655	373 
5656	260 
5657	246 
5658	148 
5659	92 
5660	259 
5661	260 
5662	90 
5663	276 
5664	6 
5665	238 
5666	36 
5667	441 
5668	252 
5669	302 
5670	85 
5671	294 
5672	258 
5673	282 
5674	334 
5675	357 
5676	151 
5677	434 
5678	376 
5679	347 
5680	23 
5681	68 
5682	378 
5683	255 
5684	390 
5685	132 
5686	292 
5687	459 
5688	435 
5689	275 
5690	98 
5691	77 
5692	293 
5693	283 
5694	9 
5695	336 
5696	55 
5697	14 
5698	222 
5699	221 
5700	378 
5701	104 
5702	219 
5703	76 
5704	149 
5705	360 
5706	65 
5707	301 
5708	59 
5709	309 
5710	281 
5711	302 
5712	438 
5713	227 
5714	34 
5715	196 
5716	449 
5717	356 
5718	237 
5719	449 
5720	88 
5721	362 
5722	248 
5723	386 
5724	230 
5725	386 
5726	18 
5727	446 
5728	130 
5729	166 
5730	80 
5731	420 
5732	193 
5733	462 
5734	14 
5735	356 
5736	141 
5737	447 
5738	164 
5739	24 
5740	297 
5741	468 
5742	427 
5743	156 
5744	116 
5745	195 
5746	233 
5747	361 
5748	407 
5749	207 
5750	456 
5751	127 
5752	104 
5753	155 
5754	356 
5755	407 
5756	262 
5757	100 
5758	150 
5759	389 
5760	418 
5761	437 
5762	471 
5763	373 
5764	34 
5765	111 
5766	96 
5767	434 
5768	221 
5769	6 
5770	464 
5771	201 
5772	144 
5773	321 
5774	299 
5775	65 
5776	134 
5777	408 
5778	418 
5779	309 
5780	369 
5781	472 
5782	347 
5783	15 
5784	480 
5785	237 
5786	26 
5787	400 
5788	331 
5789	116 
5790	215 
5791	467 
5792	293 
5793	410 
5794	251 
5795	363 
5796	182 
5797	37 
5798	452 
5799	2 
5800	85 
5801	445 
5802	271 
5803	14 
5804	169 
5805	325 
5806	113 
5807	215 
5808	222 
5809	469 
5810	122 
5811	29 
5812	351 
5813	132 
5814	91 
5815	324 
5816	316 
5817	354 
5818	469 
5819	142 
5820	261 
5821	7 
5822	150 
5823	67 
5824	2 
5825	376 
5826	307 
5827	292 
5828	155 
5829	182 
5830	4 
5831	138 
5832	382 
5833	105 
5834	468 
5835	472 
5836	316 
5837	96 
5838	437 
5839	124 
5840	472 
5841	124 
5842	29 
5843	115 
5844	225 
5845	238 
5846	23 
5847	84 
5848	156 
5849	127 
5850	100 
5851	85 
5852	395 
5853	307 
5854	151 
5855	471 
5856	366 
5857	154 
5858	77 
5859	451 
5860	35 
5861	299 
5862	113 
5863	435 
5864	322 
5865	301 
5866	435 
5867	145 
5868	45 
5869	262 
5870	135 
5871	69 
5872	31 
5873	423 
5874	294 
5875	299 
5876	368 
5877	393 
5878	93 
5879	22 
5880	436 
5881	24 
5882	366 
5883	303 
5884	45 
5885	117 
5886	222 
5887	278 
5888	36 
5889	453 
5890	458 
5891	8 
5892	236 
5893	128 
5894	10 
5895	327 
5896	26 
5897	395 
5898	197 
5899	399 
5900	181 
5901	222 
5902	435 
5903	236 
5904	92 
5905	332 
5906	293 
5907	36 
5908	351 
5909	406 
5910	86 
5911	206 
5912	276 
5913	386 
5914	301 
5915	427 
5916	139 
5917	266 
5918	307 
5919	439 
5920	299 
5921	311 
5922	154 
5923	311 
5924	432 
5925	358 
5926	456 
5927	211 
5928	408 
5929	149 
5930	116 
5931	63 
5932	267 
5933	21 
5934	115 
5935	259 
5936	385 
5937	351 
5938	192 
5939	206 
5940	99 
5941	452 
5942	178 
5943	311 
5944	168 
5945	14 
5946	459 
5947	347 
5948	450 
5949	448 
5950	293 
5951	406 
5952	273 
5953	473 
5954	206 
5955	378 
5956	76 
5957	17 
5958	98 
5959	165 
5960	285 
5961	37 
5962	252 
5963	76 
5964	438 
5965	129 
5966	128 
5967	265 
5968	34 
5969	133 
5970	327 
5971	65 
5972	469 
5973	51 
5974	373 
5975	435 
5976	279 
5977	198 
5978	431 
5979	222 
5980	8 
5981	315 
5982	23 
5983	80 
5984	480 
5985	136 
5986	62 
5987	151 
5988	448 
5989	378 
5990	196 
5991	172 
5992	85 
5993	401 
5994	364 
5995	67 
5996	239 
5997	418 
5998	471 
5999	377 
6000	81 
6001	197 
6002	1 
6003	24 
6004	448 
6005	130 
6006	451 
6007	294 
6008	197 
6009	18 
6010	281 
6011	423 
6012	201 
6013	207 
6014	81 
6015	26 
6016	18 
6017	88 
6018	332 
6019	169 
6020	287 
6021	340 
6022	26 
6023	226 
6024	439 
6025	44 
6026	334 
6027	1 
6028	23 
6029	407 
6030	193 
6031	275 
6032	148 
6033	105 
6034	316 
6035	297 
6036	249 
6037	432 
6038	434 
6039	23 
6040	362 
6041	384 
6042	262 
6043	363 
6044	461 
6045	240 
6046	233 
6047	100 
6048	325 
6049	37 
6050	338 
6051	299 
6052	263 
6053	379 
6054	209 
6055	8 
6056	193 
6057	385 
6058	164 
6059	461 
6060	126 
6061	382 
6062	156 
6063	134 
6064	340 
6065	389 
6066	251 
6067	27 
6068	480 
6069	179 
6070	172 
6071	169 
6072	29 
6073	145 
6074	360 
6075	20 
6076	469 
6077	29 
6078	188 
6079	221 
6080	168 
6081	94 
6082	148 
6083	77 
6084	431 
6085	122 
6086	361 
6087	344 
6088	205 
6089	233 
6090	291 
6091	322 
6092	132 
6093	162 
6094	19 
6095	105 
6096	360 
6097	271 
6098	450 
6099	441 
6100	124 
6101	410 
6102	210 
6103	239 
6104	368 
6105	51 
6106	34 
6107	111 
6108	123 
6109	458 
6110	40 
6111	370 
6112	206 
6113	267 
6114	76 
6115	412 
6116	145 
6117	201 
6118	325 
6119	297 
6120	291 
6121	96 
6122	307 
6123	382 
6124	445 
6125	278 
6126	165 
6127	285 
6128	129 
6129	179 
6130	123 
6131	182 
6132	409 
6133	368 
6134	44 
6135	193 
6136	360 
6137	340 
6138	104 
6139	344 
6140	182 
6141	249 
6142	158 
6143	293 
6144	150 
6145	115 
6146	352 
6147	225 
6148	69 
6149	278 
6150	182 
6151	117 
6152	279 
6153	315 
6154	325 
6155	205 
6156	330 
6157	360 
6158	207 
6159	449 
6160	475 
6161	368 
6162	24 
6163	439 
6164	89 
6165	9 
6166	243 
6167	471 
6168	55 
6169	266 
6170	151 
6171	351 
6172	271 
6173	139 
6174	188 
6175	62 
6176	276 
6177	20 
6178	156 
6179	229 
6180	451 
6181	148 
6182	178 
6183	473 
6184	178 
6185	298 
6186	448 
6187	48 
6188	17 
6189	421 
6190	260 
6191	266 
6192	142 
6193	207 
6194	228 
6195	36 
6196	31 
6197	107 
6198	333 
6199	449 
6200	331 
6201	385 
6202	37 
6203	441 
6204	57 
6205	164 
6206	107 
6207	386 
6208	260 
6209	469 
6210	236 
6211	365 
6212	299 
6213	447 
6214	122 
6215	317 
6216	102 
6217	366 
6218	274 
6219	130 
6220	390 
6221	320 
6222	111 
6223	409 
6224	40 
6225	67 
6226	261 
6227	187 
6228	479 
6229	364 
6230	336 
6231	382 
6232	293 
6233	443 
6234	302 
6235	475 
6236	181 
6237	291 
6238	437 
6239	123 
6240	409 
6241	292 
6242	100 
6243	44 
6244	366 
6245	107 
6246	145 
6247	219 
6248	138 
6249	336 
6250	379 
6251	209 
6252	102 
6253	94 
6254	452 
6255	362 
6256	130 
6257	365 
6258	57 
6259	151 
6260	278 
6261	354 
6262	332 
6263	252 
6264	419 
6265	458 
6266	450 
6267	125 
6268	334 
6269	282 
6270	107 
6271	352 
6272	450 
6273	18 
6274	317 
6275	323 
6276	317 
6277	144 
6278	427 
6279	408 
6280	446 
6281	389 
6282	119 
6283	73 
6284	156 
6285	445 
6286	347 
6287	321 
6288	457 
6289	427 
6290	158 
6291	29 
6292	113 
6293	123 
6294	403 
6295	68 
6296	238 
6297	69 
6298	89 
6299	459 
6300	152 
6301	439 
6302	166 
6303	299 
6304	261 
6305	418 
6306	464 
6307	251 
6308	63 
6309	226 
6310	67 
6311	400 
6312	344 
6313	209 
6314	192 
6315	119 
6316	139 
6317	385 
6318	386 
6319	302 
6320	305 
6321	286 
6322	88 
6323	1 
6324	165 
6325	248 
6326	95 
6327	88 
6328	207 
6329	232 
6330	344 
6331	259 
6332	340 
6333	265 
6334	399 
6335	26 
6336	294 
6337	117 
6338	98 
6339	84 
6340	281 
6341	255 
6342	169 
6343	166 
6344	139 
6345	449 
6346	461 
6347	167 
6348	232 
6349	434 
6350	162 
6351	2 
6352	464 
6353	311 
6354	158 
6355	64 
6356	131 
6357	126 
6358	258 
6359	471 
6360	431 
6361	145 
6362	384 
6363	338 
6364	122 
6365	89 
6366	330 
6367	480 
6368	406 
6369	364 
6370	471 
6371	321 
6372	286 
6373	340 
6374	160 
6375	237 
6376	469 
6377	366 
6378	479 
6379	143 
6380	85 
6381	449 
6382	101 
6383	237 
6384	14 
6385	60 
6386	164 
6387	474 
6388	480 
6389	1 
6390	369 
6391	63 
6392	317 
6393	181 
6394	402 
6395	222 
6396	167 
6397	142 
6398	195 
6399	132 
6400	48 
6401	222 
6402	251 
6403	288 
6404	291 
6405	474 
6406	474 
6407	399 
6408	219 
6409	181 
6410	8 
6411	60 
6412	384 
6413	195 
6414	9 
6415	343 
6416	105 
6417	21 
6418	436 
6419	218 
6420	327 
6421	117 
6422	263 
6423	31 
6424	55 
6425	362 
6426	26 
6427	67 
6428	365 
6429	475 
6430	27 
6431	195 
6432	18 
6433	229 
6434	274 
6435	6 
6436	266 
6437	331 
6438	384 
6439	86 
6440	281 
6441	271 
6442	340 
6443	40 
6444	144 
6445	49 
6446	74 
6447	258 
6448	255 
6449	96 
6450	86 
6451	401 
6452	403 
6453	124 
6454	26 
6455	64 
6456	160 
6457	266 
6458	255 
6459	17 
6460	17 
6461	351 
6462	376 
6463	94 
6464	262 
6465	325 
6466	334 
6467	471 
6468	361 
6469	419 
6470	206 
6471	205 
6472	428 
6473	89 
6474	90 
6475	74 
6476	226 
6477	310 
6478	401 
6479	41 
6480	266 
6481	344 
6482	243 
6483	179 
6484	402 
6485	186 
6486	474 
6487	296 
6488	384 
6489	445 
6490	441 
6491	323 
6492	447 
6493	282 
6494	205 
6495	193 
6496	57 
6497	128 
6498	143 
6499	166 
6500	84 
6501	191 
6502	195 
6503	205 
6504	450 
6505	74 
6506	437 
6507	215 
6508	19 
6509	84 
6510	206 
6511	167 
6512	62 
6513	192 
6514	393 
6515	51 
6516	261 
6517	131 
6518	62 
6519	243 
6520	209 
6521	132 
6522	423 
6523	240 
6524	226 
6525	164 
6526	124 
6527	143 
6528	199 
6529	93 
6530	265 
6531	282 
6532	279 
6533	67 
6534	474 
6535	155 
6536	102 
6537	366 
6538	196 
6539	167 
6540	351 
6541	226 
6542	473 
6543	338 
6544	469 
6545	99 
6546	228 
6547	230 
6548	151 
6549	455 
6550	338 
6551	143 
6552	4 
6553	172 
6554	431 
6555	445 
6556	408 
6557	332 
6558	226 
6559	29 
6560	255 
6561	14 
6562	307 
6563	351 
6564	100 
6565	76 
6566	298 
6567	206 
6568	187 
6569	163 
6570	354 
6571	197 
6572	86 
6573	92 
6574	91 
6575	479 
6576	154 
6577	229 
6578	65 
6579	150 
6580	28 
6581	31 
6582	464 
6583	64 
6584	85 
6585	137 
6586	101 
6587	330 
6588	472 
6589	19 
6590	407 
6591	287 
6592	305 
6593	261 
6594	475 
6595	384 
6596	299 
6597	17 
6598	135 
6599	462 
6600	128 
6601	450 
6602	165 
6603	368 
6604	479 
6605	158 
6606	6 
6607	222 
6608	181 
6609	275 
6610	216 
6611	246 
6612	456 
6613	149 
6614	240 
6615	467 
6616	309 
6617	323 
6618	331 
6619	55 
6620	263 
6621	6 
6622	418 
6623	90 
6624	434 
6625	275 
6626	201 
6627	107 
6628	191 
6629	196 
6630	90 
6631	458 
6632	134 
6633	364 
6634	407 
6635	73 
6636	324 
6637	143 
6638	60 
6639	81 
6640	309 
6641	100 
6642	87 
6643	330 
6644	63 
6645	163 
6646	125 
6647	324 
6648	438 
6649	287 
6650	14 
6651	302 
6652	36 
6653	166 
6654	390 
6655	451 
6656	299 
6657	368 
6658	322 
6659	351 
6660	386 
6661	457 
6662	455 
6663	321 
6664	385 
6665	278 
6666	435 
6667	246 
6668	445 
6669	451 
6670	250 
6671	150 
6672	307 
6673	249 
6674	456 
6675	137 
6676	279 
6677	88 
6678	130 
6679	473 
6680	136 
6681	476 
6682	428 
6683	60 
6684	1 
6685	438 
6686	228 
6687	467 
6688	96 
6689	239 
6690	343 
6691	193 
6692	389 
6693	265 
6694	21 
6695	81 
6696	368 
6697	232 
6698	28 
6699	379 
6700	246 
6701	473 
6702	150 
6703	6 
6704	74 
6705	276 
6706	188 
6707	101 
6708	459 
6709	310 
6710	113 
6711	122 
6712	63 
6713	423 
6714	6 
6715	211 
6716	160 
6717	150 
6718	260 
6719	49 
6720	155 
6721	94 
6722	65 
6723	8 
6724	96 
6725	10 
6726	127 
6727	265 
6728	68 
6729	360 
6730	347 
6731	393 
6732	210 
6733	435 
6734	365 
6735	286 
6736	250 
6737	441 
6738	94 
6739	149 
6740	2 
6741	139 
6742	384 
6743	307 
6744	469 
6745	333 
6746	246 
6747	49 
6748	447 
6749	479 
6750	138 
6751	459 
6752	321 
6753	137 
6754	207 
6755	135 
6756	136 
6757	130 
6758	251 
6759	286 
6760	267 
6761	238 
6762	131 
6763	363 
6764	452 
6765	260 
6766	340 
6767	450 
6768	294 
6769	229 
6770	317 
6771	167 
6772	107 
6773	115 
6774	384 
6775	28 
6776	210 
6777	85 
6778	154 
6779	178 
6780	141 
6781	362 
6782	179 
6783	362 
6784	278 
6785	267 
6786	99 
6787	48 
6788	230 
6789	122 
6790	64 
6791	428 
6792	35 
6793	59 
6794	276 
6795	434 
6796	160 
6797	310 
6798	198 
6799	139 
6800	38 
6801	65 
6802	449 
6803	98 
6804	9 
6805	406 
6806	239 
6807	317 
6808	62 
6809	278 
6810	237 
6811	473 
6812	152 
6813	232 
6814	124 
6815	169 
6816	12 
6817	59 
6818	98 
6819	236 
6820	363 
6821	10 
6822	218 
6823	14 
6824	99 
6825	125 
6826	182 
6827	325 
6828	156 
6829	228 
6830	436 
6831	343 
6832	339 
6833	286 
6834	127 
6835	248 
6836	206 
6837	249 
6838	423 
6839	215 
6840	1 
6841	196 
6842	472 
6843	317 
6844	480 
6845	330 
6846	307 
6847	26 
6848	158 
6849	237 
6850	132 
6851	333 
6852	409 
6853	206 
6854	317 
6855	6 
6856	24 
6857	14 
6858	164 
6859	332 
6860	85 
6861	65 
6862	406 
6863	278 
6864	275 
6865	40 
6866	27 
6867	27 
6868	17 
6869	12 
6870	10 
6871	366 
6872	420 
6873	135 
6874	450 
6875	9 
6876	294 
6877	238 
6878	130 
6879	48 
6880	21 
6881	239 
6882	217 
6883	233 
6884	469 
6885	250 
6886	287 
6887	222 
6888	232 
6889	192 
6890	279 
6891	461 
6892	431 
6893	333 
6894	94 
6895	100 
6896	305 
6897	31 
6898	406 
6899	370 
6900	154 
6901	90 
6902	19 
6903	445 
6904	17 
6905	29 
6906	455 
6907	101 
6908	400 
6909	132 
6910	452 
6911	435 
6912	55 
6913	48 
6914	51 
6915	34 
6916	38 
6917	434 
6918	438 
6919	198 
6920	81 
6921	401 
6922	469 
6923	354 
6924	276 
6925	458 
6926	4 
6927	163 
6928	211 
6929	338 
6930	101 
6931	142 
6932	115 
6933	8 
6934	403 
6935	165 
6936	288 
6937	181 
6938	385 
6939	133 
6940	338 
6941	265 
6942	248 
6943	276 
6944	297 
6945	428 
6946	298 
6947	309 
6948	74 
6949	217 
6950	332 
6951	160 
6952	332 
6953	339 
6954	343 
6955	93 
6956	310 
6957	149 
6958	278 
6959	55 
6960	55 
6961	137 
6962	250 
6963	17 
6964	322 
6965	195 
6966	218 
6967	27 
6968	401 
6969	324 
6970	196 
6971	315 
6972	361 
6973	221 
6974	130 
6975	390 
6976	455 
6977	436 
6978	403 
6979	281 
6980	57 
6981	104 
6982	305 
6983	158 
6984	275 
6985	459 
6986	243 
6987	250 
6988	99 
6989	351 
6990	2 
6991	435 
6992	182 
6993	360 
6994	385 
6995	401 
6996	55 
6997	265 
6998	178 
6999	102 
7000	299 
7001	124 
7002	188 
7003	432 
7004	29 
7005	14 
7006	283 
7007	403 
7008	322 
7009	259 
7010	333 
7011	358 
7012	36 
7013	459 
7014	122 
7015	14 
7016	233 
7017	418 
7018	347 
7019	458 
7020	34 
7021	10 
7022	390 
7023	125 
7024	327 
7025	315 
7026	407 
7027	216 
7028	469 
7029	179 
7030	8 
7031	202 
7032	282 
7033	205 
7034	201 
7035	34 
7036	201 
7037	26 
7038	431 
7039	259 
7040	315 
7041	55 
7042	412 
7043	91 
7044	455 
7045	296 
7046	233 
7047	6 
7048	229 
7049	378 
7050	456 
7051	154 
7052	283 
7053	225 
7054	409 
7055	91 
7056	296 
7057	286 
7058	324 
7059	406 
7060	136 
7061	456 
7062	307 
7063	2 
7064	255 
7065	117 
7066	130 
7067	323 
7068	34 
7069	377 
7070	278 
7071	360 
7072	229 
7073	297 
7074	29 
7075	265 
7076	135 
7077	155 
7078	72 
7079	390 
7080	458 
7081	120 
7082	445 
7083	26 
7084	287 
7085	134 
7086	249 
7087	187 
7088	209 
7089	181 
7090	186 
7091	218 
7092	128 
7093	344 
7094	192 
7095	420 
7096	435 
7097	320 
7098	179 
7099	472 
7100	221 
7101	432 
7102	156 
7103	379 
7104	67 
7105	139 
7106	315 
7107	76 
7108	215 
7109	271 
7110	93 
7111	347 
7112	252 
7113	228 
7114	267 
7115	104 
7116	332 
7117	456 
7118	226 
7119	181 
7120	169 
7121	4 
7122	169 
7123	222 
7124	197 
7125	305 
7126	215 
7127	232 
7128	288 
7129	282 
7130	458 
7131	95 
7132	141 
7133	232 
7134	271 
7135	132 
7136	452 
7137	439 
7138	322 
7139	281 
7140	418 
7141	132 
7142	49 
7143	259 
7144	287 
7145	24 
7146	35 
7147	369 
7148	148 
7149	407 
7150	216 
7151	327 
7152	221 
7153	131 
7154	250 
7155	452 
7156	281 
7157	178 
7158	72 
7159	29 
7160	412 
7161	154 
7162	368 
7163	164 
7164	339 
7165	81 
7166	225 
7167	191 
7168	210 
7169	259 
7170	2 
7171	207 
7172	74 
7173	166 
7174	238 
7175	265 
7176	67 
7177	323 
7178	386 
7179	282 
7180	393 
7181	144 
7182	168 
7183	361 
7184	141 
7185	285 
7186	452 
7187	360 
7188	439 
7189	317 
7190	338 
7191	63 
7192	164 
7193	131 
7194	168 
7195	230 
7196	282 
7197	222 
7198	434 
7199	139 
7200	76 
7201	332 
7202	338 
7203	95 
7204	419 
7205	95 
7206	458 
7207	409 
7208	132 
7209	418 
7210	64 
7211	100 
7212	209 
7213	101 
7214	278 
7215	431 
7216	125 
7217	10 
7218	222 
7219	36 
7220	128 
7221	362 
7222	216 
7223	107 
7224	126 
7225	90 
7226	149 
7227	271 
7228	210 
7229	263 
7230	117 
7231	199 
7232	158 
7233	228 
7234	210 
7235	365 
7236	236 
7237	251 
7238	428 
7239	91 
7240	446 
7241	246 
7242	141 
7243	468 
7244	205 
7245	205 
7246	4 
7247	243 
7248	294 
7249	407 
7250	35 
7251	107 
7252	197 
7253	275 
7254	249 
7255	128 
7256	445 
7257	96 
7258	73 
7259	237 
7260	439 
7261	320 
7262	237 
7263	218 
7264	248 
7265	122 
7266	218 
7267	434 
7268	144 
7269	230 
7270	385 
7271	130 
7272	95 
7273	95 
7274	65 
7275	249 
7276	89 
7277	216 
7278	450 
7279	327 
7280	327 
7281	104 
7282	2 
7283	436 
7284	437 
7285	24 
7286	86 
7287	327 
7288	358 
7289	471 
7290	365 
7291	38 
7292	179 
7293	179 
7294	60 
7295	4 
7296	14 
7297	401 
7298	205 
7299	239 
7300	143 
7301	201 
7302	343 
7303	165 
7304	260 
7305	128 
7306	239 
7307	10 
7308	434 
7309	229 
7310	261 
7311	286 
7312	373 
7313	94 
7314	29 
7315	87 
7316	446 
7317	156 
7318	137 
7319	436 
7320	215 
7321	14 
7322	27 
7323	49 
7324	206 
7325	102 
7326	457 
7327	472 
7328	127 
7329	73 
7330	343 
7331	139 
7332	236 
7333	134 
7334	446 
7335	67 
7336	343 
7337	324 
7338	361 
7339	360 
7340	317 
7341	360 
7342	447 
7343	435 
7344	320 
7345	351 
7346	35 
7347	4 
7348	197 
7349	169 
7350	206 
7351	149 
7352	439 
7353	431 
7354	1 
7355	160 
7356	198 
7357	205 
7358	172 
7359	198 
7360	18 
7361	230 
7362	85 
7363	343 
7364	179 
7365	179 
7366	209 
7367	60 
7368	332 
7369	226 
7370	267 
7371	315 
7372	126 
7373	390 
7374	362 
7375	448 
7376	468 
7377	333 
7378	441 
7379	407 
7380	279 
7381	317 
7382	91 
7383	369 
7384	86 
7385	94 
7386	252 
7387	100 
7388	94 
7389	427 
7390	154 
7391	187 
7392	132 
7393	26 
7394	431 
7395	102 
7396	92 
7397	409 
7398	351 
7399	261 
7400	137 
7401	455 
7402	467 
7403	281 
7404	198 
7405	225 
7406	125 
7407	278 
7408	35 
7409	127 
7410	178 
7411	93 
7412	285 
7413	162 
7414	195 
7415	93 
7416	164 
7417	323 
7418	188 
7419	1 
7420	259 
7421	237 
7422	8 
7423	435 
7424	474 
7425	192 
7426	117 
7427	124 
7428	117 
7429	102 
7430	128 
7431	136 
7432	239 
7433	191 
7434	322 
7435	321 
7436	210 
7437	351 
7438	455 
7439	6 
7440	29 
7441	150 
7442	202 
7443	467 
7444	344 
7445	286 
7446	27 
7447	193 
7448	144 
7449	459 
7450	6 
7451	265 
7452	124 
7453	323 
7454	215 
7455	162 
7456	446 
7457	243 
7458	35 
7459	132 
7460	90 
7461	27 
7462	139 
7463	181 
7464	57 
7465	287 
7466	338 
7467	229 
7468	287 
7469	168 
7470	218 
7471	206 
7472	467 
7473	261 
7474	198 
7475	179 
7476	361 
7477	351 
7478	100 
7479	446 
7480	160 
7481	158 
7482	168 
7483	467 
7484	232 
7485	479 
7486	65 
7487	134 
7488	373 
7489	6 
7490	450 
7491	473 
7492	452 
7493	55 
7494	131 
7495	1 
7496	199 
7497	19 
7498	243 
7499	311 
7500	127 
7501	36 
7502	323 
7503	196 
7504	362 
7505	285 
7506	188 
7507	412 
7508	302 
7509	447 
7510	2 
7511	456 
7512	420 
7513	131 
7514	258 
7515	49 
7516	201 
7517	100 
7518	179 
7519	101 
7520	139 
7521	115 
7522	57 
7523	467 
7524	1 
7525	419 
7526	89 
7527	265 
7528	128 
7529	286 
7530	428 
7531	198 
7532	128 
7533	187 
7534	327 
7535	322 
7536	201 
7537	246 
7538	347 
7539	85 
7540	333 
7541	431 
7542	49 
7543	163 
7544	49 
7545	59 
7546	378 
7547	87 
7548	160 
7549	412 
7550	321 
7551	201 
7552	230 
7553	17 
7554	402 
7555	418 
7556	120 
7557	266 
7558	358 
7559	8 
7560	137 
7561	449 
7562	378 
7563	49 
7564	260 
7565	134 
7566	192 
7567	144 
7568	198 
7569	449 
7570	333 
7571	385 
7572	154 
7573	14 
7574	10 
7575	344 
7576	322 
7577	456 
7578	354 
7579	455 
7580	236 
7581	419 
7582	450 
7583	339 
7584	480 
7585	239 
7586	72 
7587	279 
7588	296 
7589	317 
7590	179 
7591	149 
7592	67 
7593	222 
7594	407 
7595	182 
7596	48 
7597	127 
7598	134 
7599	377 
7600	49 
7601	400 
7602	461 
7603	24 
7604	152 
7605	246 
7606	315 
7607	288 
7608	323 
7609	403 
7610	168 
7611	436 
7612	102 
7613	36 
7614	155 
7615	230 
7616	59 
7617	365 
7618	354 
7619	459 
7620	8 
7621	23 
7622	191 
7623	449 
7624	115 
7625	275 
7626	229 
7627	467 
7628	266 
7629	458 
7630	14 
7631	51 
7632	95 
7633	373 
7634	27 
7635	73 
7636	191 
7637	182 
7638	91 
7639	419 
7640	81 
7641	91 
7642	62 
7643	195 
7644	255 
7645	101 
7646	96 
7647	285 
7648	473 
7649	386 
7650	259 
7651	168 
7652	18 
7653	265 
7654	81 
7655	4 
7656	476 
7657	299 
7658	452 
7659	230 
7660	445 
7661	193 
7662	14 
7663	124 
7664	35 
7665	168 
7666	130 
7667	324 
7668	419 
7669	209 
7670	320 
7671	29 
7672	246 
7673	102 
7674	94 
7675	48 
7676	451 
7677	215 
7678	130 
7679	215 
7680	266 
7681	160 
7682	2 
7683	57 
7684	193 
7685	216 
7686	101 
7687	186 
7688	339 
7689	403 
7690	260 
7691	18 
7692	476 
7693	393 
7694	358 
7695	65 
7696	336 
7697	450 
7698	238 
7699	149 
7700	248 
7701	128 
7702	182 
7703	366 
7704	69 
7705	27 
7706	87 
7707	91 
7708	91 
7709	19 
7710	351 
7711	195 
7712	166 
7713	283 
7714	403 
7715	457 
7716	412 
7717	324 
7718	437 
7719	164 
7720	286 
7721	132 
7722	399 
7723	246 
7724	36 
7725	139 
7726	428 
7727	196 
7728	479 
7729	162 
7730	384 
7731	219 
7732	296 
7733	258 
7734	281 
7735	311 
7736	365 
7737	431 
7738	407 
7739	49 
7740	124 
7741	172 
7742	125 
7743	456 
7744	125 
7745	233 
7746	399 
7747	131 
7748	377 
7749	321 
7750	100 
7751	178 
7752	354 
7753	36 
7754	322 
7755	287 
7756	237 
7757	327 
7758	473 
7759	228 
7760	479 
7761	107 
7762	393 
7763	117 
7764	250 
7765	399 
7766	344 
7767	100 
7768	101 
7769	205 
7770	1 
7771	199 
7772	385 
7773	267 
7774	229 
7775	23 
7776	299 
7777	155 
7778	88 
7779	167 
7780	163 
7781	144 
7782	74 
7783	406 
7784	365 
7785	222 
7786	168 
7787	218 
7788	263 
7789	209 
7790	265 
7791	27 
7792	1 
7793	225 
7794	249 
7795	2 
7796	87 
7797	360 
7798	377 
7799	104 
7800	302 
7801	366 
7802	311 
7803	236 
7804	162 
7805	167 
7806	249 
7807	418 
7808	265 
7809	294 
7810	420 
7811	195 
7812	456 
7813	4 
7814	447 
7815	384 
7816	85 
7817	131 
7818	18 
7819	278 
7820	467 
7821	49 
7822	400 
7823	338 
7824	360 
7825	322 
7826	65 
7827	360 
7828	35 
7829	320 
7830	347 
7831	479 
7832	201 
7833	340 
7834	471 
7835	8 
7836	332 
7837	362 
7838	73 
7839	19 
7840	49 
7841	49 
7842	2 
7843	155 
7844	93 
7845	27 
7846	390 
7847	377 
7848	476 
7849	127 
7850	210 
7851	469 
7852	228 
7853	361 
7854	215 
7855	239 
7856	72 
7857	74 
7858	199 
7859	115 
7860	315 
7861	406 
7862	473 
7863	267 
7864	216 
7865	339 
7866	469 
7867	373 
7868	238 
7869	137 
7870	406 
7871	168 
7872	88 
7873	418 
7874	447 
7875	285 
7876	451 
7877	238 
7878	101 
7879	252 
7880	324 
7881	456 
7882	72 
7883	278 
7884	476 
7885	29 
7886	365 
7887	55 
7888	120 
7889	89 
7890	163 
7891	72 
7892	435 
7893	468 
7894	219 
7895	323 
7896	87 
7897	473 
7898	62 
7899	386 
7900	210 
7901	137 
7902	100 
7903	294 
7904	193 
7905	137 
7906	323 
7907	455 
7908	144 
7909	239 
7910	102 
7911	95 
7912	441 
7913	188 
7914	315 
7915	302 
7916	393 
7917	196 
7918	1 
7919	209 
7920	125 
7921	134 
7922	24 
7923	252 
7924	249 
7925	418 
7926	447 
7927	73 
7928	471 
7929	366 
7930	243 
7931	69 
7932	130 
7933	67 
7934	447 
7935	360 
7936	472 
7937	137 
7938	472 
7939	14 
7940	63 
7941	476 
7942	218 
7943	358 
7944	29 
7945	450 
7946	57 
7947	134 
7948	322 
7949	96 
7950	307 
7951	261 
7952	198 
7953	327 
7954	250 
7955	333 
7956	226 
7957	287 
7958	456 
7959	451 
7960	62 
7961	373 
7962	323 
7963	198 
7964	195 
7965	362 
7966	92 
7967	85 
7968	354 
7969	311 
7970	406 
7971	299 
7972	10 
7973	117 
7974	101 
7975	436 
7976	4 
7977	131 
7978	197 
7979	412 
7980	210 
7981	199 
7982	450 
7983	402 
7984	402 
7985	35 
7986	338 
7987	102 
7988	479 
7989	279 
7990	144 
7991	120 
7992	163 
7993	186 
7994	73 
7995	104 
7996	457 
7997	73 
7998	307 
7999	263 
8000	261 
8001	428 
8002	472 
8003	55 
8004	49 
8005	100 
8006	267 
8007	222 
8008	327 
8009	267 
8010	209 
8011	237 
8012	321 
8013	320 
8014	18 
8015	131 
8016	476 
8017	339 
8018	473 
8019	238 
8020	131 
8021	311 
8022	315 
8023	447 
8024	131 
8025	158 
8026	296 
8027	155 
8028	233 
8029	476 
8030	403 
8031	44 
8032	233 
8033	377 
8034	441 
8035	182 
8036	428 
8037	219 
8038	333 
8039	233 
8040	412 
8041	117 
8042	446 
8043	243 
8044	36 
8045	182 
8046	27 
8047	249 
8048	343 
8049	377 
8050	439 
8051	449 
8052	311 
8053	369 
8054	402 
8055	261 
8056	63 
8057	215 
8058	201 
8059	101 
8060	351 
8061	237 
8062	243 
8063	431 
8064	124 
8065	296 
8066	216 
8067	181 
8068	65 
8069	10 
8070	403 
8071	402 
8072	441 
8073	107 
8074	197 
8075	96 
8076	198 
8077	428 
8078	473 
8079	435 
8080	179 
8081	327 
8082	8 
8083	219 
8084	302 
8085	418 
8086	321 
8087	117 
8088	452 
8089	339 
8090	192 
8091	216 
8092	65 
8093	439 
8094	101 
8095	393 
8096	17 
8097	296 
8098	237 
8099	340 
8100	91 
8101	63 
8102	420 
8103	278 
8104	322 
8105	67 
8106	195 
8107	439 
8108	81 
8109	311 
8110	179 
8111	26 
8112	449 
8113	473 
8114	228 
8115	51 
8116	93 
8117	209 
8118	96 
8119	361 
8120	452 
8121	458 
8122	399 
8123	278 
8124	369 
8125	266 
8126	385 
8127	287 
8128	91 
8129	192 
8130	339 
8131	221 
8132	446 
8133	101 
8134	469 
8135	96 
8136	480 
8137	201 
8138	219 
8139	307 
8140	126 
8141	354 
8142	323 
8143	362 
8144	233 
8145	451 
8146	154 
8147	29 
8148	72 
8149	471 
8150	327 
8151	358 
8152	199 
8153	193 
8154	6 
8155	369 
8156	26 
8157	366 
8158	365 
8159	299 
8160	155 
8161	182 
8162	385 
8163	230 
8164	29 
8165	344 
8166	35 
8167	26 
8168	51 
8169	65 
8170	90 
8171	265 
8172	230 
8173	29 
8174	218 
8175	191 
8176	238 
8177	163 
8178	154 
8179	132 
8180	72 
8181	49 
8182	361 
8183	26 
8184	191 
8185	94 
8186	450 
8187	449 
8188	299 
8189	343 
8190	89 
8191	152 
8192	385 
8193	73 
8194	74 
8195	179 
8196	51 
8197	456 
8198	468 
8199	104 
8200	317 
8201	243 
8202	86 
8203	86 
8204	265 
8205	403 
8206	226 
8207	134 
8208	393 
8209	327 
8210	384 
8211	149 
8212	162 
8213	393 
8214	469 
8215	178 
8216	117 
8217	131 
8218	447 
8219	55 
8220	196 
8221	287 
8222	237 
8223	458 
8224	93 
8225	198 
8226	230 
8227	243 
8228	172 
8229	193 
8230	452 
8231	55 
8232	365 
8233	286 
8234	259 
8235	73 
8236	74 
8237	102 
8238	358 
8239	252 
8240	386 
8241	260 
8242	344 
8243	215 
8244	92 
8245	393 
8246	455 
8247	265 
8248	321 
8249	351 
8250	458 
8251	196 
8252	321 
8253	230 
8254	178 
8255	265 
8256	287 
8257	137 
8258	324 
8259	412 
8260	49 
8261	255 
8262	154 
8263	351 
8264	229 
8265	17 
8266	65 
8267	451 
8268	330 
8269	447 
8270	451 
8271	178 
8272	139 
8273	439 
8274	69 
8275	250 
8276	476 
8277	2 
8278	450 
8279	179 
8280	255 
8281	473 
8282	198 
8283	237 
8284	351 
8285	451 
8286	94 
8287	480 
8288	287 
8289	127 
8290	373 
8291	248 
8292	209 
8293	193 
8294	92 
8295	449 
8296	131 
8297	102 
8298	2 
8299	163 
8300	156 
8301	36 
8302	172 
8303	344 
8304	126 
8305	144 
8306	229 
8307	362 
8308	179 
8309	73 
8310	63 
8311	10 
8312	479 
8313	354 
8314	218 
8315	93 
8316	115 
8317	19 
8318	191 
8319	480 
8320	333 
8321	365 
8322	473 
8323	88 
8324	126 
8325	263 
8326	117 
8327	126 
8328	87 
8329	261 
8330	162 
8331	74 
8332	384 
8333	243 
8334	472 
8335	195 
8336	330 
8337	228 
8338	219 
8339	104 
8340	343 
8341	229 
8342	67 
8343	323 
8344	51 
8345	229 
8346	101 
8347	406 
8348	338 
8349	276 
8350	471 
8351	93 
8352	327 
8353	296 
8354	354 
8355	201 
8356	267 
8357	160 
8358	192 
8359	360 
8360	236 
8361	125 
8362	449 
8363	340 
8364	164 
8365	209 
8366	18 
8367	332 
8368	360 
8369	377 
8370	480 
8371	74 
8372	369 
8373	361 
8374	226 
8375	172 
8376	181 
8377	441 
8378	428 
8379	81 
8380	8 
8381	260 
8382	51 
8383	198 
8384	230 
8385	263 
8386	120 
8387	248 
8388	51 
8389	168 
8390	261 
8391	317 
8392	144 
8393	259 
8394	63 
8395	276 
8396	88 
8397	279 
8398	455 
8399	259 
8400	154 
8401	385 
8402	250 
8403	87 
8404	468 
8405	127 
8406	386 
8407	344 
8408	333 
8409	441 
8410	317 
8411	378 
8412	172 
8413	299 
8414	263 
8415	222 
8416	117 
8417	354 
8418	322 
8419	439 
8420	451 
8421	233 
8422	115 
8423	197 
8424	456 
8425	436 
8426	49 
8427	10 
8428	307 
8429	435 
8430	201 
8431	69 
8432	219 
8433	14 
8434	360 
8435	441 
8436	265 
8437	191 
8438	221 
8439	156 
8440	287 
8441	386 
8442	115 
8443	6 
8444	229 
8445	182 
8446	412 
8447	85 
8448	252 
8449	302 
8450	476 
8451	198 
8452	468 
8453	456 
8454	88 
8455	473 
8456	393 
8457	343 
8458	230 
8459	87 
8460	1 
8461	144 
8462	332 
8463	49 
8464	172 
8465	10 
8466	218 
8467	6 
8468	155 
8469	95 
8470	73 
8471	362 
8472	378 
8473	323 
8474	233 
8475	358 
8476	91 
8477	369 
8478	73 
8479	260 
8480	358 
8481	431 
8482	330 
8483	252 
8484	90 
8485	222 
8486	418 
8487	35 
8488	362 
8489	431 
8490	451 
8491	125 
8492	152 
8493	476 
8494	222 
8495	93 
8496	160 
8497	221 
8498	265 
8499	402 
8500	19 
8501	181 
8502	362 
8503	267 
8504	344 
8505	243 
8506	195 
8507	330 
8508	195 
8509	384 
8510	455 
8511	228 
8512	248 
8513	149 
8514	19 
8515	299 
8516	412 
8517	2 
8518	93 
8519	221 
8520	69 
8521	237 
8522	441 
8523	131 
8524	324 
8525	228 
8526	156 
8527	476 
8528	239 
8529	307 
8530	128 
8531	275 
8532	156 
8533	51 
8534	230 
8535	219 
8536	315 
8537	205 
8538	55 
8539	468 
8540	125 
8541	160 
8542	386 
8543	186 
8544	358 
8545	428 
8546	100 
8547	91 
8548	406 
8549	278 
8550	259 
8551	179 
8552	431 
8553	468 
8554	447 
8555	281 
8556	229 
8557	69 
8558	344 
8559	450 
8560	266 
8561	276 
8562	198 
8563	228 
8564	2 
8565	191 
8566	473 
8567	14 
8568	179 
8569	322 
8570	351 
8571	400 
8572	55 
8573	226 
8574	317 
8575	1 
8576	115 
8577	127 
8578	278 
8579	152 
8580	286 
8581	452 
8582	181 
8583	215 
8584	343 
8585	218 
8586	317 
8587	91 
8588	125 
8589	149 
8590	450 
8591	2 
8592	81 
8593	152 
8594	87 
8595	195 
8596	139 
8597	162 
8598	468 
8599	65 
8600	172 
8601	90 
8602	160 
8603	198 
8604	168 
8605	65 
8606	219 
8607	263 
8608	361 
8609	158 
8610	160 
8611	378 
8612	90 
8613	302 
8614	164 
8615	339 
8616	286 
8617	471 
8618	378 
8619	154 
8620	418 
8621	390 
8622	236 
8623	255 
8624	152 
8625	81 
8626	321 
8627	361 
8628	236 
8629	90 
8630	88 
8631	87 
8632	149 
8633	250 
8634	476 
8635	49 
8636	286 
8637	343 
8638	1 
8639	473 
8640	209 
8641	219 
8642	333 
8643	104 
8644	73 
8645	1 
8646	73 
8647	162 
8648	447 
8649	354 
8650	327 
8651	104 
8652	239 
8653	87 
8654	439 
8655	447 
8656	327 
8657	160 
8658	455 
8659	92 
8660	322 
8661	476 
8662	366 
8663	317 
8664	6 
8665	458 
8666	354 
8667	449 
8668	67 
8669	1 
8670	286 
8671	366 
8672	238 
8673	476 
8674	393 
8675	219 
8676	226 
8677	128 
8678	366 
8679	93 
8680	229 
8681	65 
8682	117 
8683	205 
8684	164 
8685	402 
8686	144 
8687	24 
8688	164 
8689	469 
8690	377 
8691	339 
8692	315 
8693	90 
8694	452 
8695	361 
8696	324 
8697	26 
8698	265 
8699	14 
8700	205 
8701	451 
8702	362 
8703	324 
8704	131 
8705	476 
8706	81 
8707	81 
8708	35 
8709	451 
8710	403 
8711	386 
8712	237 
8713	115 
8714	447 
8715	390 
8716	332 
8717	137 
8718	473 
8719	154 
8720	406 
8721	179 
8722	92 
8723	179 
8724	390 
8725	315 
8726	266 
8727	343 
8728	164 
8729	428 
8730	330 
8731	197 
8732	324 
8733	347 
8734	330 
8735	149 
8736	384 
8737	327 
8738	221 
8739	361 
8740	101 
8741	218 
8742	451 
8743	195 
8744	72 
8745	90 
8746	339 
8747	26 
8748	201 
8749	221 
8750	266 
8751	340 
8752	125 
8753	36 
8754	267 
8755	36 
8756	192 
8757	354 
8758	441 
8759	65 
8760	93 
8761	307 
8762	400 
8763	287 
8764	447 
8765	182 
8766	330 
8767	85 
8768	81 
8769	452 
8770	81 
8771	471 
8772	156 
8773	29 
8774	402 
8775	29 
8776	65 
8777	307 
8778	468 
8779	193 
8780	14 
8781	236 
8782	115 
8783	222 
8784	51 
8785	403 
8786	390 
8787	455 
8788	307 
8789	317 
8790	155 
8791	91 
8792	172 
8793	24 
8794	197 
8795	197 
8796	393 
8797	17 
8798	69 
8799	222 
8800	351 
8801	236 
8802	458 
8803	219 
8804	447 
8805	347 
8806	191 
8807	390 
8808	351 
8809	6 
8810	468 
8811	160 
8812	104 
8813	2 
8814	469 
8815	14 
8816	1 
8817	27 
8818	441 
8819	386 
8820	144 
8821	237 
8822	373 
8823	321 
8824	441 
8825	330 
8826	115 
8827	186 
8828	473 
8829	333 
8830	366 
8831	69 
8832	197 
8833	27 
8834	186 
8835	92 
8836	479 
8837	400 
8838	366 
8839	2 
8840	351 
8841	104 
8842	91 
8843	322 
8844	428 
8845	126 
8846	249 
8847	266 
8848	197 
8849	276 
8850	428 
8851	322 
8852	275 
8853	361 
8854	296 
8855	400 
8856	324 
8857	315 
8858	160 
8859	255 
8860	51 
8861	63 
8862	206 
8863	439 
8864	24 
8865	406 
8866	323 
8867	347 
8868	333 
8869	101 
8870	26 
8871	455 
8872	139 
8873	385 
8874	276 
8875	237 
8876	327 
8877	209 
8878	344 
8879	117 
8880	229 
8881	332 
8882	127 
8883	447 
8884	137 
8885	87 
8886	127 
8887	131 
8888	104 
8889	162 
8890	261 
8891	72 
8892	179 
8893	100 
8894	296 
8895	192 
8896	476 
8897	360 
8898	243 
8899	26 
8900	126 
8901	65 
8902	351 
8903	128 
8904	219 
8905	384 
8906	228 
8907	361 
8908	471 
8909	219 
8910	69 
8911	431 
8912	162 
8913	226 
8914	275 
8915	249 
8916	267 
8917	128 
8918	469 
8919	230 
8920	168 
8921	441 
8922	261 
8923	377 
8924	226 
8925	158 
8926	219 
8927	2 
8928	1 
8929	17 
8930	302 
8931	296 
8932	230 
8933	403 
8934	69 
8935	322 
8936	307 
8937	279 
8938	222 
8939	339 
8940	24 
8941	51 
8942	428 
8943	307 
8944	67 
8945	480 
8946	362 
8947	85 
8948	260 
8949	315 
8950	191 
8951	366 
8952	168 
8953	362 
8954	152 
8955	343 
8956	360 
8957	81 
8958	361 
8959	228 
8960	128 
8961	154 
8962	327 
8963	91 
8964	321 
8965	418 
8966	36 
8967	222 
8968	14 
8969	449 
8970	104 
8971	447 
8972	128 
8973	91 
8974	323 
8975	73 
8976	431 
8977	393 
8978	343 
8979	386 
8980	439 
8981	267 
8982	468 
8983	315 
8984	100 
8985	24 
8986	393 
8987	152 
8988	302 
8989	333 
8990	72 
8991	332 
8992	449 
8993	144 
8994	27 
8995	436 
8996	469 
8997	91 
8998	221 
8999	436 
9000	154 
9001	473 
9002	17 
9003	296 
9004	296 
9005	286 
9006	186 
9007	209 
9008	229 
9009	144 
9010	219 
9011	315 
9012	267 
9013	266 
9014	85 
9015	162 
9016	354 
9017	1 
9018	428 
9019	215 
9020	412 
9021	117 
9022	456 
9023	222 
9024	104 
9025	339 
9026	67 
9027	255 
9028	476 
9029	249 
9030	321 
9031	228 
9032	366 
9033	172 
9034	260 
9035	377 
9036	449 
9037	343 
9038	90 
9039	2 
9040	275 
9041	362 
9042	332 
9043	236 
9044	93 
9045	160 
9046	230 
9047	100 
9048	219 
9049	373 
9050	479 
9051	471 
9052	88 
9053	222 
9054	428 
9055	229 
9056	436 
9057	230 
9058	92 
9059	162 
9060	88 
9061	469 
9062	160 
9063	344 
9064	206 
9065	279 
9066	24 
9067	339 
9068	265 
9069	469 
9070	377 
9071	255 
9072	198 
9073	191 
9074	441 
9075	351 
9076	127 
9077	172 
9078	101 
9079	249 
9080	164 
9081	162 
9082	428 
9083	69 
9084	155 
9085	100 
9086	281 
9087	26 
9088	451 
9089	347 
9090	473 
9091	239 
9092	302 
9093	360 
9094	323 
9095	219 
9096	88 
9097	81 
9098	158 
9099	158 
9100	88 
9101	125 
9102	377 
9103	92 
9104	226 
9105	451 
9106	36 
9107	377 
9108	155 
9109	155 
9110	156 
9111	104 
9112	472 
9113	237 
9114	315 
9115	219 
9116	104 
9117	275 
9118	218 
9119	69 
9120	479 
9121	385 
9122	191 
9123	226 
9124	168 
9125	327 
9126	181 
9127	317 
9128	205 
9129	36 
9130	373 
9131	458 
9132	469 
9133	27 
9134	186 
9135	439 
9136	317 
9137	469 
9138	186 
9139	324 
9140	191 
9141	361 
9142	201 
9143	344 
9144	249 
9145	343 
9146	237 
9147	85 
9148	197 
9149	49 
9150	471 
9151	321 
9152	88 
9153	377 
9154	315 
9155	219 
9156	276 
9157	228 
9158	354 
9159	428 
9160	317 
9161	276 
9162	279 
9163	168 
9164	230 
9165	179 
9166	17 
9167	265 
9168	393 
9169	436 
9170	201 
9171	182 
9172	218 
9173	261 
9174	239 
9175	198 
9176	435 
9177	206 
9178	362 
9179	88 
9180	455 
9181	229 
9182	8 
9183	322 
9184	476 
9185	302 
9186	186 
9187	296 
9188	101 
9189	361 
9190	131 
9191	88 
9192	215 
9193	237 
9194	236 
9195	327 
9196	373 
9197	471 
9198	266 
9199	239 
9200	65 
9201	239 
9202	144 
9203	215 
9204	317 
9205	333 
9206	436 
9207	1 
9208	195 
9209	307 
9210	296 
9211	117 
9212	36 
9213	286 
9214	436 
9215	307 
9216	418 
9217	191 
9218	91 
9219	91 
9220	144 
9221	281 
9222	393 
9223	265 
9224	441 
9225	144 
9226	286 
9227	480 
9228	307 
9229	412 
9230	450 
9231	100 
9232	428 
9233	219 
9234	354 
9235	117 
9236	452 
9237	195 
9238	428 
9239	81 
9240	266 
9241	101 
9242	276 
9243	160 
9244	344 
9245	315 
9246	447 
9247	265 
9248	458 
9249	131 
9250	279 
9251	260 
9252	286 
9253	447 
9254	428 
9255	260 
9256	228 
9257	473 
9258	327 
9259	441 
9260	88 
9261	354 
9262	6 
9263	87 
9264	441 
9265	471 
9266	333 
9267	267 
9268	296 
9269	239 
9270	302 
9271	219 
9272	195 
9273	90 
9274	131 
9275	24 
9276	428 
9277	286 
9278	36 
9279	373 
9280	332 
9281	27 
9282	275 
9283	323 
9284	149 
9285	195 
9286	469 
9287	29 
9288	205 
9289	201 
9290	281 
9291	412 
9292	276 
9293	267 
9294	205 
9295	317 
9296	162 
9297	343 
9298	81 
9299	439 
9300	149 
9301	191 
9302	155 
9303	222 
9304	287 
9305	377 
9306	36 
9307	115 
9308	281 
9309	219 
9310	332 
9311	228 
9312	125 
9313	144 
9314	229 
9315	218 
9316	321 
9317	100 
9318	8 
9319	279 
9320	265 
9321	90 
9322	361 
9323	2 
9324	155 
9325	286 
9326	377 
9327	93 
9328	181 
9329	228 
9330	87 
9331	88 
9332	93 
9333	275 
9334	480 
9335	458 
9336	226 
9337	125 
9338	452 
9339	186 
9340	469 
9341	299 
9342	228 
9343	323 
9344	127 
9345	179 
9346	172 
9347	101 
9348	327 
9349	362 
9350	100 
9351	228 
9352	125 
9353	228 
9354	267 
9355	126 
9356	322 
9357	451 
9358	344 
9359	386 
9360	384 
9361	162 
9362	260 
9363	343 
9364	418 
9365	128 
9366	14 
9367	29 
9368	236 
9369	149 
9370	286 
9371	458 
9372	286 
9373	362 
9374	186 
9375	8 
9376	439 
9377	222 
9378	450 
9379	449 
9380	278 
9381	27 
9382	249 
9383	447 
9384	439 
9385	168 
9386	191 
9387	386 
9388	428 
9389	315 
9390	186 
9391	307 
9392	90 
9393	296 
9394	287 
9395	205 
9396	441 
9397	88 
9398	418 
9399	69 
9400	164 
9401	451 
9402	128 
9403	458 
9404	373 
9405	24 
9406	87 
9407	360 
9408	126 
9409	403 
9410	198 
9411	149 
9412	450 
9413	90 
9414	191 
9415	366 
9416	131 
9417	249 
9418	115 
9419	403 
9420	228 
9421	144 
9422	131 
9423	8 
9424	366 
9425	127 
9426	197 
9427	343 
9428	447 
9429	144 
9430	239 
9431	100 
9432	451 
9433	6 
9434	36 
9435	87 
9436	323 
9437	351 
9438	181 
9439	302 
9440	91 
9441	302 
9442	91 
9443	117 
9444	26 
9445	447 
9446	128 
9447	206 
9448	287 
9449	197 
9450	191 
9451	93 
9452	229 
9453	469 
9454	386 
9455	115 
9456	100 
9457	154 
9458	88 
9459	205 
9460	205 
9461	198 
9462	87 
9463	168 
9464	327 
9465	278 
9466	73 
9467	206 
9468	131 
9469	354 
9470	327 
9471	299 
9472	361 
9473	160 
9474	1 
9475	317 
9476	267 
9477	441 
9478	125 
9479	17 
9480	239 
9481	179 
9482	458 
9483	1 
9484	88 
9485	69 
9486	125 
9487	287 
9488	441 
9489	323 
9490	439 
9491	195 
9492	117 
9493	101 
9494	228 
9495	88 
9496	441 
9497	222 
9498	403 
9499	206 
9500	476 
9501	69 
9502	323 
9503	286 
9504	473 
9505	117 
9506	458 
9507	115 
9508	91 
9509	366 
9510	403 
9511	65 
9512	366 
9513	228 
9514	307 
9515	65 
9516	81 
9517	299 
9518	17 
9519	125 
9520	65 
9521	286 
9522	373 
9523	469 
9524	279 
9525	366 
9526	36 
9527	302 
9528	90 
9529	1 
9530	144 
9531	2 
9532	286 
9533	226 
9534	127 
9535	69 
9536	307 
9537	85 
9538	27 
9539	131 
9540	100 
9541	1 
9542	6 
9543	476 
9544	307 
9545	317 
9546	222 
9547	386 
9548	321 
9549	344 
9550	87 
9551	315 
9552	403 
9553	322 
9554	100 
9555	377 
9556	455 
9557	27 
9558	206 
9559	100 
9560	321 
9561	127 
9562	360 
9563	73 
9564	386 
9565	351 
9566	451 
9567	17 
9568	450 
9569	219 
9570	229 
9571	455 
9572	373 
9573	85 
9574	26 
9575	458 
9576	154 
9577	164 
9578	162 
9579	162 
9580	323 
9581	351 
9582	276 
9583	428 
9584	93 
9585	327 
9586	100 
9587	160 
9588	26 
9589	278 
9590	286 
9591	455 
9592	351 
9593	278 
9594	198 
9595	198 
9596	26 
9597	451 
9598	236 
9599	276 
9600	195 
9601	236 
9602	198 
9603	24 
9604	24 
9605	403 
9606	117 
9607	373 
9608	88 
9609	275 
9610	29 
9611	127 
9612	279 
9613	206 
9614	278 
9615	276 
9616	343 
9617	65 
9618	229 
9619	101 
9620	455 
9621	315 
9622	100 
9623	455 
9624	85 
9625	144 
9626	476 
9627	222 
9628	403 
9629	455 
9630	117 
9631	154 
9632	322 
9633	85 
9634	323 
9635	197 
9636	191 
9637	228 
9638	428 
9639	128 
9640	198 
9641	69 
9642	90 
9643	125 
9644	476 
9645	198 
9646	229 
9647	197 
9648	360 
9649	447 
9650	286 
9651	360 
9652	1 
9653	90 
9654	228 
9655	91 
9656	278 
9657	373 
9658	100 
9659	322 
9660	239 
9661	36 
9662	125 
9663	195 
9664	261 
9665	88 
9666	322 
9667	29 
9668	239 
9669	317 
9670	276 
9671	90 
9672	65 
9673	36 
9674	360 
9675	239 
9676	455 
9677	451 
9678	198 
9679	198 
9680	455 
9681	469 
9682	104 
9683	154 
9684	160 
9685	441 
9686	125 
9687	128 
9688	36 
9689	125 
9690	115 
9691	322 
9692	69 
9693	449 
9694	377 
9695	450 
9696	205 
9697	81 
9698	373 
9699	436 
9700	275 
9701	278 
9702	403 
9703	343 
9704	85 
9705	2 
9706	439 
9707	26 
9708	81 
9709	373 
9710	261 
9711	299 
9712	469 
9713	299 
9714	449 
9715	276 
9716	100 
9717	117 
9718	276 
9719	222 
9720	144 
9721	476 
9722	205 
9723	197 
9724	85 
9725	205 
9726	307 
9727	455 
9728	307 
9729	315 
9730	278 
9731	128 
9732	198 
9733	451 
9734	436 
9735	191 
9736	439 
9737	436 
9738	69 
9739	219 
9740	449 
9741	317 
9742	449 
9743	360 
9744	302 
9745	278 
9746	26 
9747	144 
9748	205 
9749	100 
9750	351 
9751	343 
9752	261 
9753	115 
9754	439 
9755	191 
9756	144 
9757	198 
9758	473 
9759	377 
9760	154 
9761	315 
9762	160 
9763	451 
9764	276 
9765	219 
9766	1 
9767	307 
9768	276 
9769	85 
9770	26 
9771	2 
9772	1 
9773	323 
9774	104 
9775	321 
9776	197 
9777	191 
9778	327 
9779	168 
9780	450 
9781	239 
9782	436 
9783	377 
9784	360 
9785	154 
9786	469 
9787	441 
9788	327 
9789	366 
9790	317 
9791	476 
9792	160 
9793	93 
9794	261 
9795	441 
9796	168 
9797	366 
9798	1 
9799	315 
9800	377 
9801	307 
9802	191 
9803	93 
9804	154 
9805	473 
9806	449 
9807	366 
9808	386 
9809	197 
9810	436 
9811	85 
9812	228 
9813	455 
9814	125 
9815	104 
9816	198 
9817	90 
9818	455 
9819	386 
9820	100 
9821	144 
9822	450 
9823	125 
9824	366 
9825	219 
9826	450 
9827	441 
9828	261 
9829	191 
9830	93 
9831	278 
9832	128 
9833	321 
9834	436 
9835	261 
9836	219 
9837	104 
9838	36 
9839	261 
9840	115 
9841	168 
9842	222 
9843	179 
9844	439 
9845	81 
9846	104 
9847	229 
9848	115 
9849	168 
9850	386 
9851	115 
9852	317 
9853	168 
9854	366 
9855	299 
9856	299 
9857	323 
9858	93 
9859	93 
9860	451 
9861	144 
9862	343 
9863	373 
9864	327 
9865	441 
9866	360 
9867	360 
9868	229 
9869	198 
9870	278 
9871	286 
9872	428 
9873	373 
9874	473 
9875	197 
9876	286 
9877	93 
9878	219 
9879	373 
9880	473 
9881	100 
9882	441 
9883	343 
9884	125 
9885	321 
9886	239 
9887	144 
9888	100 
9889	450 
9890	197 
9891	195 
9892	436 
9893	88 
9894	276 
9895	100 
9896	101 
9897	449 
9898	315 
9899	321 
9900	65 
9901	125 
9902	229 
9903	428 
9904	321 
9905	317 
9906	93 
9907	125 
9908	36 
9909	197 
9910	386 
9911	198 
9912	222 
9913	93 
9914	307 
9915	439 
9916	65 
9917	473 
9918	179 
9919	197 
9920	377 
9921	197 
9922	276 
9923	317 
9924	449 
9925	441 
9926	100 
9927	317 
9928	65 
9929	93 
9930	307 
9931	117 
9932	386 
9933	373 
9934	366 
9935	441 
9936	125 
9937	451 
9938	377 
9939	115 
9940	323 
9941	197 
9942	88 
9943	36 
9944	65 
9945	36 
9946	321 
9947	428 
9948	36 
9949	299 
9950	441 
9951	428 
9952	93 
9953	88 
9954	451 
9955	327 
9956	473 
9957	441 
9958	100 
9959	179 
9960	377 
9961	100 
9962	307 
9963	81 
9964	439 
9965	317 
9966	351 
9967	299 
9968	473 
9969	307 
9970	36 
9971	115 
9972	436 
9973	239 
9974	469 
9975	239 
9976	323 
9977	450 
9978	317 
9979	198 
9980	343 
9981	366 
9982	377 
9983	473 
9984	439 
9985	197 
9986	366 
9987	469 
9988	436 
9989	65 
9990	360 
9991	222 
9992	321 
9993	377 
9994	81 
9995	125 
9996	436 
9997	81 
9998	343 
9999	439 
10000	93 
