1	165 
2	304 
3	181 
4	143 
5	174 
6	122 
7	307 
8	296 
9	260 
10	269 
11	149 
12	291 
13	209 
14	260 
15	274 
16	321 
17	303 
18	139 
19	239 
20	274 
21	114 
22	68 
23	9 
24	178 
25	198 
26	281 
27	180 
28	151 
29	54 
30	90 
31	134 
32	284 
33	195 
34	158 
35	312 
36	122 
37	117 
38	72 
39	90 
40	205 
41	174 
42	166 
43	70 
44	240 
45	156 
46	60 
47	194 
48	241 
49	311 
50	36 
51	154 
52	179 
53	129 
54	277 
55	47 
56	313 
57	179 
58	166 
59	76 
60	19 
61	291 
62	240 
63	101 
64	234 
65	209 
66	272 
67	33 
68	85 
69	280 
70	17 
71	18 
72	231 
73	6 
74	52 
75	101 
76	45 
77	290 
78	237 
79	120 
80	115 
81	277 
82	259 
83	309 
84	78 
85	200 
86	230 
87	29 
88	164 
89	187 
90	166 
91	55 
92	287 
93	104 
94	97 
95	47 
96	132 
97	297 
98	143 
99	164 
100	57 
101	195 
102	19 
103	294 
104	166 
105	259 
106	76 
107	127 
108	158 
109	17 
110	251 
111	309 
112	300 
113	150 
114	237 
115	115 
116	85 
117	151 
118	25 
119	31 
120	199 
121	10 
122	68 
123	242 
124	123 
125	36 
126	218 
127	17 
128	178 
129	276 
130	143 
131	32 
132	280 
133	288 
134	89 
135	11 
136	160 
137	130 
138	157 
139	185 
140	210 
141	198 
142	7 
143	296 
144	111 
145	177 
146	134 
147	270 
148	50 
149	34 
150	310 
151	27 
152	237 
153	59 
154	216 
155	129 
156	113 
157	25 
158	111 
159	203 
160	205 
161	253 
162	291 
163	180 
164	63 
165	302 
166	163 
167	231 
168	56 
169	241 
170	75 
171	80 
172	308 
173	162 
174	195 
175	120 
176	182 
177	326 
178	213 
179	140 
180	55 
181	293 
182	117 
183	66 
184	107 
185	118 
186	257 
187	322 
188	79 
189	252 
190	144 
191	144 
192	114 
193	267 
194	123 
195	180 
196	132 
197	77 
198	281 
199	66 
200	62 
201	302 
202	91 
203	316 
204	199 
205	319 
206	178 
207	257 
208	167 
209	126 
210	294 
211	301 
212	293 
213	80 
214	250 
215	187 
216	201 
217	247 
218	218 
219	16 
220	178 
221	275 
222	315 
223	322 
224	314 
225	255 
226	130 
227	7 
228	81 
229	252 
230	36 
231	68 
232	110 
233	36 
234	260 
235	144 
236	132 
237	177 
238	203 
239	29 
240	157 
241	264 
242	136 
243	116 
244	112 
245	201 
246	146 
247	152 
248	209 
249	307 
250	25 
251	95 
252	277 
253	295 
254	106 
255	277 
256	160 
257	282 
258	308 
259	179 
260	280 
261	47 
262	212 
263	198 
264	289 
265	289 
266	136 
267	142 
268	313 
269	29 
270	268 
271	237 
272	292 
273	68 
274	315 
275	281 
276	209 
277	82 
278	28 
279	135 
280	107 
281	246 
282	157 
283	136 
284	280 
285	221 
286	310 
287	18 
288	36 
289	104 
290	33 
291	177 
292	139 
293	289 
294	178 
295	199 
296	119 
297	156 
298	82 
299	213 
300	91 
301	2 
302	281 
303	104 
304	70 
305	218 
306	27 
307	16 
308	229 
309	71 
310	66 
311	270 
312	173 
313	310 
314	48 
315	111 
316	161 
317	194 
318	165 
319	204 
320	110 
321	40 
322	187 
323	319 
324	9 
325	273 
326	262 
327	201 
328	178 
329	47 
330	124 
331	209 
332	247 
333	36 
334	55 
335	12 
336	130 
337	89 
338	119 
339	20 
340	1 
341	193 
342	276 
343	274 
344	2 
345	175 
346	191 
347	159 
348	60 
349	257 
350	240 
351	214 
352	78 
353	13 
354	106 
355	297 
356	311 
357	238 
358	199 
359	308 
360	61 
361	28 
362	303 
363	233 
364	82 
365	163 
366	325 
367	23 
368	83 
369	118 
370	89 
371	280 
372	209 
373	190 
374	22 
375	69 
376	41 
377	102 
378	159 
379	110 
380	67 
381	142 
382	203 
383	10 
384	243 
385	169 
386	38 
387	263 
388	231 
389	249 
390	294 
391	230 
392	291 
393	149 
394	215 
395	25 
396	249 
397	253 
398	254 
399	136 
400	215 
401	167 
402	247 
403	77 
404	189 
405	296 
406	74 
407	125 
408	14 
409	160 
410	203 
411	283 
412	143 
413	187 
414	179 
415	227 
416	312 
417	319 
418	104 
419	200 
420	136 
421	89 
422	167 
423	96 
424	134 
425	43 
426	92 
427	284 
428	206 
429	18 
430	58 
431	274 
432	61 
433	221 
434	281 
435	294 
436	110 
437	312 
438	225 
439	42 
440	6 
441	167 
442	251 
443	85 
444	106 
445	111 
446	299 
447	189 
448	309 
449	16 
450	174 
451	65 
452	76 
453	61 
454	50 
455	193 
456	156 
457	153 
458	157 
459	72 
460	117 
461	204 
462	124 
463	272 
464	27 
465	43 
466	49 
467	326 
468	284 
469	82 
470	225 
471	72 
472	276 
473	19 
474	19 
475	316 
476	93 
477	1 
478	65 
479	294 
480	240 
481	281 
482	141 
483	122 
484	22 
485	105 
486	173 
487	165 
488	217 
489	55 
490	311 
491	94 
492	266 
493	84 
494	131 
495	195 
496	277 
497	96 
498	91 
499	65 
500	91 
501	1 
502	284 
503	268 
504	189 
505	190 
506	238 
507	310 
508	77 
509	122 
510	25 
511	29 
512	102 
513	301 
514	151 
515	69 
516	297 
517	50 
518	240 
519	296 
520	170 
521	208 
522	236 
523	64 
524	144 
525	298 
526	288 
527	313 
528	208 
529	234 
530	166 
531	138 
532	76 
533	216 
534	291 
535	36 
536	83 
537	247 
538	97 
539	317 
540	307 
541	128 
542	145 
543	13 
544	78 
545	113 
546	51 
547	320 
548	97 
549	3 
550	24 
551	282 
552	268 
553	45 
554	282 
555	319 
556	69 
557	213 
558	62 
559	4 
560	226 
561	311 
562	259 
563	120 
564	245 
565	102 
566	148 
567	325 
568	46 
569	48 
570	31 
571	236 
572	14 
573	67 
574	151 
575	279 
576	88 
577	145 
578	188 
579	234 
580	120 
581	259 
582	5 
583	56 
584	158 
585	6 
586	308 
587	159 
588	27 
589	58 
590	326 
591	144 
592	316 
593	174 
594	218 
595	314 
596	277 
597	114 
598	65 
599	140 
600	83 
601	280 
602	124 
603	148 
604	173 
605	76 
606	261 
607	144 
608	187 
609	144 
610	211 
611	16 
612	120 
613	248 
614	216 
615	276 
616	216 
617	122 
618	38 
619	179 
620	216 
621	305 
622	285 
623	304 
624	206 
625	15 
626	318 
627	118 
628	98 
629	193 
630	18 
631	114 
632	201 
633	289 
634	25 
635	54 
636	186 
637	168 
638	294 
639	188 
640	16 
641	85 
642	319 
643	293 
644	127 
645	102 
646	288 
647	138 
648	224 
649	118 
650	265 
651	204 
652	183 
653	225 
654	312 
655	233 
656	184 
657	133 
658	28 
659	246 
660	300 
661	277 
662	126 
663	69 
664	14 
665	322 
666	87 
667	234 
668	134 
669	111 
670	35 
671	243 
672	119 
673	73 
674	230 
675	211 
676	46 
677	256 
678	125 
679	1 
680	81 
681	38 
682	205 
683	171 
684	262 
685	187 
686	245 
687	122 
688	280 
689	80 
690	38 
691	236 
692	292 
693	21 
694	149 
695	55 
696	233 
697	245 
698	154 
699	203 
700	84 
701	289 
702	20 
703	170 
704	166 
705	50 
706	290 
707	68 
708	157 
709	14 
710	301 
711	240 
712	146 
713	224 
714	62 
715	4 
716	196 
717	245 
718	303 
719	87 
720	145 
721	236 
722	167 
723	135 
724	265 
725	274 
726	128 
727	104 
728	6 
729	269 
730	239 
731	281 
732	162 
733	261 
734	315 
735	292 
736	81 
737	78 
738	162 
739	75 
740	243 
741	204 
742	283 
743	99 
744	143 
745	38 
746	179 
747	303 
748	273 
749	276 
750	76 
751	276 
752	83 
753	191 
754	137 
755	105 
756	27 
757	292 
758	4 
759	45 
760	308 
761	294 
762	89 
763	65 
764	6 
765	68 
766	147 
767	298 
768	217 
769	199 
770	159 
771	174 
772	76 
773	134 
774	300 
775	75 
776	106 
777	205 
778	129 
779	247 
780	57 
781	118 
782	230 
783	277 
784	53 
785	180 
786	87 
787	90 
788	234 
789	231 
790	64 
791	281 
792	173 
793	303 
794	279 
795	309 
796	285 
797	63 
798	135 
799	42 
800	85 
801	118 
802	92 
803	179 
804	221 
805	236 
806	296 
807	256 
808	274 
809	56 
810	256 
811	83 
812	30 
813	186 
814	13 
815	212 
816	215 
817	325 
818	224 
819	20 
820	239 
821	268 
822	269 
823	148 
824	216 
825	220 
826	36 
827	300 
828	138 
829	296 
830	291 
831	143 
832	198 
833	93 
834	129 
835	276 
836	144 
837	187 
838	160 
839	273 
840	316 
841	77 
842	180 
843	104 
844	213 
845	272 
846	213 
847	121 
848	174 
849	16 
850	231 
851	1 
852	157 
853	179 
854	15 
855	273 
856	65 
857	200 
858	252 
859	131 
860	202 
861	220 
862	311 
863	296 
864	25 
865	211 
866	128 
867	227 
868	144 
869	297 
870	60 
871	9 
872	23 
873	59 
874	206 
875	114 
876	93 
877	209 
878	303 
879	143 
880	305 
881	195 
882	294 
883	182 
884	275 
885	263 
886	151 
887	225 
888	159 
889	160 
890	166 
891	85 
892	286 
893	80 
894	294 
895	272 
896	318 
897	276 
898	26 
899	303 
900	272 
901	165 
902	285 
903	76 
904	282 
905	299 
906	166 
907	309 
908	247 
909	23 
910	143 
911	300 
912	41 
913	64 
914	247 
915	247 
916	114 
917	246 
918	209 
919	89 
920	76 
921	251 
922	141 
923	229 
924	73 
925	95 
926	289 
927	69 
928	61 
929	206 
930	240 
931	321 
932	104 
933	262 
934	98 
935	174 
936	268 
937	109 
938	238 
939	242 
940	153 
941	254 
942	114 
943	156 
944	216 
945	133 
946	150 
947	224 
948	2 
949	194 
950	306 
951	107 
952	166 
953	107 
954	307 
955	165 
956	192 
957	298 
958	13 
959	27 
960	95 
961	83 
962	324 
963	45 
964	309 
965	209 
966	113 
967	217 
968	95 
969	218 
970	73 
971	205 
972	284 
973	166 
974	144 
975	135 
976	190 
977	326 
978	195 
979	240 
980	111 
981	214 
982	141 
983	28 
984	83 
985	50 
986	270 
987	85 
988	38 
989	137 
990	14 
991	282 
992	274 
993	253 
994	207 
995	278 
996	31 
997	160 
998	78 
999	196 
1000	13 
1001	308 
1002	175 
1003	87 
1004	284 
1005	34 
1006	174 
1007	114 
1008	117 
1009	117 
1010	120 
1011	143 
1012	238 
1013	5 
1014	162 
1015	80 
1016	279 
1017	174 
1018	261 
1019	274 
1020	53 
1021	35 
1022	96 
1023	263 
1024	178 
1025	65 
1026	245 
1027	236 
1028	10 
1029	295 
1030	154 
1031	77 
1032	308 
1033	222 
1034	144 
1035	35 
1036	66 
1037	60 
1038	209 
1039	91 
1040	134 
1041	144 
1042	18 
1043	67 
1044	238 
1045	223 
1046	240 
1047	167 
1048	146 
1049	4 
1050	199 
1051	72 
1052	120 
1053	273 
1054	262 
1055	310 
1056	144 
1057	77 
1058	141 
1059	239 
1060	93 
1061	14 
1062	49 
1063	201 
1064	255 
1065	7 
1066	267 
1067	9 
1068	79 
1069	188 
1070	91 
1071	201 
1072	39 
1073	172 
1074	269 
1075	1 
1076	110 
1077	288 
1078	253 
1079	297 
1080	59 
1081	26 
1082	276 
1083	198 
1084	301 
1085	122 
1086	16 
1087	70 
1088	324 
1089	284 
1090	39 
1091	15 
1092	165 
1093	316 
1094	102 
1095	91 
1096	323 
1097	189 
1098	316 
1099	70 
1100	107 
1101	262 
1102	37 
1103	203 
1104	42 
1105	24 
1106	1 
1107	11 
1108	77 
1109	222 
1110	275 
1111	7 
1112	56 
1113	246 
1114	282 
1115	76 
1116	1 
1117	79 
1118	86 
1119	276 
1120	57 
1121	61 
1122	76 
1123	280 
1124	56 
1125	240 
1126	118 
1127	4 
1128	269 
1129	251 
1130	164 
1131	85 
1132	118 
1133	60 
1134	46 
1135	97 
1136	200 
1137	70 
1138	300 
1139	250 
1140	191 
1141	81 
1142	77 
1143	158 
1144	266 
1145	278 
1146	4 
1147	53 
1148	303 
1149	166 
1150	48 
1151	82 
1152	56 
1153	76 
1154	132 
1155	245 
1156	49 
1157	265 
1158	294 
1159	249 
1160	16 
1161	96 
1162	150 
1163	244 
1164	324 
1165	45 
1166	225 
1167	130 
1168	308 
1169	275 
1170	100 
1171	31 
1172	76 
1173	90 
1174	100 
1175	49 
1176	220 
1177	179 
1178	61 
1179	205 
1180	13 
1181	323 
1182	108 
1183	57 
1184	171 
1185	206 
1186	269 
1187	24 
1188	232 
1189	2 
1190	264 
1191	81 
1192	203 
1193	236 
1194	214 
1195	226 
1196	21 
1197	111 
1198	164 
1199	107 
1200	117 
1201	90 
1202	314 
1203	109 
1204	220 
1205	323 
1206	188 
1207	282 
1208	316 
1209	61 
1210	324 
1211	40 
1212	236 
1213	104 
1214	142 
1215	181 
1216	263 
1217	112 
1218	53 
1219	144 
1220	125 
1221	277 
1222	12 
1223	134 
1224	5 
1225	118 
1226	24 
1227	294 
1228	224 
1229	289 
1230	277 
1231	76 
1232	162 
1233	289 
1234	309 
1235	321 
1236	77 
1237	276 
1238	46 
1239	128 
1240	164 
1241	21 
1242	317 
1243	268 
1244	55 
1245	163 
1246	95 
1247	121 
1248	256 
1249	74 
1250	326 
1251	183 
1252	65 
1253	290 
1254	310 
1255	79 
1256	137 
1257	48 
1258	110 
1259	289 
1260	205 
1261	273 
1262	224 
1263	71 
1264	3 
1265	19 
1266	19 
1267	297 
1268	321 
1269	32 
1270	210 
1271	207 
1272	314 
1273	320 
1274	183 
1275	308 
1276	312 
1277	77 
1278	115 
1279	89 
1280	179 
1281	68 
1282	130 
1283	132 
1284	245 
1285	226 
1286	96 
1287	65 
1288	164 
1289	55 
1290	77 
1291	16 
1292	10 
1293	78 
1294	269 
1295	83 
1296	82 
1297	8 
1298	140 
1299	224 
1300	297 
1301	132 
1302	144 
1303	185 
1304	171 
1305	245 
1306	30 
1307	40 
1308	8 
1309	43 
1310	280 
1311	213 
1312	149 
1313	313 
1314	157 
1315	261 
1316	29 
1317	132 
1318	106 
1319	32 
1320	24 
1321	258 
1322	146 
1323	33 
1324	119 
1325	163 
1326	44 
1327	187 
1328	57 
1329	312 
1330	294 
1331	61 
1332	297 
1333	213 
1334	289 
1335	276 
1336	45 
1337	60 
1338	62 
1339	76 
1340	114 
1341	225 
1342	249 
1343	159 
1344	301 
1345	97 
1346	224 
1347	11 
1348	272 
1349	86 
1350	271 
1351	145 
1352	247 
1353	280 
1354	95 
1355	62 
1356	111 
1357	71 
1358	220 
1359	254 
1360	17 
1361	92 
1362	117 
1363	276 
1364	31 
1365	280 
1366	114 
1367	239 
1368	284 
1369	12 
1370	103 
1371	132 
1372	166 
1373	33 
1374	139 
1375	243 
1376	284 
1377	57 
1378	273 
1379	3 
1380	210 
1381	175 
1382	79 
1383	216 
1384	1 
1385	229 
1386	47 
1387	162 
1388	250 
1389	117 
1390	164 
1391	292 
1392	283 
1393	236 
1394	167 
1395	244 
1396	224 
1397	210 
1398	311 
1399	4 
1400	257 
1401	128 
1402	204 
1403	281 
1404	96 
1405	294 
1406	126 
1407	52 
1408	216 
1409	189 
1410	282 
1411	136 
1412	1 
1413	201 
1414	114 
1415	176 
1416	304 
1417	191 
1418	110 
1419	308 
1420	256 
1421	97 
1422	31 
1423	285 
1424	140 
1425	27 
1426	224 
1427	111 
1428	6 
1429	209 
1430	306 
1431	169 
1432	114 
1433	157 
1434	149 
1435	180 
1436	213 
1437	175 
1438	188 
1439	285 
1440	83 
1441	186 
1442	104 
1443	5 
1444	293 
1445	6 
1446	156 
1447	24 
1448	7 
1449	239 
1450	232 
1451	71 
1452	116 
1453	153 
1454	65 
1455	28 
1456	247 
1457	242 
1458	181 
1459	325 
1460	194 
1461	14 
1462	68 
1463	195 
1464	214 
1465	46 
1466	62 
1467	247 
1468	76 
1469	63 
1470	304 
1471	5 
1472	47 
1473	172 
1474	311 
1475	263 
1476	118 
1477	244 
1478	61 
1479	65 
1480	84 
1481	132 
1482	171 
1483	9 
1484	243 
1485	252 
1486	322 
1487	30 
1488	288 
1489	120 
1490	321 
1491	284 
1492	7 
1493	111 
1494	233 
1495	197 
1496	267 
1497	121 
1498	243 
1499	253 
1500	300 
1501	298 
1502	18 
1503	112 
1504	19 
1505	275 
1506	66 
1507	56 
1508	154 
1509	326 
1510	282 
1511	326 
1512	10 
1513	95 
1514	28 
1515	319 
1516	24 
1517	268 
1518	139 
1519	27 
1520	209 
1521	141 
1522	173 
1523	43 
1524	113 
1525	320 
1526	247 
1527	183 
1528	222 
1529	180 
1530	14 
1531	277 
1532	230 
1533	142 
1534	82 
1535	231 
1536	53 
1537	277 
1538	276 
1539	319 
1540	198 
1541	93 
1542	174 
1543	206 
1544	83 
1545	64 
1546	229 
1547	28 
1548	37 
1549	213 
1550	32 
1551	310 
1552	227 
1553	41 
1554	178 
1555	280 
1556	157 
1557	191 
1558	79 
1559	198 
1560	39 
1561	2 
1562	178 
1563	260 
1564	240 
1565	166 
1566	232 
1567	66 
1568	197 
1569	21 
1570	114 
1571	133 
1572	146 
1573	302 
1574	194 
1575	323 
1576	304 
1577	144 
1578	121 
1579	296 
1580	53 
1581	128 
1582	232 
1583	111 
1584	216 
1585	10 
1586	133 
1587	187 
1588	230 
1589	213 
1590	26 
1591	260 
1592	106 
1593	43 
1594	323 
1595	156 
1596	208 
1597	123 
1598	16 
1599	124 
1600	118 
1601	95 
1602	119 
1603	128 
1604	300 
1605	75 
1606	148 
1607	25 
1608	195 
1609	195 
1610	213 
1611	210 
1612	308 
1613	69 
1614	1 
1615	215 
1616	107 
1617	176 
1618	162 
1619	301 
1620	36 
1621	287 
1622	101 
1623	40 
1624	132 
1625	277 
1626	255 
1627	106 
1628	155 
1629	261 
1630	1 
1631	178 
1632	194 
1633	196 
1634	277 
1635	112 
1636	106 
1637	304 
1638	29 
1639	93 
1640	267 
1641	77 
1642	85 
1643	38 
1644	271 
1645	171 
1646	25 
1647	156 
1648	255 
1649	136 
1650	82 
1651	243 
1652	301 
1653	282 
1654	82 
1655	323 
1656	59 
1657	282 
1658	35 
1659	80 
1660	25 
1661	19 
1662	49 
1663	316 
1664	280 
1665	57 
1666	204 
1667	310 
1668	46 
1669	237 
1670	118 
1671	207 
1672	83 
1673	171 
1674	129 
1675	192 
1676	159 
1677	94 
1678	271 
1679	143 
1680	177 
1681	125 
1682	68 
1683	31 
1684	36 
1685	231 
1686	49 
1687	198 
1688	260 
1689	262 
1690	264 
1691	194 
1692	247 
1693	48 
1694	130 
1695	9 
1696	247 
1697	37 
1698	178 
1699	22 
1700	189 
1701	11 
1702	170 
1703	280 
1704	92 
1705	236 
1706	324 
1707	41 
1708	112 
1709	141 
1710	169 
1711	293 
1712	91 
1713	150 
1714	160 
1715	297 
1716	64 
1717	231 
1718	310 
1719	36 
1720	119 
1721	134 
1722	171 
1723	140 
1724	132 
1725	36 
1726	297 
1727	42 
1728	132 
1729	326 
1730	193 
1731	77 
1732	283 
1733	315 
1734	183 
1735	43 
1736	251 
1737	115 
1738	3 
1739	228 
1740	91 
1741	278 
1742	7 
1743	130 
1744	132 
1745	69 
1746	227 
1747	41 
1748	98 
1749	236 
1750	169 
1751	171 
1752	233 
1753	267 
1754	199 
1755	86 
1756	273 
1757	95 
1758	256 
1759	206 
1760	45 
1761	76 
1762	68 
1763	248 
1764	229 
1765	222 
1766	250 
1767	221 
1768	165 
1769	43 
1770	157 
1771	26 
1772	266 
1773	305 
1774	129 
1775	112 
1776	6 
1777	198 
1778	129 
1779	118 
1780	19 
1781	232 
1782	65 
1783	156 
1784	277 
1785	132 
1786	155 
1787	226 
1788	99 
1789	178 
1790	146 
1791	200 
1792	213 
1793	142 
1794	309 
1795	106 
1796	232 
1797	112 
1798	203 
1799	35 
1800	285 
1801	76 
1802	49 
1803	183 
1804	112 
1805	4 
1806	164 
1807	275 
1808	298 
1809	267 
1810	220 
1811	166 
1812	104 
1813	131 
1814	129 
1815	237 
1816	16 
1817	205 
1818	167 
1819	174 
1820	10 
1821	192 
1822	53 
1823	82 
1824	48 
1825	238 
1826	52 
1827	146 
1828	273 
1829	164 
1830	132 
1831	232 
1832	213 
1833	65 
1834	284 
1835	139 
1836	294 
1837	96 
1838	258 
1839	266 
1840	176 
1841	102 
1842	97 
1843	131 
1844	268 
1845	26 
1846	89 
1847	198 
1848	309 
1849	47 
1850	308 
1851	97 
1852	67 
1853	6 
1854	37 
1855	23 
1856	147 
1857	216 
1858	166 
1859	224 
1860	76 
1861	292 
1862	44 
1863	57 
1864	106 
1865	11 
1866	47 
1867	30 
1868	165 
1869	52 
1870	16 
1871	97 
1872	155 
1873	204 
1874	98 
1875	303 
1876	138 
1877	303 
1878	262 
1879	109 
1880	298 
1881	243 
1882	225 
1883	296 
1884	71 
1885	167 
1886	80 
1887	234 
1888	219 
1889	133 
1890	225 
1891	91 
1892	157 
1893	326 
1894	217 
1895	126 
1896	151 
1897	77 
1898	134 
1899	156 
1900	255 
1901	312 
1902	6 
1903	34 
1904	184 
1905	62 
1906	63 
1907	144 
1908	133 
1909	260 
1910	275 
1911	15 
1912	209 
1913	192 
1914	95 
1915	319 
1916	85 
1917	272 
1918	91 
1919	219 
1920	214 
1921	114 
1922	14 
1923	58 
1924	6 
1925	247 
1926	112 
1927	243 
1928	7 
1929	310 
1930	19 
1931	114 
1932	134 
1933	54 
1934	141 
1935	97 
1936	48 
1937	77 
1938	141 
1939	203 
1940	260 
1941	256 
1942	192 
1943	178 
1944	276 
1945	236 
1946	97 
1947	72 
1948	174 
1949	293 
1950	67 
1951	114 
1952	15 
1953	171 
1954	198 
1955	25 
1956	68 
1957	289 
1958	24 
1959	3 
1960	174 
1961	296 
1962	4 
1963	18 
1964	274 
1965	194 
1966	205 
1967	255 
1968	276 
1969	274 
1970	67 
1971	122 
1972	307 
1973	97 
1974	128 
1975	242 
1976	316 
1977	237 
1978	203 
1979	242 
1980	23 
1981	5 
1982	161 
1983	104 
1984	96 
1985	308 
1986	316 
1987	260 
1988	24 
1989	280 
1990	274 
1991	79 
1992	277 
1993	185 
1994	299 
1995	1 
1996	76 
1997	18 
1998	12 
1999	262 
2000	262 
2001	65 
2002	117 
2003	43 
2004	110 
2005	214 
2006	168 
2007	294 
2008	104 
2009	174 
2010	95 
2011	25 
2012	116 
2013	14 
2014	246 
2015	144 
2016	131 
2017	63 
2018	233 
2019	51 
2020	138 
2021	134 
2022	243 
2023	153 
2024	248 
2025	179 
2026	226 
2027	25 
2028	148 
2029	193 
2030	104 
2031	89 
2032	81 
2033	204 
2034	112 
2035	213 
2036	43 
2037	65 
2038	117 
2039	67 
2040	17 
2041	141 
2042	79 
2043	270 
2044	77 
2045	216 
2046	57 
2047	49 
2048	268 
2049	227 
2050	149 
2051	202 
2052	117 
2053	319 
2054	181 
2055	25 
2056	87 
2057	147 
2058	52 
2059	32 
2060	143 
2061	77 
2062	61 
2063	292 
2064	117 
2065	190 
2066	249 
2067	24 
2068	33 
2069	308 
2070	198 
2071	199 
2072	64 
2073	183 
2074	302 
2075	168 
2076	31 
2077	226 
2078	249 
2079	294 
2080	275 
2081	220 
2082	77 
2083	23 
2084	68 
2085	122 
2086	15 
2087	222 
2088	259 
2089	212 
2090	122 
2091	322 
2092	90 
2093	61 
2094	132 
2095	106 
2096	320 
2097	260 
2098	116 
2099	244 
2100	95 
2101	67 
2102	92 
2103	279 
2104	143 
2105	21 
2106	216 
2107	241 
2108	98 
2109	203 
2110	225 
2111	144 
2112	19 
2113	251 
2114	111 
2115	303 
2116	178 
2117	164 
2118	317 
2119	237 
2120	326 
2121	6 
2122	120 
2123	181 
2124	283 
2125	326 
2126	252 
2127	226 
2128	15 
2129	235 
2130	69 
2131	67 
2132	177 
2133	313 
2134	258 
2135	38 
2136	68 
2137	127 
2138	207 
2139	95 
2140	116 
2141	236 
2142	106 
2143	188 
2144	177 
2145	16 
2146	285 
2147	110 
2148	9 
2149	202 
2150	98 
2151	227 
2152	2 
2153	132 
2154	317 
2155	221 
2156	5 
2157	157 
2158	59 
2159	156 
2160	146 
2161	150 
2162	297 
2163	156 
2164	297 
2165	306 
2166	184 
2167	83 
2168	210 
2169	274 
2170	192 
2171	113 
2172	267 
2173	146 
2174	168 
2175	276 
2176	210 
2177	298 
2178	95 
2179	10 
2180	7 
2181	129 
2182	146 
2183	174 
2184	284 
2185	136 
2186	225 
2187	260 
2188	144 
2189	252 
2190	178 
2191	10 
2192	80 
2193	137 
2194	202 
2195	43 
2196	302 
2197	141 
2198	107 
2199	253 
2200	213 
2201	201 
2202	53 
2203	158 
2204	151 
2205	65 
2206	267 
2207	57 
2208	95 
2209	198 
2210	226 
2211	18 
2212	298 
2213	231 
2214	132 
2215	286 
2216	46 
2217	273 
2218	292 
2219	190 
2220	163 
2221	139 
2222	237 
2223	240 
2224	93 
2225	44 
2226	144 
2227	104 
2228	212 
2229	240 
2230	39 
2231	101 
2232	280 
2233	310 
2234	25 
2235	56 
2236	267 
2237	71 
2238	163 
2239	230 
2240	204 
2241	253 
2242	228 
2243	106 
2244	312 
2245	84 
2246	56 
2247	137 
2248	220 
2249	47 
2250	110 
2251	155 
2252	209 
2253	210 
2254	3 
2255	202 
2256	302 
2257	97 
2258	93 
2259	325 
2260	300 
2261	164 
2262	316 
2263	64 
2264	113 
2265	320 
2266	171 
2267	301 
2268	4 
2269	90 
2270	5 
2271	132 
2272	33 
2273	277 
2274	136 
2275	76 
2276	243 
2277	48 
2278	228 
2279	164 
2280	30 
2281	36 
2282	44 
2283	142 
2284	167 
2285	83 
2286	257 
2287	144 
2288	130 
2289	316 
2290	34 
2291	28 
2292	276 
2293	54 
2294	24 
2295	132 
2296	184 
2297	28 
2298	259 
2299	38 
2300	174 
2301	310 
2302	15 
2303	105 
2304	94 
2305	87 
2306	278 
2307	61 
2308	157 
2309	15 
2310	302 
2311	28 
2312	325 
2313	242 
2314	302 
2315	256 
2316	133 
2317	77 
2318	319 
2319	174 
2320	35 
2321	10 
2322	16 
2323	243 
2324	240 
2325	133 
2326	209 
2327	143 
2328	86 
2329	90 
2330	303 
2331	66 
2332	49 
2333	304 
2334	209 
2335	178 
2336	150 
2337	163 
2338	231 
2339	211 
2340	20 
2341	142 
2342	9 
2343	160 
2344	38 
2345	14 
2346	155 
2347	296 
2348	250 
2349	139 
2350	10 
2351	102 
2352	35 
2353	285 
2354	224 
2355	209 
2356	230 
2357	39 
2358	31 
2359	320 
2360	261 
2361	166 
2362	309 
2363	271 
2364	64 
2365	276 
2366	273 
2367	308 
2368	132 
2369	72 
2370	309 
2371	137 
2372	308 
2373	310 
2374	117 
2375	310 
2376	3 
2377	138 
2378	154 
2379	89 
2380	50 
2381	53 
2382	77 
2383	156 
2384	71 
2385	28 
2386	178 
2387	250 
2388	131 
2389	195 
2390	161 
2391	84 
2392	76 
2393	84 
2394	145 
2395	103 
2396	193 
2397	288 
2398	174 
2399	22 
2400	262 
2401	192 
2402	3 
2403	67 
2404	172 
2405	4 
2406	32 
2407	157 
2408	237 
2409	168 
2410	87 
2411	53 
2412	269 
2413	316 
2414	289 
2415	159 
2416	33 
2417	197 
2418	279 
2419	60 
2420	213 
2421	144 
2422	268 
2423	212 
2424	104 
2425	133 
2426	212 
2427	139 
2428	101 
2429	33 
2430	311 
2431	250 
2432	7 
2433	311 
2434	16 
2435	122 
2436	291 
2437	172 
2438	176 
2439	274 
2440	56 
2441	189 
2442	52 
2443	49 
2444	268 
2445	285 
2446	266 
2447	169 
2448	187 
2449	168 
2450	228 
2451	289 
2452	110 
2453	230 
2454	117 
2455	130 
2456	85 
2457	310 
2458	161 
2459	261 
2460	270 
2461	312 
2462	159 
2463	7 
2464	253 
2465	241 
2466	84 
2467	300 
2468	312 
2469	248 
2470	216 
2471	214 
2472	199 
2473	168 
2474	175 
2475	225 
2476	300 
2477	141 
2478	20 
2479	155 
2480	198 
2481	28 
2482	208 
2483	310 
2484	54 
2485	117 
2486	303 
2487	182 
2488	253 
2489	176 
2490	110 
2491	309 
2492	194 
2493	170 
2494	141 
2495	215 
2496	255 
2497	240 
2498	77 
2499	104 
2500	216 
2501	24 
2502	59 
2503	241 
2504	298 
2505	146 
2506	50 
2507	184 
2508	274 
2509	111 
2510	262 
2511	53 
2512	296 
2513	167 
2514	79 
2515	205 
2516	182 
2517	285 
2518	271 
2519	204 
2520	213 
2521	305 
2522	139 
2523	24 
2524	241 
2525	249 
2526	141 
2527	325 
2528	93 
2529	217 
2530	318 
2531	84 
2532	25 
2533	316 
2534	83 
2535	174 
2536	285 
2537	316 
2538	285 
2539	177 
2540	12 
2541	148 
2542	176 
2543	105 
2544	178 
2545	14 
2546	315 
2547	127 
2548	248 
2549	272 
2550	253 
2551	48 
2552	112 
2553	109 
2554	303 
2555	10 
2556	216 
2557	100 
2558	6 
2559	161 
2560	272 
2561	115 
2562	65 
2563	6 
2564	153 
2565	305 
2566	70 
2567	217 
2568	252 
2569	316 
2570	46 
2571	266 
2572	178 
2573	276 
2574	326 
2575	108 
2576	134 
2577	188 
2578	36 
2579	87 
2580	198 
2581	156 
2582	294 
2583	30 
2584	274 
2585	107 
2586	27 
2587	163 
2588	259 
2589	235 
2590	240 
2591	33 
2592	92 
2593	220 
2594	32 
2595	315 
2596	82 
2597	276 
2598	14 
2599	51 
2600	51 
2601	19 
2602	119 
2603	234 
2604	290 
2605	137 
2606	229 
2607	161 
2608	174 
2609	203 
2610	243 
2611	64 
2612	238 
2613	282 
2614	222 
2615	110 
2616	301 
2617	168 
2618	115 
2619	87 
2620	65 
2621	8 
2622	277 
2623	154 
2624	159 
2625	205 
2626	232 
2627	173 
2628	129 
2629	222 
2630	115 
2631	45 
2632	53 
2633	19 
2634	45 
2635	134 
2636	47 
2637	35 
2638	221 
2639	234 
2640	76 
2641	159 
2642	233 
2643	178 
2644	47 
2645	268 
2646	194 
2647	215 
2648	123 
2649	209 
2650	51 
2651	134 
2652	312 
2653	110 
2654	32 
2655	219 
2656	109 
2657	80 
2658	220 
2659	286 
2660	254 
2661	107 
2662	269 
2663	216 
2664	258 
2665	214 
2666	205 
2667	300 
2668	229 
2669	58 
2670	120 
2671	114 
2672	156 
2673	114 
2674	5 
2675	120 
2676	233 
2677	281 
2678	70 
2679	223 
2680	158 
2681	275 
2682	60 
2683	122 
2684	84 
2685	234 
2686	261 
2687	299 
2688	172 
2689	133 
2690	281 
2691	241 
2692	21 
2693	221 
2694	82 
2695	314 
2696	210 
2697	23 
2698	38 
2699	227 
2700	53 
2701	199 
2702	187 
2703	21 
2704	247 
2705	215 
2706	131 
2707	50 
2708	53 
2709	24 
2710	295 
2711	194 
2712	277 
2713	243 
2714	106 
2715	71 
2716	7 
2717	304 
2718	164 
2719	122 
2720	36 
2721	17 
2722	196 
2723	267 
2724	56 
2725	38 
2726	134 
2727	59 
2728	125 
2729	76 
2730	65 
2731	236 
2732	141 
2733	239 
2734	107 
2735	141 
2736	59 
2737	302 
2738	117 
2739	150 
2740	275 
2741	167 
2742	243 
2743	168 
2744	318 
2745	224 
2746	171 
2747	153 
2748	73 
2749	14 
2750	309 
2751	20 
2752	6 
2753	48 
2754	171 
2755	260 
2756	268 
2757	135 
2758	112 
2759	303 
2760	12 
2761	65 
2762	248 
2763	209 
2764	162 
2765	121 
2766	133 
2767	229 
2768	6 
2769	258 
2770	142 
2771	268 
2772	24 
2773	178 
2774	291 
2775	173 
2776	144 
2777	14 
2778	152 
2779	138 
2780	191 
2781	52 
2782	286 
2783	55 
2784	224 
2785	249 
2786	138 
2787	210 
2788	131 
2789	76 
2790	188 
2791	5 
2792	157 
2793	171 
2794	63 
2795	67 
2796	95 
2797	92 
2798	225 
2799	1 
2800	119 
2801	241 
2802	63 
2803	88 
2804	171 
2805	308 
2806	106 
2807	259 
2808	157 
2809	246 
2810	216 
2811	148 
2812	141 
2813	258 
2814	219 
2815	171 
2816	157 
2817	326 
2818	249 
2819	311 
2820	141 
2821	203 
2822	128 
2823	272 
2824	61 
2825	216 
2826	80 
2827	135 
2828	16 
2829	19 
2830	285 
2831	319 
2832	49 
2833	122 
2834	252 
2835	19 
2836	216 
2837	48 
2838	73 
2839	88 
2840	268 
2841	83 
2842	274 
2843	198 
2844	162 
2845	222 
2846	310 
2847	166 
2848	192 
2849	171 
2850	60 
2851	213 
2852	110 
2853	8 
2854	303 
2855	160 
2856	133 
2857	205 
2858	120 
2859	70 
2860	151 
2861	146 
2862	15 
2863	179 
2864	221 
2865	284 
2866	94 
2867	32 
2868	164 
2869	120 
2870	14 
2871	108 
2872	225 
2873	87 
2874	174 
2875	263 
2876	270 
2877	26 
2878	40 
2879	156 
2880	138 
2881	65 
2882	118 
2883	179 
2884	65 
2885	68 
2886	295 
2887	60 
2888	194 
2889	49 
2890	211 
2891	69 
2892	221 
2893	291 
2894	280 
2895	231 
2896	131 
2897	325 
2898	138 
2899	188 
2900	38 
2901	131 
2902	219 
2903	171 
2904	209 
2905	54 
2906	285 
2907	326 
2908	295 
2909	141 
2910	230 
2911	135 
2912	266 
2913	296 
2914	160 
2915	80 
2916	137 
2917	71 
2918	4 
2919	157 
2920	65 
2921	96 
2922	97 
2923	176 
2924	136 
2925	21 
2926	66 
2927	122 
2928	157 
2929	62 
2930	9 
2931	74 
2932	117 
2933	133 
2934	105 
2935	298 
2936	268 
2937	149 
2938	96 
2939	103 
2940	200 
2941	99 
2942	127 
2943	57 
2944	217 
2945	126 
2946	305 
2947	65 
2948	133 
2949	290 
2950	93 
2951	265 
2952	97 
2953	178 
2954	121 
2955	35 
2956	273 
2957	110 
2958	146 
2959	19 
2960	128 
2961	95 
2962	16 
2963	298 
2964	297 
2965	252 
2966	239 
2967	216 
2968	166 
2969	5 
2970	76 
2971	136 
2972	235 
2973	66 
2974	6 
2975	141 
2976	299 
2977	85 
2978	80 
2979	219 
2980	4 
2981	207 
2982	63 
2983	162 
2984	17 
2985	99 
2986	111 
2987	152 
2988	13 
2989	209 
2990	175 
2991	158 
2992	296 
2993	74 
2994	43 
2995	227 
2996	234 
2997	238 
2998	302 
2999	302 
3000	152 
3001	303 
3002	299 
3003	293 
3004	77 
3005	107 
3006	273 
3007	261 
3008	122 
3009	205 
3010	132 
3011	216 
3012	293 
3013	138 
3014	297 
3015	248 
3016	229 
3017	80 
3018	192 
3019	164 
3020	62 
3021	71 
3022	196 
3023	50 
3024	138 
3025	171 
3026	138 
3027	83 
3028	77 
3029	110 
3030	108 
3031	58 
3032	173 
3033	136 
3034	133 
3035	282 
3036	154 
3037	110 
3038	312 
3039	227 
3040	137 
3041	296 
3042	196 
3043	151 
3044	168 
3045	114 
3046	148 
3047	162 
3048	294 
3049	117 
3050	299 
3051	268 
3052	276 
3053	253 
3054	162 
3055	274 
3056	111 
3057	2 
3058	115 
3059	112 
3060	173 
3061	112 
3062	231 
3063	305 
3064	293 
3065	206 
3066	67 
3067	247 
3068	72 
3069	145 
3070	280 
3071	284 
3072	108 
3073	57 
3074	224 
3075	232 
3076	47 
3077	205 
3078	142 
3079	205 
3080	178 
3081	123 
3082	84 
3083	312 
3084	238 
3085	24 
3086	48 
3087	101 
3088	296 
3089	110 
3090	177 
3091	294 
3092	297 
3093	280 
3094	194 
3095	103 
3096	133 
3097	36 
3098	296 
3099	159 
3100	55 
3101	220 
3102	275 
3103	17 
3104	4 
3105	106 
3106	85 
3107	203 
3108	122 
3109	142 
3110	180 
3111	123 
3112	198 
3113	99 
3114	260 
3115	202 
3116	283 
3117	284 
3118	324 
3119	312 
3120	60 
3121	280 
3122	75 
3123	169 
3124	14 
3125	221 
3126	205 
3127	296 
3128	49 
3129	211 
3130	100 
3131	22 
3132	184 
3133	67 
3134	316 
3135	111 
3136	136 
3137	197 
3138	252 
3139	111 
3140	171 
3141	220 
3142	303 
3143	76 
3144	192 
3145	210 
3146	208 
3147	162 
3148	279 
3149	53 
3150	126 
3151	179 
3152	194 
3153	28 
3154	294 
3155	36 
3156	85 
3157	120 
3158	31 
3159	122 
3160	80 
3161	116 
3162	262 
3163	76 
3164	292 
3165	83 
3166	145 
3167	284 
3168	231 
3169	5 
3170	148 
3171	326 
3172	6 
3173	128 
3174	13 
3175	197 
3176	274 
3177	284 
3178	285 
3179	3 
3180	118 
3181	170 
3182	76 
3183	19 
3184	56 
3185	284 
3186	213 
3187	29 
3188	296 
3189	296 
3190	107 
3191	230 
3192	134 
3193	199 
3194	309 
3195	86 
3196	159 
3197	272 
3198	213 
3199	210 
3200	107 
3201	292 
3202	35 
3203	112 
3204	282 
3205	209 
3206	44 
3207	188 
3208	51 
3209	104 
3210	43 
3211	122 
3212	23 
3213	26 
3214	113 
3215	53 
3216	185 
3217	140 
3218	119 
3219	8 
3220	71 
3221	208 
3222	253 
3223	49 
3224	295 
3225	59 
3226	99 
3227	230 
3228	110 
3229	8 
3230	271 
3231	282 
3232	94 
3233	122 
3234	71 
3235	1 
3236	174 
3237	28 
3238	321 
3239	2 
3240	36 
3241	84 
3242	284 
3243	129 
3244	308 
3245	18 
3246	319 
3247	282 
3248	122 
3249	82 
3250	78 
3251	156 
3252	261 
3253	107 
3254	135 
3255	78 
3256	166 
3257	128 
3258	213 
3259	34 
3260	196 
3261	205 
3262	141 
3263	178 
3264	279 
3265	111 
3266	208 
3267	276 
3268	132 
3269	213 
3270	51 
3271	47 
3272	100 
3273	13 
3274	181 
3275	307 
3276	166 
3277	273 
3278	261 
3279	296 
3280	174 
3281	284 
3282	126 
3283	291 
3284	32 
3285	92 
3286	33 
3287	88 
3288	285 
3289	247 
3290	169 
3291	117 
3292	11 
3293	152 
3294	57 
3295	139 
3296	198 
3297	241 
3298	318 
3299	326 
3300	49 
3301	111 
3302	122 
3303	156 
3304	135 
3305	167 
3306	308 
3307	206 
3308	59 
3309	310 
3310	205 
3311	32 
3312	203 
3313	183 
3314	60 
3315	5 
3316	151 
3317	201 
3318	260 
3319	210 
3320	299 
3321	94 
3322	168 
3323	141 
3324	270 
3325	121 
3326	166 
3327	41 
3328	10 
3329	83 
3330	122 
3331	109 
3332	251 
3333	191 
3334	303 
3335	155 
3336	296 
3337	117 
3338	29 
3339	160 
3340	194 
3341	71 
3342	156 
3343	188 
3344	189 
3345	101 
3346	264 
3347	305 
3348	67 
3349	71 
3350	53 
3351	143 
3352	53 
3353	49 
3354	2 
3355	124 
3356	286 
3357	220 
3358	319 
3359	140 
3360	141 
3361	225 
3362	134 
3363	16 
3364	174 
3365	213 
3366	291 
3367	159 
3368	64 
3369	86 
3370	4 
3371	195 
3372	291 
3373	298 
3374	6 
3375	170 
3376	22 
3377	5 
3378	300 
3379	109 
3380	213 
3381	217 
3382	297 
3383	67 
3384	122 
3385	1 
3386	173 
3387	67 
3388	65 
3389	104 
3390	233 
3391	142 
3392	168 
3393	149 
3394	314 
3395	300 
3396	5 
3397	100 
3398	209 
3399	178 
3400	143 
3401	175 
3402	165 
3403	199 
3404	168 
3405	104 
3406	230 
3407	209 
3408	308 
3409	179 
3410	71 
3411	238 
3412	18 
3413	245 
3414	269 
3415	280 
3416	10 
3417	36 
3418	125 
3419	38 
3420	283 
3421	159 
3422	159 
3423	173 
3424	216 
3425	211 
3426	228 
3427	233 
3428	280 
3429	214 
3430	41 
3431	308 
3432	242 
3433	295 
3434	236 
3435	223 
3436	215 
3437	181 
3438	38 
3439	24 
3440	186 
3441	18 
3442	262 
3443	60 
3444	122 
3445	18 
3446	93 
3447	323 
3448	7 
3449	152 
3450	215 
3451	92 
3452	198 
3453	53 
3454	302 
3455	225 
3456	260 
3457	5 
3458	311 
3459	325 
3460	258 
3461	28 
3462	176 
3463	161 
3464	24 
3465	252 
3466	119 
3467	241 
3468	44 
3469	122 
3470	39 
3471	65 
3472	263 
3473	39 
3474	32 
3475	66 
3476	245 
3477	37 
3478	24 
3479	61 
3480	303 
3481	140 
3482	51 
3483	194 
3484	47 
3485	290 
3486	105 
3487	266 
3488	165 
3489	25 
3490	134 
3491	216 
3492	171 
3493	268 
3494	201 
3495	238 
3496	274 
3497	290 
3498	187 
3499	273 
3500	247 
3501	274 
3502	199 
3503	74 
3504	152 
3505	243 
3506	74 
3507	250 
3508	19 
3509	132 
3510	262 
3511	272 
3512	113 
3513	317 
3514	192 
3515	267 
3516	87 
3517	205 
3518	280 
3519	136 
3520	284 
3521	114 
3522	277 
3523	5 
3524	111 
3525	171 
3526	64 
3527	225 
3528	231 
3529	192 
3530	229 
3531	316 
3532	168 
3533	240 
3534	278 
3535	277 
3536	182 
3537	272 
3538	129 
3539	245 
3540	302 
3541	44 
3542	230 
3543	40 
3544	139 
3545	242 
3546	179 
3547	110 
3548	185 
3549	153 
3550	49 
3551	187 
3552	62 
3553	241 
3554	164 
3555	79 
3556	105 
3557	54 
3558	193 
3559	100 
3560	20 
3561	111 
3562	40 
3563	261 
3564	42 
3565	245 
3566	84 
3567	277 
3568	1 
3569	201 
3570	16 
3571	301 
3572	16 
3573	191 
3574	247 
3575	163 
3576	114 
3577	28 
3578	190 
3579	72 
3580	289 
3581	296 
3582	307 
3583	157 
3584	146 
3585	141 
3586	107 
3587	241 
3588	156 
3589	214 
3590	245 
3591	175 
3592	176 
3593	251 
3594	138 
3595	130 
3596	93 
3597	287 
3598	117 
3599	4 
3600	316 
3601	322 
3602	313 
3603	209 
3604	14 
3605	312 
3606	294 
3607	37 
3608	323 
3609	316 
3610	22 
3611	178 
3612	134 
3613	291 
3614	28 
3615	108 
3616	157 
3617	261 
3618	221 
3619	132 
3620	126 
3621	41 
3622	117 
3623	248 
3624	75 
3625	176 
3626	326 
3627	14 
3628	76 
3629	13 
3630	260 
3631	50 
3632	235 
3633	77 
3634	258 
3635	202 
3636	142 
3637	309 
3638	182 
3639	67 
3640	28 
3641	263 
3642	165 
3643	7 
3644	77 
3645	181 
3646	42 
3647	240 
3648	207 
3649	168 
3650	114 
3651	220 
3652	253 
3653	157 
3654	26 
3655	10 
3656	310 
3657	88 
3658	141 
3659	14 
3660	153 
3661	146 
3662	162 
3663	141 
3664	205 
3665	24 
3666	224 
3667	147 
3668	183 
3669	183 
3670	120 
3671	120 
3672	294 
3673	144 
3674	188 
3675	219 
3676	242 
3677	184 
3678	171 
3679	178 
3680	22 
3681	313 
3682	269 
3683	31 
3684	160 
3685	281 
3686	40 
3687	149 
3688	232 
3689	311 
3690	216 
3691	153 
3692	290 
3693	7 
3694	252 
3695	303 
3696	295 
3697	105 
3698	179 
3699	178 
3700	16 
3701	192 
3702	5 
3703	281 
3704	240 
3705	71 
3706	199 
3707	32 
3708	84 
3709	185 
3710	150 
3711	76 
3712	147 
3713	95 
3714	323 
3715	98 
3716	11 
3717	15 
3718	161 
3719	104 
3720	6 
3721	93 
3722	133 
3723	141 
3724	202 
3725	171 
3726	194 
3727	295 
3728	69 
3729	32 
3730	58 
3731	33 
3732	87 
3733	208 
3734	173 
3735	308 
3736	144 
3737	13 
3738	159 
3739	77 
3740	5 
3741	26 
3742	12 
3743	167 
3744	44 
3745	322 
3746	83 
3747	29 
3748	298 
3749	182 
3750	267 
3751	271 
3752	241 
3753	2 
3754	68 
3755	312 
3756	321 
3757	62 
3758	97 
3759	9 
3760	125 
3761	313 
3762	288 
3763	265 
3764	295 
3765	35 
3766	53 
3767	247 
3768	309 
3769	213 
3770	284 
3771	147 
3772	141 
3773	225 
3774	84 
3775	27 
3776	168 
3777	42 
3778	6 
3779	74 
3780	208 
3781	300 
3782	179 
3783	174 
3784	254 
3785	292 
3786	110 
3787	268 
3788	326 
3789	277 
3790	93 
3791	316 
3792	71 
3793	136 
3794	284 
3795	43 
3796	71 
3797	245 
3798	200 
3799	156 
3800	173 
3801	211 
3802	94 
3803	253 
3804	260 
3805	158 
3806	201 
3807	37 
3808	200 
3809	122 
3810	30 
3811	18 
3812	303 
3813	228 
3814	83 
3815	123 
3816	14 
3817	255 
3818	6 
3819	23 
3820	13 
3821	180 
3822	65 
3823	147 
3824	197 
3825	250 
3826	194 
3827	155 
3828	262 
3829	176 
3830	57 
3831	217 
3832	190 
3833	169 
3834	66 
3835	166 
3836	235 
3837	241 
3838	13 
3839	56 
3840	194 
3841	28 
3842	112 
3843	101 
3844	141 
3845	157 
3846	209 
3847	46 
3848	80 
3849	4 
3850	275 
3851	252 
3852	31 
3853	247 
3854	312 
3855	250 
3856	297 
3857	280 
3858	166 
3859	179 
3860	234 
3861	71 
3862	292 
3863	59 
3864	137 
3865	196 
3866	140 
3867	40 
3868	205 
3869	149 
3870	4 
3871	266 
3872	39 
3873	5 
3874	60 
3875	65 
3876	111 
3877	95 
3878	247 
3879	295 
3880	38 
3881	151 
3882	209 
3883	48 
3884	275 
3885	285 
3886	110 
3887	296 
3888	49 
3889	326 
3890	194 
3891	178 
3892	165 
3893	223 
3894	295 
3895	11 
3896	286 
3897	17 
3898	22 
3899	273 
3900	12 
3901	157 
3902	146 
3903	212 
3904	54 
3905	40 
3906	168 
3907	123 
3908	107 
3909	29 
3910	193 
3911	223 
3912	250 
3913	213 
3914	320 
3915	237 
3916	146 
3917	305 
3918	151 
3919	62 
3920	319 
3921	223 
3922	295 
3923	221 
3924	118 
3925	178 
3926	139 
3927	57 
3928	19 
3929	296 
3930	127 
3931	310 
3932	236 
3933	67 
3934	102 
3935	68 
3936	110 
3937	209 
3938	273 
3939	216 
3940	209 
3941	145 
3942	174 
3943	35 
3944	60 
3945	134 
3946	97 
3947	204 
3948	212 
3949	188 
3950	97 
3951	296 
3952	81 
3953	134 
3954	260 
3955	67 
3956	213 
3957	36 
3958	95 
3959	24 
3960	308 
3961	312 
3962	326 
3963	42 
3964	71 
3965	104 
3966	4 
3967	303 
3968	10 
3969	151 
3970	324 
3971	81 
3972	252 
3973	20 
3974	181 
3975	284 
3976	77 
3977	212 
3978	34 
3979	9 
3980	166 
3981	173 
3982	60 
3983	133 
3984	175 
3985	288 
3986	224 
3987	77 
3988	136 
3989	284 
3990	191 
3991	311 
3992	117 
3993	147 
3994	139 
3995	231 
3996	186 
3997	132 
3998	232 
3999	277 
4000	10 
4001	44 
4002	68 
4003	247 
4004	247 
4005	116 
4006	53 
4007	171 
4008	84 
4009	114 
4010	298 
4011	110 
4012	172 
4013	95 
4014	2 
4015	99 
4016	65 
4017	231 
4018	63 
4019	261 
4020	291 
4021	65 
4022	3 
4023	131 
4024	278 
4025	142 
4026	16 
4027	97 
4028	219 
4029	264 
4030	19 
4031	197 
4032	160 
4033	51 
4034	210 
4035	173 
4036	85 
4037	84 
4038	221 
4039	117 
4040	91 
4041	39 
4042	8 
4043	209 
4044	133 
4045	6 
4046	278 
4047	276 
4048	132 
4049	216 
4050	174 
4051	228 
4052	230 
4053	36 
4054	114 
4055	199 
4056	87 
4057	217 
4058	91 
4059	7 
4060	229 
4061	198 
4062	136 
4063	220 
4064	38 
4065	127 
4066	294 
4067	68 
4068	307 
4069	65 
4070	315 
4071	103 
4072	165 
4073	205 
4074	123 
4075	305 
4076	110 
4077	318 
4078	311 
4079	118 
4080	127 
4081	119 
4082	139 
4083	149 
4084	58 
4085	106 
4086	104 
4087	91 
4088	236 
4089	266 
4090	225 
4091	154 
4092	101 
4093	120 
4094	258 
4095	125 
4096	87 
4097	305 
4098	250 
4099	146 
4100	240 
4101	114 
4102	14 
4103	6 
4104	88 
4105	221 
4106	3 
4107	108 
4108	189 
4109	132 
4110	279 
4111	213 
4112	57 
4113	71 
4114	137 
4115	168 
4116	104 
4117	25 
4118	241 
4119	326 
4120	297 
4121	114 
4122	24 
4123	179 
4124	238 
4125	112 
4126	308 
4127	309 
4128	84 
4129	31 
4130	212 
4131	277 
4132	123 
4133	79 
4134	258 
4135	76 
4136	19 
4137	212 
4138	267 
4139	54 
4140	253 
4141	150 
4142	98 
4143	284 
4144	51 
4145	120 
4146	222 
4147	127 
4148	89 
4149	1 
4150	6 
4151	33 
4152	176 
4153	122 
4154	310 
4155	320 
4156	240 
4157	40 
4158	267 
4159	204 
4160	325 
4161	7 
4162	282 
4163	189 
4164	267 
4165	80 
4166	274 
4167	114 
4168	166 
4169	274 
4170	192 
4171	4 
4172	77 
4173	316 
4174	99 
4175	291 
4176	269 
4177	120 
4178	99 
4179	260 
4180	118 
4181	265 
4182	319 
4183	223 
4184	110 
4185	205 
4186	276 
4187	86 
4188	169 
4189	161 
4190	115 
4191	211 
4192	43 
4193	306 
4194	312 
4195	123 
4196	315 
4197	265 
4198	285 
4199	314 
4200	122 
4201	302 
4202	312 
4203	255 
4204	36 
4205	85 
4206	243 
4207	145 
4208	115 
4209	171 
4210	204 
4211	218 
4212	228 
4213	274 
4214	96 
4215	36 
4216	319 
4217	268 
4218	28 
4219	277 
4220	104 
4221	57 
4222	42 
4223	5 
4224	310 
4225	244 
4226	287 
4227	57 
4228	194 
4229	83 
4230	60 
4231	286 
4232	201 
4233	9 
4234	157 
4235	199 
4236	104 
4237	107 
4238	322 
4239	258 
4240	14 
4241	97 
4242	95 
4243	60 
4244	210 
4245	12 
4246	41 
4247	60 
4248	164 
4249	171 
4250	47 
4251	192 
4252	156 
4253	305 
4254	187 
4255	188 
4256	76 
4257	287 
4258	230 
4259	213 
4260	37 
4261	132 
4262	130 
4263	266 
4264	168 
4265	156 
4266	311 
4267	260 
4268	185 
4269	110 
4270	130 
4271	243 
4272	212 
4273	97 
4274	297 
4275	191 
4276	117 
4277	91 
4278	157 
4279	319 
4280	241 
4281	256 
4282	5 
4283	209 
4284	86 
4285	15 
4286	10 
4287	162 
4288	165 
4289	121 
4290	44 
4291	71 
4292	216 
4293	169 
4294	221 
4295	213 
4296	282 
4297	298 
4298	124 
4299	280 
4300	116 
4301	159 
4302	204 
4303	162 
4304	112 
4305	141 
4306	317 
4307	24 
4308	271 
4309	286 
4310	86 
4311	189 
4312	116 
4313	108 
4314	129 
4315	97 
4316	132 
4317	157 
4318	54 
4319	178 
4320	24 
4321	221 
4322	124 
4323	289 
4324	170 
4325	308 
4326	171 
4327	321 
4328	205 
4329	134 
4330	289 
4331	91 
4332	274 
4333	309 
4334	296 
4335	294 
4336	76 
4337	231 
4338	218 
4339	171 
4340	165 
4341	281 
4342	139 
4343	216 
4344	298 
4345	53 
4346	68 
4347	236 
4348	252 
4349	246 
4350	114 
4351	218 
4352	207 
4353	189 
4354	217 
4355	160 
4356	277 
4357	265 
4358	148 
4359	112 
4360	64 
4361	195 
4362	132 
4363	31 
4364	194 
4365	266 
4366	246 
4367	33 
4368	118 
4369	150 
4370	324 
4371	87 
4372	232 
4373	14 
4374	15 
4375	244 
4376	159 
4377	107 
4378	262 
4379	42 
4380	264 
4381	220 
4382	240 
4383	120 
4384	289 
4385	310 
4386	30 
4387	79 
4388	188 
4389	323 
4390	179 
4391	247 
4392	94 
4393	296 
4394	304 
4395	310 
4396	148 
4397	245 
4398	316 
4399	185 
4400	139 
4401	30 
4402	247 
4403	132 
4404	165 
4405	53 
4406	222 
4407	170 
4408	217 
4409	159 
4410	28 
4411	192 
4412	34 
4413	28 
4414	58 
4415	156 
4416	117 
4417	84 
4418	122 
4419	128 
4420	282 
4421	34 
4422	277 
4423	44 
4424	146 
4425	278 
4426	110 
4427	243 
4428	310 
4429	230 
4430	187 
4431	294 
4432	248 
4433	232 
4434	94 
4435	7 
4436	160 
4437	134 
4438	278 
4439	217 
4440	15 
4441	184 
4442	156 
4443	142 
4444	326 
4445	272 
4446	57 
4447	16 
4448	8 
4449	194 
4450	171 
4451	233 
4452	112 
4453	308 
4454	16 
4455	280 
4456	235 
4457	55 
4458	274 
4459	120 
4460	308 
4461	252 
4462	298 
4463	71 
4464	291 
4465	212 
4466	19 
4467	88 
4468	146 
4469	95 
4470	120 
4471	310 
4472	141 
4473	164 
4474	198 
4475	134 
4476	8 
4477	33 
4478	205 
4479	117 
4480	226 
4481	261 
4482	276 
4483	166 
4484	76 
4485	168 
4486	52 
4487	322 
4488	27 
4489	136 
4490	46 
4491	38 
4492	269 
4493	109 
4494	106 
4495	246 
4496	83 
4497	249 
4498	198 
4499	240 
4500	319 
4501	180 
4502	262 
4503	71 
4504	31 
4505	187 
4506	87 
4507	324 
4508	128 
4509	148 
4510	112 
4511	300 
4512	164 
4513	223 
4514	110 
4515	15 
4516	268 
4517	149 
4518	306 
4519	261 
4520	245 
4521	230 
4522	112 
4523	247 
4524	192 
4525	166 
4526	117 
4527	139 
4528	114 
4529	170 
4530	225 
4531	216 
4532	240 
4533	122 
4534	220 
4535	254 
4536	197 
4537	233 
4538	88 
4539	96 
4540	215 
4541	176 
4542	315 
4543	221 
4544	172 
4545	77 
4546	146 
4547	24 
4548	137 
4549	31 
4550	177 
4551	71 
4552	4 
4553	32 
4554	213 
4555	323 
4556	280 
4557	235 
4558	143 
4559	253 
4560	141 
4561	193 
4562	101 
4563	205 
4564	231 
4565	58 
4566	71 
4567	248 
4568	82 
4569	277 
4570	110 
4571	257 
4572	274 
4573	3 
4574	213 
4575	6 
4576	209 
4577	109 
4578	6 
4579	123 
4580	100 
4581	134 
4582	112 
4583	188 
4584	5 
4585	230 
4586	19 
4587	195 
4588	104 
4589	105 
4590	310 
4591	286 
4592	10 
4593	7 
4594	214 
4595	206 
4596	118 
4597	75 
4598	271 
4599	297 
4600	316 
4601	308 
4602	308 
4603	300 
4604	194 
4605	159 
4606	252 
4607	137 
4608	282 
4609	185 
4610	165 
4611	156 
4612	302 
4613	253 
4614	15 
4615	160 
4616	205 
4617	75 
4618	77 
4619	246 
4620	89 
4621	147 
4622	230 
4623	248 
4624	114 
4625	268 
4626	122 
4627	188 
4628	280 
4629	62 
4630	287 
4631	80 
4632	152 
4633	240 
4634	266 
4635	16 
4636	130 
4637	40 
4638	36 
4639	282 
4640	291 
4641	277 
4642	100 
4643	216 
4644	237 
4645	67 
4646	309 
4647	37 
4648	225 
4649	200 
4650	6 
4651	120 
4652	16 
4653	32 
4654	48 
4655	148 
4656	51 
4657	276 
4658	189 
4659	137 
4660	25 
4661	153 
4662	49 
4663	4 
4664	82 
4665	263 
4666	298 
4667	157 
4668	238 
4669	36 
4670	133 
4671	175 
4672	178 
4673	14 
4674	150 
4675	289 
4676	131 
4677	213 
4678	10 
4679	112 
4680	265 
4681	274 
4682	20 
4683	91 
4684	167 
4685	62 
4686	303 
4687	192 
4688	270 
4689	152 
4690	52 
4691	171 
4692	1 
4693	25 
4694	319 
4695	60 
4696	151 
4697	284 
4698	309 
4699	189 
4700	95 
4701	238 
4702	35 
4703	276 
4704	171 
4705	303 
4706	196 
4707	159 
4708	278 
4709	287 
4710	309 
4711	35 
4712	14 
4713	285 
4714	131 
4715	32 
4716	103 
4717	294 
4718	318 
4719	73 
4720	80 
4721	298 
4722	240 
4723	76 
4724	276 
4725	123 
4726	289 
4727	210 
4728	168 
4729	1 
4730	7 
4731	1 
4732	146 
4733	47 
4734	201 
4735	89 
4736	10 
4737	28 
4738	176 
4739	221 
4740	71 
4741	74 
4742	283 
4743	34 
4744	107 
4745	285 
4746	132 
4747	132 
4748	274 
4749	213 
4750	34 
4751	73 
4752	234 
4753	198 
4754	316 
4755	137 
4756	277 
4757	6 
4758	133 
4759	226 
4760	134 
4761	46 
4762	207 
4763	122 
4764	218 
4765	4 
4766	156 
4767	7 
4768	314 
4769	167 
4770	206 
4771	268 
4772	129 
4773	82 
4774	138 
4775	184 
4776	43 
4777	164 
4778	205 
4779	282 
4780	243 
4781	67 
4782	131 
4783	124 
4784	284 
4785	144 
4786	64 
4787	3 
4788	132 
4789	47 
4790	160 
4791	5 
4792	298 
4793	269 
4794	306 
4795	16 
4796	114 
4797	162 
4798	261 
4799	242 
4800	6 
4801	97 
4802	247 
4803	102 
4804	189 
4805	82 
4806	297 
4807	169 
4808	58 
4809	255 
4810	110 
4811	233 
4812	179 
4813	312 
4814	304 
4815	211 
4816	44 
4817	245 
4818	108 
4819	280 
4820	10 
4821	296 
4822	159 
4823	110 
4824	139 
4825	291 
4826	280 
4827	5 
4828	234 
4829	16 
4830	5 
4831	319 
4832	164 
4833	76 
4834	33 
4835	60 
4836	123 
4837	146 
4838	255 
4839	243 
4840	79 
4841	289 
4842	24 
4843	221 
4844	1 
4845	172 
4846	153 
4847	289 
4848	206 
4849	132 
4850	197 
4851	277 
4852	71 
4853	316 
4854	326 
4855	88 
4856	56 
4857	232 
4858	49 
4859	116 
4860	3 
4861	207 
4862	164 
4863	286 
4864	2 
4865	240 
4866	4 
4867	171 
4868	243 
4869	303 
4870	18 
4871	326 
4872	111 
4873	189 
4874	181 
4875	284 
4876	119 
4877	109 
4878	220 
4879	5 
4880	326 
4881	114 
4882	91 
4883	311 
4884	274 
4885	167 
4886	294 
4887	15 
4888	212 
4889	292 
4890	213 
4891	2 
4892	48 
4893	276 
4894	107 
4895	201 
4896	57 
4897	205 
4898	274 
4899	129 
4900	234 
4901	271 
4902	55 
4903	210 
4904	286 
4905	255 
4906	192 
4907	3 
4908	130 
4909	114 
4910	186 
4911	241 
4912	246 
4913	270 
4914	68 
4915	243 
4916	63 
4917	144 
4918	254 
4919	103 
4920	97 
4921	229 
4922	64 
4923	176 
4924	174 
4925	65 
4926	151 
4927	82 
4928	194 
4929	142 
4930	2 
4931	186 
4932	34 
4933	167 
4934	114 
4935	208 
4936	270 
4937	104 
4938	122 
4939	306 
4940	74 
4941	287 
4942	33 
4943	25 
4944	133 
4945	260 
4946	217 
4947	95 
4948	273 
4949	232 
4950	253 
4951	298 
4952	310 
4953	224 
4954	132 
4955	222 
4956	91 
4957	5 
4958	209 
4959	19 
4960	240 
4961	35 
4962	15 
4963	307 
4964	142 
4965	305 
4966	58 
4967	137 
4968	122 
4969	159 
4970	80 
4971	268 
4972	320 
4973	47 
4974	75 
4975	242 
4976	289 
4977	31 
4978	247 
4979	235 
4980	160 
4981	324 
4982	213 
4983	210 
4984	225 
4985	156 
4986	245 
4987	312 
4988	13 
4989	73 
4990	122 
4991	146 
4992	159 
4993	87 
4994	11 
4995	57 
4996	94 
4997	82 
4998	68 
4999	18 
5000	76 
5001	76 
5002	131 
5003	133 
5004	261 
5005	100 
5006	13 
5007	19 
5008	142 
5009	8 
5010	168 
5011	22 
5012	6 
5013	321 
5014	141 
5015	14 
5016	171 
5017	45 
5018	187 
5019	252 
5020	13 
5021	264 
5022	124 
5023	64 
5024	244 
5025	231 
5026	166 
5027	182 
5028	77 
5029	21 
5030	146 
5031	71 
5032	103 
5033	111 
5034	41 
5035	97 
5036	145 
5037	309 
5038	257 
5039	277 
5040	297 
5041	314 
5042	186 
5043	179 
5044	273 
5045	19 
5046	57 
5047	164 
5048	274 
5049	13 
5050	176 
5051	306 
5052	314 
5053	136 
5054	190 
5055	14 
5056	166 
5057	157 
5058	181 
5059	296 
5060	53 
5061	83 
5062	268 
5063	243 
5064	20 
5065	255 
5066	53 
5067	209 
5068	277 
5069	307 
5070	284 
5071	277 
5072	296 
5073	60 
5074	29 
5075	317 
5076	159 
5077	66 
5078	308 
5079	325 
5080	52 
5081	57 
5082	215 
5083	310 
5084	255 
5085	166 
5086	236 
5087	308 
5088	44 
5089	65 
5090	35 
5091	71 
5092	216 
5093	164 
5094	96 
5095	74 
5096	172 
5097	41 
5098	278 
5099	164 
5100	243 
5101	164 
5102	157 
5103	18 
5104	123 
5105	224 
5106	178 
5107	67 
5108	277 
5109	132 
5110	159 
5111	138 
5112	174 
5113	261 
5114	248 
5115	142 
5116	66 
5117	326 
5118	233 
5119	319 
5120	234 
5121	174 
5122	135 
5123	317 
5124	185 
5125	326 
5126	104 
5127	6 
5128	302 
5129	173 
5130	178 
5131	227 
5132	21 
5133	139 
5134	156 
5135	176 
5136	116 
5137	133 
5138	28 
5139	47 
5140	166 
5141	38 
5142	14 
5143	261 
5144	183 
5145	55 
5146	300 
5147	120 
5148	232 
5149	236 
5150	152 
5151	311 
5152	285 
5153	123 
5154	186 
5155	146 
5156	191 
5157	271 
5158	238 
5159	225 
5160	219 
5161	43 
5162	2 
5163	37 
5164	44 
5165	19 
5166	171 
5167	159 
5168	3 
5169	310 
5170	3 
5171	144 
5172	14 
5173	123 
5174	230 
5175	201 
5176	57 
5177	83 
5178	131 
5179	146 
5180	234 
5181	253 
5182	3 
5183	198 
5184	179 
5185	24 
5186	304 
5187	131 
5188	319 
5189	244 
5190	303 
5191	316 
5192	240 
5193	174 
5194	149 
5195	216 
5196	273 
5197	117 
5198	137 
5199	76 
5200	168 
5201	117 
5202	243 
5203	166 
5204	225 
5205	117 
5206	16 
5207	213 
5208	230 
5209	312 
5210	1 
5211	91 
5212	322 
5213	16 
5214	194 
5215	83 
5216	230 
5217	117 
5218	238 
5219	216 
5220	213 
5221	306 
5222	268 
5223	321 
5224	272 
5225	80 
5226	208 
5227	56 
5228	237 
5229	137 
5230	216 
5231	179 
5232	198 
5233	292 
5234	36 
5235	53 
5236	233 
5237	71 
5238	33 
5239	274 
5240	144 
5241	312 
5242	65 
5243	50 
5244	326 
5245	236 
5246	18 
5247	55 
5248	75 
5249	36 
5250	110 
5251	52 
5252	217 
5253	283 
5254	225 
5255	168 
5256	77 
5257	291 
5258	137 
5259	115 
5260	192 
5261	303 
5262	49 
5263	156 
5264	233 
5265	217 
5266	159 
5267	156 
5268	159 
5269	285 
5270	296 
5271	87 
5272	139 
5273	319 
5274	233 
5275	94 
5276	91 
5277	33 
5278	317 
5279	15 
5280	286 
5281	289 
5282	255 
5283	119 
5284	322 
5285	37 
5286	106 
5287	192 
5288	114 
5289	135 
5290	187 
5291	234 
5292	237 
5293	112 
5294	231 
5295	14 
5296	324 
5297	88 
5298	276 
5299	43 
5300	193 
5301	36 
5302	83 
5303	167 
5304	312 
5305	271 
5306	228 
5307	69 
5308	240 
5309	225 
5310	123 
5311	219 
5312	166 
5313	65 
5314	303 
5315	310 
5316	124 
5317	200 
5318	64 
5319	308 
5320	171 
5321	248 
5322	77 
5323	166 
5324	68 
5325	216 
5326	5 
5327	68 
5328	209 
5329	238 
5330	129 
5331	4 
5332	57 
5333	14 
5334	194 
5335	277 
5336	14 
5337	297 
5338	209 
5339	220 
5340	132 
5341	56 
5342	60 
5343	176 
5344	204 
5345	4 
5346	4 
5347	223 
5348	281 
5349	66 
5350	204 
5351	10 
5352	151 
5353	3 
5354	269 
5355	174 
5356	36 
5357	79 
5358	142 
5359	232 
5360	57 
5361	91 
5362	226 
5363	282 
5364	18 
5365	114 
5366	120 
5367	159 
5368	105 
5369	49 
5370	10 
5371	65 
5372	181 
5373	240 
5374	1 
5375	200 
5376	9 
5377	69 
5378	61 
5379	24 
5380	247 
5381	287 
5382	171 
5383	273 
5384	154 
5385	262 
5386	47 
5387	89 
5388	104 
5389	182 
5390	168 
5391	120 
5392	294 
5393	257 
5394	165 
5395	318 
5396	139 
5397	316 
5398	71 
5399	257 
5400	60 
5401	274 
5402	42 
5403	235 
5404	117 
5405	65 
5406	272 
5407	207 
5408	150 
5409	241 
5410	214 
5411	164 
5412	208 
5413	71 
5414	320 
5415	137 
5416	27 
5417	50 
5418	311 
5419	130 
5420	326 
5421	40 
5422	168 
5423	81 
5424	268 
5425	68 
5426	247 
5427	171 
5428	112 
5429	245 
5430	10 
5431	146 
5432	167 
5433	218 
5434	285 
5435	307 
5436	69 
5437	276 
5438	114 
5439	114 
5440	170 
5441	133 
5442	232 
5443	110 
5444	83 
5445	252 
5446	254 
5447	124 
5448	159 
5449	21 
5450	93 
5451	189 
5452	154 
5453	85 
5454	284 
5455	252 
5456	11 
5457	260 
5458	224 
5459	124 
5460	31 
5461	112 
5462	77 
5463	261 
5464	264 
5465	201 
5466	201 
5467	298 
5468	253 
5469	214 
5470	179 
5471	237 
5472	168 
5473	316 
5474	128 
5475	100 
5476	37 
5477	103 
5478	186 
5479	2 
5480	38 
5481	157 
5482	178 
5483	129 
5484	207 
5485	296 
5486	134 
5487	298 
5488	154 
5489	250 
5490	212 
5491	231 
5492	222 
5493	118 
5494	260 
5495	179 
5496	4 
5497	53 
5498	77 
5499	71 
5500	43 
5501	310 
5502	309 
5503	178 
5504	310 
5505	228 
5506	318 
5507	49 
5508	223 
5509	81 
5510	48 
5511	230 
5512	79 
5513	268 
5514	14 
5515	258 
5516	210 
5517	151 
5518	14 
5519	106 
5520	217 
5521	166 
5522	53 
5523	45 
5524	296 
5525	96 
5526	8 
5527	253 
5528	143 
5529	178 
5530	103 
5531	170 
5532	302 
5533	168 
5534	83 
5535	283 
5536	287 
5537	217 
5538	253 
5539	240 
5540	87 
5541	298 
5542	105 
5543	14 
5544	245 
5545	153 
5546	283 
5547	188 
5548	10 
5549	65 
5550	312 
5551	146 
5552	137 
5553	54 
5554	15 
5555	171 
5556	16 
5557	139 
5558	210 
5559	91 
5560	61 
5561	3 
5562	228 
5563	33 
5564	204 
5565	174 
5566	246 
5567	261 
5568	148 
5569	200 
5570	309 
5571	71 
5572	107 
5573	89 
5574	320 
5575	108 
5576	14 
5577	272 
5578	24 
5579	38 
5580	225 
5581	212 
5582	36 
5583	222 
5584	233 
5585	235 
5586	141 
5587	210 
5588	65 
5589	216 
5590	144 
5591	65 
5592	294 
5593	233 
5594	66 
5595	122 
5596	225 
5597	298 
5598	189 
5599	298 
5600	11 
5601	104 
5602	136 
5603	230 
5604	216 
5605	240 
5606	104 
5607	166 
5608	97 
5609	27 
5610	114 
5611	220 
5612	57 
5613	48 
5614	319 
5615	137 
5616	296 
5617	270 
5618	264 
5619	212 
5620	19 
5621	176 
5622	198 
5623	42 
5624	146 
5625	218 
5626	292 
5627	159 
5628	82 
5629	77 
5630	95 
5631	195 
5632	224 
5633	15 
5634	168 
5635	120 
5636	192 
5637	213 
5638	160 
5639	186 
5640	108 
5641	164 
5642	296 
5643	312 
5644	294 
5645	264 
5646	174 
5647	136 
5648	159 
5649	294 
5650	308 
5651	231 
5652	319 
5653	64 
5654	308 
5655	247 
5656	151 
5657	253 
5658	154 
5659	243 
5660	68 
5661	168 
5662	199 
5663	160 
5664	225 
5665	210 
5666	24 
5667	68 
5668	61 
5669	195 
5670	10 
5671	146 
5672	257 
5673	273 
5674	184 
5675	168 
5676	317 
5677	219 
5678	189 
5679	168 
5680	114 
5681	185 
5682	14 
5683	118 
5684	16 
5685	48 
5686	178 
5687	192 
5688	194 
5689	226 
5690	261 
5691	38 
5692	319 
5693	183 
5694	153 
5695	261 
5696	95 
5697	12 
5698	280 
5699	65 
5700	185 
5701	191 
5702	191 
5703	112 
5704	280 
5705	201 
5706	7 
5707	67 
5708	225 
5709	216 
5710	83 
5711	4 
5712	138 
5713	120 
5714	10 
5715	261 
5716	235 
5717	33 
5718	310 
5719	312 
5720	12 
5721	276 
5722	208 
5723	50 
5724	214 
5725	159 
5726	14 
5727	141 
5728	300 
5729	110 
5730	33 
5731	295 
5732	48 
5733	6 
5734	120 
5735	303 
5736	214 
5737	105 
5738	220 
5739	108 
5740	205 
5741	194 
5742	122 
5743	133 
5744	128 
5745	227 
5746	179 
5747	107 
5748	4 
5749	91 
5750	44 
5751	316 
5752	241 
5753	213 
5754	91 
5755	245 
5756	19 
5757	36 
5758	164 
5759	206 
5760	295 
5761	230 
5762	284 
5763	79 
5764	18 
5765	79 
5766	128 
5767	168 
5768	269 
5769	257 
5770	165 
5771	43 
5772	206 
5773	247 
5774	5 
5775	312 
5776	5 
5777	278 
5778	182 
5779	234 
5780	191 
5781	252 
5782	148 
5783	152 
5784	223 
5785	148 
5786	3 
5787	15 
5788	80 
5789	13 
5790	110 
5791	137 
5792	230 
5793	95 
5794	77 
5795	71 
5796	122 
5797	164 
5798	231 
5799	13 
5800	201 
5801	295 
5802	66 
5803	159 
5804	312 
5805	37 
5806	292 
5807	151 
5808	225 
5809	305 
5810	284 
5811	44 
5812	216 
5813	68 
5814	25 
5815	164 
5816	117 
5817	71 
5818	15 
5819	180 
5820	298 
5821	224 
5822	298 
5823	62 
5824	268 
5825	206 
5826	318 
5827	104 
5828	295 
5829	316 
5830	232 
5831	56 
5832	157 
5833	111 
5834	164 
5835	168 
5836	308 
5837	71 
5838	115 
5839	316 
5840	81 
5841	189 
5842	240 
5843	80 
5844	28 
5845	139 
5846	280 
5847	27 
5848	28 
5849	165 
5850	3 
5851	204 
5852	230 
5853	292 
5854	13 
5855	48 
5856	245 
5857	96 
5858	6 
5859	12 
5860	210 
5861	285 
5862	228 
5863	135 
5864	280 
5865	43 
5866	216 
5867	5 
5868	132 
5869	155 
5870	143 
5871	4 
5872	141 
5873	174 
5874	164 
5875	201 
5876	146 
5877	247 
5878	110 
5879	87 
5880	300 
5881	198 
5882	36 
5883	71 
5884	43 
5885	189 
5886	97 
5887	173 
5888	155 
5889	19 
5890	253 
5891	10 
5892	194 
5893	298 
5894	222 
5895	6 
5896	14 
5897	141 
5898	9 
5899	296 
5900	48 
5901	318 
5902	106 
5903	309 
5904	10 
5905	133 
5906	10 
5907	9 
5908	218 
5909	204 
5910	49 
5911	128 
5912	268 
5913	156 
5914	50 
5915	141 
5916	310 
5917	254 
5918	83 
5919	225 
5920	162 
5921	231 
5922	106 
5923	68 
5924	261 
5925	114 
5926	131 
5927	190 
5928	133 
5929	80 
5930	104 
5931	244 
5932	107 
5933	280 
5934	247 
5935	221 
5936	110 
5937	205 
5938	194 
5939	298 
5940	159 
5941	123 
5942	66 
5943	55 
5944	1 
5945	225 
5946	53 
5947	189 
5948	89 
5949	216 
5950	255 
5951	269 
5952	214 
5953	65 
5954	65 
5955	4 
5956	284 
5957	119 
5958	285 
5959	186 
5960	159 
5961	136 
5962	268 
5963	89 
5964	118 
5965	162 
5966	18 
5967	272 
5968	57 
5969	132 
5970	205 
5971	6 
5972	147 
5973	45 
5974	205 
5975	311 
5976	309 
5977	107 
5978	32 
5979	45 
5980	260 
5981	60 
5982	224 
5983	205 
5984	326 
5985	247 
5986	264 
5987	274 
5988	40 
5989	198 
5990	199 
5991	47 
5992	243 
5993	308 
5994	215 
5995	308 
5996	209 
5997	157 
5998	40 
5999	171 
6000	19 
6001	228 
6002	212 
6003	53 
6004	82 
6005	310 
6006	167 
6007	206 
6008	96 
6009	10 
6010	201 
6011	172 
6012	45 
6013	156 
6014	325 
6015	308 
6016	57 
6017	261 
6018	110 
6019	172 
6020	260 
6021	136 
6022	123 
6023	135 
6024	280 
6025	55 
6026	6 
6027	40 
6028	5 
6029	106 
6030	95 
6031	181 
6032	167 
6033	179 
6034	25 
6035	173 
6036	184 
6037	133 
6038	108 
6039	236 
6040	302 
6041	157 
6042	254 
6043	240 
6044	97 
6045	301 
6046	111 
6047	233 
6048	146 
6049	36 
6050	120 
6051	77 
6052	206 
6053	178 
6054	174 
6055	130 
6056	243 
6057	60 
6058	284 
6059	205 
6060	56 
6061	36 
6062	38 
6063	47 
6064	162 
6065	162 
6066	35 
6067	49 
6068	156 
6069	47 
6070	64 
6071	275 
6072	240 
6073	141 
6074	25 
6075	168 
6076	85 
6077	28 
6078	258 
6079	209 
6080	236 
6081	285 
6082	244 
6083	40 
6084	152 
6085	155 
6086	311 
6087	228 
6088	232 
6089	276 
6090	281 
6091	76 
6092	189 
6093	244 
6094	91 
6095	84 
6096	117 
6097	49 
6098	71 
6099	240 
6100	224 
6101	286 
6102	276 
6103	120 
6104	198 
6105	227 
6106	174 
6107	105 
6108	193 
6109	247 
6110	289 
6111	168 
6112	122 
6113	3 
6114	153 
6115	167 
6116	25 
6117	67 
6118	162 
6119	171 
6120	260 
6121	133 
6122	10 
6123	40 
6124	131 
6125	205 
6126	216 
6127	95 
6128	1 
6129	115 
6130	51 
6131	193 
6132	53 
6133	214 
6134	83 
6135	107 
6136	226 
6137	15 
6138	68 
6139	87 
6140	36 
6141	132 
6142	179 
6143	118 
6144	291 
6145	241 
6146	201 
6147	174 
6148	160 
6149	91 
6150	14 
6151	245 
6152	183 
6153	6 
6154	128 
6155	244 
6156	171 
6157	306 
6158	14 
6159	47 
6160	88 
6161	29 
6162	25 
6163	213 
6164	71 
6165	4 
6166	174 
6167	204 
6168	219 
6169	274 
6170	122 
6171	159 
6172	95 
6173	134 
6174	254 
6175	168 
6176	213 
6177	155 
6178	64 
6179	112 
6180	266 
6181	275 
6182	147 
6183	134 
6184	25 
6185	174 
6186	316 
6187	211 
6188	156 
6189	168 
6190	47 
6191	286 
6192	80 
6193	2 
6194	115 
6195	18 
6196	37 
6197	96 
6198	44 
6199	321 
6200	230 
6201	229 
6202	6 
6203	243 
6204	143 
6205	61 
6206	225 
6207	255 
6208	302 
6209	5 
6210	277 
6211	160 
6212	172 
6213	152 
6214	173 
6215	225 
6216	300 
6217	146 
6218	66 
6219	97 
6220	213 
6221	88 
6222	190 
6223	174 
6224	64 
6225	123 
6226	120 
6227	144 
6228	11 
6229	168 
6230	143 
6231	234 
6232	3 
6233	136 
6234	173 
6235	19 
6236	77 
6237	166 
6238	43 
6239	199 
6240	110 
6241	77 
6242	170 
6243	172 
6244	19 
6245	326 
6246	2 
6247	142 
6248	76 
6249	319 
6250	176 
6251	164 
6252	5 
6253	267 
6254	301 
6255	146 
6256	24 
6257	295 
6258	37 
6259	21 
6260	201 
6261	142 
6262	132 
6263	165 
6264	164 
6265	83 
6266	292 
6267	134 
6268	148 
6269	194 
6270	111 
6271	147 
6272	291 
6273	36 
6274	164 
6275	149 
6276	213 
6277	15 
6278	236 
6279	168 
6280	182 
6281	323 
6282	166 
6283	117 
6284	24 
6285	250 
6286	139 
6287	35 
6288	160 
6289	309 
6290	169 
6291	38 
6292	154 
6293	310 
6294	6 
6295	176 
6296	173 
6297	159 
6298	316 
6299	82 
6300	237 
6301	153 
6302	284 
6303	31 
6304	19 
6305	243 
6306	180 
6307	238 
6308	29 
6309	133 
6310	104 
6311	298 
6312	280 
6313	167 
6314	67 
6315	77 
6316	132 
6317	66 
6318	81 
6319	53 
6320	6 
6321	68 
6322	68 
6323	282 
6324	195 
6325	173 
6326	7 
6327	142 
6328	227 
6329	32 
6330	166 
6331	132 
6332	105 
6333	132 
6334	164 
6335	224 
6336	211 
6337	211 
6338	168 
6339	284 
6340	120 
6341	262 
6342	200 
6343	199 
6344	242 
6345	168 
6346	129 
6347	77 
6348	310 
6349	176 
6350	264 
6351	168 
6352	269 
6353	49 
6354	219 
6355	309 
6356	61 
6357	297 
6358	194 
6359	95 
6360	180 
6361	139 
6362	42 
6363	272 
6364	186 
6365	224 
6366	134 
6367	79 
6368	66 
6369	19 
6370	148 
6371	168 
6372	8 
6373	36 
6374	35 
6375	269 
6376	294 
6377	132 
6378	60 
6379	133 
6380	225 
6381	319 
6382	179 
6383	47 
6384	280 
6385	28 
6386	118 
6387	221 
6388	36 
6389	273 
6390	296 
6391	220 
6392	197 
6393	66 
6394	193 
6395	294 
6396	117 
6397	208 
6398	303 
6399	73 
6400	212 
6401	182 
6402	47 
6403	240 
6404	1 
6405	47 
6406	243 
6407	135 
6408	15 
6409	211 
6410	103 
6411	173 
6412	137 
6413	164 
6414	114 
6415	67 
6416	57 
6417	302 
6418	167 
6419	260 
6420	131 
6421	84 
6422	274 
6423	148 
6424	116 
6425	205 
6426	274 
6427	166 
6428	231 
6429	164 
6430	197 
6431	87 
6432	84 
6433	286 
6434	2 
6435	253 
6436	187 
6437	66 
6438	67 
6439	294 
6440	37 
6441	28 
6442	268 
6443	44 
6444	136 
6445	191 
6446	190 
6447	32 
6448	96 
6449	95 
6450	197 
6451	76 
6452	56 
6453	19 
6454	173 
6455	43 
6456	257 
6457	60 
6458	156 
6459	6 
6460	146 
6461	4 
6462	143 
6463	280 
6464	309 
6465	203 
6466	258 
6467	69 
6468	167 
6469	282 
6470	297 
6471	220 
6472	146 
6473	300 
6474	87 
6475	303 
6476	246 
6477	236 
6478	216 
6479	71 
6480	210 
6481	123 
6482	47 
6483	176 
6484	217 
6485	120 
6486	179 
6487	294 
6488	252 
6489	142 
6490	47 
6491	8 
6492	183 
6493	232 
6494	104 
6495	107 
6496	16 
6497	160 
6498	76 
6499	137 
6500	190 
6501	68 
6502	87 
6503	133 
6504	230 
6505	189 
6506	220 
6507	185 
6508	115 
6509	6 
6510	156 
6511	195 
6512	285 
6513	24 
6514	118 
6515	294 
6516	83 
6517	280 
6518	122 
6519	112 
6520	120 
6521	260 
6522	247 
6523	35 
6524	82 
6525	281 
6526	271 
6527	291 
6528	27 
6529	187 
6530	242 
6531	151 
6532	52 
6533	29 
6534	212 
6535	36 
6536	306 
6537	77 
6538	19 
6539	326 
6540	182 
6541	10 
6542	242 
6543	136 
6544	185 
6545	119 
6546	152 
6547	316 
6548	168 
6549	297 
6550	76 
6551	33 
6552	222 
6553	252 
6554	148 
6555	24 
6556	62 
6557	4 
6558	174 
6559	266 
6560	159 
6561	146 
6562	278 
6563	262 
6564	260 
6565	310 
6566	319 
6567	84 
6568	64 
6569	258 
6570	137 
6571	192 
6572	192 
6573	184 
6574	294 
6575	257 
6576	323 
6577	14 
6578	93 
6579	180 
6580	170 
6581	321 
6582	240 
6583	221 
6584	171 
6585	227 
6586	80 
6587	189 
6588	7 
6589	310 
6590	179 
6591	201 
6592	1 
6593	111 
6594	220 
6595	36 
6596	4 
6597	91 
6598	160 
6599	326 
6600	114 
6601	142 
6602	295 
6603	197 
6604	316 
6605	194 
6606	302 
6607	217 
6608	162 
6609	209 
6610	189 
6611	162 
6612	176 
6613	310 
6614	73 
6615	303 
6616	8 
6617	303 
6618	195 
6619	289 
6620	6 
6621	166 
6622	277 
6623	117 
6624	179 
6625	95 
6626	284 
6627	275 
6628	253 
6629	234 
6630	324 
6631	300 
6632	6 
6633	316 
6634	267 
6635	240 
6636	280 
6637	142 
6638	308 
6639	165 
6640	211 
6641	264 
6642	209 
6643	136 
6644	40 
6645	321 
6646	65 
6647	187 
6648	319 
6649	194 
6650	173 
6651	110 
6652	134 
6653	319 
6654	1 
6655	146 
6656	133 
6657	27 
6658	106 
6659	274 
6660	184 
6661	62 
6662	91 
6663	48 
6664	231 
6665	1 
6666	67 
6667	296 
6668	56 
6669	81 
6670	174 
6671	8 
6672	273 
6673	95 
6674	261 
6675	312 
6676	97 
6677	234 
6678	122 
6679	254 
6680	159 
6681	178 
6682	144 
6683	321 
6684	316 
6685	156 
6686	13 
6687	25 
6688	47 
6689	231 
6690	291 
6691	13 
6692	168 
6693	245 
6694	181 
6695	318 
6696	62 
6697	218 
6698	174 
6699	247 
6700	176 
6701	144 
6702	97 
6703	282 
6704	65 
6705	36 
6706	104 
6707	79 
6708	200 
6709	45 
6710	104 
6711	247 
6712	294 
6713	291 
6714	294 
6715	224 
6716	312 
6717	28 
6718	310 
6719	206 
6720	49 
6721	111 
6722	197 
6723	308 
6724	143 
6725	15 
6726	275 
6727	300 
6728	106 
6729	120 
6730	165 
6731	253 
6732	77 
6733	276 
6734	68 
6735	147 
6736	303 
6737	213 
6738	148 
6739	252 
6740	79 
6741	312 
6742	183 
6743	316 
6744	223 
6745	57 
6746	160 
6747	73 
6748	47 
6749	162 
6750	276 
6751	57 
6752	321 
6753	24 
6754	190 
6755	284 
6756	257 
6757	10 
6758	123 
6759	6 
6760	24 
6761	262 
6762	82 
6763	268 
6764	19 
6765	53 
6766	215 
6767	190 
6768	143 
6769	112 
6770	174 
6771	5 
6772	49 
6773	253 
6774	164 
6775	48 
6776	284 
6777	276 
6778	234 
6779	274 
6780	233 
6781	84 
6782	134 
6783	24 
6784	173 
6785	93 
6786	89 
6787	186 
6788	65 
6789	51 
6790	157 
6791	195 
6792	110 
6793	236 
6794	32 
6795	261 
6796	318 
6797	291 
6798	185 
6799	114 
6800	275 
6801	157 
6802	24 
6803	214 
6804	269 
6805	260 
6806	212 
6807	53 
6808	316 
6809	38 
6810	143 
6811	180 
6812	35 
6813	5 
6814	93 
6815	188 
6816	232 
6817	16 
6818	19 
6819	178 
6820	260 
6821	268 
6822	103 
6823	152 
6824	304 
6825	3 
6826	144 
6827	194 
6828	31 
6829	170 
6830	253 
6831	174 
6832	73 
6833	45 
6834	27 
6835	156 
6836	53 
6837	300 
6838	171 
6839	178 
6840	64 
6841	133 
6842	71 
6843	57 
6844	36 
6845	208 
6846	291 
6847	210 
6848	137 
6849	199 
6850	83 
6851	129 
6852	298 
6853	294 
6854	168 
6855	3 
6856	267 
6857	71 
6858	73 
6859	237 
6860	318 
6861	324 
6862	284 
6863	225 
6864	197 
6865	10 
6866	173 
6867	296 
6868	64 
6869	37 
6870	326 
6871	144 
6872	152 
6873	166 
6874	40 
6875	25 
6876	56 
6877	134 
6878	194 
6879	216 
6880	16 
6881	167 
6882	93 
6883	151 
6884	2 
6885	221 
6886	67 
6887	276 
6888	247 
6889	171 
6890	220 
6891	64 
6892	220 
6893	324 
6894	24 
6895	298 
6896	268 
6897	14 
6898	297 
6899	247 
6900	223 
6901	106 
6902	79 
6903	28 
6904	16 
6905	284 
6906	215 
6907	8 
6908	224 
6909	61 
6910	214 
6911	15 
6912	162 
6913	167 
6914	306 
6915	159 
6916	73 
6917	227 
6918	106 
6919	24 
6920	62 
6921	205 
6922	308 
6923	159 
6924	271 
6925	184 
6926	138 
6927	274 
6928	260 
6929	103 
6930	4 
6931	194 
6932	159 
6933	150 
6934	35 
6935	93 
6936	13 
6937	128 
6938	110 
6939	24 
6940	282 
6941	164 
6942	141 
6943	65 
6944	87 
6945	262 
6946	255 
6947	67 
6948	6 
6949	82 
6950	53 
6951	230 
6952	124 
6953	149 
6954	166 
6955	133 
6956	237 
6957	76 
6958	308 
6959	185 
6960	210 
6961	225 
6962	173 
6963	277 
6964	6 
6965	107 
6966	289 
6967	162 
6968	274 
6969	167 
6970	326 
6971	43 
6972	308 
6973	224 
6974	173 
6975	188 
6976	323 
6977	24 
6978	150 
6979	275 
6980	303 
6981	297 
6982	117 
6983	45 
6984	205 
6985	223 
6986	213 
6987	141 
6988	275 
6989	230 
6990	316 
6991	124 
6992	250 
6993	149 
6994	132 
6995	182 
6996	268 
6997	254 
6998	28 
6999	312 
7000	87 
7001	234 
7002	252 
7003	55 
7004	117 
7005	188 
7006	304 
7007	24 
7008	106 
7009	297 
7010	319 
7011	274 
7012	118 
7013	10 
7014	28 
7015	323 
7016	247 
7017	141 
7018	53 
7019	173 
7020	225 
7021	238 
7022	118 
7023	308 
7024	285 
7025	64 
7026	224 
7027	297 
7028	210 
7029	104 
7030	277 
7031	274 
7032	104 
7033	14 
7034	146 
7035	76 
7036	260 
7037	178 
7038	277 
7039	236 
7040	199 
7041	282 
7042	166 
7043	243 
7044	160 
7045	18 
7046	294 
7047	234 
7048	120 
7049	232 
7050	57 
7051	95 
7052	303 
7053	326 
7054	107 
7055	188 
7056	53 
7057	276 
7058	284 
7059	64 
7060	114 
7061	67 
7062	103 
7063	200 
7064	128 
7065	82 
7066	228 
7067	14 
7068	57 
7069	105 
7070	139 
7071	296 
7072	246 
7073	326 
7074	25 
7075	31 
7076	144 
7077	179 
7078	33 
7079	195 
7080	156 
7081	173 
7082	104 
7083	312 
7084	5 
7085	71 
7086	37 
7087	132 
7088	60 
7089	32 
7090	142 
7091	13 
7092	60 
7093	171 
7094	258 
7095	103 
7096	326 
7097	120 
7098	240 
7099	133 
7100	297 
7101	277 
7102	157 
7103	179 
7104	95 
7105	50 
7106	171 
7107	159 
7108	76 
7109	266 
7110	253 
7111	254 
7112	43 
7113	237 
7114	4 
7115	129 
7116	289 
7117	221 
7118	310 
7119	262 
7120	309 
7121	294 
7122	296 
7123	132 
7124	310 
7125	274 
7126	67 
7127	29 
7128	225 
7129	326 
7130	273 
7131	201 
7132	91 
7133	199 
7134	209 
7135	198 
7136	302 
7137	321 
7138	57 
7139	257 
7140	164 
7141	31 
7142	272 
7143	306 
7144	194 
7145	61 
7146	316 
7147	71 
7148	165 
7149	6 
7150	118 
7151	294 
7152	174 
7153	57 
7154	135 
7155	284 
7156	143 
7157	284 
7158	53 
7159	210 
7160	216 
7161	213 
7162	106 
7163	162 
7164	89 
7165	91 
7166	205 
7167	162 
7168	254 
7169	6 
7170	190 
7171	252 
7172	267 
7173	243 
7174	168 
7175	243 
7176	260 
7177	310 
7178	255 
7179	91 
7180	13 
7181	19 
7182	5 
7183	231 
7184	5 
7185	67 
7186	271 
7187	89 
7188	25 
7189	295 
7190	76 
7191	36 
7192	95 
7193	306 
7194	10 
7195	1 
7196	119 
7197	152 
7198	192 
7199	174 
7200	96 
7201	216 
7202	201 
7203	8 
7204	277 
7205	282 
7206	234 
7207	143 
7208	217 
7209	295 
7210	141 
7211	185 
7212	261 
7213	319 
7214	7 
7215	260 
7216	234 
7217	48 
7218	67 
7219	201 
7220	271 
7221	159 
7222	310 
7223	168 
7224	205 
7225	192 
7226	272 
7227	142 
7228	166 
7229	18 
7230	247 
7231	324 
7232	310 
7233	48 
7234	247 
7235	297 
7236	253 
7237	199 
7238	144 
7239	95 
7240	243 
7241	19 
7242	311 
7243	18 
7244	128 
7245	236 
7246	225 
7247	304 
7248	284 
7249	277 
7250	65 
7251	167 
7252	304 
7253	194 
7254	18 
7255	247 
7256	28 
7257	211 
7258	5 
7259	205 
7260	245 
7261	211 
7262	309 
7263	204 
7264	271 
7265	49 
7266	280 
7267	191 
7268	104 
7269	4 
7270	71 
7271	149 
7272	16 
7273	81 
7274	282 
7275	178 
7276	84 
7277	160 
7278	104 
7279	247 
7280	106 
7281	240 
7282	162 
7283	167 
7284	231 
7285	97 
7286	43 
7287	205 
7288	209 
7289	243 
7290	137 
7291	112 
7292	282 
7293	157 
7294	171 
7295	114 
7296	217 
7297	221 
7298	49 
7299	166 
7300	3 
7301	300 
7302	295 
7303	10 
7304	173 
7305	174 
7306	277 
7307	260 
7308	294 
7309	224 
7310	243 
7311	44 
7312	225 
7313	37 
7314	48 
7315	151 
7316	19 
7317	150 
7318	297 
7319	178 
7320	44 
7321	19 
7322	117 
7323	35 
7324	275 
7325	205 
7326	91 
7327	310 
7328	191 
7329	159 
7330	199 
7331	214 
7332	245 
7333	321 
7334	326 
7335	188 
7336	305 
7337	80 
7338	310 
7339	77 
7340	156 
7341	285 
7342	149 
7343	89 
7344	275 
7345	316 
7346	107 
7347	64 
7348	182 
7349	48 
7350	180 
7351	217 
7352	310 
7353	173 
7354	61 
7355	213 
7356	9 
7357	89 
7358	138 
7359	130 
7360	168 
7361	306 
7362	200 
7363	1 
7364	3 
7365	221 
7366	174 
7367	274 
7368	65 
7369	95 
7370	310 
7371	133 
7372	132 
7373	6 
7374	143 
7375	237 
7376	213 
7377	316 
7378	276 
7379	117 
7380	76 
7381	296 
7382	150 
7383	204 
7384	220 
7385	260 
7386	247 
7387	296 
7388	310 
7389	48 
7390	247 
7391	311 
7392	129 
7393	303 
7394	68 
7395	324 
7396	181 
7397	253 
7398	65 
7399	216 
7400	24 
7401	81 
7402	236 
7403	231 
7404	209 
7405	157 
7406	275 
7407	112 
7408	243 
7409	156 
7410	224 
7411	277 
7412	24 
7413	266 
7414	284 
7415	276 
7416	277 
7417	71 
7418	15 
7419	47 
7420	209 
7421	308 
7422	68 
7423	176 
7424	53 
7425	212 
7426	289 
7427	308 
7428	167 
7429	261 
7430	272 
7431	304 
7432	157 
7433	267 
7434	57 
7435	131 
7436	157 
7437	66 
7438	19 
7439	48 
7440	77 
7441	159 
7442	119 
7443	133 
7444	1 
7445	33 
7446	282 
7447	157 
7448	87 
7449	13 
7450	84 
7451	80 
7452	213 
7453	89 
7454	298 
7455	149 
7456	65 
7457	179 
7458	64 
7459	179 
7460	181 
7461	294 
7462	319 
7463	302 
7464	214 
7465	118 
7466	146 
7467	57 
7468	136 
7469	294 
7470	206 
7471	19 
7472	206 
7473	201 
7474	304 
7475	213 
7476	107 
7477	284 
7478	174 
7479	252 
7480	230 
7481	179 
7482	3 
7483	129 
7484	137 
7485	89 
7486	211 
7487	280 
7488	6 
7489	24 
7490	312 
7491	67 
7492	174 
7493	152 
7494	157 
7495	97 
7496	60 
7497	245 
7498	82 
7499	3 
7500	208 
7501	27 
7502	14 
7503	110 
7504	130 
7505	28 
7506	71 
7507	209 
7508	180 
7509	5 
7510	84 
7511	213 
7512	234 
7513	38 
7514	152 
7515	188 
7516	292 
7517	81 
7518	232 
7519	173 
7520	146 
7521	300 
7522	319 
7523	179 
7524	120 
7525	295 
7526	319 
7527	13 
7528	143 
7529	296 
7530	117 
7531	277 
7532	3 
7533	131 
7534	95 
7535	162 
7536	326 
7537	274 
7538	282 
7539	197 
7540	300 
7541	285 
7542	166 
7543	3 
7544	185 
7545	194 
7546	310 
7547	284 
7548	221 
7549	81 
7550	292 
7551	197 
7552	16 
7553	81 
7554	97 
7555	162 
7556	294 
7557	65 
7558	224 
7559	189 
7560	53 
7561	216 
7562	230 
7563	312 
7564	61 
7565	236 
7566	97 
7567	33 
7568	27 
7569	80 
7570	268 
7571	225 
7572	165 
7573	156 
7574	296 
7575	236 
7576	5 
7577	93 
7578	269 
7579	282 
7580	117 
7581	309 
7582	216 
7583	272 
7584	66 
7585	24 
7586	191 
7587	280 
7588	35 
7589	308 
7590	6 
7591	97 
7592	123 
7593	297 
7594	199 
7595	64 
7596	48 
7597	296 
7598	84 
7599	160 
7600	122 
7601	191 
7602	192 
7603	232 
7604	143 
7605	19 
7606	224 
7607	167 
7608	232 
7609	83 
7610	157 
7611	77 
7612	273 
7613	280 
7614	189 
7615	29 
7616	294 
7617	276 
7618	200 
7619	18 
7620	266 
7621	292 
7622	67 
7623	191 
7624	195 
7625	205 
7626	316 
7627	198 
7628	131 
7629	28 
7630	117 
7631	13 
7632	206 
7633	33 
7634	31 
7635	168 
7636	110 
7637	24 
7638	16 
7639	216 
7640	310 
7641	225 
7642	38 
7643	194 
7644	111 
7645	212 
7646	25 
7647	36 
7648	1 
7649	159 
7650	216 
7651	122 
7652	156 
7653	253 
7654	245 
7655	64 
7656	280 
7657	6 
7658	216 
7659	269 
7660	107 
7661	6 
7662	310 
7663	6 
7664	216 
7665	220 
7666	253 
7667	28 
7668	268 
7669	53 
7670	53 
7671	16 
7672	275 
7673	267 
7674	231 
7675	179 
7676	174 
7677	222 
7678	35 
7679	174 
7680	150 
7681	222 
7682	236 
7683	319 
7684	157 
7685	157 
7686	141 
7687	40 
7688	15 
7689	149 
7690	4 
7691	24 
7692	57 
7693	148 
7694	291 
7695	277 
7696	164 
7697	220 
7698	326 
7699	79 
7700	85 
7701	91 
7702	232 
7703	77 
7704	5 
7705	187 
7706	144 
7707	204 
7708	185 
7709	276 
7710	25 
7711	260 
7712	114 
7713	18 
7714	210 
7715	118 
7716	87 
7717	91 
7718	302 
7719	32 
7720	269 
7721	122 
7722	217 
7723	275 
7724	183 
7725	24 
7726	321 
7727	104 
7728	134 
7729	282 
7730	141 
7731	114 
7732	77 
7733	183 
7734	216 
7735	316 
7736	48 
7737	43 
7738	261 
7739	77 
7740	80 
7741	203 
7742	205 
7743	222 
7744	261 
7745	132 
7746	211 
7747	271 
7748	138 
7749	38 
7750	208 
7751	266 
7752	160 
7753	13 
7754	106 
7755	159 
7756	284 
7757	198 
7758	276 
7759	91 
7760	18 
7761	284 
7762	255 
7763	213 
7764	60 
7765	56 
7766	262 
7767	133 
7768	275 
7769	181 
7770	295 
7771	224 
7772	4 
7773	197 
7774	97 
7775	134 
7776	18 
7777	38 
7778	295 
7779	65 
7780	129 
7781	122 
7782	29 
7783	104 
7784	57 
7785	195 
7786	168 
7787	174 
7788	294 
7789	171 
7790	221 
7791	212 
7792	178 
7793	148 
7794	234 
7795	91 
7796	149 
7797	168 
7798	209 
7799	65 
7800	187 
7801	62 
7802	84 
7803	36 
7804	285 
7805	128 
7806	141 
7807	168 
7808	178 
7809	212 
7810	146 
7811	91 
7812	84 
7813	192 
7814	150 
7815	220 
7816	273 
7817	136 
7818	5 
7819	43 
7820	225 
7821	4 
7822	298 
7823	112 
7824	120 
7825	4 
7826	9 
7827	233 
7828	76 
7829	178 
7830	111 
7831	1 
7832	173 
7833	200 
7834	117 
7835	132 
7836	6 
7837	308 
7838	253 
7839	29 
7840	122 
7841	213 
7842	65 
7843	166 
7844	189 
7845	91 
7846	236 
7847	285 
7848	176 
7849	35 
7850	233 
7851	131 
7852	289 
7853	84 
7854	284 
7855	306 
7856	13 
7857	134 
7858	65 
7859	19 
7860	261 
7861	243 
7862	201 
7863	32 
7864	237 
7865	303 
7866	27 
7867	24 
7868	216 
7869	303 
7870	9 
7871	156 
7872	132 
7873	277 
7874	67 
7875	37 
7876	306 
7877	1 
7878	57 
7879	82 
7880	266 
7881	167 
7882	1 
7883	4 
7884	296 
7885	107 
7886	62 
7887	76 
7888	19 
7889	197 
7890	291 
7891	104 
7892	68 
7893	15 
7894	321 
7895	159 
7896	224 
7897	44 
7898	60 
7899	230 
7900	191 
7901	65 
7902	241 
7903	152 
7904	130 
7905	97 
7906	138 
7907	275 
7908	284 
7909	195 
7910	185 
7911	326 
7912	36 
7913	164 
7914	294 
7915	212 
7916	91 
7917	49 
7918	96 
7919	197 
7920	189 
7921	294 
7922	168 
7923	117 
7924	188 
7925	262 
7926	176 
7927	97 
7928	241 
7929	18 
7930	114 
7931	53 
7932	43 
7933	267 
7934	132 
7935	168 
7936	289 
7937	284 
7938	209 
7939	5 
7940	213 
7941	243 
7942	65 
7943	164 
7944	15 
7945	150 
7946	81 
7947	93 
7948	137 
7949	114 
7950	32 
7951	3 
7952	143 
7953	292 
7954	232 
7955	217 
7956	214 
7957	178 
7958	142 
7959	176 
7960	276 
7961	205 
7962	5 
7963	179 
7964	267 
7965	36 
7966	208 
7967	168 
7968	281 
7969	146 
7970	144 
7971	282 
7972	33 
7973	225 
7974	284 
7975	264 
7976	137 
7977	76 
7978	37 
7979	49 
7980	310 
7981	65 
7982	274 
7983	160 
7984	272 
7985	232 
7986	220 
7987	25 
7988	53 
7989	324 
7990	91 
7991	319 
7992	165 
7993	107 
7994	178 
7995	89 
7996	62 
7997	277 
7998	156 
7999	296 
8000	300 
8001	326 
8002	255 
8003	267 
8004	7 
8005	294 
8006	252 
8007	79 
8008	297 
8009	76 
8010	185 
8011	194 
8012	120 
8013	198 
8014	264 
8015	296 
8016	187 
8017	160 
8018	306 
8019	217 
8020	185 
8021	133 
8022	87 
8023	87 
8024	324 
8025	53 
8026	209 
8027	276 
8028	233 
8029	277 
8030	264 
8031	44 
8032	130 
8033	14 
8034	168 
8035	281 
8036	276 
8037	120 
8038	282 
8039	273 
8040	255 
8041	165 
8042	95 
8043	284 
8044	95 
8045	189 
8046	201 
8047	24 
8048	9 
8049	165 
8050	87 
8051	282 
8052	66 
8053	205 
8054	141 
8055	178 
8056	264 
8057	171 
8058	282 
8059	157 
8060	266 
8061	65 
8062	233 
8063	230 
8064	206 
8065	321 
8066	321 
8067	316 
8068	131 
8069	274 
8070	5 
8071	110 
8072	216 
8073	319 
8074	19 
8075	173 
8076	297 
8077	141 
8078	185 
8079	168 
8080	144 
8081	206 
8082	238 
8083	319 
8084	198 
8085	18 
8086	238 
8087	112 
8088	4 
8089	14 
8090	6 
8091	80 
8092	204 
8093	178 
8094	80 
8095	221 
8096	5 
8097	324 
8098	225 
8099	2 
8100	171 
8101	84 
8102	76 
8103	156 
8104	114 
8105	150 
8106	137 
8107	216 
8108	324 
8109	132 
8110	141 
8111	130 
8112	247 
8113	179 
8114	77 
8115	164 
8116	205 
8117	80 
8118	285 
8119	149 
8120	35 
8121	13 
8122	274 
8123	312 
8124	49 
8125	319 
8126	274 
8127	277 
8128	97 
8129	14 
8130	104 
8131	81 
8132	212 
8133	241 
8134	84 
8135	166 
8136	132 
8137	241 
8138	3 
8139	120 
8140	284 
8141	185 
8142	76 
8143	221 
8144	225 
8145	192 
8146	44 
8147	292 
8148	107 
8149	134 
8150	49 
8151	82 
8152	260 
8153	60 
8154	191 
8155	36 
8156	308 
8157	53 
8158	255 
8159	231 
8160	245 
8161	159 
8162	82 
8163	321 
8164	245 
8165	191 
8166	210 
8167	57 
8168	230 
8169	160 
8170	179 
8171	27 
8172	280 
8173	291 
8174	260 
8175	83 
8176	201 
8177	264 
8178	212 
8179	308 
8180	132 
8181	67 
8182	243 
8183	295 
8184	171 
8185	303 
8186	178 
8187	138 
8188	308 
8189	150 
8190	264 
8191	107 
8192	123 
8193	233 
8194	195 
8195	282 
8196	104 
8197	10 
8198	201 
8199	297 
8200	280 
8201	7 
8202	43 
8203	298 
8204	141 
8205	284 
8206	209 
8207	96 
8208	311 
8209	76 
8210	79 
8211	122 
8212	224 
8213	64 
8214	247 
8215	276 
8216	120 
8217	297 
8218	156 
8219	57 
8220	274 
8221	268 
8222	294 
8223	295 
8224	152 
8225	194 
8226	47 
8227	80 
8228	206 
8229	233 
8230	209 
8231	289 
8232	71 
8233	91 
8234	275 
8235	104 
8236	167 
8237	179 
8238	194 
8239	253 
8240	206 
8241	60 
8242	252 
8243	189 
8244	197 
8245	225 
8246	57 
8247	111 
8248	24 
8249	199 
8250	65 
8251	289 
8252	156 
8253	212 
8254	97 
8255	128 
8256	89 
8257	168 
8258	275 
8259	260 
8260	123 
8261	267 
8262	174 
8263	87 
8264	65 
8265	213 
8266	111 
8267	118 
8268	142 
8269	309 
8270	143 
8271	157 
8272	67 
8273	285 
8274	141 
8275	171 
8276	216 
8277	273 
8278	292 
8279	95 
8280	273 
8281	96 
8282	117 
8283	217 
8284	156 
8285	166 
8286	95 
8287	217 
8288	141 
8289	209 
8290	31 
8291	160 
8292	14 
8293	146 
8294	192 
8295	310 
8296	216 
8297	280 
8298	309 
8299	104 
8300	28 
8301	267 
8302	171 
8303	95 
8304	66 
8305	310 
8306	171 
8307	27 
8308	56 
8309	295 
8310	296 
8311	309 
8312	294 
8313	264 
8314	104 
8315	247 
8316	241 
8317	221 
8318	178 
8319	13 
8320	178 
8321	277 
8322	316 
8323	298 
8324	225 
8325	139 
8326	13 
8327	260 
8328	212 
8329	261 
8330	194 
8331	134 
8332	82 
8333	294 
8334	110 
8335	234 
8336	296 
8337	151 
8338	3 
8339	255 
8340	80 
8341	253 
8342	5 
8343	294 
8344	284 
8345	309 
8346	122 
8347	131 
8348	252 
8349	71 
8350	6 
8351	138 
8352	159 
8353	14 
8354	231 
8355	131 
8356	1 
8357	316 
8358	171 
8359	80 
8360	189 
8361	231 
8362	146 
8363	44 
8364	62 
8365	71 
8366	212 
8367	151 
8368	252 
8369	122 
8370	294 
8371	67 
8372	189 
8373	220 
8374	4 
8375	19 
8376	267 
8377	273 
8378	220 
8379	264 
8380	110 
8381	303 
8382	292 
8383	138 
8384	230 
8385	194 
8386	71 
8387	268 
8388	220 
8389	107 
8390	68 
8391	245 
8392	25 
8393	167 
8394	28 
8395	326 
8396	76 
8397	267 
8398	122 
8399	210 
8400	107 
8401	310 
8402	275 
8403	14 
8404	206 
8405	157 
8406	243 
8407	84 
8408	167 
8409	194 
8410	47 
8411	326 
8412	117 
8413	261 
8414	122 
8415	91 
8416	300 
8417	316 
8418	319 
8419	199 
8420	233 
8421	166 
8422	77 
8423	5 
8424	247 
8425	266 
8426	132 
8427	187 
8428	56 
8429	291 
8430	168 
8431	236 
8432	173 
8433	14 
8434	53 
8435	77 
8436	205 
8437	284 
8438	282 
8439	130 
8440	253 
8441	298 
8442	141 
8443	236 
8444	253 
8445	14 
8446	40 
8447	260 
8448	82 
8449	280 
8450	38 
8451	13 
8452	131 
8453	212 
8454	56 
8455	95 
8456	104 
8457	168 
8458	81 
8459	157 
8460	5 
8461	260 
8462	303 
8463	198 
8464	129 
8465	253 
8466	36 
8467	230 
8468	47 
8469	214 
8470	32 
8471	285 
8472	213 
8473	13 
8474	156 
8475	234 
8476	241 
8477	25 
8478	81 
8479	160 
8480	71 
8481	217 
8482	57 
8483	274 
8484	87 
8485	7 
8486	24 
8487	201 
8488	148 
8489	89 
8490	289 
8491	15 
8492	206 
8493	15 
8494	49 
8495	129 
8496	56 
8497	133 
8498	310 
8499	316 
8500	282 
8501	62 
8502	56 
8503	201 
8504	296 
8505	234 
8506	81 
8507	280 
8508	292 
8509	76 
8510	6 
8511	171 
8512	32 
8513	7 
8514	76 
8515	280 
8516	191 
8517	221 
8518	160 
8519	111 
8520	19 
8521	233 
8522	37 
8523	10 
8524	272 
8525	148 
8526	267 
8527	107 
8528	64 
8529	19 
8530	289 
8531	302 
8532	247 
8533	156 
8534	253 
8535	81 
8536	68 
8537	164 
8538	130 
8539	221 
8540	185 
8541	280 
8542	205 
8543	272 
8544	326 
8545	53 
8546	176 
8547	4 
8548	134 
8549	204 
8550	269 
8551	56 
8552	300 
8553	65 
8554	220 
8555	31 
8556	225 
8557	76 
8558	240 
8559	48 
8560	96 
8561	243 
8562	16 
8563	179 
8564	65 
8565	308 
8566	269 
8567	159 
8568	111 
8569	157 
8570	91 
8571	13 
8572	143 
8573	107 
8574	274 
8575	28 
8576	274 
8577	230 
8578	134 
8579	28 
8580	67 
8581	167 
8582	156 
8583	303 
8584	189 
8585	321 
8586	296 
8587	13 
8588	14 
8589	114 
8590	13 
8591	179 
8592	291 
8593	225 
8594	260 
8595	60 
8596	291 
8597	64 
8598	19 
8599	129 
8600	276 
8601	296 
8602	298 
8603	171 
8604	112 
8605	213 
8606	189 
8607	24 
8608	310 
8609	225 
8610	280 
8611	319 
8612	296 
8613	36 
8614	303 
8615	19 
8616	285 
8617	159 
8618	131 
8619	136 
8620	267 
8621	252 
8622	252 
8623	120 
8624	37 
8625	38 
8626	35 
8627	236 
8628	276 
8629	195 
8630	262 
8631	245 
8632	297 
8633	294 
8634	133 
8635	95 
8636	68 
8637	267 
8638	255 
8639	87 
8640	16 
8641	25 
8642	134 
8643	308 
8644	267 
8645	185 
8646	138 
8647	292 
8648	77 
8649	230 
8650	57 
8651	159 
8652	261 
8653	167 
8654	157 
8655	107 
8656	53 
8657	141 
8658	110 
8659	43 
8660	68 
8661	319 
8662	174 
8663	253 
8664	2 
8665	84 
8666	35 
8667	312 
8668	198 
8669	221 
8670	2 
8671	326 
8672	104 
8673	2 
8674	291 
8675	80 
8676	164 
8677	209 
8678	269 
8679	25 
8680	71 
8681	296 
8682	14 
8683	49 
8684	83 
8685	146 
8686	57 
8687	269 
8688	7 
8689	110 
8690	60 
8691	319 
8692	25 
8693	146 
8694	156 
8695	269 
8696	209 
8697	187 
8698	233 
8699	292 
8700	128 
8701	297 
8702	319 
8703	319 
8704	3 
8705	47 
8706	13 
8707	205 
8708	187 
8709	294 
8710	296 
8711	97 
8712	104 
8713	157 
8714	95 
8715	294 
8716	232 
8717	316 
8718	6 
8719	106 
8720	77 
8721	19 
8722	76 
8723	316 
8724	65 
8725	319 
8726	277 
8727	296 
8728	303 
8729	13 
8730	82 
8731	84 
8732	285 
8733	166 
8734	159 
8735	252 
8736	225 
8737	192 
8738	132 
8739	1 
8740	216 
8741	62 
8742	310 
8743	308 
8744	171 
8745	289 
8746	174 
8747	282 
8748	132 
8749	280 
8750	230 
8751	35 
8752	1 
8753	84 
8754	141 
8755	36 
8756	134 
8757	137 
8758	57 
8759	15 
8760	201 
8761	49 
8762	47 
8763	106 
8764	289 
8765	260 
8766	221 
8767	233 
8768	164 
8769	83 
8770	10 
8771	32 
8772	289 
8773	230 
8774	68 
8775	178 
8776	230 
8777	137 
8778	220 
8779	97 
8780	143 
8781	144 
8782	273 
8783	274 
8784	300 
8785	111 
8786	289 
8787	19 
8788	194 
8789	122 
8790	262 
8791	167 
8792	95 
8793	97 
8794	274 
8795	122 
8796	132 
8797	49 
8798	144 
8799	24 
8800	106 
8801	166 
8802	132 
8803	187 
8804	234 
8805	107 
8806	276 
8807	217 
8808	216 
8809	212 
8810	225 
8811	117 
8812	165 
8813	76 
8814	173 
8815	4 
8816	162 
8817	97 
8818	296 
8819	81 
8820	291 
8821	273 
8822	326 
8823	201 
8824	123 
8825	35 
8826	157 
8827	194 
8828	252 
8829	199 
8830	280 
8831	253 
8832	232 
8833	25 
8834	194 
8835	60 
8836	114 
8837	275 
8838	252 
8839	312 
8840	312 
8841	28 
8842	240 
8843	114 
8844	25 
8845	83 
8846	220 
8847	15 
8848	28 
8849	14 
8850	57 
8851	225 
8852	62 
8853	268 
8854	261 
8855	284 
8856	171 
8857	294 
8858	298 
8859	276 
8860	28 
8861	31 
8862	25 
8863	284 
8864	216 
8865	110 
8866	56 
8867	57 
8868	205 
8869	44 
8870	310 
8871	38 
8872	185 
8873	224 
8874	57 
8875	247 
8876	133 
8877	14 
8878	312 
8879	107 
8880	65 
8881	38 
8882	107 
8883	319 
8884	49 
8885	33 
8886	277 
8887	82 
8888	91 
8889	261 
8890	128 
8891	68 
8892	247 
8893	60 
8894	14 
8895	71 
8896	44 
8897	233 
8898	171 
8899	57 
8900	240 
8901	282 
8902	104 
8903	230 
8904	57 
8905	221 
8906	91 
8907	38 
8908	185 
8909	285 
8910	68 
8911	241 
8912	7 
8913	231 
8914	308 
8915	104 
8916	139 
8917	294 
8918	240 
8919	272 
8920	141 
8921	176 
8922	49 
8923	139 
8924	166 
8925	144 
8926	178 
8927	178 
8928	136 
8929	312 
8930	82 
8931	44 
8932	1 
8933	295 
8934	225 
8935	300 
8936	302 
8937	319 
8938	137 
8939	316 
8940	62 
8941	308 
8942	60 
8943	120 
8944	95 
8945	277 
8946	19 
8947	77 
8948	136 
8949	310 
8950	312 
8951	10 
8952	194 
8953	174 
8954	28 
8955	292 
8956	49 
8957	245 
8958	143 
8959	167 
8960	16 
8961	65 
8962	168 
8963	316 
8964	65 
8965	81 
8966	131 
8967	277 
8968	276 
8969	6 
8970	160 
8971	117 
8972	107 
8973	143 
8974	132 
8975	148 
8976	178 
8977	110 
8978	164 
8979	10 
8980	28 
8981	176 
8982	245 
8983	141 
8984	120 
8985	136 
8986	234 
8987	143 
8988	209 
8989	280 
8990	232 
8991	212 
8992	48 
8993	107 
8994	157 
8995	243 
8996	71 
8997	144 
8998	240 
8999	104 
9000	80 
9001	97 
9002	247 
9003	312 
9004	141 
9005	128 
9006	87 
9007	71 
9008	231 
9009	33 
9010	295 
9011	134 
9012	157 
9013	81 
9014	68 
9015	213 
9016	53 
9017	310 
9018	168 
9019	48 
9020	232 
9021	234 
9022	192 
9023	133 
9024	68 
9025	316 
9026	292 
9027	38 
9028	192 
9029	179 
9030	144 
9031	326 
9032	60 
9033	273 
9034	296 
9035	201 
9036	80 
9037	297 
9038	44 
9039	252 
9040	137 
9041	221 
9042	18 
9043	76 
9044	143 
9045	156 
9046	68 
9047	114 
9048	280 
9049	178 
9050	289 
9051	104 
9052	174 
9053	6 
9054	142 
9055	13 
9056	187 
9057	308 
9058	232 
9059	1 
9060	216 
9061	114 
9062	134 
9063	60 
9064	260 
9065	117 
9066	284 
9067	171 
9068	294 
9069	230 
9070	285 
9071	174 
9072	308 
9073	253 
9074	49 
9075	132 
9076	225 
9077	122 
9078	164 
9079	114 
9080	62 
9081	77 
9082	1 
9083	32 
9084	112 
9085	133 
9086	71 
9087	118 
9088	160 
9089	157 
9090	308 
9091	260 
9092	296 
9093	252 
9094	225 
9095	201 
9096	189 
9097	298 
9098	294 
9099	33 
9100	82 
9101	210 
9102	189 
9103	83 
9104	252 
9105	162 
9106	104 
9107	225 
9108	291 
9109	225 
9110	64 
9111	1 
9112	95 
9113	114 
9114	168 
9115	13 
9116	185 
9117	60 
9118	303 
9119	260 
9120	83 
9121	1 
9122	36 
9123	134 
9124	310 
9125	274 
9126	133 
9127	282 
9128	137 
9129	192 
9130	117 
9131	24 
9132	224 
9133	142 
9134	308 
9135	142 
9136	7 
9137	139 
9138	67 
9139	230 
9140	83 
9141	269 
9142	77 
9143	247 
9144	216 
9145	297 
9146	166 
9147	91 
9148	230 
9149	274 
9150	120 
9151	53 
9152	146 
9153	276 
9154	89 
9155	77 
9156	76 
9157	24 
9158	53 
9159	194 
9160	132 
9161	312 
9162	89 
9163	24 
9164	14 
9165	178 
9166	160 
9167	277 
9168	24 
9169	316 
9170	164 
9171	10 
9172	71 
9173	106 
9174	274 
9175	95 
9176	6 
9177	267 
9178	68 
9179	112 
9180	303 
9181	131 
9182	104 
9183	80 
9184	234 
9185	142 
9186	36 
9187	10 
9188	122 
9189	104 
9190	87 
9191	275 
9192	146 
9193	13 
9194	112 
9195	97 
9196	284 
9197	143 
9198	303 
9199	176 
9200	276 
9201	111 
9202	236 
9203	132 
9204	110 
9205	32 
9206	47 
9207	289 
9208	97 
9209	43 
9210	57 
9211	57 
9212	35 
9213	205 
9214	120 
9215	110 
9216	297 
9217	309 
9218	112 
9219	71 
9220	141 
9221	165 
9222	192 
9223	245 
9224	136 
9225	268 
9226	164 
9227	213 
9228	178 
9229	160 
9230	276 
9231	268 
9232	303 
9233	201 
9234	33 
9235	36 
9236	277 
9237	71 
9238	164 
9239	141 
9240	319 
9241	310 
9242	146 
9243	297 
9244	110 
9245	4 
9246	60 
9247	19 
9248	210 
9249	71 
9250	156 
9251	166 
9252	164 
9253	146 
9254	173 
9255	168 
9256	19 
9257	57 
9258	319 
9259	209 
9260	187 
9261	6 
9262	179 
9263	269 
9264	274 
9265	159 
9266	300 
9267	141 
9268	310 
9269	274 
9270	1 
9271	49 
9272	53 
9273	15 
9274	267 
9275	5 
9276	131 
9277	80 
9278	216 
9279	310 
9280	49 
9281	220 
9282	212 
9283	120 
9284	139 
9285	120 
9286	179 
9287	173 
9288	187 
9289	134 
9290	280 
9291	174 
9292	160 
9293	157 
9294	300 
9295	224 
9296	289 
9297	76 
9298	296 
9299	76 
9300	114 
9301	95 
9302	33 
9303	179 
9304	132 
9305	111 
9306	16 
9307	77 
9308	300 
9309	178 
9310	82 
9311	231 
9312	80 
9313	144 
9314	168 
9315	141 
9316	269 
9317	261 
9318	134 
9319	268 
9320	18 
9321	173 
9322	292 
9323	120 
9324	252 
9325	252 
9326	25 
9327	267 
9328	118 
9329	174 
9330	47 
9331	157 
9332	95 
9333	33 
9334	224 
9335	221 
9336	19 
9337	297 
9338	310 
9339	308 
9340	133 
9341	298 
9342	220 
9343	245 
9344	209 
9345	268 
9346	16 
9347	213 
9348	114 
9349	47 
9350	84 
9351	268 
9352	210 
9353	19 
9354	10 
9355	166 
9356	60 
9357	164 
9358	117 
9359	33 
9360	6 
9361	167 
9362	6 
9363	24 
9364	167 
9365	5 
9366	253 
9367	276 
9368	57 
9369	232 
9370	326 
9371	216 
9372	277 
9373	57 
9374	159 
9375	107 
9376	15 
9377	280 
9378	132 
9379	111 
9380	16 
9381	53 
9382	294 
9383	252 
9384	47 
9385	160 
9386	47 
9387	230 
9388	267 
9389	230 
9390	71 
9391	65 
9392	18 
9393	221 
9394	224 
9395	1 
9396	225 
9397	243 
9398	274 
9399	104 
9400	297 
9401	326 
9402	280 
9403	173 
9404	174 
9405	166 
9406	68 
9407	280 
9408	104 
9409	122 
9410	117 
9411	7 
9412	160 
9413	68 
9414	164 
9415	160 
9416	316 
9417	68 
9418	231 
9419	18 
9420	194 
9421	294 
9422	48 
9423	95 
9424	117 
9425	122 
9426	13 
9427	221 
9428	19 
9429	274 
9430	216 
9431	296 
9432	162 
9433	49 
9434	5 
9435	276 
9436	68 
9437	276 
9438	104 
9439	309 
9440	316 
9441	316 
9442	15 
9443	213 
9444	134 
9445	162 
9446	97 
9447	53 
9448	243 
9449	166 
9450	309 
9451	137 
9452	273 
9453	220 
9454	261 
9455	276 
9456	136 
9457	291 
9458	159 
9459	171 
9460	261 
9461	83 
9462	230 
9463	157 
9464	18 
9465	57 
9466	294 
9467	285 
9468	25 
9469	326 
9470	294 
9471	144 
9472	297 
9473	232 
9474	104 
9475	303 
9476	106 
9477	122 
9478	1 
9479	231 
9480	192 
9481	111 
9482	25 
9483	84 
9484	134 
9485	274 
9486	107 
9487	143 
9488	308 
9489	14 
9490	53 
9491	91 
9492	319 
9493	171 
9494	316 
9495	144 
9496	216 
9497	198 
9498	319 
9499	164 
9500	133 
9501	225 
9502	133 
9503	225 
9504	310 
9505	144 
9506	247 
9507	225 
9508	136 
9509	120 
9510	247 
9511	285 
9512	247 
9513	274 
9514	83 
9515	71 
9516	156 
9517	6 
9518	236 
9519	64 
9520	25 
9521	167 
9522	133 
9523	10 
9524	33 
9525	114 
9526	276 
9527	132 
9528	104 
9529	253 
9530	205 
9531	297 
9532	210 
9533	156 
9534	36 
9535	312 
9536	71 
9537	192 
9538	194 
9539	210 
9540	243 
9541	157 
9542	117 
9543	106 
9544	67 
9545	198 
9546	312 
9547	143 
9548	178 
9549	143 
9550	133 
9551	253 
9552	133 
9553	136 
9554	57 
9555	36 
9556	13 
9557	112 
9558	120 
9559	141 
9560	221 
9561	122 
9562	132 
9563	49 
9564	110 
9565	276 
9566	252 
9567	316 
9568	194 
9569	5 
9570	18 
9571	173 
9572	67 
9573	312 
9574	133 
9575	213 
9576	159 
9577	280 
9578	157 
9579	274 
9580	1 
9581	173 
9582	71 
9583	273 
9584	87 
9585	209 
9586	213 
9587	253 
9588	159 
9589	225 
9590	122 
9591	6 
9592	4 
9593	225 
9594	49 
9595	25 
9596	282 
9597	110 
9598	212 
9599	294 
9600	146 
9601	273 
9602	274 
9603	67 
9604	192 
9605	144 
9606	212 
9607	164 
9608	319 
9609	303 
9610	133 
9611	273 
9612	117 
9613	24 
9614	221 
9615	18 
9616	111 
9617	84 
9618	71 
9619	273 
9620	179 
9621	319 
9622	24 
9623	194 
9624	225 
9625	166 
9626	280 
9627	220 
9628	308 
9629	280 
9630	87 
9631	80 
9632	168 
9633	224 
9634	230 
9635	212 
9636	326 
9637	68 
9638	209 
9639	68 
9640	205 
9641	209 
9642	224 
9643	134 
9644	178 
9645	144 
9646	312 
9647	274 
9648	157 
9649	110 
9650	95 
9651	296 
9652	28 
9653	310 
9654	230 
9655	57 
9656	247 
9657	36 
9658	240 
9659	24 
9660	53 
9661	316 
9662	60 
9663	68 
9664	24 
9665	298 
9666	159 
9667	133 
9668	276 
9669	28 
9670	231 
9671	316 
9672	224 
9673	316 
9674	122 
9675	25 
9676	252 
9677	268 
9678	134 
9679	326 
9680	205 
9681	189 
9682	326 
9683	230 
9684	137 
9685	280 
9686	15 
9687	68 
9688	212 
9689	15 
9690	76 
9691	24 
9692	91 
9693	166 
9694	19 
9695	10 
9696	76 
9697	83 
9698	67 
9699	308 
9700	110 
9701	213 
9702	159 
9703	16 
9704	316 
9705	132 
9706	157 
9707	212 
9708	205 
9709	18 
9710	95 
9711	298 
9712	173 
9713	24 
9714	5 
9715	285 
9716	157 
9717	13 
9718	6 
9719	91 
9720	107 
9721	164 
9722	133 
9723	68 
9724	261 
9725	6 
9726	71 
9727	49 
9728	166 
9729	117 
9730	97 
9731	276 
9732	60 
9733	230 
9734	216 
9735	24 
9736	209 
9737	174 
9738	53 
9739	209 
9740	252 
9741	166 
9742	209 
9743	1 
9744	6 
9745	225 
9746	178 
9747	111 
9748	91 
9749	224 
9750	71 
9751	294 
9752	159 
9753	276 
9754	326 
9755	36 
9756	213 
9757	10 
9758	19 
9759	224 
9760	156 
9761	166 
9762	296 
9763	260 
9764	308 
9765	134 
9766	110 
9767	60 
9768	122 
9769	160 
9770	298 
9771	16 
9772	95 
9773	289 
9774	297 
9775	77 
9776	173 
9777	110 
9778	111 
9779	10 
9780	168 
9781	53 
9782	76 
9783	60 
9784	77 
9785	243 
9786	220 
9787	60 
9788	60 
9789	16 
9790	247 
9791	95 
9792	167 
9793	16 
9794	247 
9795	312 
9796	319 
9797	14 
9798	276 
9799	104 
9800	107 
9801	326 
9802	53 
9803	174 
9804	173 
9805	68 
9806	57 
9807	157 
9808	168 
9809	132 
9810	316 
9811	122 
9812	36 
9813	13 
9814	95 
9815	221 
9816	146 
9817	95 
9818	277 
9819	308 
9820	141 
9821	209 
9822	216 
9823	209 
9824	230 
9825	213 
9826	166 
9827	220 
9828	274 
9829	159 
9830	60 
9831	173 
9832	168 
9833	4 
9834	326 
9835	120 
9836	224 
9837	205 
9838	68 
9839	319 
9840	141 
9841	57 
9842	107 
9843	326 
9844	10 
9845	308 
9846	57 
9847	141 
9848	277 
9849	310 
9850	156 
9851	224 
9852	268 
9853	230 
9854	65 
9855	213 
9856	179 
9857	284 
9858	243 
9859	216 
9860	316 
9861	36 
9862	284 
9863	157 
9864	166 
9865	60 
9866	156 
9867	253 
9868	114 
9869	104 
9870	107 
9871	122 
9872	179 
9873	146 
9874	83 
9875	230 
9876	114 
9877	247 
9878	174 
9879	68 
9880	16 
9881	77 
9882	24 
9883	156 
9884	95 
9885	326 
9886	166 
9887	159 
9888	168 
9889	282 
9890	114 
9891	276 
9892	65 
9893	308 
9894	28 
9895	225 
9896	171 
9897	294 
9898	24 
9899	95 
9900	114 
9901	168 
9902	141 
9903	76 
9904	6 
9905	224 
9906	83 
9907	240 
9908	194 
9909	53 
9910	95 
9911	216 
9912	14 
9913	156 
9914	205 
9915	104 
9916	159 
9917	71 
9918	247 
9919	310 
9920	240 
9921	10 
9922	253 
9923	173 
9924	171 
9925	6 
9926	171 
9927	36 
9928	296 
9929	308 
9930	243 
9931	60 
9932	141 
9933	209 
9934	280 
9935	268 
9936	104 
9937	6 
9938	216 
9939	110 
9940	53 
9941	141 
9942	274 
9943	280 
9944	276 
9945	326 
9946	68 
9947	28 
9948	4 
9949	25 
9950	28 
9951	132 
9952	144 
9953	213 
9954	95 
9955	5 
9956	53 
9957	166 
9958	296 
9959	49 
9960	117 
9961	319 
9962	303 
9963	277 
9964	157 
9965	296 
9966	168 
9967	276 
9968	146 
9969	60 
9970	53 
9971	194 
9972	312 
9973	297 
9974	296 
9975	274 
9976	166 
9977	53 
9978	28 
9979	53 
9980	216 
9981	25 
9982	146 
9983	24 
9984	49 
9985	146 
9986	117 
9987	132 
9988	117 
9989	28 
9990	49 
9991	53 
9992	297 
9993	71 
9994	76 
9995	247 
9996	173 
9997	166 
9998	4 
9999	280 
10000	230 
