1	173 
2	110 
3	218 
4	123 
5	195 
6	257 
7	199 
8	139 
9	40 
10	10 
11	193 
12	14 
13	174 
14	76 
15	269 
16	164 
17	29 
18	170 
19	174 
20	232 
21	110 
22	20 
23	165 
24	11 
25	132 
26	125 
27	101 
28	24 
29	73 
30	191 
31	205 
32	35 
33	55 
34	116 
35	195 
36	55 
37	250 
38	226 
39	165 
40	251 
41	31 
42	204 
43	248 
44	178 
45	198 
46	247 
47	147 
48	123 
49	41 
50	57 
51	105 
52	49 
53	188 
54	80 
55	198 
56	45 
57	192 
58	110 
59	154 
60	190 
61	44 
62	166 
63	128 
64	37 
65	77 
66	142 
67	3 
68	183 
69	170 
70	45 
71	184 
72	154 
73	139 
74	166 
75	31 
76	92 
77	173 
78	213 
79	215 
80	85 
81	15 
82	66 
83	177 
84	185 
85	275 
86	203 
87	30 
88	206 
89	44 
90	93 
91	10 
92	188 
93	141 
94	98 
95	73 
96	228 
97	11 
98	101 
99	250 
100	268 
101	193 
102	91 
103	28 
104	12 
105	44 
106	30 
107	225 
108	41 
109	163 
110	195 
111	106 
112	102 
113	13 
114	249 
115	198 
116	188 
117	41 
118	2 
119	111 
120	172 
121	40 
122	32 
123	99 
124	12 
125	158 
126	71 
127	237 
128	178 
129	253 
130	30 
131	28 
132	32 
133	271 
134	81 
135	141 
136	225 
137	33 
138	227 
139	83 
140	49 
141	128 
142	117 
143	79 
144	113 
145	85 
146	104 
147	229 
148	203 
149	257 
150	85 
151	22 
152	265 
153	138 
154	136 
155	43 
156	97 
157	65 
158	280 
159	262 
160	108 
161	40 
162	107 
163	128 
164	182 
165	155 
166	35 
167	147 
168	76 
169	274 
170	17 
171	8 
172	242 
173	101 
174	215 
175	116 
176	84 
177	281 
178	71 
179	151 
180	79 
181	255 
182	119 
183	175 
184	91 
185	254 
186	193 
187	135 
188	5 
189	197 
190	116 
191	108 
192	72 
193	112 
194	201 
195	206 
196	46 
197	63 
198	245 
199	267 
200	50 
201	141 
202	47 
203	49 
204	126 
205	40 
206	210 
207	111 
208	182 
209	157 
210	195 
211	272 
212	216 
213	149 
214	246 
215	65 
216	159 
217	275 
218	23 
219	233 
220	244 
221	15 
222	241 
223	57 
224	234 
225	228 
226	60 
227	99 
228	8 
229	235 
230	8 
231	168 
232	262 
233	155 
234	34 
235	23 
236	133 
237	270 
238	177 
239	181 
240	222 
241	26 
242	210 
243	184 
244	90 
245	261 
246	7 
247	275 
248	196 
249	251 
250	137 
251	254 
252	244 
253	162 
254	132 
255	208 
256	217 
257	62 
258	27 
259	188 
260	37 
261	141 
262	251 
263	248 
264	123 
265	209 
266	11 
267	211 
268	265 
269	147 
270	78 
271	233 
272	170 
273	85 
274	67 
275	127 
276	112 
277	109 
278	277 
279	263 
280	17 
281	85 
282	160 
283	67 
284	207 
285	114 
286	102 
287	7 
288	142 
289	137 
290	188 
291	124 
292	247 
293	108 
294	182 
295	46 
296	98 
297	14 
298	264 
299	239 
300	188 
301	190 
302	88 
303	112 
304	269 
305	215 
306	5 
307	139 
308	190 
309	35 
310	246 
311	157 
312	226 
313	48 
314	224 
315	3 
316	197 
317	203 
318	173 
319	200 
320	79 
321	113 
322	42 
323	184 
324	110 
325	252 
326	108 
327	76 
328	178 
329	144 
330	162 
331	174 
332	114 
333	146 
334	50 
335	111 
336	225 
337	67 
338	209 
339	152 
340	262 
341	135 
342	68 
343	202 
344	102 
345	192 
346	38 
347	242 
348	217 
349	168 
350	94 
351	114 
352	49 
353	103 
354	147 
355	212 
356	128 
357	265 
358	155 
359	68 
360	51 
361	76 
362	60 
363	271 
364	191 
365	113 
366	85 
367	223 
368	108 
369	118 
370	60 
371	48 
372	34 
373	82 
374	224 
375	205 
376	55 
377	16 
378	142 
379	171 
380	274 
381	171 
382	197 
383	101 
384	21 
385	42 
386	13 
387	50 
388	236 
389	180 
390	184 
391	7 
392	196 
393	244 
394	273 
395	230 
396	41 
397	149 
398	139 
399	148 
400	254 
401	169 
402	275 
403	264 
404	208 
405	129 
406	55 
407	280 
408	157 
409	94 
410	244 
411	192 
412	264 
413	71 
414	112 
415	20 
416	247 
417	231 
418	79 
419	152 
420	60 
421	66 
422	200 
423	124 
424	238 
425	211 
426	62 
427	32 
428	26 
429	153 
430	4 
431	129 
432	237 
433	201 
434	237 
435	70 
436	112 
437	140 
438	25 
439	9 
440	155 
441	37 
442	247 
443	218 
444	88 
445	206 
446	58 
447	75 
448	210 
449	55 
450	108 
451	40 
452	128 
453	181 
454	166 
455	272 
456	197 
457	97 
458	261 
459	230 
460	87 
461	36 
462	51 
463	233 
464	30 
465	89 
466	213 
467	199 
468	28 
469	9 
470	93 
471	265 
472	271 
473	105 
474	10 
475	96 
476	142 
477	242 
478	86 
479	250 
480	10 
481	139 
482	179 
483	136 
484	88 
485	28 
486	94 
487	240 
488	179 
489	243 
490	83 
491	32 
492	184 
493	106 
494	244 
495	249 
496	35 
497	70 
498	119 
499	60 
500	51 
501	190 
502	61 
503	202 
504	260 
505	239 
506	198 
507	31 
508	248 
509	265 
510	129 
511	268 
512	224 
513	236 
514	66 
515	268 
516	247 
517	263 
518	139 
519	110 
520	133 
521	248 
522	16 
523	133 
524	229 
525	198 
526	123 
527	135 
528	250 
529	159 
530	101 
531	14 
532	236 
533	218 
534	108 
535	20 
536	134 
537	127 
538	46 
539	208 
540	237 
541	183 
542	97 
543	102 
544	185 
545	136 
546	254 
547	66 
548	92 
549	177 
550	52 
551	51 
552	83 
553	45 
554	149 
555	80 
556	113 
557	82 
558	128 
559	229 
560	24 
561	1 
562	10 
563	275 
564	242 
565	232 
566	10 
567	163 
568	182 
569	27 
570	129 
571	277 
572	182 
573	245 
574	172 
575	193 
576	147 
577	86 
578	118 
579	112 
580	220 
581	50 
582	133 
583	66 
584	201 
585	60 
586	176 
587	83 
588	87 
589	61 
590	149 
591	188 
592	18 
593	15 
594	222 
595	179 
596	203 
597	14 
598	243 
599	225 
600	26 
601	245 
602	108 
603	97 
604	91 
605	14 
606	254 
607	199 
608	69 
609	72 
610	107 
611	215 
612	203 
613	122 
614	184 
615	230 
616	49 
617	58 
618	13 
619	61 
620	134 
621	65 
622	57 
623	193 
624	157 
625	115 
626	235 
627	51 
628	34 
629	265 
630	135 
631	66 
632	203 
633	56 
634	6 
635	206 
636	141 
637	108 
638	264 
639	120 
640	100 
641	140 
642	140 
643	158 
644	267 
645	178 
646	233 
647	66 
648	200 
649	79 
650	4 
651	83 
652	17 
653	244 
654	226 
655	53 
656	28 
657	144 
658	150 
659	151 
660	79 
661	133 
662	196 
663	219 
664	269 
665	205 
666	239 
667	256 
668	85 
669	87 
670	256 
671	260 
672	13 
673	27 
674	62 
675	152 
676	38 
677	55 
678	200 
679	232 
680	146 
681	70 
682	127 
683	155 
684	100 
685	276 
686	51 
687	127 
688	13 
689	134 
690	261 
691	161 
692	211 
693	155 
694	224 
695	185 
696	94 
697	128 
698	96 
699	117 
700	165 
701	269 
702	134 
703	207 
704	40 
705	29 
706	134 
707	13 
708	83 
709	133 
710	228 
711	272 
712	250 
713	36 
714	254 
715	272 
716	73 
717	72 
718	147 
719	47 
720	194 
721	147 
722	8 
723	257 
724	83 
725	155 
726	79 
727	257 
728	182 
729	194 
730	10 
731	267 
732	220 
733	132 
734	110 
735	267 
736	177 
737	264 
738	44 
739	229 
740	127 
741	55 
742	210 
743	117 
744	114 
745	47 
746	42 
747	1 
748	34 
749	139 
750	238 
751	262 
752	192 
753	47 
754	223 
755	55 
756	233 
757	95 
758	187 
759	132 
760	259 
761	31 
762	79 
763	259 
764	251 
765	246 
766	256 
767	59 
768	10 
769	239 
770	66 
771	109 
772	250 
773	39 
774	256 
775	189 
776	221 
777	26 
778	10 
779	20 
780	62 
781	44 
782	262 
783	215 
784	95 
785	78 
786	182 
787	71 
788	224 
789	125 
790	77 
791	227 
792	183 
793	239 
794	62 
795	128 
796	145 
797	131 
798	143 
799	246 
800	153 
801	105 
802	5 
803	184 
804	116 
805	150 
806	188 
807	83 
808	100 
809	263 
810	193 
811	160 
812	93 
813	149 
814	62 
815	270 
816	38 
817	268 
818	70 
819	19 
820	264 
821	226 
822	167 
823	182 
824	60 
825	81 
826	252 
827	73 
828	78 
829	83 
830	237 
831	26 
832	186 
833	102 
834	161 
835	37 
836	190 
837	93 
838	98 
839	143 
840	225 
841	240 
842	156 
843	244 
844	152 
845	104 
846	164 
847	281 
848	95 
849	237 
850	93 
851	235 
852	57 
853	258 
854	119 
855	159 
856	49 
857	40 
858	129 
859	228 
860	178 
861	116 
862	280 
863	183 
864	275 
865	165 
866	172 
867	141 
868	264 
869	202 
870	146 
871	207 
872	82 
873	276 
874	167 
875	173 
876	107 
877	270 
878	253 
879	236 
880	245 
881	72 
882	254 
883	154 
884	51 
885	92 
886	65 
887	209 
888	224 
889	39 
890	107 
891	82 
892	26 
893	72 
894	33 
895	99 
896	86 
897	91 
898	85 
899	254 
900	168 
901	64 
902	243 
903	216 
904	201 
905	270 
906	116 
907	187 
908	139 
909	44 
910	195 
911	54 
912	140 
913	182 
914	125 
915	46 
916	193 
917	27 
918	213 
919	157 
920	221 
921	184 
922	266 
923	24 
924	177 
925	19 
926	279 
927	44 
928	18 
929	168 
930	180 
931	4 
932	276 
933	99 
934	143 
935	51 
936	50 
937	168 
938	99 
939	133 
940	8 
941	184 
942	65 
943	108 
944	172 
945	129 
946	33 
947	164 
948	203 
949	267 
950	65 
951	230 
952	107 
953	195 
954	154 
955	206 
956	56 
957	69 
958	243 
959	119 
960	259 
961	23 
962	39 
963	92 
964	78 
965	54 
966	55 
967	84 
968	44 
969	272 
970	178 
971	237 
972	129 
973	98 
974	228 
975	111 
976	1 
977	121 
978	106 
979	179 
980	6 
981	249 
982	100 
983	265 
984	148 
985	196 
986	53 
987	116 
988	25 
989	114 
990	143 
991	230 
992	133 
993	161 
994	46 
995	246 
996	24 
997	210 
998	12 
999	206 
1000	249 
1001	145 
1002	112 
1003	247 
1004	167 
1005	281 
1006	175 
1007	160 
1008	3 
1009	147 
1010	182 
1011	62 
1012	259 
1013	154 
1014	43 
1015	106 
1016	72 
1017	174 
1018	6 
1019	273 
1020	75 
1021	144 
1022	65 
1023	231 
1024	94 
1025	280 
1026	136 
1027	79 
1028	33 
1029	225 
1030	203 
1031	227 
1032	244 
1033	5 
1034	34 
1035	25 
1036	64 
1037	146 
1038	253 
1039	112 
1040	212 
1041	62 
1042	86 
1043	82 
1044	120 
1045	259 
1046	5 
1047	40 
1048	43 
1049	19 
1050	87 
1051	271 
1052	187 
1053	260 
1054	210 
1055	230 
1056	219 
1057	116 
1058	163 
1059	227 
1060	20 
1061	178 
1062	36 
1063	46 
1064	5 
1065	259 
1066	134 
1067	60 
1068	107 
1069	12 
1070	183 
1071	158 
1072	200 
1073	185 
1074	168 
1075	37 
1076	103 
1077	26 
1078	45 
1079	208 
1080	78 
1081	166 
1082	191 
1083	224 
1084	233 
1085	256 
1086	265 
1087	42 
1088	35 
1089	168 
1090	78 
1091	195 
1092	83 
1093	176 
1094	195 
1095	6 
1096	151 
1097	227 
1098	199 
1099	101 
1100	133 
1101	108 
1102	235 
1103	196 
1104	121 
1105	9 
1106	9 
1107	185 
1108	17 
1109	66 
1110	77 
1111	47 
1112	266 
1113	195 
1114	225 
1115	196 
1116	60 
1117	5 
1118	30 
1119	73 
1120	137 
1121	146 
1122	60 
1123	117 
1124	24 
1125	11 
1126	259 
1127	135 
1128	94 
1129	221 
1130	203 
1131	52 
1132	26 
1133	161 
1134	107 
1135	190 
1136	232 
1137	261 
1138	178 
1139	190 
1140	258 
1141	173 
1142	130 
1143	206 
1144	243 
1145	43 
1146	164 
1147	255 
1148	272 
1149	149 
1150	138 
1151	83 
1152	234 
1153	257 
1154	196 
1155	272 
1156	41 
1157	211 
1158	85 
1159	205 
1160	64 
1161	238 
1162	48 
1163	57 
1164	79 
1165	169 
1166	154 
1167	20 
1168	172 
1169	22 
1170	47 
1171	219 
1172	270 
1173	121 
1174	90 
1175	96 
1176	109 
1177	80 
1178	265 
1179	34 
1180	277 
1181	230 
1182	27 
1183	69 
1184	269 
1185	257 
1186	48 
1187	5 
1188	179 
1189	9 
1190	255 
1191	208 
1192	128 
1193	16 
1194	126 
1195	60 
1196	212 
1197	232 
1198	205 
1199	114 
1200	190 
1201	158 
1202	166 
1203	31 
1204	169 
1205	48 
1206	61 
1207	242 
1208	157 
1209	106 
1210	63 
1211	138 
1212	205 
1213	248 
1214	95 
1215	19 
1216	143 
1217	184 
1218	96 
1219	205 
1220	239 
1221	205 
1222	204 
1223	27 
1224	158 
1225	36 
1226	15 
1227	84 
1228	198 
1229	117 
1230	268 
1231	242 
1232	181 
1233	215 
1234	187 
1235	191 
1236	215 
1237	74 
1238	242 
1239	56 
1240	80 
1241	53 
1242	145 
1243	142 
1244	153 
1245	94 
1246	196 
1247	207 
1248	76 
1249	141 
1250	262 
1251	226 
1252	120 
1253	3 
1254	102 
1255	152 
1256	275 
1257	97 
1258	75 
1259	201 
1260	237 
1261	143 
1262	33 
1263	101 
1264	143 
1265	233 
1266	127 
1267	264 
1268	43 
1269	183 
1270	191 
1271	193 
1272	21 
1273	7 
1274	52 
1275	266 
1276	135 
1277	119 
1278	250 
1279	64 
1280	176 
1281	264 
1282	165 
1283	70 
1284	67 
1285	231 
1286	117 
1287	86 
1288	249 
1289	27 
1290	174 
1291	22 
1292	133 
1293	122 
1294	277 
1295	40 
1296	249 
1297	190 
1298	190 
1299	80 
1300	251 
1301	216 
1302	36 
1303	96 
1304	45 
1305	4 
1306	197 
1307	69 
1308	35 
1309	224 
1310	275 
1311	146 
1312	5 
1313	223 
1314	188 
1315	93 
1316	118 
1317	226 
1318	183 
1319	171 
1320	237 
1321	118 
1322	155 
1323	71 
1324	268 
1325	58 
1326	37 
1327	54 
1328	75 
1329	169 
1330	43 
1331	7 
1332	220 
1333	126 
1334	139 
1335	102 
1336	247 
1337	175 
1338	7 
1339	129 
1340	231 
1341	133 
1342	203 
1343	162 
1344	134 
1345	69 
1346	52 
1347	5 
1348	265 
1349	215 
1350	11 
1351	9 
1352	44 
1353	178 
1354	9 
1355	71 
1356	72 
1357	66 
1358	91 
1359	133 
1360	223 
1361	74 
1362	217 
1363	105 
1364	57 
1365	275 
1366	185 
1367	116 
1368	125 
1369	79 
1370	268 
1371	97 
1372	169 
1373	246 
1374	242 
1375	272 
1376	235 
1377	103 
1378	51 
1379	48 
1380	115 
1381	155 
1382	133 
1383	108 
1384	60 
1385	147 
1386	273 
1387	197 
1388	42 
1389	272 
1390	31 
1391	125 
1392	197 
1393	238 
1394	61 
1395	12 
1396	25 
1397	57 
1398	20 
1399	5 
1400	266 
1401	257 
1402	96 
1403	115 
1404	160 
1405	190 
1406	207 
1407	5 
1408	255 
1409	229 
1410	281 
1411	84 
1412	57 
1413	163 
1414	17 
1415	249 
1416	252 
1417	237 
1418	72 
1419	257 
1420	254 
1421	29 
1422	210 
1423	240 
1424	200 
1425	273 
1426	261 
1427	277 
1428	250 
1429	9 
1430	232 
1431	204 
1432	89 
1433	89 
1434	61 
1435	41 
1436	32 
1437	155 
1438	182 
1439	139 
1440	180 
1441	182 
1442	115 
1443	252 
1444	98 
1445	98 
1446	250 
1447	207 
1448	92 
1449	115 
1450	274 
1451	50 
1452	140 
1453	204 
1454	247 
1455	244 
1456	68 
1457	120 
1458	118 
1459	205 
1460	201 
1461	210 
1462	95 
1463	95 
1464	237 
1465	142 
1466	125 
1467	62 
1468	248 
1469	115 
1470	262 
1471	7 
1472	224 
1473	82 
1474	145 
1475	193 
1476	249 
1477	60 
1478	194 
1479	131 
1480	241 
1481	72 
1482	155 
1483	60 
1484	220 
1485	85 
1486	243 
1487	125 
1488	186 
1489	217 
1490	56 
1491	76 
1492	25 
1493	127 
1494	228 
1495	179 
1496	270 
1497	276 
1498	105 
1499	60 
1500	190 
1501	60 
1502	262 
1503	162 
1504	203 
1505	209 
1506	117 
1507	3 
1508	89 
1509	222 
1510	232 
1511	29 
1512	190 
1513	84 
1514	88 
1515	194 
1516	113 
1517	9 
1518	146 
1519	70 
1520	8 
1521	92 
1522	210 
1523	76 
1524	33 
1525	65 
1526	38 
1527	197 
1528	184 
1529	101 
1530	28 
1531	156 
1532	246 
1533	227 
1534	213 
1535	210 
1536	6 
1537	106 
1538	278 
1539	165 
1540	150 
1541	250 
1542	78 
1543	229 
1544	278 
1545	243 
1546	100 
1547	128 
1548	164 
1549	110 
1550	138 
1551	32 
1552	26 
1553	248 
1554	114 
1555	27 
1556	107 
1557	243 
1558	264 
1559	132 
1560	38 
1561	263 
1562	101 
1563	83 
1564	130 
1565	223 
1566	252 
1567	257 
1568	255 
1569	48 
1570	21 
1571	255 
1572	57 
1573	276 
1574	134 
1575	152 
1576	235 
1577	248 
1578	249 
1579	7 
1580	227 
1581	83 
1582	271 
1583	67 
1584	93 
1585	8 
1586	154 
1587	192 
1588	29 
1589	77 
1590	280 
1591	99 
1592	207 
1593	156 
1594	146 
1595	18 
1596	224 
1597	222 
1598	87 
1599	237 
1600	129 
1601	40 
1602	206 
1603	151 
1604	210 
1605	261 
1606	46 
1607	22 
1608	38 
1609	28 
1610	190 
1611	70 
1612	21 
1613	144 
1614	57 
1615	46 
1616	6 
1617	252 
1618	245 
1619	156 
1620	36 
1621	102 
1622	129 
1623	170 
1624	254 
1625	250 
1626	52 
1627	179 
1628	116 
1629	32 
1630	125 
1631	280 
1632	264 
1633	145 
1634	243 
1635	231 
1636	192 
1637	203 
1638	27 
1639	100 
1640	274 
1641	110 
1642	187 
1643	275 
1644	246 
1645	167 
1646	163 
1647	168 
1648	263 
1649	62 
1650	255 
1651	269 
1652	128 
1653	4 
1654	142 
1655	151 
1656	96 
1657	164 
1658	183 
1659	127 
1660	200 
1661	110 
1662	190 
1663	153 
1664	102 
1665	86 
1666	75 
1667	141 
1668	42 
1669	276 
1670	12 
1671	232 
1672	222 
1673	126 
1674	49 
1675	156 
1676	164 
1677	265 
1678	196 
1679	94 
1680	7 
1681	225 
1682	223 
1683	109 
1684	256 
1685	220 
1686	206 
1687	138 
1688	96 
1689	243 
1690	30 
1691	258 
1692	70 
1693	241 
1694	144 
1695	171 
1696	217 
1697	143 
1698	242 
1699	189 
1700	34 
1701	263 
1702	259 
1703	191 
1704	2 
1705	156 
1706	132 
1707	183 
1708	106 
1709	86 
1710	159 
1711	102 
1712	48 
1713	239 
1714	55 
1715	137 
1716	132 
1717	143 
1718	233 
1719	44 
1720	120 
1721	160 
1722	29 
1723	133 
1724	137 
1725	216 
1726	159 
1727	128 
1728	153 
1729	174 
1730	209 
1731	241 
1732	252 
1733	7 
1734	101 
1735	171 
1736	162 
1737	123 
1738	110 
1739	75 
1740	242 
1741	72 
1742	96 
1743	137 
1744	178 
1745	221 
1746	104 
1747	60 
1748	265 
1749	256 
1750	25 
1751	189 
1752	70 
1753	63 
1754	226 
1755	21 
1756	205 
1757	135 
1758	5 
1759	222 
1760	256 
1761	48 
1762	119 
1763	96 
1764	66 
1765	244 
1766	156 
1767	157 
1768	259 
1769	181 
1770	73 
1771	72 
1772	276 
1773	205 
1774	49 
1775	6 
1776	16 
1777	7 
1778	42 
1779	44 
1780	89 
1781	11 
1782	56 
1783	202 
1784	60 
1785	280 
1786	225 
1787	200 
1788	223 
1789	105 
1790	98 
1791	247 
1792	46 
1793	13 
1794	218 
1795	191 
1796	137 
1797	262 
1798	232 
1799	88 
1800	152 
1801	191 
1802	178 
1803	234 
1804	53 
1805	252 
1806	41 
1807	263 
1808	178 
1809	169 
1810	248 
1811	201 
1812	5 
1813	100 
1814	105 
1815	170 
1816	180 
1817	57 
1818	213 
1819	99 
1820	61 
1821	17 
1822	143 
1823	270 
1824	161 
1825	247 
1826	261 
1827	237 
1828	1 
1829	9 
1830	227 
1831	272 
1832	1 
1833	198 
1834	2 
1835	198 
1836	173 
1837	73 
1838	41 
1839	11 
1840	239 
1841	258 
1842	144 
1843	219 
1844	76 
1845	108 
1846	50 
1847	41 
1848	24 
1849	32 
1850	106 
1851	237 
1852	17 
1853	119 
1854	109 
1855	84 
1856	245 
1857	160 
1858	39 
1859	128 
1860	87 
1861	203 
1862	5 
1863	153 
1864	224 
1865	77 
1866	138 
1867	245 
1868	47 
1869	156 
1870	3 
1871	35 
1872	157 
1873	134 
1874	195 
1875	96 
1876	23 
1877	281 
1878	213 
1879	135 
1880	132 
1881	130 
1882	76 
1883	160 
1884	26 
1885	98 
1886	81 
1887	247 
1888	176 
1889	108 
1890	31 
1891	201 
1892	9 
1893	103 
1894	132 
1895	178 
1896	257 
1897	114 
1898	212 
1899	279 
1900	226 
1901	156 
1902	190 
1903	227 
1904	160 
1905	93 
1906	25 
1907	132 
1908	71 
1909	133 
1910	64 
1911	123 
1912	236 
1913	137 
1914	249 
1915	144 
1916	146 
1917	118 
1918	279 
1919	115 
1920	122 
1921	190 
1922	51 
1923	273 
1924	175 
1925	30 
1926	129 
1927	68 
1928	250 
1929	146 
1930	47 
1931	33 
1932	196 
1933	183 
1934	261 
1935	263 
1936	130 
1937	197 
1938	152 
1939	35 
1940	73 
1941	23 
1942	9 
1943	158 
1944	163 
1945	63 
1946	226 
1947	204 
1948	238 
1949	204 
1950	79 
1951	56 
1952	178 
1953	279 
1954	133 
1955	263 
1956	267 
1957	129 
1958	226 
1959	43 
1960	159 
1961	53 
1962	173 
1963	17 
1964	111 
1965	226 
1966	52 
1967	109 
1968	173 
1969	253 
1970	47 
1971	81 
1972	224 
1973	5 
1974	73 
1975	205 
1976	240 
1977	63 
1978	258 
1979	167 
1980	106 
1981	27 
1982	151 
1983	205 
1984	223 
1985	21 
1986	60 
1987	54 
1988	5 
1989	78 
1990	60 
1991	247 
1992	152 
1993	124 
1994	17 
1995	4 
1996	63 
1997	13 
1998	269 
1999	32 
2000	251 
2001	279 
2002	59 
2003	154 
2004	270 
2005	103 
2006	173 
2007	117 
2008	14 
2009	21 
2010	124 
2011	179 
2012	197 
2013	266 
2014	251 
2015	147 
2016	238 
2017	21 
2018	29 
2019	163 
2020	257 
2021	212 
2022	124 
2023	172 
2024	97 
2025	64 
2026	31 
2027	117 
2028	223 
2029	92 
2030	230 
2031	6 
2032	82 
2033	160 
2034	80 
2035	155 
2036	225 
2037	261 
2038	163 
2039	1 
2040	184 
2041	260 
2042	10 
2043	169 
2044	198 
2045	216 
2046	111 
2047	140 
2048	205 
2049	259 
2050	80 
2051	190 
2052	104 
2053	114 
2054	208 
2055	171 
2056	261 
2057	34 
2058	142 
2059	11 
2060	268 
2061	34 
2062	202 
2063	162 
2064	88 
2065	9 
2066	112 
2067	30 
2068	117 
2069	231 
2070	200 
2071	127 
2072	217 
2073	229 
2074	22 
2075	280 
2076	252 
2077	118 
2078	145 
2079	13 
2080	136 
2081	54 
2082	206 
2083	110 
2084	262 
2085	147 
2086	235 
2087	17 
2088	277 
2089	177 
2090	98 
2091	92 
2092	220 
2093	197 
2094	258 
2095	122 
2096	165 
2097	11 
2098	134 
2099	141 
2100	247 
2101	190 
2102	34 
2103	67 
2104	122 
2105	258 
2106	91 
2107	30 
2108	67 
2109	161 
2110	42 
2111	243 
2112	164 
2113	26 
2114	2 
2115	42 
2116	229 
2117	104 
2118	188 
2119	69 
2120	86 
2121	251 
2122	269 
2123	9 
2124	44 
2125	214 
2126	243 
2127	196 
2128	137 
2129	212 
2130	234 
2131	20 
2132	161 
2133	71 
2134	23 
2135	120 
2136	228 
2137	43 
2138	112 
2139	235 
2140	20 
2141	96 
2142	271 
2143	12 
2144	76 
2145	252 
2146	180 
2147	213 
2148	146 
2149	120 
2150	29 
2151	18 
2152	147 
2153	117 
2154	2 
2155	229 
2156	174 
2157	126 
2158	158 
2159	1 
2160	199 
2161	190 
2162	37 
2163	159 
2164	164 
2165	203 
2166	218 
2167	231 
2168	70 
2169	124 
2170	108 
2171	57 
2172	245 
2173	192 
2174	120 
2175	163 
2176	89 
2177	155 
2178	166 
2179	153 
2180	81 
2181	78 
2182	217 
2183	57 
2184	243 
2185	141 
2186	255 
2187	188 
2188	118 
2189	105 
2190	34 
2191	256 
2192	184 
2193	96 
2194	190 
2195	2 
2196	59 
2197	202 
2198	49 
2199	143 
2200	195 
2201	21 
2202	218 
2203	218 
2204	238 
2205	44 
2206	151 
2207	166 
2208	253 
2209	98 
2210	81 
2211	20 
2212	104 
2213	264 
2214	161 
2215	225 
2216	69 
2217	8 
2218	224 
2219	154 
2220	196 
2221	184 
2222	219 
2223	59 
2224	100 
2225	153 
2226	132 
2227	175 
2228	124 
2229	276 
2230	261 
2231	129 
2232	149 
2233	121 
2234	193 
2235	190 
2236	147 
2237	76 
2238	117 
2239	20 
2240	29 
2241	276 
2242	15 
2243	166 
2244	21 
2245	147 
2246	69 
2247	197 
2248	95 
2249	68 
2250	279 
2251	154 
2252	20 
2253	59 
2254	9 
2255	54 
2256	119 
2257	202 
2258	205 
2259	47 
2260	148 
2261	191 
2262	53 
2263	255 
2264	1 
2265	79 
2266	176 
2267	59 
2268	233 
2269	23 
2270	128 
2271	15 
2272	70 
2273	57 
2274	161 
2275	1 
2276	107 
2277	266 
2278	68 
2279	152 
2280	147 
2281	2 
2282	45 
2283	151 
2284	196 
2285	205 
2286	182 
2287	199 
2288	271 
2289	11 
2290	241 
2291	132 
2292	269 
2293	239 
2294	16 
2295	175 
2296	94 
2297	60 
2298	208 
2299	224 
2300	148 
2301	256 
2302	71 
2303	136 
2304	39 
2305	239 
2306	50 
2307	63 
2308	95 
2309	80 
2310	18 
2311	273 
2312	200 
2313	118 
2314	217 
2315	209 
2316	50 
2317	46 
2318	141 
2319	231 
2320	137 
2321	145 
2322	1 
2323	262 
2324	280 
2325	75 
2326	71 
2327	69 
2328	271 
2329	141 
2330	70 
2331	278 
2332	257 
2333	184 
2334	167 
2335	127 
2336	45 
2337	250 
2338	131 
2339	180 
2340	48 
2341	238 
2342	152 
2343	59 
2344	147 
2345	58 
2346	240 
2347	258 
2348	214 
2349	266 
2350	51 
2351	92 
2352	33 
2353	110 
2354	20 
2355	183 
2356	149 
2357	231 
2358	265 
2359	237 
2360	240 
2361	107 
2362	97 
2363	20 
2364	247 
2365	121 
2366	89 
2367	279 
2368	133 
2369	95 
2370	257 
2371	261 
2372	267 
2373	243 
2374	133 
2375	237 
2376	221 
2377	38 
2378	131 
2379	57 
2380	190 
2381	80 
2382	3 
2383	71 
2384	14 
2385	54 
2386	263 
2387	71 
2388	181 
2389	278 
2390	247 
2391	150 
2392	278 
2393	190 
2394	82 
2395	256 
2396	186 
2397	270 
2398	101 
2399	138 
2400	198 
2401	198 
2402	239 
2403	240 
2404	69 
2405	53 
2406	248 
2407	78 
2408	125 
2409	134 
2410	77 
2411	174 
2412	89 
2413	41 
2414	33 
2415	27 
2416	183 
2417	194 
2418	92 
2419	26 
2420	73 
2421	53 
2422	15 
2423	89 
2424	258 
2425	184 
2426	44 
2427	266 
2428	31 
2429	171 
2430	109 
2431	159 
2432	80 
2433	91 
2434	228 
2435	96 
2436	1 
2437	279 
2438	164 
2439	220 
2440	48 
2441	179 
2442	134 
2443	17 
2444	274 
2445	25 
2446	25 
2447	147 
2448	201 
2449	58 
2450	96 
2451	237 
2452	45 
2453	201 
2454	77 
2455	220 
2456	135 
2457	57 
2458	27 
2459	54 
2460	37 
2461	232 
2462	127 
2463	182 
2464	205 
2465	190 
2466	211 
2467	92 
2468	147 
2469	86 
2470	190 
2471	179 
2472	267 
2473	263 
2474	126 
2475	2 
2476	29 
2477	149 
2478	77 
2479	163 
2480	191 
2481	186 
2482	183 
2483	249 
2484	232 
2485	183 
2486	195 
2487	46 
2488	136 
2489	182 
2490	33 
2491	82 
2492	8 
2493	243 
2494	140 
2495	280 
2496	236 
2497	43 
2498	152 
2499	115 
2500	218 
2501	193 
2502	248 
2503	215 
2504	150 
2505	152 
2506	69 
2507	141 
2508	90 
2509	25 
2510	145 
2511	57 
2512	189 
2513	163 
2514	258 
2515	280 
2516	164 
2517	63 
2518	92 
2519	250 
2520	278 
2521	21 
2522	171 
2523	222 
2524	250 
2525	219 
2526	190 
2527	218 
2528	14 
2529	202 
2530	19 
2531	125 
2532	223 
2533	218 
2534	147 
2535	201 
2536	99 
2537	218 
2538	164 
2539	93 
2540	156 
2541	256 
2542	69 
2543	2 
2544	19 
2545	54 
2546	211 
2547	20 
2548	259 
2549	241 
2550	119 
2551	251 
2552	12 
2553	57 
2554	20 
2555	172 
2556	277 
2557	128 
2558	103 
2559	74 
2560	278 
2561	151 
2562	145 
2563	163 
2564	200 
2565	274 
2566	44 
2567	89 
2568	110 
2569	130 
2570	122 
2571	281 
2572	278 
2573	247 
2574	68 
2575	80 
2576	49 
2577	186 
2578	68 
2579	39 
2580	162 
2581	262 
2582	201 
2583	276 
2584	227 
2585	115 
2586	183 
2587	239 
2588	179 
2589	71 
2590	191 
2591	92 
2592	168 
2593	105 
2594	42 
2595	130 
2596	262 
2597	95 
2598	31 
2599	158 
2600	196 
2601	227 
2602	98 
2603	6 
2604	222 
2605	209 
2606	33 
2607	212 
2608	261 
2609	132 
2610	168 
2611	214 
2612	149 
2613	178 
2614	196 
2615	132 
2616	39 
2617	213 
2618	111 
2619	13 
2620	26 
2621	12 
2622	217 
2623	20 
2624	162 
2625	131 
2626	76 
2627	190 
2628	3 
2629	51 
2630	222 
2631	122 
2632	122 
2633	203 
2634	251 
2635	35 
2636	225 
2637	74 
2638	189 
2639	151 
2640	249 
2641	215 
2642	201 
2643	190 
2644	166 
2645	233 
2646	160 
2647	24 
2648	175 
2649	27 
2650	245 
2651	78 
2652	169 
2653	41 
2654	25 
2655	31 
2656	93 
2657	270 
2658	68 
2659	133 
2660	67 
2661	184 
2662	20 
2663	120 
2664	258 
2665	187 
2666	170 
2667	20 
2668	134 
2669	273 
2670	120 
2671	58 
2672	196 
2673	103 
2674	241 
2675	42 
2676	211 
2677	194 
2678	250 
2679	9 
2680	84 
2681	188 
2682	206 
2683	79 
2684	124 
2685	7 
2686	162 
2687	145 
2688	50 
2689	37 
2690	26 
2691	201 
2692	93 
2693	147 
2694	245 
2695	276 
2696	110 
2697	163 
2698	224 
2699	274 
2700	20 
2701	75 
2702	108 
2703	234 
2704	197 
2705	268 
2706	75 
2707	134 
2708	194 
2709	53 
2710	164 
2711	32 
2712	99 
2713	232 
2714	155 
2715	57 
2716	151 
2717	41 
2718	101 
2719	46 
2720	174 
2721	95 
2722	53 
2723	221 
2724	231 
2725	225 
2726	14 
2727	208 
2728	203 
2729	247 
2730	220 
2731	209 
2732	39 
2733	170 
2734	145 
2735	188 
2736	170 
2737	169 
2738	187 
2739	225 
2740	136 
2741	104 
2742	87 
2743	96 
2744	171 
2745	183 
2746	81 
2747	185 
2748	11 
2749	41 
2750	113 
2751	192 
2752	77 
2753	160 
2754	177 
2755	57 
2756	220 
2757	252 
2758	218 
2759	151 
2760	218 
2761	134 
2762	173 
2763	149 
2764	36 
2765	50 
2766	177 
2767	93 
2768	234 
2769	123 
2770	198 
2771	140 
2772	46 
2773	239 
2774	224 
2775	237 
2776	247 
2777	182 
2778	278 
2779	201 
2780	122 
2781	231 
2782	160 
2783	14 
2784	9 
2785	250 
2786	120 
2787	44 
2788	168 
2789	9 
2790	223 
2791	168 
2792	149 
2793	201 
2794	103 
2795	218 
2796	76 
2797	181 
2798	59 
2799	155 
2800	170 
2801	84 
2802	266 
2803	266 
2804	152 
2805	79 
2806	164 
2807	135 
2808	236 
2809	228 
2810	198 
2811	234 
2812	112 
2813	227 
2814	163 
2815	8 
2816	79 
2817	8 
2818	118 
2819	198 
2820	20 
2821	246 
2822	71 
2823	105 
2824	192 
2825	93 
2826	59 
2827	253 
2828	162 
2829	121 
2830	246 
2831	213 
2832	67 
2833	228 
2834	243 
2835	133 
2836	6 
2837	133 
2838	31 
2839	137 
2840	129 
2841	261 
2842	233 
2843	207 
2844	64 
2845	234 
2846	60 
2847	273 
2848	128 
2849	129 
2850	128 
2851	11 
2852	131 
2853	246 
2854	112 
2855	181 
2856	262 
2857	110 
2858	69 
2859	117 
2860	121 
2861	144 
2862	279 
2863	145 
2864	219 
2865	79 
2866	72 
2867	99 
2868	153 
2869	41 
2870	103 
2871	73 
2872	71 
2873	213 
2874	44 
2875	181 
2876	59 
2877	80 
2878	28 
2879	88 
2880	156 
2881	67 
2882	151 
2883	112 
2884	222 
2885	179 
2886	267 
2887	13 
2888	217 
2889	152 
2890	135 
2891	31 
2892	150 
2893	92 
2894	261 
2895	197 
2896	64 
2897	99 
2898	153 
2899	203 
2900	233 
2901	118 
2902	247 
2903	25 
2904	87 
2905	137 
2906	181 
2907	19 
2908	198 
2909	7 
2910	162 
2911	189 
2912	174 
2913	192 
2914	106 
2915	186 
2916	225 
2917	182 
2918	216 
2919	6 
2920	134 
2921	126 
2922	106 
2923	172 
2924	81 
2925	163 
2926	111 
2927	186 
2928	137 
2929	100 
2930	115 
2931	54 
2932	71 
2933	190 
2934	67 
2935	8 
2936	265 
2937	195 
2938	125 
2939	249 
2940	200 
2941	240 
2942	240 
2943	93 
2944	179 
2945	202 
2946	202 
2947	185 
2948	197 
2949	138 
2950	209 
2951	191 
2952	167 
2953	20 
2954	266 
2955	129 
2956	43 
2957	235 
2958	265 
2959	111 
2960	90 
2961	73 
2962	114 
2963	35 
2964	76 
2965	124 
2966	252 
2967	65 
2968	213 
2969	221 
2970	131 
2971	150 
2972	68 
2973	201 
2974	265 
2975	4 
2976	52 
2977	71 
2978	24 
2979	112 
2980	137 
2981	128 
2982	125 
2983	142 
2984	92 
2985	130 
2986	115 
2987	34 
2988	160 
2989	184 
2990	54 
2991	182 
2992	199 
2993	258 
2994	114 
2995	37 
2996	131 
2997	96 
2998	145 
2999	86 
3000	208 
3001	112 
3002	243 
3003	188 
3004	216 
3005	194 
3006	114 
3007	186 
3008	159 
3009	58 
3010	137 
3011	253 
3012	200 
3013	222 
3014	115 
3015	273 
3016	271 
3017	184 
3018	247 
3019	179 
3020	211 
3021	51 
3022	23 
3023	114 
3024	281 
3025	121 
3026	172 
3027	163 
3028	56 
3029	95 
3030	214 
3031	32 
3032	161 
3033	117 
3034	71 
3035	53 
3036	47 
3037	234 
3038	197 
3039	281 
3040	120 
3041	26 
3042	211 
3043	166 
3044	277 
3045	90 
3046	15 
3047	227 
3048	24 
3049	7 
3050	203 
3051	216 
3052	41 
3053	90 
3054	174 
3055	132 
3056	122 
3057	153 
3058	225 
3059	114 
3060	170 
3061	239 
3062	208 
3063	71 
3064	214 
3065	56 
3066	82 
3067	227 
3068	35 
3069	74 
3070	27 
3071	183 
3072	221 
3073	108 
3074	73 
3075	243 
3076	279 
3077	71 
3078	109 
3079	211 
3080	229 
3081	250 
3082	173 
3083	218 
3084	153 
3085	225 
3086	164 
3087	70 
3088	39 
3089	49 
3090	130 
3091	105 
3092	239 
3093	47 
3094	138 
3095	79 
3096	99 
3097	267 
3098	261 
3099	110 
3100	144 
3101	266 
3102	207 
3103	103 
3104	213 
3105	182 
3106	219 
3107	120 
3108	198 
3109	69 
3110	243 
3111	105 
3112	260 
3113	56 
3114	41 
3115	274 
3116	208 
3117	155 
3118	90 
3119	81 
3120	187 
3121	99 
3122	281 
3123	239 
3124	237 
3125	245 
3126	230 
3127	39 
3128	79 
3129	74 
3130	199 
3131	155 
3132	106 
3133	65 
3134	80 
3135	7 
3136	247 
3137	7 
3138	195 
3139	161 
3140	95 
3141	56 
3142	243 
3143	155 
3144	189 
3145	9 
3146	160 
3147	99 
3148	197 
3149	212 
3150	148 
3151	247 
3152	131 
3153	238 
3154	112 
3155	108 
3156	159 
3157	105 
3158	202 
3159	189 
3160	218 
3161	245 
3162	9 
3163	273 
3164	92 
3165	108 
3166	141 
3167	170 
3168	184 
3169	235 
3170	94 
3171	237 
3172	182 
3173	257 
3174	200 
3175	237 
3176	128 
3177	160 
3178	82 
3179	250 
3180	206 
3181	208 
3182	225 
3183	241 
3184	86 
3185	178 
3186	126 
3187	65 
3188	79 
3189	32 
3190	209 
3191	158 
3192	248 
3193	80 
3194	278 
3195	163 
3196	248 
3197	129 
3198	70 
3199	93 
3200	165 
3201	60 
3202	218 
3203	37 
3204	190 
3205	15 
3206	137 
3207	229 
3208	7 
3209	174 
3210	33 
3211	82 
3212	235 
3213	224 
3214	265 
3215	160 
3216	147 
3217	100 
3218	249 
3219	38 
3220	46 
3221	68 
3222	88 
3223	112 
3224	226 
3225	58 
3226	199 
3227	270 
3228	46 
3229	173 
3230	195 
3231	22 
3232	52 
3233	228 
3234	98 
3235	73 
3236	179 
3237	216 
3238	188 
3239	63 
3240	84 
3241	159 
3242	103 
3243	98 
3244	182 
3245	125 
3246	264 
3247	162 
3248	199 
3249	265 
3250	184 
3251	276 
3252	201 
3253	30 
3254	75 
3255	27 
3256	177 
3257	194 
3258	27 
3259	200 
3260	38 
3261	196 
3262	25 
3263	249 
3264	1 
3265	247 
3266	167 
3267	265 
3268	136 
3269	136 
3270	164 
3271	31 
3272	54 
3273	136 
3274	144 
3275	188 
3276	268 
3277	121 
3278	5 
3279	140 
3280	133 
3281	123 
3282	160 
3283	202 
3284	256 
3285	231 
3286	36 
3287	268 
3288	251 
3289	196 
3290	224 
3291	185 
3292	228 
3293	110 
3294	2 
3295	36 
3296	257 
3297	208 
3298	160 
3299	51 
3300	241 
3301	202 
3302	105 
3303	119 
3304	156 
3305	51 
3306	36 
3307	29 
3308	177 
3309	177 
3310	25 
3311	131 
3312	51 
3313	164 
3314	175 
3315	141 
3316	226 
3317	278 
3318	35 
3319	260 
3320	71 
3321	130 
3322	110 
3323	245 
3324	31 
3325	208 
3326	52 
3327	39 
3328	76 
3329	169 
3330	3 
3331	38 
3332	195 
3333	277 
3334	107 
3335	60 
3336	253 
3337	4 
3338	110 
3339	79 
3340	176 
3341	96 
3342	46 
3343	255 
3344	127 
3345	189 
3346	247 
3347	75 
3348	267 
3349	161 
3350	251 
3351	273 
3352	51 
3353	70 
3354	197 
3355	140 
3356	245 
3357	90 
3358	105 
3359	16 
3360	262 
3361	108 
3362	163 
3363	227 
3364	47 
3365	276 
3366	140 
3367	58 
3368	229 
3369	128 
3370	160 
3371	82 
3372	172 
3373	205 
3374	68 
3375	141 
3376	277 
3377	58 
3378	113 
3379	13 
3380	214 
3381	56 
3382	90 
3383	34 
3384	157 
3385	108 
3386	16 
3387	91 
3388	207 
3389	188 
3390	249 
3391	179 
3392	135 
3393	218 
3394	217 
3395	150 
3396	61 
3397	149 
3398	73 
3399	98 
3400	169 
3401	260 
3402	203 
3403	22 
3404	35 
3405	75 
3406	179 
3407	237 
3408	177 
3409	269 
3410	131 
3411	98 
3412	98 
3413	268 
3414	125 
3415	29 
3416	186 
3417	198 
3418	234 
3419	31 
3420	70 
3421	277 
3422	107 
3423	204 
3424	91 
3425	206 
3426	243 
3427	123 
3428	9 
3429	44 
3430	122 
3431	104 
3432	5 
3433	94 
3434	6 
3435	99 
3436	99 
3437	80 
3438	76 
3439	4 
3440	150 
3441	228 
3442	14 
3443	269 
3444	50 
3445	149 
3446	113 
3447	202 
3448	51 
3449	134 
3450	174 
3451	209 
3452	219 
3453	89 
3454	18 
3455	201 
3456	281 
3457	70 
3458	156 
3459	71 
3460	110 
3461	205 
3462	2 
3463	123 
3464	27 
3465	260 
3466	23 
3467	57 
3468	165 
3469	175 
3470	4 
3471	243 
3472	80 
3473	186 
3474	184 
3475	27 
3476	187 
3477	54 
3478	84 
3479	27 
3480	23 
3481	189 
3482	261 
3483	223 
3484	230 
3485	80 
3486	103 
3487	203 
3488	123 
3489	31 
3490	89 
3491	229 
3492	220 
3493	219 
3494	184 
3495	161 
3496	1 
3497	112 
3498	15 
3499	96 
3500	140 
3501	115 
3502	9 
3503	153 
3504	189 
3505	128 
3506	245 
3507	2 
3508	78 
3509	205 
3510	20 
3511	121 
3512	251 
3513	176 
3514	268 
3515	38 
3516	26 
3517	137 
3518	44 
3519	240 
3520	224 
3521	84 
3522	138 
3523	245 
3524	193 
3525	88 
3526	123 
3527	216 
3528	77 
3529	227 
3530	94 
3531	260 
3532	6 
3533	183 
3534	80 
3535	109 
3536	261 
3537	268 
3538	73 
3539	97 
3540	133 
3541	25 
3542	13 
3543	189 
3544	87 
3545	42 
3546	147 
3547	223 
3548	137 
3549	79 
3550	192 
3551	200 
3552	204 
3553	54 
3554	95 
3555	60 
3556	223 
3557	171 
3558	135 
3559	126 
3560	223 
3561	248 
3562	129 
3563	253 
3564	11 
3565	98 
3566	96 
3567	205 
3568	93 
3569	222 
3570	271 
3571	68 
3572	182 
3573	46 
3574	125 
3575	243 
3576	250 
3577	153 
3578	248 
3579	79 
3580	178 
3581	23 
3582	281 
3583	41 
3584	175 
3585	192 
3586	129 
3587	133 
3588	51 
3589	35 
3590	132 
3591	227 
3592	24 
3593	243 
3594	99 
3595	166 
3596	97 
3597	117 
3598	133 
3599	160 
3600	137 
3601	113 
3602	79 
3603	192 
3604	163 
3605	153 
3606	155 
3607	237 
3608	256 
3609	58 
3610	29 
3611	99 
3612	219 
3613	124 
3614	271 
3615	220 
3616	113 
3617	83 
3618	144 
3619	164 
3620	140 
3621	28 
3622	72 
3623	229 
3624	257 
3625	12 
3626	63 
3627	271 
3628	74 
3629	130 
3630	134 
3631	270 
3632	93 
3633	49 
3634	243 
3635	185 
3636	135 
3637	15 
3638	277 
3639	209 
3640	182 
3641	264 
3642	97 
3643	103 
3644	269 
3645	256 
3646	99 
3647	169 
3648	144 
3649	16 
3650	262 
3651	279 
3652	84 
3653	134 
3654	189 
3655	202 
3656	105 
3657	165 
3658	90 
3659	233 
3660	74 
3661	114 
3662	128 
3663	24 
3664	80 
3665	61 
3666	160 
3667	239 
3668	196 
3669	179 
3670	161 
3671	165 
3672	134 
3673	150 
3674	69 
3675	125 
3676	45 
3677	136 
3678	14 
3679	35 
3680	58 
3681	20 
3682	248 
3683	59 
3684	49 
3685	255 
3686	60 
3687	114 
3688	18 
3689	269 
3690	98 
3691	183 
3692	100 
3693	256 
3694	181 
3695	187 
3696	260 
3697	14 
3698	38 
3699	198 
3700	276 
3701	281 
3702	42 
3703	156 
3704	2 
3705	74 
3706	179 
3707	68 
3708	41 
3709	186 
3710	118 
3711	60 
3712	25 
3713	250 
3714	263 
3715	189 
3716	31 
3717	1 
3718	218 
3719	131 
3720	148 
3721	204 
3722	249 
3723	157 
3724	56 
3725	35 
3726	96 
3727	173 
3728	109 
3729	172 
3730	163 
3731	125 
3732	17 
3733	233 
3734	228 
3735	218 
3736	80 
3737	14 
3738	273 
3739	260 
3740	114 
3741	82 
3742	108 
3743	3 
3744	178 
3745	122 
3746	80 
3747	108 
3748	202 
3749	30 
3750	221 
3751	256 
3752	9 
3753	99 
3754	220 
3755	216 
3756	127 
3757	200 
3758	226 
3759	98 
3760	157 
3761	185 
3762	204 
3763	18 
3764	49 
3765	182 
3766	241 
3767	217 
3768	196 
3769	92 
3770	34 
3771	14 
3772	104 
3773	114 
3774	164 
3775	149 
3776	41 
3777	138 
3778	161 
3779	163 
3780	241 
3781	227 
3782	84 
3783	204 
3784	83 
3785	16 
3786	23 
3787	51 
3788	87 
3789	195 
3790	262 
3791	211 
3792	201 
3793	71 
3794	137 
3795	145 
3796	196 
3797	36 
3798	263 
3799	1 
3800	16 
3801	246 
3802	31 
3803	20 
3804	46 
3805	274 
3806	208 
3807	144 
3808	173 
3809	246 
3810	56 
3811	123 
3812	262 
3813	42 
3814	255 
3815	158 
3816	74 
3817	56 
3818	141 
3819	114 
3820	117 
3821	35 
3822	206 
3823	221 
3824	230 
3825	186 
3826	39 
3827	134 
3828	67 
3829	197 
3830	97 
3831	64 
3832	29 
3833	76 
3834	261 
3835	170 
3836	43 
3837	108 
3838	61 
3839	276 
3840	19 
3841	74 
3842	202 
3843	268 
3844	249 
3845	81 
3846	95 
3847	51 
3848	153 
3849	142 
3850	218 
3851	57 
3852	9 
3853	216 
3854	57 
3855	22 
3856	227 
3857	194 
3858	209 
3859	234 
3860	37 
3861	159 
3862	155 
3863	185 
3864	194 
3865	82 
3866	108 
3867	76 
3868	167 
3869	25 
3870	45 
3871	77 
3872	13 
3873	203 
3874	237 
3875	207 
3876	65 
3877	140 
3878	278 
3879	247 
3880	215 
3881	199 
3882	209 
3883	27 
3884	223 
3885	5 
3886	181 
3887	238 
3888	26 
3889	9 
3890	18 
3891	133 
3892	183 
3893	191 
3894	166 
3895	249 
3896	38 
3897	148 
3898	226 
3899	226 
3900	20 
3901	138 
3902	96 
3903	59 
3904	188 
3905	200 
3906	124 
3907	153 
3908	111 
3909	166 
3910	161 
3911	76 
3912	262 
3913	64 
3914	11 
3915	84 
3916	190 
3917	36 
3918	207 
3919	3 
3920	82 
3921	184 
3922	94 
3923	158 
3924	132 
3925	263 
3926	63 
3927	90 
3928	211 
3929	160 
3930	135 
3931	10 
3932	238 
3933	193 
3934	245 
3935	137 
3936	92 
3937	226 
3938	267 
3939	60 
3940	105 
3941	129 
3942	184 
3943	130 
3944	112 
3945	249 
3946	207 
3947	178 
3948	13 
3949	142 
3950	205 
3951	256 
3952	222 
3953	110 
3954	105 
3955	44 
3956	229 
3957	3 
3958	126 
3959	216 
3960	46 
3961	175 
3962	124 
3963	109 
3964	63 
3965	261 
3966	219 
3967	135 
3968	154 
3969	7 
3970	65 
3971	154 
3972	153 
3973	161 
3974	38 
3975	264 
3976	122 
3977	157 
3978	236 
3979	18 
3980	113 
3981	194 
3982	88 
3983	201 
3984	119 
3985	185 
3986	97 
3987	267 
3988	270 
3989	208 
3990	151 
3991	73 
3992	87 
3993	49 
3994	51 
3995	141 
3996	163 
3997	131 
3998	167 
3999	261 
4000	201 
4001	188 
4002	134 
4003	180 
4004	230 
4005	220 
4006	25 
4007	94 
4008	83 
4009	176 
4010	262 
4011	256 
4012	132 
4013	200 
4014	181 
4015	74 
4016	198 
4017	223 
4018	224 
4019	149 
4020	237 
4021	144 
4022	19 
4023	237 
4024	224 
4025	185 
4026	34 
4027	165 
4028	75 
4029	227 
4030	76 
4031	180 
4032	117 
4033	3 
4034	11 
4035	219 
4036	119 
4037	160 
4038	111 
4039	99 
4040	221 
4041	136 
4042	93 
4043	49 
4044	18 
4045	145 
4046	184 
4047	157 
4048	108 
4049	16 
4050	141 
4051	260 
4052	189 
4053	121 
4054	212 
4055	138 
4056	125 
4057	157 
4058	171 
4059	100 
4060	122 
4061	227 
4062	278 
4063	52 
4064	121 
4065	3 
4066	219 
4067	73 
4068	61 
4069	29 
4070	128 
4071	167 
4072	162 
4073	120 
4074	226 
4075	16 
4076	56 
4077	82 
4078	99 
4079	37 
4080	188 
4081	47 
4082	133 
4083	130 
4084	236 
4085	77 
4086	240 
4087	238 
4088	148 
4089	89 
4090	129 
4091	180 
4092	77 
4093	141 
4094	160 
4095	228 
4096	160 
4097	171 
4098	164 
4099	148 
4100	277 
4101	53 
4102	111 
4103	60 
4104	167 
4105	22 
4106	27 
4107	226 
4108	214 
4109	52 
4110	172 
4111	24 
4112	214 
4113	53 
4114	172 
4115	79 
4116	221 
4117	133 
4118	91 
4119	191 
4120	58 
4121	265 
4122	243 
4123	23 
4124	187 
4125	205 
4126	134 
4127	107 
4128	211 
4129	4 
4130	207 
4131	64 
4132	129 
4133	93 
4134	163 
4135	5 
4136	107 
4137	23 
4138	262 
4139	230 
4140	274 
4141	208 
4142	120 
4143	238 
4144	56 
4145	243 
4146	11 
4147	245 
4148	266 
4149	53 
4150	255 
4151	52 
4152	25 
4153	240 
4154	9 
4155	111 
4156	89 
4157	25 
4158	169 
4159	217 
4160	198 
4161	77 
4162	82 
4163	2 
4164	103 
4165	97 
4166	268 
4167	88 
4168	166 
4169	155 
4170	114 
4171	120 
4172	155 
4173	167 
4174	58 
4175	64 
4176	186 
4177	128 
4178	94 
4179	103 
4180	281 
4181	240 
4182	42 
4183	114 
4184	3 
4185	81 
4186	209 
4187	119 
4188	212 
4189	195 
4190	47 
4191	198 
4192	196 
4193	46 
4194	57 
4195	196 
4196	128 
4197	189 
4198	159 
4199	1 
4200	133 
4201	261 
4202	121 
4203	14 
4204	261 
4205	23 
4206	95 
4207	4 
4208	56 
4209	199 
4210	219 
4211	15 
4212	170 
4213	9 
4214	81 
4215	117 
4216	38 
4217	136 
4218	181 
4219	240 
4220	105 
4221	225 
4222	128 
4223	76 
4224	181 
4225	276 
4226	208 
4227	227 
4228	184 
4229	263 
4230	73 
4231	60 
4232	145 
4233	41 
4234	188 
4235	47 
4236	96 
4237	109 
4238	180 
4239	60 
4240	155 
4241	34 
4242	209 
4243	93 
4244	87 
4245	133 
4246	188 
4247	111 
4248	193 
4249	224 
4250	41 
4251	225 
4252	5 
4253	204 
4254	117 
4255	76 
4256	262 
4257	67 
4258	160 
4259	160 
4260	262 
4261	237 
4262	274 
4263	19 
4264	92 
4265	86 
4266	8 
4267	130 
4268	247 
4269	211 
4270	142 
4271	4 
4272	99 
4273	214 
4274	200 
4275	167 
4276	188 
4277	92 
4278	73 
4279	23 
4280	279 
4281	163 
4282	218 
4283	229 
4284	28 
4285	112 
4286	126 
4287	74 
4288	155 
4289	8 
4290	7 
4291	148 
4292	165 
4293	214 
4294	277 
4295	241 
4296	124 
4297	10 
4298	60 
4299	29 
4300	228 
4301	204 
4302	180 
4303	197 
4304	36 
4305	239 
4306	187 
4307	253 
4308	90 
4309	45 
4310	25 
4311	96 
4312	27 
4313	104 
4314	13 
4315	28 
4316	177 
4317	256 
4318	249 
4319	188 
4320	1 
4321	94 
4322	261 
4323	203 
4324	67 
4325	218 
4326	126 
4327	182 
4328	24 
4329	190 
4330	265 
4331	253 
4332	27 
4333	54 
4334	278 
4335	150 
4336	218 
4337	23 
4338	239 
4339	54 
4340	35 
4341	109 
4342	217 
4343	109 
4344	262 
4345	205 
4346	68 
4347	158 
4348	175 
4349	9 
4350	114 
4351	61 
4352	221 
4353	141 
4354	52 
4355	228 
4356	73 
4357	92 
4358	189 
4359	188 
4360	248 
4361	121 
4362	43 
4363	222 
4364	214 
4365	42 
4366	129 
4367	172 
4368	38 
4369	49 
4370	184 
4371	243 
4372	15 
4373	95 
4374	4 
4375	178 
4376	151 
4377	133 
4378	128 
4379	229 
4380	276 
4381	29 
4382	108 
4383	216 
4384	45 
4385	131 
4386	269 
4387	183 
4388	267 
4389	167 
4390	64 
4391	178 
4392	135 
4393	65 
4394	164 
4395	52 
4396	266 
4397	105 
4398	227 
4399	41 
4400	54 
4401	228 
4402	236 
4403	103 
4404	237 
4405	107 
4406	172 
4407	24 
4408	233 
4409	28 
4410	22 
4411	180 
4412	137 
4413	200 
4414	7 
4415	201 
4416	154 
4417	119 
4418	141 
4419	241 
4420	176 
4421	69 
4422	39 
4423	276 
4424	159 
4425	183 
4426	109 
4427	9 
4428	81 
4429	95 
4430	158 
4431	67 
4432	110 
4433	82 
4434	19 
4435	142 
4436	58 
4437	271 
4438	87 
4439	145 
4440	25 
4441	160 
4442	79 
4443	157 
4444	1 
4445	43 
4446	158 
4447	216 
4448	86 
4449	141 
4450	218 
4451	205 
4452	11 
4453	81 
4454	150 
4455	197 
4456	276 
4457	25 
4458	229 
4459	148 
4460	225 
4461	18 
4462	144 
4463	169 
4464	160 
4465	265 
4466	5 
4467	95 
4468	276 
4469	151 
4470	3 
4471	125 
4472	108 
4473	119 
4474	65 
4475	201 
4476	19 
4477	161 
4478	248 
4479	179 
4480	256 
4481	99 
4482	67 
4483	202 
4484	31 
4485	264 
4486	270 
4487	180 
4488	51 
4489	137 
4490	160 
4491	184 
4492	5 
4493	30 
4494	50 
4495	184 
4496	5 
4497	29 
4498	127 
4499	89 
4500	237 
4501	270 
4502	175 
4503	206 
4504	274 
4505	175 
4506	190 
4507	176 
4508	132 
4509	95 
4510	157 
4511	56 
4512	23 
4513	42 
4514	92 
4515	131 
4516	144 
4517	141 
4518	98 
4519	202 
4520	137 
4521	24 
4522	140 
4523	71 
4524	170 
4525	41 
4526	7 
4527	13 
4528	114 
4529	49 
4530	99 
4531	163 
4532	83 
4533	206 
4534	177 
4535	68 
4536	87 
4537	183 
4538	255 
4539	79 
4540	69 
4541	159 
4542	52 
4543	112 
4544	114 
4545	227 
4546	135 
4547	117 
4548	38 
4549	200 
4550	19 
4551	95 
4552	20 
4553	237 
4554	126 
4555	245 
4556	41 
4557	76 
4558	124 
4559	25 
4560	182 
4561	105 
4562	212 
4563	11 
4564	243 
4565	144 
4566	194 
4567	98 
4568	91 
4569	133 
4570	39 
4571	153 
4572	87 
4573	198 
4574	44 
4575	140 
4576	81 
4577	179 
4578	229 
4579	246 
4580	38 
4581	56 
4582	104 
4583	253 
4584	104 
4585	76 
4586	5 
4587	84 
4588	96 
4589	188 
4590	99 
4591	199 
4592	265 
4593	29 
4594	253 
4595	141 
4596	167 
4597	71 
4598	177 
4599	165 
4600	8 
4601	9 
4602	155 
4603	208 
4604	129 
4605	81 
4606	97 
4607	130 
4608	73 
4609	206 
4610	278 
4611	253 
4612	209 
4613	279 
4614	15 
4615	79 
4616	179 
4617	105 
4618	262 
4619	222 
4620	82 
4621	95 
4622	160 
4623	71 
4624	195 
4625	93 
4626	216 
4627	130 
4628	99 
4629	163 
4630	158 
4631	69 
4632	172 
4633	189 
4634	50 
4635	76 
4636	182 
4637	124 
4638	44 
4639	234 
4640	92 
4641	42 
4642	51 
4643	52 
4644	63 
4645	73 
4646	117 
4647	200 
4648	70 
4649	161 
4650	11 
4651	205 
4652	20 
4653	264 
4654	69 
4655	221 
4656	211 
4657	141 
4658	14 
4659	150 
4660	9 
4661	1 
4662	124 
4663	164 
4664	50 
4665	50 
4666	125 
4667	270 
4668	200 
4669	49 
4670	137 
4671	25 
4672	114 
4673	226 
4674	243 
4675	71 
4676	212 
4677	16 
4678	267 
4679	96 
4680	29 
4681	164 
4682	241 
4683	60 
4684	200 
4685	129 
4686	41 
4687	104 
4688	103 
4689	90 
4690	132 
4691	212 
4692	89 
4693	205 
4694	281 
4695	246 
4696	261 
4697	248 
4698	144 
4699	198 
4700	237 
4701	243 
4702	45 
4703	214 
4704	200 
4705	76 
4706	36 
4707	236 
4708	81 
4709	26 
4710	189 
4711	266 
4712	76 
4713	95 
4714	98 
4715	63 
4716	178 
4717	245 
4718	274 
4719	110 
4720	138 
4721	16 
4722	228 
4723	135 
4724	96 
4725	100 
4726	141 
4727	67 
4728	45 
4729	67 
4730	214 
4731	229 
4732	37 
4733	1 
4734	277 
4735	221 
4736	199 
4737	30 
4738	59 
4739	147 
4740	177 
4741	71 
4742	250 
4743	26 
4744	104 
4745	142 
4746	88 
4747	184 
4748	238 
4749	140 
4750	56 
4751	44 
4752	47 
4753	14 
4754	153 
4755	261 
4756	52 
4757	255 
4758	73 
4759	126 
4760	29 
4761	277 
4762	135 
4763	160 
4764	187 
4765	156 
4766	22 
4767	76 
4768	236 
4769	138 
4770	22 
4771	4 
4772	245 
4773	216 
4774	120 
4775	9 
4776	204 
4777	19 
4778	203 
4779	37 
4780	5 
4781	29 
4782	153 
4783	8 
4784	221 
4785	187 
4786	41 
4787	13 
4788	212 
4789	43 
4790	23 
4791	37 
4792	73 
4793	129 
4794	261 
4795	5 
4796	31 
4797	3 
4798	137 
4799	227 
4800	214 
4801	234 
4802	226 
4803	79 
4804	31 
4805	264 
4806	214 
4807	233 
4808	175 
4809	186 
4810	204 
4811	34 
4812	25 
4813	68 
4814	15 
4815	257 
4816	37 
4817	14 
4818	262 
4819	138 
4820	249 
4821	131 
4822	79 
4823	233 
4824	137 
4825	218 
4826	69 
4827	74 
4828	136 
4829	196 
4830	196 
4831	241 
4832	198 
4833	54 
4834	54 
4835	265 
4836	83 
4837	56 
4838	262 
4839	235 
4840	12 
4841	82 
4842	220 
4843	262 
4844	71 
4845	223 
4846	28 
4847	58 
4848	216 
4849	205 
4850	151 
4851	151 
4852	129 
4853	190 
4854	250 
4855	74 
4856	262 
4857	135 
4858	95 
4859	70 
4860	23 
4861	27 
4862	119 
4863	165 
4864	182 
4865	114 
4866	230 
4867	194 
4868	126 
4869	154 
4870	219 
4871	189 
4872	250 
4873	205 
4874	14 
4875	28 
4876	5 
4877	154 
4878	37 
4879	223 
4880	153 
4881	100 
4882	1 
4883	46 
4884	153 
4885	91 
4886	103 
4887	199 
4888	175 
4889	189 
4890	114 
4891	83 
4892	206 
4893	166 
4894	273 
4895	64 
4896	224 
4897	47 
4898	186 
4899	22 
4900	182 
4901	265 
4902	109 
4903	277 
4904	148 
4905	268 
4906	96 
4907	171 
4908	224 
4909	103 
4910	178 
4911	51 
4912	273 
4913	1 
4914	73 
4915	166 
4916	263 
4917	176 
4918	93 
4919	241 
4920	44 
4921	103 
4922	225 
4923	274 
4924	38 
4925	26 
4926	36 
4927	14 
4928	23 
4929	114 
4930	279 
4931	99 
4932	220 
4933	90 
4934	186 
4935	125 
4936	141 
4937	27 
4938	43 
4939	96 
4940	274 
4941	243 
4942	45 
4943	49 
4944	92 
4945	45 
4946	92 
4947	1 
4948	163 
4949	76 
4950	109 
4951	99 
4952	276 
4953	277 
4954	110 
4955	39 
4956	54 
4957	5 
4958	180 
4959	277 
4960	50 
4961	133 
4962	49 
4963	131 
4964	98 
4965	142 
4966	99 
4967	108 
4968	246 
4969	63 
4970	267 
4971	27 
4972	1 
4973	186 
4974	121 
4975	234 
4976	152 
4977	129 
4978	188 
4979	57 
4980	260 
4981	175 
4982	194 
4983	113 
4984	12 
4985	99 
4986	229 
4987	28 
4988	245 
4989	58 
4990	153 
4991	120 
4992	148 
4993	164 
4994	209 
4995	131 
4996	141 
4997	180 
4998	60 
4999	80 
5000	31 
5001	26 
5002	9 
5003	27 
5004	79 
5005	91 
5006	119 
5007	5 
5008	92 
5009	225 
5010	105 
5011	68 
5012	74 
5013	198 
5014	125 
5015	27 
5016	131 
5017	61 
5018	199 
5019	243 
5020	133 
5021	57 
5022	127 
5023	218 
5024	218 
5025	188 
5026	163 
5027	155 
5028	35 
5029	24 
5030	198 
5031	155 
5032	230 
5033	39 
5034	135 
5035	205 
5036	201 
5037	215 
5038	141 
5039	86 
5040	22 
5041	144 
5042	19 
5043	83 
5044	241 
5045	96 
5046	58 
5047	110 
5048	80 
5049	208 
5050	97 
5051	131 
5052	110 
5053	239 
5054	260 
5055	271 
5056	104 
5057	276 
5058	46 
5059	70 
5060	163 
5061	155 
5062	29 
5063	223 
5064	39 
5065	147 
5066	61 
5067	95 
5068	140 
5069	100 
5070	45 
5071	277 
5072	274 
5073	177 
5074	222 
5075	49 
5076	14 
5077	247 
5078	45 
5079	190 
5080	176 
5081	163 
5082	228 
5083	155 
5084	197 
5085	132 
5086	126 
5087	222 
5088	264 
5089	165 
5090	100 
5091	227 
5092	261 
5093	15 
5094	84 
5095	141 
5096	224 
5097	67 
5098	61 
5099	233 
5100	267 
5101	199 
5102	9 
5103	47 
5104	223 
5105	262 
5106	257 
5107	176 
5108	179 
5109	212 
5110	141 
5111	50 
5112	34 
5113	134 
5114	109 
5115	155 
5116	191 
5117	46 
5118	114 
5119	276 
5120	90 
5121	26 
5122	16 
5123	225 
5124	127 
5125	237 
5126	264 
5127	179 
5128	42 
5129	237 
5130	268 
5131	148 
5132	171 
5133	25 
5134	224 
5135	1 
5136	73 
5137	212 
5138	125 
5139	91 
5140	224 
5141	91 
5142	180 
5143	109 
5144	188 
5145	274 
5146	181 
5147	200 
5148	90 
5149	23 
5150	276 
5151	229 
5152	183 
5153	248 
5154	44 
5155	257 
5156	1 
5157	98 
5158	130 
5159	41 
5160	184 
5161	133 
5162	99 
5163	109 
5164	245 
5165	58 
5166	255 
5167	184 
5168	155 
5169	225 
5170	201 
5171	147 
5172	35 
5173	165 
5174	218 
5175	191 
5176	249 
5177	16 
5178	69 
5179	261 
5180	153 
5181	222 
5182	261 
5183	82 
5184	191 
5185	215 
5186	5 
5187	214 
5188	150 
5189	266 
5190	81 
5191	176 
5192	95 
5193	142 
5194	81 
5195	16 
5196	59 
5197	230 
5198	126 
5199	178 
5200	261 
5201	274 
5202	160 
5203	279 
5204	110 
5205	189 
5206	83 
5207	222 
5208	228 
5209	246 
5210	31 
5211	205 
5212	64 
5213	181 
5214	39 
5215	224 
5216	5 
5217	151 
5218	198 
5219	36 
5220	281 
5221	70 
5222	56 
5223	110 
5224	58 
5225	150 
5226	67 
5227	152 
5228	95 
5229	95 
5230	98 
5231	124 
5232	160 
5233	235 
5234	36 
5235	13 
5236	133 
5237	243 
5238	140 
5239	206 
5240	80 
5241	281 
5242	154 
5243	264 
5244	140 
5245	38 
5246	76 
5247	60 
5248	69 
5249	128 
5250	142 
5251	125 
5252	29 
5253	12 
5254	267 
5255	142 
5256	268 
5257	245 
5258	91 
5259	245 
5260	235 
5261	205 
5262	58 
5263	228 
5264	79 
5265	30 
5266	141 
5267	229 
5268	165 
5269	104 
5270	31 
5271	34 
5272	184 
5273	74 
5274	277 
5275	134 
5276	113 
5277	5 
5278	16 
5279	128 
5280	117 
5281	229 
5282	201 
5283	165 
5284	271 
5285	46 
5286	144 
5287	30 
5288	79 
5289	148 
5290	187 
5291	25 
5292	49 
5293	70 
5294	95 
5295	250 
5296	34 
5297	89 
5298	181 
5299	132 
5300	92 
5301	281 
5302	93 
5303	155 
5304	65 
5305	133 
5306	15 
5307	92 
5308	69 
5309	148 
5310	24 
5311	5 
5312	234 
5313	47 
5314	200 
5315	112 
5316	276 
5317	216 
5318	100 
5319	189 
5320	266 
5321	202 
5322	76 
5323	109 
5324	3 
5325	236 
5326	229 
5327	79 
5328	249 
5329	67 
5330	61 
5331	188 
5332	141 
5333	56 
5334	150 
5335	39 
5336	171 
5337	129 
5338	200 
5339	158 
5340	176 
5341	110 
5342	74 
5343	68 
5344	26 
5345	137 
5346	151 
5347	74 
5348	56 
5349	140 
5350	68 
5351	238 
5352	117 
5353	134 
5354	188 
5355	28 
5356	41 
5357	224 
5358	266 
5359	196 
5360	279 
5361	163 
5362	237 
5363	22 
5364	124 
5365	107 
5366	18 
5367	100 
5368	155 
5369	247 
5370	57 
5371	50 
5372	147 
5373	256 
5374	229 
5375	155 
5376	96 
5377	39 
5378	239 
5379	63 
5380	59 
5381	95 
5382	105 
5383	165 
5384	151 
5385	149 
5386	253 
5387	269 
5388	157 
5389	199 
5390	201 
5391	117 
5392	1 
5393	69 
5394	26 
5395	221 
5396	172 
5397	273 
5398	178 
5399	228 
5400	81 
5401	178 
5402	109 
5403	19 
5404	25 
5405	35 
5406	183 
5407	19 
5408	140 
5409	196 
5410	248 
5411	183 
5412	203 
5413	113 
5414	92 
5415	25 
5416	276 
5417	179 
5418	208 
5419	76 
5420	63 
5421	247 
5422	243 
5423	235 
5424	134 
5425	227 
5426	184 
5427	71 
5428	132 
5429	271 
5430	144 
5431	145 
5432	161 
5433	12 
5434	79 
5435	153 
5436	211 
5437	35 
5438	217 
5439	243 
5440	150 
5441	84 
5442	19 
5443	82 
5444	217 
5445	155 
5446	8 
5447	247 
5448	144 
5449	225 
5450	237 
5451	104 
5452	97 
5453	44 
5454	235 
5455	164 
5456	141 
5457	141 
5458	176 
5459	277 
5460	200 
5461	60 
5462	148 
5463	203 
5464	177 
5465	177 
5466	227 
5467	129 
5468	208 
5469	189 
5470	65 
5471	105 
5472	265 
5473	199 
5474	18 
5475	190 
5476	250 
5477	191 
5478	9 
5479	12 
5480	71 
5481	234 
5482	262 
5483	276 
5484	29 
5485	60 
5486	264 
5487	182 
5488	196 
5489	137 
5490	81 
5491	58 
5492	37 
5493	1 
5494	88 
5495	109 
5496	7 
5497	229 
5498	129 
5499	171 
5500	158 
5501	88 
5502	150 
5503	189 
5504	82 
5505	226 
5506	262 
5507	34 
5508	155 
5509	112 
5510	176 
5511	183 
5512	140 
5513	25 
5514	15 
5515	187 
5516	59 
5517	10 
5518	189 
5519	141 
5520	175 
5521	255 
5522	227 
5523	63 
5524	29 
5525	184 
5526	273 
5527	250 
5528	225 
5529	281 
5530	153 
5531	133 
5532	107 
5533	171 
5534	183 
5535	107 
5536	151 
5537	147 
5538	268 
5539	36 
5540	229 
5541	267 
5542	182 
5543	92 
5544	9 
5545	24 
5546	277 
5547	24 
5548	167 
5549	228 
5550	227 
5551	67 
5552	200 
5553	91 
5554	160 
5555	132 
5556	92 
5557	98 
5558	69 
5559	135 
5560	113 
5561	51 
5562	200 
5563	137 
5564	29 
5565	142 
5566	226 
5567	188 
5568	95 
5569	94 
5570	44 
5571	153 
5572	29 
5573	212 
5574	38 
5575	125 
5576	95 
5577	257 
5578	23 
5579	44 
5580	25 
5581	249 
5582	271 
5583	61 
5584	155 
5585	92 
5586	201 
5587	133 
5588	22 
5589	16 
5590	218 
5591	19 
5592	5 
5593	99 
5594	1 
5595	120 
5596	81 
5597	59 
5598	82 
5599	1 
5600	71 
5601	128 
5602	79 
5603	165 
5604	10 
5605	239 
5606	10 
5607	224 
5608	59 
5609	95 
5610	96 
5611	241 
5612	88 
5613	80 
5614	270 
5615	229 
5616	229 
5617	63 
5618	7 
5619	270 
5620	225 
5621	161 
5622	155 
5623	235 
5624	51 
5625	51 
5626	161 
5627	182 
5628	253 
5629	189 
5630	144 
5631	175 
5632	160 
5633	29 
5634	28 
5635	12 
5636	74 
5637	147 
5638	239 
5639	12 
5640	38 
5641	99 
5642	64 
5643	222 
5644	5 
5645	114 
5646	59 
5647	110 
5648	245 
5649	184 
5650	267 
5651	245 
5652	136 
5653	88 
5654	147 
5655	163 
5656	177 
5657	70 
5658	99 
5659	46 
5660	248 
5661	104 
5662	35 
5663	86 
5664	42 
5665	31 
5666	238 
5667	50 
5668	260 
5669	45 
5670	57 
5671	190 
5672	269 
5673	44 
5674	142 
5675	212 
5676	152 
5677	164 
5678	22 
5679	37 
5680	100 
5681	58 
5682	60 
5683	163 
5684	264 
5685	38 
5686	29 
5687	241 
5688	164 
5689	41 
5690	27 
5691	80 
5692	137 
5693	3 
5694	27 
5695	225 
5696	201 
5697	203 
5698	81 
5699	269 
5700	31 
5701	175 
5702	270 
5703	50 
5704	237 
5705	63 
5706	221 
5707	65 
5708	29 
5709	76 
5710	114 
5711	95 
5712	179 
5713	276 
5714	125 
5715	56 
5716	200 
5717	76 
5718	209 
5719	260 
5720	145 
5721	54 
5722	225 
5723	212 
5724	74 
5725	114 
5726	80 
5727	58 
5728	184 
5729	20 
5730	222 
5731	11 
5732	108 
5733	39 
5734	222 
5735	9 
5736	217 
5737	30 
5738	105 
5739	105 
5740	1 
5741	222 
5742	149 
5743	203 
5744	60 
5745	84 
5746	245 
5747	247 
5748	71 
5749	131 
5750	182 
5751	205 
5752	214 
5753	225 
5754	19 
5755	270 
5756	161 
5757	76 
5758	27 
5759	57 
5760	113 
5761	44 
5762	16 
5763	274 
5764	8 
5765	249 
5766	187 
5767	218 
5768	88 
5769	191 
5770	112 
5771	69 
5772	5 
5773	218 
5774	125 
5775	24 
5776	206 
5777	171 
5778	99 
5779	201 
5780	274 
5781	191 
5782	46 
5783	175 
5784	88 
5785	218 
5786	229 
5787	153 
5788	23 
5789	71 
5790	8 
5791	86 
5792	64 
5793	64 
5794	24 
5795	25 
5796	16 
5797	215 
5798	27 
5799	276 
5800	226 
5801	9 
5802	253 
5803	49 
5804	71 
5805	203 
5806	137 
5807	47 
5808	160 
5809	86 
5810	157 
5811	241 
5812	203 
5813	243 
5814	205 
5815	276 
5816	221 
5817	67 
5818	44 
5819	144 
5820	189 
5821	183 
5822	70 
5823	227 
5824	228 
5825	239 
5826	144 
5827	241 
5828	9 
5829	125 
5830	196 
5831	89 
5832	236 
5833	190 
5834	187 
5835	235 
5836	142 
5837	112 
5838	218 
5839	161 
5840	125 
5841	129 
5842	267 
5843	267 
5844	22 
5845	164 
5846	28 
5847	175 
5848	79 
5849	10 
5850	229 
5851	25 
5852	23 
5853	202 
5854	25 
5855	13 
5856	65 
5857	243 
5858	269 
5859	187 
5860	3 
5861	94 
5862	30 
5863	184 
5864	129 
5865	34 
5866	83 
5867	18 
5868	238 
5869	51 
5870	29 
5871	91 
5872	144 
5873	99 
5874	76 
5875	136 
5876	177 
5877	147 
5878	125 
5879	205 
5880	237 
5881	93 
5882	277 
5883	7 
5884	67 
5885	7 
5886	202 
5887	92 
5888	153 
5889	247 
5890	215 
5891	112 
5892	133 
5893	131 
5894	191 
5895	247 
5896	247 
5897	31 
5898	112 
5899	50 
5900	238 
5901	273 
5902	14 
5903	239 
5904	137 
5905	8 
5906	257 
5907	125 
5908	99 
5909	105 
5910	179 
5911	250 
5912	44 
5913	153 
5914	73 
5915	125 
5916	56 
5917	36 
5918	229 
5919	238 
5920	260 
5921	136 
5922	135 
5923	129 
5924	198 
5925	211 
5926	200 
5927	172 
5928	214 
5929	44 
5930	172 
5931	235 
5932	99 
5933	274 
5934	20 
5935	236 
5936	238 
5937	20 
5938	81 
5939	80 
5940	114 
5941	126 
5942	145 
5943	229 
5944	163 
5945	9 
5946	212 
5947	110 
5948	239 
5949	214 
5950	114 
5951	117 
5952	149 
5953	274 
5954	47 
5955	96 
5956	83 
5957	155 
5958	19 
5959	41 
5960	105 
5961	155 
5962	39 
5963	161 
5964	41 
5965	164 
5966	124 
5967	25 
5968	163 
5969	22 
5970	147 
5971	110 
5972	5 
5973	238 
5974	35 
5975	153 
5976	205 
5977	257 
5978	276 
5979	250 
5980	256 
5981	79 
5982	67 
5983	265 
5984	20 
5985	273 
5986	153 
5987	15 
5988	9 
5989	92 
5990	135 
5991	31 
5992	184 
5993	182 
5994	80 
5995	237 
5996	155 
5997	222 
5998	196 
5999	281 
6000	37 
6001	238 
6002	269 
6003	81 
6004	50 
6005	1 
6006	26 
6007	229 
6008	8 
6009	80 
6010	99 
6011	147 
6012	218 
6013	250 
6014	8 
6015	94 
6016	90 
6017	270 
6018	216 
6019	217 
6020	199 
6021	243 
6022	7 
6023	236 
6024	80 
6025	129 
6026	83 
6027	140 
6028	171 
6029	200 
6030	224 
6031	8 
6032	215 
6033	25 
6034	250 
6035	18 
6036	226 
6037	276 
6038	125 
6039	103 
6040	229 
6041	202 
6042	262 
6043	225 
6044	109 
6045	273 
6046	195 
6047	273 
6048	155 
6049	281 
6050	184 
6051	248 
6052	47 
6053	126 
6054	5 
6055	144 
6056	229 
6057	196 
6058	95 
6059	172 
6060	83 
6061	47 
6062	36 
6063	96 
6064	79 
6065	234 
6066	155 
6067	262 
6068	151 
6069	36 
6070	67 
6071	265 
6072	234 
6073	183 
6074	34 
6075	44 
6076	165 
6077	152 
6078	7 
6079	218 
6080	86 
6081	125 
6082	141 
6083	5 
6084	137 
6085	25 
6086	144 
6087	264 
6088	25 
6089	31 
6090	58 
6091	224 
6092	248 
6093	60 
6094	114 
6095	191 
6096	260 
6097	281 
6098	147 
6099	274 
6100	157 
6101	119 
6102	225 
6103	202 
6104	253 
6105	188 
6106	105 
6107	206 
6108	93 
6109	16 
6110	276 
6111	261 
6112	200 
6113	279 
6114	211 
6115	96 
6116	136 
6117	151 
6118	113 
6119	82 
6120	129 
6121	27 
6122	88 
6123	71 
6124	23 
6125	47 
6126	132 
6127	215 
6128	60 
6129	270 
6130	222 
6131	58 
6132	31 
6133	205 
6134	276 
6135	141 
6136	228 
6137	163 
6138	253 
6139	37 
6140	200 
6141	26 
6142	103 
6143	246 
6144	94 
6145	29 
6146	105 
6147	214 
6148	14 
6149	135 
6150	96 
6151	12 
6152	235 
6153	44 
6154	237 
6155	201 
6156	179 
6157	10 
6158	42 
6159	214 
6160	128 
6161	188 
6162	151 
6163	178 
6164	212 
6165	129 
6166	273 
6167	90 
6168	160 
6169	128 
6170	79 
6171	15 
6172	190 
6173	273 
6174	31 
6175	165 
6176	29 
6177	202 
6178	81 
6179	30 
6180	60 
6181	172 
6182	39 
6183	60 
6184	183 
6185	54 
6186	177 
6187	157 
6188	238 
6189	88 
6190	155 
6191	126 
6192	82 
6193	119 
6194	182 
6195	151 
6196	205 
6197	65 
6198	257 
6199	25 
6200	57 
6201	124 
6202	25 
6203	74 
6204	136 
6205	18 
6206	245 
6207	279 
6208	269 
6209	158 
6210	88 
6211	142 
6212	246 
6213	160 
6214	187 
6215	248 
6216	65 
6217	212 
6218	26 
6219	16 
6220	225 
6221	125 
6222	261 
6223	46 
6224	265 
6225	34 
6226	29 
6227	125 
6228	142 
6229	31 
6230	184 
6231	256 
6232	140 
6233	27 
6234	5 
6235	113 
6236	208 
6237	114 
6238	76 
6239	46 
6240	243 
6241	249 
6242	7 
6243	253 
6244	57 
6245	223 
6246	175 
6247	225 
6248	218 
6249	128 
6250	190 
6251	164 
6252	109 
6253	92 
6254	262 
6255	188 
6256	90 
6257	79 
6258	11 
6259	195 
6260	267 
6261	110 
6262	95 
6263	249 
6264	183 
6265	124 
6266	226 
6267	161 
6268	188 
6269	114 
6270	83 
6271	250 
6272	218 
6273	51 
6274	71 
6275	276 
6276	38 
6277	223 
6278	184 
6279	179 
6280	158 
6281	96 
6282	27 
6283	267 
6284	164 
6285	195 
6286	250 
6287	209 
6288	155 
6289	229 
6290	25 
6291	245 
6292	235 
6293	152 
6294	67 
6295	203 
6296	9 
6297	15 
6298	264 
6299	228 
6300	90 
6301	215 
6302	140 
6303	74 
6304	41 
6305	179 
6306	190 
6307	103 
6308	100 
6309	96 
6310	246 
6311	125 
6312	47 
6313	60 
6314	172 
6315	256 
6316	237 
6317	205 
6318	158 
6319	58 
6320	236 
6321	56 
6322	56 
6323	109 
6324	229 
6325	234 
6326	109 
6327	113 
6328	105 
6329	120 
6330	179 
6331	182 
6332	187 
6333	79 
6334	217 
6335	100 
6336	54 
6337	147 
6338	71 
6339	105 
6340	217 
6341	248 
6342	147 
6343	71 
6344	10 
6345	58 
6346	41 
6347	245 
6348	79 
6349	144 
6350	269 
6351	229 
6352	84 
6353	74 
6354	241 
6355	3 
6356	268 
6357	144 
6358	126 
6359	165 
6360	29 
6361	126 
6362	281 
6363	69 
6364	144 
6365	261 
6366	260 
6367	229 
6368	206 
6369	11 
6370	226 
6371	37 
6372	237 
6373	215 
6374	216 
6375	177 
6376	142 
6377	41 
6378	10 
6379	10 
6380	114 
6381	96 
6382	201 
6383	184 
6384	73 
6385	47 
6386	221 
6387	44 
6388	9 
6389	203 
6390	190 
6391	270 
6392	188 
6393	177 
6394	281 
6395	214 
6396	42 
6397	23 
6398	179 
6399	84 
6400	7 
6401	57 
6402	41 
6403	147 
6404	235 
6405	189 
6406	248 
6407	268 
6408	20 
6409	125 
6410	262 
6411	54 
6412	93 
6413	246 
6414	184 
6415	96 
6416	92 
6417	3 
6418	238 
6419	24 
6420	134 
6421	103 
6422	190 
6423	237 
6424	267 
6425	132 
6426	165 
6427	79 
6428	262 
6429	248 
6430	149 
6431	234 
6432	164 
6433	216 
6434	198 
6435	31 
6436	19 
6437	189 
6438	276 
6439	31 
6440	216 
6441	13 
6442	149 
6443	67 
6444	91 
6445	267 
6446	237 
6447	153 
6448	160 
6449	277 
6450	126 
6451	119 
6452	41 
6453	214 
6454	201 
6455	91 
6456	31 
6457	114 
6458	92 
6459	124 
6460	160 
6461	25 
6462	153 
6463	20 
6464	133 
6465	96 
6466	276 
6467	152 
6468	264 
6469	30 
6470	178 
6471	201 
6472	136 
6473	132 
6474	110 
6475	189 
6476	5 
6477	257 
6478	36 
6479	216 
6480	22 
6481	76 
6482	60 
6483	96 
6484	125 
6485	248 
6486	257 
6487	113 
6488	95 
6489	26 
6490	110 
6491	92 
6492	29 
6493	19 
6494	188 
6495	172 
6496	120 
6497	1 
6498	222 
6499	105 
6500	80 
6501	205 
6502	132 
6503	58 
6504	22 
6505	228 
6506	237 
6507	187 
6508	196 
6509	14 
6510	39 
6511	260 
6512	119 
6513	149 
6514	100 
6515	178 
6516	13 
6517	90 
6518	195 
6519	81 
6520	99 
6521	126 
6522	88 
6523	119 
6524	206 
6525	261 
6526	27 
6527	158 
6528	274 
6529	50 
6530	113 
6531	172 
6532	9 
6533	205 
6534	147 
6535	226 
6536	29 
6537	178 
6538	37 
6539	179 
6540	16 
6541	30 
6542	161 
6543	49 
6544	132 
6545	235 
6546	51 
6547	189 
6548	8 
6549	269 
6550	67 
6551	177 
6552	279 
6553	71 
6554	182 
6555	199 
6556	153 
6557	80 
6558	175 
6559	238 
6560	57 
6561	175 
6562	211 
6563	98 
6564	171 
6565	109 
6566	237 
6567	25 
6568	60 
6569	114 
6570	81 
6571	269 
6572	160 
6573	73 
6574	42 
6575	200 
6576	80 
6577	133 
6578	39 
6579	129 
6580	199 
6581	54 
6582	273 
6583	42 
6584	25 
6585	79 
6586	235 
6587	110 
6588	151 
6589	133 
6590	79 
6591	211 
6592	238 
6593	135 
6594	109 
6595	165 
6596	11 
6597	41 
6598	20 
6599	132 
6600	153 
6601	197 
6602	105 
6603	24 
6604	144 
6605	24 
6606	60 
6607	245 
6608	112 
6609	215 
6610	198 
6611	8 
6612	124 
6613	136 
6614	208 
6615	120 
6616	171 
6617	149 
6618	197 
6619	80 
6620	50 
6621	112 
6622	200 
6623	126 
6624	243 
6625	119 
6626	81 
6627	265 
6628	98 
6629	189 
6630	262 
6631	261 
6632	129 
6633	190 
6634	13 
6635	183 
6636	16 
6637	135 
6638	238 
6639	229 
6640	260 
6641	175 
6642	60 
6643	108 
6644	273 
6645	56 
6646	245 
6647	179 
6648	140 
6649	50 
6650	260 
6651	12 
6652	80 
6653	49 
6654	24 
6655	60 
6656	79 
6657	98 
6658	38 
6659	7 
6660	212 
6661	218 
6662	69 
6663	83 
6664	237 
6665	92 
6666	227 
6667	145 
6668	137 
6669	49 
6670	264 
6671	74 
6672	198 
6673	209 
6674	281 
6675	112 
6676	135 
6677	126 
6678	276 
6679	218 
6680	237 
6681	160 
6682	42 
6683	197 
6684	276 
6685	215 
6686	69 
6687	205 
6688	10 
6689	191 
6690	248 
6691	145 
6692	27 
6693	269 
6694	73 
6695	144 
6696	203 
6697	114 
6698	245 
6699	20 
6700	218 
6701	161 
6702	229 
6703	243 
6704	270 
6705	152 
6706	125 
6707	20 
6708	29 
6709	9 
6710	37 
6711	20 
6712	20 
6713	147 
6714	27 
6715	128 
6716	42 
6717	73 
6718	257 
6719	152 
6720	108 
6721	228 
6722	184 
6723	135 
6724	132 
6725	42 
6726	256 
6727	47 
6728	261 
6729	208 
6730	243 
6731	196 
6732	76 
6733	195 
6734	153 
6735	128 
6736	73 
6737	147 
6738	277 
6739	44 
6740	225 
6741	82 
6742	27 
6743	9 
6744	30 
6745	60 
6746	196 
6747	212 
6748	137 
6749	125 
6750	120 
6751	260 
6752	155 
6753	183 
6754	7 
6755	189 
6756	160 
6757	160 
6758	27 
6759	12 
6760	125 
6761	151 
6762	217 
6763	205 
6764	223 
6765	142 
6766	228 
6767	165 
6768	132 
6769	18 
6770	114 
6771	235 
6772	34 
6773	112 
6774	95 
6775	37 
6776	183 
6777	223 
6778	279 
6779	203 
6780	189 
6781	69 
6782	195 
6783	35 
6784	144 
6785	10 
6786	5 
6787	262 
6788	155 
6789	243 
6790	222 
6791	188 
6792	206 
6793	124 
6794	132 
6795	214 
6796	243 
6797	211 
6798	224 
6799	218 
6800	224 
6801	144 
6802	81 
6803	243 
6804	23 
6805	133 
6806	8 
6807	200 
6808	34 
6809	74 
6810	36 
6811	14 
6812	30 
6813	281 
6814	248 
6815	214 
6816	96 
6817	60 
6818	120 
6819	196 
6820	190 
6821	250 
6822	224 
6823	191 
6824	144 
6825	50 
6826	235 
6827	147 
6828	160 
6829	8 
6830	117 
6831	267 
6832	246 
6833	56 
6834	1 
6835	25 
6836	12 
6837	141 
6838	93 
6839	267 
6840	13 
6841	190 
6842	183 
6843	113 
6844	5 
6845	248 
6846	261 
6847	235 
6848	144 
6849	245 
6850	119 
6851	128 
6852	183 
6853	175 
6854	228 
6855	50 
6856	200 
6857	73 
6858	25 
6859	248 
6860	195 
6861	125 
6862	147 
6863	264 
6864	132 
6865	141 
6866	198 
6867	1 
6868	175 
6869	215 
6870	31 
6871	245 
6872	209 
6873	27 
6874	188 
6875	238 
6876	7 
6877	7 
6878	277 
6879	228 
6880	30 
6881	31 
6882	245 
6883	226 
6884	129 
6885	197 
6886	163 
6887	276 
6888	126 
6889	205 
6890	211 
6891	114 
6892	267 
6893	82 
6894	120 
6895	19 
6896	88 
6897	5 
6898	241 
6899	3 
6900	201 
6901	15 
6902	142 
6903	178 
6904	135 
6905	196 
6906	243 
6907	74 
6908	12 
6909	172 
6910	60 
6911	211 
6912	195 
6913	175 
6914	46 
6915	237 
6916	276 
6917	214 
6918	248 
6919	164 
6920	15 
6921	211 
6922	160 
6923	245 
6924	24 
6925	73 
6926	109 
6927	196 
6928	16 
6929	203 
6930	147 
6931	132 
6932	236 
6933	201 
6934	23 
6935	93 
6936	23 
6937	36 
6938	95 
6939	98 
6940	58 
6941	82 
6942	201 
6943	215 
6944	160 
6945	8 
6946	238 
6947	47 
6948	160 
6949	214 
6950	80 
6951	160 
6952	145 
6953	257 
6954	96 
6955	51 
6956	221 
6957	133 
6958	256 
6959	69 
6960	11 
6961	196 
6962	226 
6963	239 
6964	70 
6965	235 
6966	108 
6967	237 
6968	155 
6969	67 
6970	243 
6971	125 
6972	165 
6973	98 
6974	236 
6975	108 
6976	114 
6977	23 
6978	129 
6979	41 
6980	58 
6981	256 
6982	24 
6983	225 
6984	35 
6985	49 
6986	60 
6987	125 
6988	92 
6989	147 
6990	142 
6991	214 
6992	1 
6993	81 
6994	81 
6995	144 
6996	245 
6997	214 
6998	26 
6999	144 
7000	50 
7001	99 
7002	274 
7003	26 
7004	211 
7005	5 
7006	281 
7007	216 
7008	175 
7009	96 
7010	131 
7011	279 
7012	98 
7013	133 
7014	188 
7015	44 
7016	105 
7017	41 
7018	13 
7019	60 
7020	26 
7021	80 
7022	114 
7023	163 
7024	245 
7025	243 
7026	214 
7027	7 
7028	8 
7029	9 
7030	37 
7031	46 
7032	76 
7033	217 
7034	205 
7035	112 
7036	206 
7037	182 
7038	132 
7039	160 
7040	140 
7041	182 
7042	149 
7043	155 
7044	60 
7045	3 
7046	129 
7047	197 
7048	7 
7049	227 
7050	125 
7051	103 
7052	226 
7053	216 
7054	226 
7055	113 
7056	247 
7057	214 
7058	228 
7059	27 
7060	227 
7061	246 
7062	46 
7063	227 
7064	218 
7065	262 
7066	131 
7067	109 
7068	279 
7069	95 
7070	30 
7071	163 
7072	195 
7073	218 
7074	125 
7075	165 
7076	247 
7077	196 
7078	126 
7079	12 
7080	281 
7081	140 
7082	41 
7083	141 
7084	49 
7085	93 
7086	15 
7087	245 
7088	135 
7089	274 
7090	163 
7091	197 
7092	125 
7093	152 
7094	35 
7095	27 
7096	205 
7097	37 
7098	126 
7099	57 
7100	18 
7101	277 
7102	205 
7103	8 
7104	95 
7105	221 
7106	70 
7107	149 
7108	128 
7109	260 
7110	132 
7111	273 
7112	226 
7113	211 
7114	76 
7115	8 
7116	134 
7117	184 
7118	70 
7119	163 
7120	25 
7121	212 
7122	236 
7123	205 
7124	129 
7125	47 
7126	57 
7127	26 
7128	188 
7129	30 
7130	46 
7131	276 
7132	202 
7133	245 
7134	147 
7135	241 
7136	79 
7137	221 
7138	211 
7139	132 
7140	246 
7141	248 
7142	241 
7143	277 
7144	279 
7145	237 
7146	155 
7147	236 
7148	29 
7149	276 
7150	57 
7151	132 
7152	37 
7153	190 
7154	196 
7155	147 
7156	24 
7157	248 
7158	1 
7159	276 
7160	198 
7161	20 
7162	18 
7163	31 
7164	160 
7165	161 
7166	92 
7167	1 
7168	217 
7169	223 
7170	98 
7171	191 
7172	56 
7173	38 
7174	184 
7175	160 
7176	96 
7177	39 
7178	18 
7179	245 
7180	175 
7181	114 
7182	7 
7183	95 
7184	235 
7185	202 
7186	71 
7187	245 
7188	241 
7189	79 
7190	256 
7191	276 
7192	8 
7193	261 
7194	184 
7195	195 
7196	236 
7197	110 
7198	98 
7199	203 
7200	236 
7201	190 
7202	235 
7203	125 
7204	152 
7205	18 
7206	221 
7207	109 
7208	225 
7209	179 
7210	103 
7211	236 
7212	161 
7213	83 
7214	41 
7215	129 
7216	201 
7217	140 
7218	203 
7219	73 
7220	197 
7221	15 
7222	1 
7223	264 
7224	1 
7225	18 
7226	129 
7227	67 
7228	114 
7229	25 
7230	256 
7231	79 
7232	105 
7233	277 
7234	182 
7235	198 
7236	132 
7237	37 
7238	200 
7239	197 
7240	60 
7241	34 
7242	92 
7243	110 
7244	44 
7245	119 
7246	274 
7247	200 
7248	264 
7249	267 
7250	80 
7251	281 
7252	198 
7253	208 
7254	135 
7255	179 
7256	9 
7257	218 
7258	237 
7259	8 
7260	24 
7261	95 
7262	200 
7263	248 
7264	74 
7265	265 
7266	82 
7267	133 
7268	152 
7269	20 
7270	144 
7271	12 
7272	70 
7273	178 
7274	247 
7275	79 
7276	58 
7277	18 
7278	247 
7279	243 
7280	227 
7281	184 
7282	175 
7283	223 
7284	1 
7285	83 
7286	93 
7287	246 
7288	47 
7289	132 
7290	227 
7291	82 
7292	217 
7293	265 
7294	25 
7295	39 
7296	110 
7297	129 
7298	229 
7299	224 
7300	227 
7301	99 
7302	35 
7303	110 
7304	201 
7305	228 
7306	279 
7307	279 
7308	198 
7309	212 
7310	51 
7311	15 
7312	41 
7313	60 
7314	172 
7315	12 
7316	31 
7317	270 
7318	141 
7319	27 
7320	281 
7321	110 
7322	16 
7323	56 
7324	114 
7325	248 
7326	273 
7327	235 
7328	69 
7329	51 
7330	229 
7331	155 
7332	47 
7333	110 
7334	237 
7335	274 
7336	98 
7337	225 
7338	56 
7339	60 
7340	113 
7341	7 
7342	30 
7343	163 
7344	196 
7345	109 
7346	189 
7347	200 
7348	277 
7349	190 
7350	134 
7351	236 
7352	125 
7353	256 
7354	51 
7355	23 
7356	41 
7357	34 
7358	227 
7359	129 
7360	57 
7361	224 
7362	149 
7363	257 
7364	31 
7365	18 
7366	8 
7367	35 
7368	245 
7369	50 
7370	37 
7371	47 
7372	135 
7373	264 
7374	74 
7375	117 
7376	208 
7377	24 
7378	184 
7379	200 
7380	35 
7381	163 
7382	206 
7383	34 
7384	23 
7385	80 
7386	274 
7387	177 
7388	46 
7389	125 
7390	128 
7391	79 
7392	164 
7393	172 
7394	74 
7395	73 
7396	243 
7397	256 
7398	276 
7399	224 
7400	243 
7401	133 
7402	256 
7403	160 
7404	38 
7405	128 
7406	153 
7407	5 
7408	18 
7409	224 
7410	183 
7411	163 
7412	153 
7413	267 
7414	227 
7415	201 
7416	205 
7417	256 
7418	196 
7419	144 
7420	70 
7421	221 
7422	160 
7423	164 
7424	196 
7425	235 
7426	224 
7427	160 
7428	71 
7429	142 
7430	172 
7431	92 
7432	132 
7433	238 
7434	16 
7435	44 
7436	276 
7437	133 
7438	132 
7439	67 
7440	25 
7441	184 
7442	250 
7443	7 
7444	27 
7445	147 
7446	188 
7447	37 
7448	29 
7449	73 
7450	265 
7451	50 
7452	265 
7453	274 
7454	256 
7455	112 
7456	132 
7457	202 
7458	151 
7459	15 
7460	134 
7461	184 
7462	137 
7463	31 
7464	8 
7465	229 
7466	39 
7467	60 
7468	25 
7469	216 
7470	281 
7471	35 
7472	110 
7473	112 
7474	103 
7475	153 
7476	26 
7477	30 
7478	58 
7479	44 
7480	125 
7481	246 
7482	246 
7483	108 
7484	114 
7485	247 
7486	47 
7487	267 
7488	49 
7489	69 
7490	201 
7491	30 
7492	221 
7493	56 
7494	238 
7495	152 
7496	245 
7497	179 
7498	135 
7499	8 
7500	198 
7501	184 
7502	155 
7503	49 
7504	172 
7505	196 
7506	93 
7507	51 
7508	264 
7509	1 
7510	60 
7511	246 
7512	46 
7513	197 
7514	119 
7515	93 
7516	226 
7517	128 
7518	276 
7519	247 
7520	151 
7521	211 
7522	79 
7523	67 
7524	1 
7525	26 
7526	113 
7527	25 
7528	183 
7529	165 
7530	117 
7531	12 
7532	113 
7533	211 
7534	227 
7535	163 
7536	76 
7537	205 
7538	132 
7539	79 
7540	112 
7541	98 
7542	92 
7543	15 
7544	79 
7545	189 
7546	69 
7547	113 
7548	212 
7549	79 
7550	178 
7551	1 
7552	74 
7553	160 
7554	25 
7555	225 
7556	246 
7557	37 
7558	277 
7559	195 
7560	195 
7561	81 
7562	93 
7563	265 
7564	57 
7565	96 
7566	256 
7567	103 
7568	155 
7569	129 
7570	279 
7571	95 
7572	225 
7573	208 
7574	216 
7575	235 
7576	175 
7577	205 
7578	183 
7579	57 
7580	57 
7581	224 
7582	224 
7583	95 
7584	96 
7585	276 
7586	119 
7587	221 
7588	228 
7589	226 
7590	49 
7591	82 
7592	183 
7593	58 
7594	129 
7595	105 
7596	247 
7597	190 
7598	155 
7599	237 
7600	228 
7601	79 
7602	163 
7603	281 
7604	82 
7605	140 
7606	8 
7607	237 
7608	249 
7609	267 
7610	9 
7611	164 
7612	190 
7613	135 
7614	26 
7615	144 
7616	109 
7617	141 
7618	184 
7619	200 
7620	229 
7621	7 
7622	60 
7623	184 
7624	58 
7625	270 
7626	279 
7627	274 
7628	179 
7629	177 
7630	112 
7631	205 
7632	41 
7633	264 
7634	206 
7635	41 
7636	177 
7637	26 
7638	5 
7639	183 
7640	206 
7641	50 
7642	152 
7643	141 
7644	26 
7645	79 
7646	18 
7647	37 
7648	79 
7649	247 
7650	223 
7651	96 
7652	16 
7653	221 
7654	26 
7655	105 
7656	7 
7657	214 
7658	12 
7659	245 
7660	184 
7661	105 
7662	103 
7663	82 
7664	202 
7665	82 
7666	5 
7667	60 
7668	183 
7669	79 
7670	41 
7671	42 
7672	277 
7673	265 
7674	151 
7675	189 
7676	245 
7677	164 
7678	243 
7679	30 
7680	175 
7681	30 
7682	247 
7683	105 
7684	29 
7685	128 
7686	71 
7687	133 
7688	114 
7689	202 
7690	60 
7691	165 
7692	144 
7693	229 
7694	281 
7695	165 
7696	108 
7697	110 
7698	96 
7699	125 
7700	226 
7701	120 
7702	281 
7703	133 
7704	117 
7705	120 
7706	58 
7707	165 
7708	30 
7709	46 
7710	110 
7711	50 
7712	203 
7713	31 
7714	69 
7715	110 
7716	221 
7717	203 
7718	73 
7719	80 
7720	38 
7721	276 
7722	81 
7723	196 
7724	108 
7725	80 
7726	27 
7727	163 
7728	132 
7729	155 
7730	237 
7731	112 
7732	108 
7733	80 
7734	126 
7735	113 
7736	16 
7737	200 
7738	190 
7739	18 
7740	9 
7741	241 
7742	133 
7743	155 
7744	8 
7745	164 
7746	188 
7747	69 
7748	256 
7749	274 
7750	175 
7751	8 
7752	38 
7753	224 
7754	70 
7755	274 
7756	225 
7757	71 
7758	270 
7759	132 
7760	246 
7761	30 
7762	221 
7763	172 
7764	71 
7765	141 
7766	205 
7767	155 
7768	208 
7769	190 
7770	250 
7771	1 
7772	27 
7773	125 
7774	218 
7775	281 
7776	25 
7777	141 
7778	117 
7779	71 
7780	256 
7781	144 
7782	117 
7783	218 
7784	201 
7785	125 
7786	160 
7787	57 
7788	57 
7789	42 
7790	129 
7791	49 
7792	42 
7793	198 
7794	81 
7795	92 
7796	270 
7797	41 
7798	247 
7799	237 
7800	177 
7801	105 
7802	274 
7803	74 
7804	153 
7805	99 
7806	218 
7807	144 
7808	214 
7809	15 
7810	47 
7811	114 
7812	190 
7813	241 
7814	261 
7815	74 
7816	262 
7817	237 
7818	71 
7819	144 
7820	276 
7821	172 
7822	80 
7823	108 
7824	51 
7825	172 
7826	37 
7827	172 
7828	241 
7829	57 
7830	7 
7831	25 
7832	132 
7833	67 
7834	248 
7835	112 
7836	109 
7837	81 
7838	98 
7839	172 
7840	201 
7841	27 
7842	137 
7843	16 
7844	203 
7845	177 
7846	172 
7847	184 
7848	179 
7849	141 
7850	237 
7851	1 
7852	175 
7853	117 
7854	25 
7855	44 
7856	188 
7857	265 
7858	241 
7859	203 
7860	182 
7861	120 
7862	69 
7863	105 
7864	12 
7865	129 
7866	184 
7867	82 
7868	38 
7869	164 
7870	1 
7871	31 
7872	31 
7873	190 
7874	27 
7875	243 
7876	135 
7877	172 
7878	241 
7879	74 
7880	188 
7881	5 
7882	270 
7883	29 
7884	226 
7885	16 
7886	44 
7887	69 
7888	184 
7889	172 
7890	225 
7891	247 
7892	249 
7893	264 
7894	95 
7895	247 
7896	47 
7897	12 
7898	51 
7899	205 
7900	163 
7901	237 
7902	134 
7903	281 
7904	103 
7905	60 
7906	250 
7907	110 
7908	134 
7909	184 
7910	46 
7911	184 
7912	249 
7913	225 
7914	270 
7915	81 
7916	163 
7917	34 
7918	196 
7919	155 
7920	73 
7921	218 
7922	41 
7923	164 
7924	126 
7925	151 
7926	214 
7927	60 
7928	108 
7929	60 
7930	281 
7931	172 
7932	183 
7933	80 
7934	267 
7935	237 
7936	243 
7937	147 
7938	5 
7939	134 
7940	30 
7941	50 
7942	262 
7943	37 
7944	246 
7945	98 
7946	182 
7947	25 
7948	109 
7949	165 
7950	264 
7951	182 
7952	175 
7953	228 
7954	25 
7955	96 
7956	82 
7957	5 
7958	267 
7959	190 
7960	8 
7961	211 
7962	229 
7963	281 
7964	30 
7965	161 
7966	274 
7967	188 
7968	129 
7969	212 
7970	201 
7971	20 
7972	74 
7973	129 
7974	175 
7975	73 
7976	20 
7977	241 
7978	178 
7979	195 
7980	248 
7981	212 
7982	177 
7983	44 
7984	7 
7985	238 
7986	58 
7987	29 
7988	178 
7989	117 
7990	172 
7991	34 
7992	243 
7993	73 
7994	42 
7995	44 
7996	224 
7997	69 
7998	129 
7999	46 
8000	46 
8001	103 
8002	117 
8003	76 
8004	197 
8005	218 
8006	227 
8007	188 
8008	98 
8009	160 
8010	30 
8011	41 
8012	224 
8013	8 
8014	188 
8015	76 
8016	133 
8017	67 
8018	42 
8019	95 
8020	135 
8021	1 
8022	95 
8023	132 
8024	129 
8025	208 
8026	243 
8027	129 
8028	16 
8029	151 
8030	235 
8031	165 
8032	93 
8033	12 
8034	34 
8035	16 
8036	128 
8037	93 
8038	1 
8039	24 
8040	243 
8041	8 
8042	197 
8043	128 
8044	38 
8045	110 
8046	161 
8047	117 
8048	137 
8049	26 
8050	200 
8051	250 
8052	49 
8053	27 
8054	189 
8055	281 
8056	229 
8057	82 
8058	226 
8059	105 
8060	218 
8061	71 
8062	82 
8063	261 
8064	16 
8065	183 
8066	214 
8067	208 
8068	237 
8069	114 
8070	261 
8071	71 
8072	155 
8073	57 
8074	224 
8075	229 
8076	218 
8077	144 
8078	227 
8079	31 
8080	224 
8081	248 
8082	264 
8083	42 
8084	224 
8085	211 
8086	205 
8087	165 
8088	49 
8089	117 
8090	114 
8091	67 
8092	105 
8093	225 
8094	211 
8095	165 
8096	5 
8097	237 
8098	248 
8099	256 
8100	262 
8101	281 
8102	120 
8103	262 
8104	110 
8105	132 
8106	226 
8107	47 
8108	225 
8109	108 
8110	198 
8111	274 
8112	110 
8113	163 
8114	44 
8115	51 
8116	105 
8117	245 
8118	188 
8119	229 
8120	228 
8121	69 
8122	189 
8123	161 
8124	103 
8125	163 
8126	179 
8127	225 
8128	47 
8129	37 
8130	164 
8131	211 
8132	96 
8133	188 
8134	69 
8135	197 
8136	79 
8137	129 
8138	110 
8139	228 
8140	105 
8141	196 
8142	226 
8143	25 
8144	249 
8145	153 
8146	80 
8147	49 
8148	137 
8149	190 
8150	281 
8151	163 
8152	125 
8153	23 
8154	144 
8155	23 
8156	114 
8157	132 
8158	73 
8159	195 
8160	129 
8161	8 
8162	261 
8163	114 
8164	109 
8165	133 
8166	261 
8167	27 
8168	51 
8169	250 
8170	226 
8171	160 
8172	42 
8173	183 
8174	190 
8175	50 
8176	74 
8177	237 
8178	92 
8179	237 
8180	29 
8181	129 
8182	200 
8183	249 
8184	211 
8185	184 
8186	125 
8187	73 
8188	80 
8189	211 
8190	30 
8191	42 
8192	95 
8193	133 
8194	37 
8195	243 
8196	117 
8197	49 
8198	120 
8199	224 
8200	79 
8201	69 
8202	120 
8203	120 
8204	74 
8205	29 
8206	201 
8207	20 
8208	183 
8209	188 
8210	46 
8211	44 
8212	42 
8213	128 
8214	262 
8215	71 
8216	228 
8217	93 
8218	31 
8219	1 
8220	178 
8221	188 
8222	30 
8223	172 
8224	41 
8225	76 
8226	23 
8227	31 
8228	205 
8229	163 
8230	23 
8231	9 
8232	108 
8233	227 
8234	8 
8235	147 
8236	30 
8237	120 
8238	229 
8239	165 
8240	183 
8241	243 
8242	229 
8243	20 
8244	184 
8245	133 
8246	134 
8247	218 
8248	235 
8249	153 
8250	92 
8251	141 
8252	57 
8253	179 
8254	95 
8255	228 
8256	56 
8257	114 
8258	229 
8259	212 
8260	109 
8261	227 
8262	225 
8263	99 
8264	183 
8265	25 
8266	134 
8267	203 
8268	99 
8269	147 
8270	163 
8271	117 
8272	141 
8273	133 
8274	27 
8275	9 
8276	147 
8277	71 
8278	178 
8279	47 
8280	109 
8281	212 
8282	1 
8283	188 
8284	82 
8285	27 
8286	190 
8287	265 
8288	161 
8289	73 
8290	218 
8291	188 
8292	27 
8293	132 
8294	27 
8295	112 
8296	25 
8297	196 
8298	128 
8299	238 
8300	58 
8301	25 
8302	9 
8303	44 
8304	80 
8305	212 
8306	249 
8307	92 
8308	120 
8309	51 
8310	128 
8311	56 
8312	132 
8313	58 
8314	243 
8315	265 
8316	135 
8317	151 
8318	99 
8319	93 
8320	141 
8321	224 
8322	110 
8323	80 
8324	265 
8325	110 
8326	105 
8327	1 
8328	165 
8329	27 
8330	243 
8331	224 
8332	23 
8333	23 
8334	71 
8335	26 
8336	27 
8337	25 
8338	141 
8339	161 
8340	137 
8341	128 
8342	5 
8343	256 
8344	1 
8345	214 
8346	172 
8347	182 
8348	247 
8349	212 
8350	57 
8351	237 
8352	16 
8353	117 
8354	132 
8355	211 
8356	188 
8357	71 
8358	245 
8359	58 
8360	203 
8361	226 
8362	114 
8363	31 
8364	129 
8365	256 
8366	69 
8367	228 
8368	144 
8369	243 
8370	109 
8371	41 
8372	276 
8373	224 
8374	44 
8375	47 
8376	172 
8377	42 
8378	281 
8379	163 
8380	256 
8381	267 
8382	58 
8383	9 
8384	182 
8385	110 
8386	51 
8387	98 
8388	165 
8389	30 
8390	58 
8391	29 
8392	110 
8393	110 
8394	198 
8395	20 
8396	256 
8397	5 
8398	96 
8399	35 
8400	178 
8401	281 
8402	69 
8403	175 
8404	262 
8405	29 
8406	112 
8407	99 
8408	93 
8409	129 
8410	261 
8411	35 
8412	205 
8413	153 
8414	96 
8415	60 
8416	164 
8417	151 
8418	267 
8419	205 
8420	81 
8421	227 
8422	262 
8423	79 
8424	264 
8425	129 
8426	93 
8427	212 
8428	128 
8429	224 
8430	264 
8431	274 
8432	7 
8433	163 
8434	184 
8435	201 
8436	224 
8437	9 
8438	132 
8439	82 
8440	203 
8441	147 
8442	92 
8443	184 
8444	212 
8445	211 
8446	237 
8447	141 
8448	267 
8449	41 
8450	47 
8451	29 
8452	51 
8453	105 
8454	95 
8455	163 
8456	179 
8457	165 
8458	247 
8459	198 
8460	20 
8461	218 
8462	196 
8463	35 
8464	71 
8465	8 
8466	235 
8467	105 
8468	41 
8469	105 
8470	31 
8471	160 
8472	214 
8473	114 
8474	274 
8475	99 
8476	67 
8477	44 
8478	134 
8479	58 
8480	134 
8481	110 
8482	20 
8483	47 
8484	60 
8485	67 
8486	212 
8487	23 
8488	183 
8489	261 
8490	35 
8491	76 
8492	175 
8493	248 
8494	134 
8495	237 
8496	229 
8497	76 
8498	227 
8499	109 
8500	200 
8501	128 
8502	73 
8503	175 
8504	135 
8505	178 
8506	226 
8507	203 
8508	261 
8509	172 
8510	41 
8511	144 
8512	135 
8513	129 
8514	25 
8515	201 
8516	80 
8517	155 
8518	27 
8519	73 
8520	73 
8521	247 
8522	163 
8523	178 
8524	132 
8525	71 
8526	58 
8527	105 
8528	98 
8529	73 
8530	110 
8531	250 
8532	164 
8533	262 
8534	67 
8535	183 
8536	92 
8537	31 
8538	274 
8539	71 
8540	164 
8541	26 
8542	200 
8543	128 
8544	95 
8545	109 
8546	41 
8547	81 
8548	189 
8549	281 
8550	205 
8551	205 
8552	211 
8553	250 
8554	183 
8555	188 
8556	227 
8557	57 
8558	189 
8559	79 
8560	69 
8561	160 
8562	49 
8563	27 
8564	9 
8565	71 
8566	196 
8567	147 
8568	190 
8569	5 
8570	95 
8571	228 
8572	183 
8573	137 
8574	135 
8575	44 
8576	281 
8577	189 
8578	214 
8579	243 
8580	23 
8581	201 
8582	214 
8583	227 
8584	8 
8585	267 
8586	147 
8587	74 
8588	105 
8589	129 
8590	256 
8591	8 
8592	82 
8593	183 
8594	141 
8595	69 
8596	128 
8597	112 
8598	237 
8599	160 
8600	25 
8601	262 
8602	92 
8603	229 
8604	265 
8605	144 
8606	112 
8607	172 
8608	179 
8609	153 
8610	237 
8611	262 
8612	110 
8613	71 
8614	44 
8615	203 
8616	25 
8617	147 
8618	35 
8619	117 
8620	205 
8621	160 
8622	190 
8623	41 
8624	281 
8625	80 
8626	245 
8627	23 
8628	155 
8629	47 
8630	8 
8631	41 
8632	281 
8633	27 
8634	172 
8635	250 
8636	250 
8637	247 
8638	274 
8639	37 
8640	98 
8641	198 
8642	262 
8643	23 
8644	237 
8645	163 
8646	175 
8647	71 
8648	81 
8649	160 
8650	135 
8651	71 
8652	128 
8653	9 
8654	203 
8655	27 
8656	155 
8657	41 
8658	205 
8659	105 
8660	112 
8661	144 
8662	31 
8663	98 
8664	114 
8665	114 
8666	8 
8667	245 
8668	96 
8669	35 
8670	155 
8671	218 
8672	80 
8673	132 
8674	95 
8675	25 
8676	74 
8677	60 
8678	41 
8679	81 
8680	224 
8681	198 
8682	95 
8683	132 
8684	9 
8685	98 
8686	114 
8687	35 
8688	163 
8689	31 
8690	155 
8691	184 
8692	267 
8693	79 
8694	225 
8695	225 
8696	243 
8697	74 
8698	92 
8699	35 
8700	5 
8701	243 
8702	135 
8703	250 
8704	95 
8705	129 
8706	81 
8707	80 
8708	256 
8709	20 
8710	160 
8711	190 
8712	274 
8713	144 
8714	237 
8715	80 
8716	110 
8717	7 
8718	46 
8719	262 
8720	179 
8721	188 
8722	245 
8723	137 
8724	1 
8725	182 
8726	57 
8727	95 
8728	237 
8729	57 
8730	112 
8731	184 
8732	105 
8733	76 
8734	183 
8735	79 
8736	60 
8737	196 
8738	5 
8739	155 
8740	26 
8741	265 
8742	23 
8743	165 
8744	188 
8745	41 
8746	178 
8747	29 
8748	214 
8749	198 
8750	29 
8751	218 
8752	132 
8753	164 
8754	35 
8755	117 
8756	243 
8757	248 
8758	211 
8759	109 
8760	274 
8761	20 
8762	135 
8763	133 
8764	76 
8765	228 
8766	58 
8767	26 
8768	224 
8769	51 
8770	92 
8771	203 
8772	108 
8773	190 
8774	203 
8775	26 
8776	281 
8777	82 
8778	250 
8779	165 
8780	155 
8781	163 
8782	165 
8783	81 
8784	229 
8785	71 
8786	218 
8787	8 
8788	7 
8789	256 
8790	29 
8791	92 
8792	41 
8793	29 
8794	47 
8795	214 
8796	82 
8797	211 
8798	35 
8799	20 
8800	79 
8801	31 
8802	57 
8803	267 
8804	225 
8805	69 
8806	205 
8807	201 
8808	109 
8809	211 
8810	37 
8811	112 
8812	23 
8813	224 
8814	243 
8815	228 
8816	164 
8817	179 
8818	37 
8819	153 
8820	31 
8821	203 
8822	147 
8823	81 
8824	9 
8825	132 
8826	129 
8827	71 
8828	276 
8829	108 
8830	229 
8831	196 
8832	37 
8833	81 
8834	243 
8835	163 
8836	248 
8837	203 
8838	262 
8839	57 
8840	256 
8841	96 
8842	198 
8843	224 
8844	229 
8845	175 
8846	211 
8847	164 
8848	172 
8849	163 
8850	178 
8851	35 
8852	76 
8853	267 
8854	184 
8855	200 
8856	80 
8857	47 
8858	225 
8859	245 
8860	44 
8861	172 
8862	183 
8863	137 
8864	276 
8865	31 
8866	243 
8867	281 
8868	160 
8869	200 
8870	69 
8871	155 
8872	182 
8873	175 
8874	226 
8875	109 
8876	144 
8877	196 
8878	137 
8879	189 
8880	96 
8881	73 
8882	189 
8883	76 
8884	57 
8885	247 
8886	137 
8887	79 
8888	248 
8889	25 
8890	163 
8891	9 
8892	137 
8893	274 
8894	44 
8895	144 
8896	79 
8897	29 
8898	189 
8899	117 
8900	129 
8901	144 
8902	128 
8903	226 
8904	211 
8905	189 
8906	112 
8907	5 
8908	262 
8909	114 
8910	29 
8911	137 
8912	189 
8913	183 
8914	128 
8915	92 
8916	137 
8917	73 
8918	175 
8919	35 
8920	226 
8921	184 
8922	189 
8923	92 
8924	7 
8925	172 
8926	41 
8927	200 
8928	200 
8929	183 
8930	163 
8931	189 
8932	256 
8933	35 
8934	105 
8935	267 
8936	243 
8937	46 
8938	46 
8939	276 
8940	237 
8941	196 
8942	262 
8943	203 
8944	129 
8945	229 
8946	5 
8947	7 
8948	245 
8949	80 
8950	144 
8951	245 
8952	110 
8953	147 
8954	243 
8955	144 
8956	189 
8957	165 
8958	183 
8959	147 
8960	147 
8961	163 
8962	229 
8963	95 
8964	201 
8965	46 
8966	73 
8967	96 
8968	41 
8969	175 
8970	108 
8971	60 
8972	25 
8973	73 
8974	262 
8975	160 
8976	135 
8977	1 
8978	125 
8979	92 
8980	114 
8981	189 
8982	237 
8983	5 
8984	79 
8985	92 
8986	31 
8987	69 
8988	26 
8989	80 
8990	8 
8991	47 
8992	1 
8993	160 
8994	69 
8995	203 
8996	224 
8997	105 
8998	165 
8999	44 
9000	73 
9001	237 
9002	80 
9003	105 
9004	229 
9005	141 
9006	125 
9007	71 
9008	147 
9009	96 
9010	25 
9011	7 
9012	110 
9013	276 
9014	41 
9015	110 
9016	99 
9017	250 
9018	225 
9019	44 
9020	41 
9021	189 
9022	163 
9023	281 
9024	76 
9025	147 
9026	105 
9027	29 
9028	133 
9029	8 
9030	109 
9031	47 
9032	71 
9033	205 
9034	110 
9035	5 
9036	20 
9037	9 
9038	183 
9039	247 
9040	189 
9041	227 
9042	229 
9043	5 
9044	247 
9045	92 
9046	96 
9047	201 
9048	5 
9049	46 
9050	114 
9051	247 
9052	205 
9053	109 
9054	1 
9055	250 
9056	153 
9057	190 
9058	144 
9059	144 
9060	183 
9061	247 
9062	135 
9063	105 
9064	105 
9065	144 
9066	226 
9067	153 
9068	129 
9069	76 
9070	262 
9071	128 
9072	203 
9073	26 
9074	129 
9075	141 
9076	133 
9077	95 
9078	175 
9079	164 
9080	250 
9081	57 
9082	137 
9083	125 
9084	110 
9085	46 
9086	245 
9087	5 
9088	29 
9089	262 
9090	25 
9091	7 
9092	99 
9093	128 
9094	46 
9095	105 
9096	96 
9097	73 
9098	129 
9099	147 
9100	153 
9101	5 
9102	133 
9103	250 
9104	201 
9105	155 
9106	47 
9107	261 
9108	27 
9109	1 
9110	229 
9111	69 
9112	261 
9113	183 
9114	175 
9115	160 
9116	92 
9117	76 
9118	92 
9119	105 
9120	8 
9121	227 
9122	92 
9123	27 
9124	71 
9125	155 
9126	245 
9127	1 
9128	262 
9129	73 
9130	250 
9131	163 
9132	95 
9133	46 
9134	201 
9135	184 
9136	205 
9137	184 
9138	125 
9139	189 
9140	79 
9141	41 
9142	137 
9143	129 
9144	261 
9145	144 
9146	141 
9147	201 
9148	69 
9149	27 
9150	237 
9151	172 
9152	69 
9153	60 
9154	250 
9155	109 
9156	96 
9157	256 
9158	250 
9159	99 
9160	245 
9161	261 
9162	20 
9163	184 
9164	79 
9165	114 
9166	188 
9167	141 
9168	184 
9169	73 
9170	69 
9171	229 
9172	163 
9173	25 
9174	80 
9175	95 
9176	160 
9177	46 
9178	247 
9179	147 
9180	225 
9181	200 
9182	7 
9183	237 
9184	218 
9185	73 
9186	189 
9187	250 
9188	147 
9189	155 
9190	218 
9191	190 
9192	76 
9193	96 
9194	44 
9195	172 
9196	129 
9197	71 
9198	164 
9199	218 
9200	132 
9201	261 
9202	190 
9203	109 
9204	44 
9205	227 
9206	237 
9207	41 
9208	188 
9209	276 
9210	243 
9211	144 
9212	200 
9213	281 
9214	276 
9215	109 
9216	205 
9217	25 
9218	172 
9219	20 
9220	73 
9221	7 
9222	281 
9223	79 
9224	128 
9225	247 
9226	8 
9227	141 
9228	7 
9229	147 
9230	190 
9231	7 
9232	31 
9233	9 
9234	125 
9235	175 
9236	163 
9237	27 
9238	281 
9239	163 
9240	80 
9241	227 
9242	163 
9243	250 
9244	163 
9245	201 
9246	175 
9247	8 
9248	9 
9249	237 
9250	144 
9251	137 
9252	160 
9253	261 
9254	262 
9255	276 
9256	141 
9257	99 
9258	203 
9259	262 
9260	243 
9261	1 
9262	110 
9263	175 
9264	184 
9265	229 
9266	1 
9267	109 
9268	205 
9269	205 
9270	281 
9271	250 
9272	96 
9273	218 
9274	27 
9275	20 
9276	247 
9277	125 
9278	80 
9279	99 
9280	190 
9281	281 
9282	144 
9283	190 
9284	20 
9285	109 
9286	20 
9287	125 
9288	276 
9289	141 
9290	281 
9291	9 
9292	262 
9293	141 
9294	227 
9295	224 
9296	25 
9297	25 
9298	190 
9299	196 
9300	99 
9301	133 
9302	8 
9303	25 
9304	132 
9305	201 
9306	129 
9307	99 
9308	137 
9309	225 
9310	105 
9311	60 
9312	5 
9313	109 
9314	25 
9315	71 
9316	205 
9317	262 
9318	205 
9319	237 
9320	8 
9321	201 
9322	188 
9323	25 
9324	27 
9325	190 
9326	190 
9327	27 
9328	137 
9329	27 
9330	69 
9331	109 
9332	137 
9333	133 
9334	71 
9335	114 
9336	183 
9337	69 
9338	69 
9339	9 
9340	44 
9341	125 
9342	132 
9343	200 
9344	25 
9345	125 
9346	247 
9347	141 
9348	155 
9349	69 
9350	92 
9351	128 
9352	196 
9353	141 
9354	133 
9355	9 
9356	218 
9357	41 
9358	190 
9359	44 
9360	141 
9361	141 
9362	1 
9363	227 
9364	201 
9365	184 
9366	60 
9367	129 
9368	200 
9369	184 
9370	73 
9371	188 
9372	95 
9373	99 
9374	44 
9375	110 
9376	188 
9377	224 
9378	9 
9379	71 
9380	76 
9381	44 
9382	125 
9383	137 
9384	110 
9385	243 
9386	137 
9387	110 
9388	205 
9389	189 
9390	237 
9391	281 
9392	189 
9393	227 
9394	110 
9395	160 
9396	31 
9397	224 
9398	141 
9399	114 
9400	105 
9401	25 
9402	276 
9403	25 
9404	190 
9405	110 
9406	9 
9407	227 
9408	132 
9409	224 
9410	133 
9411	114 
9412	105 
9413	201 
9414	125 
9415	137 
9416	243 
9417	188 
9418	9 
9419	190 
9420	184 
9421	245 
9422	125 
9423	99 
9424	71 
9425	80 
9426	105 
9427	144 
9428	190 
9429	44 
9430	155 
9431	184 
9432	20 
9433	144 
9434	99 
9435	128 
9436	1 
9437	201 
9438	189 
9439	183 
9440	105 
9441	196 
9442	25 
9443	183 
9444	276 
9445	27 
9446	9 
9447	5 
9448	20 
9449	188 
9450	155 
9451	92 
9452	132 
9453	5 
9454	95 
9455	29 
9456	29 
9457	71 
9458	71 
9459	147 
9460	188 
9461	29 
9462	141 
9463	20 
9464	224 
9465	1 
9466	110 
9467	237 
9468	262 
9469	76 
9470	144 
9471	229 
9472	218 
9473	105 
9474	218 
9475	8 
9476	200 
9477	141 
9478	137 
9479	129 
9480	184 
9481	137 
9482	76 
9483	92 
9484	243 
9485	205 
9486	76 
9487	110 
9488	243 
9489	190 
9490	132 
9491	276 
9492	200 
9493	184 
9494	247 
9495	190 
9496	20 
9497	29 
9498	229 
9499	99 
9500	144 
9501	218 
9502	5 
9503	44 
9504	190 
9505	9 
9506	41 
9507	95 
9508	133 
9509	129 
9510	79 
9511	132 
9512	224 
9513	92 
9514	224 
9515	71 
9516	31 
9517	141 
9518	29 
9519	276 
9520	218 
9521	141 
9522	71 
9523	247 
9524	31 
9525	73 
9526	60 
9527	201 
9528	200 
9529	224 
9530	190 
9531	137 
9532	183 
9533	247 
9534	137 
9535	247 
9536	60 
9537	80 
9538	243 
9539	1 
9540	105 
9541	224 
9542	137 
9543	189 
9544	237 
9545	224 
9546	133 
9547	41 
9548	147 
9549	25 
9550	41 
9551	188 
9552	71 
9553	95 
9554	189 
9555	184 
9556	147 
9557	141 
9558	96 
9559	276 
9560	125 
9561	276 
9562	188 
9563	201 
9564	163 
9565	147 
9566	218 
9567	29 
9568	71 
9569	71 
9570	188 
9571	96 
9572	29 
9573	163 
9574	92 
9575	201 
9576	20 
9577	31 
9578	190 
9579	73 
9580	243 
9581	218 
9582	129 
9583	25 
9584	5 
9585	31 
9586	105 
9587	262 
9588	189 
9589	163 
9590	73 
9591	132 
9592	29 
9593	5 
9594	189 
9595	79 
9596	31 
9597	129 
9598	129 
9599	200 
9600	183 
9601	125 
9602	133 
9603	9 
9604	27 
9605	125 
9606	92 
9607	183 
9608	144 
9609	144 
9610	247 
9611	92 
9612	92 
9613	243 
9614	92 
9615	71 
9616	262 
9617	96 
9618	144 
9619	25 
9620	5 
9621	129 
9622	200 
9623	73 
9624	183 
9625	188 
9626	163 
9627	105 
9628	200 
9629	73 
9630	29 
9631	129 
9632	110 
9633	5 
9634	218 
9635	71 
9636	73 
9637	20 
9638	125 
9639	29 
9640	144 
9641	1 
9642	133 
9643	243 
9644	247 
9645	73 
9646	132 
9647	60 
9648	144 
9649	31 
9650	44 
9651	141 
9652	5 
9653	95 
9654	205 
9655	201 
9656	155 
9657	276 
9658	276 
9659	96 
9660	237 
9661	25 
9662	190 
9663	95 
9664	27 
9665	1 
9666	114 
9667	96 
9668	190 
9669	247 
9670	79 
9671	224 
9672	262 
9673	155 
9674	125 
9675	132 
9676	79 
9677	133 
9678	243 
9679	247 
9680	79 
9681	218 
9682	188 
9683	73 
9684	129 
9685	71 
9686	9 
9687	205 
9688	73 
9689	41 
9690	155 
9691	243 
9692	160 
9693	262 
9694	190 
9695	1 
9696	29 
9697	110 
9698	247 
9699	73 
9700	114 
9701	73 
9702	243 
9703	132 
9704	5 
9705	1 
9706	110 
9707	73 
9708	132 
9709	188 
9710	5 
9711	200 
9712	71 
9713	25 
9714	229 
9715	9 
9716	79 
9717	29 
9718	190 
9719	96 
9720	237 
9721	25 
9722	237 
9723	71 
9724	129 
9725	237 
9726	205 
9727	105 
9728	1 
9729	160 
9730	5 
9731	247 
9732	5 
9733	29 
9734	79 
9735	147 
9736	73 
9737	218 
9738	1 
9739	237 
9740	147 
9741	155 
9742	188 
9743	205 
9744	247 
9745	247 
9746	224 
9747	1 
9748	79 
9749	60 
9750	184 
9751	9 
9752	27 
9753	224 
9754	1 
9755	133 
9756	160 
9757	29 
9758	5 
9759	184 
9760	163 
9761	60 
9762	79 
9763	132 
9764	247 
9765	25 
9766	243 
9767	147 
9768	184 
9769	125 
9770	79 
9771	60 
9772	125 
9773	9 
9774	5 
9775	1 
9776	188 
9777	60 
9778	188 
9779	73 
9780	27 
9781	110 
9782	243 
9783	125 
9784	184 
9785	29 
9786	155 
9787	27 
9788	133 
9789	132 
9790	1 
9791	125 
9792	25 
9793	144 
9794	224 
9795	27 
9796	60 
9797	184 
9798	163 
9799	71 
9800	79 
9801	247 
9802	188 
9803	218 
9804	129 
9805	41 
9806	29 
9807	144 
9808	5 
9809	60 
9810	1 
9811	25 
9812	205 
9813	105 
9814	224 
9815	141 
9816	73 
9817	79 
9818	27 
9819	218 
9820	247 
9821	79 
9822	224 
9823	1 
9824	190 
9825	184 
9826	105 
9827	218 
9828	163 
9829	1 
9830	218 
9831	110 
9832	25 
9833	73 
9834	129 
9835	190 
9836	237 
9837	5 
9838	247 
9839	5 
9840	144 
9841	144 
9842	141 
9843	110 
9844	160 
9845	141 
9846	160 
9847	190 
9848	144 
9849	105 
9850	9 
9851	218 
9852	205 
9853	71 
9854	224 
9855	184 
9856	144 
9857	224 
9858	73 
9859	71 
9860	243 
9861	218 
9862	1 
9863	1 
9864	190 
9865	224 
9866	144 
9867	71 
9868	144 
9869	205 
9870	141 
9871	125 
9872	163 
9873	247 
9874	25 
9875	144 
9876	71 
9877	247 
9878	79 
9879	27 
9880	218 
9881	110 
9882	190 
9883	141 
9884	5 
9885	27 
9886	243 
9887	27 
9888	129 
9889	60 
9890	155 
9891	5 
9892	110 
9893	144 
9894	141 
9895	243 
9896	144 
9897	141 
9898	243 
9899	237 
9900	125 
9901	247 
9902	190 
9903	129 
9904	144 
9905	224 
9906	79 
9907	160 
9908	247 
9909	247 
9910	79 
9911	160 
9912	5 
9913	1 
9914	243 
9915	224 
9916	27 
9917	163 
9918	60 
9919	79 
9920	125 
9921	224 
9922	184 
9923	224 
9924	237 
9925	71 
9926	71 
9927	243 
9928	60 
9929	125 
9930	1 
9931	60 
9932	79 
9933	144 
9934	71 
9935	1 
9936	27 
9937	184 
9938	190 
9939	184 
9940	237 
9941	243 
9942	190 
9943	144 
9944	5 
9945	5 
9946	110 
9947	79 
9948	190 
9949	237 
9950	110 
9951	243 
9952	25 
9953	184 
9954	27 
9955	163 
9956	129 
9957	25 
9958	144 
9959	1 
9960	163 
9961	79 
9962	144 
9963	190 
9964	224 
9965	129 
9966	60 
9967	110 
9968	71 
9969	60 
9970	163 
9971	27 
9972	110 
9973	129 
9974	27 
9975	1 
9976	5 
9977	71 
9978	60 
9979	25 
9980	5 
9981	5 
9982	60 
9983	243 
9984	129 
9985	129 
9986	5 
9987	27 
9988	60 
9989	237 
9990	27 
9991	237 
9992	129 
9993	25 
9994	79 
9995	27 
9996	60 
9997	237 
9998	243 
9999	243 
10000	1 
