1	7 
2	227 
3	32 
4	202 
5	85 
6	176 
7	188 
8	27 
9	55 
10	41 
11	194 
12	171 
13	131 
14	111 
15	36 
16	133 
17	151 
18	114 
19	191 
20	50 
21	93 
22	25 
23	36 
24	166 
25	194 
26	168 
27	3 
28	108 
29	7 
30	111 
31	16 
32	184 
33	20 
34	142 
35	88 
36	69 
37	56 
38	129 
39	134 
40	216 
41	121 
42	170 
43	245 
44	69 
45	207 
46	157 
47	147 
48	155 
49	176 
50	13 
51	5 
52	157 
53	17 
54	63 
55	109 
56	157 
57	43 
58	149 
59	54 
60	132 
61	87 
62	52 
63	39 
64	48 
65	246 
66	26 
67	227 
68	15 
69	138 
70	74 
71	222 
72	155 
73	115 
74	132 
75	75 
76	10 
77	91 
78	231 
79	183 
80	204 
81	67 
82	173 
83	104 
84	5 
85	27 
86	146 
87	151 
88	70 
89	86 
90	82 
91	99 
92	198 
93	254 
94	223 
95	129 
96	91 
97	171 
98	173 
99	1 
100	98 
101	217 
102	206 
103	77 
104	84 
105	45 
106	43 
107	155 
108	57 
109	50 
110	177 
111	57 
112	253 
113	24 
114	65 
115	133 
116	85 
117	40 
118	11 
119	180 
120	34 
121	145 
122	194 
123	207 
124	76 
125	171 
126	222 
127	87 
128	185 
129	244 
130	217 
131	32 
132	156 
133	234 
134	143 
135	129 
136	247 
137	155 
138	100 
139	87 
140	92 
141	226 
142	65 
143	205 
144	240 
145	61 
146	2 
147	97 
148	197 
149	59 
150	42 
151	45 
152	34 
153	132 
154	50 
155	37 
156	118 
157	107 
158	14 
159	51 
160	237 
161	118 
162	23 
163	229 
164	215 
165	100 
166	122 
167	32 
168	138 
169	13 
170	157 
171	35 
172	197 
173	88 
174	91 
175	54 
176	197 
177	201 
178	147 
179	234 
180	233 
181	229 
182	218 
183	193 
184	142 
185	227 
186	166 
187	200 
188	144 
189	178 
190	60 
191	151 
192	88 
193	39 
194	77 
195	23 
196	65 
197	37 
198	146 
199	111 
200	61 
201	24 
202	152 
203	194 
204	209 
205	100 
206	224 
207	37 
208	28 
209	136 
210	232 
211	173 
212	47 
213	222 
214	82 
215	110 
216	196 
217	192 
218	87 
219	114 
220	177 
221	193 
222	31 
223	244 
224	179 
225	203 
226	27 
227	82 
228	108 
229	110 
230	215 
231	60 
232	97 
233	146 
234	160 
235	201 
236	218 
237	5 
238	222 
239	117 
240	22 
241	186 
242	85 
243	143 
244	38 
245	226 
246	96 
247	7 
248	37 
249	206 
250	105 
251	232 
252	114 
253	227 
254	80 
255	251 
256	6 
257	14 
258	37 
259	138 
260	94 
261	227 
262	66 
263	222 
264	45 
265	197 
266	132 
267	1 
268	170 
269	159 
270	94 
271	237 
272	147 
273	88 
274	86 
275	136 
276	139 
277	3 
278	157 
279	222 
280	5 
281	24 
282	27 
283	224 
284	236 
285	111 
286	200 
287	222 
288	102 
289	111 
290	155 
291	144 
292	221 
293	144 
294	20 
295	26 
296	38 
297	123 
298	100 
299	74 
300	134 
301	125 
302	221 
303	205 
304	49 
305	66 
306	207 
307	170 
308	154 
309	168 
310	180 
311	39 
312	63 
313	93 
314	136 
315	237 
316	125 
317	96 
318	173 
319	242 
320	81 
321	96 
322	24 
323	192 
324	101 
325	127 
326	77 
327	110 
328	137 
329	76 
330	103 
331	82 
332	5 
333	208 
334	42 
335	157 
336	220 
337	209 
338	123 
339	141 
340	238 
341	219 
342	8 
343	176 
344	128 
345	26 
346	67 
347	137 
348	44 
349	90 
350	135 
351	229 
352	119 
353	87 
354	224 
355	216 
356	134 
357	27 
358	157 
359	52 
360	205 
361	224 
362	114 
363	64 
364	208 
365	72 
366	65 
367	208 
368	63 
369	97 
370	63 
371	155 
372	134 
373	187 
374	1 
375	116 
376	194 
377	139 
378	67 
379	87 
380	44 
381	22 
382	41 
383	52 
384	185 
385	236 
386	35 
387	252 
388	89 
389	26 
390	212 
391	99 
392	137 
393	24 
394	185 
395	167 
396	186 
397	69 
398	163 
399	1 
400	77 
401	173 
402	86 
403	156 
404	110 
405	219 
406	138 
407	182 
408	108 
409	236 
410	25 
411	159 
412	44 
413	227 
414	229 
415	74 
416	255 
417	121 
418	130 
419	158 
420	86 
421	197 
422	235 
423	32 
424	31 
425	120 
426	138 
427	236 
428	74 
429	82 
430	74 
431	8 
432	128 
433	249 
434	111 
435	110 
436	239 
437	233 
438	201 
439	197 
440	128 
441	108 
442	206 
443	146 
444	222 
445	5 
446	98 
447	4 
448	83 
449	72 
450	60 
451	170 
452	124 
453	201 
454	142 
455	1 
456	219 
457	127 
458	153 
459	190 
460	88 
461	143 
462	255 
463	122 
464	138 
465	123 
466	55 
467	43 
468	253 
469	231 
470	216 
471	131 
472	153 
473	145 
474	244 
475	21 
476	161 
477	204 
478	5 
479	92 
480	1 
481	40 
482	193 
483	210 
484	166 
485	2 
486	142 
487	60 
488	89 
489	96 
490	146 
491	45 
492	24 
493	53 
494	226 
495	104 
496	23 
497	13 
498	78 
499	31 
500	56 
501	135 
502	4 
503	108 
504	231 
505	121 
506	111 
507	16 
508	40 
509	151 
510	195 
511	239 
512	97 
513	240 
514	164 
515	19 
516	56 
517	97 
518	128 
519	229 
520	139 
521	149 
522	99 
523	154 
524	212 
525	81 
526	216 
527	63 
528	76 
529	193 
530	166 
531	212 
532	239 
533	129 
534	44 
535	245 
536	208 
537	122 
538	68 
539	107 
540	77 
541	111 
542	86 
543	43 
544	128 
545	238 
546	224 
547	209 
548	172 
549	158 
550	201 
551	88 
552	83 
553	9 
554	162 
555	15 
556	172 
557	15 
558	109 
559	239 
560	159 
561	99 
562	250 
563	240 
564	129 
565	3 
566	157 
567	239 
568	50 
569	151 
570	235 
571	222 
572	15 
573	106 
574	107 
575	93 
576	208 
577	225 
578	252 
579	4 
580	144 
581	30 
582	74 
583	96 
584	13 
585	138 
586	71 
587	106 
588	143 
589	102 
590	55 
591	156 
592	134 
593	141 
594	128 
595	119 
596	112 
597	63 
598	119 
599	22 
600	111 
601	135 
602	248 
603	72 
604	23 
605	249 
606	245 
607	229 
608	249 
609	70 
610	250 
611	44 
612	116 
613	49 
614	69 
615	125 
616	96 
617	117 
618	59 
619	126 
620	146 
621	11 
622	116 
623	89 
624	208 
625	166 
626	141 
627	244 
628	216 
629	144 
630	102 
631	6 
632	246 
633	45 
634	131 
635	63 
636	56 
637	150 
638	105 
639	46 
640	67 
641	95 
642	69 
643	202 
644	168 
645	229 
646	223 
647	207 
648	72 
649	21 
650	149 
651	5 
652	162 
653	224 
654	127 
655	5 
656	135 
657	45 
658	132 
659	111 
660	235 
661	56 
662	107 
663	44 
664	23 
665	8 
666	14 
667	91 
668	160 
669	5 
670	5 
671	97 
672	62 
673	238 
674	156 
675	90 
676	152 
677	91 
678	97 
679	141 
680	191 
681	158 
682	215 
683	55 
684	119 
685	121 
686	50 
687	97 
688	99 
689	251 
690	226 
691	79 
692	237 
693	47 
694	1 
695	234 
696	14 
697	238 
698	30 
699	129 
700	217 
701	108 
702	124 
703	233 
704	65 
705	227 
706	216 
707	145 
708	31 
709	245 
710	77 
711	191 
712	149 
713	52 
714	70 
715	217 
716	85 
717	240 
718	30 
719	136 
720	148 
721	241 
722	72 
723	200 
724	91 
725	8 
726	143 
727	175 
728	3 
729	71 
730	211 
731	131 
732	150 
733	27 
734	41 
735	153 
736	121 
737	173 
738	203 
739	14 
740	224 
741	59 
742	228 
743	82 
744	145 
745	59 
746	220 
747	25 
748	162 
749	228 
750	228 
751	202 
752	243 
753	170 
754	119 
755	63 
756	186 
757	39 
758	36 
759	233 
760	35 
761	240 
762	103 
763	68 
764	122 
765	90 
766	148 
767	97 
768	148 
769	215 
770	163 
771	108 
772	132 
773	214 
774	76 
775	114 
776	38 
777	16 
778	91 
779	213 
780	223 
781	129 
782	178 
783	3 
784	139 
785	25 
786	188 
787	143 
788	76 
789	164 
790	211 
791	111 
792	73 
793	76 
794	207 
795	14 
796	35 
797	57 
798	220 
799	130 
800	95 
801	6 
802	215 
803	194 
804	103 
805	184 
806	167 
807	31 
808	54 
809	211 
810	83 
811	37 
812	50 
813	227 
814	38 
815	93 
816	21 
817	227 
818	88 
819	235 
820	19 
821	119 
822	90 
823	88 
824	243 
825	211 
826	155 
827	53 
828	33 
829	121 
830	216 
831	38 
832	143 
833	165 
834	118 
835	60 
836	39 
837	108 
838	193 
839	27 
840	244 
841	74 
842	112 
843	188 
844	246 
845	201 
846	234 
847	39 
848	91 
849	149 
850	228 
851	168 
852	25 
853	100 
854	227 
855	220 
856	9 
857	72 
858	214 
859	1 
860	116 
861	86 
862	6 
863	253 
864	75 
865	167 
866	227 
867	74 
868	186 
869	54 
870	252 
871	160 
872	226 
873	42 
874	93 
875	133 
876	198 
877	108 
878	142 
879	198 
880	145 
881	87 
882	44 
883	193 
884	131 
885	111 
886	9 
887	101 
888	215 
889	91 
890	33 
891	210 
892	117 
893	227 
894	223 
895	226 
896	76 
897	243 
898	182 
899	146 
900	123 
901	5 
902	144 
903	136 
904	147 
905	212 
906	184 
907	52 
908	224 
909	155 
910	229 
911	149 
912	14 
913	251 
914	216 
915	61 
916	37 
917	44 
918	194 
919	143 
920	77 
921	32 
922	59 
923	21 
924	183 
925	29 
926	226 
927	245 
928	27 
929	230 
930	86 
931	138 
932	8 
933	86 
934	221 
935	108 
936	106 
937	157 
938	63 
939	31 
940	28 
941	110 
942	11 
943	10 
944	121 
945	157 
946	123 
947	214 
948	117 
949	70 
950	115 
951	39 
952	231 
953	35 
954	145 
955	27 
956	117 
957	114 
958	96 
959	96 
960	27 
961	153 
962	14 
963	119 
964	201 
965	47 
966	21 
967	8 
968	208 
969	76 
970	193 
971	85 
972	31 
973	2 
974	44 
975	18 
976	215 
977	125 
978	173 
979	45 
980	43 
981	92 
982	31 
983	143 
984	109 
985	24 
986	222 
987	66 
988	45 
989	160 
990	111 
991	118 
992	236 
993	111 
994	93 
995	185 
996	129 
997	144 
998	9 
999	39 
1000	224 
1001	178 
1002	224 
1003	244 
1004	132 
1005	40 
1006	142 
1007	39 
1008	251 
1009	68 
1010	54 
1011	79 
1012	172 
1013	157 
1014	86 
1015	97 
1016	12 
1017	216 
1018	93 
1019	5 
1020	27 
1021	107 
1022	77 
1023	70 
1024	44 
1025	79 
1026	111 
1027	100 
1028	233 
1029	104 
1030	55 
1031	208 
1032	195 
1033	218 
1034	159 
1035	220 
1036	55 
1037	147 
1038	160 
1039	243 
1040	231 
1041	73 
1042	41 
1043	24 
1044	26 
1045	201 
1046	62 
1047	229 
1048	172 
1049	253 
1050	169 
1051	252 
1052	115 
1053	121 
1054	160 
1055	246 
1056	139 
1057	74 
1058	100 
1059	239 
1060	220 
1061	155 
1062	247 
1063	167 
1064	65 
1065	193 
1066	224 
1067	138 
1068	138 
1069	16 
1070	191 
1071	129 
1072	138 
1073	194 
1074	224 
1075	176 
1076	150 
1077	173 
1078	195 
1079	244 
1080	97 
1081	153 
1082	45 
1083	26 
1084	99 
1085	251 
1086	225 
1087	217 
1088	198 
1089	99 
1090	217 
1091	4 
1092	43 
1093	98 
1094	85 
1095	215 
1096	92 
1097	123 
1098	179 
1099	138 
1100	74 
1101	199 
1102	141 
1103	139 
1104	194 
1105	75 
1106	201 
1107	79 
1108	144 
1109	174 
1110	236 
1111	137 
1112	144 
1113	164 
1114	236 
1115	233 
1116	201 
1117	1 
1118	21 
1119	13 
1120	239 
1121	81 
1122	80 
1123	119 
1124	108 
1125	65 
1126	154 
1127	48 
1128	221 
1129	230 
1130	4 
1131	226 
1132	57 
1133	157 
1134	148 
1135	70 
1136	195 
1137	189 
1138	112 
1139	222 
1140	16 
1141	211 
1142	68 
1143	110 
1144	159 
1145	134 
1146	158 
1147	104 
1148	86 
1149	217 
1150	247 
1151	237 
1152	195 
1153	29 
1154	217 
1155	32 
1156	15 
1157	158 
1158	187 
1159	228 
1160	16 
1161	191 
1162	176 
1163	191 
1164	134 
1165	58 
1166	19 
1167	132 
1168	151 
1169	222 
1170	19 
1171	50 
1172	44 
1173	185 
1174	32 
1175	49 
1176	212 
1177	126 
1178	167 
1179	169 
1180	216 
1181	77 
1182	11 
1183	201 
1184	93 
1185	91 
1186	240 
1187	91 
1188	190 
1189	73 
1190	207 
1191	238 
1192	236 
1193	22 
1194	38 
1195	82 
1196	244 
1197	97 
1198	98 
1199	145 
1200	61 
1201	148 
1202	182 
1203	97 
1204	159 
1205	234 
1206	150 
1207	164 
1208	48 
1209	68 
1210	38 
1211	32 
1212	123 
1213	56 
1214	118 
1215	136 
1216	18 
1217	136 
1218	97 
1219	198 
1220	21 
1221	65 
1222	122 
1223	75 
1224	222 
1225	143 
1226	25 
1227	64 
1228	148 
1229	215 
1230	23 
1231	163 
1232	194 
1233	45 
1234	99 
1235	126 
1236	16 
1237	237 
1238	117 
1239	187 
1240	99 
1241	219 
1242	233 
1243	8 
1244	191 
1245	83 
1246	129 
1247	70 
1248	169 
1249	54 
1250	181 
1251	123 
1252	217 
1253	111 
1254	5 
1255	144 
1256	190 
1257	152 
1258	191 
1259	67 
1260	33 
1261	191 
1262	246 
1263	70 
1264	86 
1265	222 
1266	60 
1267	180 
1268	55 
1269	205 
1270	52 
1271	183 
1272	82 
1273	203 
1274	210 
1275	46 
1276	24 
1277	191 
1278	80 
1279	26 
1280	34 
1281	239 
1282	159 
1283	32 
1284	32 
1285	5 
1286	13 
1287	250 
1288	62 
1289	139 
1290	146 
1291	138 
1292	139 
1293	139 
1294	82 
1295	215 
1296	106 
1297	91 
1298	155 
1299	58 
1300	238 
1301	165 
1302	69 
1303	63 
1304	18 
1305	220 
1306	208 
1307	24 
1308	44 
1309	208 
1310	170 
1311	5 
1312	190 
1313	175 
1314	176 
1315	194 
1316	83 
1317	152 
1318	111 
1319	26 
1320	151 
1321	217 
1322	232 
1323	10 
1324	238 
1325	56 
1326	63 
1327	92 
1328	170 
1329	93 
1330	163 
1331	188 
1332	72 
1333	250 
1334	233 
1335	104 
1336	155 
1337	236 
1338	115 
1339	157 
1340	167 
1341	79 
1342	222 
1343	1 
1344	228 
1345	176 
1346	44 
1347	207 
1348	150 
1349	146 
1350	129 
1351	122 
1352	241 
1353	97 
1354	87 
1355	207 
1356	221 
1357	39 
1358	152 
1359	37 
1360	68 
1361	164 
1362	148 
1363	44 
1364	239 
1365	117 
1366	172 
1367	143 
1368	70 
1369	142 
1370	55 
1371	248 
1372	1 
1373	32 
1374	70 
1375	45 
1376	149 
1377	100 
1378	230 
1379	143 
1380	227 
1381	33 
1382	206 
1383	176 
1384	196 
1385	189 
1386	165 
1387	138 
1388	155 
1389	83 
1390	220 
1391	247 
1392	244 
1393	235 
1394	115 
1395	110 
1396	132 
1397	110 
1398	212 
1399	125 
1400	88 
1401	98 
1402	212 
1403	39 
1404	111 
1405	216 
1406	3 
1407	136 
1408	225 
1409	198 
1410	82 
1411	70 
1412	238 
1413	19 
1414	84 
1415	151 
1416	188 
1417	106 
1418	174 
1419	173 
1420	127 
1421	78 
1422	73 
1423	250 
1424	60 
1425	68 
1426	2 
1427	144 
1428	73 
1429	11 
1430	69 
1431	39 
1432	150 
1433	231 
1434	76 
1435	214 
1436	44 
1437	3 
1438	152 
1439	161 
1440	192 
1441	72 
1442	74 
1443	246 
1444	244 
1445	245 
1446	121 
1447	2 
1448	204 
1449	192 
1450	228 
1451	59 
1452	233 
1453	241 
1454	51 
1455	217 
1456	201 
1457	143 
1458	121 
1459	110 
1460	44 
1461	124 
1462	204 
1463	209 
1464	170 
1465	221 
1466	238 
1467	245 
1468	193 
1469	136 
1470	254 
1471	223 
1472	45 
1473	157 
1474	63 
1475	208 
1476	144 
1477	107 
1478	232 
1479	16 
1480	3 
1481	86 
1482	173 
1483	83 
1484	39 
1485	194 
1486	82 
1487	23 
1488	162 
1489	63 
1490	40 
1491	233 
1492	216 
1493	164 
1494	5 
1495	3 
1496	125 
1497	233 
1498	38 
1499	207 
1500	173 
1501	48 
1502	242 
1503	121 
1504	207 
1505	72 
1506	242 
1507	226 
1508	82 
1509	251 
1510	115 
1511	201 
1512	201 
1513	91 
1514	113 
1515	169 
1516	222 
1517	144 
1518	31 
1519	182 
1520	146 
1521	221 
1522	175 
1523	42 
1524	129 
1525	124 
1526	197 
1527	207 
1528	229 
1529	229 
1530	153 
1531	76 
1532	151 
1533	178 
1534	217 
1535	79 
1536	246 
1537	34 
1538	247 
1539	251 
1540	76 
1541	149 
1542	192 
1543	146 
1544	88 
1545	11 
1546	251 
1547	231 
1548	206 
1549	87 
1550	229 
1551	175 
1552	246 
1553	188 
1554	5 
1555	194 
1556	76 
1557	222 
1558	167 
1559	187 
1560	68 
1561	227 
1562	168 
1563	217 
1564	176 
1565	104 
1566	128 
1567	52 
1568	207 
1569	204 
1570	129 
1571	8 
1572	192 
1573	234 
1574	238 
1575	54 
1576	170 
1577	40 
1578	222 
1579	44 
1580	51 
1581	11 
1582	239 
1583	61 
1584	50 
1585	54 
1586	149 
1587	80 
1588	149 
1589	204 
1590	135 
1591	93 
1592	191 
1593	251 
1594	77 
1595	31 
1596	198 
1597	239 
1598	35 
1599	89 
1600	201 
1601	184 
1602	91 
1603	67 
1604	6 
1605	238 
1606	91 
1607	34 
1608	24 
1609	166 
1610	99 
1611	102 
1612	250 
1613	74 
1614	183 
1615	61 
1616	184 
1617	171 
1618	113 
1619	76 
1620	81 
1621	63 
1622	225 
1623	84 
1624	187 
1625	150 
1626	72 
1627	211 
1628	219 
1629	223 
1630	110 
1631	230 
1632	164 
1633	233 
1634	29 
1635	68 
1636	82 
1637	58 
1638	236 
1639	154 
1640	35 
1641	110 
1642	207 
1643	131 
1644	126 
1645	74 
1646	46 
1647	250 
1648	114 
1649	58 
1650	16 
1651	24 
1652	5 
1653	104 
1654	139 
1655	165 
1656	3 
1657	74 
1658	71 
1659	108 
1660	15 
1661	139 
1662	57 
1663	6 
1664	11 
1665	97 
1666	54 
1667	179 
1668	178 
1669	231 
1670	26 
1671	75 
1672	60 
1673	123 
1674	111 
1675	44 
1676	169 
1677	180 
1678	5 
1679	113 
1680	244 
1681	13 
1682	73 
1683	241 
1684	132 
1685	210 
1686	99 
1687	193 
1688	22 
1689	85 
1690	135 
1691	2 
1692	245 
1693	251 
1694	98 
1695	77 
1696	71 
1697	227 
1698	194 
1699	35 
1700	222 
1701	232 
1702	130 
1703	211 
1704	149 
1705	58 
1706	50 
1707	48 
1708	65 
1709	76 
1710	151 
1711	104 
1712	8 
1713	186 
1714	156 
1715	114 
1716	157 
1717	69 
1718	157 
1719	35 
1720	129 
1721	60 
1722	149 
1723	100 
1724	177 
1725	197 
1726	100 
1727	164 
1728	172 
1729	198 
1730	179 
1731	47 
1732	248 
1733	253 
1734	129 
1735	156 
1736	244 
1737	32 
1738	164 
1739	181 
1740	101 
1741	123 
1742	58 
1743	131 
1744	97 
1745	153 
1746	144 
1747	175 
1748	103 
1749	184 
1750	244 
1751	83 
1752	54 
1753	122 
1754	164 
1755	158 
1756	174 
1757	254 
1758	8 
1759	136 
1760	157 
1761	31 
1762	236 
1763	102 
1764	35 
1765	183 
1766	83 
1767	100 
1768	233 
1769	8 
1770	85 
1771	181 
1772	95 
1773	1 
1774	123 
1775	15 
1776	229 
1777	146 
1778	45 
1779	183 
1780	236 
1781	188 
1782	18 
1783	115 
1784	208 
1785	132 
1786	159 
1787	146 
1788	116 
1789	95 
1790	239 
1791	32 
1792	44 
1793	138 
1794	58 
1795	142 
1796	93 
1797	218 
1798	236 
1799	55 
1800	134 
1801	199 
1802	122 
1803	16 
1804	75 
1805	26 
1806	180 
1807	24 
1808	86 
1809	45 
1810	20 
1811	145 
1812	1 
1813	86 
1814	214 
1815	170 
1816	143 
1817	127 
1818	177 
1819	197 
1820	154 
1821	22 
1822	95 
1823	126 
1824	246 
1825	197 
1826	75 
1827	63 
1828	95 
1829	135 
1830	11 
1831	220 
1832	131 
1833	37 
1834	138 
1835	37 
1836	41 
1837	201 
1838	127 
1839	248 
1840	88 
1841	137 
1842	75 
1843	83 
1844	109 
1845	3 
1846	117 
1847	172 
1848	252 
1849	159 
1850	201 
1851	169 
1852	13 
1853	125 
1854	146 
1855	2 
1856	94 
1857	55 
1858	32 
1859	184 
1860	12 
1861	108 
1862	207 
1863	191 
1864	228 
1865	164 
1866	137 
1867	217 
1868	111 
1869	44 
1870	114 
1871	201 
1872	24 
1873	74 
1874	182 
1875	201 
1876	93 
1877	244 
1878	165 
1879	210 
1880	88 
1881	144 
1882	79 
1883	44 
1884	225 
1885	21 
1886	44 
1887	74 
1888	14 
1889	95 
1890	115 
1891	27 
1892	54 
1893	250 
1894	35 
1895	55 
1896	12 
1897	201 
1898	67 
1899	76 
1900	170 
1901	24 
1902	223 
1903	208 
1904	224 
1905	173 
1906	253 
1907	39 
1908	216 
1909	169 
1910	229 
1911	63 
1912	207 
1913	7 
1914	113 
1915	39 
1916	97 
1917	13 
1918	222 
1919	246 
1920	230 
1921	93 
1922	69 
1923	217 
1924	97 
1925	217 
1926	54 
1927	150 
1928	3 
1929	31 
1930	129 
1931	68 
1932	13 
1933	246 
1934	104 
1935	222 
1936	235 
1937	119 
1938	81 
1939	100 
1940	234 
1941	39 
1942	91 
1943	70 
1944	188 
1945	190 
1946	109 
1947	185 
1948	231 
1949	33 
1950	68 
1951	107 
1952	147 
1953	214 
1954	230 
1955	119 
1956	135 
1957	16 
1958	244 
1959	143 
1960	254 
1961	69 
1962	139 
1963	55 
1964	108 
1965	43 
1966	136 
1967	36 
1968	54 
1969	207 
1970	17 
1971	22 
1972	249 
1973	119 
1974	42 
1975	93 
1976	152 
1977	167 
1978	145 
1979	67 
1980	72 
1981	91 
1982	13 
1983	137 
1984	69 
1985	90 
1986	194 
1987	164 
1988	76 
1989	27 
1990	67 
1991	63 
1992	39 
1993	224 
1994	146 
1995	67 
1996	44 
1997	173 
1998	246 
1999	227 
2000	196 
2001	143 
2002	55 
2003	30 
2004	51 
2005	26 
2006	135 
2007	143 
2008	84 
2009	122 
2010	197 
2011	48 
2012	167 
2013	17 
2014	128 
2015	205 
2016	79 
2017	122 
2018	38 
2019	238 
2020	218 
2021	145 
2022	63 
2023	218 
2024	197 
2025	162 
2026	17 
2027	106 
2028	150 
2029	144 
2030	225 
2031	244 
2032	196 
2033	64 
2034	32 
2035	51 
2036	37 
2037	149 
2038	114 
2039	144 
2040	165 
2041	207 
2042	82 
2043	246 
2044	199 
2045	117 
2046	195 
2047	212 
2048	54 
2049	243 
2050	37 
2051	207 
2052	161 
2053	173 
2054	92 
2055	225 
2056	225 
2057	148 
2058	97 
2059	44 
2060	214 
2061	155 
2062	110 
2063	237 
2064	63 
2065	121 
2066	157 
2067	114 
2068	11 
2069	68 
2070	26 
2071	185 
2072	97 
2073	37 
2074	193 
2075	239 
2076	100 
2077	129 
2078	245 
2079	12 
2080	187 
2081	97 
2082	241 
2083	208 
2084	137 
2085	154 
2086	37 
2087	95 
2088	157 
2089	224 
2090	160 
2091	202 
2092	95 
2093	153 
2094	99 
2095	163 
2096	162 
2097	200 
2098	44 
2099	16 
2100	60 
2101	238 
2102	169 
2103	210 
2104	234 
2105	173 
2106	39 
2107	189 
2108	239 
2109	153 
2110	208 
2111	82 
2112	201 
2113	142 
2114	239 
2115	162 
2116	22 
2117	39 
2118	96 
2119	10 
2120	27 
2121	111 
2122	150 
2123	133 
2124	100 
2125	253 
2126	99 
2127	102 
2128	195 
2129	5 
2130	208 
2131	229 
2132	145 
2133	170 
2134	137 
2135	90 
2136	239 
2137	179 
2138	26 
2139	124 
2140	71 
2141	110 
2142	45 
2143	238 
2144	90 
2145	119 
2146	216 
2147	39 
2148	39 
2149	197 
2150	156 
2151	120 
2152	234 
2153	205 
2154	173 
2155	39 
2156	112 
2157	64 
2158	191 
2159	100 
2160	210 
2161	11 
2162	248 
2163	144 
2164	86 
2165	188 
2166	93 
2167	213 
2168	113 
2169	122 
2170	222 
2171	60 
2172	76 
2173	102 
2174	185 
2175	229 
2176	207 
2177	69 
2178	98 
2179	74 
2180	237 
2181	207 
2182	54 
2183	18 
2184	39 
2185	37 
2186	240 
2187	191 
2188	50 
2189	6 
2190	51 
2191	164 
2192	185 
2193	176 
2194	31 
2195	241 
2196	54 
2197	189 
2198	239 
2199	132 
2200	82 
2201	57 
2202	74 
2203	45 
2204	11 
2205	78 
2206	10 
2207	45 
2208	142 
2209	100 
2210	228 
2211	108 
2212	19 
2213	146 
2214	123 
2215	250 
2216	149 
2217	202 
2218	210 
2219	59 
2220	3 
2221	12 
2222	117 
2223	116 
2224	72 
2225	112 
2226	125 
2227	229 
2228	132 
2229	28 
2230	105 
2231	200 
2232	63 
2233	116 
2234	224 
2235	248 
2236	111 
2237	56 
2238	210 
2239	129 
2240	172 
2241	234 
2242	22 
2243	134 
2244	148 
2245	228 
2246	61 
2247	60 
2248	183 
2249	40 
2250	33 
2251	227 
2252	48 
2253	248 
2254	139 
2255	151 
2256	221 
2257	181 
2258	32 
2259	234 
2260	238 
2261	95 
2262	192 
2263	16 
2264	70 
2265	109 
2266	188 
2267	27 
2268	250 
2269	16 
2270	97 
2271	136 
2272	54 
2273	144 
2274	82 
2275	156 
2276	100 
2277	216 
2278	99 
2279	245 
2280	93 
2281	68 
2282	10 
2283	11 
2284	201 
2285	172 
2286	242 
2287	86 
2288	169 
2289	201 
2290	55 
2291	212 
2292	170 
2293	113 
2294	44 
2295	170 
2296	246 
2297	169 
2298	81 
2299	79 
2300	73 
2301	249 
2302	229 
2303	111 
2304	70 
2305	196 
2306	172 
2307	3 
2308	95 
2309	143 
2310	45 
2311	143 
2312	11 
2313	254 
2314	4 
2315	128 
2316	132 
2317	195 
2318	84 
2319	129 
2320	152 
2321	69 
2322	189 
2323	121 
2324	63 
2325	37 
2326	251 
2327	78 
2328	172 
2329	239 
2330	108 
2331	213 
2332	109 
2333	215 
2334	201 
2335	76 
2336	82 
2337	5 
2338	216 
2339	138 
2340	36 
2341	101 
2342	87 
2343	19 
2344	56 
2345	99 
2346	11 
2347	33 
2348	215 
2349	144 
2350	11 
2351	247 
2352	249 
2353	208 
2354	86 
2355	43 
2356	28 
2357	144 
2358	239 
2359	133 
2360	68 
2361	67 
2362	19 
2363	35 
2364	242 
2365	12 
2366	47 
2367	39 
2368	111 
2369	88 
2370	10 
2371	143 
2372	48 
2373	242 
2374	142 
2375	32 
2376	139 
2377	154 
2378	215 
2379	77 
2380	222 
2381	96 
2382	180 
2383	173 
2384	63 
2385	67 
2386	147 
2387	170 
2388	157 
2389	66 
2390	172 
2391	39 
2392	77 
2393	60 
2394	124 
2395	92 
2396	253 
2397	5 
2398	79 
2399	27 
2400	234 
2401	252 
2402	182 
2403	223 
2404	21 
2405	227 
2406	132 
2407	251 
2408	134 
2409	150 
2410	9 
2411	86 
2412	200 
2413	168 
2414	216 
2415	182 
2416	204 
2417	215 
2418	89 
2419	93 
2420	143 
2421	180 
2422	127 
2423	8 
2424	50 
2425	114 
2426	203 
2427	72 
2428	190 
2429	25 
2430	96 
2431	136 
2432	149 
2433	37 
2434	122 
2435	229 
2436	237 
2437	244 
2438	91 
2439	72 
2440	11 
2441	246 
2442	87 
2443	4 
2444	44 
2445	134 
2446	79 
2447	111 
2448	116 
2449	45 
2450	26 
2451	71 
2452	227 
2453	132 
2454	178 
2455	21 
2456	1 
2457	197 
2458	208 
2459	149 
2460	99 
2461	51 
2462	218 
2463	16 
2464	176 
2465	45 
2466	159 
2467	235 
2468	72 
2469	78 
2470	35 
2471	240 
2472	208 
2473	99 
2474	238 
2475	83 
2476	210 
2477	103 
2478	124 
2479	11 
2480	4 
2481	89 
2482	221 
2483	133 
2484	168 
2485	125 
2486	107 
2487	208 
2488	129 
2489	160 
2490	71 
2491	73 
2492	123 
2493	198 
2494	27 
2495	30 
2496	99 
2497	189 
2498	121 
2499	38 
2500	77 
2501	176 
2502	142 
2503	239 
2504	140 
2505	52 
2506	155 
2507	114 
2508	142 
2509	42 
2510	86 
2511	151 
2512	86 
2513	80 
2514	109 
2515	75 
2516	64 
2517	120 
2518	18 
2519	184 
2520	143 
2521	121 
2522	45 
2523	239 
2524	13 
2525	1 
2526	74 
2527	31 
2528	124 
2529	29 
2530	227 
2531	135 
2532	76 
2533	123 
2534	188 
2535	83 
2536	33 
2537	197 
2538	116 
2539	66 
2540	181 
2541	63 
2542	19 
2543	247 
2544	168 
2545	141 
2546	238 
2547	9 
2548	26 
2549	204 
2550	226 
2551	43 
2552	218 
2553	8 
2554	123 
2555	171 
2556	100 
2557	138 
2558	39 
2559	16 
2560	67 
2561	223 
2562	222 
2563	201 
2564	75 
2565	44 
2566	75 
2567	207 
2568	104 
2569	63 
2570	215 
2571	201 
2572	52 
2573	129 
2574	5 
2575	253 
2576	180 
2577	61 
2578	152 
2579	213 
2580	246 
2581	38 
2582	95 
2583	207 
2584	232 
2585	57 
2586	53 
2587	92 
2588	212 
2589	122 
2590	5 
2591	64 
2592	83 
2593	86 
2594	119 
2595	245 
2596	110 
2597	106 
2598	210 
2599	46 
2600	45 
2601	175 
2602	198 
2603	244 
2604	176 
2605	254 
2606	13 
2607	247 
2608	48 
2609	233 
2610	245 
2611	26 
2612	171 
2613	106 
2614	195 
2615	189 
2616	54 
2617	114 
2618	122 
2619	195 
2620	22 
2621	244 
2622	67 
2623	18 
2624	171 
2625	95 
2626	135 
2627	146 
2628	60 
2629	8 
2630	185 
2631	29 
2632	211 
2633	96 
2634	125 
2635	146 
2636	72 
2637	119 
2638	198 
2639	163 
2640	105 
2641	233 
2642	155 
2643	205 
2644	67 
2645	176 
2646	235 
2647	222 
2648	112 
2649	181 
2650	45 
2651	3 
2652	167 
2653	55 
2654	198 
2655	41 
2656	207 
2657	102 
2658	62 
2659	105 
2660	201 
2661	150 
2662	99 
2663	5 
2664	5 
2665	130 
2666	206 
2667	197 
2668	35 
2669	167 
2670	29 
2671	191 
2672	124 
2673	110 
2674	44 
2675	197 
2676	157 
2677	35 
2678	88 
2679	29 
2680	157 
2681	245 
2682	101 
2683	230 
2684	149 
2685	161 
2686	44 
2687	106 
2688	35 
2689	110 
2690	234 
2691	240 
2692	61 
2693	5 
2694	37 
2695	200 
2696	123 
2697	22 
2698	149 
2699	168 
2700	39 
2701	138 
2702	227 
2703	47 
2704	198 
2705	208 
2706	44 
2707	89 
2708	72 
2709	5 
2710	138 
2711	111 
2712	225 
2713	37 
2714	17 
2715	24 
2716	169 
2717	144 
2718	37 
2719	166 
2720	59 
2721	128 
2722	24 
2723	5 
2724	39 
2725	116 
2726	206 
2727	122 
2728	74 
2729	25 
2730	169 
2731	96 
2732	107 
2733	232 
2734	49 
2735	185 
2736	141 
2737	28 
2738	244 
2739	234 
2740	78 
2741	26 
2742	80 
2743	248 
2744	8 
2745	117 
2746	224 
2747	189 
2748	64 
2749	38 
2750	142 
2751	122 
2752	119 
2753	45 
2754	184 
2755	105 
2756	216 
2757	165 
2758	213 
2759	204 
2760	191 
2761	185 
2762	223 
2763	242 
2764	121 
2765	52 
2766	223 
2767	46 
2768	123 
2769	195 
2770	125 
2771	244 
2772	135 
2773	37 
2774	246 
2775	183 
2776	227 
2777	110 
2778	209 
2779	94 
2780	184 
2781	159 
2782	58 
2783	8 
2784	100 
2785	97 
2786	156 
2787	3 
2788	230 
2789	87 
2790	173 
2791	208 
2792	61 
2793	209 
2794	183 
2795	193 
2796	147 
2797	79 
2798	31 
2799	184 
2800	245 
2801	251 
2802	206 
2803	131 
2804	69 
2805	212 
2806	197 
2807	69 
2808	159 
2809	235 
2810	167 
2811	8 
2812	133 
2813	60 
2814	176 
2815	206 
2816	99 
2817	238 
2818	121 
2819	239 
2820	83 
2821	55 
2822	197 
2823	156 
2824	174 
2825	110 
2826	221 
2827	234 
2828	98 
2829	246 
2830	70 
2831	75 
2832	161 
2833	207 
2834	229 
2835	132 
2836	222 
2837	45 
2838	125 
2839	5 
2840	55 
2841	48 
2842	111 
2843	34 
2844	75 
2845	179 
2846	217 
2847	19 
2848	8 
2849	34 
2850	63 
2851	193 
2852	79 
2853	120 
2854	102 
2855	52 
2856	37 
2857	15 
2858	59 
2859	82 
2860	39 
2861	32 
2862	63 
2863	111 
2864	227 
2865	48 
2866	132 
2867	36 
2868	111 
2869	46 
2870	87 
2871	192 
2872	134 
2873	245 
2874	76 
2875	151 
2876	234 
2877	89 
2878	92 
2879	226 
2880	159 
2881	128 
2882	44 
2883	223 
2884	49 
2885	126 
2886	5 
2887	195 
2888	143 
2889	137 
2890	167 
2891	148 
2892	167 
2893	221 
2894	88 
2895	216 
2896	150 
2897	192 
2898	102 
2899	45 
2900	198 
2901	164 
2902	120 
2903	251 
2904	155 
2905	132 
2906	210 
2907	49 
2908	175 
2909	100 
2910	178 
2911	185 
2912	205 
2913	5 
2914	184 
2915	57 
2916	132 
2917	31 
2918	32 
2919	225 
2920	46 
2921	94 
2922	62 
2923	79 
2924	149 
2925	39 
2926	55 
2927	222 
2928	254 
2929	86 
2930	63 
2931	91 
2932	50 
2933	151 
2934	63 
2935	38 
2936	28 
2937	181 
2938	178 
2939	242 
2940	3 
2941	14 
2942	44 
2943	130 
2944	246 
2945	37 
2946	177 
2947	57 
2948	201 
2949	140 
2950	227 
2951	63 
2952	249 
2953	225 
2954	5 
2955	118 
2956	108 
2957	96 
2958	110 
2959	193 
2960	79 
2961	68 
2962	210 
2963	224 
2964	17 
2965	185 
2966	26 
2967	231 
2968	96 
2969	33 
2970	164 
2971	140 
2972	77 
2973	122 
2974	214 
2975	35 
2976	49 
2977	5 
2978	82 
2979	100 
2980	55 
2981	160 
2982	192 
2983	110 
2984	35 
2985	186 
2986	184 
2987	188 
2988	87 
2989	225 
2990	142 
2991	204 
2992	141 
2993	110 
2994	47 
2995	149 
2996	250 
2997	54 
2998	63 
2999	165 
3000	227 
3001	149 
3002	100 
3003	218 
3004	239 
3005	45 
3006	128 
3007	34 
3008	52 
3009	110 
3010	176 
3011	231 
3012	109 
3013	5 
3014	15 
3015	228 
3016	143 
3017	16 
3018	176 
3019	188 
3020	194 
3021	210 
3022	97 
3023	139 
3024	183 
3025	31 
3026	132 
3027	169 
3028	50 
3029	110 
3030	217 
3031	5 
3032	198 
3033	5 
3034	130 
3035	179 
3036	77 
3037	70 
3038	165 
3039	245 
3040	111 
3041	123 
3042	54 
3043	216 
3044	77 
3045	239 
3046	215 
3047	103 
3048	46 
3049	195 
3050	116 
3051	52 
3052	52 
3053	203 
3054	201 
3055	149 
3056	231 
3057	150 
3058	26 
3059	162 
3060	5 
3061	23 
3062	148 
3063	91 
3064	198 
3065	177 
3066	19 
3067	20 
3068	91 
3069	173 
3070	233 
3071	42 
3072	20 
3073	80 
3074	102 
3075	244 
3076	164 
3077	174 
3078	109 
3079	155 
3080	143 
3081	191 
3082	21 
3083	197 
3084	24 
3085	60 
3086	76 
3087	213 
3088	68 
3089	182 
3090	122 
3091	136 
3092	155 
3093	79 
3094	20 
3095	156 
3096	47 
3097	201 
3098	164 
3099	143 
3100	45 
3101	110 
3102	31 
3103	157 
3104	235 
3105	149 
3106	148 
3107	196 
3108	86 
3109	2 
3110	198 
3111	69 
3112	77 
3113	168 
3114	50 
3115	50 
3116	108 
3117	190 
3118	223 
3119	177 
3120	246 
3121	95 
3122	199 
3123	61 
3124	229 
3125	111 
3126	5 
3127	224 
3128	188 
3129	201 
3130	155 
3131	76 
3132	129 
3133	127 
3134	153 
3135	86 
3136	89 
3137	94 
3138	156 
3139	116 
3140	23 
3141	225 
3142	71 
3143	146 
3144	35 
3145	11 
3146	145 
3147	74 
3148	141 
3149	72 
3150	50 
3151	31 
3152	127 
3153	188 
3154	208 
3155	166 
3156	216 
3157	196 
3158	164 
3159	151 
3160	153 
3161	236 
3162	208 
3163	1 
3164	68 
3165	50 
3166	203 
3167	46 
3168	235 
3169	11 
3170	19 
3171	109 
3172	207 
3173	77 
3174	173 
3175	102 
3176	35 
3177	151 
3178	230 
3179	76 
3180	197 
3181	25 
3182	193 
3183	241 
3184	75 
3185	199 
3186	201 
3187	44 
3188	10 
3189	9 
3190	247 
3191	24 
3192	56 
3193	165 
3194	125 
3195	5 
3196	69 
3197	191 
3198	237 
3199	135 
3200	50 
3201	222 
3202	11 
3203	28 
3204	233 
3205	123 
3206	178 
3207	73 
3208	70 
3209	82 
3210	93 
3211	11 
3212	224 
3213	239 
3214	198 
3215	27 
3216	119 
3217	10 
3218	53 
3219	63 
3220	242 
3221	164 
3222	197 
3223	67 
3224	11 
3225	86 
3226	22 
3227	49 
3228	142 
3229	245 
3230	121 
3231	42 
3232	98 
3233	46 
3234	119 
3235	102 
3236	63 
3237	233 
3238	100 
3239	69 
3240	92 
3241	230 
3242	77 
3243	53 
3244	7 
3245	99 
3246	227 
3247	97 
3248	224 
3249	144 
3250	167 
3251	30 
3252	62 
3253	220 
3254	157 
3255	198 
3256	86 
3257	86 
3258	95 
3259	115 
3260	245 
3261	233 
3262	35 
3263	171 
3264	55 
3265	182 
3266	54 
3267	242 
3268	99 
3269	207 
3270	14 
3271	134 
3272	95 
3273	16 
3274	156 
3275	10 
3276	80 
3277	208 
3278	255 
3279	208 
3280	203 
3281	202 
3282	120 
3283	83 
3284	235 
3285	26 
3286	227 
3287	5 
3288	86 
3289	174 
3290	178 
3291	68 
3292	250 
3293	68 
3294	234 
3295	148 
3296	188 
3297	203 
3298	239 
3299	106 
3300	54 
3301	236 
3302	97 
3303	211 
3304	251 
3305	188 
3306	10 
3307	53 
3308	183 
3309	5 
3310	130 
3311	93 
3312	110 
3313	176 
3314	72 
3315	227 
3316	244 
3317	152 
3318	146 
3319	1 
3320	154 
3321	197 
3322	102 
3323	16 
3324	66 
3325	151 
3326	83 
3327	68 
3328	77 
3329	13 
3330	149 
3331	154 
3332	159 
3333	176 
3334	201 
3335	138 
3336	58 
3337	16 
3338	246 
3339	99 
3340	179 
3341	231 
3342	32 
3343	26 
3344	201 
3345	153 
3346	235 
3347	246 
3348	173 
3349	42 
3350	238 
3351	22 
3352	128 
3353	92 
3354	39 
3355	10 
3356	71 
3357	217 
3358	45 
3359	2 
3360	41 
3361	37 
3362	60 
3363	238 
3364	229 
3365	99 
3366	52 
3367	118 
3368	124 
3369	128 
3370	208 
3371	239 
3372	77 
3373	186 
3374	55 
3375	81 
3376	58 
3377	227 
3378	108 
3379	12 
3380	215 
3381	147 
3382	16 
3383	198 
3384	221 
3385	81 
3386	156 
3387	62 
3388	55 
3389	109 
3390	68 
3391	155 
3392	82 
3393	173 
3394	71 
3395	145 
3396	16 
3397	111 
3398	119 
3399	9 
3400	30 
3401	7 
3402	13 
3403	132 
3404	232 
3405	123 
3406	197 
3407	120 
3408	239 
3409	155 
3410	97 
3411	230 
3412	161 
3413	197 
3414	49 
3415	82 
3416	13 
3417	248 
3418	148 
3419	54 
3420	125 
3421	235 
3422	41 
3423	212 
3424	84 
3425	243 
3426	139 
3427	54 
3428	56 
3429	208 
3430	54 
3431	11 
3432	75 
3433	26 
3434	149 
3435	122 
3436	46 
3437	111 
3438	214 
3439	134 
3440	27 
3441	132 
3442	174 
3443	68 
3444	132 
3445	102 
3446	225 
3447	201 
3448	193 
3449	242 
3450	35 
3451	156 
3452	223 
3453	86 
3454	17 
3455	21 
3456	199 
3457	26 
3458	241 
3459	123 
3460	104 
3461	96 
3462	7 
3463	210 
3464	149 
3465	74 
3466	63 
3467	159 
3468	156 
3469	67 
3470	169 
3471	138 
3472	208 
3473	5 
3474	78 
3475	17 
3476	47 
3477	172 
3478	157 
3479	23 
3480	184 
3481	224 
3482	24 
3483	150 
3484	31 
3485	35 
3486	96 
3487	151 
3488	255 
3489	182 
3490	56 
3491	54 
3492	16 
3493	233 
3494	54 
3495	111 
3496	235 
3497	95 
3498	72 
3499	107 
3500	33 
3501	160 
3502	121 
3503	45 
3504	69 
3505	77 
3506	111 
3507	233 
3508	143 
3509	106 
3510	231 
3511	44 
3512	108 
3513	136 
3514	158 
3515	234 
3516	168 
3517	214 
3518	224 
3519	74 
3520	184 
3521	231 
3522	120 
3523	69 
3524	187 
3525	239 
3526	3 
3527	16 
3528	120 
3529	86 
3530	90 
3531	139 
3532	105 
3533	3 
3534	1 
3535	108 
3536	234 
3537	143 
3538	10 
3539	76 
3540	234 
3541	45 
3542	161 
3543	231 
3544	34 
3545	121 
3546	205 
3547	232 
3548	66 
3549	159 
3550	8 
3551	26 
3552	41 
3553	55 
3554	67 
3555	164 
3556	52 
3557	63 
3558	163 
3559	77 
3560	226 
3561	164 
3562	187 
3563	177 
3564	99 
3565	217 
3566	44 
3567	139 
3568	43 
3569	79 
3570	249 
3571	219 
3572	10 
3573	92 
3574	203 
3575	213 
3576	139 
3577	74 
3578	41 
3579	76 
3580	188 
3581	40 
3582	251 
3583	32 
3584	239 
3585	99 
3586	238 
3587	238 
3588	228 
3589	27 
3590	68 
3591	157 
3592	79 
3593	77 
3594	136 
3595	97 
3596	11 
3597	92 
3598	249 
3599	50 
3600	251 
3601	19 
3602	126 
3603	197 
3604	202 
3605	221 
3606	2 
3607	196 
3608	126 
3609	135 
3610	221 
3611	75 
3612	130 
3613	54 
3614	3 
3615	210 
3616	226 
3617	126 
3618	215 
3619	221 
3620	235 
3621	123 
3622	6 
3623	144 
3624	92 
3625	70 
3626	245 
3627	208 
3628	48 
3629	186 
3630	15 
3631	138 
3632	8 
3633	91 
3634	22 
3635	3 
3636	17 
3637	146 
3638	99 
3639	126 
3640	165 
3641	77 
3642	114 
3643	177 
3644	191 
3645	118 
3646	95 
3647	82 
3648	29 
3649	147 
3650	50 
3651	86 
3652	228 
3653	80 
3654	68 
3655	116 
3656	18 
3657	86 
3658	54 
3659	19 
3660	53 
3661	207 
3662	185 
3663	226 
3664	135 
3665	212 
3666	61 
3667	183 
3668	143 
3669	115 
3670	184 
3671	99 
3672	26 
3673	6 
3674	205 
3675	203 
3676	40 
3677	204 
3678	21 
3679	65 
3680	202 
3681	72 
3682	54 
3683	70 
3684	88 
3685	209 
3686	208 
3687	86 
3688	97 
3689	11 
3690	92 
3691	16 
3692	67 
3693	67 
3694	76 
3695	227 
3696	230 
3697	196 
3698	91 
3699	179 
3700	172 
3701	175 
3702	233 
3703	97 
3704	208 
3705	8 
3706	166 
3707	49 
3708	129 
3709	248 
3710	157 
3711	173 
3712	246 
3713	198 
3714	82 
3715	72 
3716	36 
3717	205 
3718	50 
3719	31 
3720	235 
3721	245 
3722	224 
3723	26 
3724	16 
3725	159 
3726	47 
3727	171 
3728	164 
3729	37 
3730	148 
3731	222 
3732	125 
3733	116 
3734	13 
3735	193 
3736	227 
3737	236 
3738	71 
3739	70 
3740	250 
3741	110 
3742	63 
3743	19 
3744	208 
3745	77 
3746	31 
3747	166 
3748	44 
3749	217 
3750	31 
3751	149 
3752	55 
3753	184 
3754	151 
3755	82 
3756	76 
3757	239 
3758	239 
3759	185 
3760	76 
3761	66 
3762	167 
3763	170 
3764	232 
3765	193 
3766	125 
3767	163 
3768	153 
3769	150 
3770	134 
3771	114 
3772	150 
3773	212 
3774	8 
3775	233 
3776	44 
3777	53 
3778	26 
3779	104 
3780	11 
3781	198 
3782	176 
3783	83 
3784	111 
3785	207 
3786	29 
3787	139 
3788	70 
3789	129 
3790	41 
3791	210 
3792	59 
3793	91 
3794	44 
3795	27 
3796	114 
3797	215 
3798	64 
3799	149 
3800	139 
3801	101 
3802	172 
3803	77 
3804	79 
3805	143 
3806	149 
3807	17 
3808	242 
3809	112 
3810	92 
3811	102 
3812	204 
3813	54 
3814	161 
3815	5 
3816	114 
3817	173 
3818	39 
3819	85 
3820	162 
3821	90 
3822	26 
3823	151 
3824	219 
3825	110 
3826	38 
3827	72 
3828	210 
3829	13 
3830	6 
3831	24 
3832	100 
3833	149 
3834	73 
3835	48 
3836	55 
3837	38 
3838	252 
3839	225 
3840	208 
3841	194 
3842	104 
3843	136 
3844	229 
3845	100 
3846	63 
3847	208 
3848	15 
3849	180 
3850	173 
3851	70 
3852	210 
3853	218 
3854	156 
3855	11 
3856	75 
3857	222 
3858	238 
3859	79 
3860	99 
3861	176 
3862	254 
3863	184 
3864	207 
3865	63 
3866	4 
3867	148 
3868	119 
3869	122 
3870	50 
3871	153 
3872	7 
3873	118 
3874	133 
3875	159 
3876	116 
3877	123 
3878	35 
3879	167 
3880	17 
3881	54 
3882	210 
3883	202 
3884	42 
3885	173 
3886	77 
3887	198 
3888	111 
3889	139 
3890	167 
3891	84 
3892	186 
3893	63 
3894	131 
3895	94 
3896	227 
3897	157 
3898	186 
3899	157 
3900	1 
3901	245 
3902	97 
3903	200 
3904	194 
3905	59 
3906	97 
3907	110 
3908	228 
3909	155 
3910	122 
3911	39 
3912	159 
3913	119 
3914	162 
3915	88 
3916	208 
3917	208 
3918	118 
3919	146 
3920	40 
3921	195 
3922	45 
3923	55 
3924	75 
3925	116 
3926	81 
3927	148 
3928	163 
3929	8 
3930	195 
3931	203 
3932	172 
3933	153 
3934	208 
3935	8 
3936	176 
3937	179 
3938	91 
3939	245 
3940	10 
3941	207 
3942	119 
3943	176 
3944	54 
3945	2 
3946	235 
3947	11 
3948	74 
3949	186 
3950	71 
3951	77 
3952	116 
3953	246 
3954	68 
3955	32 
3956	188 
3957	221 
3958	129 
3959	133 
3960	76 
3961	70 
3962	161 
3963	35 
3964	35 
3965	5 
3966	70 
3967	51 
3968	83 
3969	222 
3970	221 
3971	167 
3972	68 
3973	154 
3974	144 
3975	60 
3976	143 
3977	208 
3978	17 
3979	183 
3980	76 
3981	133 
3982	26 
3983	39 
3984	246 
3985	97 
3986	195 
3987	80 
3988	87 
3989	167 
3990	122 
3991	235 
3992	207 
3993	30 
3994	180 
3995	139 
3996	126 
3997	251 
3998	219 
3999	88 
4000	246 
4001	89 
4002	164 
4003	55 
4004	213 
4005	244 
4006	181 
4007	170 
4008	119 
4009	169 
4010	251 
4011	193 
4012	199 
4013	50 
4014	159 
4015	122 
4016	45 
4017	32 
4018	216 
4019	153 
4020	70 
4021	122 
4022	40 
4023	246 
4024	197 
4025	191 
4026	221 
4027	53 
4028	150 
4029	170 
4030	50 
4031	226 
4032	195 
4033	15 
4034	136 
4035	11 
4036	213 
4037	224 
4038	114 
4039	57 
4040	99 
4041	252 
4042	82 
4043	13 
4044	63 
4045	208 
4046	163 
4047	94 
4048	74 
4049	245 
4050	149 
4051	170 
4052	125 
4053	56 
4054	63 
4055	39 
4056	228 
4057	140 
4058	48 
4059	11 
4060	251 
4061	46 
4062	165 
4063	193 
4064	239 
4065	146 
4066	146 
4067	167 
4068	90 
4069	5 
4070	38 
4071	64 
4072	70 
4073	4 
4074	140 
4075	36 
4076	65 
4077	52 
4078	215 
4079	207 
4080	228 
4081	216 
4082	108 
4083	103 
4084	11 
4085	142 
4086	25 
4087	32 
4088	25 
4089	70 
4090	122 
4091	8 
4092	62 
4093	152 
4094	31 
4095	41 
4096	201 
4097	112 
4098	44 
4099	122 
4100	220 
4101	184 
4102	172 
4103	4 
4104	187 
4105	46 
4106	250 
4107	70 
4108	250 
4109	66 
4110	45 
4111	129 
4112	225 
4113	197 
4114	77 
4115	79 
4116	69 
4117	16 
4118	155 
4119	119 
4120	149 
4121	86 
4122	212 
4123	236 
4124	35 
4125	119 
4126	110 
4127	125 
4128	34 
4129	26 
4130	16 
4131	189 
4132	18 
4133	243 
4134	88 
4135	130 
4136	111 
4137	76 
4138	18 
4139	5 
4140	131 
4141	109 
4142	5 
4143	111 
4144	67 
4145	153 
4146	137 
4147	197 
4148	190 
4149	119 
4150	71 
4151	45 
4152	225 
4153	39 
4154	247 
4155	16 
4156	39 
4157	79 
4158	151 
4159	10 
4160	45 
4161	45 
4162	105 
4163	35 
4164	55 
4165	229 
4166	172 
4167	8 
4168	156 
4169	248 
4170	185 
4171	235 
4172	215 
4173	38 
4174	174 
4175	235 
4176	176 
4177	94 
4178	32 
4179	251 
4180	80 
4181	172 
4182	142 
4183	65 
4184	174 
4185	156 
4186	63 
4187	89 
4188	140 
4189	12 
4190	177 
4191	58 
4192	37 
4193	152 
4194	216 
4195	75 
4196	136 
4197	123 
4198	195 
4199	97 
4200	220 
4201	22 
4202	246 
4203	224 
4204	2 
4205	170 
4206	124 
4207	225 
4208	97 
4209	210 
4210	5 
4211	238 
4212	105 
4213	74 
4214	79 
4215	138 
4216	207 
4217	24 
4218	91 
4219	78 
4220	54 
4221	53 
4222	70 
4223	146 
4224	11 
4225	220 
4226	164 
4227	208 
4228	193 
4229	33 
4230	62 
4231	194 
4232	155 
4233	110 
4234	217 
4235	215 
4236	253 
4237	216 
4238	245 
4239	111 
4240	123 
4241	91 
4242	67 
4243	149 
4244	38 
4245	238 
4246	125 
4247	96 
4248	37 
4249	208 
4250	55 
4251	68 
4252	77 
4253	234 
4254	174 
4255	217 
4256	37 
4257	32 
4258	102 
4259	111 
4260	117 
4261	208 
4262	176 
4263	81 
4264	66 
4265	105 
4266	227 
4267	228 
4268	223 
4269	195 
4270	142 
4271	205 
4272	189 
4273	46 
4274	3 
4275	83 
4276	132 
4277	45 
4278	173 
4279	104 
4280	37 
4281	30 
4282	44 
4283	86 
4284	223 
4285	64 
4286	143 
4287	201 
4288	255 
4289	175 
4290	51 
4291	31 
4292	86 
4293	139 
4294	76 
4295	234 
4296	6 
4297	186 
4298	140 
4299	234 
4300	218 
4301	67 
4302	202 
4303	238 
4304	211 
4305	215 
4306	227 
4307	180 
4308	209 
4309	38 
4310	168 
4311	156 
4312	86 
4313	244 
4314	209 
4315	97 
4316	48 
4317	136 
4318	149 
4319	149 
4320	114 
4321	110 
4322	39 
4323	151 
4324	79 
4325	24 
4326	200 
4327	25 
4328	155 
4329	44 
4330	185 
4331	222 
4332	146 
4333	252 
4334	45 
4335	45 
4336	53 
4337	142 
4338	216 
4339	224 
4340	219 
4341	213 
4342	76 
4343	140 
4344	210 
4345	146 
4346	84 
4347	55 
4348	190 
4349	231 
4350	121 
4351	55 
4352	126 
4353	37 
4354	97 
4355	210 
4356	17 
4357	150 
4358	196 
4359	77 
4360	163 
4361	216 
4362	16 
4363	28 
4364	22 
4365	7 
4366	224 
4367	207 
4368	206 
4369	53 
4370	71 
4371	133 
4372	208 
4373	31 
4374	211 
4375	228 
4376	63 
4377	169 
4378	26 
4379	125 
4380	202 
4381	222 
4382	149 
4383	172 
4384	251 
4385	151 
4386	66 
4387	96 
4388	22 
4389	41 
4390	100 
4391	224 
4392	139 
4393	17 
4394	108 
4395	111 
4396	24 
4397	45 
4398	92 
4399	17 
4400	149 
4401	246 
4402	194 
4403	100 
4404	188 
4405	186 
4406	29 
4407	159 
4408	146 
4409	207 
4410	69 
4411	54 
4412	76 
4413	139 
4414	246 
4415	78 
4416	115 
4417	240 
4418	124 
4419	88 
4420	165 
4421	59 
4422	20 
4423	43 
4424	196 
4425	74 
4426	254 
4427	246 
4428	72 
4429	15 
4430	204 
4431	49 
4432	101 
4433	185 
4434	197 
4435	175 
4436	197 
4437	172 
4438	206 
4439	37 
4440	63 
4441	132 
4442	99 
4443	44 
4444	59 
4445	7 
4446	198 
4447	26 
4448	138 
4449	200 
4450	77 
4451	83 
4452	198 
4453	153 
4454	144 
4455	44 
4456	135 
4457	89 
4458	12 
4459	111 
4460	200 
4461	201 
4462	146 
4463	231 
4464	238 
4465	135 
4466	184 
4467	159 
4468	4 
4469	116 
4470	86 
4471	110 
4472	70 
4473	221 
4474	215 
4475	178 
4476	27 
4477	190 
4478	78 
4479	23 
4480	61 
4481	247 
4482	195 
4483	58 
4484	96 
4485	6 
4486	59 
4487	122 
4488	249 
4489	44 
4490	153 
4491	88 
4492	86 
4493	52 
4494	118 
4495	13 
4496	35 
4497	86 
4498	217 
4499	213 
4500	125 
4501	142 
4502	97 
4503	37 
4504	232 
4505	20 
4506	144 
4507	89 
4508	179 
4509	96 
4510	32 
4511	221 
4512	74 
4513	176 
4514	197 
4515	157 
4516	76 
4517	12 
4518	62 
4519	207 
4520	195 
4521	102 
4522	36 
4523	227 
4524	222 
4525	143 
4526	143 
4527	37 
4528	116 
4529	198 
4530	2 
4531	187 
4532	74 
4533	111 
4534	99 
4535	15 
4536	201 
4537	54 
4538	90 
4539	147 
4540	170 
4541	83 
4542	132 
4543	127 
4544	97 
4545	63 
4546	34 
4547	161 
4548	181 
4549	15 
4550	69 
4551	151 
4552	238 
4553	159 
4554	24 
4555	245 
4556	233 
4557	151 
4558	227 
4559	24 
4560	77 
4561	108 
4562	96 
4563	231 
4564	222 
4565	75 
4566	5 
4567	195 
4568	144 
4569	164 
4570	155 
4571	181 
4572	215 
4573	55 
4574	6 
4575	83 
4576	244 
4577	255 
4578	31 
4579	134 
4580	17 
4581	151 
4582	71 
4583	239 
4584	86 
4585	95 
4586	120 
4587	44 
4588	245 
4589	249 
4590	52 
4591	176 
4592	195 
4593	250 
4594	171 
4595	116 
4596	55 
4597	225 
4598	80 
4599	243 
4600	135 
4601	216 
4602	84 
4603	120 
4604	110 
4605	188 
4606	13 
4607	170 
4608	208 
4609	49 
4610	246 
4611	206 
4612	199 
4613	54 
4614	128 
4615	119 
4616	227 
4617	234 
4618	216 
4619	32 
4620	233 
4621	98 
4622	60 
4623	228 
4624	20 
4625	171 
4626	2 
4627	50 
4628	139 
4629	246 
4630	125 
4631	85 
4632	55 
4633	102 
4634	134 
4635	220 
4636	245 
4637	33 
4638	111 
4639	73 
4640	161 
4641	94 
4642	6 
4643	112 
4644	59 
4645	206 
4646	50 
4647	210 
4648	195 
4649	224 
4650	95 
4651	224 
4652	26 
4653	135 
4654	128 
4655	165 
4656	125 
4657	163 
4658	95 
4659	106 
4660	130 
4661	250 
4662	39 
4663	245 
4664	174 
4665	255 
4666	93 
4667	165 
4668	20 
4669	225 
4670	82 
4671	184 
4672	80 
4673	44 
4674	250 
4675	26 
4676	22 
4677	77 
4678	213 
4679	225 
4680	110 
4681	35 
4682	142 
4683	84 
4684	237 
4685	145 
4686	20 
4687	79 
4688	134 
4689	59 
4690	129 
4691	45 
4692	236 
4693	221 
4694	144 
4695	174 
4696	184 
4697	39 
4698	35 
4699	204 
4700	119 
4701	189 
4702	111 
4703	116 
4704	119 
4705	149 
4706	60 
4707	243 
4708	195 
4709	246 
4710	31 
4711	113 
4712	103 
4713	13 
4714	255 
4715	216 
4716	169 
4717	147 
4718	64 
4719	245 
4720	39 
4721	122 
4722	44 
4723	26 
4724	26 
4725	148 
4726	192 
4727	143 
4728	139 
4729	52 
4730	122 
4731	126 
4732	136 
4733	27 
4734	103 
4735	37 
4736	233 
4737	177 
4738	183 
4739	48 
4740	62 
4741	13 
4742	176 
4743	53 
4744	77 
4745	201 
4746	122 
4747	216 
4748	60 
4749	80 
4750	135 
4751	159 
4752	45 
4753	132 
4754	132 
4755	72 
4756	201 
4757	246 
4758	157 
4759	243 
4760	138 
4761	207 
4762	116 
4763	209 
4764	233 
4765	152 
4766	35 
4767	238 
4768	16 
4769	91 
4770	139 
4771	246 
4772	59 
4773	5 
4774	12 
4775	26 
4776	238 
4777	63 
4778	127 
4779	229 
4780	81 
4781	22 
4782	207 
4783	197 
4784	74 
4785	150 
4786	167 
4787	172 
4788	131 
4789	207 
4790	208 
4791	13 
4792	247 
4793	194 
4794	11 
4795	54 
4796	41 
4797	58 
4798	81 
4799	208 
4800	167 
4801	46 
4802	76 
4803	70 
4804	106 
4805	102 
4806	44 
4807	145 
4808	255 
4809	8 
4810	34 
4811	156 
4812	157 
4813	101 
4814	102 
4815	198 
4816	227 
4817	223 
4818	133 
4819	231 
4820	146 
4821	168 
4822	36 
4823	114 
4824	198 
4825	215 
4826	119 
4827	95 
4828	131 
4829	145 
4830	153 
4831	57 
4832	74 
4833	69 
4834	239 
4835	99 
4836	183 
4837	87 
4838	255 
4839	30 
4840	25 
4841	111 
4842	174 
4843	135 
4844	112 
4845	201 
4846	178 
4847	16 
4848	7 
4849	38 
4850	150 
4851	239 
4852	151 
4853	239 
4854	150 
4855	55 
4856	88 
4857	106 
4858	14 
4859	53 
4860	229 
4861	86 
4862	59 
4863	75 
4864	97 
4865	151 
4866	164 
4867	253 
4868	44 
4869	164 
4870	172 
4871	150 
4872	158 
4873	173 
4874	14 
4875	87 
4876	164 
4877	76 
4878	130 
4879	58 
4880	110 
4881	215 
4882	210 
4883	5 
4884	170 
4885	150 
4886	170 
4887	254 
4888	110 
4889	64 
4890	251 
4891	46 
4892	225 
4893	171 
4894	224 
4895	172 
4896	96 
4897	76 
4898	119 
4899	242 
4900	225 
4901	207 
4902	144 
4903	104 
4904	45 
4905	212 
4906	87 
4907	195 
4908	139 
4909	102 
4910	52 
4911	163 
4912	5 
4913	176 
4914	99 
4915	11 
4916	158 
4917	238 
4918	215 
4919	181 
4920	210 
4921	153 
4922	171 
4923	204 
4924	207 
4925	222 
4926	99 
4927	16 
4928	54 
4929	201 
4930	105 
4931	233 
4932	16 
4933	217 
4934	124 
4935	35 
4936	54 
4937	190 
4938	75 
4939	114 
4940	138 
4941	171 
4942	199 
4943	201 
4944	86 
4945	12 
4946	31 
4947	109 
4948	108 
4949	207 
4950	216 
4951	245 
4952	134 
4953	34 
4954	188 
4955	243 
4956	103 
4957	185 
4958	39 
4959	84 
4960	119 
4961	220 
4962	48 
4963	239 
4964	228 
4965	100 
4966	77 
4967	76 
4968	190 
4969	64 
4970	139 
4971	131 
4972	7 
4973	42 
4974	248 
4975	169 
4976	157 
4977	18 
4978	26 
4979	123 
4980	16 
4981	171 
4982	224 
4983	76 
4984	113 
4985	72 
4986	159 
4987	233 
4988	86 
4989	96 
4990	253 
4991	156 
4992	38 
4993	252 
4994	209 
4995	233 
4996	76 
4997	235 
4998	3 
4999	140 
5000	97 
5001	243 
5002	109 
5003	231 
5004	252 
5005	119 
5006	76 
5007	237 
5008	206 
5009	136 
5010	130 
5011	26 
5012	131 
5013	119 
5014	185 
5015	2 
5016	114 
5017	16 
5018	35 
5019	36 
5020	196 
5021	79 
5022	171 
5023	74 
5024	134 
5025	149 
5026	24 
5027	201 
5028	100 
5029	149 
5030	147 
5031	51 
5032	119 
5033	123 
5034	50 
5035	215 
5036	224 
5037	172 
5038	204 
5039	226 
5040	129 
5041	230 
5042	31 
5043	80 
5044	244 
5045	243 
5046	1 
5047	11 
5048	97 
5049	224 
5050	151 
5051	220 
5052	79 
5053	103 
5054	173 
5055	188 
5056	194 
5057	247 
5058	167 
5059	129 
5060	60 
5061	238 
5062	73 
5063	155 
5064	138 
5065	241 
5066	31 
5067	186 
5068	90 
5069	74 
5070	144 
5071	246 
5072	216 
5073	197 
5074	135 
5075	157 
5076	123 
5077	32 
5078	183 
5079	58 
5080	3 
5081	155 
5082	21 
5083	110 
5084	171 
5085	239 
5086	38 
5087	3 
5088	224 
5089	51 
5090	75 
5091	174 
5092	152 
5093	177 
5094	67 
5095	96 
5096	41 
5097	108 
5098	208 
5099	44 
5100	210 
5101	52 
5102	207 
5103	52 
5104	3 
5105	28 
5106	5 
5107	116 
5108	75 
5109	171 
5110	194 
5111	227 
5112	39 
5113	161 
5114	153 
5115	37 
5116	37 
5117	116 
5118	72 
5119	250 
5120	114 
5121	69 
5122	60 
5123	53 
5124	22 
5125	123 
5126	174 
5127	149 
5128	197 
5129	214 
5130	17 
5131	245 
5132	78 
5133	95 
5134	5 
5135	174 
5136	198 
5137	195 
5138	141 
5139	132 
5140	101 
5141	10 
5142	99 
5143	114 
5144	92 
5145	109 
5146	8 
5147	196 
5148	126 
5149	193 
5150	86 
5151	122 
5152	175 
5153	236 
5154	250 
5155	32 
5156	104 
5157	24 
5158	80 
5159	132 
5160	224 
5161	54 
5162	190 
5163	199 
5164	79 
5165	227 
5166	174 
5167	172 
5168	130 
5169	30 
5170	26 
5171	20 
5172	172 
5173	55 
5174	85 
5175	4 
5176	135 
5177	233 
5178	237 
5179	237 
5180	97 
5181	144 
5182	149 
5183	108 
5184	199 
5185	11 
5186	146 
5187	195 
5188	105 
5189	230 
5190	27 
5191	92 
5192	86 
5193	54 
5194	111 
5195	82 
5196	60 
5197	233 
5198	123 
5199	102 
5200	24 
5201	174 
5202	28 
5203	1 
5204	150 
5205	100 
5206	40 
5207	64 
5208	183 
5209	254 
5210	147 
5211	39 
5212	149 
5213	192 
5214	99 
5215	129 
5216	213 
5217	82 
5218	143 
5219	39 
5220	171 
5221	159 
5222	61 
5223	44 
5224	233 
5225	128 
5226	48 
5227	86 
5228	155 
5229	216 
5230	9 
5231	181 
5232	207 
5233	26 
5234	226 
5235	108 
5236	92 
5237	236 
5238	76 
5239	249 
5240	86 
5241	195 
5242	219 
5243	95 
5244	156 
5245	124 
5246	102 
5247	127 
5248	92 
5249	143 
5250	8 
5251	91 
5252	68 
5253	125 
5254	225 
5255	227 
5256	225 
5257	37 
5258	136 
5259	216 
5260	4 
5261	195 
5262	222 
5263	31 
5264	130 
5265	53 
5266	123 
5267	77 
5268	31 
5269	55 
5270	11 
5271	16 
5272	184 
5273	53 
5274	222 
5275	81 
5276	17 
5277	97 
5278	204 
5279	208 
5280	144 
5281	209 
5282	146 
5283	178 
5284	213 
5285	155 
5286	32 
5287	117 
5288	5 
5289	235 
5290	136 
5291	35 
5292	234 
5293	74 
5294	39 
5295	144 
5296	212 
5297	9 
5298	165 
5299	112 
5300	171 
5301	70 
5302	44 
5303	138 
5304	210 
5305	246 
5306	166 
5307	74 
5308	157 
5309	11 
5310	146 
5311	16 
5312	143 
5313	38 
5314	222 
5315	68 
5316	132 
5317	76 
5318	96 
5319	246 
5320	237 
5321	16 
5322	229 
5323	6 
5324	67 
5325	122 
5326	9 
5327	177 
5328	191 
5329	83 
5330	84 
5331	19 
5332	249 
5333	201 
5334	66 
5335	116 
5336	59 
5337	76 
5338	44 
5339	102 
5340	77 
5341	60 
5342	89 
5343	176 
5344	153 
5345	139 
5346	39 
5347	37 
5348	31 
5349	25 
5350	74 
5351	111 
5352	122 
5353	86 
5354	177 
5355	145 
5356	119 
5357	185 
5358	76 
5359	19 
5360	170 
5361	159 
5362	143 
5363	74 
5364	216 
5365	228 
5366	123 
5367	146 
5368	169 
5369	46 
5370	146 
5371	99 
5372	222 
5373	72 
5374	244 
5375	93 
5376	108 
5377	139 
5378	42 
5379	24 
5380	126 
5381	83 
5382	139 
5383	232 
5384	173 
5385	59 
5386	221 
5387	108 
5388	96 
5389	101 
5390	87 
5391	123 
5392	71 
5393	241 
5394	243 
5395	108 
5396	234 
5397	222 
5398	250 
5399	16 
5400	147 
5401	219 
5402	151 
5403	157 
5404	241 
5405	231 
5406	74 
5407	122 
5408	74 
5409	114 
5410	195 
5411	173 
5412	30 
5413	119 
5414	75 
5415	139 
5416	102 
5417	250 
5418	138 
5419	224 
5420	111 
5421	254 
5422	125 
5423	245 
5424	153 
5425	66 
5426	155 
5427	190 
5428	247 
5429	226 
5430	197 
5431	45 
5432	236 
5433	144 
5434	80 
5435	173 
5436	52 
5437	131 
5438	81 
5439	245 
5440	9 
5441	55 
5442	213 
5443	32 
5444	133 
5445	171 
5446	28 
5447	39 
5448	61 
5449	104 
5450	148 
5451	22 
5452	24 
5453	67 
5454	157 
5455	155 
5456	86 
5457	198 
5458	86 
5459	70 
5460	22 
5461	122 
5462	22 
5463	28 
5464	167 
5465	236 
5466	127 
5467	210 
5468	86 
5469	77 
5470	234 
5471	176 
5472	170 
5473	191 
5474	74 
5475	31 
5476	11 
5477	109 
5478	116 
5479	227 
5480	246 
5481	251 
5482	125 
5483	129 
5484	74 
5485	232 
5486	158 
5487	2 
5488	3 
5489	68 
5490	197 
5491	108 
5492	81 
5493	176 
5494	86 
5495	62 
5496	176 
5497	188 
5498	129 
5499	185 
5500	208 
5501	143 
5502	140 
5503	165 
5504	102 
5505	178 
5506	149 
5507	246 
5508	14 
5509	72 
5510	134 
5511	8 
5512	8 
5513	236 
5514	81 
5515	210 
5516	191 
5517	224 
5518	21 
5519	188 
5520	58 
5521	207 
5522	37 
5523	193 
5524	67 
5525	59 
5526	77 
5527	215 
5528	99 
5529	227 
5530	224 
5531	110 
5532	129 
5533	82 
5534	144 
5535	131 
5536	171 
5537	42 
5538	2 
5539	52 
5540	78 
5541	155 
5542	194 
5543	45 
5544	157 
5545	199 
5546	50 
5547	119 
5548	13 
5549	50 
5550	172 
5551	1 
5552	77 
5553	77 
5554	113 
5555	219 
5556	151 
5557	8 
5558	115 
5559	11 
5560	153 
5561	144 
5562	104 
5563	52 
5564	37 
5565	11 
5566	39 
5567	150 
5568	248 
5569	153 
5570	176 
5571	176 
5572	185 
5573	193 
5574	138 
5575	143 
5576	197 
5577	151 
5578	55 
5579	115 
5580	119 
5581	89 
5582	82 
5583	26 
5584	164 
5585	50 
5586	9 
5587	32 
5588	122 
5589	55 
5590	140 
5591	169 
5592	114 
5593	147 
5594	134 
5595	149 
5596	102 
5597	1 
5598	11 
5599	45 
5600	221 
5601	201 
5602	11 
5603	239 
5604	152 
5605	207 
5606	180 
5607	171 
5608	139 
5609	246 
5610	40 
5611	67 
5612	83 
5613	181 
5614	225 
5615	41 
5616	111 
5617	239 
5618	215 
5619	176 
5620	229 
5621	52 
5622	10 
5623	110 
5624	155 
5625	140 
5626	225 
5627	99 
5628	142 
5629	138 
5630	153 
5631	97 
5632	200 
5633	235 
5634	35 
5635	38 
5636	113 
5637	44 
5638	102 
5639	216 
5640	32 
5641	110 
5642	238 
5643	141 
5644	216 
5645	68 
5646	45 
5647	110 
5648	44 
5649	236 
5650	196 
5651	116 
5652	193 
5653	142 
5654	170 
5655	8 
5656	69 
5657	139 
5658	123 
5659	139 
5660	63 
5661	82 
5662	254 
5663	221 
5664	64 
5665	62 
5666	246 
5667	142 
5668	213 
5669	226 
5670	139 
5671	150 
5672	96 
5673	69 
5674	38 
5675	35 
5676	190 
5677	140 
5678	176 
5679	191 
5680	170 
5681	139 
5682	88 
5683	153 
5684	251 
5685	71 
5686	139 
5687	147 
5688	48 
5689	156 
5690	129 
5691	33 
5692	224 
5693	78 
5694	213 
5695	229 
5696	239 
5697	239 
5698	16 
5699	129 
5700	248 
5701	198 
5702	238 
5703	111 
5704	208 
5705	68 
5706	35 
5707	138 
5708	198 
5709	39 
5710	204 
5711	148 
5712	91 
5713	16 
5714	199 
5715	53 
5716	207 
5717	216 
5718	50 
5719	38 
5720	92 
5721	204 
5722	255 
5723	254 
5724	110 
5725	70 
5726	76 
5727	217 
5728	218 
5729	119 
5730	159 
5731	78 
5732	163 
5733	72 
5734	16 
5735	207 
5736	224 
5737	138 
5738	207 
5739	208 
5740	2 
5741	74 
5742	97 
5743	27 
5744	35 
5745	45 
5746	175 
5747	193 
5748	61 
5749	3 
5750	130 
5751	155 
5752	52 
5753	147 
5754	77 
5755	86 
5756	1 
5757	79 
5758	160 
5759	160 
5760	131 
5761	85 
5762	222 
5763	146 
5764	207 
5765	101 
5766	149 
5767	100 
5768	66 
5769	100 
5770	51 
5771	54 
5772	16 
5773	111 
5774	129 
5775	198 
5776	251 
5777	173 
5778	199 
5779	195 
5780	69 
5781	141 
5782	176 
5783	173 
5784	39 
5785	223 
5786	104 
5787	65 
5788	40 
5789	65 
5790	139 
5791	111 
5792	85 
5793	141 
5794	157 
5795	38 
5796	175 
5797	134 
5798	210 
5799	160 
5800	207 
5801	79 
5802	119 
5803	131 
5804	158 
5805	165 
5806	95 
5807	67 
5808	101 
5809	157 
5810	225 
5811	157 
5812	158 
5813	11 
5814	213 
5815	11 
5816	227 
5817	142 
5818	26 
5819	164 
5820	217 
5821	78 
5822	26 
5823	10 
5824	153 
5825	126 
5826	199 
5827	222 
5828	55 
5829	181 
5830	246 
5831	250 
5832	10 
5833	227 
5834	153 
5835	248 
5836	8 
5837	218 
5838	175 
5839	160 
5840	123 
5841	44 
5842	44 
5843	222 
5844	128 
5845	149 
5846	181 
5847	170 
5848	195 
5849	195 
5850	81 
5851	111 
5852	192 
5853	87 
5854	5 
5855	193 
5856	108 
5857	201 
5858	156 
5859	10 
5860	70 
5861	63 
5862	84 
5863	72 
5864	79 
5865	186 
5866	195 
5867	245 
5868	86 
5869	249 
5870	200 
5871	231 
5872	153 
5873	233 
5874	3 
5875	169 
5876	96 
5877	245 
5878	224 
5879	153 
5880	76 
5881	24 
5882	159 
5883	38 
5884	237 
5885	174 
5886	197 
5887	50 
5888	89 
5889	204 
5890	247 
5891	161 
5892	201 
5893	88 
5894	226 
5895	176 
5896	141 
5897	53 
5898	191 
5899	176 
5900	207 
5901	177 
5902	38 
5903	82 
5904	246 
5905	180 
5906	63 
5907	143 
5908	193 
5909	244 
5910	50 
5911	204 
5912	55 
5913	26 
5914	115 
5915	201 
5916	96 
5917	122 
5918	8 
5919	135 
5920	217 
5921	198 
5922	208 
5923	155 
5924	64 
5925	121 
5926	251 
5927	101 
5928	45 
5929	125 
5930	64 
5931	119 
5932	74 
5933	33 
5934	243 
5935	70 
5936	123 
5937	239 
5938	22 
5939	181 
5940	204 
5941	63 
5942	45 
5943	128 
5944	31 
5945	184 
5946	251 
5947	21 
5948	208 
5949	70 
5950	103 
5951	227 
5952	225 
5953	69 
5954	246 
5955	143 
5956	16 
5957	222 
5958	1 
5959	80 
5960	44 
5961	58 
5962	148 
5963	172 
5964	25 
5965	111 
5966	50 
5967	156 
5968	24 
5969	22 
5970	198 
5971	93 
5972	156 
5973	8 
5974	239 
5975	10 
5976	224 
5977	82 
5978	195 
5979	60 
5980	229 
5981	164 
5982	231 
5983	148 
5984	119 
5985	123 
5986	225 
5987	146 
5988	39 
5989	141 
5990	45 
5991	224 
5992	229 
5993	101 
5994	104 
5995	60 
5996	233 
5997	75 
5998	246 
5999	101 
6000	80 
6001	172 
6002	224 
6003	169 
6004	35 
6005	234 
6006	106 
6007	142 
6008	1 
6009	5 
6010	198 
6011	146 
6012	238 
6013	185 
6014	210 
6015	216 
6016	84 
6017	69 
6018	186 
6019	176 
6020	224 
6021	194 
6022	225 
6023	86 
6024	63 
6025	88 
6026	59 
6027	17 
6028	34 
6029	124 
6030	246 
6031	140 
6032	24 
6033	215 
6034	79 
6035	44 
6036	158 
6037	111 
6038	68 
6039	193 
6040	68 
6041	104 
6042	149 
6043	81 
6044	167 
6045	176 
6046	198 
6047	126 
6048	239 
6049	213 
6050	110 
6051	96 
6052	110 
6053	142 
6054	159 
6055	111 
6056	113 
6057	217 
6058	254 
6059	233 
6060	234 
6061	92 
6062	194 
6063	5 
6064	37 
6065	113 
6066	216 
6067	200 
6068	45 
6069	233 
6070	144 
6071	19 
6072	156 
6073	138 
6074	53 
6075	246 
6076	125 
6077	63 
6078	76 
6079	185 
6080	219 
6081	238 
6082	102 
6083	119 
6084	11 
6085	32 
6086	255 
6087	86 
6088	194 
6089	54 
6090	64 
6091	101 
6092	173 
6093	214 
6094	121 
6095	119 
6096	246 
6097	27 
6098	26 
6099	24 
6100	108 
6101	239 
6102	37 
6103	113 
6104	41 
6105	204 
6106	128 
6107	164 
6108	247 
6109	24 
6110	247 
6111	75 
6112	1 
6113	180 
6114	53 
6115	245 
6116	224 
6117	185 
6118	64 
6119	245 
6120	246 
6121	194 
6122	141 
6123	216 
6124	8 
6125	63 
6126	86 
6127	213 
6128	146 
6129	213 
6130	20 
6131	24 
6132	233 
6133	51 
6134	224 
6135	130 
6136	45 
6137	25 
6138	97 
6139	165 
6140	74 
6141	62 
6142	45 
6143	119 
6144	88 
6145	164 
6146	70 
6147	193 
6148	116 
6149	74 
6150	143 
6151	111 
6152	143 
6153	121 
6154	108 
6155	76 
6156	53 
6157	139 
6158	216 
6159	71 
6160	87 
6161	32 
6162	78 
6163	8 
6164	67 
6165	207 
6166	213 
6167	239 
6168	188 
6169	209 
6170	139 
6171	16 
6172	221 
6173	85 
6174	13 
6175	214 
6176	250 
6177	32 
6178	241 
6179	164 
6180	157 
6181	149 
6182	17 
6183	181 
6184	68 
6185	215 
6186	140 
6187	108 
6188	173 
6189	3 
6190	69 
6191	97 
6192	109 
6193	145 
6194	26 
6195	91 
6196	54 
6197	74 
6198	25 
6199	100 
6200	58 
6201	232 
6202	82 
6203	196 
6204	246 
6205	2 
6206	64 
6207	111 
6208	157 
6209	60 
6210	246 
6211	10 
6212	201 
6213	103 
6214	235 
6215	38 
6216	144 
6217	155 
6218	222 
6219	129 
6220	48 
6221	99 
6222	58 
6223	62 
6224	86 
6225	198 
6226	31 
6227	76 
6228	148 
6229	31 
6230	40 
6231	19 
6232	87 
6233	3 
6234	192 
6235	31 
6236	77 
6237	128 
6238	52 
6239	68 
6240	54 
6241	167 
6242	15 
6243	26 
6244	85 
6245	235 
6246	248 
6247	11 
6248	246 
6249	159 
6250	64 
6251	113 
6252	195 
6253	145 
6254	62 
6255	74 
6256	80 
6257	138 
6258	40 
6259	194 
6260	125 
6261	54 
6262	238 
6263	227 
6264	9 
6265	192 
6266	185 
6267	59 
6268	224 
6269	74 
6270	24 
6271	224 
6272	216 
6273	219 
6274	103 
6275	132 
6276	255 
6277	146 
6278	25 
6279	20 
6280	130 
6281	233 
6282	224 
6283	138 
6284	173 
6285	123 
6286	63 
6287	248 
6288	149 
6289	63 
6290	234 
6291	214 
6292	26 
6293	20 
6294	254 
6295	195 
6296	150 
6297	78 
6298	188 
6299	184 
6300	237 
6301	54 
6302	86 
6303	138 
6304	28 
6305	38 
6306	9 
6307	74 
6308	95 
6309	238 
6310	219 
6311	5 
6312	54 
6313	88 
6314	155 
6315	93 
6316	69 
6317	51 
6318	72 
6319	238 
6320	172 
6321	125 
6322	15 
6323	44 
6324	176 
6325	97 
6326	82 
6327	194 
6328	198 
6329	207 
6330	216 
6331	153 
6332	9 
6333	62 
6334	134 
6335	17 
6336	245 
6337	39 
6338	68 
6339	180 
6340	213 
6341	76 
6342	99 
6343	246 
6344	159 
6345	14 
6346	111 
6347	8 
6348	197 
6349	196 
6350	146 
6351	198 
6352	8 
6353	104 
6354	7 
6355	70 
6356	113 
6357	54 
6358	4 
6359	250 
6360	198 
6361	227 
6362	71 
6363	250 
6364	45 
6365	70 
6366	117 
6367	237 
6368	142 
6369	45 
6370	63 
6371	86 
6372	8 
6373	217 
6374	131 
6375	143 
6376	37 
6377	152 
6378	34 
6379	141 
6380	222 
6381	116 
6382	45 
6383	83 
6384	54 
6385	173 
6386	128 
6387	86 
6388	195 
6389	149 
6390	70 
6391	114 
6392	193 
6393	197 
6394	227 
6395	198 
6396	86 
6397	103 
6398	208 
6399	176 
6400	63 
6401	123 
6402	174 
6403	72 
6404	17 
6405	159 
6406	146 
6407	77 
6408	153 
6409	114 
6410	239 
6411	61 
6412	1 
6413	197 
6414	208 
6415	92 
6416	213 
6417	138 
6418	245 
6419	223 
6420	192 
6421	96 
6422	10 
6423	126 
6424	119 
6425	37 
6426	27 
6427	53 
6428	140 
6429	35 
6430	157 
6431	241 
6432	196 
6433	11 
6434	16 
6435	24 
6436	104 
6437	77 
6438	45 
6439	1 
6440	231 
6441	237 
6442	86 
6443	183 
6444	87 
6445	52 
6446	87 
6447	114 
6448	207 
6449	84 
6450	255 
6451	16 
6452	82 
6453	121 
6454	156 
6455	167 
6456	92 
6457	168 
6458	245 
6459	149 
6460	155 
6461	67 
6462	216 
6463	231 
6464	251 
6465	224 
6466	8 
6467	83 
6468	95 
6469	237 
6470	147 
6471	74 
6472	245 
6473	129 
6474	48 
6475	122 
6476	68 
6477	195 
6478	222 
6479	69 
6480	13 
6481	108 
6482	176 
6483	31 
6484	79 
6485	163 
6486	193 
6487	26 
6488	35 
6489	170 
6490	75 
6491	1 
6492	78 
6493	39 
6494	85 
6495	215 
6496	241 
6497	193 
6498	77 
6499	35 
6500	68 
6501	21 
6502	123 
6503	1 
6504	123 
6505	224 
6506	77 
6507	186 
6508	177 
6509	151 
6510	27 
6511	248 
6512	219 
6513	222 
6514	194 
6515	70 
6516	183 
6517	172 
6518	235 
6519	222 
6520	156 
6521	24 
6522	108 
6523	156 
6524	28 
6525	208 
6526	175 
6527	125 
6528	212 
6529	26 
6530	235 
6531	235 
6532	235 
6533	123 
6534	239 
6535	77 
6536	226 
6537	201 
6538	138 
6539	2 
6540	210 
6541	230 
6542	44 
6543	69 
6544	122 
6545	79 
6546	5 
6547	108 
6548	7 
6549	196 
6550	207 
6551	190 
6552	70 
6553	75 
6554	67 
6555	239 
6556	119 
6557	207 
6558	6 
6559	93 
6560	132 
6561	26 
6562	228 
6563	151 
6564	88 
6565	100 
6566	143 
6567	1 
6568	238 
6569	76 
6570	3 
6571	141 
6572	217 
6573	233 
6574	53 
6575	237 
6576	225 
6577	248 
6578	39 
6579	79 
6580	63 
6581	195 
6582	141 
6583	216 
6584	109 
6585	163 
6586	167 
6587	96 
6588	54 
6589	11 
6590	63 
6591	239 
6592	69 
6593	1 
6594	121 
6595	195 
6596	129 
6597	215 
6598	96 
6599	219 
6600	55 
6601	11 
6602	6 
6603	155 
6604	216 
6605	37 
6606	35 
6607	157 
6608	46 
6609	74 
6610	232 
6611	229 
6612	110 
6613	149 
6614	32 
6615	177 
6616	132 
6617	109 
6618	225 
6619	20 
6620	87 
6621	51 
6622	99 
6623	246 
6624	128 
6625	27 
6626	210 
6627	239 
6628	61 
6629	39 
6630	95 
6631	138 
6632	74 
6633	100 
6634	51 
6635	113 
6636	9 
6637	172 
6638	221 
6639	150 
6640	123 
6641	168 
6642	207 
6643	24 
6644	63 
6645	69 
6646	224 
6647	55 
6648	116 
6649	110 
6650	136 
6651	143 
6652	220 
6653	144 
6654	176 
6655	100 
6656	97 
6657	212 
6658	22 
6659	139 
6660	126 
6661	35 
6662	169 
6663	161 
6664	125 
6665	156 
6666	170 
6667	97 
6668	128 
6669	21 
6670	250 
6671	34 
6672	172 
6673	175 
6674	238 
6675	193 
6676	111 
6677	144 
6678	122 
6679	95 
6680	79 
6681	238 
6682	224 
6683	74 
6684	99 
6685	68 
6686	5 
6687	146 
6688	86 
6689	24 
6690	165 
6691	58 
6692	231 
6693	230 
6694	237 
6695	114 
6696	241 
6697	89 
6698	100 
6699	206 
6700	96 
6701	9 
6702	60 
6703	167 
6704	96 
6705	26 
6706	111 
6707	8 
6708	164 
6709	32 
6710	207 
6711	109 
6712	251 
6713	101 
6714	116 
6715	16 
6716	123 
6717	170 
6718	224 
6719	157 
6720	244 
6721	164 
6722	238 
6723	15 
6724	108 
6725	198 
6726	77 
6727	244 
6728	157 
6729	1 
6730	5 
6731	169 
6732	121 
6733	14 
6734	192 
6735	4 
6736	173 
6737	80 
6738	246 
6739	158 
6740	122 
6741	79 
6742	195 
6743	197 
6744	77 
6745	70 
6746	226 
6747	201 
6748	129 
6749	32 
6750	76 
6751	76 
6752	221 
6753	198 
6754	85 
6755	151 
6756	53 
6757	111 
6758	158 
6759	159 
6760	197 
6761	24 
6762	149 
6763	155 
6764	239 
6765	244 
6766	180 
6767	144 
6768	200 
6769	149 
6770	201 
6771	155 
6772	51 
6773	251 
6774	171 
6775	6 
6776	164 
6777	150 
6778	87 
6779	216 
6780	221 
6781	7 
6782	15 
6783	68 
6784	123 
6785	190 
6786	128 
6787	126 
6788	55 
6789	157 
6790	216 
6791	176 
6792	198 
6793	229 
6794	184 
6795	239 
6796	231 
6797	84 
6798	58 
6799	63 
6800	184 
6801	54 
6802	5 
6803	238 
6804	247 
6805	60 
6806	161 
6807	110 
6808	44 
6809	165 
6810	74 
6811	77 
6812	193 
6813	16 
6814	167 
6815	51 
6816	50 
6817	245 
6818	157 
6819	167 
6820	82 
6821	54 
6822	7 
6823	40 
6824	227 
6825	52 
6826	227 
6827	24 
6828	39 
6829	181 
6830	245 
6831	104 
6832	96 
6833	245 
6834	35 
6835	79 
6836	224 
6837	24 
6838	156 
6839	88 
6840	11 
6841	170 
6842	245 
6843	5 
6844	104 
6845	210 
6846	39 
6847	24 
6848	85 
6849	216 
6850	122 
6851	245 
6852	147 
6853	99 
6854	255 
6855	26 
6856	111 
6857	221 
6858	1 
6859	170 
6860	208 
6861	124 
6862	148 
6863	109 
6864	91 
6865	129 
6866	62 
6867	110 
6868	16 
6869	67 
6870	16 
6871	77 
6872	111 
6873	92 
6874	232 
6875	82 
6876	10 
6877	91 
6878	111 
6879	244 
6880	58 
6881	157 
6882	20 
6883	235 
6884	52 
6885	125 
6886	150 
6887	234 
6888	198 
6889	87 
6890	108 
6891	55 
6892	75 
6893	86 
6894	147 
6895	38 
6896	233 
6897	172 
6898	158 
6899	246 
6900	246 
6901	143 
6902	188 
6903	246 
6904	11 
6905	40 
6906	235 
6907	151 
6908	69 
6909	251 
6910	149 
6911	204 
6912	239 
6913	15 
6914	254 
6915	83 
6916	208 
6917	21 
6918	227 
6919	151 
6920	237 
6921	136 
6922	197 
6923	48 
6924	55 
6925	100 
6926	8 
6927	150 
6928	75 
6929	224 
6930	233 
6931	185 
6932	89 
6933	77 
6934	201 
6935	255 
6936	235 
6937	117 
6938	44 
6939	197 
6940	221 
6941	239 
6942	149 
6943	224 
6944	82 
6945	19 
6946	161 
6947	87 
6948	254 
6949	9 
6950	135 
6951	24 
6952	158 
6953	245 
6954	229 
6955	228 
6956	74 
6957	246 
6958	196 
6959	143 
6960	222 
6961	81 
6962	119 
6963	201 
6964	99 
6965	151 
6966	226 
6967	24 
6968	58 
6969	206 
6970	143 
6971	54 
6972	79 
6973	132 
6974	144 
6975	119 
6976	155 
6977	100 
6978	140 
6979	129 
6980	251 
6981	70 
6982	139 
6983	89 
6984	238 
6985	140 
6986	40 
6987	60 
6988	147 
6989	142 
6990	111 
6991	204 
6992	244 
6993	149 
6994	215 
6995	212 
6996	3 
6997	100 
6998	140 
6999	95 
7000	67 
7001	6 
7002	58 
7003	210 
7004	128 
7005	74 
7006	100 
7007	27 
7008	229 
7009	153 
7010	229 
7011	63 
7012	221 
7013	245 
7014	99 
7015	235 
7016	223 
7017	58 
7018	198 
7019	50 
7020	147 
7021	206 
7022	193 
7023	183 
7024	146 
7025	142 
7026	59 
7027	111 
7028	44 
7029	193 
7030	77 
7031	138 
7032	67 
7033	24 
7034	122 
7035	136 
7036	164 
7037	204 
7038	145 
7039	83 
7040	96 
7041	246 
7042	97 
7043	31 
7044	63 
7045	197 
7046	142 
7047	184 
7048	67 
7049	117 
7050	62 
7051	184 
7052	225 
7053	156 
7054	244 
7055	246 
7056	51 
7057	224 
7058	86 
7059	199 
7060	188 
7061	77 
7062	125 
7063	123 
7064	198 
7065	102 
7066	227 
7067	122 
7068	153 
7069	171 
7070	77 
7071	59 
7072	39 
7073	195 
7074	125 
7075	3 
7076	190 
7077	149 
7078	199 
7079	222 
7080	224 
7081	223 
7082	5 
7083	99 
7084	26 
7085	227 
7086	109 
7087	45 
7088	144 
7089	74 
7090	194 
7091	62 
7092	171 
7093	31 
7094	180 
7095	77 
7096	145 
7097	140 
7098	170 
7099	31 
7100	99 
7101	170 
7102	207 
7103	10 
7104	208 
7105	37 
7106	193 
7107	235 
7108	208 
7109	91 
7110	238 
7111	135 
7112	151 
7113	101 
7114	233 
7115	159 
7116	4 
7117	225 
7118	207 
7119	63 
7120	185 
7121	122 
7122	170 
7123	108 
7124	92 
7125	236 
7126	216 
7127	32 
7128	239 
7129	53 
7130	11 
7131	32 
7132	156 
7133	32 
7134	175 
7135	75 
7136	135 
7137	235 
7138	39 
7139	235 
7140	86 
7141	190 
7142	70 
7143	24 
7144	176 
7145	239 
7146	135 
7147	8 
7148	97 
7149	225 
7150	82 
7151	148 
7152	185 
7153	195 
7154	61 
7155	24 
7156	193 
7157	197 
7158	77 
7159	146 
7160	149 
7161	88 
7162	70 
7163	212 
7164	223 
7165	238 
7166	39 
7167	143 
7168	70 
7169	208 
7170	172 
7171	169 
7172	198 
7173	11 
7174	239 
7175	99 
7176	174 
7177	144 
7178	140 
7179	231 
7180	199 
7181	69 
7182	119 
7183	208 
7184	212 
7185	219 
7186	222 
7187	109 
7188	186 
7189	119 
7190	109 
7191	45 
7192	186 
7193	8 
7194	233 
7195	147 
7196	110 
7197	58 
7198	129 
7199	139 
7200	213 
7201	125 
7202	217 
7203	198 
7204	69 
7205	74 
7206	151 
7207	119 
7208	172 
7209	129 
7210	86 
7211	192 
7212	239 
7213	19 
7214	54 
7215	228 
7216	16 
7217	190 
7218	116 
7219	175 
7220	254 
7221	170 
7222	230 
7223	119 
7224	102 
7225	134 
7226	144 
7227	190 
7228	233 
7229	1 
7230	237 
7231	159 
7232	61 
7233	215 
7234	69 
7235	16 
7236	217 
7237	64 
7238	48 
7239	69 
7240	25 
7241	235 
7242	121 
7243	26 
7244	141 
7245	35 
7246	83 
7247	93 
7248	226 
7249	8 
7250	37 
7251	143 
7252	45 
7253	53 
7254	176 
7255	59 
7256	150 
7257	39 
7258	168 
7259	199 
7260	27 
7261	76 
7262	186 
7263	233 
7264	24 
7265	224 
7266	227 
7267	4 
7268	159 
7269	75 
7270	177 
7271	222 
7272	139 
7273	219 
7274	76 
7275	125 
7276	239 
7277	26 
7278	246 
7279	53 
7280	21 
7281	24 
7282	124 
7283	245 
7284	27 
7285	60 
7286	122 
7287	16 
7288	155 
7289	153 
7290	208 
7291	246 
7292	1 
7293	245 
7294	40 
7295	124 
7296	68 
7297	228 
7298	96 
7299	143 
7300	44 
7301	155 
7302	234 
7303	48 
7304	136 
7305	64 
7306	109 
7307	142 
7308	144 
7309	67 
7310	149 
7311	176 
7312	215 
7313	21 
7314	153 
7315	85 
7316	164 
7317	176 
7318	223 
7319	24 
7320	201 
7321	142 
7322	195 
7323	77 
7324	109 
7325	102 
7326	191 
7327	24 
7328	136 
7329	45 
7330	110 
7331	221 
7332	193 
7333	93 
7334	1 
7335	169 
7336	27 
7337	16 
7338	155 
7339	149 
7340	40 
7341	199 
7342	183 
7343	156 
7344	237 
7345	188 
7346	97 
7347	92 
7348	129 
7349	3 
7350	26 
7351	208 
7352	41 
7353	245 
7354	46 
7355	67 
7356	26 
7357	246 
7358	117 
7359	201 
7360	201 
7361	111 
7362	227 
7363	215 
7364	67 
7365	79 
7366	246 
7367	143 
7368	76 
7369	24 
7370	139 
7371	228 
7372	44 
7373	77 
7374	60 
7375	39 
7376	180 
7377	157 
7378	173 
7379	119 
7380	251 
7381	95 
7382	69 
7383	251 
7384	44 
7385	221 
7386	53 
7387	46 
7388	110 
7389	208 
7390	19 
7391	75 
7392	254 
7393	155 
7394	136 
7395	2 
7396	171 
7397	221 
7398	119 
7399	20 
7400	204 
7401	75 
7402	37 
7403	158 
7404	151 
7405	72 
7406	204 
7407	80 
7408	207 
7409	71 
7410	229 
7411	186 
7412	250 
7413	46 
7414	40 
7415	188 
7416	176 
7417	158 
7418	61 
7419	150 
7420	40 
7421	24 
7422	69 
7423	5 
7424	239 
7425	10 
7426	44 
7427	55 
7428	39 
7429	145 
7430	129 
7431	68 
7432	97 
7433	16 
7434	117 
7435	37 
7436	114 
7437	142 
7438	48 
7439	96 
7440	247 
7441	237 
7442	215 
7443	54 
7444	63 
7445	146 
7446	102 
7447	207 
7448	122 
7449	96 
7450	79 
7451	204 
7452	3 
7453	177 
7454	121 
7455	164 
7456	227 
7457	1 
7458	132 
7459	164 
7460	150 
7461	239 
7462	201 
7463	87 
7464	239 
7465	92 
7466	53 
7467	227 
7468	119 
7469	99 
7470	164 
7471	70 
7472	217 
7473	74 
7474	76 
7475	164 
7476	48 
7477	121 
7478	77 
7479	173 
7480	191 
7481	108 
7482	207 
7483	251 
7484	246 
7485	164 
7486	217 
7487	227 
7488	146 
7489	40 
7490	141 
7491	172 
7492	13 
7493	208 
7494	143 
7495	128 
7496	45 
7497	247 
7498	54 
7499	20 
7500	181 
7501	139 
7502	136 
7503	31 
7504	81 
7505	184 
7506	26 
7507	101 
7508	153 
7509	20 
7510	60 
7511	6 
7512	164 
7513	246 
7514	76 
7515	125 
7516	170 
7517	129 
7518	62 
7519	72 
7520	177 
7521	224 
7522	77 
7523	39 
7524	136 
7525	69 
7526	114 
7527	9 
7528	11 
7529	235 
7530	173 
7531	245 
7532	82 
7533	80 
7534	165 
7535	24 
7536	81 
7537	46 
7538	70 
7539	129 
7540	76 
7541	31 
7542	132 
7543	53 
7544	157 
7545	26 
7546	234 
7547	239 
7548	99 
7549	246 
7550	70 
7551	81 
7552	246 
7553	144 
7554	165 
7555	146 
7556	13 
7557	86 
7558	245 
7559	50 
7560	100 
7561	208 
7562	24 
7563	40 
7564	102 
7565	250 
7566	217 
7567	213 
7568	251 
7569	53 
7570	140 
7571	67 
7572	82 
7573	138 
7574	136 
7575	250 
7576	81 
7577	144 
7578	224 
7579	6 
7580	198 
7581	100 
7582	96 
7583	104 
7584	251 
7585	180 
7586	146 
7587	144 
7588	231 
7589	96 
7590	83 
7591	227 
7592	70 
7593	123 
7594	51 
7595	102 
7596	143 
7597	119 
7598	238 
7599	224 
7600	111 
7601	80 
7602	83 
7603	3 
7604	201 
7605	37 
7606	185 
7607	149 
7608	26 
7609	67 
7610	6 
7611	77 
7612	145 
7613	125 
7614	197 
7615	81 
7616	238 
7617	26 
7618	198 
7619	229 
7620	226 
7621	235 
7622	69 
7623	86 
7624	246 
7625	74 
7626	55 
7627	99 
7628	176 
7629	233 
7630	208 
7631	67 
7632	123 
7633	195 
7634	229 
7635	251 
7636	208 
7637	144 
7638	226 
7639	150 
7640	13 
7641	159 
7642	119 
7643	171 
7644	231 
7645	26 
7646	68 
7647	1 
7648	83 
7649	251 
7650	223 
7651	122 
7652	78 
7653	54 
7654	92 
7655	226 
7656	48 
7657	31 
7658	170 
7659	146 
7660	38 
7661	197 
7662	54 
7663	79 
7664	38 
7665	143 
7666	16 
7667	15 
7668	246 
7669	254 
7670	4 
7671	111 
7672	87 
7673	208 
7674	208 
7675	123 
7676	101 
7677	68 
7678	46 
7679	126 
7680	227 
7681	149 
7682	223 
7683	193 
7684	191 
7685	97 
7686	171 
7687	100 
7688	64 
7689	82 
7690	190 
7691	227 
7692	50 
7693	191 
7694	185 
7695	248 
7696	122 
7697	27 
7698	197 
7699	231 
7700	168 
7701	176 
7702	24 
7703	62 
7704	156 
7705	16 
7706	217 
7707	201 
7708	99 
7709	168 
7710	173 
7711	239 
7712	228 
7713	82 
7714	201 
7715	239 
7716	208 
7717	2 
7718	91 
7719	139 
7720	164 
7721	181 
7722	224 
7723	153 
7724	181 
7725	131 
7726	131 
7727	79 
7728	237 
7729	99 
7730	197 
7731	134 
7732	208 
7733	159 
7734	22 
7735	76 
7736	64 
7737	110 
7738	35 
7739	32 
7740	74 
7741	48 
7742	138 
7743	224 
7744	170 
7745	121 
7746	199 
7747	53 
7748	193 
7749	4 
7750	212 
7751	125 
7752	245 
7753	233 
7754	195 
7755	138 
7756	227 
7757	59 
7758	101 
7759	104 
7760	26 
7761	76 
7762	51 
7763	134 
7764	131 
7765	246 
7766	45 
7767	239 
7768	146 
7769	188 
7770	31 
7771	142 
7772	129 
7773	101 
7774	38 
7775	37 
7776	45 
7777	91 
7778	247 
7779	198 
7780	88 
7781	26 
7782	16 
7783	75 
7784	204 
7785	70 
7786	114 
7787	54 
7788	194 
7789	60 
7790	92 
7791	99 
7792	184 
7793	67 
7794	119 
7795	110 
7796	245 
7797	147 
7798	221 
7799	172 
7800	224 
7801	224 
7802	222 
7803	239 
7804	212 
7805	24 
7806	171 
7807	231 
7808	185 
7809	156 
7810	244 
7811	10 
7812	151 
7813	239 
7814	168 
7815	231 
7816	15 
7817	139 
7818	67 
7819	55 
7820	153 
7821	177 
7822	69 
7823	11 
7824	126 
7825	149 
7826	51 
7827	74 
7828	44 
7829	68 
7830	244 
7831	8 
7832	169 
7833	251 
7834	153 
7835	146 
7836	62 
7837	77 
7838	239 
7839	215 
7840	80 
7841	197 
7842	35 
7843	111 
7844	222 
7845	226 
7846	153 
7847	223 
7848	5 
7849	95 
7850	97 
7851	198 
7852	213 
7853	250 
7854	148 
7855	155 
7856	1 
7857	96 
7858	74 
7859	96 
7860	68 
7861	38 
7862	32 
7863	217 
7864	20 
7865	210 
7866	227 
7867	254 
7868	45 
7869	59 
7870	237 
7871	97 
7872	74 
7873	77 
7874	221 
7875	204 
7876	78 
7877	6 
7878	239 
7879	38 
7880	24 
7881	17 
7882	44 
7883	195 
7884	87 
7885	204 
7886	77 
7887	69 
7888	53 
7889	78 
7890	122 
7891	149 
7892	168 
7893	58 
7894	188 
7895	185 
7896	134 
7897	145 
7898	80 
7899	139 
7900	246 
7901	147 
7902	239 
7903	32 
7904	63 
7905	171 
7906	61 
7907	138 
7908	109 
7909	24 
7910	213 
7911	96 
7912	74 
7913	79 
7914	46 
7915	251 
7916	208 
7917	176 
7918	80 
7919	128 
7920	119 
7921	149 
7922	111 
7923	141 
7924	216 
7925	8 
7926	143 
7927	68 
7928	150 
7929	95 
7930	170 
7931	186 
7932	35 
7933	210 
7934	35 
7935	155 
7936	59 
7937	125 
7938	236 
7939	79 
7940	167 
7941	39 
7942	176 
7943	86 
7944	212 
7945	10 
7946	86 
7947	213 
7948	246 
7949	139 
7950	176 
7951	101 
7952	167 
7953	1 
7954	37 
7955	92 
7956	67 
7957	168 
7958	17 
7959	224 
7960	16 
7961	97 
7962	222 
7963	148 
7964	229 
7965	45 
7966	96 
7967	244 
7968	168 
7969	246 
7970	151 
7971	44 
7972	20 
7973	136 
7974	171 
7975	233 
7976	174 
7977	191 
7978	251 
7979	155 
7980	125 
7981	155 
7982	109 
7983	78 
7984	147 
7985	111 
7986	24 
7987	69 
7988	21 
7989	67 
7990	183 
7991	97 
7992	1 
7993	116 
7994	101 
7995	99 
7996	109 
7997	70 
7998	104 
7999	155 
8000	251 
8001	226 
8002	135 
8003	238 
8004	236 
8005	60 
8006	20 
8007	82 
8008	136 
8009	75 
8010	48 
8011	101 
8012	86 
8013	111 
8014	6 
8015	63 
8016	234 
8017	50 
8018	55 
8019	221 
8020	174 
8021	227 
8022	111 
8023	122 
8024	44 
8025	77 
8026	164 
8027	172 
8028	173 
8029	216 
8030	244 
8031	136 
8032	128 
8033	217 
8034	76 
8035	139 
8036	72 
8037	22 
8038	76 
8039	26 
8040	110 
8041	102 
8042	244 
8043	87 
8044	35 
8045	97 
8046	45 
8047	245 
8048	169 
8049	151 
8050	86 
8051	122 
8052	72 
8053	96 
8054	38 
8055	69 
8056	55 
8057	122 
8058	201 
8059	216 
8060	215 
8061	108 
8062	54 
8063	1 
8064	27 
8065	246 
8066	143 
8067	194 
8068	16 
8069	38 
8070	19 
8071	224 
8072	86 
8073	26 
8074	173 
8075	217 
8076	246 
8077	119 
8078	173 
8079	144 
8080	143 
8081	125 
8082	64 
8083	131 
8084	216 
8085	55 
8086	121 
8087	93 
8088	217 
8089	159 
8090	99 
8091	111 
8092	77 
8093	72 
8094	110 
8095	204 
8096	104 
8097	136 
8098	100 
8099	244 
8100	77 
8101	59 
8102	69 
8103	165 
8104	75 
8105	37 
8106	44 
8107	40 
8108	153 
8109	197 
8110	13 
8111	223 
8112	170 
8113	99 
8114	21 
8115	22 
8116	108 
8117	59 
8118	185 
8119	10 
8120	153 
8121	96 
8122	138 
8123	111 
8124	52 
8125	121 
8126	5 
8127	176 
8128	201 
8129	10 
8130	149 
8131	11 
8132	142 
8133	129 
8134	40 
8135	186 
8136	149 
8137	46 
8138	10 
8139	176 
8140	210 
8141	45 
8142	40 
8143	61 
8144	11 
8145	39 
8146	186 
8147	74 
8148	86 
8149	195 
8150	2 
8151	190 
8152	6 
8153	235 
8154	234 
8155	125 
8156	172 
8157	231 
8158	92 
8159	31 
8160	67 
8161	172 
8162	184 
8163	185 
8164	46 
8165	1 
8166	82 
8167	70 
8168	19 
8169	172 
8170	197 
8171	246 
8172	234 
8173	251 
8174	26 
8175	185 
8176	167 
8177	55 
8178	24 
8179	100 
8180	97 
8181	53 
8182	222 
8183	216 
8184	51 
8185	52 
8186	26 
8187	26 
8188	123 
8189	125 
8190	208 
8191	111 
8192	24 
8193	143 
8194	227 
8195	15 
8196	91 
8197	170 
8198	70 
8199	69 
8200	146 
8201	50 
8202	210 
8203	48 
8204	207 
8205	156 
8206	102 
8207	138 
8208	70 
8209	122 
8210	129 
8211	238 
8212	86 
8213	169 
8214	110 
8215	102 
8216	99 
8217	224 
8218	8 
8219	32 
8220	77 
8221	77 
8222	1 
8223	39 
8224	32 
8225	168 
8226	136 
8227	245 
8228	123 
8229	224 
8230	135 
8231	146 
8232	102 
8233	250 
8234	215 
8235	155 
8236	55 
8237	125 
8238	238 
8239	250 
8240	77 
8241	150 
8242	156 
8243	119 
8244	61 
8245	143 
8246	143 
8247	141 
8248	136 
8249	128 
8250	170 
8251	157 
8252	83 
8253	79 
8254	170 
8255	245 
8256	251 
8257	173 
8258	246 
8259	44 
8260	228 
8261	172 
8262	226 
8263	92 
8264	86 
8265	72 
8266	136 
8267	194 
8268	171 
8269	11 
8270	26 
8271	91 
8272	96 
8273	244 
8274	24 
8275	233 
8276	58 
8277	76 
8278	3 
8279	81 
8280	70 
8281	54 
8282	92 
8283	110 
8284	138 
8285	45 
8286	197 
8287	82 
8288	3 
8289	119 
8290	150 
8291	45 
8292	149 
8293	93 
8294	135 
8295	8 
8296	155 
8297	110 
8298	131 
8299	201 
8300	86 
8301	150 
8302	96 
8303	35 
8304	197 
8305	153 
8306	134 
8307	116 
8308	172 
8309	176 
8310	226 
8311	212 
8312	125 
8313	201 
8314	129 
8315	172 
8316	59 
8317	100 
8318	138 
8319	238 
8320	139 
8321	68 
8322	111 
8323	99 
8324	64 
8325	146 
8326	16 
8327	176 
8328	37 
8329	250 
8330	136 
8331	139 
8332	35 
8333	70 
8334	74 
8335	155 
8336	51 
8337	24 
8338	60 
8339	227 
8340	156 
8341	217 
8342	246 
8343	138 
8344	225 
8345	207 
8346	100 
8347	97 
8348	53 
8349	116 
8350	19 
8351	76 
8352	68 
8353	234 
8354	54 
8355	198 
8356	92 
8357	149 
8358	83 
8359	223 
8360	176 
8361	132 
8362	69 
8363	54 
8364	210 
8365	48 
8366	190 
8367	234 
8368	92 
8369	173 
8370	22 
8371	37 
8372	172 
8373	81 
8374	1 
8375	20 
8376	86 
8377	2 
8378	76 
8379	70 
8380	150 
8381	233 
8382	63 
8383	46 
8384	198 
8385	45 
8386	119 
8387	75 
8388	95 
8389	155 
8390	109 
8391	221 
8392	150 
8393	224 
8394	210 
8395	31 
8396	149 
8397	121 
8398	13 
8399	150 
8400	55 
8401	26 
8402	81 
8403	172 
8404	59 
8405	35 
8406	215 
8407	5 
8408	37 
8409	207 
8410	246 
8411	215 
8412	32 
8413	11 
8414	44 
8415	51 
8416	151 
8417	227 
8418	239 
8419	186 
8420	245 
8421	31 
8422	164 
8423	122 
8424	74 
8425	246 
8426	35 
8427	70 
8428	239 
8429	72 
8430	87 
8431	70 
8432	210 
8433	134 
8434	237 
8435	185 
8436	225 
8437	72 
8438	170 
8439	16 
8440	72 
8441	31 
8442	24 
8443	77 
8444	86 
8445	135 
8446	26 
8447	229 
8448	155 
8449	173 
8450	244 
8451	26 
8452	169 
8453	236 
8454	11 
8455	24 
8456	122 
8457	176 
8458	55 
8459	190 
8460	60 
8461	239 
8462	201 
8463	76 
8464	52 
8465	246 
8466	173 
8467	39 
8468	35 
8469	128 
8470	186 
8471	83 
8472	164 
8473	195 
8474	148 
8475	138 
8476	210 
8477	11 
8478	82 
8479	81 
8480	97 
8481	88 
8482	99 
8483	226 
8484	123 
8485	93 
8486	79 
8487	80 
8488	110 
8489	44 
8490	244 
8491	50 
8492	193 
8493	198 
8494	24 
8495	198 
8496	5 
8497	110 
8498	208 
8499	207 
8500	221 
8501	239 
8502	198 
8503	69 
8504	63 
8505	149 
8506	16 
8507	119 
8508	201 
8509	82 
8510	64 
8511	129 
8512	53 
8513	155 
8514	246 
8515	222 
8516	246 
8517	201 
8518	24 
8519	80 
8520	54 
8521	108 
8522	74 
8523	172 
8524	46 
8525	35 
8526	151 
8527	233 
8528	97 
8529	153 
8530	233 
8531	143 
8532	63 
8533	235 
8534	46 
8535	11 
8536	96 
8537	22 
8538	68 
8539	235 
8540	13 
8541	215 
8542	79 
8543	186 
8544	146 
8545	37 
8546	146 
8547	244 
8548	11 
8549	239 
8550	212 
8551	215 
8552	8 
8553	150 
8554	63 
8555	27 
8556	149 
8557	102 
8558	149 
8559	244 
8560	198 
8561	186 
8562	245 
8563	222 
8564	143 
8565	22 
8566	53 
8567	50 
8568	156 
8569	35 
8570	24 
8571	236 
8572	155 
8573	225 
8574	155 
8575	119 
8576	226 
8577	11 
8578	3 
8579	207 
8580	229 
8581	31 
8582	129 
8583	108 
8584	77 
8585	108 
8586	74 
8587	159 
8588	156 
8589	132 
8590	144 
8591	215 
8592	79 
8593	198 
8594	35 
8595	51 
8596	39 
8597	151 
8598	229 
8599	157 
8600	147 
8601	59 
8602	234 
8603	238 
8604	143 
8605	213 
8606	77 
8607	129 
8608	213 
8609	222 
8610	210 
8611	95 
8612	167 
8613	155 
8614	204 
8615	143 
8616	35 
8617	185 
8618	35 
8619	170 
8620	157 
8621	122 
8622	129 
8623	153 
8624	139 
8625	144 
8626	224 
8627	39 
8628	216 
8629	82 
8630	139 
8631	119 
8632	186 
8633	96 
8634	235 
8635	92 
8636	82 
8637	59 
8638	110 
8639	234 
8640	72 
8641	195 
8642	31 
8643	224 
8644	170 
8645	171 
8646	129 
8647	70 
8648	135 
8649	144 
8650	75 
8651	81 
8652	157 
8653	223 
8654	155 
8655	119 
8656	75 
8657	102 
8658	44 
8659	3 
8660	116 
8661	197 
8662	58 
8663	119 
8664	207 
8665	250 
8666	86 
8667	86 
8668	216 
8669	235 
8670	227 
8671	213 
8672	201 
8673	238 
8674	215 
8675	80 
8676	153 
8677	198 
8678	226 
8679	46 
8680	32 
8681	139 
8682	228 
8683	86 
8684	116 
8685	88 
8686	95 
8687	111 
8688	198 
8689	24 
8690	97 
8691	155 
8692	114 
8693	235 
8694	138 
8695	149 
8696	10 
8697	37 
8698	157 
8699	70 
8700	77 
8701	45 
8702	128 
8703	244 
8704	122 
8705	52 
8706	111 
8707	185 
8708	186 
8709	231 
8710	176 
8711	27 
8712	139 
8713	44 
8714	149 
8715	198 
8716	159 
8717	149 
8718	108 
8719	54 
8720	245 
8721	44 
8722	5 
8723	82 
8724	155 
8725	212 
8726	31 
8727	216 
8728	10 
8729	142 
8730	11 
8731	55 
8732	136 
8733	151 
8734	31 
8735	111 
8736	52 
8737	213 
8738	246 
8739	216 
8740	151 
8741	86 
8742	201 
8743	172 
8744	227 
8745	123 
8746	45 
8747	195 
8748	77 
8749	139 
8750	79 
8751	99 
8752	216 
8753	221 
8754	144 
8755	122 
8756	129 
8757	169 
8758	116 
8759	207 
8760	134 
8761	229 
8762	37 
8763	86 
8764	24 
8765	224 
8766	238 
8767	67 
8768	87 
8769	81 
8770	250 
8771	75 
8772	229 
8773	239 
8774	224 
8775	69 
8776	216 
8777	195 
8778	244 
8779	35 
8780	143 
8781	58 
8782	11 
8783	121 
8784	216 
8785	102 
8786	147 
8787	239 
8788	170 
8789	227 
8790	236 
8791	26 
8792	231 
8793	239 
8794	16 
8795	235 
8796	52 
8797	16 
8798	153 
8799	195 
8800	176 
8801	132 
8802	108 
8803	236 
8804	216 
8805	69 
8806	193 
8807	31 
8808	39 
8809	76 
8810	119 
8811	35 
8812	69 
8813	63 
8814	59 
8815	208 
8816	44 
8817	150 
8818	236 
8819	99 
8820	86 
8821	39 
8822	82 
8823	86 
8824	70 
8825	67 
8826	125 
8827	207 
8828	108 
8829	208 
8830	109 
8831	139 
8832	244 
8833	92 
8834	144 
8835	151 
8836	16 
8837	60 
8838	149 
8839	99 
8840	122 
8841	193 
8842	227 
8843	146 
8844	37 
8845	246 
8846	96 
8847	251 
8848	228 
8849	54 
8850	207 
8851	173 
8852	132 
8853	234 
8854	24 
8855	193 
8856	72 
8857	228 
8858	210 
8859	108 
8860	60 
8861	68 
8862	119 
8863	10 
8864	114 
8865	142 
8866	97 
8867	31 
8868	135 
8869	110 
8870	239 
8871	50 
8872	70 
8873	138 
8874	54 
8875	45 
8876	228 
8877	97 
8878	221 
8879	159 
8880	224 
8881	67 
8882	52 
8883	176 
8884	92 
8885	228 
8886	45 
8887	80 
8888	122 
8889	169 
8890	167 
8891	111 
8892	72 
8893	69 
8894	24 
8895	188 
8896	239 
8897	77 
8898	138 
8899	99 
8900	173 
8901	92 
8902	146 
8903	58 
8904	143 
8905	251 
8906	125 
8907	92 
8908	39 
8909	144 
8910	222 
8911	76 
8912	54 
8913	224 
8914	143 
8915	233 
8916	37 
8917	116 
8918	35 
8919	109 
8920	195 
8921	116 
8922	77 
8923	142 
8924	151 
8925	138 
8926	128 
8927	76 
8928	235 
8929	68 
8930	97 
8931	75 
8932	142 
8933	250 
8934	237 
8935	191 
8936	224 
8937	3 
8938	217 
8939	100 
8940	44 
8941	142 
8942	185 
8943	99 
8944	24 
8945	151 
8946	229 
8947	87 
8948	91 
8949	208 
8950	32 
8951	136 
8952	245 
8953	197 
8954	99 
8955	53 
8956	91 
8957	134 
8958	221 
8959	224 
8960	239 
8961	251 
8962	67 
8963	237 
8964	157 
8965	149 
8966	11 
8967	135 
8968	59 
8969	224 
8970	11 
8971	3 
8972	121 
8973	234 
8974	123 
8975	231 
8976	143 
8977	11 
8978	38 
8979	114 
8980	155 
8981	26 
8982	159 
8983	123 
8984	110 
8985	81 
8986	217 
8987	144 
8988	193 
8989	70 
8990	245 
8991	233 
8992	119 
8993	3 
8994	170 
8995	129 
8996	231 
8997	72 
8998	221 
8999	68 
9000	111 
9001	195 
9002	234 
9003	229 
9004	153 
9005	188 
9006	1 
9007	119 
9008	82 
9009	207 
9010	157 
9011	87 
9012	185 
9013	139 
9014	52 
9015	157 
9016	26 
9017	176 
9018	144 
9019	8 
9020	24 
9021	11 
9022	157 
9023	201 
9024	149 
9025	237 
9026	114 
9027	171 
9028	60 
9029	208 
9030	110 
9031	72 
9032	176 
9033	233 
9034	194 
9035	250 
9036	157 
9037	74 
9038	54 
9039	53 
9040	227 
9041	221 
9042	31 
9043	35 
9044	167 
9045	144 
9046	224 
9047	79 
9048	208 
9049	129 
9050	59 
9051	215 
9052	91 
9053	116 
9054	53 
9055	87 
9056	151 
9057	138 
9058	217 
9059	150 
9060	13 
9061	11 
9062	122 
9063	16 
9064	176 
9065	251 
9066	50 
9067	156 
9068	225 
9069	170 
9070	164 
9071	55 
9072	121 
9073	129 
9074	100 
9075	77 
9076	144 
9077	198 
9078	221 
9079	226 
9080	44 
9081	138 
9082	74 
9083	22 
9084	82 
9085	157 
9086	68 
9087	70 
9088	239 
9089	167 
9090	111 
9091	216 
9092	138 
9093	24 
9094	1 
9095	227 
9096	250 
9097	201 
9098	53 
9099	122 
9100	77 
9101	11 
9102	123 
9103	246 
9104	69 
9105	246 
9106	88 
9107	155 
9108	184 
9109	44 
9110	225 
9111	238 
9112	208 
9113	5 
9114	122 
9115	185 
9116	86 
9117	45 
9118	5 
9119	184 
9120	45 
9121	87 
9122	1 
9123	45 
9124	193 
9125	35 
9126	54 
9127	5 
9128	235 
9129	37 
9130	97 
9131	149 
9132	119 
9133	87 
9134	44 
9135	138 
9136	139 
9137	45 
9138	208 
9139	171 
9140	244 
9141	97 
9142	38 
9143	70 
9144	226 
9145	76 
9146	197 
9147	251 
9148	97 
9149	234 
9150	69 
9151	121 
9152	70 
9153	45 
9154	22 
9155	95 
9156	185 
9157	129 
9158	22 
9159	204 
9160	39 
9161	139 
9162	55 
9163	246 
9164	176 
9165	119 
9166	151 
9167	69 
9168	13 
9169	99 
9170	35 
9171	224 
9172	95 
9173	144 
9174	67 
9175	139 
9176	122 
9177	60 
9178	143 
9179	119 
9180	67 
9181	100 
9182	16 
9183	116 
9184	173 
9185	217 
9186	170 
9187	99 
9188	68 
9189	207 
9190	215 
9191	139 
9192	5 
9193	11 
9194	35 
9195	92 
9196	70 
9197	74 
9198	198 
9199	32 
9200	54 
9201	125 
9202	176 
9203	251 
9204	39 
9205	144 
9206	26 
9207	10 
9208	251 
9209	198 
9210	204 
9211	11 
9212	239 
9213	38 
9214	188 
9215	35 
9216	97 
9217	129 
9218	216 
9219	164 
9220	70 
9221	39 
9222	97 
9223	146 
9224	188 
9225	110 
9226	59 
9227	208 
9228	156 
9229	50 
9230	16 
9231	52 
9232	155 
9233	72 
9234	138 
9235	5 
9236	76 
9237	208 
9238	198 
9239	231 
9240	159 
9241	222 
9242	250 
9243	215 
9244	59 
9245	95 
9246	22 
9247	50 
9248	225 
9249	76 
9250	235 
9251	150 
9252	231 
9253	119 
9254	32 
9255	207 
9256	157 
9257	39 
9258	225 
9259	215 
9260	121 
9261	224 
9262	102 
9263	108 
9264	72 
9265	31 
9266	233 
9267	79 
9268	1 
9269	96 
9270	197 
9271	67 
9272	77 
9273	95 
9274	70 
9275	150 
9276	207 
9277	97 
9278	114 
9279	116 
9280	26 
9281	216 
9282	216 
9283	239 
9284	233 
9285	60 
9286	70 
9287	164 
9288	82 
9289	153 
9290	77 
9291	69 
9292	86 
9293	100 
9294	171 
9295	235 
9296	164 
9297	244 
9298	54 
9299	195 
9300	35 
9301	250 
9302	67 
9303	59 
9304	110 
9305	221 
9306	217 
9307	224 
9308	26 
9309	122 
9310	233 
9311	11 
9312	122 
9313	70 
9314	68 
9315	44 
9316	138 
9317	151 
9318	208 
9319	39 
9320	26 
9321	119 
9322	44 
9323	111 
9324	170 
9325	119 
9326	157 
9327	195 
9328	60 
9329	72 
9330	227 
9331	63 
9332	222 
9333	5 
9334	60 
9335	246 
9336	238 
9337	63 
9338	97 
9339	246 
9340	68 
9341	75 
9342	155 
9343	75 
9344	164 
9345	198 
9346	176 
9347	95 
9348	139 
9349	108 
9350	193 
9351	234 
9352	99 
9353	238 
9354	172 
9355	225 
9356	245 
9357	217 
9358	238 
9359	32 
9360	197 
9361	245 
9362	92 
9363	44 
9364	26 
9365	239 
9366	229 
9367	79 
9368	201 
9369	198 
9370	63 
9371	244 
9372	96 
9373	24 
9374	244 
9375	151 
9376	235 
9377	235 
9378	234 
9379	142 
9380	125 
9381	238 
9382	39 
9383	110 
9384	44 
9385	35 
9386	151 
9387	227 
9388	52 
9389	244 
9390	155 
9391	110 
9392	238 
9393	75 
9394	69 
9395	5 
9396	77 
9397	198 
9398	110 
9399	149 
9400	91 
9401	79 
9402	26 
9403	39 
9404	164 
9405	155 
9406	16 
9407	100 
9408	170 
9409	155 
9410	52 
9411	55 
9412	79 
9413	173 
9414	138 
9415	245 
9416	246 
9417	222 
9418	45 
9419	129 
9420	79 
9421	123 
9422	82 
9423	146 
9424	54 
9425	136 
9426	114 
9427	195 
9428	156 
9429	44 
9430	8 
9431	45 
9432	8 
9433	24 
9434	164 
9435	116 
9436	198 
9437	245 
9438	221 
9439	210 
9440	54 
9441	210 
9442	216 
9443	176 
9444	216 
9445	122 
9446	45 
9447	215 
9448	86 
9449	11 
9450	116 
9451	38 
9452	173 
9453	99 
9454	246 
9455	198 
9456	35 
9457	26 
9458	45 
9459	60 
9460	129 
9461	164 
9462	136 
9463	95 
9464	222 
9465	198 
9466	197 
9467	97 
9468	227 
9469	69 
9470	82 
9471	170 
9472	215 
9473	3 
9474	150 
9475	8 
9476	139 
9477	129 
9478	35 
9479	77 
9480	96 
9481	216 
9482	99 
9483	70 
9484	74 
9485	82 
9486	215 
9487	38 
9488	26 
9489	110 
9490	239 
9491	68 
9492	195 
9493	149 
9494	149 
9495	144 
9496	142 
9497	207 
9498	234 
9499	91 
9500	1 
9501	11 
9502	24 
9503	144 
9504	149 
9505	146 
9506	157 
9507	239 
9508	110 
9509	132 
9510	238 
9511	155 
9512	110 
9513	39 
9514	39 
9515	44 
9516	86 
9517	24 
9518	245 
9519	11 
9520	245 
9521	176 
9522	216 
9523	159 
9524	142 
9525	5 
9526	246 
9527	114 
9528	197 
9529	3 
9530	129 
9531	246 
9532	207 
9533	198 
9534	55 
9535	50 
9536	114 
9537	100 
9538	176 
9539	138 
9540	102 
9541	173 
9542	76 
9543	82 
9544	77 
9545	79 
9546	198 
9547	238 
9548	67 
9549	96 
9550	44 
9551	125 
9552	39 
9553	119 
9554	99 
9555	24 
9556	201 
9557	251 
9558	79 
9559	122 
9560	39 
9561	37 
9562	224 
9563	82 
9564	208 
9565	52 
9566	16 
9567	251 
9568	151 
9569	76 
9570	76 
9571	68 
9572	142 
9573	153 
9574	207 
9575	114 
9576	233 
9577	155 
9578	86 
9579	77 
9580	227 
9581	149 
9582	31 
9583	67 
9584	60 
9585	224 
9586	5 
9587	149 
9588	96 
9589	139 
9590	77 
9591	185 
9592	176 
9593	26 
9594	77 
9595	222 
9596	227 
9597	125 
9598	198 
9599	153 
9600	96 
9601	246 
9602	69 
9603	123 
9604	31 
9605	143 
9606	245 
9607	125 
9608	139 
9609	110 
9610	172 
9611	155 
9612	111 
9613	215 
9614	207 
9615	195 
9616	116 
9617	201 
9618	100 
9619	39 
9620	111 
9621	52 
9622	197 
9623	155 
9624	238 
9625	235 
9626	208 
9627	172 
9628	72 
9629	108 
9630	146 
9631	97 
9632	197 
9633	176 
9634	239 
9635	37 
9636	251 
9637	144 
9638	153 
9639	208 
9640	45 
9641	74 
9642	119 
9643	76 
9644	138 
9645	69 
9646	74 
9647	207 
9648	227 
9649	156 
9650	102 
9651	37 
9652	54 
9653	235 
9654	76 
9655	50 
9656	110 
9657	149 
9658	123 
9659	172 
9660	229 
9661	111 
9662	60 
9663	198 
9664	67 
9665	5 
9666	195 
9667	99 
9668	68 
9669	108 
9670	210 
9671	246 
9672	31 
9673	100 
9674	26 
9675	116 
9676	159 
9677	79 
9678	100 
9679	138 
9680	138 
9681	164 
9682	238 
9683	5 
9684	185 
9685	86 
9686	39 
9687	8 
9688	74 
9689	68 
9690	35 
9691	227 
9692	201 
9693	143 
9694	55 
9695	239 
9696	26 
9697	125 
9698	100 
9699	125 
9700	111 
9701	111 
9702	208 
9703	215 
9704	86 
9705	170 
9706	77 
9707	54 
9708	149 
9709	86 
9710	3 
9711	37 
9712	155 
9713	233 
9714	32 
9715	97 
9716	11 
9717	11 
9718	82 
9719	208 
9720	45 
9721	239 
9722	215 
9723	50 
9724	24 
9725	207 
9726	68 
9727	235 
9728	233 
9729	111 
9730	215 
9731	151 
9732	139 
9733	39 
9734	144 
9735	222 
9736	195 
9737	176 
9738	216 
9739	39 
9740	5 
9741	1 
9742	72 
9743	119 
9744	150 
9745	96 
9746	39 
9747	44 
9748	139 
9749	79 
9750	74 
9751	222 
9752	251 
9753	238 
9754	235 
9755	16 
9756	63 
9757	216 
9758	193 
9759	123 
9760	208 
9761	233 
9762	72 
9763	60 
9764	60 
9765	172 
9766	155 
9767	44 
9768	77 
9769	157 
9770	16 
9771	26 
9772	138 
9773	138 
9774	11 
9775	198 
9776	1 
9777	198 
9778	197 
9779	207 
9780	216 
9781	60 
9782	82 
9783	155 
9784	39 
9785	146 
9786	111 
9787	239 
9788	11 
9789	207 
9790	32 
9791	138 
9792	215 
9793	70 
9794	54 
9795	96 
9796	150 
9797	35 
9798	222 
9799	122 
9800	150 
9801	68 
9802	110 
9803	44 
9804	100 
9805	70 
9806	172 
9807	198 
9808	144 
9809	139 
9810	45 
9811	79 
9812	197 
9813	82 
9814	245 
9815	79 
9816	97 
9817	31 
9818	155 
9819	26 
9820	1 
9821	201 
9822	79 
9823	122 
9824	63 
9825	224 
9826	67 
9827	31 
9828	72 
9829	37 
9830	26 
9831	195 
9832	138 
9833	216 
9834	251 
9835	143 
9836	224 
9837	251 
9838	54 
9839	77 
9840	239 
9841	86 
9842	1 
9843	251 
9844	215 
9845	1 
9846	149 
9847	153 
9848	251 
9849	1 
9850	138 
9851	235 
9852	238 
9853	45 
9854	222 
9855	138 
9856	99 
9857	139 
9858	195 
9859	1 
9860	198 
9861	26 
9862	216 
9863	150 
9864	74 
9865	54 
9866	129 
9867	215 
9868	119 
9869	31 
9870	110 
9871	235 
9872	99 
9873	110 
9874	172 
9875	227 
9876	97 
9877	144 
9878	227 
9879	216 
9880	173 
9881	26 
9882	239 
9883	82 
9884	99 
9885	70 
9886	110 
9887	235 
9888	198 
9889	55 
9890	35 
9891	207 
9892	139 
9893	245 
9894	227 
9895	70 
9896	144 
9897	1 
9898	216 
9899	238 
9900	11 
9901	170 
9902	129 
9903	245 
9904	11 
9905	173 
9906	144 
9907	176 
9908	172 
9909	201 
9910	153 
9911	110 
9912	224 
9913	198 
9914	198 
9915	224 
9916	215 
9917	208 
9918	110 
9919	110 
9920	24 
9921	8 
9922	207 
9923	155 
9924	5 
9925	108 
9926	239 
9927	32 
9928	239 
9929	125 
9930	70 
9931	245 
9932	122 
9933	11 
9934	224 
9935	35 
9936	68 
9937	45 
9938	238 
9939	198 
9940	245 
9941	68 
9942	151 
9943	176 
9944	77 
9945	69 
9946	32 
9947	110 
9948	157 
9949	173 
9950	11 
9951	125 
9952	76 
9953	8 
9954	139 
9955	67 
9956	153 
9957	8 
9958	44 
9959	55 
9960	24 
9961	111 
9962	99 
9963	170 
9964	54 
9965	26 
9966	139 
9967	100 
9968	153 
9969	170 
9970	157 
9971	197 
9972	146 
9973	54 
9974	45 
9975	143 
9976	155 
9977	153 
9978	151 
9979	67 
9980	82 
9981	100 
9982	122 
9983	176 
9984	16 
9985	110 
9986	54 
9987	77 
9988	74 
9989	139 
9990	1 
9991	99 
9992	143 
9993	24 
9994	69 
9995	235 
9996	67 
9997	67 
9998	68 
9999	119 
10000	157 
