1	276 
2	141 
3	109 
4	196 
5	241 
6	140 
7	169 
8	238 
9	173 
10	231 
11	78 
12	133 
13	32 
14	59 
15	11 
16	67 
17	136 
18	146 
19	28 
20	271 
21	249 
22	67 
23	3 
24	88 
25	136 
26	127 
27	41 
28	278 
29	42 
30	218 
31	140 
32	63 
33	66 
34	257 
35	124 
36	273 
37	263 
38	188 
39	274 
40	125 
41	172 
42	147 
43	169 
44	66 
45	18 
46	176 
47	194 
48	169 
49	152 
50	243 
51	250 
52	45 
53	273 
54	34 
55	260 
56	84 
57	170 
58	261 
59	80 
60	162 
61	146 
62	144 
63	35 
64	23 
65	229 
66	160 
67	13 
68	271 
69	251 
70	109 
71	285 
72	64 
73	40 
74	279 
75	62 
76	194 
77	183 
78	240 
79	107 
80	170 
81	6 
82	76 
83	119 
84	200 
85	151 
86	43 
87	5 
88	203 
89	113 
90	226 
91	34 
92	125 
93	263 
94	1 
95	215 
96	144 
97	19 
98	68 
99	28 
100	252 
101	223 
102	2 
103	148 
104	148 
105	12 
106	10 
107	243 
108	268 
109	169 
110	176 
111	24 
112	261 
113	211 
114	232 
115	176 
116	282 
117	6 
118	90 
119	211 
120	4 
121	4 
122	208 
123	196 
124	260 
125	136 
126	130 
127	107 
128	90 
129	245 
130	21 
131	145 
132	170 
133	75 
134	73 
135	30 
136	214 
137	171 
138	179 
139	140 
140	201 
141	182 
142	22 
143	14 
144	233 
145	74 
146	169 
147	228 
148	75 
149	70 
150	68 
151	268 
152	13 
153	5 
154	40 
155	229 
156	170 
157	59 
158	221 
159	96 
160	104 
161	27 
162	18 
163	72 
164	271 
165	214 
166	116 
167	115 
168	63 
169	125 
170	48 
171	277 
172	47 
173	50 
174	242 
175	130 
176	70 
177	112 
178	2 
179	177 
180	238 
181	132 
182	17 
183	209 
184	52 
185	240 
186	116 
187	237 
188	47 
189	215 
190	138 
191	284 
192	185 
193	206 
194	40 
195	134 
196	237 
197	18 
198	44 
199	209 
200	277 
201	170 
202	35 
203	165 
204	226 
205	112 
206	103 
207	30 
208	134 
209	266 
210	285 
211	101 
212	179 
213	26 
214	128 
215	91 
216	208 
217	111 
218	269 
219	94 
220	223 
221	4 
222	20 
223	18 
224	148 
225	180 
226	18 
227	16 
228	215 
229	143 
230	184 
231	5 
232	94 
233	148 
234	272 
235	141 
236	126 
237	179 
238	178 
239	226 
240	151 
241	64 
242	44 
243	261 
244	44 
245	77 
246	194 
247	198 
248	102 
249	227 
250	272 
251	268 
252	278 
253	193 
254	101 
255	45 
256	216 
257	236 
258	109 
259	14 
260	151 
261	80 
262	2 
263	187 
264	166 
265	188 
266	201 
267	114 
268	205 
269	241 
270	18 
271	100 
272	59 
273	134 
274	76 
275	223 
276	61 
277	99 
278	54 
279	19 
280	9 
281	12 
282	167 
283	19 
284	207 
285	127 
286	284 
287	142 
288	8 
289	17 
290	64 
291	90 
292	182 
293	268 
294	46 
295	140 
296	61 
297	29 
298	137 
299	104 
300	259 
301	233 
302	9 
303	272 
304	74 
305	67 
306	232 
307	42 
308	154 
309	23 
310	233 
311	185 
312	75 
313	109 
314	185 
315	84 
316	258 
317	189 
318	42 
319	232 
320	136 
321	135 
322	223 
323	166 
324	76 
325	92 
326	5 
327	164 
328	262 
329	140 
330	98 
331	261 
332	33 
333	153 
334	40 
335	146 
336	246 
337	59 
338	241 
339	24 
340	18 
341	34 
342	274 
343	226 
344	135 
345	251 
346	286 
347	177 
348	112 
349	117 
350	202 
351	174 
352	8 
353	35 
354	224 
355	215 
356	180 
357	219 
358	132 
359	276 
360	78 
361	12 
362	175 
363	218 
364	228 
365	272 
366	67 
367	188 
368	47 
369	124 
370	219 
371	75 
372	22 
373	13 
374	34 
375	145 
376	67 
377	74 
378	88 
379	278 
380	228 
381	65 
382	82 
383	274 
384	235 
385	191 
386	165 
387	44 
388	151 
389	59 
390	174 
391	266 
392	8 
393	67 
394	283 
395	13 
396	111 
397	78 
398	159 
399	199 
400	171 
401	20 
402	206 
403	83 
404	185 
405	189 
406	189 
407	233 
408	132 
409	60 
410	222 
411	286 
412	156 
413	86 
414	55 
415	161 
416	168 
417	48 
418	59 
419	245 
420	286 
421	278 
422	176 
423	143 
424	52 
425	55 
426	34 
427	145 
428	44 
429	72 
430	229 
431	187 
432	16 
433	278 
434	284 
435	12 
436	35 
437	67 
438	100 
439	135 
440	72 
441	204 
442	53 
443	59 
444	12 
445	231 
446	215 
447	134 
448	202 
449	234 
450	37 
451	179 
452	163 
453	138 
454	269 
455	79 
456	153 
457	72 
458	165 
459	194 
460	185 
461	237 
462	107 
463	284 
464	127 
465	79 
466	177 
467	225 
468	55 
469	1 
470	86 
471	166 
472	270 
473	250 
474	235 
475	85 
476	10 
477	206 
478	60 
479	204 
480	43 
481	230 
482	218 
483	279 
484	110 
485	143 
486	143 
487	126 
488	187 
489	53 
490	98 
491	11 
492	129 
493	126 
494	115 
495	223 
496	11 
497	248 
498	161 
499	23 
500	192 
501	220 
502	51 
503	163 
504	38 
505	54 
506	261 
507	64 
508	284 
509	92 
510	87 
511	188 
512	86 
513	251 
514	266 
515	204 
516	267 
517	54 
518	252 
519	41 
520	133 
521	205 
522	98 
523	160 
524	219 
525	47 
526	181 
527	120 
528	92 
529	40 
530	277 
531	214 
532	29 
533	117 
534	146 
535	251 
536	206 
537	6 
538	207 
539	226 
540	161 
541	184 
542	285 
543	199 
544	283 
545	119 
546	76 
547	38 
548	25 
549	136 
550	169 
551	114 
552	69 
553	31 
554	199 
555	155 
556	92 
557	80 
558	265 
559	65 
560	146 
561	208 
562	186 
563	182 
564	213 
565	15 
566	242 
567	160 
568	253 
569	169 
570	241 
571	33 
572	43 
573	23 
574	226 
575	174 
576	73 
577	197 
578	36 
579	14 
580	55 
581	224 
582	274 
583	22 
584	223 
585	219 
586	187 
587	263 
588	140 
589	186 
590	248 
591	79 
592	251 
593	263 
594	58 
595	55 
596	19 
597	68 
598	178 
599	199 
600	198 
601	211 
602	236 
603	198 
604	227 
605	286 
606	143 
607	16 
608	148 
609	108 
610	92 
611	147 
612	249 
613	276 
614	8 
615	183 
616	69 
617	106 
618	82 
619	33 
620	52 
621	4 
622	195 
623	55 
624	262 
625	257 
626	104 
627	263 
628	36 
629	7 
630	123 
631	103 
632	208 
633	131 
634	58 
635	39 
636	70 
637	278 
638	226 
639	153 
640	177 
641	263 
642	110 
643	258 
644	123 
645	5 
646	134 
647	248 
648	45 
649	36 
650	138 
651	194 
652	150 
653	74 
654	123 
655	52 
656	97 
657	117 
658	81 
659	158 
660	63 
661	12 
662	217 
663	235 
664	248 
665	57 
666	201 
667	195 
668	284 
669	267 
670	111 
671	205 
672	108 
673	281 
674	279 
675	236 
676	244 
677	193 
678	272 
679	109 
680	172 
681	244 
682	136 
683	104 
684	246 
685	259 
686	41 
687	164 
688	28 
689	177 
690	155 
691	260 
692	260 
693	80 
694	249 
695	190 
696	227 
697	91 
698	34 
699	181 
700	213 
701	184 
702	88 
703	263 
704	156 
705	248 
706	127 
707	241 
708	256 
709	72 
710	49 
711	95 
712	107 
713	256 
714	258 
715	10 
716	107 
717	226 
718	199 
719	11 
720	246 
721	281 
722	252 
723	283 
724	261 
725	141 
726	106 
727	248 
728	167 
729	136 
730	73 
731	214 
732	137 
733	154 
734	90 
735	202 
736	81 
737	231 
738	23 
739	243 
740	70 
741	256 
742	154 
743	41 
744	46 
745	255 
746	253 
747	221 
748	186 
749	271 
750	195 
751	237 
752	170 
753	219 
754	21 
755	209 
756	281 
757	270 
758	207 
759	39 
760	81 
761	152 
762	75 
763	94 
764	156 
765	78 
766	225 
767	176 
768	61 
769	194 
770	172 
771	223 
772	244 
773	63 
774	82 
775	137 
776	5 
777	5 
778	160 
779	218 
780	84 
781	261 
782	96 
783	82 
784	72 
785	51 
786	59 
787	272 
788	137 
789	29 
790	23 
791	244 
792	141 
793	184 
794	267 
795	2 
796	54 
797	92 
798	82 
799	46 
800	211 
801	28 
802	76 
803	210 
804	186 
805	64 
806	137 
807	248 
808	78 
809	242 
810	65 
811	251 
812	168 
813	253 
814	214 
815	274 
816	139 
817	11 
818	68 
819	43 
820	216 
821	255 
822	148 
823	201 
824	239 
825	134 
826	180 
827	11 
828	255 
829	134 
830	115 
831	171 
832	138 
833	137 
834	148 
835	58 
836	33 
837	31 
838	134 
839	168 
840	168 
841	100 
842	49 
843	60 
844	198 
845	78 
846	21 
847	255 
848	223 
849	84 
850	102 
851	265 
852	29 
853	262 
854	55 
855	115 
856	70 
857	267 
858	225 
859	18 
860	9 
861	84 
862	131 
863	68 
864	145 
865	193 
866	170 
867	123 
868	25 
869	40 
870	260 
871	71 
872	159 
873	232 
874	219 
875	219 
876	188 
877	47 
878	215 
879	204 
880	44 
881	43 
882	235 
883	55 
884	224 
885	238 
886	9 
887	196 
888	190 
889	91 
890	127 
891	38 
892	107 
893	126 
894	66 
895	209 
896	234 
897	102 
898	83 
899	8 
900	10 
901	150 
902	224 
903	263 
904	101 
905	241 
906	242 
907	105 
908	284 
909	170 
910	207 
911	283 
912	127 
913	226 
914	106 
915	159 
916	168 
917	73 
918	283 
919	182 
920	49 
921	185 
922	249 
923	152 
924	210 
925	146 
926	55 
927	92 
928	268 
929	22 
930	152 
931	53 
932	84 
933	241 
934	109 
935	261 
936	208 
937	40 
938	33 
939	19 
940	116 
941	209 
942	206 
943	103 
944	237 
945	149 
946	204 
947	234 
948	215 
949	6 
950	165 
951	5 
952	4 
953	253 
954	213 
955	274 
956	209 
957	214 
958	224 
959	112 
960	66 
961	95 
962	194 
963	267 
964	234 
965	8 
966	18 
967	255 
968	28 
969	103 
970	106 
971	236 
972	192 
973	174 
974	239 
975	112 
976	180 
977	233 
978	44 
979	136 
980	169 
981	86 
982	211 
983	212 
984	3 
985	80 
986	170 
987	39 
988	153 
989	122 
990	273 
991	270 
992	267 
993	164 
994	151 
995	55 
996	56 
997	3 
998	48 
999	284 
1000	260 
1001	171 
1002	168 
1003	82 
1004	51 
1005	210 
1006	9 
1007	142 
1008	9 
1009	84 
1010	56 
1011	33 
1012	84 
1013	21 
1014	60 
1015	263 
1016	239 
1017	201 
1018	23 
1019	53 
1020	51 
1021	91 
1022	94 
1023	36 
1024	140 
1025	173 
1026	197 
1027	9 
1028	55 
1029	178 
1030	207 
1031	34 
1032	160 
1033	136 
1034	124 
1035	143 
1036	136 
1037	274 
1038	128 
1039	66 
1040	68 
1041	156 
1042	207 
1043	43 
1044	27 
1045	255 
1046	114 
1047	113 
1048	229 
1049	89 
1050	73 
1051	275 
1052	62 
1053	248 
1054	226 
1055	263 
1056	117 
1057	2 
1058	128 
1059	59 
1060	215 
1061	4 
1062	33 
1063	156 
1064	83 
1065	234 
1066	63 
1067	284 
1068	58 
1069	119 
1070	119 
1071	147 
1072	258 
1073	210 
1074	109 
1075	196 
1076	4 
1077	206 
1078	101 
1079	234 
1080	107 
1081	159 
1082	169 
1083	204 
1084	207 
1085	218 
1086	243 
1087	78 
1088	168 
1089	63 
1090	18 
1091	78 
1092	260 
1093	119 
1094	266 
1095	119 
1096	140 
1097	92 
1098	249 
1099	13 
1100	63 
1101	172 
1102	34 
1103	248 
1104	171 
1105	140 
1106	96 
1107	139 
1108	188 
1109	142 
1110	13 
1111	15 
1112	261 
1113	91 
1114	2 
1115	101 
1116	20 
1117	139 
1118	208 
1119	134 
1120	134 
1121	111 
1122	178 
1123	225 
1124	71 
1125	258 
1126	278 
1127	147 
1128	20 
1129	103 
1130	46 
1131	185 
1132	9 
1133	93 
1134	115 
1135	260 
1136	116 
1137	17 
1138	202 
1139	42 
1140	177 
1141	257 
1142	267 
1143	31 
1144	169 
1145	87 
1146	24 
1147	183 
1148	235 
1149	62 
1150	130 
1151	8 
1152	123 
1153	284 
1154	204 
1155	47 
1156	198 
1157	91 
1158	180 
1159	148 
1160	211 
1161	9 
1162	192 
1163	54 
1164	146 
1165	255 
1166	208 
1167	134 
1168	27 
1169	59 
1170	198 
1171	250 
1172	115 
1173	198 
1174	3 
1175	274 
1176	185 
1177	127 
1178	83 
1179	160 
1180	90 
1181	68 
1182	254 
1183	81 
1184	169 
1185	223 
1186	165 
1187	285 
1188	155 
1189	222 
1190	114 
1191	20 
1192	256 
1193	20 
1194	248 
1195	200 
1196	286 
1197	257 
1198	66 
1199	79 
1200	32 
1201	219 
1202	162 
1203	210 
1204	28 
1205	80 
1206	71 
1207	174 
1208	23 
1209	113 
1210	134 
1211	88 
1212	200 
1213	241 
1214	170 
1215	153 
1216	135 
1217	11 
1218	229 
1219	275 
1220	201 
1221	279 
1222	78 
1223	22 
1224	252 
1225	146 
1226	286 
1227	157 
1228	199 
1229	103 
1230	281 
1231	143 
1232	229 
1233	208 
1234	272 
1235	194 
1236	214 
1237	121 
1238	198 
1239	100 
1240	286 
1241	107 
1242	235 
1243	248 
1244	264 
1245	210 
1246	117 
1247	278 
1248	56 
1249	39 
1250	188 
1251	231 
1252	117 
1253	133 
1254	186 
1255	228 
1256	149 
1257	115 
1258	110 
1259	15 
1260	278 
1261	214 
1262	139 
1263	258 
1264	177 
1265	235 
1266	118 
1267	38 
1268	135 
1269	245 
1270	52 
1271	178 
1272	130 
1273	233 
1274	27 
1275	54 
1276	105 
1277	51 
1278	208 
1279	121 
1280	117 
1281	133 
1282	58 
1283	24 
1284	178 
1285	257 
1286	153 
1287	92 
1288	194 
1289	52 
1290	84 
1291	82 
1292	98 
1293	248 
1294	56 
1295	266 
1296	66 
1297	274 
1298	8 
1299	152 
1300	231 
1301	203 
1302	189 
1303	124 
1304	140 
1305	164 
1306	123 
1307	133 
1308	65 
1309	183 
1310	219 
1311	108 
1312	27 
1313	241 
1314	142 
1315	250 
1316	211 
1317	102 
1318	161 
1319	90 
1320	137 
1321	86 
1322	232 
1323	232 
1324	233 
1325	75 
1326	204 
1327	74 
1328	14 
1329	97 
1330	91 
1331	62 
1332	118 
1333	93 
1334	193 
1335	81 
1336	40 
1337	174 
1338	249 
1339	59 
1340	107 
1341	14 
1342	154 
1343	38 
1344	161 
1345	168 
1346	127 
1347	88 
1348	277 
1349	23 
1350	111 
1351	121 
1352	1 
1353	157 
1354	60 
1355	4 
1356	77 
1357	111 
1358	274 
1359	242 
1360	200 
1361	62 
1362	202 
1363	204 
1364	107 
1365	43 
1366	235 
1367	120 
1368	156 
1369	112 
1370	115 
1371	230 
1372	22 
1373	226 
1374	76 
1375	19 
1376	159 
1377	16 
1378	233 
1379	231 
1380	82 
1381	56 
1382	186 
1383	284 
1384	197 
1385	57 
1386	166 
1387	92 
1388	229 
1389	169 
1390	143 
1391	157 
1392	148 
1393	179 
1394	211 
1395	265 
1396	37 
1397	41 
1398	209 
1399	6 
1400	129 
1401	261 
1402	263 
1403	78 
1404	25 
1405	127 
1406	138 
1407	196 
1408	84 
1409	117 
1410	160 
1411	262 
1412	4 
1413	149 
1414	199 
1415	187 
1416	95 
1417	243 
1418	44 
1419	98 
1420	140 
1421	217 
1422	201 
1423	21 
1424	194 
1425	157 
1426	232 
1427	109 
1428	218 
1429	1 
1430	117 
1431	262 
1432	54 
1433	38 
1434	243 
1435	29 
1436	191 
1437	35 
1438	60 
1439	95 
1440	198 
1441	116 
1442	85 
1443	85 
1444	235 
1445	120 
1446	228 
1447	184 
1448	172 
1449	219 
1450	100 
1451	49 
1452	143 
1453	238 
1454	168 
1455	168 
1456	4 
1457	194 
1458	36 
1459	286 
1460	151 
1461	113 
1462	283 
1463	256 
1464	270 
1465	132 
1466	257 
1467	181 
1468	70 
1469	161 
1470	66 
1471	177 
1472	260 
1473	257 
1474	124 
1475	77 
1476	185 
1477	42 
1478	85 
1479	206 
1480	243 
1481	181 
1482	9 
1483	122 
1484	71 
1485	188 
1486	224 
1487	200 
1488	267 
1489	199 
1490	206 
1491	202 
1492	43 
1493	1 
1494	9 
1495	44 
1496	268 
1497	169 
1498	268 
1499	108 
1500	142 
1501	72 
1502	168 
1503	281 
1504	180 
1505	262 
1506	154 
1507	58 
1508	205 
1509	242 
1510	139 
1511	2 
1512	19 
1513	81 
1514	168 
1515	107 
1516	148 
1517	249 
1518	30 
1519	257 
1520	147 
1521	21 
1522	136 
1523	157 
1524	215 
1525	52 
1526	149 
1527	247 
1528	230 
1529	48 
1530	15 
1531	225 
1532	199 
1533	20 
1534	46 
1535	229 
1536	157 
1537	21 
1538	215 
1539	51 
1540	217 
1541	14 
1542	197 
1543	236 
1544	270 
1545	45 
1546	53 
1547	233 
1548	223 
1549	192 
1550	74 
1551	157 
1552	54 
1553	102 
1554	7 
1555	149 
1556	56 
1557	137 
1558	8 
1559	215 
1560	8 
1561	86 
1562	21 
1563	84 
1564	48 
1565	73 
1566	155 
1567	125 
1568	8 
1569	97 
1570	110 
1571	249 
1572	246 
1573	141 
1574	153 
1575	51 
1576	80 
1577	220 
1578	171 
1579	27 
1580	122 
1581	38 
1582	215 
1583	54 
1584	52 
1585	269 
1586	35 
1587	211 
1588	56 
1589	187 
1590	157 
1591	194 
1592	254 
1593	283 
1594	52 
1595	117 
1596	99 
1597	160 
1598	91 
1599	99 
1600	119 
1601	35 
1602	272 
1603	59 
1604	3 
1605	13 
1606	44 
1607	121 
1608	268 
1609	67 
1610	286 
1611	202 
1612	126 
1613	96 
1614	25 
1615	155 
1616	69 
1617	66 
1618	270 
1619	137 
1620	143 
1621	48 
1622	19 
1623	67 
1624	198 
1625	75 
1626	167 
1627	284 
1628	101 
1629	62 
1630	219 
1631	267 
1632	250 
1633	73 
1634	210 
1635	81 
1636	280 
1637	126 
1638	249 
1639	147 
1640	108 
1641	113 
1642	93 
1643	63 
1644	189 
1645	140 
1646	206 
1647	85 
1648	103 
1649	13 
1650	282 
1651	20 
1652	89 
1653	206 
1654	263 
1655	58 
1656	247 
1657	104 
1658	86 
1659	58 
1660	43 
1661	250 
1662	203 
1663	209 
1664	245 
1665	66 
1666	206 
1667	250 
1668	109 
1669	123 
1670	187 
1671	159 
1672	42 
1673	99 
1674	152 
1675	109 
1676	250 
1677	99 
1678	226 
1679	80 
1680	170 
1681	191 
1682	23 
1683	221 
1684	274 
1685	63 
1686	178 
1687	264 
1688	203 
1689	83 
1690	274 
1691	279 
1692	133 
1693	191 
1694	159 
1695	261 
1696	283 
1697	119 
1698	54 
1699	4 
1700	10 
1701	53 
1702	84 
1703	20 
1704	25 
1705	35 
1706	206 
1707	172 
1708	285 
1709	110 
1710	5 
1711	253 
1712	146 
1713	223 
1714	251 
1715	84 
1716	93 
1717	273 
1718	39 
1719	79 
1720	98 
1721	159 
1722	243 
1723	278 
1724	124 
1725	130 
1726	136 
1727	155 
1728	44 
1729	89 
1730	241 
1731	158 
1732	211 
1733	242 
1734	99 
1735	118 
1736	120 
1737	200 
1738	147 
1739	143 
1740	95 
1741	129 
1742	132 
1743	136 
1744	132 
1745	213 
1746	114 
1747	28 
1748	196 
1749	69 
1750	36 
1751	272 
1752	149 
1753	148 
1754	170 
1755	281 
1756	209 
1757	84 
1758	148 
1759	204 
1760	269 
1761	204 
1762	152 
1763	26 
1764	267 
1765	137 
1766	39 
1767	184 
1768	115 
1769	135 
1770	282 
1771	100 
1772	212 
1773	199 
1774	50 
1775	73 
1776	101 
1777	146 
1778	132 
1779	76 
1780	110 
1781	69 
1782	74 
1783	158 
1784	30 
1785	43 
1786	15 
1787	232 
1788	283 
1789	211 
1790	116 
1791	31 
1792	93 
1793	73 
1794	166 
1795	203 
1796	63 
1797	35 
1798	244 
1799	197 
1800	38 
1801	95 
1802	188 
1803	171 
1804	231 
1805	119 
1806	107 
1807	194 
1808	286 
1809	211 
1810	137 
1811	129 
1812	116 
1813	201 
1814	7 
1815	25 
1816	48 
1817	259 
1818	116 
1819	214 
1820	205 
1821	102 
1822	276 
1823	222 
1824	112 
1825	126 
1826	179 
1827	17 
1828	172 
1829	45 
1830	78 
1831	207 
1832	156 
1833	95 
1834	217 
1835	279 
1836	124 
1837	77 
1838	106 
1839	221 
1840	118 
1841	169 
1842	40 
1843	250 
1844	254 
1845	63 
1846	124 
1847	159 
1848	159 
1849	170 
1850	193 
1851	236 
1852	249 
1853	157 
1854	118 
1855	23 
1856	252 
1857	67 
1858	93 
1859	182 
1860	232 
1861	132 
1862	4 
1863	211 
1864	268 
1865	203 
1866	40 
1867	21 
1868	237 
1869	197 
1870	126 
1871	90 
1872	241 
1873	273 
1874	269 
1875	113 
1876	273 
1877	105 
1878	199 
1879	237 
1880	175 
1881	125 
1882	278 
1883	267 
1884	92 
1885	166 
1886	144 
1887	102 
1888	240 
1889	64 
1890	26 
1891	179 
1892	143 
1893	171 
1894	156 
1895	90 
1896	266 
1897	218 
1898	246 
1899	259 
1900	81 
1901	88 
1902	123 
1903	114 
1904	30 
1905	230 
1906	144 
1907	80 
1908	74 
1909	117 
1910	93 
1911	30 
1912	65 
1913	85 
1914	116 
1915	238 
1916	205 
1917	195 
1918	159 
1919	203 
1920	137 
1921	160 
1922	29 
1923	217 
1924	28 
1925	265 
1926	136 
1927	84 
1928	115 
1929	224 
1930	189 
1931	177 
1932	133 
1933	158 
1934	1 
1935	171 
1936	196 
1937	129 
1938	109 
1939	121 
1940	220 
1941	47 
1942	154 
1943	1 
1944	203 
1945	124 
1946	36 
1947	213 
1948	269 
1949	220 
1950	187 
1951	269 
1952	131 
1953	280 
1954	181 
1955	65 
1956	259 
1957	283 
1958	105 
1959	110 
1960	265 
1961	25 
1962	217 
1963	99 
1964	71 
1965	103 
1966	2 
1967	144 
1968	19 
1969	213 
1970	25 
1971	232 
1972	270 
1973	138 
1974	209 
1975	194 
1976	40 
1977	207 
1978	121 
1979	114 
1980	2 
1981	253 
1982	16 
1983	285 
1984	106 
1985	82 
1986	212 
1987	230 
1988	184 
1989	143 
1990	108 
1991	16 
1992	83 
1993	73 
1994	268 
1995	214 
1996	91 
1997	240 
1998	103 
1999	205 
2000	282 
2001	41 
2002	127 
2003	114 
2004	84 
2005	116 
2006	67 
2007	276 
2008	128 
2009	53 
2010	164 
2011	213 
2012	159 
2013	156 
2014	13 
2015	64 
2016	75 
2017	189 
2018	269 
2019	144 
2020	84 
2021	197 
2022	67 
2023	142 
2024	97 
2025	73 
2026	182 
2027	82 
2028	173 
2029	177 
2030	191 
2031	54 
2032	213 
2033	146 
2034	49 
2035	36 
2036	89 
2037	115 
2038	277 
2039	122 
2040	216 
2041	12 
2042	281 
2043	146 
2044	251 
2045	173 
2046	141 
2047	250 
2048	126 
2049	90 
2050	147 
2051	249 
2052	55 
2053	277 
2054	178 
2055	267 
2056	95 
2057	266 
2058	286 
2059	191 
2060	72 
2061	136 
2062	48 
2063	164 
2064	16 
2065	22 
2066	194 
2067	239 
2068	234 
2069	176 
2070	222 
2071	282 
2072	145 
2073	200 
2074	24 
2075	191 
2076	227 
2077	90 
2078	5 
2079	180 
2080	128 
2081	210 
2082	44 
2083	209 
2084	147 
2085	70 
2086	140 
2087	121 
2088	281 
2089	238 
2090	2 
2091	280 
2092	170 
2093	105 
2094	240 
2095	253 
2096	54 
2097	76 
2098	165 
2099	93 
2100	117 
2101	35 
2102	149 
2103	170 
2104	230 
2105	198 
2106	202 
2107	246 
2108	130 
2109	19 
2110	270 
2111	192 
2112	80 
2113	271 
2114	176 
2115	96 
2116	165 
2117	57 
2118	52 
2119	241 
2120	88 
2121	58 
2122	268 
2123	241 
2124	127 
2125	247 
2126	150 
2127	125 
2128	176 
2129	234 
2130	202 
2131	222 
2132	237 
2133	203 
2134	118 
2135	38 
2136	197 
2137	188 
2138	153 
2139	235 
2140	228 
2141	286 
2142	221 
2143	257 
2144	195 
2145	98 
2146	92 
2147	56 
2148	240 
2149	276 
2150	225 
2151	70 
2152	190 
2153	125 
2154	121 
2155	34 
2156	88 
2157	41 
2158	275 
2159	71 
2160	136 
2161	125 
2162	162 
2163	60 
2164	52 
2165	261 
2166	179 
2167	78 
2168	24 
2169	187 
2170	101 
2171	122 
2172	217 
2173	254 
2174	269 
2175	96 
2176	200 
2177	26 
2178	32 
2179	192 
2180	139 
2181	76 
2182	47 
2183	231 
2184	113 
2185	277 
2186	40 
2187	85 
2188	210 
2189	280 
2190	43 
2191	184 
2192	17 
2193	28 
2194	171 
2195	216 
2196	136 
2197	135 
2198	268 
2199	271 
2200	135 
2201	244 
2202	41 
2203	166 
2204	24 
2205	70 
2206	253 
2207	276 
2208	110 
2209	236 
2210	165 
2211	155 
2212	106 
2213	24 
2214	270 
2215	62 
2216	258 
2217	252 
2218	143 
2219	247 
2220	205 
2221	19 
2222	93 
2223	159 
2224	254 
2225	105 
2226	43 
2227	57 
2228	12 
2229	195 
2230	108 
2231	209 
2232	62 
2233	11 
2234	124 
2235	122 
2236	135 
2237	5 
2238	52 
2239	40 
2240	207 
2241	216 
2242	48 
2243	57 
2244	7 
2245	138 
2246	175 
2247	94 
2248	220 
2249	62 
2250	75 
2251	104 
2252	244 
2253	286 
2254	54 
2255	89 
2256	186 
2257	244 
2258	3 
2259	73 
2260	45 
2261	9 
2262	280 
2263	230 
2264	202 
2265	117 
2266	176 
2267	64 
2268	90 
2269	42 
2270	269 
2271	94 
2272	229 
2273	72 
2274	64 
2275	79 
2276	27 
2277	236 
2278	187 
2279	113 
2280	156 
2281	94 
2282	162 
2283	179 
2284	95 
2285	188 
2286	6 
2287	222 
2288	123 
2289	278 
2290	31 
2291	138 
2292	213 
2293	54 
2294	133 
2295	243 
2296	251 
2297	135 
2298	246 
2299	12 
2300	124 
2301	161 
2302	145 
2303	198 
2304	39 
2305	167 
2306	109 
2307	237 
2308	198 
2309	125 
2310	271 
2311	108 
2312	28 
2313	137 
2314	130 
2315	129 
2316	259 
2317	163 
2318	234 
2319	6 
2320	79 
2321	178 
2322	281 
2323	224 
2324	50 
2325	239 
2326	213 
2327	276 
2328	222 
2329	49 
2330	34 
2331	47 
2332	36 
2333	224 
2334	199 
2335	3 
2336	84 
2337	285 
2338	124 
2339	219 
2340	275 
2341	190 
2342	116 
2343	210 
2344	145 
2345	157 
2346	154 
2347	121 
2348	144 
2349	60 
2350	127 
2351	177 
2352	234 
2353	65 
2354	87 
2355	222 
2356	258 
2357	87 
2358	101 
2359	231 
2360	50 
2361	200 
2362	259 
2363	101 
2364	128 
2365	279 
2366	29 
2367	259 
2368	280 
2369	126 
2370	165 
2371	216 
2372	173 
2373	50 
2374	164 
2375	283 
2376	152 
2377	182 
2378	245 
2379	163 
2380	283 
2381	129 
2382	255 
2383	88 
2384	286 
2385	128 
2386	149 
2387	3 
2388	111 
2389	221 
2390	193 
2391	147 
2392	103 
2393	200 
2394	131 
2395	115 
2396	46 
2397	71 
2398	169 
2399	128 
2400	217 
2401	64 
2402	106 
2403	158 
2404	74 
2405	200 
2406	76 
2407	276 
2408	135 
2409	70 
2410	135 
2411	237 
2412	35 
2413	61 
2414	84 
2415	271 
2416	96 
2417	169 
2418	257 
2419	41 
2420	202 
2421	10 
2422	265 
2423	135 
2424	141 
2425	177 
2426	14 
2427	11 
2428	2 
2429	196 
2430	154 
2431	106 
2432	205 
2433	216 
2434	30 
2435	249 
2436	267 
2437	277 
2438	280 
2439	176 
2440	13 
2441	130 
2442	63 
2443	222 
2444	82 
2445	76 
2446	221 
2447	184 
2448	42 
2449	246 
2450	257 
2451	186 
2452	32 
2453	122 
2454	224 
2455	92 
2456	94 
2457	173 
2458	251 
2459	46 
2460	1 
2461	46 
2462	164 
2463	152 
2464	172 
2465	253 
2466	165 
2467	211 
2468	87 
2469	152 
2470	61 
2471	249 
2472	202 
2473	203 
2474	111 
2475	141 
2476	22 
2477	236 
2478	48 
2479	13 
2480	196 
2481	111 
2482	82 
2483	192 
2484	249 
2485	144 
2486	54 
2487	62 
2488	110 
2489	178 
2490	93 
2491	195 
2492	10 
2493	207 
2494	139 
2495	189 
2496	205 
2497	201 
2498	74 
2499	31 
2500	6 
2501	237 
2502	32 
2503	143 
2504	74 
2505	43 
2506	204 
2507	35 
2508	96 
2509	5 
2510	253 
2511	166 
2512	90 
2513	216 
2514	100 
2515	120 
2516	101 
2517	283 
2518	200 
2519	169 
2520	234 
2521	78 
2522	202 
2523	95 
2524	277 
2525	154 
2526	74 
2527	175 
2528	255 
2529	238 
2530	8 
2531	232 
2532	122 
2533	54 
2534	242 
2535	80 
2536	33 
2537	141 
2538	6 
2539	18 
2540	116 
2541	190 
2542	221 
2543	42 
2544	67 
2545	13 
2546	32 
2547	239 
2548	197 
2549	169 
2550	92 
2551	3 
2552	180 
2553	256 
2554	245 
2555	275 
2556	109 
2557	176 
2558	202 
2559	164 
2560	174 
2561	32 
2562	146 
2563	208 
2564	216 
2565	91 
2566	238 
2567	83 
2568	20 
2569	112 
2570	160 
2571	217 
2572	176 
2573	152 
2574	181 
2575	168 
2576	38 
2577	80 
2578	183 
2579	158 
2580	114 
2581	173 
2582	200 
2583	262 
2584	192 
2585	63 
2586	17 
2587	96 
2588	46 
2589	258 
2590	46 
2591	209 
2592	187 
2593	165 
2594	119 
2595	207 
2596	168 
2597	99 
2598	166 
2599	185 
2600	41 
2601	138 
2602	200 
2603	282 
2604	221 
2605	218 
2606	203 
2607	70 
2608	105 
2609	9 
2610	42 
2611	125 
2612	250 
2613	13 
2614	131 
2615	39 
2616	271 
2617	160 
2618	276 
2619	165 
2620	185 
2621	169 
2622	251 
2623	173 
2624	74 
2625	249 
2626	205 
2627	176 
2628	270 
2629	169 
2630	29 
2631	240 
2632	214 
2633	112 
2634	154 
2635	179 
2636	254 
2637	267 
2638	105 
2639	154 
2640	256 
2641	80 
2642	89 
2643	131 
2644	105 
2645	271 
2646	102 
2647	150 
2648	268 
2649	174 
2650	240 
2651	147 
2652	73 
2653	5 
2654	213 
2655	278 
2656	112 
2657	195 
2658	112 
2659	156 
2660	231 
2661	111 
2662	145 
2663	276 
2664	247 
2665	123 
2666	54 
2667	267 
2668	259 
2669	202 
2670	212 
2671	154 
2672	104 
2673	178 
2674	126 
2675	195 
2676	149 
2677	225 
2678	257 
2679	84 
2680	152 
2681	179 
2682	32 
2683	76 
2684	210 
2685	256 
2686	212 
2687	171 
2688	143 
2689	98 
2690	127 
2691	81 
2692	218 
2693	235 
2694	230 
2695	191 
2696	152 
2697	275 
2698	237 
2699	126 
2700	272 
2701	56 
2702	229 
2703	102 
2704	220 
2705	201 
2706	147 
2707	266 
2708	130 
2709	218 
2710	86 
2711	37 
2712	129 
2713	285 
2714	189 
2715	152 
2716	58 
2717	145 
2718	195 
2719	217 
2720	88 
2721	15 
2722	276 
2723	144 
2724	95 
2725	170 
2726	254 
2727	220 
2728	94 
2729	89 
2730	233 
2731	101 
2732	5 
2733	51 
2734	25 
2735	159 
2736	151 
2737	3 
2738	239 
2739	247 
2740	11 
2741	70 
2742	157 
2743	94 
2744	42 
2745	196 
2746	217 
2747	214 
2748	124 
2749	49 
2750	253 
2751	104 
2752	39 
2753	251 
2754	20 
2755	99 
2756	221 
2757	198 
2758	87 
2759	172 
2760	209 
2761	253 
2762	104 
2763	151 
2764	220 
2765	26 
2766	260 
2767	149 
2768	88 
2769	170 
2770	276 
2771	4 
2772	159 
2773	192 
2774	118 
2775	16 
2776	20 
2777	34 
2778	53 
2779	285 
2780	229 
2781	137 
2782	211 
2783	207 
2784	145 
2785	14 
2786	22 
2787	280 
2788	268 
2789	262 
2790	78 
2791	177 
2792	116 
2793	49 
2794	268 
2795	147 
2796	65 
2797	6 
2798	6 
2799	71 
2800	205 
2801	178 
2802	10 
2803	23 
2804	165 
2805	89 
2806	41 
2807	42 
2808	88 
2809	266 
2810	58 
2811	130 
2812	159 
2813	264 
2814	205 
2815	198 
2816	142 
2817	235 
2818	193 
2819	28 
2820	101 
2821	129 
2822	65 
2823	165 
2824	29 
2825	178 
2826	254 
2827	114 
2828	103 
2829	38 
2830	138 
2831	34 
2832	162 
2833	162 
2834	105 
2835	282 
2836	97 
2837	142 
2838	21 
2839	272 
2840	128 
2841	280 
2842	200 
2843	28 
2844	196 
2845	244 
2846	85 
2847	253 
2848	80 
2849	253 
2850	77 
2851	97 
2852	161 
2853	27 
2854	227 
2855	149 
2856	237 
2857	66 
2858	101 
2859	35 
2860	113 
2861	283 
2862	228 
2863	127 
2864	5 
2865	76 
2866	24 
2867	62 
2868	247 
2869	262 
2870	151 
2871	211 
2872	86 
2873	228 
2874	217 
2875	67 
2876	27 
2877	103 
2878	126 
2879	34 
2880	207 
2881	67 
2882	245 
2883	49 
2884	90 
2885	131 
2886	265 
2887	273 
2888	57 
2889	37 
2890	71 
2891	169 
2892	102 
2893	231 
2894	258 
2895	163 
2896	264 
2897	54 
2898	217 
2899	70 
2900	37 
2901	88 
2902	153 
2903	245 
2904	185 
2905	182 
2906	129 
2907	224 
2908	281 
2909	69 
2910	128 
2911	115 
2912	258 
2913	21 
2914	3 
2915	243 
2916	79 
2917	262 
2918	246 
2919	277 
2920	136 
2921	197 
2922	68 
2923	164 
2924	110 
2925	8 
2926	44 
2927	228 
2928	240 
2929	196 
2930	225 
2931	81 
2932	108 
2933	171 
2934	1 
2935	160 
2936	152 
2937	120 
2938	137 
2939	11 
2940	13 
2941	130 
2942	233 
2943	144 
2944	152 
2945	258 
2946	181 
2947	181 
2948	27 
2949	279 
2950	170 
2951	130 
2952	265 
2953	32 
2954	112 
2955	285 
2956	39 
2957	68 
2958	204 
2959	187 
2960	258 
2961	204 
2962	92 
2963	18 
2964	33 
2965	101 
2966	133 
2967	118 
2968	85 
2969	101 
2970	31 
2971	247 
2972	182 
2973	235 
2974	279 
2975	223 
2976	23 
2977	34 
2978	184 
2979	158 
2980	132 
2981	197 
2982	131 
2983	41 
2984	175 
2985	114 
2986	197 
2987	240 
2988	184 
2989	34 
2990	51 
2991	80 
2992	25 
2993	191 
2994	70 
2995	237 
2996	6 
2997	188 
2998	262 
2999	3 
3000	260 
3001	203 
3002	45 
3003	213 
3004	202 
3005	102 
3006	36 
3007	186 
3008	35 
3009	283 
3010	67 
3011	251 
3012	106 
3013	266 
3014	282 
3015	230 
3016	147 
3017	224 
3018	99 
3019	231 
3020	111 
3021	126 
3022	143 
3023	23 
3024	71 
3025	220 
3026	53 
3027	35 
3028	237 
3029	157 
3030	154 
3031	18 
3032	254 
3033	132 
3034	163 
3035	66 
3036	285 
3037	3 
3038	149 
3039	189 
3040	156 
3041	52 
3042	203 
3043	240 
3044	25 
3045	66 
3046	199 
3047	149 
3048	67 
3049	123 
3050	253 
3051	266 
3052	56 
3053	109 
3054	105 
3055	280 
3056	172 
3057	12 
3058	114 
3059	283 
3060	179 
3061	175 
3062	45 
3063	25 
3064	222 
3065	181 
3066	7 
3067	58 
3068	97 
3069	212 
3070	157 
3071	168 
3072	191 
3073	167 
3074	126 
3075	195 
3076	18 
3077	27 
3078	1 
3079	152 
3080	38 
3081	170 
3082	21 
3083	170 
3084	179 
3085	197 
3086	247 
3087	57 
3088	260 
3089	12 
3090	31 
3091	249 
3092	41 
3093	237 
3094	197 
3095	191 
3096	149 
3097	183 
3098	14 
3099	41 
3100	198 
3101	113 
3102	27 
3103	228 
3104	232 
3105	276 
3106	157 
3107	32 
3108	15 
3109	256 
3110	245 
3111	228 
3112	238 
3113	99 
3114	86 
3115	141 
3116	27 
3117	80 
3118	186 
3119	31 
3120	196 
3121	162 
3122	259 
3123	156 
3124	268 
3125	256 
3126	264 
3127	34 
3128	1 
3129	35 
3130	64 
3131	232 
3132	275 
3133	32 
3134	171 
3135	132 
3136	36 
3137	240 
3138	34 
3139	33 
3140	172 
3141	260 
3142	98 
3143	155 
3144	132 
3145	198 
3146	232 
3147	162 
3148	68 
3149	98 
3150	150 
3151	211 
3152	136 
3153	230 
3154	255 
3155	109 
3156	78 
3157	253 
3158	28 
3159	28 
3160	246 
3161	71 
3162	217 
3163	264 
3164	26 
3165	43 
3166	250 
3167	39 
3168	230 
3169	254 
3170	39 
3171	196 
3172	256 
3173	133 
3174	198 
3175	29 
3176	16 
3177	90 
3178	230 
3179	155 
3180	281 
3181	207 
3182	93 
3183	71 
3184	239 
3185	97 
3186	104 
3187	79 
3188	74 
3189	68 
3190	207 
3191	260 
3192	64 
3193	29 
3194	51 
3195	102 
3196	182 
3197	19 
3198	229 
3199	17 
3200	143 
3201	123 
3202	184 
3203	246 
3204	216 
3205	102 
3206	58 
3207	78 
3208	14 
3209	14 
3210	129 
3211	80 
3212	224 
3213	10 
3214	175 
3215	196 
3216	161 
3217	225 
3218	201 
3219	214 
3220	22 
3221	168 
3222	99 
3223	95 
3224	214 
3225	230 
3226	111 
3227	242 
3228	192 
3229	81 
3230	15 
3231	177 
3232	65 
3233	189 
3234	118 
3235	86 
3236	72 
3237	177 
3238	69 
3239	27 
3240	272 
3241	230 
3242	188 
3243	266 
3244	128 
3245	51 
3246	82 
3247	246 
3248	51 
3249	256 
3250	133 
3251	86 
3252	69 
3253	230 
3254	126 
3255	138 
3256	251 
3257	62 
3258	151 
3259	208 
3260	216 
3261	228 
3262	10 
3263	186 
3264	268 
3265	247 
3266	54 
3267	72 
3268	166 
3269	150 
3270	47 
3271	245 
3272	39 
3273	158 
3274	121 
3275	282 
3276	93 
3277	46 
3278	222 
3279	224 
3280	264 
3281	75 
3282	102 
3283	243 
3284	91 
3285	80 
3286	271 
3287	26 
3288	72 
3289	87 
3290	51 
3291	77 
3292	105 
3293	77 
3294	167 
3295	126 
3296	221 
3297	177 
3298	115 
3299	281 
3300	16 
3301	111 
3302	96 
3303	74 
3304	196 
3305	2 
3306	104 
3307	63 
3308	234 
3309	145 
3310	229 
3311	188 
3312	51 
3313	62 
3314	10 
3315	182 
3316	201 
3317	137 
3318	39 
3319	271 
3320	213 
3321	239 
3322	227 
3323	221 
3324	128 
3325	57 
3326	28 
3327	151 
3328	5 
3329	84 
3330	157 
3331	230 
3332	144 
3333	126 
3334	24 
3335	58 
3336	19 
3337	72 
3338	176 
3339	195 
3340	80 
3341	178 
3342	53 
3343	161 
3344	193 
3345	273 
3346	67 
3347	45 
3348	264 
3349	246 
3350	167 
3351	204 
3352	189 
3353	281 
3354	128 
3355	75 
3356	101 
3357	10 
3358	50 
3359	49 
3360	275 
3361	237 
3362	149 
3363	26 
3364	42 
3365	45 
3366	3 
3367	18 
3368	231 
3369	239 
3370	216 
3371	137 
3372	131 
3373	87 
3374	185 
3375	50 
3376	92 
3377	28 
3378	273 
3379	27 
3380	5 
3381	270 
3382	243 
3383	283 
3384	220 
3385	190 
3386	51 
3387	34 
3388	27 
3389	156 
3390	133 
3391	98 
3392	130 
3393	232 
3394	11 
3395	142 
3396	71 
3397	79 
3398	26 
3399	87 
3400	15 
3401	229 
3402	213 
3403	218 
3404	41 
3405	69 
3406	131 
3407	39 
3408	240 
3409	252 
3410	3 
3411	176 
3412	128 
3413	243 
3414	190 
3415	99 
3416	195 
3417	233 
3418	213 
3419	24 
3420	101 
3421	14 
3422	77 
3423	246 
3424	76 
3425	82 
3426	30 
3427	234 
3428	189 
3429	186 
3430	22 
3431	175 
3432	39 
3433	155 
3434	112 
3435	7 
3436	217 
3437	265 
3438	114 
3439	36 
3440	31 
3441	162 
3442	204 
3443	125 
3444	262 
3445	231 
3446	123 
3447	257 
3448	5 
3449	221 
3450	141 
3451	224 
3452	139 
3453	89 
3454	195 
3455	94 
3456	74 
3457	250 
3458	157 
3459	37 
3460	50 
3461	246 
3462	164 
3463	229 
3464	191 
3465	266 
3466	79 
3467	11 
3468	141 
3469	106 
3470	257 
3471	10 
3472	132 
3473	54 
3474	61 
3475	51 
3476	204 
3477	228 
3478	85 
3479	133 
3480	81 
3481	235 
3482	129 
3483	21 
3484	9 
3485	20 
3486	95 
3487	97 
3488	97 
3489	207 
3490	57 
3491	25 
3492	200 
3493	166 
3494	190 
3495	145 
3496	233 
3497	168 
3498	183 
3499	80 
3500	202 
3501	32 
3502	169 
3503	213 
3504	236 
3505	7 
3506	247 
3507	30 
3508	200 
3509	97 
3510	208 
3511	227 
3512	239 
3513	271 
3514	238 
3515	189 
3516	49 
3517	75 
3518	14 
3519	234 
3520	68 
3521	32 
3522	61 
3523	254 
3524	28 
3525	75 
3526	159 
3527	131 
3528	185 
3529	276 
3530	91 
3531	270 
3532	37 
3533	19 
3534	118 
3535	172 
3536	123 
3537	120 
3538	94 
3539	105 
3540	95 
3541	35 
3542	24 
3543	224 
3544	176 
3545	103 
3546	37 
3547	195 
3548	154 
3549	81 
3550	199 
3551	282 
3552	199 
3553	223 
3554	167 
3555	26 
3556	175 
3557	3 
3558	172 
3559	56 
3560	37 
3561	242 
3562	262 
3563	42 
3564	149 
3565	268 
3566	86 
3567	163 
3568	211 
3569	54 
3570	178 
3571	96 
3572	127 
3573	269 
3574	63 
3575	83 
3576	84 
3577	110 
3578	21 
3579	139 
3580	159 
3581	204 
3582	190 
3583	275 
3584	203 
3585	204 
3586	113 
3587	84 
3588	187 
3589	64 
3590	239 
3591	139 
3592	164 
3593	267 
3594	158 
3595	14 
3596	76 
3597	57 
3598	255 
3599	103 
3600	200 
3601	139 
3602	112 
3603	259 
3604	66 
3605	106 
3606	99 
3607	218 
3608	196 
3609	225 
3610	197 
3611	208 
3612	93 
3613	256 
3614	85 
3615	18 
3616	211 
3617	151 
3618	62 
3619	129 
3620	113 
3621	209 
3622	267 
3623	179 
3624	188 
3625	178 
3626	85 
3627	118 
3628	159 
3629	212 
3630	176 
3631	265 
3632	34 
3633	105 
3634	144 
3635	60 
3636	89 
3637	84 
3638	125 
3639	9 
3640	89 
3641	65 
3642	185 
3643	210 
3644	128 
3645	88 
3646	182 
3647	189 
3648	71 
3649	164 
3650	203 
3651	87 
3652	191 
3653	199 
3654	138 
3655	243 
3656	6 
3657	33 
3658	270 
3659	68 
3660	108 
3661	201 
3662	37 
3663	82 
3664	228 
3665	104 
3666	100 
3667	7 
3668	243 
3669	79 
3670	203 
3671	37 
3672	84 
3673	35 
3674	190 
3675	35 
3676	244 
3677	154 
3678	192 
3679	179 
3680	138 
3681	157 
3682	3 
3683	16 
3684	41 
3685	150 
3686	63 
3687	187 
3688	121 
3689	67 
3690	257 
3691	106 
3692	18 
3693	201 
3694	48 
3695	151 
3696	192 
3697	149 
3698	158 
3699	266 
3700	158 
3701	49 
3702	218 
3703	249 
3704	15 
3705	94 
3706	243 
3707	13 
3708	243 
3709	238 
3710	95 
3711	58 
3712	268 
3713	222 
3714	41 
3715	149 
3716	21 
3717	254 
3718	228 
3719	132 
3720	258 
3721	249 
3722	119 
3723	277 
3724	68 
3725	183 
3726	138 
3727	221 
3728	81 
3729	99 
3730	101 
3731	255 
3732	168 
3733	120 
3734	187 
3735	98 
3736	22 
3737	1 
3738	2 
3739	104 
3740	174 
3741	224 
3742	83 
3743	133 
3744	191 
3745	227 
3746	181 
3747	98 
3748	87 
3749	22 
3750	33 
3751	17 
3752	75 
3753	33 
3754	157 
3755	195 
3756	271 
3757	102 
3758	225 
3759	272 
3760	1 
3761	212 
3762	273 
3763	64 
3764	85 
3765	253 
3766	285 
3767	214 
3768	127 
3769	17 
3770	279 
3771	283 
3772	7 
3773	37 
3774	272 
3775	104 
3776	143 
3777	251 
3778	275 
3779	32 
3780	191 
3781	236 
3782	50 
3783	230 
3784	56 
3785	254 
3786	122 
3787	167 
3788	111 
3789	173 
3790	83 
3791	212 
3792	222 
3793	160 
3794	31 
3795	1 
3796	131 
3797	210 
3798	224 
3799	237 
3800	95 
3801	66 
3802	239 
3803	201 
3804	242 
3805	240 
3806	68 
3807	150 
3808	3 
3809	245 
3810	187 
3811	126 
3812	279 
3813	60 
3814	20 
3815	45 
3816	237 
3817	265 
3818	165 
3819	116 
3820	16 
3821	53 
3822	184 
3823	86 
3824	95 
3825	131 
3826	120 
3827	156 
3828	251 
3829	280 
3830	69 
3831	141 
3832	45 
3833	36 
3834	212 
3835	49 
3836	176 
3837	250 
3838	68 
3839	99 
3840	106 
3841	6 
3842	166 
3843	36 
3844	132 
3845	211 
3846	233 
3847	213 
3848	33 
3849	42 
3850	94 
3851	75 
3852	283 
3853	249 
3854	116 
3855	126 
3856	198 
3857	132 
3858	242 
3859	101 
3860	29 
3861	225 
3862	190 
3863	94 
3864	112 
3865	187 
3866	233 
3867	152 
3868	203 
3869	190 
3870	223 
3871	24 
3872	11 
3873	2 
3874	128 
3875	38 
3876	91 
3877	79 
3878	122 
3879	279 
3880	28 
3881	128 
3882	35 
3883	129 
3884	254 
3885	225 
3886	217 
3887	83 
3888	152 
3889	243 
3890	7 
3891	207 
3892	80 
3893	113 
3894	97 
3895	106 
3896	186 
3897	129 
3898	201 
3899	80 
3900	260 
3901	105 
3902	256 
3903	161 
3904	113 
3905	205 
3906	121 
3907	275 
3908	130 
3909	138 
3910	105 
3911	77 
3912	60 
3913	85 
3914	92 
3915	264 
3916	74 
3917	285 
3918	63 
3919	164 
3920	141 
3921	257 
3922	277 
3923	11 
3924	83 
3925	277 
3926	77 
3927	157 
3928	76 
3929	41 
3930	30 
3931	266 
3932	67 
3933	272 
3934	176 
3935	126 
3936	280 
3937	126 
3938	247 
3939	127 
3940	152 
3941	223 
3942	182 
3943	83 
3944	101 
3945	1 
3946	81 
3947	174 
3948	98 
3949	56 
3950	193 
3951	225 
3952	207 
3953	24 
3954	224 
3955	220 
3956	254 
3957	95 
3958	130 
3959	166 
3960	16 
3961	74 
3962	76 
3963	218 
3964	234 
3965	89 
3966	54 
3967	262 
3968	151 
3969	180 
3970	243 
3971	277 
3972	54 
3973	34 
3974	116 
3975	37 
3976	62 
3977	113 
3978	164 
3979	230 
3980	121 
3981	49 
3982	13 
3983	69 
3984	61 
3985	129 
3986	181 
3987	177 
3988	231 
3989	61 
3990	200 
3991	48 
3992	280 
3993	139 
3994	60 
3995	143 
3996	33 
3997	22 
3998	275 
3999	122 
4000	154 
4001	156 
4002	208 
4003	143 
4004	11 
4005	272 
4006	285 
4007	240 
4008	282 
4009	123 
4010	236 
4011	227 
4012	157 
4013	115 
4014	264 
4015	282 
4016	85 
4017	93 
4018	185 
4019	183 
4020	269 
4021	29 
4022	80 
4023	262 
4024	74 
4025	200 
4026	280 
4027	20 
4028	102 
4029	207 
4030	106 
4031	11 
4032	185 
4033	225 
4034	131 
4035	95 
4036	145 
4037	131 
4038	238 
4039	65 
4040	125 
4041	22 
4042	103 
4043	173 
4044	2 
4045	183 
4046	131 
4047	47 
4048	65 
4049	69 
4050	36 
4051	114 
4052	204 
4053	191 
4054	106 
4055	108 
4056	93 
4057	174 
4058	94 
4059	149 
4060	33 
4061	245 
4062	96 
4063	113 
4064	99 
4065	173 
4066	33 
4067	79 
4068	142 
4069	197 
4070	199 
4071	168 
4072	15 
4073	85 
4074	176 
4075	142 
4076	89 
4077	14 
4078	48 
4079	64 
4080	79 
4081	108 
4082	87 
4083	145 
4084	128 
4085	7 
4086	86 
4087	24 
4088	259 
4089	84 
4090	188 
4091	233 
4092	47 
4093	131 
4094	250 
4095	36 
4096	268 
4097	39 
4098	149 
4099	50 
4100	67 
4101	163 
4102	239 
4103	163 
4104	122 
4105	76 
4106	31 
4107	254 
4108	264 
4109	249 
4110	53 
4111	49 
4112	61 
4113	39 
4114	242 
4115	96 
4116	157 
4117	169 
4118	84 
4119	265 
4120	48 
4121	225 
4122	266 
4123	83 
4124	1 
4125	30 
4126	39 
4127	51 
4128	133 
4129	37 
4130	97 
4131	106 
4132	74 
4133	60 
4134	145 
4135	100 
4136	222 
4137	259 
4138	249 
4139	171 
4140	106 
4141	25 
4142	250 
4143	137 
4144	125 
4145	227 
4146	68 
4147	30 
4148	101 
4149	153 
4150	127 
4151	51 
4152	225 
4153	281 
4154	185 
4155	247 
4156	48 
4157	79 
4158	1 
4159	16 
4160	149 
4161	60 
4162	6 
4163	238 
4164	155 
4165	174 
4166	249 
4167	224 
4168	129 
4169	150 
4170	50 
4171	167 
4172	49 
4173	249 
4174	180 
4175	129 
4176	216 
4177	30 
4178	112 
4179	60 
4180	64 
4181	168 
4182	212 
4183	186 
4184	141 
4185	99 
4186	25 
4187	272 
4188	218 
4189	175 
4190	204 
4191	6 
4192	15 
4193	100 
4194	69 
4195	83 
4196	224 
4197	277 
4198	45 
4199	77 
4200	172 
4201	168 
4202	176 
4203	115 
4204	1 
4205	233 
4206	127 
4207	53 
4208	72 
4209	105 
4210	47 
4211	79 
4212	141 
4213	204 
4214	36 
4215	29 
4216	86 
4217	71 
4218	237 
4219	56 
4220	260 
4221	279 
4222	98 
4223	143 
4224	195 
4225	167 
4226	31 
4227	26 
4228	15 
4229	282 
4230	192 
4231	283 
4232	61 
4233	119 
4234	34 
4235	51 
4236	167 
4237	37 
4238	192 
4239	114 
4240	16 
4241	10 
4242	31 
4243	167 
4244	273 
4245	132 
4246	238 
4247	160 
4248	94 
4249	166 
4250	132 
4251	88 
4252	181 
4253	97 
4254	26 
4255	12 
4256	84 
4257	63 
4258	57 
4259	58 
4260	98 
4261	80 
4262	243 
4263	41 
4264	229 
4265	149 
4266	104 
4267	85 
4268	77 
4269	144 
4270	25 
4271	195 
4272	95 
4273	132 
4274	197 
4275	116 
4276	28 
4277	69 
4278	112 
4279	181 
4280	9 
4281	269 
4282	282 
4283	119 
4284	253 
4285	243 
4286	65 
4287	227 
4288	115 
4289	181 
4290	122 
4291	227 
4292	211 
4293	214 
4294	155 
4295	213 
4296	220 
4297	271 
4298	129 
4299	121 
4300	113 
4301	19 
4302	272 
4303	256 
4304	61 
4305	207 
4306	142 
4307	5 
4308	280 
4309	234 
4310	9 
4311	204 
4312	27 
4313	121 
4314	102 
4315	180 
4316	202 
4317	127 
4318	192 
4319	144 
4320	51 
4321	96 
4322	122 
4323	98 
4324	50 
4325	11 
4326	204 
4327	203 
4328	262 
4329	211 
4330	175 
4331	176 
4332	193 
4333	198 
4334	35 
4335	213 
4336	100 
4337	244 
4338	207 
4339	58 
4340	34 
4341	282 
4342	99 
4343	236 
4344	17 
4345	267 
4346	47 
4347	149 
4348	41 
4349	27 
4350	30 
4351	137 
4352	264 
4353	182 
4354	116 
4355	125 
4356	222 
4357	242 
4358	171 
4359	45 
4360	197 
4361	197 
4362	26 
4363	188 
4364	14 
4365	238 
4366	63 
4367	95 
4368	87 
4369	185 
4370	185 
4371	171 
4372	156 
4373	236 
4374	271 
4375	51 
4376	79 
4377	173 
4378	195 
4379	207 
4380	161 
4381	228 
4382	86 
4383	98 
4384	175 
4385	173 
4386	118 
4387	137 
4388	245 
4389	36 
4390	105 
4391	29 
4392	253 
4393	39 
4394	89 
4395	182 
4396	172 
4397	159 
4398	129 
4399	1 
4400	178 
4401	125 
4402	161 
4403	257 
4404	194 
4405	233 
4406	275 
4407	227 
4408	178 
4409	200 
4410	279 
4411	56 
4412	220 
4413	251 
4414	61 
4415	141 
4416	94 
4417	100 
4418	282 
4419	249 
4420	233 
4421	34 
4422	196 
4423	9 
4424	190 
4425	257 
4426	66 
4427	167 
4428	11 
4429	22 
4430	125 
4431	106 
4432	153 
4433	250 
4434	20 
4435	39 
4436	109 
4437	155 
4438	39 
4439	187 
4440	45 
4441	46 
4442	254 
4443	6 
4444	197 
4445	92 
4446	166 
4447	193 
4448	155 
4449	137 
4450	27 
4451	12 
4452	201 
4453	142 
4454	172 
4455	245 
4456	183 
4457	185 
4458	91 
4459	108 
4460	16 
4461	106 
4462	216 
4463	199 
4464	111 
4465	264 
4466	34 
4467	200 
4468	26 
4469	42 
4470	181 
4471	116 
4472	270 
4473	92 
4474	170 
4475	218 
4476	113 
4477	136 
4478	187 
4479	32 
4480	14 
4481	74 
4482	63 
4483	2 
4484	205 
4485	243 
4486	229 
4487	1 
4488	46 
4489	143 
4490	129 
4491	1 
4492	56 
4493	196 
4494	5 
4495	173 
4496	180 
4497	193 
4498	61 
4499	265 
4500	249 
4501	74 
4502	103 
4503	85 
4504	253 
4505	29 
4506	280 
4507	260 
4508	158 
4509	71 
4510	110 
4511	101 
4512	163 
4513	56 
4514	152 
4515	125 
4516	264 
4517	176 
4518	78 
4519	97 
4520	268 
4521	5 
4522	212 
4523	83 
4524	173 
4525	161 
4526	251 
4527	35 
4528	214 
4529	211 
4530	53 
4531	196 
4532	180 
4533	247 
4534	37 
4535	181 
4536	149 
4537	180 
4538	252 
4539	280 
4540	283 
4541	205 
4542	53 
4543	275 
4544	193 
4545	183 
4546	204 
4547	66 
4548	183 
4549	87 
4550	129 
4551	94 
4552	37 
4553	41 
4554	42 
4555	238 
4556	141 
4557	93 
4558	118 
4559	208 
4560	195 
4561	29 
4562	64 
4563	29 
4564	84 
4565	285 
4566	205 
4567	18 
4568	236 
4569	171 
4570	15 
4571	122 
4572	181 
4573	103 
4574	283 
4575	5 
4576	265 
4577	207 
4578	100 
4579	84 
4580	79 
4581	120 
4582	37 
4583	187 
4584	181 
4585	207 
4586	6 
4587	47 
4588	200 
4589	237 
4590	256 
4591	138 
4592	191 
4593	61 
4594	83 
4595	231 
4596	229 
4597	155 
4598	60 
4599	94 
4600	156 
4601	151 
4602	61 
4603	245 
4604	27 
4605	280 
4606	87 
4607	53 
4608	230 
4609	24 
4610	127 
4611	280 
4612	214 
4613	18 
4614	108 
4615	7 
4616	210 
4617	213 
4618	15 
4619	162 
4620	190 
4621	158 
4622	49 
4623	249 
4624	180 
4625	233 
4626	152 
4627	180 
4628	214 
4629	162 
4630	14 
4631	280 
4632	212 
4633	225 
4634	137 
4635	120 
4636	13 
4637	152 
4638	17 
4639	76 
4640	251 
4641	160 
4642	127 
4643	118 
4644	247 
4645	132 
4646	64 
4647	188 
4648	126 
4649	236 
4650	280 
4651	120 
4652	89 
4653	100 
4654	191 
4655	3 
4656	281 
4657	108 
4658	268 
4659	259 
4660	118 
4661	252 
4662	188 
4663	17 
4664	185 
4665	125 
4666	186 
4667	56 
4668	45 
4669	260 
4670	229 
4671	120 
4672	234 
4673	196 
4674	275 
4675	279 
4676	141 
4677	227 
4678	65 
4679	3 
4680	49 
4681	247 
4682	136 
4683	162 
4684	193 
4685	19 
4686	31 
4687	87 
4688	239 
4689	168 
4690	38 
4691	161 
4692	85 
4693	285 
4694	13 
4695	250 
4696	1 
4697	137 
4698	208 
4699	208 
4700	127 
4701	68 
4702	265 
4703	84 
4704	104 
4705	184 
4706	273 
4707	86 
4708	193 
4709	88 
4710	105 
4711	41 
4712	229 
4713	150 
4714	83 
4715	11 
4716	259 
4717	150 
4718	122 
4719	207 
4720	127 
4721	257 
4722	269 
4723	216 
4724	174 
4725	173 
4726	221 
4727	1 
4728	174 
4729	88 
4730	54 
4731	170 
4732	145 
4733	150 
4734	151 
4735	162 
4736	249 
4737	61 
4738	174 
4739	6 
4740	84 
4741	108 
4742	41 
4743	242 
4744	133 
4745	15 
4746	163 
4747	213 
4748	225 
4749	260 
4750	11 
4751	193 
4752	110 
4753	99 
4754	86 
4755	192 
4756	49 
4757	273 
4758	150 
4759	14 
4760	91 
4761	227 
4762	10 
4763	105 
4764	208 
4765	184 
4766	91 
4767	279 
4768	152 
4769	122 
4770	27 
4771	125 
4772	153 
4773	33 
4774	38 
4775	195 
4776	19 
4777	31 
4778	202 
4779	208 
4780	77 
4781	20 
4782	238 
4783	103 
4784	36 
4785	231 
4786	80 
4787	153 
4788	272 
4789	137 
4790	1 
4791	254 
4792	168 
4793	29 
4794	236 
4795	39 
4796	273 
4797	197 
4798	230 
4799	136 
4800	257 
4801	120 
4802	64 
4803	54 
4804	91 
4805	202 
4806	250 
4807	132 
4808	283 
4809	113 
4810	29 
4811	28 
4812	231 
4813	66 
4814	9 
4815	24 
4816	121 
4817	231 
4818	260 
4819	48 
4820	145 
4821	259 
4822	119 
4823	183 
4824	269 
4825	231 
4826	152 
4827	138 
4828	236 
4829	5 
4830	45 
4831	210 
4832	151 
4833	176 
4834	54 
4835	86 
4836	138 
4837	157 
4838	153 
4839	182 
4840	150 
4841	185 
4842	172 
4843	156 
4844	17 
4845	269 
4846	93 
4847	5 
4848	56 
4849	92 
4850	255 
4851	9 
4852	69 
4853	258 
4854	202 
4855	227 
4856	182 
4857	79 
4858	272 
4859	115 
4860	126 
4861	51 
4862	205 
4863	136 
4864	161 
4865	100 
4866	34 
4867	260 
4868	113 
4869	211 
4870	12 
4871	189 
4872	53 
4873	48 
4874	137 
4875	214 
4876	2 
4877	268 
4878	250 
4879	224 
4880	197 
4881	105 
4882	204 
4883	11 
4884	9 
4885	195 
4886	204 
4887	210 
4888	258 
4889	221 
4890	119 
4891	136 
4892	34 
4893	150 
4894	150 
4895	275 
4896	63 
4897	239 
4898	279 
4899	32 
4900	68 
4901	72 
4902	27 
4903	100 
4904	177 
4905	175 
4906	88 
4907	78 
4908	273 
4909	259 
4910	253 
4911	170 
4912	2 
4913	101 
4914	285 
4915	158 
4916	74 
4917	151 
4918	269 
4919	64 
4920	187 
4921	239 
4922	80 
4923	229 
4924	204 
4925	150 
4926	24 
4927	244 
4928	96 
4929	267 
4930	208 
4931	38 
4932	126 
4933	102 
4934	193 
4935	184 
4936	245 
4937	141 
4938	149 
4939	222 
4940	138 
4941	118 
4942	101 
4943	98 
4944	204 
4945	180 
4946	229 
4947	132 
4948	20 
4949	150 
4950	91 
4951	22 
4952	258 
4953	156 
4954	19 
4955	142 
4956	74 
4957	268 
4958	210 
4959	275 
4960	29 
4961	133 
4962	191 
4963	161 
4964	77 
4965	170 
4966	75 
4967	145 
4968	19 
4969	111 
4970	34 
4971	242 
4972	245 
4973	17 
4974	183 
4975	13 
4976	34 
4977	175 
4978	243 
4979	229 
4980	85 
4981	167 
4982	233 
4983	108 
4984	277 
4985	243 
4986	277 
4987	222 
4988	133 
4989	48 
4990	156 
4991	7 
4992	133 
4993	236 
4994	231 
4995	202 
4996	7 
4997	245 
4998	183 
4999	66 
5000	57 
5001	110 
5002	221 
5003	24 
5004	175 
5005	254 
5006	137 
5007	142 
5008	84 
5009	170 
5010	202 
5011	100 
5012	7 
5013	49 
5014	176 
5015	80 
5016	270 
5017	158 
5018	192 
5019	7 
5020	168 
5021	131 
5022	1 
5023	252 
5024	29 
5025	14 
5026	188 
5027	28 
5028	103 
5029	120 
5030	68 
5031	54 
5032	151 
5033	142 
5034	7 
5035	77 
5036	185 
5037	128 
5038	112 
5039	163 
5040	85 
5041	51 
5042	159 
5043	247 
5044	249 
5045	42 
5046	11 
5047	54 
5048	32 
5049	273 
5050	279 
5051	210 
5052	152 
5053	47 
5054	92 
5055	145 
5056	260 
5057	252 
5058	74 
5059	108 
5060	84 
5061	166 
5062	227 
5063	262 
5064	31 
5065	189 
5066	196 
5067	277 
5068	251 
5069	177 
5070	119 
5071	138 
5072	132 
5073	14 
5074	252 
5075	120 
5076	26 
5077	277 
5078	171 
5079	15 
5080	54 
5081	251 
5082	111 
5083	183 
5084	15 
5085	48 
5086	181 
5087	151 
5088	156 
5089	144 
5090	83 
5091	243 
5092	220 
5093	186 
5094	285 
5095	35 
5096	212 
5097	84 
5098	260 
5099	28 
5100	94 
5101	30 
5102	72 
5103	137 
5104	78 
5105	277 
5106	151 
5107	151 
5108	218 
5109	218 
5110	65 
5111	176 
5112	198 
5113	60 
5114	97 
5115	110 
5116	245 
5117	185 
5118	145 
5119	161 
5120	120 
5121	3 
5122	216 
5123	118 
5124	186 
5125	239 
5126	176 
5127	265 
5128	26 
5129	19 
5130	267 
5131	29 
5132	160 
5133	264 
5134	25 
5135	267 
5136	56 
5137	7 
5138	142 
5139	257 
5140	33 
5141	71 
5142	128 
5143	42 
5144	203 
5145	191 
5146	54 
5147	127 
5148	81 
5149	189 
5150	145 
5151	195 
5152	149 
5153	252 
5154	262 
5155	13 
5156	160 
5157	48 
5158	102 
5159	5 
5160	159 
5161	283 
5162	12 
5163	264 
5164	104 
5165	119 
5166	243 
5167	247 
5168	143 
5169	181 
5170	129 
5171	195 
5172	24 
5173	53 
5174	212 
5175	57 
5176	236 
5177	137 
5178	160 
5179	187 
5180	75 
5181	186 
5182	224 
5183	122 
5184	133 
5185	120 
5186	9 
5187	191 
5188	202 
5189	139 
5190	162 
5191	171 
5192	121 
5193	19 
5194	207 
5195	182 
5196	150 
5197	269 
5198	273 
5199	42 
5200	259 
5201	182 
5202	46 
5203	175 
5204	89 
5205	220 
5206	93 
5207	121 
5208	30 
5209	79 
5210	277 
5211	26 
5212	145 
5213	222 
5214	35 
5215	243 
5216	222 
5217	249 
5218	283 
5219	5 
5220	153 
5221	10 
5222	156 
5223	267 
5224	222 
5225	57 
5226	1 
5227	10 
5228	125 
5229	255 
5230	51 
5231	220 
5232	279 
5233	121 
5234	60 
5235	231 
5236	186 
5237	63 
5238	258 
5239	60 
5240	45 
5241	185 
5242	207 
5243	210 
5244	256 
5245	26 
5246	229 
5247	22 
5248	122 
5249	229 
5250	244 
5251	71 
5252	243 
5253	105 
5254	192 
5255	56 
5256	180 
5257	189 
5258	152 
5259	180 
5260	101 
5261	251 
5262	169 
5263	112 
5264	270 
5265	185 
5266	7 
5267	26 
5268	1 
5269	94 
5270	119 
5271	25 
5272	14 
5273	234 
5274	184 
5275	198 
5276	157 
5277	60 
5278	63 
5279	227 
5280	15 
5281	29 
5282	256 
5283	185 
5284	33 
5285	35 
5286	176 
5287	243 
5288	254 
5289	114 
5290	218 
5291	221 
5292	245 
5293	17 
5294	6 
5295	132 
5296	157 
5297	277 
5298	195 
5299	25 
5300	250 
5301	254 
5302	151 
5303	118 
5304	237 
5305	110 
5306	45 
5307	50 
5308	208 
5309	41 
5310	214 
5311	48 
5312	196 
5313	120 
5314	102 
5315	243 
5316	17 
5317	114 
5318	155 
5319	230 
5320	198 
5321	143 
5322	45 
5323	24 
5324	193 
5325	231 
5326	95 
5327	188 
5328	46 
5329	98 
5330	47 
5331	244 
5332	237 
5333	161 
5334	191 
5335	163 
5336	139 
5337	180 
5338	207 
5339	111 
5340	242 
5341	170 
5342	244 
5343	38 
5344	256 
5345	242 
5346	213 
5347	152 
5348	168 
5349	17 
5350	142 
5351	133 
5352	243 
5353	267 
5354	27 
5355	233 
5356	236 
5357	258 
5358	98 
5359	231 
5360	65 
5361	5 
5362	121 
5363	80 
5364	260 
5365	162 
5366	42 
5367	104 
5368	192 
5369	231 
5370	181 
5371	91 
5372	281 
5373	50 
5374	85 
5375	105 
5376	224 
5377	138 
5378	159 
5379	37 
5380	171 
5381	144 
5382	111 
5383	27 
5384	15 
5385	199 
5386	56 
5387	239 
5388	51 
5389	192 
5390	175 
5391	42 
5392	113 
5393	207 
5394	87 
5395	259 
5396	183 
5397	116 
5398	258 
5399	116 
5400	120 
5401	151 
5402	205 
5403	199 
5404	259 
5405	273 
5406	63 
5407	225 
5408	42 
5409	187 
5410	253 
5411	256 
5412	31 
5413	25 
5414	237 
5415	69 
5416	42 
5417	105 
5418	168 
5419	221 
5420	110 
5421	237 
5422	141 
5423	51 
5424	38 
5425	239 
5426	229 
5427	50 
5428	167 
5429	50 
5430	208 
5431	149 
5432	283 
5433	275 
5434	277 
5435	100 
5436	36 
5437	158 
5438	126 
5439	77 
5440	10 
5441	157 
5442	273 
5443	156 
5444	163 
5445	50 
5446	220 
5447	1 
5448	97 
5449	127 
5450	97 
5451	156 
5452	220 
5453	139 
5454	126 
5455	5 
5456	234 
5457	128 
5458	207 
5459	74 
5460	212 
5461	239 
5462	114 
5463	111 
5464	2 
5465	203 
5466	94 
5467	193 
5468	170 
5469	2 
5470	184 
5471	53 
5472	282 
5473	244 
5474	105 
5475	81 
5476	200 
5477	19 
5478	69 
5479	69 
5480	87 
5481	49 
5482	80 
5483	136 
5484	112 
5485	225 
5486	102 
5487	45 
5488	24 
5489	174 
5490	162 
5491	161 
5492	71 
5493	224 
5494	36 
5495	139 
5496	190 
5497	111 
5498	196 
5499	15 
5500	31 
5501	158 
5502	196 
5503	99 
5504	69 
5505	45 
5506	273 
5507	270 
5508	100 
5509	122 
5510	268 
5511	119 
5512	1 
5513	19 
5514	119 
5515	133 
5516	265 
5517	84 
5518	166 
5519	29 
5520	12 
5521	64 
5522	159 
5523	254 
5524	129 
5525	168 
5526	283 
5527	138 
5528	14 
5529	94 
5530	155 
5531	190 
5532	2 
5533	191 
5534	158 
5535	149 
5536	156 
5537	211 
5538	22 
5539	162 
5540	33 
5541	65 
5542	275 
5543	9 
5544	180 
5545	149 
5546	162 
5547	197 
5548	128 
5549	18 
5550	56 
5551	34 
5552	208 
5553	230 
5554	33 
5555	36 
5556	22 
5557	108 
5558	237 
5559	50 
5560	5 
5561	221 
5562	168 
5563	60 
5564	153 
5565	264 
5566	5 
5567	234 
5568	139 
5569	105 
5570	63 
5571	95 
5572	129 
5573	92 
5574	198 
5575	94 
5576	210 
5577	113 
5578	281 
5579	12 
5580	168 
5581	28 
5582	17 
5583	94 
5584	128 
5585	267 
5586	108 
5587	74 
5588	245 
5589	100 
5590	114 
5591	91 
5592	151 
5593	169 
5594	229 
5595	196 
5596	83 
5597	7 
5598	122 
5599	94 
5600	131 
5601	2 
5602	71 
5603	22 
5604	37 
5605	172 
5606	87 
5607	156 
5608	77 
5609	257 
5610	233 
5611	64 
5612	27 
5613	233 
5614	28 
5615	150 
5616	11 
5617	244 
5618	198 
5619	95 
5620	244 
5621	173 
5622	48 
5623	225 
5624	34 
5625	29 
5626	153 
5627	207 
5628	243 
5629	11 
5630	77 
5631	15 
5632	204 
5633	118 
5634	211 
5635	37 
5636	257 
5637	57 
5638	141 
5639	142 
5640	121 
5641	68 
5642	30 
5643	196 
5644	33 
5645	220 
5646	249 
5647	266 
5648	51 
5649	186 
5650	65 
5651	85 
5652	10 
5653	270 
5654	78 
5655	5 
5656	114 
5657	252 
5658	37 
5659	46 
5660	104 
5661	231 
5662	118 
5663	27 
5664	269 
5665	141 
5666	156 
5667	138 
5668	5 
5669	116 
5670	180 
5671	196 
5672	266 
5673	93 
5674	255 
5675	184 
5676	173 
5677	149 
5678	41 
5679	63 
5680	256 
5681	213 
5682	128 
5683	138 
5684	32 
5685	10 
5686	72 
5687	249 
5688	51 
5689	112 
5690	161 
5691	174 
5692	184 
5693	252 
5694	283 
5695	1 
5696	72 
5697	161 
5698	237 
5699	269 
5700	112 
5701	128 
5702	1 
5703	277 
5704	256 
5705	167 
5706	128 
5707	227 
5708	199 
5709	74 
5710	34 
5711	190 
5712	11 
5713	20 
5714	195 
5715	256 
5716	151 
5717	180 
5718	24 
5719	159 
5720	214 
5721	95 
5722	12 
5723	30 
5724	98 
5725	15 
5726	210 
5727	14 
5728	220 
5729	119 
5730	244 
5731	176 
5732	257 
5733	5 
5734	92 
5735	168 
5736	60 
5737	234 
5738	81 
5739	51 
5740	239 
5741	113 
5742	101 
5743	227 
5744	7 
5745	259 
5746	65 
5747	30 
5748	277 
5749	14 
5750	26 
5751	150 
5752	1 
5753	256 
5754	64 
5755	173 
5756	26 
5757	244 
5758	254 
5759	66 
5760	258 
5761	126 
5762	32 
5763	49 
5764	213 
5765	111 
5766	168 
5767	119 
5768	2 
5769	265 
5770	128 
5771	172 
5772	54 
5773	222 
5774	39 
5775	245 
5776	189 
5777	211 
5778	96 
5779	210 
5780	245 
5781	207 
5782	139 
5783	162 
5784	197 
5785	252 
5786	56 
5787	270 
5788	116 
5789	189 
5790	273 
5791	144 
5792	144 
5793	64 
5794	38 
5795	233 
5796	211 
5797	163 
5798	99 
5799	131 
5800	75 
5801	249 
5802	75 
5803	214 
5804	220 
5805	252 
5806	182 
5807	236 
5808	94 
5809	256 
5810	204 
5811	49 
5812	222 
5813	81 
5814	187 
5815	204 
5816	110 
5817	269 
5818	99 
5819	145 
5820	22 
5821	29 
5822	186 
5823	86 
5824	68 
5825	89 
5826	38 
5827	11 
5828	245 
5829	159 
5830	41 
5831	158 
5832	158 
5833	136 
5834	212 
5835	65 
5836	78 
5837	231 
5838	119 
5839	39 
5840	25 
5841	86 
5842	178 
5843	6 
5844	281 
5845	183 
5846	162 
5847	269 
5848	142 
5849	273 
5850	113 
5851	204 
5852	264 
5853	279 
5854	174 
5855	114 
5856	47 
5857	50 
5858	176 
5859	155 
5860	159 
5861	6 
5862	85 
5863	104 
5864	185 
5865	77 
5866	279 
5867	112 
5868	197 
5869	94 
5870	11 
5871	155 
5872	89 
5873	56 
5874	139 
5875	84 
5876	172 
5877	255 
5878	149 
5879	229 
5880	45 
5881	213 
5882	101 
5883	81 
5884	141 
5885	50 
5886	13 
5887	84 
5888	214 
5889	185 
5890	105 
5891	197 
5892	229 
5893	183 
5894	69 
5895	11 
5896	6 
5897	208 
5898	188 
5899	129 
5900	33 
5901	97 
5902	203 
5903	100 
5904	172 
5905	174 
5906	24 
5907	34 
5908	110 
5909	46 
5910	137 
5911	49 
5912	176 
5913	69 
5914	185 
5915	257 
5916	79 
5917	54 
5918	236 
5919	141 
5920	279 
5921	75 
5922	51 
5923	188 
5924	14 
5925	25 
5926	128 
5927	225 
5928	111 
5929	38 
5930	236 
5931	200 
5932	75 
5933	254 
5934	268 
5935	12 
5936	110 
5937	42 
5938	94 
5939	211 
5940	178 
5941	264 
5942	100 
5943	167 
5944	181 
5945	280 
5946	92 
5947	129 
5948	198 
5949	51 
5950	91 
5951	176 
5952	15 
5953	125 
5954	119 
5955	153 
5956	199 
5957	131 
5958	116 
5959	67 
5960	282 
5961	46 
5962	256 
5963	95 
5964	50 
5965	244 
5966	190 
5967	182 
5968	38 
5969	231 
5970	282 
5971	133 
5972	237 
5973	77 
5974	264 
5975	37 
5976	137 
5977	245 
5978	280 
5979	283 
5980	171 
5981	178 
5982	183 
5983	259 
5984	121 
5985	11 
5986	85 
5987	128 
5988	207 
5989	205 
5990	197 
5991	139 
5992	260 
5993	139 
5994	116 
5995	46 
5996	279 
5997	122 
5998	207 
5999	213 
6000	255 
6001	277 
6002	255 
6003	3 
6004	143 
6005	28 
6006	18 
6007	195 
6008	243 
6009	75 
6010	144 
6011	76 
6012	161 
6013	18 
6014	87 
6015	264 
6016	259 
6017	202 
6018	216 
6019	143 
6020	184 
6021	180 
6022	45 
6023	236 
6024	139 
6025	126 
6026	133 
6027	106 
6028	172 
6029	281 
6030	97 
6031	83 
6032	268 
6033	119 
6034	282 
6035	258 
6036	78 
6037	170 
6038	159 
6039	46 
6040	151 
6041	32 
6042	96 
6043	89 
6044	84 
6045	166 
6046	110 
6047	181 
6048	139 
6049	35 
6050	190 
6051	27 
6052	5 
6053	196 
6054	196 
6055	12 
6056	187 
6057	174 
6058	229 
6059	162 
6060	282 
6061	153 
6062	1 
6063	196 
6064	74 
6065	186 
6066	150 
6067	96 
6068	86 
6069	156 
6070	104 
6071	270 
6072	254 
6073	225 
6074	273 
6075	65 
6076	64 
6077	269 
6078	166 
6079	258 
6080	10 
6081	205 
6082	203 
6083	42 
6084	108 
6085	26 
6086	178 
6087	11 
6088	212 
6089	245 
6090	204 
6091	92 
6092	97 
6093	202 
6094	187 
6095	121 
6096	65 
6097	116 
6098	30 
6099	163 
6100	222 
6101	17 
6102	260 
6103	72 
6104	136 
6105	132 
6106	208 
6107	92 
6108	253 
6109	34 
6110	225 
6111	127 
6112	174 
6113	33 
6114	137 
6115	216 
6116	216 
6117	9 
6118	207 
6119	159 
6120	64 
6121	252 
6122	126 
6123	175 
6124	162 
6125	127 
6126	257 
6127	279 
6128	126 
6129	108 
6130	67 
6131	92 
6132	63 
6133	166 
6134	110 
6135	212 
6136	200 
6137	11 
6138	94 
6139	36 
6140	132 
6141	63 
6142	129 
6143	173 
6144	113 
6145	29 
6146	244 
6147	267 
6148	187 
6149	237 
6150	166 
6151	89 
6152	264 
6153	242 
6154	84 
6155	116 
6156	169 
6157	229 
6158	152 
6159	96 
6160	256 
6161	14 
6162	143 
6163	225 
6164	208 
6165	92 
6166	103 
6167	212 
6168	95 
6169	216 
6170	141 
6171	280 
6172	187 
6173	29 
6174	41 
6175	83 
6176	110 
6177	54 
6178	253 
6179	212 
6180	98 
6181	257 
6182	10 
6183	48 
6184	60 
6185	155 
6186	136 
6187	255 
6188	139 
6189	203 
6190	183 
6191	197 
6192	231 
6193	122 
6194	163 
6195	244 
6196	46 
6197	224 
6198	22 
6199	35 
6200	265 
6201	253 
6202	163 
6203	27 
6204	221 
6205	15 
6206	249 
6207	196 
6208	282 
6209	74 
6210	257 
6211	242 
6212	188 
6213	17 
6214	259 
6215	56 
6216	196 
6217	152 
6218	168 
6219	237 
6220	225 
6221	60 
6222	13 
6223	11 
6224	76 
6225	50 
6226	155 
6227	71 
6228	36 
6229	2 
6230	104 
6231	121 
6232	49 
6233	159 
6234	1 
6235	87 
6236	279 
6237	225 
6238	10 
6239	275 
6240	25 
6241	91 
6242	185 
6243	188 
6244	106 
6245	212 
6246	205 
6247	275 
6248	114 
6249	69 
6250	67 
6251	26 
6252	159 
6253	10 
6254	119 
6255	74 
6256	231 
6257	125 
6258	139 
6259	184 
6260	153 
6261	17 
6262	17 
6263	190 
6264	114 
6265	81 
6266	157 
6267	250 
6268	149 
6269	50 
6270	77 
6271	6 
6272	224 
6273	103 
6274	277 
6275	50 
6276	95 
6277	156 
6278	191 
6279	34 
6280	128 
6281	151 
6282	1 
6283	230 
6284	208 
6285	187 
6286	255 
6287	236 
6288	138 
6289	237 
6290	27 
6291	141 
6292	178 
6293	213 
6294	34 
6295	65 
6296	101 
6297	255 
6298	1 
6299	112 
6300	95 
6301	106 
6302	86 
6303	236 
6304	99 
6305	259 
6306	144 
6307	167 
6308	143 
6309	182 
6310	108 
6311	9 
6312	101 
6313	167 
6314	35 
6315	136 
6316	39 
6317	87 
6318	112 
6319	71 
6320	281 
6321	34 
6322	252 
6323	92 
6324	56 
6325	79 
6326	101 
6327	32 
6328	176 
6329	166 
6330	64 
6331	190 
6332	121 
6333	34 
6334	15 
6335	41 
6336	113 
6337	11 
6338	183 
6339	198 
6340	279 
6341	24 
6342	182 
6343	13 
6344	151 
6345	158 
6346	126 
6347	163 
6348	188 
6349	87 
6350	9 
6351	211 
6352	33 
6353	173 
6354	173 
6355	121 
6356	173 
6357	144 
6358	68 
6359	26 
6360	57 
6361	203 
6362	152 
6363	15 
6364	126 
6365	41 
6366	14 
6367	99 
6368	187 
6369	182 
6370	6 
6371	153 
6372	28 
6373	236 
6374	89 
6375	205 
6376	54 
6377	211 
6378	11 
6379	180 
6380	114 
6381	212 
6382	187 
6383	212 
6384	266 
6385	279 
6386	138 
6387	199 
6388	63 
6389	122 
6390	35 
6391	275 
6392	128 
6393	250 
6394	28 
6395	72 
6396	144 
6397	95 
6398	10 
6399	166 
6400	257 
6401	128 
6402	26 
6403	245 
6404	91 
6405	106 
6406	273 
6407	68 
6408	255 
6409	1 
6410	89 
6411	114 
6412	106 
6413	258 
6414	196 
6415	18 
6416	136 
6417	169 
6418	112 
6419	98 
6420	141 
6421	204 
6422	95 
6423	94 
6424	167 
6425	84 
6426	213 
6427	46 
6428	33 
6429	42 
6430	77 
6431	116 
6432	275 
6433	84 
6434	12 
6435	212 
6436	112 
6437	163 
6438	28 
6439	255 
6440	190 
6441	196 
6442	86 
6443	216 
6444	259 
6445	10 
6446	41 
6447	97 
6448	277 
6449	50 
6450	237 
6451	143 
6452	96 
6453	252 
6454	122 
6455	283 
6456	252 
6457	257 
6458	111 
6459	18 
6460	279 
6461	155 
6462	57 
6463	25 
6464	12 
6465	84 
6466	1 
6467	196 
6468	239 
6469	282 
6470	50 
6471	233 
6472	213 
6473	28 
6474	182 
6475	6 
6476	138 
6477	122 
6478	243 
6479	152 
6480	158 
6481	51 
6482	252 
6483	37 
6484	200 
6485	224 
6486	96 
6487	11 
6488	111 
6489	19 
6490	242 
6491	49 
6492	162 
6493	92 
6494	36 
6495	252 
6496	265 
6497	151 
6498	34 
6499	84 
6500	196 
6501	80 
6502	229 
6503	155 
6504	152 
6505	161 
6506	211 
6507	259 
6508	244 
6509	233 
6510	2 
6511	86 
6512	121 
6513	29 
6514	230 
6515	192 
6516	249 
6517	98 
6518	188 
6519	7 
6520	34 
6521	153 
6522	157 
6523	268 
6524	1 
6525	116 
6526	153 
6527	80 
6528	60 
6529	178 
6530	63 
6531	176 
6532	42 
6533	6 
6534	63 
6535	2 
6536	190 
6537	277 
6538	150 
6539	9 
6540	143 
6541	69 
6542	71 
6543	141 
6544	229 
6545	204 
6546	191 
6547	176 
6548	29 
6549	27 
6550	87 
6551	96 
6552	75 
6553	12 
6554	150 
6555	204 
6556	14 
6557	37 
6558	191 
6559	188 
6560	47 
6561	100 
6562	188 
6563	222 
6564	187 
6565	220 
6566	39 
6567	255 
6568	204 
6569	216 
6570	233 
6571	273 
6572	72 
6573	266 
6574	170 
6575	233 
6576	72 
6577	106 
6578	250 
6579	198 
6580	172 
6581	121 
6582	184 
6583	224 
6584	269 
6585	30 
6586	104 
6587	216 
6588	78 
6589	188 
6590	125 
6591	151 
6592	74 
6593	237 
6594	7 
6595	195 
6596	105 
6597	270 
6598	36 
6599	57 
6600	208 
6601	6 
6602	45 
6603	114 
6604	221 
6605	188 
6606	167 
6607	91 
6608	13 
6609	38 
6610	75 
6611	253 
6612	79 
6613	35 
6614	103 
6615	149 
6616	151 
6617	187 
6618	97 
6619	95 
6620	185 
6621	282 
6622	184 
6623	175 
6624	155 
6625	106 
6626	97 
6627	22 
6628	24 
6629	25 
6630	113 
6631	136 
6632	141 
6633	128 
6634	9 
6635	98 
6636	144 
6637	96 
6638	234 
6639	64 
6640	151 
6641	270 
6642	175 
6643	57 
6644	56 
6645	113 
6646	29 
6647	277 
6648	216 
6649	243 
6650	96 
6651	120 
6652	203 
6653	230 
6654	255 
6655	267 
6656	28 
6657	204 
6658	60 
6659	34 
6660	176 
6661	157 
6662	273 
6663	239 
6664	22 
6665	281 
6666	195 
6667	157 
6668	92 
6669	89 
6670	202 
6671	208 
6672	222 
6673	133 
6674	60 
6675	84 
6676	207 
6677	178 
6678	120 
6679	138 
6680	222 
6681	84 
6682	15 
6683	268 
6684	19 
6685	252 
6686	125 
6687	92 
6688	212 
6689	186 
6690	129 
6691	234 
6692	38 
6693	121 
6694	196 
6695	236 
6696	10 
6697	95 
6698	24 
6699	112 
6700	26 
6701	35 
6702	65 
6703	111 
6704	113 
6705	233 
6706	158 
6707	145 
6708	180 
6709	64 
6710	5 
6711	121 
6712	200 
6713	136 
6714	10 
6715	32 
6716	47 
6717	244 
6718	256 
6719	267 
6720	225 
6721	103 
6722	225 
6723	125 
6724	243 
6725	167 
6726	86 
6727	113 
6728	187 
6729	28 
6730	89 
6731	116 
6732	30 
6733	120 
6734	128 
6735	14 
6736	99 
6737	196 
6738	266 
6739	190 
6740	77 
6741	18 
6742	250 
6743	83 
6744	222 
6745	203 
6746	167 
6747	234 
6748	32 
6749	98 
6750	202 
6751	172 
6752	214 
6753	57 
6754	250 
6755	87 
6756	49 
6757	19 
6758	265 
6759	182 
6760	151 
6761	30 
6762	156 
6763	24 
6764	277 
6765	257 
6766	237 
6767	207 
6768	192 
6769	9 
6770	30 
6771	141 
6772	11 
6773	138 
6774	71 
6775	156 
6776	183 
6777	11 
6778	270 
6779	258 
6780	245 
6781	207 
6782	186 
6783	37 
6784	149 
6785	47 
6786	99 
6787	60 
6788	75 
6789	97 
6790	198 
6791	137 
6792	234 
6793	249 
6794	121 
6795	202 
6796	19 
6797	74 
6798	190 
6799	192 
6800	181 
6801	57 
6802	36 
6803	136 
6804	258 
6805	252 
6806	203 
6807	198 
6808	167 
6809	207 
6810	114 
6811	163 
6812	168 
6813	244 
6814	138 
6815	24 
6816	207 
6817	45 
6818	28 
6819	275 
6820	63 
6821	6 
6822	156 
6823	27 
6824	34 
6825	175 
6826	106 
6827	192 
6828	137 
6829	143 
6830	42 
6831	14 
6832	101 
6833	236 
6834	168 
6835	91 
6836	116 
6837	159 
6838	256 
6839	208 
6840	51 
6841	74 
6842	143 
6843	212 
6844	225 
6845	182 
6846	265 
6847	85 
6848	187 
6849	273 
6850	227 
6851	111 
6852	63 
6853	89 
6854	191 
6855	234 
6856	127 
6857	67 
6858	103 
6859	163 
6860	80 
6861	18 
6862	270 
6863	185 
6864	113 
6865	22 
6866	75 
6867	97 
6868	137 
6869	184 
6870	45 
6871	227 
6872	151 
6873	11 
6874	244 
6875	49 
6876	68 
6877	57 
6878	256 
6879	252 
6880	75 
6881	224 
6882	175 
6883	2 
6884	242 
6885	25 
6886	167 
6887	116 
6888	125 
6889	205 
6890	127 
6891	266 
6892	120 
6893	229 
6894	122 
6895	227 
6896	63 
6897	132 
6898	138 
6899	252 
6900	212 
6901	39 
6902	49 
6903	97 
6904	24 
6905	80 
6906	83 
6907	141 
6908	41 
6909	213 
6910	249 
6911	250 
6912	122 
6913	259 
6914	2 
6915	283 
6916	212 
6917	283 
6918	178 
6919	175 
6920	244 
6921	2 
6922	108 
6923	152 
6924	158 
6925	167 
6926	195 
6927	220 
6928	83 
6929	110 
6930	283 
6931	180 
6932	35 
6933	60 
6934	60 
6935	143 
6936	180 
6937	72 
6938	267 
6939	96 
6940	249 
6941	252 
6942	175 
6943	68 
6944	204 
6945	139 
6946	136 
6947	208 
6948	71 
6949	108 
6950	10 
6951	26 
6952	28 
6953	161 
6954	167 
6955	279 
6956	273 
6957	273 
6958	32 
6959	227 
6960	175 
6961	29 
6962	9 
6963	224 
6964	72 
6965	161 
6966	211 
6967	207 
6968	279 
6969	19 
6970	233 
6971	214 
6972	106 
6973	279 
6974	231 
6975	111 
6976	22 
6977	91 
6978	11 
6979	255 
6980	36 
6981	45 
6982	159 
6983	56 
6984	45 
6985	205 
6986	143 
6987	42 
6988	269 
6989	269 
6990	64 
6991	65 
6992	33 
6993	112 
6994	132 
6995	236 
6996	249 
6997	149 
6998	269 
6999	106 
7000	225 
7001	91 
7002	145 
7003	77 
7004	153 
7005	153 
7006	227 
7007	161 
7008	191 
7009	89 
7010	114 
7011	67 
7012	99 
7013	37 
7014	15 
7015	34 
7016	213 
7017	212 
7018	270 
7019	112 
7020	132 
7021	158 
7022	183 
7023	183 
7024	270 
7025	281 
7026	80 
7027	281 
7028	19 
7029	138 
7030	275 
7031	150 
7032	207 
7033	152 
7034	267 
7035	163 
7036	63 
7037	80 
7038	111 
7039	196 
7040	47 
7041	151 
7042	14 
7043	266 
7044	94 
7045	11 
7046	60 
7047	243 
7048	120 
7049	114 
7050	188 
7051	60 
7052	236 
7053	231 
7054	159 
7055	149 
7056	13 
7057	144 
7058	187 
7059	47 
7060	37 
7061	6 
7062	269 
7063	125 
7064	63 
7065	185 
7066	178 
7067	133 
7068	67 
7069	1 
7070	141 
7071	85 
7072	127 
7073	273 
7074	141 
7075	105 
7076	54 
7077	268 
7078	138 
7079	42 
7080	36 
7081	225 
7082	175 
7083	225 
7084	111 
7085	269 
7086	46 
7087	94 
7088	84 
7089	29 
7090	91 
7091	182 
7092	35 
7093	213 
7094	25 
7095	281 
7096	60 
7097	120 
7098	243 
7099	110 
7100	236 
7101	87 
7102	243 
7103	41 
7104	98 
7105	273 
7106	67 
7107	187 
7108	188 
7109	167 
7110	112 
7111	157 
7112	153 
7113	63 
7114	25 
7115	205 
7116	46 
7117	277 
7118	46 
7119	281 
7120	273 
7121	143 
7122	281 
7123	29 
7124	214 
7125	32 
7126	280 
7127	67 
7128	25 
7129	108 
7130	9 
7131	50 
7132	163 
7133	211 
7134	57 
7135	145 
7136	244 
7137	172 
7138	121 
7139	68 
7140	243 
7141	132 
7142	245 
7143	45 
7144	94 
7145	275 
7146	145 
7147	156 
7148	75 
7149	133 
7150	236 
7151	110 
7152	172 
7153	283 
7154	237 
7155	202 
7156	211 
7157	103 
7158	268 
7159	161 
7160	84 
7161	28 
7162	101 
7163	97 
7164	220 
7165	71 
7166	78 
7167	108 
7168	14 
7169	157 
7170	27 
7171	242 
7172	220 
7173	33 
7174	192 
7175	106 
7176	5 
7177	188 
7178	244 
7179	204 
7180	138 
7181	72 
7182	22 
7183	84 
7184	112 
7185	149 
7186	46 
7187	144 
7188	5 
7189	42 
7190	122 
7191	198 
7192	141 
7193	132 
7194	133 
7195	34 
7196	114 
7197	108 
7198	270 
7199	36 
7200	91 
7201	221 
7202	15 
7203	125 
7204	188 
7205	95 
7206	46 
7207	28 
7208	266 
7209	85 
7210	80 
7211	144 
7212	159 
7213	133 
7214	242 
7215	22 
7216	36 
7217	47 
7218	126 
7219	236 
7220	57 
7221	18 
7222	54 
7223	176 
7224	19 
7225	205 
7226	24 
7227	151 
7228	167 
7229	32 
7230	267 
7231	85 
7232	269 
7233	80 
7234	157 
7235	63 
7236	101 
7237	103 
7238	39 
7239	176 
7240	121 
7241	106 
7242	163 
7243	91 
7244	51 
7245	101 
7246	225 
7247	108 
7248	187 
7249	137 
7250	50 
7251	103 
7252	227 
7253	244 
7254	98 
7255	36 
7256	258 
7257	34 
7258	28 
7259	68 
7260	207 
7261	98 
7262	136 
7263	29 
7264	64 
7265	212 
7266	258 
7267	19 
7268	28 
7269	72 
7270	265 
7271	198 
7272	234 
7273	202 
7274	33 
7275	178 
7276	237 
7277	92 
7278	270 
7279	245 
7280	269 
7281	71 
7282	46 
7283	168 
7284	202 
7285	51 
7286	126 
7287	133 
7288	195 
7289	68 
7290	150 
7291	259 
7292	249 
7293	67 
7294	138 
7295	138 
7296	198 
7297	95 
7298	273 
7299	96 
7300	6 
7301	10 
7302	153 
7303	68 
7304	250 
7305	150 
7306	60 
7307	60 
7308	275 
7309	244 
7310	275 
7311	67 
7312	275 
7313	144 
7314	157 
7315	57 
7316	108 
7317	175 
7318	50 
7319	49 
7320	110 
7321	22 
7322	244 
7323	266 
7324	244 
7325	192 
7326	220 
7327	84 
7328	233 
7329	202 
7330	176 
7331	153 
7332	136 
7333	279 
7334	204 
7335	150 
7336	200 
7337	231 
7338	169 
7339	229 
7340	197 
7341	185 
7342	204 
7343	46 
7344	268 
7345	175 
7346	60 
7347	75 
7348	224 
7349	86 
7350	202 
7351	101 
7352	119 
7353	32 
7354	143 
7355	113 
7356	221 
7357	122 
7358	34 
7359	78 
7360	169 
7361	49 
7362	180 
7363	29 
7364	74 
7365	39 
7366	237 
7367	150 
7368	64 
7369	41 
7370	28 
7371	167 
7372	99 
7373	32 
7374	203 
7375	176 
7376	98 
7377	47 
7378	92 
7379	227 
7380	259 
7381	158 
7382	98 
7383	94 
7384	75 
7385	161 
7386	72 
7387	22 
7388	108 
7389	26 
7390	105 
7391	22 
7392	33 
7393	26 
7394	270 
7395	111 
7396	220 
7397	103 
7398	151 
7399	119 
7400	126 
7401	114 
7402	94 
7403	222 
7404	9 
7405	203 
7406	71 
7407	106 
7408	266 
7409	221 
7410	41 
7411	204 
7412	27 
7413	268 
7414	72 
7415	207 
7416	36 
7417	183 
7418	67 
7419	249 
7420	125 
7421	204 
7422	63 
7423	283 
7424	49 
7425	18 
7426	42 
7427	168 
7428	191 
7429	64 
7430	159 
7431	112 
7432	150 
7433	34 
7434	125 
7435	96 
7436	242 
7437	50 
7438	156 
7439	51 
7440	136 
7441	129 
7442	39 
7443	133 
7444	136 
7445	133 
7446	214 
7447	143 
7448	207 
7449	211 
7450	266 
7451	212 
7452	213 
7453	46 
7454	265 
7455	231 
7456	224 
7457	211 
7458	183 
7459	72 
7460	175 
7461	214 
7462	257 
7463	5 
7464	197 
7465	45 
7466	197 
7467	214 
7468	184 
7469	172 
7470	184 
7471	268 
7472	197 
7473	149 
7474	256 
7475	136 
7476	275 
7477	114 
7478	132 
7479	98 
7480	125 
7481	243 
7482	170 
7483	98 
7484	92 
7485	49 
7486	19 
7487	213 
7488	28 
7489	220 
7490	233 
7491	34 
7492	74 
7493	42 
7494	9 
7495	95 
7496	112 
7497	112 
7498	260 
7499	113 
7500	265 
7501	195 
7502	202 
7503	19 
7504	176 
7505	198 
7506	121 
7507	94 
7508	11 
7509	168 
7510	11 
7511	224 
7512	119 
7513	161 
7514	14 
7515	125 
7516	110 
7517	114 
7518	257 
7519	183 
7520	196 
7521	269 
7522	85 
7523	172 
7524	143 
7525	269 
7526	175 
7527	196 
7528	183 
7529	175 
7530	51 
7531	26 
7532	54 
7533	24 
7534	84 
7535	116 
7536	267 
7537	137 
7538	225 
7539	143 
7540	192 
7541	80 
7542	78 
7543	250 
7544	270 
7545	242 
7546	211 
7547	221 
7548	242 
7549	265 
7550	132 
7551	9 
7552	51 
7553	168 
7554	221 
7555	63 
7556	35 
7557	205 
7558	85 
7559	184 
7560	163 
7561	270 
7562	214 
7563	119 
7564	159 
7565	138 
7566	265 
7567	18 
7568	141 
7569	99 
7570	86 
7571	236 
7572	211 
7573	187 
7574	233 
7575	260 
7576	128 
7577	99 
7578	260 
7579	25 
7580	47 
7581	6 
7582	188 
7583	192 
7584	279 
7585	253 
7586	108 
7587	234 
7588	178 
7589	11 
7590	192 
7591	275 
7592	163 
7593	24 
7594	68 
7595	175 
7596	273 
7597	159 
7598	106 
7599	2 
7600	183 
7601	96 
7602	74 
7603	74 
7604	188 
7605	36 
7606	169 
7607	121 
7608	231 
7609	121 
7610	113 
7611	205 
7612	113 
7613	80 
7614	156 
7615	158 
7616	97 
7617	198 
7618	196 
7619	157 
7620	277 
7621	255 
7622	231 
7623	35 
7624	208 
7625	133 
7626	114 
7627	54 
7628	158 
7629	89 
7630	277 
7631	67 
7632	15 
7633	222 
7634	270 
7635	78 
7636	78 
7637	27 
7638	95 
7639	249 
7640	267 
7641	159 
7642	159 
7643	152 
7644	47 
7645	141 
7646	18 
7647	54 
7648	9 
7649	279 
7650	103 
7651	6 
7652	97 
7653	255 
7654	212 
7655	255 
7656	133 
7657	101 
7658	41 
7659	35 
7660	227 
7661	163 
7662	6 
7663	243 
7664	116 
7665	157 
7666	227 
7667	47 
7668	178 
7669	172 
7670	268 
7671	128 
7672	265 
7673	222 
7674	101 
7675	258 
7676	252 
7677	22 
7678	92 
7679	78 
7680	110 
7681	127 
7682	220 
7683	184 
7684	200 
7685	277 
7686	113 
7687	91 
7688	152 
7689	161 
7690	184 
7691	151 
7692	220 
7693	36 
7694	227 
7695	197 
7696	168 
7697	152 
7698	27 
7699	35 
7700	260 
7701	259 
7702	225 
7703	92 
7704	227 
7705	265 
7706	36 
7707	57 
7708	96 
7709	159 
7710	113 
7711	60 
7712	169 
7713	45 
7714	233 
7715	169 
7716	211 
7717	78 
7718	207 
7719	47 
7720	57 
7721	212 
7722	67 
7723	213 
7724	233 
7725	231 
7726	47 
7727	185 
7728	169 
7729	236 
7730	2 
7731	114 
7732	89 
7733	168 
7734	149 
7735	49 
7736	204 
7737	15 
7738	279 
7739	29 
7740	197 
7741	202 
7742	37 
7743	221 
7744	221 
7745	94 
7746	156 
7747	24 
7748	126 
7749	60 
7750	176 
7751	252 
7752	249 
7753	275 
7754	71 
7755	203 
7756	47 
7757	268 
7758	243 
7759	45 
7760	208 
7761	176 
7762	105 
7763	68 
7764	244 
7765	75 
7766	178 
7767	108 
7768	224 
7769	243 
7770	126 
7771	159 
7772	211 
7773	60 
7774	205 
7775	234 
7776	50 
7777	122 
7778	45 
7779	57 
7780	27 
7781	106 
7782	85 
7783	187 
7784	51 
7785	195 
7786	184 
7787	192 
7788	229 
7789	64 
7790	267 
7791	268 
7792	195 
7793	19 
7794	11 
7795	257 
7796	192 
7797	159 
7798	273 
7799	220 
7800	205 
7801	94 
7802	152 
7803	78 
7804	96 
7805	14 
7806	113 
7807	221 
7808	127 
7809	71 
7810	72 
7811	108 
7812	45 
7813	137 
7814	125 
7815	237 
7816	176 
7817	19 
7818	2 
7819	170 
7820	157 
7821	25 
7822	42 
7823	72 
7824	250 
7825	269 
7826	128 
7827	198 
7828	243 
7829	233 
7830	78 
7831	68 
7832	41 
7833	137 
7834	255 
7835	200 
7836	15 
7837	32 
7838	132 
7839	265 
7840	279 
7841	279 
7842	214 
7843	237 
7844	243 
7845	244 
7846	213 
7847	114 
7848	72 
7849	187 
7850	198 
7851	33 
7852	110 
7853	68 
7854	9 
7855	111 
7856	99 
7857	72 
7858	229 
7859	222 
7860	112 
7861	270 
7862	84 
7863	85 
7864	36 
7865	211 
7866	151 
7867	132 
7868	15 
7869	259 
7870	213 
7871	192 
7872	133 
7873	202 
7874	265 
7875	34 
7876	231 
7877	84 
7878	42 
7879	113 
7880	96 
7881	196 
7882	51 
7883	64 
7884	91 
7885	170 
7886	203 
7887	156 
7888	116 
7889	9 
7890	233 
7891	41 
7892	125 
7893	42 
7894	114 
7895	1 
7896	229 
7897	89 
7898	96 
7899	96 
7900	234 
7901	149 
7902	234 
7903	1 
7904	89 
7905	180 
7906	33 
7907	205 
7908	98 
7909	32 
7910	245 
7911	221 
7912	78 
7913	137 
7914	37 
7915	11 
7916	268 
7917	208 
7918	68 
7919	156 
7920	195 
7921	10 
7922	11 
7923	182 
7924	127 
7925	265 
7926	42 
7927	105 
7928	242 
7929	220 
7930	158 
7931	98 
7932	132 
7933	68 
7934	28 
7935	253 
7936	252 
7937	137 
7938	34 
7939	121 
7940	36 
7941	256 
7942	72 
7943	227 
7944	188 
7945	227 
7946	270 
7947	63 
7948	122 
7949	197 
7950	56 
7951	64 
7952	126 
7953	37 
7954	47 
7955	213 
7956	80 
7957	253 
7958	89 
7959	106 
7960	184 
7961	122 
7962	231 
7963	15 
7964	255 
7965	242 
7966	158 
7967	57 
7968	242 
7969	250 
7970	211 
7971	213 
7972	114 
7973	56 
7974	132 
7975	249 
7976	133 
7977	260 
7978	150 
7979	175 
7980	260 
7981	111 
7982	78 
7983	270 
7984	68 
7985	255 
7986	78 
7987	151 
7988	151 
7989	32 
7990	158 
7991	37 
7992	163 
7993	35 
7994	129 
7995	176 
7996	156 
7997	150 
7998	250 
7999	112 
8000	224 
8001	207 
8002	268 
8003	74 
8004	5 
8005	78 
8006	245 
8007	175 
8008	101 
8009	234 
8010	229 
8011	211 
8012	220 
8013	242 
8014	243 
8015	97 
8016	204 
8017	196 
8018	1 
8019	249 
8020	208 
8021	99 
8022	63 
8023	141 
8024	225 
8025	19 
8026	47 
8027	128 
8028	5 
8029	196 
8030	182 
8031	224 
8032	196 
8033	273 
8034	220 
8035	192 
8036	24 
8037	125 
8038	121 
8039	242 
8040	214 
8041	64 
8042	64 
8043	187 
8044	98 
8045	41 
8046	72 
8047	101 
8048	22 
8049	260 
8050	279 
8051	227 
8052	14 
8053	242 
8054	94 
8055	111 
8056	185 
8057	229 
8058	255 
8059	24 
8060	176 
8061	132 
8062	159 
8063	106 
8064	269 
8065	204 
8066	63 
8067	5 
8068	74 
8069	163 
8070	106 
8071	192 
8072	92 
8073	15 
8074	176 
8075	268 
8076	78 
8077	28 
8078	54 
8079	279 
8080	50 
8081	214 
8082	163 
8083	32 
8084	207 
8085	178 
8086	15 
8087	195 
8088	57 
8089	256 
8090	253 
8091	252 
8092	126 
8093	10 
8094	187 
8095	141 
8096	203 
8097	128 
8098	113 
8099	99 
8100	24 
8101	229 
8102	105 
8103	269 
8104	89 
8105	113 
8106	14 
8107	80 
8108	229 
8109	229 
8110	6 
8111	260 
8112	138 
8113	273 
8114	195 
8115	283 
8116	270 
8117	184 
8118	253 
8119	275 
8120	279 
8121	242 
8122	259 
8123	213 
8124	25 
8125	233 
8126	112 
8127	94 
8128	56 
8129	273 
8130	253 
8131	50 
8132	29 
8133	89 
8134	110 
8135	257 
8136	175 
8137	111 
8138	265 
8139	57 
8140	243 
8141	249 
8142	208 
8143	133 
8144	259 
8145	185 
8146	34 
8147	89 
8148	205 
8149	205 
8150	233 
8151	106 
8152	234 
8153	108 
8154	27 
8155	176 
8156	138 
8157	175 
8158	211 
8159	91 
8160	6 
8161	275 
8162	15 
8163	253 
8164	212 
8165	72 
8166	245 
8167	127 
8168	149 
8169	50 
8170	15 
8171	175 
8172	10 
8173	236 
8174	128 
8175	233 
8176	158 
8177	113 
8178	158 
8179	225 
8180	169 
8181	110 
8182	136 
8183	265 
8184	169 
8185	50 
8186	152 
8187	125 
8188	255 
8189	137 
8190	1 
8191	202 
8192	198 
8193	122 
8194	60 
8195	56 
8196	49 
8197	1 
8198	64 
8199	114 
8200	126 
8201	97 
8202	80 
8203	208 
8204	227 
8205	99 
8206	42 
8207	260 
8208	25 
8209	14 
8210	275 
8211	133 
8212	114 
8213	113 
8214	45 
8215	275 
8216	168 
8217	67 
8218	270 
8219	283 
8220	57 
8221	27 
8222	116 
8223	24 
8224	229 
8225	113 
8226	207 
8227	273 
8228	98 
8229	220 
8230	137 
8231	34 
8232	34 
8233	245 
8234	15 
8235	265 
8236	182 
8237	24 
8238	47 
8239	182 
8240	72 
8241	84 
8242	94 
8243	42 
8244	78 
8245	57 
8246	108 
8247	252 
8248	56 
8249	260 
8250	99 
8251	50 
8252	245 
8253	214 
8254	267 
8255	202 
8256	156 
8257	182 
8258	184 
8259	113 
8260	10 
8261	138 
8262	221 
8263	29 
8264	149 
8265	41 
8266	198 
8267	236 
8268	203 
8269	29 
8270	101 
8271	14 
8272	227 
8273	283 
8274	36 
8275	10 
8276	182 
8277	32 
8278	255 
8279	29 
8280	112 
8281	6 
8282	78 
8283	105 
8284	221 
8285	158 
8286	175 
8287	207 
8288	133 
8289	150 
8290	269 
8291	101 
8292	29 
8293	268 
8294	242 
8295	32 
8296	89 
8297	41 
8298	15 
8299	25 
8300	94 
8301	112 
8302	50 
8303	128 
8304	268 
8305	229 
8306	242 
8307	108 
8308	211 
8309	67 
8310	10 
8311	67 
8312	203 
8313	56 
8314	28 
8315	150 
8316	97 
8317	10 
8318	211 
8319	211 
8320	150 
8321	111 
8322	128 
8323	121 
8324	221 
8325	178 
8326	149 
8327	195 
8328	9 
8329	63 
8330	197 
8331	252 
8332	236 
8333	126 
8334	252 
8335	158 
8336	97 
8337	255 
8338	95 
8339	84 
8340	47 
8341	74 
8342	33 
8343	225 
8344	245 
8345	268 
8346	33 
8347	95 
8348	116 
8349	249 
8350	273 
8351	95 
8352	138 
8353	28 
8354	108 
8355	211 
8356	35 
8357	149 
8358	126 
8359	33 
8360	212 
8361	273 
8362	138 
8363	195 
8364	267 
8365	213 
8366	29 
8367	141 
8368	267 
8369	268 
8370	267 
8371	29 
8372	54 
8373	116 
8374	50 
8375	42 
8376	188 
8377	105 
8378	94 
8379	202 
8380	150 
8381	265 
8382	126 
8383	32 
8384	260 
8385	249 
8386	14 
8387	136 
8388	99 
8389	227 
8390	11 
8391	113 
8392	33 
8393	202 
8394	268 
8395	96 
8396	224 
8397	114 
8398	99 
8399	114 
8400	127 
8401	260 
8402	227 
8403	111 
8404	157 
8405	10 
8406	197 
8407	67 
8408	95 
8409	267 
8410	273 
8411	229 
8412	74 
8413	214 
8414	19 
8415	15 
8416	269 
8417	184 
8418	57 
8419	63 
8420	92 
8421	221 
8422	279 
8423	80 
8424	78 
8425	138 
8426	270 
8427	106 
8428	268 
8429	211 
8430	212 
8431	60 
8432	220 
8433	270 
8434	98 
8435	6 
8436	47 
8437	28 
8438	95 
8439	178 
8440	196 
8441	257 
8442	249 
8443	163 
8444	213 
8445	203 
8446	10 
8447	168 
8448	249 
8449	33 
8450	68 
8451	112 
8452	245 
8453	208 
8454	269 
8455	28 
8456	54 
8457	269 
8458	34 
8459	45 
8460	137 
8461	24 
8462	275 
8463	22 
8464	97 
8465	158 
8466	141 
8467	138 
8468	178 
8469	33 
8470	196 
8471	176 
8472	279 
8473	111 
8474	74 
8475	15 
8476	114 
8477	50 
8478	255 
8479	32 
8480	182 
8481	245 
8482	95 
8483	163 
8484	204 
8485	237 
8486	5 
8487	202 
8488	221 
8489	27 
8490	125 
8491	92 
8492	133 
8493	64 
8494	212 
8495	178 
8496	35 
8497	60 
8498	22 
8499	137 
8500	74 
8501	114 
8502	151 
8503	95 
8504	197 
8505	133 
8506	98 
8507	116 
8508	111 
8509	92 
8510	233 
8511	149 
8512	151 
8513	41 
8514	197 
8515	11 
8516	212 
8517	175 
8518	14 
8519	32 
8520	279 
8521	128 
8522	47 
8523	14 
8524	19 
8525	116 
8526	67 
8527	35 
8528	56 
8529	267 
8530	11 
8531	57 
8532	279 
8533	245 
8534	56 
8535	9 
8536	57 
8537	244 
8538	96 
8539	196 
8540	25 
8541	156 
8542	74 
8543	231 
8544	203 
8545	236 
8546	152 
8547	243 
8548	229 
8549	267 
8550	72 
8551	132 
8552	182 
8553	25 
8554	34 
8555	63 
8556	84 
8557	152 
8558	233 
8559	14 
8560	74 
8561	176 
8562	106 
8563	24 
8564	68 
8565	56 
8566	133 
8567	159 
8568	68 
8569	45 
8570	15 
8571	249 
8572	133 
8573	203 
8574	213 
8575	68 
8576	237 
8577	96 
8578	185 
8579	64 
8580	42 
8581	270 
8582	184 
8583	197 
8584	220 
8585	195 
8586	96 
8587	268 
8588	114 
8589	182 
8590	184 
8591	279 
8592	33 
8593	178 
8594	72 
8595	197 
8596	9 
8597	163 
8598	99 
8599	279 
8600	34 
8601	136 
8602	279 
8603	213 
8604	184 
8605	137 
8606	159 
8607	113 
8608	249 
8609	80 
8610	249 
8611	151 
8612	95 
8613	51 
8614	24 
8615	231 
8616	35 
8617	227 
8618	143 
8619	108 
8620	203 
8621	141 
8622	29 
8623	14 
8624	137 
8625	68 
8626	283 
8627	32 
8628	158 
8629	211 
8630	80 
8631	1 
8632	35 
8633	15 
8634	125 
8635	265 
8636	229 
8637	260 
8638	96 
8639	229 
8640	28 
8641	57 
8642	22 
8643	45 
8644	203 
8645	211 
8646	156 
8647	27 
8648	245 
8649	68 
8650	143 
8651	116 
8652	5 
8653	221 
8654	6 
8655	121 
8656	68 
8657	255 
8658	25 
8659	227 
8660	168 
8661	249 
8662	92 
8663	67 
8664	233 
8665	224 
8666	50 
8667	249 
8668	175 
8669	41 
8670	121 
8671	163 
8672	106 
8673	116 
8674	25 
8675	84 
8676	14 
8677	212 
8678	98 
8679	56 
8680	137 
8681	221 
8682	152 
8683	207 
8684	260 
8685	32 
8686	10 
8687	110 
8688	95 
8689	114 
8690	47 
8691	67 
8692	50 
8693	11 
8694	128 
8695	25 
8696	208 
8697	50 
8698	126 
8699	54 
8700	224 
8701	231 
8702	208 
8703	126 
8704	283 
8705	111 
8706	92 
8707	51 
8708	212 
8709	42 
8710	231 
8711	68 
8712	225 
8713	185 
8714	67 
8715	152 
8716	275 
8717	27 
8718	196 
8719	78 
8720	211 
8721	6 
8722	11 
8723	35 
8724	187 
8725	255 
8726	221 
8727	67 
8728	63 
8729	25 
8730	138 
8731	196 
8732	56 
8733	176 
8734	208 
8735	197 
8736	6 
8737	95 
8738	221 
8739	45 
8740	237 
8741	10 
8742	229 
8743	187 
8744	113 
8745	133 
8746	68 
8747	45 
8748	98 
8749	33 
8750	42 
8751	25 
8752	29 
8753	132 
8754	14 
8755	51 
8756	94 
8757	9 
8758	168 
8759	196 
8760	196 
8761	54 
8762	197 
8763	249 
8764	57 
8765	168 
8766	60 
8767	28 
8768	95 
8769	116 
8770	229 
8771	110 
8772	5 
8773	6 
8774	163 
8775	197 
8776	98 
8777	51 
8778	245 
8779	11 
8780	14 
8781	185 
8782	204 
8783	125 
8784	133 
8785	25 
8786	275 
8787	182 
8788	84 
8789	1 
8790	208 
8791	202 
8792	267 
8793	9 
8794	141 
8795	229 
8796	270 
8797	108 
8798	42 
8799	63 
8800	92 
8801	95 
8802	221 
8803	54 
8804	163 
8805	202 
8806	72 
8807	202 
8808	237 
8809	32 
8810	275 
8811	283 
8812	133 
8813	207 
8814	229 
8815	47 
8816	41 
8817	202 
8818	14 
8819	220 
8820	176 
8821	34 
8822	220 
8823	29 
8824	10 
8825	47 
8826	202 
8827	195 
8828	196 
8829	233 
8830	151 
8831	108 
8832	9 
8833	249 
8834	54 
8835	159 
8836	283 
8837	138 
8838	108 
8839	113 
8840	197 
8841	74 
8842	95 
8843	157 
8844	237 
8845	159 
8846	33 
8847	211 
8848	236 
8849	14 
8850	57 
8851	63 
8852	176 
8853	95 
8854	128 
8855	249 
8856	95 
8857	245 
8858	5 
8859	32 
8860	203 
8861	126 
8862	267 
8863	163 
8864	163 
8865	220 
8866	237 
8867	273 
8868	126 
8869	32 
8870	108 
8871	269 
8872	113 
8873	14 
8874	268 
8875	279 
8876	202 
8877	255 
8878	213 
8879	27 
8880	260 
8881	143 
8882	157 
8883	137 
8884	255 
8885	197 
8886	204 
8887	243 
8888	236 
8889	211 
8890	157 
8891	168 
8892	111 
8893	128 
8894	113 
8895	143 
8896	32 
8897	182 
8898	283 
8899	27 
8900	68 
8901	138 
8902	28 
8903	98 
8904	35 
8905	233 
8906	125 
8907	168 
8908	224 
8909	249 
8910	157 
8911	63 
8912	245 
8913	50 
8914	221 
8915	176 
8916	116 
8917	64 
8918	249 
8919	137 
8920	231 
8921	267 
8922	202 
8923	106 
8924	182 
8925	220 
8926	51 
8927	67 
8928	108 
8929	237 
8930	5 
8931	159 
8932	233 
8933	57 
8934	133 
8935	121 
8936	42 
8937	236 
8938	168 
8939	143 
8940	78 
8941	126 
8942	6 
8943	56 
8944	47 
8945	6 
8946	182 
8947	268 
8948	208 
8949	15 
8950	203 
8951	213 
8952	225 
8953	10 
8954	157 
8955	108 
8956	68 
8957	227 
8958	110 
8959	42 
8960	202 
8961	243 
8962	126 
8963	110 
8964	229 
8965	33 
8966	225 
8967	28 
8968	208 
8969	114 
8970	245 
8971	112 
8972	57 
8973	72 
8974	68 
8975	156 
8976	28 
8977	29 
8978	56 
8979	47 
8980	57 
8981	208 
8982	267 
8983	224 
8984	197 
8985	25 
8986	78 
8987	41 
8988	32 
8989	176 
8990	14 
8991	112 
8992	110 
8993	231 
8994	28 
8995	74 
8996	211 
8997	6 
8998	136 
8999	245 
9000	212 
9001	95 
9002	11 
9003	45 
9004	243 
9005	202 
9006	60 
9007	245 
9008	125 
9009	245 
9010	267 
9011	279 
9012	227 
9013	138 
9014	116 
9015	108 
9016	163 
9017	163 
9018	270 
9019	136 
9020	32 
9021	233 
9022	101 
9023	196 
9024	63 
9025	224 
9026	243 
9027	152 
9028	6 
9029	273 
9030	15 
9031	42 
9032	11 
9033	41 
9034	98 
9035	229 
9036	28 
9037	72 
9038	11 
9039	133 
9040	51 
9041	67 
9042	207 
9043	74 
9044	60 
9045	78 
9046	125 
9047	9 
9048	156 
9049	35 
9050	133 
9051	225 
9052	67 
9053	5 
9054	270 
9055	64 
9056	54 
9057	224 
9058	95 
9059	221 
9060	204 
9061	25 
9062	149 
9063	136 
9064	212 
9065	128 
9066	25 
9067	29 
9068	54 
9069	84 
9070	208 
9071	50 
9072	149 
9073	74 
9074	121 
9075	224 
9076	207 
9077	212 
9078	236 
9079	121 
9080	182 
9081	33 
9082	35 
9083	225 
9084	110 
9085	163 
9086	5 
9087	125 
9088	78 
9089	279 
9090	151 
9091	80 
9092	270 
9093	29 
9094	231 
9095	94 
9096	42 
9097	143 
9098	74 
9099	213 
9100	159 
9101	231 
9102	182 
9103	156 
9104	114 
9105	35 
9106	98 
9107	163 
9108	121 
9109	111 
9110	176 
9111	1 
9112	60 
9113	163 
9114	41 
9115	32 
9116	111 
9117	5 
9118	207 
9119	138 
9120	42 
9121	41 
9122	114 
9123	225 
9124	34 
9125	138 
9126	136 
9127	207 
9128	202 
9129	283 
9130	245 
9131	54 
9132	80 
9133	95 
9134	126 
9135	221 
9136	27 
9137	6 
9138	267 
9139	33 
9140	54 
9141	163 
9142	74 
9143	28 
9144	28 
9145	243 
9146	11 
9147	25 
9148	187 
9149	28 
9150	14 
9151	229 
9152	32 
9153	151 
9154	159 
9155	25 
9156	128 
9157	231 
9158	197 
9159	149 
9160	236 
9161	25 
9162	125 
9163	50 
9164	149 
9165	111 
9166	187 
9167	213 
9168	229 
9169	273 
9170	10 
9171	176 
9172	67 
9173	202 
9174	243 
9175	151 
9176	151 
9177	110 
9178	84 
9179	10 
9180	51 
9181	159 
9182	6 
9183	33 
9184	204 
9185	64 
9186	35 
9187	207 
9188	204 
9189	151 
9190	221 
9191	92 
9192	116 
9193	121 
9194	268 
9195	29 
9196	208 
9197	92 
9198	94 
9199	221 
9200	204 
9201	128 
9202	196 
9203	128 
9204	245 
9205	138 
9206	138 
9207	68 
9208	196 
9209	25 
9210	51 
9211	237 
9212	245 
9213	15 
9214	133 
9215	213 
9216	60 
9217	126 
9218	98 
9219	143 
9220	196 
9221	95 
9222	5 
9223	149 
9224	110 
9225	54 
9226	136 
9227	14 
9228	6 
9229	50 
9230	213 
9231	108 
9232	68 
9233	268 
9234	29 
9235	64 
9236	149 
9237	126 
9238	80 
9239	268 
9240	68 
9241	114 
9242	128 
9243	114 
9244	95 
9245	108 
9246	138 
9247	68 
9248	273 
9249	236 
9250	249 
9251	42 
9252	42 
9253	64 
9254	98 
9255	279 
9256	229 
9257	267 
9258	84 
9259	35 
9260	64 
9261	182 
9262	50 
9263	10 
9264	187 
9265	126 
9266	143 
9267	136 
9268	133 
9269	68 
9270	60 
9271	187 
9272	60 
9273	143 
9274	60 
9275	41 
9276	243 
9277	34 
9278	108 
9279	168 
9280	128 
9281	243 
9282	204 
9283	106 
9284	168 
9285	98 
9286	176 
9287	128 
9288	111 
9289	10 
9290	114 
9291	268 
9292	151 
9293	231 
9294	33 
9295	68 
9296	152 
9297	114 
9298	168 
9299	225 
9300	182 
9301	182 
9302	33 
9303	110 
9304	6 
9305	176 
9306	138 
9307	182 
9308	149 
9309	138 
9310	67 
9311	279 
9312	50 
9313	208 
9314	128 
9315	84 
9316	187 
9317	211 
9318	29 
9319	245 
9320	28 
9321	151 
9322	94 
9323	25 
9324	137 
9325	33 
9326	114 
9327	51 
9328	80 
9329	267 
9330	14 
9331	137 
9332	279 
9333	208 
9334	51 
9335	273 
9336	14 
9337	63 
9338	237 
9339	74 
9340	94 
9341	136 
9342	108 
9343	29 
9344	237 
9345	63 
9346	268 
9347	51 
9348	245 
9349	197 
9350	15 
9351	204 
9352	110 
9353	108 
9354	136 
9355	51 
9356	42 
9357	196 
9358	229 
9359	94 
9360	268 
9361	84 
9362	233 
9363	113 
9364	74 
9365	113 
9366	32 
9367	187 
9368	67 
9369	233 
9370	110 
9371	67 
9372	110 
9373	273 
9374	143 
9375	63 
9376	80 
9377	249 
9378	114 
9379	182 
9380	1 
9381	54 
9382	15 
9383	151 
9384	80 
9385	5 
9386	202 
9387	63 
9388	268 
9389	267 
9390	245 
9391	245 
9392	137 
9393	98 
9394	106 
9395	32 
9396	32 
9397	14 
9398	5 
9399	202 
9400	204 
9401	110 
9402	128 
9403	136 
9404	207 
9405	126 
9406	128 
9407	229 
9408	14 
9409	110 
9410	11 
9411	204 
9412	80 
9413	243 
9414	182 
9415	273 
9416	267 
9417	176 
9418	137 
9419	114 
9420	6 
9421	208 
9422	187 
9423	67 
9424	111 
9425	196 
9426	94 
9427	213 
9428	29 
9429	245 
9430	111 
9431	95 
9432	152 
9433	136 
9434	208 
9435	15 
9436	182 
9437	137 
9438	149 
9439	202 
9440	32 
9441	1 
9442	33 
9443	10 
9444	33 
9445	5 
9446	126 
9447	15 
9448	208 
9449	143 
9450	114 
9451	208 
9452	151 
9453	136 
9454	182 
9455	15 
9456	15 
9457	279 
9458	106 
9459	42 
9460	197 
9461	63 
9462	196 
9463	202 
9464	143 
9465	133 
9466	149 
9467	32 
9468	111 
9469	28 
9470	5 
9471	10 
9472	106 
9473	152 
9474	114 
9475	110 
9476	245 
9477	138 
9478	187 
9479	197 
9480	249 
9481	204 
9482	187 
9483	202 
9484	94 
9485	159 
9486	202 
9487	176 
9488	10 
9489	10 
9490	15 
9491	152 
9492	208 
9493	60 
9494	202 
9495	196 
9496	110 
9497	25 
9498	143 
9499	152 
9500	149 
9501	176 
9502	245 
9503	128 
9504	249 
9505	126 
9506	51 
9507	168 
9508	128 
9509	29 
9510	42 
9511	108 
9512	28 
9513	68 
9514	249 
9515	84 
9516	143 
9517	114 
9518	25 
9519	1 
9520	42 
9521	106 
9522	138 
9523	42 
9524	80 
9525	25 
9526	98 
9527	34 
9528	106 
9529	245 
9530	143 
9531	196 
9532	133 
9533	111 
9534	176 
9535	196 
9536	176 
9537	111 
9538	243 
9539	11 
9540	268 
9541	25 
9542	207 
9543	202 
9544	126 
9545	152 
9546	106 
9547	25 
9548	111 
9549	149 
9550	35 
9551	176 
9552	279 
9553	1 
9554	114 
9555	187 
9556	98 
9557	211 
9558	1 
9559	25 
9560	208 
9561	51 
9562	249 
9563	143 
9564	126 
9565	80 
9566	106 
9567	143 
9568	84 
9569	202 
9570	34 
9571	25 
9572	28 
9573	1 
9574	152 
9575	159 
9576	211 
9577	63 
9578	128 
9579	25 
9580	208 
9581	207 
9582	126 
9583	249 
9584	51 
9585	168 
9586	11 
9587	111 
9588	98 
9589	128 
9590	1 
9591	138 
9592	32 
9593	138 
9594	15 
9595	204 
9596	128 
9597	35 
9598	196 
9599	137 
9600	35 
9601	106 
9602	151 
9603	245 
9604	128 
9605	207 
9606	204 
9607	110 
9608	202 
9609	268 
9610	243 
9611	25 
9612	111 
9613	137 
9614	137 
9615	128 
9616	29 
9617	128 
9618	204 
9619	94 
9620	279 
9621	98 
9622	110 
9623	176 
9624	5 
9625	51 
9626	279 
9627	211 
9628	106 
9629	211 
9630	207 
9631	196 
9632	14 
9633	133 
9634	51 
9635	111 
9636	51 
9637	1 
9638	279 
9639	149 
9640	110 
9641	133 
9642	152 
9643	5 
9644	208 
9645	151 
9646	207 
9647	133 
9648	243 
9649	159 
9650	204 
9651	249 
9652	1 
9653	51 
9654	111 
9655	159 
9656	1 
9657	207 
9658	151 
9659	42 
9660	229 
9661	95 
9662	74 
9663	204 
9664	207 
9665	128 
9666	152 
9667	29 
9668	204 
9669	25 
9670	152 
9671	126 
9672	243 
9673	80 
9674	35 
9675	42 
9676	51 
9677	34 
9678	42 
9679	35 
9680	243 
9681	68 
9682	11 
9683	35 
9684	133 
9685	245 
9686	51 
9687	138 
9688	133 
9689	137 
9690	245 
9691	143 
9692	152 
9693	74 
9694	128 
9695	1 
9696	187 
9697	149 
9698	243 
9699	34 
9700	63 
9701	110 
9702	5 
9703	249 
9704	110 
9705	159 
9706	149 
9707	229 
9708	5 
9709	187 
9710	1 
9711	208 
9712	176 
9713	28 
9714	229 
9715	68 
9716	243 
9717	126 
9718	202 
9719	126 
9720	110 
9721	152 
9722	187 
9723	137 
9724	128 
9725	149 
9726	133 
9727	63 
9728	14 
9729	149 
9730	143 
9731	196 
9732	29 
9733	74 
9734	35 
9735	152 
9736	128 
9737	245 
9738	202 
9739	187 
9740	63 
9741	137 
9742	279 
9743	95 
9744	249 
9745	14 
9746	151 
9747	11 
9748	98 
9749	34 
9750	204 
9751	151 
9752	245 
9753	42 
9754	196 
9755	5 
9756	137 
9757	152 
9758	152 
9759	152 
9760	211 
9761	243 
9762	279 
9763	63 
9764	143 
9765	98 
9766	25 
9767	249 
9768	68 
9769	245 
9770	35 
9771	138 
9772	279 
9773	128 
9774	68 
9775	249 
9776	51 
9777	35 
9778	35 
9779	149 
9780	25 
9781	51 
9782	98 
9783	208 
9784	35 
9785	126 
9786	152 
9787	143 
9788	29 
9789	279 
9790	202 
9791	243 
9792	110 
9793	149 
9794	279 
9795	95 
9796	114 
9797	51 
9798	279 
9799	126 
9800	128 
9801	68 
9802	110 
9803	98 
9804	151 
9805	68 
9806	35 
9807	35 
9808	202 
9809	151 
9810	98 
9811	128 
9812	14 
9813	138 
9814	1 
9815	138 
9816	68 
9817	51 
9818	29 
9819	98 
9820	126 
9821	245 
9822	1 
9823	143 
9824	149 
9825	245 
9826	176 
9827	51 
9828	35 
9829	29 
9830	176 
9831	114 
9832	208 
9833	207 
9834	133 
9835	204 
9836	202 
9837	229 
9838	35 
9839	84 
9840	249 
9841	5 
9842	243 
9843	35 
9844	110 
9845	152 
9846	126 
9847	243 
9848	35 
9849	208 
9850	152 
9851	110 
9852	151 
9853	138 
9854	187 
9855	84 
9856	138 
9857	95 
9858	84 
9859	138 
9860	128 
9861	25 
9862	152 
9863	204 
9864	51 
9865	208 
9866	137 
9867	137 
9868	279 
9869	176 
9870	95 
9871	25 
9872	25 
9873	133 
9874	229 
9875	176 
9876	28 
9877	128 
9878	128 
9879	152 
9880	5 
9881	196 
9882	138 
9883	84 
9884	68 
9885	110 
9886	133 
9887	128 
9888	11 
9889	126 
9890	28 
9891	152 
9892	126 
9893	138 
9894	202 
9895	143 
9896	35 
9897	110 
9898	114 
9899	51 
9900	149 
9901	196 
9902	84 
9903	152 
9904	63 
9905	95 
9906	29 
9907	63 
9908	95 
9909	229 
9910	28 
9911	137 
9912	207 
9913	68 
9914	35 
9915	229 
9916	35 
9917	84 
9918	25 
9919	35 
9920	211 
9921	51 
9922	143 
9923	207 
9924	68 
9925	211 
9926	196 
9927	110 
9928	1 
9929	110 
9930	211 
9931	211 
9932	42 
9933	1 
9934	95 
9935	149 
9936	110 
9937	196 
9938	208 
9939	229 
9940	137 
9941	202 
9942	245 
9943	151 
9944	207 
9945	84 
9946	68 
9947	202 
9948	245 
9949	279 
9950	34 
9951	211 
9952	29 
9953	34 
9954	95 
9955	279 
9956	204 
9957	51 
9958	51 
9959	63 
9960	152 
9961	51 
9962	35 
9963	211 
9964	229 
9965	245 
9966	204 
9967	149 
9968	202 
9969	151 
9970	208 
9971	28 
9972	84 
9973	229 
9974	114 
9975	126 
9976	84 
9977	34 
9978	25 
9979	204 
9980	110 
9981	245 
9982	35 
9983	204 
9984	143 
9985	63 
9986	176 
9987	137 
9988	229 
9989	35 
9990	143 
9991	211 
9992	249 
9993	29 
9994	202 
9995	1 
9996	149 
9997	51 
9998	207 
9999	204 
10000	249 
