1	211 
2	256 
3	15 
4	197 
5	153 
6	137 
7	16 
8	235 
9	76 
10	51 
11	48 
12	228 
13	263 
14	141 
15	218 
16	244 
17	208 
18	63 
19	273 
20	37 
21	122 
22	81 
23	251 
24	239 
25	217 
26	230 
27	190 
28	282 
29	179 
30	149 
31	282 
32	235 
33	107 
34	222 
35	135 
36	124 
37	216 
38	192 
39	254 
40	169 
41	184 
42	135 
43	167 
44	265 
45	129 
46	131 
47	86 
48	278 
49	212 
50	135 
51	295 
52	72 
53	214 
54	253 
55	131 
56	11 
57	118 
58	175 
59	131 
60	161 
61	245 
62	72 
63	261 
64	230 
65	98 
66	141 
67	71 
68	147 
69	14 
70	260 
71	215 
72	195 
73	112 
74	108 
75	20 
76	282 
77	38 
78	218 
79	292 
80	90 
81	240 
82	102 
83	261 
84	166 
85	233 
86	200 
87	4 
88	71 
89	53 
90	268 
91	262 
92	289 
93	263 
94	224 
95	134 
96	144 
97	37 
98	268 
99	275 
100	226 
101	196 
102	23 
103	262 
104	269 
105	218 
106	89 
107	172 
108	164 
109	212 
110	178 
111	50 
112	25 
113	265 
114	156 
115	271 
116	219 
117	61 
118	12 
119	294 
120	278 
121	252 
122	16 
123	71 
124	13 
125	176 
126	33 
127	219 
128	64 
129	251 
130	251 
131	184 
132	258 
133	106 
134	13 
135	185 
136	142 
137	267 
138	242 
139	155 
140	26 
141	282 
142	146 
143	159 
144	278 
145	252 
146	81 
147	147 
148	214 
149	125 
150	112 
151	48 
152	46 
153	160 
154	150 
155	195 
156	291 
157	23 
158	212 
159	35 
160	48 
161	4 
162	207 
163	148 
164	111 
165	146 
166	64 
167	181 
168	296 
169	87 
170	105 
171	142 
172	156 
173	283 
174	149 
175	192 
176	208 
177	156 
178	89 
179	135 
180	41 
181	237 
182	136 
183	80 
184	262 
185	28 
186	226 
187	230 
188	17 
189	109 
190	147 
191	156 
192	250 
193	187 
194	15 
195	162 
196	92 
197	106 
198	190 
199	257 
200	200 
201	62 
202	115 
203	102 
204	188 
205	43 
206	30 
207	263 
208	269 
209	206 
210	254 
211	207 
212	73 
213	205 
214	19 
215	189 
216	18 
217	285 
218	78 
219	18 
220	288 
221	252 
222	179 
223	232 
224	101 
225	293 
226	126 
227	124 
228	188 
229	104 
230	227 
231	274 
232	285 
233	286 
234	262 
235	241 
236	287 
237	111 
238	77 
239	15 
240	229 
241	284 
242	38 
243	46 
244	107 
245	267 
246	55 
247	129 
248	299 
249	119 
250	268 
251	131 
252	224 
253	130 
254	1 
255	126 
256	49 
257	6 
258	165 
259	68 
260	192 
261	201 
262	170 
263	63 
264	142 
265	168 
266	3 
267	213 
268	280 
269	197 
270	295 
271	9 
272	260 
273	109 
274	136 
275	87 
276	169 
277	278 
278	81 
279	211 
280	234 
281	84 
282	93 
283	84 
284	80 
285	273 
286	234 
287	209 
288	159 
289	69 
290	149 
291	107 
292	115 
293	117 
294	209 
295	13 
296	99 
297	211 
298	2 
299	298 
300	262 
301	185 
302	206 
303	139 
304	191 
305	53 
306	157 
307	173 
308	106 
309	197 
310	160 
311	219 
312	18 
313	178 
314	3 
315	36 
316	26 
317	145 
318	142 
319	64 
320	38 
321	163 
322	94 
323	282 
324	186 
325	129 
326	49 
327	235 
328	110 
329	220 
330	282 
331	108 
332	140 
333	35 
334	213 
335	14 
336	22 
337	177 
338	223 
339	278 
340	41 
341	256 
342	15 
343	257 
344	114 
345	86 
346	43 
347	3 
348	203 
349	153 
350	122 
351	144 
352	11 
353	180 
354	19 
355	64 
356	281 
357	87 
358	17 
359	238 
360	140 
361	215 
362	56 
363	70 
364	147 
365	234 
366	95 
367	67 
368	166 
369	102 
370	51 
371	169 
372	183 
373	248 
374	155 
375	268 
376	243 
377	289 
378	70 
379	204 
380	8 
381	256 
382	201 
383	55 
384	68 
385	153 
386	106 
387	9 
388	234 
389	77 
390	141 
391	98 
392	210 
393	190 
394	59 
395	192 
396	165 
397	131 
398	145 
399	219 
400	191 
401	20 
402	243 
403	206 
404	195 
405	167 
406	145 
407	157 
408	9 
409	219 
410	33 
411	122 
412	80 
413	268 
414	138 
415	55 
416	177 
417	170 
418	275 
419	155 
420	51 
421	31 
422	43 
423	142 
424	13 
425	265 
426	266 
427	265 
428	178 
429	128 
430	231 
431	155 
432	154 
433	88 
434	297 
435	155 
436	215 
437	255 
438	87 
439	269 
440	111 
441	212 
442	49 
443	22 
444	25 
445	215 
446	148 
447	220 
448	247 
449	146 
450	111 
451	175 
452	39 
453	80 
454	274 
455	174 
456	293 
457	82 
458	271 
459	168 
460	154 
461	226 
462	195 
463	172 
464	52 
465	204 
466	104 
467	166 
468	22 
469	248 
470	255 
471	146 
472	80 
473	34 
474	245 
475	227 
476	56 
477	190 
478	222 
479	161 
480	243 
481	293 
482	10 
483	189 
484	277 
485	253 
486	113 
487	49 
488	74 
489	121 
490	261 
491	50 
492	5 
493	243 
494	146 
495	84 
496	23 
497	98 
498	88 
499	16 
500	289 
501	226 
502	4 
503	97 
504	97 
505	230 
506	64 
507	54 
508	20 
509	85 
510	244 
511	31 
512	212 
513	180 
514	196 
515	99 
516	24 
517	143 
518	100 
519	113 
520	107 
521	165 
522	73 
523	31 
524	182 
525	11 
526	231 
527	199 
528	278 
529	129 
530	206 
531	78 
532	189 
533	21 
534	17 
535	134 
536	97 
537	193 
538	22 
539	38 
540	274 
541	130 
542	41 
543	190 
544	104 
545	108 
546	247 
547	162 
548	211 
549	130 
550	44 
551	218 
552	240 
553	207 
554	94 
555	147 
556	41 
557	244 
558	254 
559	169 
560	167 
561	87 
562	59 
563	253 
564	257 
565	59 
566	61 
567	151 
568	66 
569	127 
570	50 
571	176 
572	238 
573	202 
574	55 
575	156 
576	288 
577	105 
578	123 
579	27 
580	81 
581	16 
582	78 
583	280 
584	116 
585	247 
586	9 
587	180 
588	131 
589	9 
590	3 
591	190 
592	117 
593	140 
594	164 
595	184 
596	148 
597	217 
598	144 
599	181 
600	261 
601	271 
602	10 
603	180 
604	93 
605	33 
606	263 
607	279 
608	149 
609	178 
610	246 
611	222 
612	223 
613	34 
614	232 
615	145 
616	259 
617	48 
618	111 
619	257 
620	61 
621	69 
622	61 
623	284 
624	278 
625	237 
626	230 
627	100 
628	212 
629	64 
630	65 
631	246 
632	30 
633	249 
634	156 
635	236 
636	68 
637	281 
638	214 
639	33 
640	103 
641	248 
642	298 
643	48 
644	181 
645	74 
646	57 
647	200 
648	14 
649	170 
650	145 
651	146 
652	80 
653	114 
654	42 
655	279 
656	192 
657	12 
658	290 
659	179 
660	142 
661	230 
662	101 
663	76 
664	181 
665	13 
666	43 
667	201 
668	204 
669	47 
670	212 
671	198 
672	227 
673	57 
674	219 
675	150 
676	249 
677	169 
678	113 
679	100 
680	158 
681	182 
682	237 
683	217 
684	26 
685	251 
686	135 
687	252 
688	24 
689	228 
690	244 
691	192 
692	18 
693	290 
694	278 
695	167 
696	286 
697	10 
698	119 
699	254 
700	238 
701	47 
702	151 
703	135 
704	95 
705	58 
706	289 
707	95 
708	253 
709	145 
710	137 
711	247 
712	91 
713	21 
714	296 
715	294 
716	218 
717	102 
718	248 
719	265 
720	50 
721	269 
722	37 
723	196 
724	238 
725	297 
726	107 
727	280 
728	94 
729	168 
730	217 
731	20 
732	100 
733	32 
734	277 
735	190 
736	191 
737	101 
738	50 
739	123 
740	290 
741	207 
742	67 
743	77 
744	80 
745	212 
746	70 
747	32 
748	199 
749	195 
750	217 
751	259 
752	86 
753	163 
754	181 
755	63 
756	114 
757	31 
758	158 
759	286 
760	66 
761	126 
762	267 
763	143 
764	2 
765	223 
766	131 
767	297 
768	133 
769	125 
770	260 
771	57 
772	193 
773	249 
774	20 
775	160 
776	106 
777	188 
778	52 
779	271 
780	15 
781	253 
782	37 
783	61 
784	192 
785	38 
786	129 
787	131 
788	76 
789	111 
790	28 
791	24 
792	229 
793	226 
794	246 
795	242 
796	243 
797	261 
798	3 
799	99 
800	177 
801	248 
802	18 
803	288 
804	202 
805	219 
806	255 
807	288 
808	169 
809	291 
810	142 
811	208 
812	204 
813	265 
814	276 
815	179 
816	248 
817	147 
818	254 
819	48 
820	34 
821	220 
822	42 
823	94 
824	151 
825	190 
826	174 
827	251 
828	188 
829	232 
830	156 
831	163 
832	289 
833	88 
834	59 
835	183 
836	49 
837	112 
838	95 
839	24 
840	177 
841	151 
842	107 
843	109 
844	267 
845	216 
846	222 
847	238 
848	240 
849	203 
850	196 
851	64 
852	26 
853	163 
854	62 
855	273 
856	113 
857	13 
858	98 
859	151 
860	261 
861	206 
862	44 
863	209 
864	179 
865	167 
866	44 
867	206 
868	183 
869	36 
870	261 
871	276 
872	264 
873	142 
874	31 
875	119 
876	292 
877	149 
878	279 
879	159 
880	207 
881	140 
882	74 
883	94 
884	72 
885	261 
886	37 
887	86 
888	105 
889	288 
890	145 
891	142 
892	288 
893	92 
894	26 
895	74 
896	225 
897	1 
898	153 
899	83 
900	203 
901	151 
902	298 
903	8 
904	259 
905	280 
906	275 
907	7 
908	191 
909	23 
910	38 
911	62 
912	227 
913	230 
914	173 
915	183 
916	78 
917	46 
918	23 
919	218 
920	66 
921	154 
922	22 
923	215 
924	79 
925	178 
926	243 
927	173 
928	144 
929	182 
930	64 
931	146 
932	22 
933	145 
934	40 
935	86 
936	157 
937	64 
938	210 
939	26 
940	184 
941	276 
942	54 
943	84 
944	159 
945	88 
946	247 
947	220 
948	267 
949	67 
950	180 
951	213 
952	15 
953	269 
954	126 
955	255 
956	71 
957	17 
958	115 
959	292 
960	88 
961	190 
962	13 
963	183 
964	139 
965	122 
966	274 
967	277 
968	78 
969	7 
970	268 
971	203 
972	295 
973	30 
974	130 
975	297 
976	145 
977	43 
978	148 
979	195 
980	50 
981	209 
982	296 
983	36 
984	68 
985	218 
986	73 
987	18 
988	113 
989	161 
990	212 
991	224 
992	231 
993	191 
994	44 
995	291 
996	109 
997	127 
998	153 
999	22 
1000	229 
1001	134 
1002	233 
1003	153 
1004	75 
1005	157 
1006	128 
1007	59 
1008	61 
1009	128 
1010	246 
1011	239 
1012	298 
1013	121 
1014	203 
1015	222 
1016	137 
1017	150 
1018	240 
1019	93 
1020	242 
1021	47 
1022	170 
1023	293 
1024	255 
1025	262 
1026	111 
1027	111 
1028	142 
1029	145 
1030	68 
1031	42 
1032	171 
1033	216 
1034	161 
1035	131 
1036	187 
1037	38 
1038	78 
1039	223 
1040	107 
1041	244 
1042	145 
1043	103 
1044	83 
1045	31 
1046	114 
1047	276 
1048	280 
1049	65 
1050	155 
1051	133 
1052	195 
1053	274 
1054	134 
1055	244 
1056	205 
1057	148 
1058	101 
1059	229 
1060	161 
1061	276 
1062	90 
1063	8 
1064	100 
1065	225 
1066	279 
1067	60 
1068	204 
1069	138 
1070	257 
1071	79 
1072	9 
1073	182 
1074	230 
1075	139 
1076	233 
1077	108 
1078	297 
1079	16 
1080	66 
1081	61 
1082	271 
1083	238 
1084	277 
1085	183 
1086	284 
1087	155 
1088	13 
1089	130 
1090	258 
1091	142 
1092	118 
1093	108 
1094	193 
1095	234 
1096	176 
1097	270 
1098	223 
1099	55 
1100	41 
1101	153 
1102	54 
1103	296 
1104	66 
1105	282 
1106	41 
1107	140 
1108	147 
1109	12 
1110	90 
1111	158 
1112	75 
1113	256 
1114	238 
1115	222 
1116	245 
1117	153 
1118	160 
1119	196 
1120	224 
1121	6 
1122	270 
1123	275 
1124	129 
1125	64 
1126	128 
1127	289 
1128	56 
1129	2 
1130	64 
1131	14 
1132	270 
1133	292 
1134	33 
1135	128 
1136	216 
1137	274 
1138	108 
1139	283 
1140	237 
1141	231 
1142	291 
1143	1 
1144	198 
1145	198 
1146	214 
1147	134 
1148	30 
1149	173 
1150	52 
1151	243 
1152	248 
1153	221 
1154	151 
1155	123 
1156	89 
1157	108 
1158	191 
1159	95 
1160	295 
1161	159 
1162	180 
1163	196 
1164	24 
1165	183 
1166	39 
1167	274 
1168	264 
1169	216 
1170	19 
1171	14 
1172	211 
1173	131 
1174	172 
1175	249 
1176	134 
1177	91 
1178	207 
1179	231 
1180	175 
1181	91 
1182	218 
1183	96 
1184	3 
1185	266 
1186	264 
1187	151 
1188	150 
1189	259 
1190	123 
1191	164 
1192	187 
1193	16 
1194	278 
1195	216 
1196	82 
1197	114 
1198	175 
1199	238 
1200	23 
1201	107 
1202	60 
1203	226 
1204	259 
1205	203 
1206	57 
1207	168 
1208	26 
1209	237 
1210	135 
1211	116 
1212	161 
1213	242 
1214	49 
1215	267 
1216	22 
1217	100 
1218	172 
1219	268 
1220	262 
1221	247 
1222	278 
1223	175 
1224	113 
1225	172 
1226	295 
1227	51 
1228	150 
1229	84 
1230	41 
1231	7 
1232	34 
1233	249 
1234	196 
1235	267 
1236	26 
1237	119 
1238	269 
1239	82 
1240	97 
1241	84 
1242	136 
1243	130 
1244	197 
1245	128 
1246	168 
1247	47 
1248	177 
1249	265 
1250	110 
1251	34 
1252	47 
1253	70 
1254	121 
1255	95 
1256	204 
1257	267 
1258	241 
1259	184 
1260	8 
1261	296 
1262	25 
1263	4 
1264	106 
1265	117 
1266	263 
1267	94 
1268	64 
1269	62 
1270	232 
1271	251 
1272	288 
1273	140 
1274	1 
1275	108 
1276	1 
1277	3 
1278	94 
1279	181 
1280	163 
1281	95 
1282	253 
1283	128 
1284	81 
1285	10 
1286	33 
1287	165 
1288	263 
1289	199 
1290	165 
1291	133 
1292	45 
1293	299 
1294	49 
1295	242 
1296	160 
1297	66 
1298	76 
1299	213 
1300	278 
1301	51 
1302	220 
1303	119 
1304	167 
1305	18 
1306	38 
1307	68 
1308	10 
1309	192 
1310	116 
1311	232 
1312	53 
1313	132 
1314	22 
1315	49 
1316	78 
1317	255 
1318	207 
1319	280 
1320	272 
1321	167 
1322	87 
1323	80 
1324	129 
1325	61 
1326	251 
1327	89 
1328	38 
1329	202 
1330	60 
1331	207 
1332	265 
1333	144 
1334	138 
1335	122 
1336	26 
1337	245 
1338	161 
1339	10 
1340	256 
1341	118 
1342	181 
1343	136 
1344	241 
1345	114 
1346	160 
1347	147 
1348	143 
1349	70 
1350	148 
1351	228 
1352	162 
1353	275 
1354	280 
1355	44 
1356	47 
1357	186 
1358	50 
1359	231 
1360	130 
1361	189 
1362	109 
1363	198 
1364	15 
1365	205 
1366	116 
1367	35 
1368	270 
1369	220 
1370	101 
1371	90 
1372	66 
1373	164 
1374	152 
1375	262 
1376	75 
1377	135 
1378	14 
1379	180 
1380	20 
1381	44 
1382	284 
1383	25 
1384	240 
1385	219 
1386	285 
1387	172 
1388	210 
1389	74 
1390	228 
1391	60 
1392	72 
1393	124 
1394	174 
1395	121 
1396	153 
1397	54 
1398	163 
1399	155 
1400	246 
1401	68 
1402	92 
1403	235 
1404	136 
1405	180 
1406	198 
1407	43 
1408	174 
1409	120 
1410	166 
1411	90 
1412	195 
1413	260 
1414	3 
1415	260 
1416	295 
1417	108 
1418	264 
1419	174 
1420	133 
1421	95 
1422	254 
1423	245 
1424	188 
1425	24 
1426	82 
1427	237 
1428	263 
1429	284 
1430	264 
1431	224 
1432	279 
1433	278 
1434	64 
1435	296 
1436	61 
1437	297 
1438	74 
1439	108 
1440	298 
1441	269 
1442	120 
1443	190 
1444	80 
1445	116 
1446	226 
1447	62 
1448	137 
1449	174 
1450	80 
1451	142 
1452	127 
1453	137 
1454	172 
1455	175 
1456	77 
1457	215 
1458	192 
1459	279 
1460	286 
1461	85 
1462	296 
1463	34 
1464	184 
1465	46 
1466	26 
1467	233 
1468	165 
1469	221 
1470	61 
1471	54 
1472	183 
1473	183 
1474	265 
1475	261 
1476	278 
1477	291 
1478	292 
1479	214 
1480	90 
1481	115 
1482	185 
1483	179 
1484	269 
1485	193 
1486	174 
1487	47 
1488	215 
1489	3 
1490	140 
1491	24 
1492	104 
1493	186 
1494	104 
1495	86 
1496	261 
1497	296 
1498	76 
1499	199 
1500	31 
1501	2 
1502	135 
1503	214 
1504	95 
1505	254 
1506	161 
1507	184 
1508	179 
1509	221 
1510	230 
1511	47 
1512	232 
1513	260 
1514	144 
1515	209 
1516	201 
1517	215 
1518	253 
1519	243 
1520	213 
1521	179 
1522	274 
1523	212 
1524	174 
1525	8 
1526	71 
1527	73 
1528	67 
1529	174 
1530	74 
1531	153 
1532	259 
1533	202 
1534	268 
1535	251 
1536	233 
1537	236 
1538	189 
1539	63 
1540	147 
1541	115 
1542	187 
1543	198 
1544	31 
1545	253 
1546	151 
1547	31 
1548	36 
1549	78 
1550	146 
1551	170 
1552	251 
1553	220 
1554	166 
1555	44 
1556	68 
1557	61 
1558	232 
1559	119 
1560	16 
1561	221 
1562	279 
1563	274 
1564	185 
1565	224 
1566	51 
1567	5 
1568	263 
1569	59 
1570	19 
1571	153 
1572	238 
1573	112 
1574	130 
1575	84 
1576	163 
1577	292 
1578	34 
1579	298 
1580	4 
1581	190 
1582	56 
1583	273 
1584	74 
1585	73 
1586	239 
1587	107 
1588	290 
1589	5 
1590	44 
1591	296 
1592	76 
1593	56 
1594	106 
1595	278 
1596	75 
1597	25 
1598	280 
1599	259 
1600	209 
1601	221 
1602	170 
1603	102 
1604	151 
1605	247 
1606	79 
1607	192 
1608	38 
1609	21 
1610	86 
1611	285 
1612	257 
1613	245 
1614	43 
1615	115 
1616	158 
1617	30 
1618	288 
1619	207 
1620	245 
1621	6 
1622	285 
1623	69 
1624	76 
1625	235 
1626	56 
1627	62 
1628	117 
1629	67 
1630	18 
1631	231 
1632	173 
1633	65 
1634	17 
1635	228 
1636	207 
1637	249 
1638	287 
1639	143 
1640	122 
1641	159 
1642	247 
1643	7 
1644	95 
1645	129 
1646	158 
1647	69 
1648	198 
1649	107 
1650	133 
1651	24 
1652	183 
1653	250 
1654	14 
1655	254 
1656	290 
1657	190 
1658	168 
1659	59 
1660	88 
1661	257 
1662	28 
1663	153 
1664	37 
1665	256 
1666	142 
1667	46 
1668	8 
1669	99 
1670	203 
1671	286 
1672	32 
1673	168 
1674	264 
1675	183 
1676	127 
1677	67 
1678	269 
1679	155 
1680	36 
1681	213 
1682	232 
1683	82 
1684	1 
1685	154 
1686	181 
1687	140 
1688	58 
1689	90 
1690	43 
1691	150 
1692	160 
1693	9 
1694	36 
1695	128 
1696	252 
1697	106 
1698	29 
1699	198 
1700	192 
1701	79 
1702	287 
1703	277 
1704	255 
1705	50 
1706	122 
1707	167 
1708	146 
1709	99 
1710	131 
1711	133 
1712	217 
1713	124 
1714	243 
1715	180 
1716	255 
1717	141 
1718	125 
1719	116 
1720	288 
1721	120 
1722	298 
1723	261 
1724	107 
1725	5 
1726	36 
1727	8 
1728	76 
1729	259 
1730	64 
1731	142 
1732	93 
1733	103 
1734	70 
1735	195 
1736	24 
1737	203 
1738	249 
1739	195 
1740	229 
1741	145 
1742	163 
1743	152 
1744	274 
1745	14 
1746	39 
1747	206 
1748	176 
1749	148 
1750	17 
1751	24 
1752	242 
1753	73 
1754	89 
1755	33 
1756	31 
1757	117 
1758	68 
1759	199 
1760	207 
1761	276 
1762	80 
1763	59 
1764	165 
1765	203 
1766	271 
1767	256 
1768	164 
1769	61 
1770	228 
1771	243 
1772	292 
1773	265 
1774	144 
1775	203 
1776	177 
1777	278 
1778	139 
1779	293 
1780	266 
1781	144 
1782	53 
1783	83 
1784	86 
1785	207 
1786	20 
1787	35 
1788	122 
1789	229 
1790	119 
1791	60 
1792	80 
1793	215 
1794	32 
1795	82 
1796	270 
1797	113 
1798	5 
1799	145 
1800	271 
1801	152 
1802	109 
1803	295 
1804	273 
1805	16 
1806	218 
1807	109 
1808	158 
1809	226 
1810	140 
1811	57 
1812	181 
1813	25 
1814	170 
1815	78 
1816	85 
1817	173 
1818	191 
1819	273 
1820	75 
1821	258 
1822	244 
1823	29 
1824	176 
1825	98 
1826	271 
1827	260 
1828	36 
1829	179 
1830	138 
1831	272 
1832	262 
1833	239 
1834	26 
1835	213 
1836	235 
1837	127 
1838	133 
1839	232 
1840	245 
1841	57 
1842	18 
1843	242 
1844	246 
1845	177 
1846	228 
1847	41 
1848	226 
1849	51 
1850	64 
1851	90 
1852	52 
1853	235 
1854	259 
1855	43 
1856	68 
1857	36 
1858	171 
1859	77 
1860	184 
1861	9 
1862	71 
1863	138 
1864	23 
1865	77 
1866	113 
1867	57 
1868	190 
1869	92 
1870	59 
1871	83 
1872	19 
1873	179 
1874	104 
1875	102 
1876	156 
1877	50 
1878	155 
1879	281 
1880	215 
1881	275 
1882	66 
1883	163 
1884	195 
1885	295 
1886	161 
1887	19 
1888	148 
1889	24 
1890	234 
1891	47 
1892	68 
1893	229 
1894	61 
1895	17 
1896	228 
1897	123 
1898	43 
1899	33 
1900	44 
1901	292 
1902	276 
1903	253 
1904	281 
1905	106 
1906	34 
1907	40 
1908	126 
1909	45 
1910	147 
1911	9 
1912	216 
1913	104 
1914	61 
1915	257 
1916	252 
1917	269 
1918	204 
1919	71 
1920	100 
1921	205 
1922	58 
1923	217 
1924	143 
1925	273 
1926	261 
1927	208 
1928	141 
1929	180 
1930	271 
1931	167 
1932	148 
1933	33 
1934	94 
1935	225 
1936	89 
1937	159 
1938	246 
1939	228 
1940	203 
1941	210 
1942	176 
1943	84 
1944	108 
1945	57 
1946	44 
1947	239 
1948	15 
1949	58 
1950	220 
1951	269 
1952	56 
1953	42 
1954	292 
1955	138 
1956	122 
1957	140 
1958	242 
1959	190 
1960	145 
1961	291 
1962	203 
1963	293 
1964	176 
1965	88 
1966	28 
1967	41 
1968	125 
1969	104 
1970	182 
1971	225 
1972	128 
1973	232 
1974	271 
1975	64 
1976	279 
1977	130 
1978	165 
1979	22 
1980	191 
1981	119 
1982	299 
1983	171 
1984	254 
1985	25 
1986	35 
1987	15 
1988	229 
1989	211 
1990	27 
1991	253 
1992	229 
1993	29 
1994	250 
1995	269 
1996	130 
1997	271 
1998	287 
1999	111 
2000	91 
2001	88 
2002	46 
2003	270 
2004	58 
2005	260 
2006	46 
2007	100 
2008	138 
2009	24 
2010	23 
2011	158 
2012	126 
2013	51 
2014	194 
2015	290 
2016	149 
2017	179 
2018	108 
2019	33 
2020	49 
2021	233 
2022	236 
2023	251 
2024	216 
2025	144 
2026	28 
2027	248 
2028	27 
2029	237 
2030	224 
2031	15 
2032	284 
2033	47 
2034	51 
2035	184 
2036	170 
2037	51 
2038	195 
2039	224 
2040	171 
2041	110 
2042	130 
2043	238 
2044	129 
2045	116 
2046	247 
2047	110 
2048	177 
2049	27 
2050	193 
2051	287 
2052	213 
2053	278 
2054	60 
2055	25 
2056	180 
2057	207 
2058	119 
2059	142 
2060	158 
2061	87 
2062	267 
2063	114 
2064	7 
2065	249 
2066	155 
2067	122 
2068	75 
2069	152 
2070	206 
2071	18 
2072	238 
2073	185 
2074	195 
2075	212 
2076	130 
2077	10 
2078	248 
2079	192 
2080	64 
2081	97 
2082	67 
2083	138 
2084	192 
2085	181 
2086	213 
2087	171 
2088	214 
2089	215 
2090	287 
2091	208 
2092	245 
2093	261 
2094	17 
2095	26 
2096	274 
2097	220 
2098	272 
2099	90 
2100	114 
2101	93 
2102	94 
2103	48 
2104	231 
2105	116 
2106	294 
2107	91 
2108	10 
2109	273 
2110	244 
2111	275 
2112	48 
2113	208 
2114	30 
2115	254 
2116	102 
2117	106 
2118	56 
2119	25 
2120	86 
2121	127 
2122	128 
2123	6 
2124	157 
2125	29 
2126	138 
2127	214 
2128	83 
2129	12 
2130	273 
2131	166 
2132	103 
2133	75 
2134	146 
2135	191 
2136	286 
2137	80 
2138	36 
2139	237 
2140	62 
2141	23 
2142	111 
2143	187 
2144	64 
2145	182 
2146	12 
2147	76 
2148	110 
2149	40 
2150	162 
2151	37 
2152	155 
2153	32 
2154	157 
2155	36 
2156	33 
2157	86 
2158	180 
2159	280 
2160	54 
2161	161 
2162	14 
2163	110 
2164	62 
2165	258 
2166	286 
2167	38 
2168	151 
2169	94 
2170	20 
2171	72 
2172	267 
2173	290 
2174	239 
2175	62 
2176	197 
2177	221 
2178	161 
2179	111 
2180	110 
2181	81 
2182	43 
2183	30 
2184	207 
2185	228 
2186	238 
2187	83 
2188	146 
2189	127 
2190	227 
2191	39 
2192	225 
2193	23 
2194	152 
2195	135 
2196	290 
2197	12 
2198	125 
2199	144 
2200	143 
2201	139 
2202	45 
2203	158 
2204	62 
2205	184 
2206	298 
2207	170 
2208	16 
2209	19 
2210	207 
2211	186 
2212	195 
2213	90 
2214	74 
2215	147 
2216	139 
2217	138 
2218	148 
2219	104 
2220	130 
2221	123 
2222	17 
2223	209 
2224	162 
2225	280 
2226	296 
2227	217 
2228	151 
2229	14 
2230	58 
2231	284 
2232	156 
2233	159 
2234	262 
2235	182 
2236	245 
2237	41 
2238	69 
2239	161 
2240	60 
2241	184 
2242	117 
2243	65 
2244	280 
2245	218 
2246	150 
2247	37 
2248	259 
2249	179 
2250	103 
2251	93 
2252	32 
2253	292 
2254	18 
2255	75 
2256	9 
2257	81 
2258	102 
2259	86 
2260	272 
2261	239 
2262	178 
2263	92 
2264	296 
2265	235 
2266	34 
2267	192 
2268	154 
2269	241 
2270	223 
2271	75 
2272	213 
2273	11 
2274	257 
2275	278 
2276	185 
2277	243 
2278	48 
2279	259 
2280	297 
2281	123 
2282	252 
2283	130 
2284	206 
2285	32 
2286	151 
2287	116 
2288	180 
2289	205 
2290	35 
2291	271 
2292	1 
2293	82 
2294	94 
2295	201 
2296	222 
2297	8 
2298	119 
2299	253 
2300	218 
2301	13 
2302	186 
2303	165 
2304	152 
2305	94 
2306	288 
2307	183 
2308	172 
2309	130 
2310	90 
2311	54 
2312	46 
2313	140 
2314	9 
2315	216 
2316	169 
2317	179 
2318	157 
2319	94 
2320	200 
2321	181 
2322	193 
2323	226 
2324	131 
2325	255 
2326	147 
2327	68 
2328	224 
2329	155 
2330	105 
2331	102 
2332	85 
2333	221 
2334	61 
2335	14 
2336	64 
2337	172 
2338	161 
2339	32 
2340	57 
2341	74 
2342	115 
2343	118 
2344	68 
2345	204 
2346	107 
2347	186 
2348	171 
2349	154 
2350	48 
2351	279 
2352	263 
2353	234 
2354	201 
2355	143 
2356	296 
2357	270 
2358	173 
2359	194 
2360	140 
2361	255 
2362	73 
2363	88 
2364	1 
2365	246 
2366	175 
2367	236 
2368	4 
2369	15 
2370	73 
2371	53 
2372	287 
2373	292 
2374	158 
2375	69 
2376	299 
2377	110 
2378	116 
2379	180 
2380	49 
2381	4 
2382	168 
2383	240 
2384	151 
2385	136 
2386	265 
2387	287 
2388	202 
2389	89 
2390	28 
2391	64 
2392	185 
2393	236 
2394	118 
2395	245 
2396	261 
2397	52 
2398	5 
2399	293 
2400	15 
2401	232 
2402	239 
2403	175 
2404	188 
2405	23 
2406	205 
2407	16 
2408	153 
2409	104 
2410	182 
2411	227 
2412	182 
2413	192 
2414	285 
2415	159 
2416	124 
2417	20 
2418	138 
2419	230 
2420	111 
2421	276 
2422	72 
2423	252 
2424	57 
2425	159 
2426	214 
2427	78 
2428	287 
2429	42 
2430	84 
2431	123 
2432	255 
2433	65 
2434	105 
2435	249 
2436	182 
2437	78 
2438	144 
2439	214 
2440	34 
2441	287 
2442	254 
2443	235 
2444	33 
2445	173 
2446	181 
2447	286 
2448	208 
2449	208 
2450	141 
2451	170 
2452	228 
2453	220 
2454	177 
2455	263 
2456	10 
2457	83 
2458	189 
2459	292 
2460	60 
2461	23 
2462	101 
2463	275 
2464	276 
2465	99 
2466	240 
2467	135 
2468	90 
2469	262 
2470	118 
2471	46 
2472	101 
2473	135 
2474	236 
2475	248 
2476	100 
2477	227 
2478	4 
2479	118 
2480	15 
2481	103 
2482	280 
2483	122 
2484	263 
2485	226 
2486	223 
2487	259 
2488	288 
2489	200 
2490	134 
2491	137 
2492	225 
2493	187 
2494	64 
2495	66 
2496	9 
2497	196 
2498	62 
2499	80 
2500	280 
2501	78 
2502	159 
2503	189 
2504	213 
2505	39 
2506	32 
2507	164 
2508	293 
2509	240 
2510	92 
2511	219 
2512	248 
2513	257 
2514	106 
2515	89 
2516	234 
2517	185 
2518	52 
2519	195 
2520	91 
2521	45 
2522	185 
2523	177 
2524	220 
2525	279 
2526	167 
2527	258 
2528	268 
2529	283 
2530	277 
2531	106 
2532	42 
2533	242 
2534	215 
2535	59 
2536	292 
2537	188 
2538	55 
2539	92 
2540	11 
2541	65 
2542	118 
2543	211 
2544	220 
2545	183 
2546	97 
2547	297 
2548	168 
2549	140 
2550	245 
2551	110 
2552	212 
2553	116 
2554	157 
2555	1 
2556	276 
2557	129 
2558	253 
2559	228 
2560	48 
2561	59 
2562	288 
2563	60 
2564	274 
2565	18 
2566	68 
2567	160 
2568	24 
2569	285 
2570	74 
2571	30 
2572	173 
2573	94 
2574	294 
2575	153 
2576	82 
2577	127 
2578	272 
2579	152 
2580	277 
2581	209 
2582	166 
2583	96 
2584	195 
2585	46 
2586	133 
2587	95 
2588	117 
2589	153 
2590	117 
2591	146 
2592	239 
2593	265 
2594	210 
2595	137 
2596	266 
2597	118 
2598	31 
2599	19 
2600	245 
2601	108 
2602	270 
2603	253 
2604	97 
2605	278 
2606	296 
2607	126 
2608	98 
2609	286 
2610	251 
2611	124 
2612	10 
2613	6 
2614	192 
2615	2 
2616	134 
2617	281 
2618	260 
2619	230 
2620	255 
2621	283 
2622	255 
2623	189 
2624	234 
2625	75 
2626	27 
2627	67 
2628	15 
2629	42 
2630	284 
2631	284 
2632	200 
2633	50 
2634	194 
2635	295 
2636	16 
2637	210 
2638	206 
2639	120 
2640	254 
2641	136 
2642	140 
2643	98 
2644	278 
2645	180 
2646	134 
2647	107 
2648	71 
2649	60 
2650	5 
2651	62 
2652	142 
2653	260 
2654	298 
2655	13 
2656	288 
2657	112 
2658	277 
2659	102 
2660	15 
2661	52 
2662	35 
2663	282 
2664	243 
2665	202 
2666	168 
2667	261 
2668	54 
2669	134 
2670	182 
2671	241 
2672	208 
2673	46 
2674	132 
2675	110 
2676	97 
2677	137 
2678	29 
2679	169 
2680	120 
2681	7 
2682	20 
2683	241 
2684	288 
2685	49 
2686	219 
2687	16 
2688	108 
2689	130 
2690	151 
2691	48 
2692	109 
2693	74 
2694	157 
2695	107 
2696	30 
2697	278 
2698	72 
2699	99 
2700	260 
2701	95 
2702	199 
2703	83 
2704	239 
2705	87 
2706	23 
2707	34 
2708	194 
2709	139 
2710	5 
2711	238 
2712	166 
2713	114 
2714	34 
2715	115 
2716	152 
2717	61 
2718	67 
2719	222 
2720	211 
2721	89 
2722	98 
2723	232 
2724	130 
2725	193 
2726	113 
2727	222 
2728	145 
2729	108 
2730	41 
2731	86 
2732	236 
2733	28 
2734	121 
2735	83 
2736	264 
2737	105 
2738	172 
2739	170 
2740	246 
2741	234 
2742	49 
2743	43 
2744	89 
2745	32 
2746	105 
2747	114 
2748	270 
2749	89 
2750	103 
2751	92 
2752	155 
2753	126 
2754	204 
2755	45 
2756	207 
2757	84 
2758	162 
2759	32 
2760	200 
2761	127 
2762	83 
2763	77 
2764	247 
2765	191 
2766	287 
2767	167 
2768	152 
2769	284 
2770	283 
2771	289 
2772	198 
2773	217 
2774	12 
2775	172 
2776	80 
2777	273 
2778	185 
2779	293 
2780	57 
2781	238 
2782	230 
2783	276 
2784	199 
2785	292 
2786	56 
2787	96 
2788	117 
2789	263 
2790	1 
2791	68 
2792	149 
2793	40 
2794	204 
2795	162 
2796	298 
2797	137 
2798	163 
2799	194 
2800	26 
2801	182 
2802	161 
2803	7 
2804	287 
2805	170 
2806	81 
2807	60 
2808	6 
2809	153 
2810	76 
2811	218 
2812	193 
2813	227 
2814	248 
2815	282 
2816	123 
2817	74 
2818	246 
2819	84 
2820	235 
2821	225 
2822	273 
2823	210 
2824	36 
2825	189 
2826	120 
2827	225 
2828	189 
2829	4 
2830	243 
2831	93 
2832	233 
2833	69 
2834	190 
2835	115 
2836	120 
2837	221 
2838	9 
2839	147 
2840	290 
2841	75 
2842	286 
2843	254 
2844	152 
2845	40 
2846	19 
2847	94 
2848	261 
2849	277 
2850	39 
2851	275 
2852	96 
2853	43 
2854	185 
2855	138 
2856	124 
2857	9 
2858	226 
2859	31 
2860	110 
2861	130 
2862	289 
2863	145 
2864	283 
2865	196 
2866	36 
2867	149 
2868	185 
2869	207 
2870	67 
2871	82 
2872	277 
2873	263 
2874	92 
2875	117 
2876	73 
2877	184 
2878	190 
2879	211 
2880	19 
2881	245 
2882	245 
2883	230 
2884	186 
2885	184 
2886	294 
2887	121 
2888	243 
2889	173 
2890	59 
2891	48 
2892	169 
2893	11 
2894	96 
2895	147 
2896	282 
2897	12 
2898	103 
2899	142 
2900	233 
2901	183 
2902	255 
2903	123 
2904	145 
2905	118 
2906	89 
2907	96 
2908	64 
2909	110 
2910	27 
2911	272 
2912	58 
2913	103 
2914	151 
2915	270 
2916	212 
2917	112 
2918	224 
2919	20 
2920	56 
2921	46 
2922	256 
2923	204 
2924	150 
2925	264 
2926	9 
2927	13 
2928	290 
2929	98 
2930	188 
2931	244 
2932	139 
2933	207 
2934	120 
2935	85 
2936	263 
2937	219 
2938	214 
2939	242 
2940	102 
2941	180 
2942	205 
2943	175 
2944	27 
2945	208 
2946	86 
2947	6 
2948	103 
2949	9 
2950	267 
2951	144 
2952	299 
2953	222 
2954	151 
2955	168 
2956	8 
2957	75 
2958	233 
2959	196 
2960	247 
2961	1 
2962	290 
2963	223 
2964	99 
2965	137 
2966	264 
2967	68 
2968	2 
2969	153 
2970	19 
2971	183 
2972	37 
2973	187 
2974	206 
2975	165 
2976	63 
2977	157 
2978	235 
2979	245 
2980	292 
2981	114 
2982	299 
2983	3 
2984	89 
2985	190 
2986	37 
2987	88 
2988	123 
2989	293 
2990	169 
2991	278 
2992	228 
2993	289 
2994	204 
2995	124 
2996	7 
2997	267 
2998	202 
2999	86 
3000	105 
3001	223 
3002	22 
3003	190 
3004	275 
3005	210 
3006	216 
3007	192 
3008	127 
3009	285 
3010	162 
3011	243 
3012	100 
3013	295 
3014	165 
3015	28 
3016	228 
3017	190 
3018	13 
3019	288 
3020	112 
3021	180 
3022	236 
3023	117 
3024	61 
3025	273 
3026	177 
3027	75 
3028	292 
3029	110 
3030	143 
3031	193 
3032	87 
3033	290 
3034	73 
3035	57 
3036	155 
3037	252 
3038	272 
3039	99 
3040	231 
3041	257 
3042	131 
3043	125 
3044	30 
3045	100 
3046	288 
3047	125 
3048	279 
3049	145 
3050	48 
3051	92 
3052	39 
3053	178 
3054	189 
3055	92 
3056	115 
3057	160 
3058	150 
3059	148 
3060	23 
3061	251 
3062	86 
3063	262 
3064	21 
3065	44 
3066	13 
3067	102 
3068	231 
3069	261 
3070	279 
3071	285 
3072	237 
3073	165 
3074	141 
3075	120 
3076	296 
3077	210 
3078	222 
3079	71 
3080	212 
3081	187 
3082	243 
3083	64 
3084	69 
3085	296 
3086	115 
3087	160 
3088	87 
3089	169 
3090	164 
3091	69 
3092	181 
3093	26 
3094	152 
3095	166 
3096	30 
3097	272 
3098	235 
3099	216 
3100	105 
3101	146 
3102	24 
3103	77 
3104	217 
3105	149 
3106	113 
3107	238 
3108	73 
3109	242 
3110	6 
3111	138 
3112	87 
3113	263 
3114	125 
3115	9 
3116	251 
3117	189 
3118	138 
3119	36 
3120	105 
3121	167 
3122	102 
3123	207 
3124	279 
3125	283 
3126	87 
3127	13 
3128	186 
3129	13 
3130	192 
3131	92 
3132	239 
3133	66 
3134	15 
3135	1 
3136	297 
3137	105 
3138	199 
3139	26 
3140	238 
3141	179 
3142	164 
3143	221 
3144	68 
3145	221 
3146	25 
3147	50 
3148	236 
3149	293 
3150	281 
3151	123 
3152	134 
3153	215 
3154	24 
3155	297 
3156	7 
3157	260 
3158	280 
3159	292 
3160	208 
3161	188 
3162	294 
3163	40 
3164	64 
3165	190 
3166	278 
3167	44 
3168	194 
3169	121 
3170	270 
3171	143 
3172	142 
3173	130 
3174	196 
3175	10 
3176	176 
3177	103 
3178	222 
3179	258 
3180	210 
3181	252 
3182	215 
3183	65 
3184	67 
3185	192 
3186	126 
3187	24 
3188	127 
3189	3 
3190	241 
3191	214 
3192	22 
3193	106 
3194	27 
3195	63 
3196	23 
3197	93 
3198	110 
3199	195 
3200	125 
3201	274 
3202	281 
3203	193 
3204	33 
3205	220 
3206	45 
3207	132 
3208	72 
3209	166 
3210	279 
3211	221 
3212	27 
3213	124 
3214	290 
3215	244 
3216	220 
3217	103 
3218	108 
3219	155 
3220	216 
3221	185 
3222	98 
3223	14 
3224	212 
3225	153 
3226	133 
3227	255 
3228	198 
3229	94 
3230	136 
3231	28 
3232	223 
3233	71 
3234	222 
3235	105 
3236	257 
3237	78 
3238	237 
3239	149 
3240	192 
3241	215 
3242	239 
3243	127 
3244	30 
3245	221 
3246	213 
3247	86 
3248	84 
3249	155 
3250	88 
3251	150 
3252	221 
3253	77 
3254	180 
3255	113 
3256	245 
3257	163 
3258	150 
3259	292 
3260	186 
3261	25 
3262	82 
3263	1 
3264	153 
3265	233 
3266	72 
3267	246 
3268	132 
3269	195 
3270	173 
3271	252 
3272	260 
3273	57 
3274	197 
3275	68 
3276	141 
3277	176 
3278	114 
3279	36 
3280	115 
3281	24 
3282	171 
3283	157 
3284	183 
3285	70 
3286	54 
3287	40 
3288	126 
3289	123 
3290	182 
3291	192 
3292	251 
3293	64 
3294	2 
3295	111 
3296	64 
3297	215 
3298	70 
3299	63 
3300	38 
3301	264 
3302	215 
3303	239 
3304	56 
3305	121 
3306	187 
3307	20 
3308	221 
3309	66 
3310	88 
3311	173 
3312	286 
3313	53 
3314	76 
3315	136 
3316	237 
3317	64 
3318	136 
3319	38 
3320	143 
3321	111 
3322	38 
3323	259 
3324	20 
3325	15 
3326	286 
3327	111 
3328	25 
3329	181 
3330	113 
3331	245 
3332	105 
3333	20 
3334	234 
3335	112 
3336	283 
3337	4 
3338	133 
3339	96 
3340	14 
3341	193 
3342	263 
3343	151 
3344	221 
3345	150 
3346	202 
3347	64 
3348	127 
3349	78 
3350	186 
3351	70 
3352	216 
3353	237 
3354	227 
3355	60 
3356	286 
3357	65 
3358	118 
3359	291 
3360	130 
3361	290 
3362	189 
3363	30 
3364	8 
3365	152 
3366	167 
3367	136 
3368	264 
3369	217 
3370	20 
3371	244 
3372	185 
3373	43 
3374	74 
3375	85 
3376	257 
3377	296 
3378	100 
3379	149 
3380	87 
3381	111 
3382	146 
3383	104 
3384	40 
3385	276 
3386	150 
3387	276 
3388	206 
3389	13 
3390	256 
3391	117 
3392	16 
3393	152 
3394	275 
3395	266 
3396	180 
3397	280 
3398	63 
3399	11 
3400	116 
3401	55 
3402	128 
3403	242 
3404	54 
3405	154 
3406	244 
3407	169 
3408	245 
3409	226 
3410	259 
3411	292 
3412	10 
3413	124 
3414	292 
3415	93 
3416	35 
3417	107 
3418	7 
3419	163 
3420	96 
3421	179 
3422	110 
3423	276 
3424	259 
3425	119 
3426	120 
3427	288 
3428	174 
3429	196 
3430	85 
3431	179 
3432	233 
3433	142 
3434	239 
3435	281 
3436	94 
3437	199 
3438	185 
3439	45 
3440	110 
3441	154 
3442	206 
3443	244 
3444	103 
3445	141 
3446	224 
3447	220 
3448	10 
3449	4 
3450	139 
3451	213 
3452	295 
3453	85 
3454	299 
3455	124 
3456	266 
3457	61 
3458	177 
3459	260 
3460	107 
3461	197 
3462	239 
3463	4 
3464	97 
3465	133 
3466	1 
3467	298 
3468	89 
3469	113 
3470	181 
3471	57 
3472	156 
3473	291 
3474	241 
3475	279 
3476	72 
3477	19 
3478	252 
3479	234 
3480	39 
3481	105 
3482	100 
3483	64 
3484	199 
3485	85 
3486	103 
3487	56 
3488	258 
3489	211 
3490	210 
3491	3 
3492	37 
3493	237 
3494	286 
3495	116 
3496	14 
3497	44 
3498	111 
3499	218 
3500	226 
3501	238 
3502	58 
3503	83 
3504	104 
3505	87 
3506	184 
3507	290 
3508	233 
3509	66 
3510	184 
3511	97 
3512	205 
3513	23 
3514	292 
3515	28 
3516	224 
3517	271 
3518	215 
3519	250 
3520	269 
3521	126 
3522	168 
3523	146 
3524	284 
3525	100 
3526	71 
3527	262 
3528	130 
3529	194 
3530	119 
3531	293 
3532	110 
3533	156 
3534	275 
3535	256 
3536	28 
3537	110 
3538	89 
3539	151 
3540	60 
3541	171 
3542	240 
3543	77 
3544	107 
3545	114 
3546	77 
3547	13 
3548	42 
3549	262 
3550	56 
3551	53 
3552	143 
3553	266 
3554	184 
3555	101 
3556	106 
3557	85 
3558	236 
3559	18 
3560	212 
3561	106 
3562	75 
3563	295 
3564	260 
3565	132 
3566	242 
3567	30 
3568	182 
3569	155 
3570	157 
3571	36 
3572	110 
3573	110 
3574	259 
3575	148 
3576	222 
3577	112 
3578	148 
3579	53 
3580	178 
3581	128 
3582	91 
3583	132 
3584	266 
3585	240 
3586	83 
3587	13 
3588	137 
3589	147 
3590	161 
3591	110 
3592	135 
3593	5 
3594	279 
3595	279 
3596	32 
3597	81 
3598	298 
3599	110 
3600	128 
3601	57 
3602	277 
3603	222 
3604	154 
3605	234 
3606	279 
3607	42 
3608	220 
3609	10 
3610	7 
3611	85 
3612	76 
3613	172 
3614	120 
3615	43 
3616	114 
3617	118 
3618	200 
3619	74 
3620	10 
3621	141 
3622	143 
3623	45 
3624	4 
3625	292 
3626	152 
3627	121 
3628	69 
3629	12 
3630	148 
3631	110 
3632	174 
3633	156 
3634	12 
3635	201 
3636	201 
3637	82 
3638	140 
3639	270 
3640	53 
3641	256 
3642	285 
3643	290 
3644	137 
3645	243 
3646	52 
3647	110 
3648	109 
3649	27 
3650	145 
3651	198 
3652	164 
3653	54 
3654	75 
3655	153 
3656	151 
3657	240 
3658	218 
3659	85 
3660	152 
3661	68 
3662	27 
3663	137 
3664	157 
3665	229 
3666	82 
3667	77 
3668	41 
3669	47 
3670	157 
3671	40 
3672	293 
3673	217 
3674	35 
3675	162 
3676	233 
3677	289 
3678	91 
3679	184 
3680	139 
3681	76 
3682	138 
3683	206 
3684	292 
3685	43 
3686	173 
3687	280 
3688	270 
3689	35 
3690	6 
3691	295 
3692	80 
3693	231 
3694	12 
3695	54 
3696	40 
3697	118 
3698	82 
3699	106 
3700	260 
3701	84 
3702	268 
3703	166 
3704	288 
3705	55 
3706	50 
3707	202 
3708	101 
3709	179 
3710	297 
3711	192 
3712	114 
3713	193 
3714	163 
3715	196 
3716	140 
3717	114 
3718	146 
3719	149 
3720	141 
3721	184 
3722	104 
3723	117 
3724	276 
3725	298 
3726	126 
3727	83 
3728	127 
3729	207 
3730	198 
3731	195 
3732	37 
3733	283 
3734	165 
3735	181 
3736	178 
3737	241 
3738	198 
3739	8 
3740	256 
3741	179 
3742	276 
3743	273 
3744	234 
3745	107 
3746	148 
3747	256 
3748	171 
3749	74 
3750	129 
3751	212 
3752	23 
3753	194 
3754	142 
3755	161 
3756	63 
3757	143 
3758	161 
3759	146 
3760	268 
3761	205 
3762	58 
3763	220 
3764	281 
3765	231 
3766	175 
3767	107 
3768	193 
3769	117 
3770	3 
3771	130 
3772	159 
3773	85 
3774	164 
3775	194 
3776	39 
3777	132 
3778	283 
3779	112 
3780	91 
3781	159 
3782	298 
3783	29 
3784	27 
3785	12 
3786	238 
3787	106 
3788	73 
3789	200 
3790	142 
3791	214 
3792	146 
3793	188 
3794	174 
3795	21 
3796	167 
3797	225 
3798	38 
3799	264 
3800	156 
3801	109 
3802	185 
3803	60 
3804	70 
3805	135 
3806	219 
3807	290 
3808	122 
3809	249 
3810	224 
3811	36 
3812	141 
3813	146 
3814	195 
3815	130 
3816	283 
3817	150 
3818	133 
3819	163 
3820	233 
3821	147 
3822	108 
3823	11 
3824	15 
3825	277 
3826	76 
3827	181 
3828	159 
3829	228 
3830	152 
3831	153 
3832	19 
3833	154 
3834	215 
3835	215 
3836	63 
3837	214 
3838	192 
3839	256 
3840	91 
3841	212 
3842	11 
3843	45 
3844	271 
3845	208 
3846	71 
3847	109 
3848	207 
3849	141 
3850	36 
3851	162 
3852	201 
3853	139 
3854	28 
3855	54 
3856	47 
3857	14 
3858	93 
3859	101 
3860	56 
3861	107 
3862	281 
3863	276 
3864	177 
3865	181 
3866	9 
3867	196 
3868	1 
3869	15 
3870	279 
3871	209 
3872	266 
3873	67 
3874	262 
3875	212 
3876	172 
3877	189 
3878	245 
3879	40 
3880	48 
3881	158 
3882	247 
3883	197 
3884	167 
3885	45 
3886	61 
3887	237 
3888	201 
3889	14 
3890	147 
3891	278 
3892	71 
3893	281 
3894	88 
3895	116 
3896	243 
3897	1 
3898	126 
3899	71 
3900	258 
3901	97 
3902	75 
3903	227 
3904	75 
3905	160 
3906	263 
3907	189 
3908	169 
3909	134 
3910	24 
3911	94 
3912	186 
3913	279 
3914	94 
3915	163 
3916	219 
3917	97 
3918	63 
3919	251 
3920	249 
3921	126 
3922	22 
3923	89 
3924	190 
3925	175 
3926	120 
3927	4 
3928	84 
3929	299 
3930	207 
3931	283 
3932	240 
3933	289 
3934	284 
3935	185 
3936	241 
3937	281 
3938	266 
3939	57 
3940	228 
3941	21 
3942	134 
3943	278 
3944	234 
3945	24 
3946	159 
3947	229 
3948	157 
3949	69 
3950	92 
3951	190 
3952	255 
3953	13 
3954	75 
3955	198 
3956	207 
3957	188 
3958	117 
3959	274 
3960	123 
3961	187 
3962	193 
3963	68 
3964	76 
3965	21 
3966	125 
3967	243 
3968	278 
3969	289 
3970	132 
3971	47 
3972	197 
3973	4 
3974	277 
3975	252 
3976	162 
3977	79 
3978	28 
3979	23 
3980	258 
3981	264 
3982	81 
3983	266 
3984	169 
3985	17 
3986	274 
3987	53 
3988	290 
3989	161 
3990	284 
3991	277 
3992	252 
3993	76 
3994	7 
3995	14 
3996	212 
3997	65 
3998	240 
3999	150 
4000	34 
4001	162 
4002	17 
4003	282 
4004	285 
4005	61 
4006	273 
4007	43 
4008	192 
4009	80 
4010	133 
4011	61 
4012	2 
4013	137 
4014	178 
4015	197 
4016	97 
4017	260 
4018	109 
4019	61 
4020	186 
4021	115 
4022	66 
4023	80 
4024	104 
4025	188 
4026	101 
4027	297 
4028	262 
4029	186 
4030	70 
4031	197 
4032	128 
4033	77 
4034	76 
4035	179 
4036	269 
4037	98 
4038	246 
4039	258 
4040	164 
4041	57 
4042	251 
4043	106 
4044	14 
4045	14 
4046	36 
4047	172 
4048	242 
4049	128 
4050	133 
4051	231 
4052	215 
4053	163 
4054	75 
4055	190 
4056	191 
4057	64 
4058	116 
4059	181 
4060	56 
4061	280 
4062	65 
4063	268 
4064	4 
4065	180 
4066	161 
4067	132 
4068	77 
4069	13 
4070	72 
4071	236 
4072	115 
4073	169 
4074	7 
4075	215 
4076	6 
4077	251 
4078	26 
4079	189 
4080	58 
4081	32 
4082	37 
4083	277 
4084	160 
4085	146 
4086	289 
4087	278 
4088	24 
4089	225 
4090	99 
4091	161 
4092	143 
4093	179 
4094	71 
4095	297 
4096	181 
4097	156 
4098	163 
4099	256 
4100	69 
4101	72 
4102	235 
4103	15 
4104	101 
4105	30 
4106	183 
4107	116 
4108	296 
4109	94 
4110	187 
4111	1 
4112	2 
4113	182 
4114	129 
4115	250 
4116	190 
4117	224 
4118	228 
4119	227 
4120	283 
4121	34 
4122	140 
4123	195 
4124	156 
4125	266 
4126	160 
4127	29 
4128	132 
4129	179 
4130	250 
4131	209 
4132	140 
4133	57 
4134	158 
4135	11 
4136	97 
4137	97 
4138	171 
4139	51 
4140	152 
4141	164 
4142	190 
4143	178 
4144	219 
4145	61 
4146	103 
4147	212 
4148	2 
4149	268 
4150	13 
4151	255 
4152	181 
4153	106 
4154	164 
4155	48 
4156	296 
4157	227 
4158	119 
4159	129 
4160	80 
4161	29 
4162	15 
4163	14 
4164	169 
4165	121 
4166	55 
4167	21 
4168	196 
4169	120 
4170	282 
4171	276 
4172	8 
4173	270 
4174	263 
4175	217 
4176	27 
4177	240 
4178	242 
4179	161 
4180	29 
4181	266 
4182	258 
4183	241 
4184	77 
4185	111 
4186	211 
4187	197 
4188	128 
4189	81 
4190	119 
4191	11 
4192	283 
4193	26 
4194	234 
4195	280 
4196	5 
4197	52 
4198	2 
4199	155 
4200	22 
4201	9 
4202	173 
4203	152 
4204	78 
4205	98 
4206	262 
4207	243 
4208	98 
4209	153 
4210	18 
4211	99 
4212	286 
4213	52 
4214	219 
4215	197 
4216	180 
4217	66 
4218	8 
4219	109 
4220	140 
4221	155 
4222	68 
4223	219 
4224	26 
4225	124 
4226	296 
4227	48 
4228	290 
4229	23 
4230	118 
4231	137 
4232	36 
4233	279 
4234	121 
4235	164 
4236	199 
4237	19 
4238	124 
4239	139 
4240	51 
4241	139 
4242	77 
4243	72 
4244	79 
4245	258 
4246	138 
4247	115 
4248	110 
4249	243 
4250	217 
4251	207 
4252	116 
4253	43 
4254	275 
4255	207 
4256	291 
4257	124 
4258	63 
4259	83 
4260	67 
4261	210 
4262	284 
4263	87 
4264	42 
4265	24 
4266	77 
4267	259 
4268	243 
4269	91 
4270	36 
4271	228 
4272	130 
4273	298 
4274	262 
4275	297 
4276	151 
4277	111 
4278	99 
4279	160 
4280	23 
4281	235 
4282	238 
4283	191 
4284	21 
4285	201 
4286	242 
4287	236 
4288	271 
4289	77 
4290	154 
4291	202 
4292	69 
4293	137 
4294	175 
4295	119 
4296	119 
4297	52 
4298	134 
4299	115 
4300	259 
4301	205 
4302	96 
4303	228 
4304	200 
4305	197 
4306	243 
4307	176 
4308	85 
4309	136 
4310	249 
4311	138 
4312	108 
4313	257 
4314	94 
4315	243 
4316	139 
4317	25 
4318	9 
4319	141 
4320	228 
4321	223 
4322	150 
4323	190 
4324	8 
4325	282 
4326	8 
4327	122 
4328	115 
4329	151 
4330	70 
4331	103 
4332	94 
4333	9 
4334	126 
4335	14 
4336	251 
4337	178 
4338	73 
4339	290 
4340	58 
4341	114 
4342	67 
4343	291 
4344	162 
4345	153 
4346	269 
4347	123 
4348	162 
4349	58 
4350	262 
4351	292 
4352	81 
4353	57 
4354	3 
4355	89 
4356	271 
4357	104 
4358	266 
4359	93 
4360	36 
4361	212 
4362	179 
4363	87 
4364	54 
4365	169 
4366	4 
4367	278 
4368	281 
4369	37 
4370	88 
4371	17 
4372	201 
4373	243 
4374	17 
4375	195 
4376	226 
4377	229 
4378	264 
4379	148 
4380	164 
4381	61 
4382	221 
4383	96 
4384	11 
4385	297 
4386	261 
4387	43 
4388	45 
4389	40 
4390	227 
4391	126 
4392	200 
4393	157 
4394	19 
4395	220 
4396	290 
4397	174 
4398	160 
4399	171 
4400	227 
4401	258 
4402	10 
4403	211 
4404	17 
4405	4 
4406	274 
4407	36 
4408	110 
4409	43 
4410	24 
4411	275 
4412	68 
4413	7 
4414	8 
4415	250 
4416	197 
4417	184 
4418	4 
4419	219 
4420	167 
4421	250 
4422	186 
4423	128 
4424	231 
4425	210 
4426	71 
4427	111 
4428	61 
4429	1 
4430	230 
4431	134 
4432	133 
4433	157 
4434	116 
4435	161 
4436	201 
4437	151 
4438	152 
4439	12 
4440	135 
4441	66 
4442	215 
4443	146 
4444	160 
4445	166 
4446	8 
4447	233 
4448	71 
4449	2 
4450	91 
4451	36 
4452	99 
4453	281 
4454	158 
4455	110 
4456	161 
4457	190 
4458	154 
4459	296 
4460	54 
4461	27 
4462	55 
4463	193 
4464	9 
4465	4 
4466	45 
4467	99 
4468	247 
4469	81 
4470	216 
4471	192 
4472	13 
4473	35 
4474	164 
4475	21 
4476	280 
4477	161 
4478	86 
4479	128 
4480	26 
4481	272 
4482	2 
4483	26 
4484	263 
4485	39 
4486	228 
4487	117 
4488	236 
4489	236 
4490	133 
4491	186 
4492	81 
4493	110 
4494	273 
4495	169 
4496	121 
4497	229 
4498	54 
4499	294 
4500	215 
4501	73 
4502	192 
4503	247 
4504	268 
4505	171 
4506	298 
4507	159 
4508	167 
4509	149 
4510	107 
4511	217 
4512	94 
4513	274 
4514	98 
4515	264 
4516	68 
4517	199 
4518	171 
4519	135 
4520	126 
4521	294 
4522	64 
4523	47 
4524	161 
4525	178 
4526	89 
4527	67 
4528	234 
4529	194 
4530	109 
4531	251 
4532	98 
4533	37 
4534	219 
4535	79 
4536	110 
4537	146 
4538	274 
4539	122 
4540	155 
4541	219 
4542	37 
4543	106 
4544	41 
4545	242 
4546	290 
4547	178 
4548	281 
4549	146 
4550	98 
4551	281 
4552	291 
4553	154 
4554	48 
4555	45 
4556	23 
4557	28 
4558	296 
4559	1 
4560	288 
4561	249 
4562	61 
4563	191 
4564	145 
4565	263 
4566	42 
4567	134 
4568	187 
4569	79 
4570	112 
4571	27 
4572	142 
4573	65 
4574	106 
4575	192 
4576	216 
4577	160 
4578	211 
4579	210 
4580	176 
4581	217 
4582	99 
4583	286 
4584	151 
4585	273 
4586	133 
4587	140 
4588	124 
4589	185 
4590	192 
4591	212 
4592	149 
4593	181 
4594	205 
4595	6 
4596	173 
4597	173 
4598	30 
4599	91 
4600	291 
4601	6 
4602	73 
4603	281 
4604	41 
4605	209 
4606	294 
4607	165 
4608	229 
4609	145 
4610	145 
4611	177 
4612	138 
4613	146 
4614	48 
4615	299 
4616	115 
4617	1 
4618	30 
4619	36 
4620	195 
4621	20 
4622	114 
4623	139 
4624	207 
4625	251 
4626	250 
4627	112 
4628	17 
4629	212 
4630	293 
4631	39 
4632	196 
4633	276 
4634	159 
4635	61 
4636	30 
4637	245 
4638	22 
4639	23 
4640	297 
4641	66 
4642	5 
4643	291 
4644	130 
4645	184 
4646	220 
4647	101 
4648	190 
4649	1 
4650	13 
4651	65 
4652	181 
4653	132 
4654	293 
4655	126 
4656	298 
4657	289 
4658	73 
4659	292 
4660	259 
4661	181 
4662	64 
4663	35 
4664	163 
4665	123 
4666	258 
4667	114 
4668	221 
4669	155 
4670	91 
4671	28 
4672	126 
4673	21 
4674	104 
4675	6 
4676	221 
4677	190 
4678	72 
4679	187 
4680	250 
4681	81 
4682	149 
4683	52 
4684	5 
4685	25 
4686	221 
4687	26 
4688	165 
4689	153 
4690	117 
4691	120 
4692	192 
4693	57 
4694	215 
4695	45 
4696	185 
4697	266 
4698	136 
4699	84 
4700	10 
4701	97 
4702	35 
4703	115 
4704	187 
4705	142 
4706	241 
4707	209 
4708	236 
4709	96 
4710	163 
4711	108 
4712	201 
4713	169 
4714	72 
4715	151 
4716	50 
4717	55 
4718	256 
4719	42 
4720	35 
4721	212 
4722	149 
4723	4 
4724	208 
4725	186 
4726	243 
4727	74 
4728	166 
4729	7 
4730	2 
4731	219 
4732	41 
4733	26 
4734	245 
4735	225 
4736	259 
4737	200 
4738	38 
4739	151 
4740	94 
4741	226 
4742	218 
4743	179 
4744	65 
4745	22 
4746	188 
4747	188 
4748	71 
4749	18 
4750	79 
4751	274 
4752	171 
4753	29 
4754	38 
4755	260 
4756	65 
4757	230 
4758	101 
4759	47 
4760	30 
4761	126 
4762	124 
4763	54 
4764	278 
4765	276 
4766	175 
4767	108 
4768	71 
4769	58 
4770	194 
4771	47 
4772	5 
4773	275 
4774	77 
4775	217 
4776	164 
4777	245 
4778	255 
4779	101 
4780	247 
4781	106 
4782	112 
4783	235 
4784	138 
4785	127 
4786	169 
4787	52 
4788	67 
4789	207 
4790	55 
4791	189 
4792	278 
4793	229 
4794	14 
4795	278 
4796	228 
4797	186 
4798	81 
4799	108 
4800	251 
4801	200 
4802	227 
4803	25 
4804	76 
4805	175 
4806	5 
4807	39 
4808	264 
4809	211 
4810	208 
4811	211 
4812	54 
4813	120 
4814	199 
4815	263 
4816	39 
4817	231 
4818	1 
4819	163 
4820	65 
4821	201 
4822	192 
4823	189 
4824	14 
4825	153 
4826	153 
4827	201 
4828	9 
4829	3 
4830	57 
4831	108 
4832	109 
4833	76 
4834	207 
4835	165 
4836	138 
4837	127 
4838	89 
4839	34 
4840	149 
4841	272 
4842	142 
4843	150 
4844	57 
4845	174 
4846	39 
4847	205 
4848	36 
4849	21 
4850	133 
4851	117 
4852	212 
4853	76 
4854	220 
4855	185 
4856	278 
4857	263 
4858	94 
4859	285 
4860	140 
4861	272 
4862	9 
4863	88 
4864	155 
4865	55 
4866	67 
4867	186 
4868	73 
4869	5 
4870	173 
4871	6 
4872	37 
4873	270 
4874	158 
4875	134 
4876	220 
4877	192 
4878	208 
4879	230 
4880	218 
4881	157 
4882	247 
4883	28 
4884	88 
4885	181 
4886	209 
4887	161 
4888	297 
4889	15 
4890	35 
4891	36 
4892	32 
4893	47 
4894	117 
4895	278 
4896	179 
4897	142 
4898	201 
4899	58 
4900	65 
4901	220 
4902	205 
4903	61 
4904	159 
4905	218 
4906	239 
4907	140 
4908	162 
4909	47 
4910	86 
4911	23 
4912	80 
4913	93 
4914	28 
4915	107 
4916	184 
4917	210 
4918	67 
4919	161 
4920	182 
4921	48 
4922	291 
4923	293 
4924	132 
4925	194 
4926	91 
4927	251 
4928	190 
4929	178 
4930	289 
4931	261 
4932	180 
4933	88 
4934	252 
4935	181 
4936	171 
4937	98 
4938	68 
4939	81 
4940	22 
4941	190 
4942	104 
4943	268 
4944	112 
4945	55 
4946	275 
4947	195 
4948	117 
4949	140 
4950	272 
4951	50 
4952	207 
4953	99 
4954	21 
4955	89 
4956	251 
4957	209 
4958	178 
4959	241 
4960	176 
4961	20 
4962	249 
4963	79 
4964	15 
4965	28 
4966	99 
4967	34 
4968	165 
4969	13 
4970	285 
4971	277 
4972	116 
4973	163 
4974	176 
4975	289 
4976	194 
4977	157 
4978	24 
4979	280 
4980	38 
4981	20 
4982	256 
4983	77 
4984	149 
4985	285 
4986	20 
4987	200 
4988	69 
4989	141 
4990	159 
4991	125 
4992	258 
4993	43 
4994	38 
4995	106 
4996	64 
4997	17 
4998	285 
4999	218 
5000	157 
5001	196 
5002	154 
5003	67 
5004	228 
5005	110 
5006	132 
5007	223 
5008	91 
5009	252 
5010	125 
5011	225 
5012	41 
5013	98 
5014	238 
5015	40 
5016	292 
5017	207 
5018	50 
5019	87 
5020	210 
5021	9 
5022	147 
5023	181 
5024	8 
5025	65 
5026	286 
5027	80 
5028	5 
5029	205 
5030	290 
5031	178 
5032	91 
5033	133 
5034	168 
5035	166 
5036	38 
5037	68 
5038	8 
5039	284 
5040	123 
5041	123 
5042	165 
5043	22 
5044	13 
5045	76 
5046	2 
5047	126 
5048	169 
5049	4 
5050	207 
5051	125 
5052	123 
5053	4 
5054	68 
5055	14 
5056	166 
5057	5 
5058	69 
5059	89 
5060	292 
5061	114 
5062	209 
5063	192 
5064	151 
5065	225 
5066	249 
5067	229 
5068	271 
5069	294 
5070	29 
5071	96 
5072	179 
5073	233 
5074	161 
5075	231 
5076	39 
5077	65 
5078	245 
5079	45 
5080	184 
5081	296 
5082	66 
5083	81 
5084	91 
5085	291 
5086	111 
5087	43 
5088	162 
5089	132 
5090	259 
5091	136 
5092	30 
5093	94 
5094	245 
5095	177 
5096	168 
5097	168 
5098	122 
5099	82 
5100	250 
5101	35 
5102	250 
5103	298 
5104	178 
5105	233 
5106	279 
5107	69 
5108	225 
5109	106 
5110	53 
5111	32 
5112	250 
5113	161 
5114	136 
5115	269 
5116	273 
5117	89 
5118	158 
5119	22 
5120	227 
5121	243 
5122	163 
5123	188 
5124	193 
5125	260 
5126	43 
5127	115 
5128	196 
5129	142 
5130	152 
5131	50 
5132	290 
5133	107 
5134	130 
5135	281 
5136	167 
5137	220 
5138	73 
5139	263 
5140	189 
5141	255 
5142	277 
5143	245 
5144	159 
5145	288 
5146	101 
5147	176 
5148	295 
5149	158 
5150	140 
5151	158 
5152	114 
5153	148 
5154	249 
5155	180 
5156	87 
5157	7 
5158	207 
5159	29 
5160	209 
5161	165 
5162	45 
5163	21 
5164	43 
5165	56 
5166	112 
5167	77 
5168	23 
5169	45 
5170	55 
5171	117 
5172	64 
5173	104 
5174	119 
5175	15 
5176	233 
5177	188 
5178	242 
5179	136 
5180	57 
5181	241 
5182	211 
5183	222 
5184	215 
5185	189 
5186	288 
5187	57 
5188	223 
5189	163 
5190	184 
5191	278 
5192	277 
5193	34 
5194	77 
5195	138 
5196	209 
5197	274 
5198	145 
5199	94 
5200	70 
5201	68 
5202	183 
5203	84 
5204	142 
5205	61 
5206	10 
5207	96 
5208	9 
5209	111 
5210	13 
5211	116 
5212	169 
5213	129 
5214	140 
5215	54 
5216	123 
5217	38 
5218	246 
5219	48 
5220	297 
5221	2 
5222	80 
5223	221 
5224	282 
5225	227 
5226	121 
5227	151 
5228	188 
5229	128 
5230	13 
5231	104 
5232	190 
5233	286 
5234	51 
5235	297 
5236	76 
5237	15 
5238	262 
5239	236 
5240	273 
5241	14 
5242	115 
5243	25 
5244	140 
5245	94 
5246	296 
5247	189 
5248	72 
5249	159 
5250	247 
5251	121 
5252	167 
5253	223 
5254	88 
5255	194 
5256	190 
5257	161 
5258	280 
5259	284 
5260	236 
5261	68 
5262	48 
5263	169 
5264	286 
5265	66 
5266	139 
5267	57 
5268	75 
5269	124 
5270	21 
5271	63 
5272	25 
5273	168 
5274	279 
5275	169 
5276	202 
5277	89 
5278	51 
5279	56 
5280	98 
5281	58 
5282	27 
5283	223 
5284	258 
5285	149 
5286	297 
5287	55 
5288	207 
5289	167 
5290	12 
5291	251 
5292	115 
5293	24 
5294	189 
5295	183 
5296	151 
5297	13 
5298	207 
5299	65 
5300	223 
5301	181 
5302	242 
5303	195 
5304	184 
5305	255 
5306	114 
5307	193 
5308	209 
5309	270 
5310	80 
5311	55 
5312	116 
5313	12 
5314	38 
5315	42 
5316	40 
5317	89 
5318	128 
5319	36 
5320	215 
5321	208 
5322	186 
5323	250 
5324	297 
5325	221 
5326	47 
5327	174 
5328	228 
5329	200 
5330	192 
5331	80 
5332	72 
5333	219 
5334	222 
5335	43 
5336	208 
5337	238 
5338	171 
5339	175 
5340	27 
5341	294 
5342	284 
5343	187 
5344	80 
5345	292 
5346	247 
5347	116 
5348	108 
5349	252 
5350	298 
5351	130 
5352	142 
5353	117 
5354	162 
5355	212 
5356	190 
5357	282 
5358	200 
5359	247 
5360	177 
5361	141 
5362	190 
5363	138 
5364	284 
5365	152 
5366	299 
5367	25 
5368	180 
5369	129 
5370	39 
5371	39 
5372	164 
5373	211 
5374	15 
5375	258 
5376	184 
5377	32 
5378	161 
5379	153 
5380	179 
5381	68 
5382	42 
5383	178 
5384	292 
5385	227 
5386	207 
5387	259 
5388	63 
5389	20 
5390	295 
5391	299 
5392	183 
5393	132 
5394	14 
5395	185 
5396	30 
5397	184 
5398	228 
5399	48 
5400	122 
5401	137 
5402	290 
5403	76 
5404	40 
5405	219 
5406	191 
5407	225 
5408	73 
5409	193 
5410	76 
5411	1 
5412	42 
5413	250 
5414	137 
5415	1 
5416	71 
5417	57 
5418	179 
5419	155 
5420	231 
5421	167 
5422	70 
5423	141 
5424	73 
5425	134 
5426	89 
5427	207 
5428	133 
5429	260 
5430	120 
5431	28 
5432	36 
5433	76 
5434	288 
5435	223 
5436	51 
5437	17 
5438	139 
5439	96 
5440	65 
5441	175 
5442	68 
5443	230 
5444	21 
5445	14 
5446	116 
5447	133 
5448	233 
5449	42 
5450	86 
5451	38 
5452	290 
5453	130 
5454	130 
5455	51 
5456	138 
5457	263 
5458	158 
5459	127 
5460	241 
5461	24 
5462	122 
5463	193 
5464	74 
5465	205 
5466	175 
5467	285 
5468	4 
5469	116 
5470	294 
5471	279 
5472	177 
5473	142 
5474	281 
5475	295 
5476	79 
5477	259 
5478	74 
5479	255 
5480	199 
5481	193 
5482	273 
5483	47 
5484	125 
5485	6 
5486	238 
5487	67 
5488	114 
5489	30 
5490	190 
5491	190 
5492	70 
5493	276 
5494	215 
5495	158 
5496	263 
5497	281 
5498	12 
5499	125 
5500	193 
5501	79 
5502	24 
5503	65 
5504	181 
5505	35 
5506	110 
5507	30 
5508	36 
5509	284 
5510	177 
5511	147 
5512	202 
5513	278 
5514	32 
5515	119 
5516	108 
5517	299 
5518	3 
5519	12 
5520	236 
5521	55 
5522	173 
5523	284 
5524	121 
5525	25 
5526	132 
5527	288 
5528	12 
5529	119 
5530	245 
5531	259 
5532	43 
5533	134 
5534	297 
5535	153 
5536	94 
5537	153 
5538	151 
5539	278 
5540	116 
5541	171 
5542	222 
5543	136 
5544	299 
5545	74 
5546	293 
5547	217 
5548	191 
5549	286 
5550	112 
5551	77 
5552	228 
5553	167 
5554	147 
5555	158 
5556	65 
5557	223 
5558	48 
5559	151 
5560	140 
5561	169 
5562	294 
5563	242 
5564	42 
5565	55 
5566	79 
5567	288 
5568	185 
5569	9 
5570	272 
5571	76 
5572	245 
5573	239 
5574	89 
5575	180 
5576	292 
5577	176 
5578	156 
5579	88 
5580	82 
5581	125 
5582	29 
5583	210 
5584	79 
5585	116 
5586	192 
5587	1 
5588	226 
5589	52 
5590	251 
5591	291 
5592	82 
5593	192 
5594	66 
5595	24 
5596	272 
5597	208 
5598	167 
5599	282 
5600	207 
5601	68 
5602	227 
5603	217 
5604	178 
5605	179 
5606	194 
5607	75 
5608	242 
5609	187 
5610	259 
5611	205 
5612	125 
5613	107 
5614	183 
5615	167 
5616	26 
5617	25 
5618	106 
5619	163 
5620	149 
5621	77 
5622	269 
5623	226 
5624	276 
5625	272 
5626	9 
5627	58 
5628	58 
5629	182 
5630	53 
5631	181 
5632	107 
5633	260 
5634	13 
5635	29 
5636	246 
5637	260 
5638	48 
5639	108 
5640	98 
5641	84 
5642	243 
5643	73 
5644	155 
5645	223 
5646	291 
5647	242 
5648	238 
5649	282 
5650	124 
5651	249 
5652	115 
5653	13 
5654	36 
5655	74 
5656	94 
5657	200 
5658	234 
5659	242 
5660	270 
5661	61 
5662	151 
5663	34 
5664	285 
5665	108 
5666	94 
5667	286 
5668	2 
5669	228 
5670	66 
5671	133 
5672	66 
5673	228 
5674	174 
5675	24 
5676	293 
5677	74 
5678	177 
5679	48 
5680	151 
5681	63 
5682	115 
5683	269 
5684	223 
5685	61 
5686	110 
5687	35 
5688	261 
5689	158 
5690	53 
5691	180 
5692	23 
5693	6 
5694	30 
5695	153 
5696	129 
5697	42 
5698	164 
5699	165 
5700	80 
5701	117 
5702	272 
5703	294 
5704	5 
5705	205 
5706	178 
5707	171 
5708	269 
5709	192 
5710	251 
5711	94 
5712	61 
5713	80 
5714	163 
5715	242 
5716	67 
5717	236 
5718	192 
5719	212 
5720	4 
5721	177 
5722	13 
5723	271 
5724	164 
5725	133 
5726	199 
5727	88 
5728	255 
5729	275 
5730	153 
5731	256 
5732	45 
5733	268 
5734	106 
5735	177 
5736	133 
5737	236 
5738	258 
5739	190 
5740	268 
5741	130 
5742	221 
5743	114 
5744	70 
5745	43 
5746	61 
5747	73 
5748	173 
5749	223 
5750	218 
5751	112 
5752	84 
5753	268 
5754	122 
5755	11 
5756	223 
5757	73 
5758	188 
5759	71 
5760	239 
5761	12 
5762	38 
5763	227 
5764	229 
5765	12 
5766	211 
5767	184 
5768	74 
5769	178 
5770	290 
5771	190 
5772	15 
5773	179 
5774	1 
5775	258 
5776	276 
5777	21 
5778	220 
5779	125 
5780	17 
5781	146 
5782	80 
5783	205 
5784	123 
5785	8 
5786	225 
5787	145 
5788	278 
5789	37 
5790	225 
5791	38 
5792	43 
5793	296 
5794	169 
5795	187 
5796	299 
5797	225 
5798	299 
5799	245 
5800	179 
5801	212 
5802	153 
5803	208 
5804	156 
5805	12 
5806	23 
5807	116 
5808	126 
5809	288 
5810	282 
5811	114 
5812	153 
5813	291 
5814	93 
5815	292 
5816	262 
5817	96 
5818	294 
5819	86 
5820	8 
5821	246 
5822	231 
5823	285 
5824	71 
5825	77 
5826	88 
5827	298 
5828	259 
5829	116 
5830	115 
5831	101 
5832	126 
5833	64 
5834	292 
5835	93 
5836	54 
5837	288 
5838	57 
5839	188 
5840	276 
5841	57 
5842	297 
5843	96 
5844	67 
5845	128 
5846	96 
5847	239 
5848	256 
5849	28 
5850	157 
5851	187 
5852	32 
5853	209 
5854	240 
5855	163 
5856	81 
5857	87 
5858	128 
5859	57 
5860	202 
5861	125 
5862	228 
5863	35 
5864	29 
5865	226 
5866	260 
5867	55 
5868	14 
5869	162 
5870	291 
5871	3 
5872	294 
5873	272 
5874	148 
5875	123 
5876	157 
5877	226 
5878	247 
5879	57 
5880	117 
5881	79 
5882	190 
5883	207 
5884	9 
5885	124 
5886	65 
5887	68 
5888	133 
5889	233 
5890	129 
5891	154 
5892	155 
5893	298 
5894	76 
5895	199 
5896	76 
5897	271 
5898	228 
5899	58 
5900	126 
5901	274 
5902	51 
5903	133 
5904	11 
5905	230 
5906	238 
5907	194 
5908	211 
5909	215 
5910	187 
5911	101 
5912	117 
5913	234 
5914	155 
5915	65 
5916	167 
5917	114 
5918	295 
5919	17 
5920	26 
5921	121 
5922	54 
5923	187 
5924	109 
5925	48 
5926	150 
5927	68 
5928	126 
5929	56 
5930	159 
5931	269 
5932	54 
5933	119 
5934	167 
5935	215 
5936	277 
5937	183 
5938	63 
5939	15 
5940	295 
5941	151 
5942	9 
5943	28 
5944	199 
5945	200 
5946	280 
5947	37 
5948	122 
5949	296 
5950	191 
5951	15 
5952	72 
5953	250 
5954	70 
5955	286 
5956	297 
5957	28 
5958	151 
5959	270 
5960	26 
5961	202 
5962	23 
5963	124 
5964	212 
5965	123 
5966	94 
5967	225 
5968	128 
5969	109 
5970	189 
5971	139 
5972	138 
5973	39 
5974	38 
5975	66 
5976	152 
5977	273 
5978	157 
5979	110 
5980	167 
5981	231 
5982	169 
5983	215 
5984	196 
5985	124 
5986	298 
5987	130 
5988	10 
5989	3 
5990	27 
5991	194 
5992	82 
5993	86 
5994	30 
5995	298 
5996	290 
5997	278 
5998	165 
5999	13 
6000	207 
6001	294 
6002	195 
6003	63 
6004	134 
6005	189 
6006	226 
6007	220 
6008	202 
6009	4 
6010	289 
6011	48 
6012	276 
6013	173 
6014	269 
6015	296 
6016	155 
6017	180 
6018	238 
6019	115 
6020	108 
6021	36 
6022	276 
6023	39 
6024	136 
6025	36 
6026	3 
6027	152 
6028	88 
6029	123 
6030	14 
6031	188 
6032	191 
6033	262 
6034	229 
6035	99 
6036	291 
6037	132 
6038	142 
6039	261 
6040	286 
6041	126 
6042	129 
6043	199 
6044	86 
6045	260 
6046	239 
6047	280 
6048	215 
6049	155 
6050	107 
6051	22 
6052	251 
6053	76 
6054	117 
6055	133 
6056	263 
6057	217 
6058	268 
6059	65 
6060	8 
6061	292 
6062	87 
6063	122 
6064	288 
6065	166 
6066	38 
6067	286 
6068	296 
6069	177 
6070	270 
6071	15 
6072	74 
6073	70 
6074	64 
6075	259 
6076	11 
6077	20 
6078	153 
6079	163 
6080	125 
6081	114 
6082	285 
6083	11 
6084	256 
6085	64 
6086	196 
6087	195 
6088	156 
6089	166 
6090	207 
6091	88 
6092	84 
6093	189 
6094	134 
6095	234 
6096	23 
6097	148 
6098	15 
6099	111 
6100	250 
6101	186 
6102	43 
6103	183 
6104	54 
6105	169 
6106	137 
6107	289 
6108	17 
6109	82 
6110	255 
6111	180 
6112	52 
6113	181 
6114	117 
6115	208 
6116	45 
6117	242 
6118	153 
6119	29 
6120	259 
6121	240 
6122	117 
6123	228 
6124	297 
6125	37 
6126	150 
6127	290 
6128	155 
6129	142 
6130	262 
6131	39 
6132	286 
6133	271 
6134	217 
6135	76 
6136	30 
6137	259 
6138	40 
6139	240 
6140	115 
6141	271 
6142	58 
6143	159 
6144	205 
6145	179 
6146	93 
6147	11 
6148	117 
6149	207 
6150	29 
6151	21 
6152	207 
6153	190 
6154	6 
6155	273 
6156	94 
6157	241 
6158	147 
6159	167 
6160	5 
6161	79 
6162	72 
6163	38 
6164	279 
6165	128 
6166	166 
6167	164 
6168	114 
6169	288 
6170	202 
6171	25 
6172	217 
6173	163 
6174	14 
6175	286 
6176	51 
6177	176 
6178	94 
6179	262 
6180	98 
6181	36 
6182	259 
6183	114 
6184	40 
6185	30 
6186	219 
6187	104 
6188	21 
6189	101 
6190	291 
6191	112 
6192	11 
6193	207 
6194	82 
6195	298 
6196	72 
6197	22 
6198	202 
6199	148 
6200	142 
6201	80 
6202	238 
6203	212 
6204	34 
6205	29 
6206	276 
6207	8 
6208	282 
6209	53 
6210	4 
6211	64 
6212	134 
6213	119 
6214	48 
6215	119 
6216	40 
6217	272 
6218	80 
6219	285 
6220	192 
6221	48 
6222	268 
6223	23 
6224	276 
6225	227 
6226	79 
6227	25 
6228	132 
6229	222 
6230	47 
6231	94 
6232	169 
6233	73 
6234	64 
6235	98 
6236	189 
6237	212 
6238	211 
6239	17 
6240	73 
6241	65 
6242	261 
6243	260 
6244	298 
6245	290 
6246	185 
6247	162 
6248	241 
6249	229 
6250	219 
6251	227 
6252	84 
6253	200 
6254	4 
6255	14 
6256	241 
6257	57 
6258	179 
6259	157 
6260	22 
6261	238 
6262	261 
6263	233 
6264	288 
6265	68 
6266	175 
6267	128 
6268	291 
6269	145 
6270	227 
6271	185 
6272	156 
6273	67 
6274	4 
6275	251 
6276	149 
6277	157 
6278	52 
6279	155 
6280	25 
6281	72 
6282	187 
6283	11 
6284	291 
6285	153 
6286	111 
6287	9 
6288	241 
6289	36 
6290	43 
6291	174 
6292	196 
6293	208 
6294	176 
6295	285 
6296	75 
6297	215 
6298	4 
6299	22 
6300	3 
6301	288 
6302	218 
6303	263 
6304	4 
6305	11 
6306	176 
6307	179 
6308	142 
6309	68 
6310	263 
6311	191 
6312	115 
6313	288 
6314	99 
6315	1 
6316	167 
6317	23 
6318	245 
6319	246 
6320	227 
6321	107 
6322	294 
6323	178 
6324	93 
6325	151 
6326	157 
6327	299 
6328	45 
6329	53 
6330	89 
6331	28 
6332	162 
6333	263 
6334	251 
6335	293 
6336	65 
6337	132 
6338	124 
6339	293 
6340	145 
6341	8 
6342	21 
6343	256 
6344	292 
6345	250 
6346	279 
6347	79 
6348	178 
6349	278 
6350	234 
6351	154 
6352	291 
6353	51 
6354	166 
6355	37 
6356	174 
6357	114 
6358	38 
6359	242 
6360	284 
6361	76 
6362	48 
6363	294 
6364	112 
6365	74 
6366	4 
6367	194 
6368	12 
6369	180 
6370	56 
6371	136 
6372	269 
6373	153 
6374	6 
6375	26 
6376	227 
6377	180 
6378	280 
6379	255 
6380	158 
6381	10 
6382	167 
6383	20 
6384	246 
6385	99 
6386	151 
6387	30 
6388	58 
6389	276 
6390	222 
6391	23 
6392	191 
6393	70 
6394	153 
6395	246 
6396	218 
6397	149 
6398	9 
6399	189 
6400	51 
6401	207 
6402	165 
6403	272 
6404	26 
6405	220 
6406	162 
6407	219 
6408	262 
6409	43 
6410	94 
6411	126 
6412	129 
6413	272 
6414	220 
6415	63 
6416	299 
6417	5 
6418	215 
6419	6 
6420	177 
6421	228 
6422	262 
6423	117 
6424	130 
6425	208 
6426	86 
6427	299 
6428	221 
6429	153 
6430	48 
6431	202 
6432	40 
6433	276 
6434	93 
6435	150 
6436	242 
6437	4 
6438	173 
6439	28 
6440	129 
6441	249 
6442	30 
6443	123 
6444	142 
6445	205 
6446	188 
6447	86 
6448	299 
6449	84 
6450	11 
6451	11 
6452	194 
6453	293 
6454	179 
6455	211 
6456	99 
6457	87 
6458	165 
6459	277 
6460	217 
6461	175 
6462	54 
6463	10 
6464	151 
6465	190 
6466	66 
6467	9 
6468	240 
6469	239 
6470	109 
6471	68 
6472	192 
6473	234 
6474	64 
6475	71 
6476	159 
6477	175 
6478	149 
6479	228 
6480	273 
6481	75 
6482	89 
6483	109 
6484	187 
6485	128 
6486	134 
6487	174 
6488	52 
6489	241 
6490	270 
6491	205 
6492	221 
6493	140 
6494	24 
6495	208 
6496	107 
6497	167 
6498	28 
6499	219 
6500	40 
6501	64 
6502	261 
6503	40 
6504	229 
6505	273 
6506	35 
6507	200 
6508	185 
6509	269 
6510	179 
6511	298 
6512	64 
6513	193 
6514	79 
6515	53 
6516	129 
6517	169 
6518	77 
6519	53 
6520	233 
6521	133 
6522	48 
6523	185 
6524	297 
6525	38 
6526	65 
6527	61 
6528	227 
6529	76 
6530	96 
6531	116 
6532	119 
6533	157 
6534	187 
6535	262 
6536	64 
6537	298 
6538	72 
6539	221 
6540	111 
6541	179 
6542	121 
6543	40 
6544	124 
6545	77 
6546	137 
6547	272 
6548	76 
6549	194 
6550	218 
6551	288 
6552	96 
6553	279 
6554	278 
6555	157 
6556	43 
6557	98 
6558	291 
6559	194 
6560	24 
6561	133 
6562	286 
6563	269 
6564	202 
6565	70 
6566	190 
6567	297 
6568	146 
6569	223 
6570	57 
6571	174 
6572	243 
6573	72 
6574	147 
6575	186 
6576	171 
6577	151 
6578	40 
6579	221 
6580	86 
6581	80 
6582	191 
6583	28 
6584	219 
6585	199 
6586	14 
6587	140 
6588	136 
6589	116 
6590	179 
6591	150 
6592	28 
6593	271 
6594	136 
6595	165 
6596	190 
6597	298 
6598	157 
6599	109 
6600	274 
6601	234 
6602	178 
6603	38 
6604	262 
6605	192 
6606	263 
6607	299 
6608	190 
6609	70 
6610	51 
6611	63 
6612	291 
6613	288 
6614	140 
6615	255 
6616	74 
6617	8 
6618	228 
6619	184 
6620	271 
6621	277 
6622	250 
6623	29 
6624	249 
6625	258 
6626	299 
6627	114 
6628	154 
6629	188 
6630	274 
6631	133 
6632	250 
6633	219 
6634	94 
6635	187 
6636	286 
6637	269 
6638	171 
6639	125 
6640	133 
6641	299 
6642	114 
6643	167 
6644	286 
6645	234 
6646	207 
6647	8 
6648	238 
6649	106 
6650	169 
6651	74 
6652	217 
6653	167 
6654	258 
6655	233 
6656	169 
6657	193 
6658	295 
6659	278 
6660	107 
6661	87 
6662	117 
6663	178 
6664	178 
6665	25 
6666	200 
6667	205 
6668	260 
6669	184 
6670	177 
6671	156 
6672	43 
6673	228 
6674	132 
6675	295 
6676	75 
6677	63 
6678	280 
6679	190 
6680	37 
6681	164 
6682	35 
6683	56 
6684	6 
6685	218 
6686	202 
6687	12 
6688	167 
6689	208 
6690	299 
6691	112 
6692	177 
6693	142 
6694	284 
6695	96 
6696	38 
6697	176 
6698	34 
6699	70 
6700	68 
6701	23 
6702	292 
6703	236 
6704	285 
6705	22 
6706	249 
6707	192 
6708	208 
6709	152 
6710	17 
6711	212 
6712	142 
6713	162 
6714	35 
6715	150 
6716	176 
6717	165 
6718	166 
6719	86 
6720	70 
6721	240 
6722	79 
6723	166 
6724	48 
6725	72 
6726	181 
6727	138 
6728	57 
6729	74 
6730	260 
6731	110 
6732	184 
6733	10 
6734	87 
6735	52 
6736	84 
6737	108 
6738	151 
6739	188 
6740	284 
6741	110 
6742	159 
6743	186 
6744	220 
6745	245 
6746	96 
6747	11 
6748	278 
6749	167 
6750	153 
6751	166 
6752	233 
6753	196 
6754	291 
6755	8 
6756	96 
6757	299 
6758	107 
6759	154 
6760	246 
6761	52 
6762	133 
6763	209 
6764	167 
6765	63 
6766	209 
6767	263 
6768	73 
6769	114 
6770	286 
6771	177 
6772	106 
6773	291 
6774	110 
6775	114 
6776	177 
6777	151 
6778	48 
6779	152 
6780	132 
6781	74 
6782	171 
6783	17 
6784	274 
6785	43 
6786	174 
6787	114 
6788	299 
6789	215 
6790	263 
6791	89 
6792	93 
6793	192 
6794	221 
6795	140 
6796	64 
6797	151 
6798	167 
6799	57 
6800	263 
6801	251 
6802	276 
6803	195 
6804	146 
6805	138 
6806	231 
6807	119 
6808	72 
6809	96 
6810	255 
6811	276 
6812	282 
6813	48 
6814	219 
6815	153 
6816	220 
6817	20 
6818	200 
6819	89 
6820	189 
6821	110 
6822	68 
6823	259 
6824	1 
6825	294 
6826	136 
6827	150 
6828	121 
6829	156 
6830	234 
6831	297 
6832	271 
6833	282 
6834	277 
6835	269 
6836	155 
6837	249 
6838	93 
6839	231 
6840	8 
6841	87 
6842	231 
6843	43 
6844	20 
6845	229 
6846	72 
6847	13 
6848	73 
6849	179 
6850	99 
6851	110 
6852	93 
6853	249 
6854	282 
6855	108 
6856	71 
6857	220 
6858	260 
6859	152 
6860	154 
6861	187 
6862	79 
6863	98 
6864	298 
6865	196 
6866	23 
6867	56 
6868	236 
6869	179 
6870	15 
6871	145 
6872	262 
6873	179 
6874	142 
6875	87 
6876	262 
6877	173 
6878	270 
6879	99 
6880	297 
6881	20 
6882	64 
6883	132 
6884	173 
6885	196 
6886	129 
6887	36 
6888	130 
6889	45 
6890	202 
6891	142 
6892	196 
6893	159 
6894	114 
6895	15 
6896	223 
6897	55 
6898	73 
6899	112 
6900	256 
6901	278 
6902	73 
6903	298 
6904	294 
6905	236 
6906	169 
6907	240 
6908	184 
6909	107 
6910	288 
6911	145 
6912	158 
6913	249 
6914	278 
6915	173 
6916	228 
6917	245 
6918	280 
6919	114 
6920	89 
6921	190 
6922	72 
6923	200 
6924	243 
6925	196 
6926	199 
6927	77 
6928	29 
6929	96 
6930	236 
6931	220 
6932	43 
6933	108 
6934	167 
6935	199 
6936	233 
6937	271 
6938	209 
6939	220 
6940	57 
6941	219 
6942	111 
6943	64 
6944	70 
6945	209 
6946	234 
6947	115 
6948	272 
6949	43 
6950	38 
6951	53 
6952	221 
6953	220 
6954	4 
6955	154 
6956	298 
6957	250 
6958	227 
6959	133 
6960	188 
6961	279 
6962	167 
6963	28 
6964	164 
6965	165 
6966	115 
6967	140 
6968	293 
6969	130 
6970	130 
6971	79 
6972	171 
6973	191 
6974	10 
6975	195 
6976	163 
6977	184 
6978	196 
6979	270 
6980	67 
6981	114 
6982	255 
6983	220 
6984	24 
6985	1 
6986	251 
6987	34 
6988	77 
6989	219 
6990	153 
6991	55 
6992	93 
6993	22 
6994	130 
6995	117 
6996	242 
6997	82 
6998	126 
6999	212 
7000	36 
7001	211 
7002	67 
7003	8 
7004	190 
7005	132 
7006	93 
7007	1 
7008	181 
7009	187 
7010	177 
7011	256 
7012	289 
7013	174 
7014	159 
7015	53 
7016	138 
7017	159 
7018	288 
7019	205 
7020	165 
7021	270 
7022	174 
7023	218 
7024	89 
7025	174 
7026	186 
7027	140 
7028	147 
7029	29 
7030	13 
7031	220 
7032	66 
7033	177 
7034	29 
7035	217 
7036	180 
7037	238 
7038	171 
7039	173 
7040	79 
7041	255 
7042	239 
7043	82 
7044	278 
7045	263 
7046	284 
7047	282 
7048	109 
7049	207 
7050	55 
7051	187 
7052	246 
7053	167 
7054	269 
7055	99 
7056	145 
7057	188 
7058	159 
7059	155 
7060	158 
7061	24 
7062	165 
7063	54 
7064	52 
7065	288 
7066	111 
7067	291 
7068	255 
7069	292 
7070	269 
7071	80 
7072	121 
7073	263 
7074	10 
7075	64 
7076	158 
7077	146 
7078	137 
7079	130 
7080	8 
7081	191 
7082	107 
7083	151 
7084	75 
7085	99 
7086	240 
7087	270 
7088	80 
7089	4 
7090	269 
7091	75 
7092	207 
7093	192 
7094	77 
7095	136 
7096	184 
7097	67 
7098	110 
7099	47 
7100	171 
7101	106 
7102	178 
7103	246 
7104	209 
7105	180 
7106	151 
7107	34 
7108	262 
7109	151 
7110	129 
7111	89 
7112	35 
7113	48 
7114	159 
7115	280 
7116	28 
7117	202 
7118	249 
7119	38 
7120	137 
7121	121 
7122	117 
7123	163 
7124	191 
7125	52 
7126	207 
7127	238 
7128	156 
7129	38 
7130	188 
7131	25 
7132	45 
7133	75 
7134	220 
7135	70 
7136	147 
7137	149 
7138	246 
7139	228 
7140	184 
7141	181 
7142	36 
7143	163 
7144	200 
7145	263 
7146	54 
7147	107 
7148	289 
7149	13 
7150	256 
7151	288 
7152	185 
7153	94 
7154	234 
7155	233 
7156	176 
7157	297 
7158	1 
7159	121 
7160	178 
7161	9 
7162	200 
7163	229 
7164	128 
7165	153 
7166	72 
7167	256 
7168	77 
7169	137 
7170	223 
7171	256 
7172	289 
7173	191 
7174	146 
7175	57 
7176	221 
7177	161 
7178	289 
7179	279 
7180	76 
7181	297 
7182	15 
7183	132 
7184	99 
7185	200 
7186	8 
7187	48 
7188	153 
7189	157 
7190	297 
7191	234 
7192	278 
7193	183 
7194	251 
7195	108 
7196	64 
7197	29 
7198	107 
7199	55 
7200	199 
7201	64 
7202	233 
7203	35 
7204	140 
7205	74 
7206	291 
7207	217 
7208	286 
7209	215 
7210	250 
7211	38 
7212	294 
7213	130 
7214	259 
7215	72 
7216	80 
7217	13 
7218	134 
7219	220 
7220	199 
7221	221 
7222	195 
7223	132 
7224	115 
7225	249 
7226	13 
7227	166 
7228	20 
7229	174 
7230	245 
7231	163 
7232	279 
7233	176 
7234	149 
7235	223 
7236	123 
7237	250 
7238	24 
7239	8 
7240	116 
7241	228 
7242	145 
7243	166 
7244	171 
7245	277 
7246	193 
7247	151 
7248	64 
7249	200 
7250	57 
7251	55 
7252	111 
7253	121 
7254	270 
7255	150 
7256	280 
7257	53 
7258	158 
7259	256 
7260	40 
7261	155 
7262	156 
7263	261 
7264	282 
7265	66 
7266	234 
7267	178 
7268	270 
7269	183 
7270	176 
7271	9 
7272	192 
7273	260 
7274	147 
7275	20 
7276	246 
7277	36 
7278	220 
7279	112 
7280	289 
7281	28 
7282	61 
7283	200 
7284	8 
7285	153 
7286	25 
7287	82 
7288	187 
7289	34 
7290	221 
7291	55 
7292	79 
7293	114 
7294	63 
7295	140 
7296	277 
7297	199 
7298	36 
7299	119 
7300	179 
7301	43 
7302	20 
7303	142 
7304	8 
7305	67 
7306	86 
7307	176 
7308	158 
7309	243 
7310	149 
7311	219 
7312	38 
7313	43 
7314	136 
7315	14 
7316	126 
7317	184 
7318	167 
7319	47 
7320	292 
7321	167 
7322	240 
7323	208 
7324	219 
7325	116 
7326	8 
7327	108 
7328	208 
7329	166 
7330	87 
7331	219 
7332	195 
7333	219 
7334	57 
7335	94 
7336	205 
7337	70 
7338	67 
7339	24 
7340	155 
7341	245 
7342	279 
7343	185 
7344	125 
7345	289 
7346	111 
7347	167 
7348	146 
7349	291 
7350	171 
7351	165 
7352	89 
7353	89 
7354	238 
7355	291 
7356	77 
7357	123 
7358	202 
7359	289 
7360	162 
7361	146 
7362	117 
7363	107 
7364	212 
7365	249 
7366	242 
7367	207 
7368	251 
7369	219 
7370	63 
7371	217 
7372	165 
7373	121 
7374	195 
7375	207 
7376	145 
7377	23 
7378	53 
7379	256 
7380	112 
7381	140 
7382	57 
7383	177 
7384	137 
7385	289 
7386	23 
7387	57 
7388	12 
7389	82 
7390	25 
7391	199 
7392	145 
7393	73 
7394	238 
7395	153 
7396	65 
7397	48 
7398	109 
7399	138 
7400	75 
7401	293 
7402	12 
7403	293 
7404	45 
7405	270 
7406	298 
7407	156 
7408	208 
7409	10 
7410	154 
7411	229 
7412	200 
7413	126 
7414	53 
7415	280 
7416	181 
7417	285 
7418	169 
7419	65 
7420	73 
7421	274 
7422	272 
7423	285 
7424	205 
7425	173 
7426	45 
7427	134 
7428	126 
7429	80 
7430	123 
7431	263 
7432	11 
7433	202 
7434	195 
7435	196 
7436	15 
7437	52 
7438	75 
7439	136 
7440	228 
7441	125 
7442	63 
7443	146 
7444	169 
7445	288 
7446	73 
7447	240 
7448	205 
7449	147 
7450	228 
7451	24 
7452	174 
7453	242 
7454	8 
7455	109 
7456	114 
7457	240 
7458	286 
7459	177 
7460	66 
7461	165 
7462	263 
7463	68 
7464	37 
7465	176 
7466	152 
7467	221 
7468	45 
7469	290 
7470	80 
7471	17 
7472	223 
7473	279 
7474	36 
7475	142 
7476	155 
7477	159 
7478	212 
7479	152 
7480	9 
7481	146 
7482	130 
7483	272 
7484	249 
7485	299 
7486	212 
7487	278 
7488	15 
7489	261 
7490	185 
7491	124 
7492	24 
7493	99 
7494	38 
7495	133 
7496	183 
7497	66 
7498	20 
7499	272 
7500	4 
7501	298 
7502	94 
7503	215 
7504	221 
7505	154 
7506	279 
7507	132 
7508	272 
7509	187 
7510	259 
7511	34 
7512	184 
7513	137 
7514	52 
7515	106 
7516	153 
7517	117 
7518	34 
7519	138 
7520	94 
7521	66 
7522	71 
7523	181 
7524	269 
7525	296 
7526	221 
7527	165 
7528	166 
7529	13 
7530	76 
7531	277 
7532	154 
7533	200 
7534	167 
7535	242 
7536	65 
7537	124 
7538	242 
7539	117 
7540	23 
7541	263 
7542	11 
7543	63 
7544	17 
7545	288 
7546	114 
7547	4 
7548	53 
7549	189 
7550	38 
7551	138 
7552	142 
7553	183 
7554	107 
7555	37 
7556	242 
7557	188 
7558	288 
7559	291 
7560	109 
7561	77 
7562	142 
7563	75 
7564	125 
7565	136 
7566	38 
7567	155 
7568	47 
7569	57 
7570	157 
7571	75 
7572	150 
7573	153 
7574	269 
7575	271 
7576	72 
7577	137 
7578	208 
7579	74 
7580	192 
7581	43 
7582	53 
7583	132 
7584	115 
7585	149 
7586	68 
7587	125 
7588	202 
7589	142 
7590	278 
7591	74 
7592	114 
7593	191 
7594	156 
7595	35 
7596	8 
7597	72 
7598	223 
7599	285 
7600	20 
7601	53 
7602	202 
7603	25 
7604	199 
7605	188 
7606	286 
7607	13 
7608	282 
7609	171 
7610	167 
7611	154 
7612	66 
7613	234 
7614	242 
7615	163 
7616	82 
7617	215 
7618	165 
7619	227 
7620	155 
7621	110 
7622	286 
7623	40 
7624	263 
7625	53 
7626	142 
7627	234 
7628	37 
7629	34 
7630	28 
7631	38 
7632	205 
7633	152 
7634	285 
7635	174 
7636	276 
7637	183 
7638	178 
7639	279 
7640	290 
7641	1 
7642	115 
7643	174 
7644	106 
7645	169 
7646	177 
7647	177 
7648	166 
7649	89 
7650	38 
7651	72 
7652	106 
7653	288 
7654	167 
7655	152 
7656	291 
7657	183 
7658	271 
7659	219 
7660	142 
7661	286 
7662	229 
7663	106 
7664	161 
7665	278 
7666	228 
7667	10 
7668	178 
7669	34 
7670	75 
7671	121 
7672	233 
7673	299 
7674	207 
7675	279 
7676	187 
7677	299 
7678	151 
7679	107 
7680	259 
7681	73 
7682	89 
7683	108 
7684	142 
7685	219 
7686	72 
7687	200 
7688	229 
7689	154 
7690	171 
7691	52 
7692	220 
7693	112 
7694	52 
7695	280 
7696	145 
7697	288 
7698	270 
7699	12 
7700	94 
7701	115 
7702	76 
7703	195 
7704	276 
7705	154 
7706	184 
7707	67 
7708	274 
7709	200 
7710	36 
7711	109 
7712	112 
7713	234 
7714	55 
7715	68 
7716	57 
7717	150 
7718	82 
7719	121 
7720	285 
7721	291 
7722	114 
7723	47 
7724	10 
7725	261 
7726	121 
7727	140 
7728	55 
7729	108 
7730	177 
7731	278 
7732	221 
7733	20 
7734	228 
7735	158 
7736	146 
7737	53 
7738	68 
7739	256 
7740	117 
7741	130 
7742	9 
7743	110 
7744	196 
7745	36 
7746	1 
7747	13 
7748	87 
7749	292 
7750	238 
7751	169 
7752	298 
7753	177 
7754	249 
7755	94 
7756	229 
7757	263 
7758	200 
7759	72 
7760	177 
7761	181 
7762	28 
7763	166 
7764	34 
7765	176 
7766	190 
7767	163 
7768	26 
7769	130 
7770	212 
7771	161 
7772	149 
7773	110 
7774	47 
7775	169 
7776	61 
7777	174 
7778	4 
7779	288 
7780	166 
7781	251 
7782	145 
7783	215 
7784	219 
7785	299 
7786	64 
7787	152 
7788	297 
7789	171 
7790	45 
7791	279 
7792	82 
7793	94 
7794	251 
7795	110 
7796	181 
7797	115 
7798	167 
7799	299 
7800	36 
7801	177 
7802	205 
7803	153 
7804	292 
7805	190 
7806	137 
7807	220 
7808	112 
7809	89 
7810	119 
7811	190 
7812	256 
7813	219 
7814	189 
7815	124 
7816	117 
7817	94 
7818	111 
7819	8 
7820	107 
7821	255 
7822	243 
7823	73 
7824	123 
7825	38 
7826	10 
7827	142 
7828	161 
7829	180 
7830	20 
7831	188 
7832	110 
7833	189 
7834	180 
7835	212 
7836	167 
7837	183 
7838	220 
7839	86 
7840	195 
7841	54 
7842	178 
7843	106 
7844	15 
7845	40 
7846	138 
7847	53 
7848	111 
7849	297 
7850	159 
7851	174 
7852	112 
7853	151 
7854	288 
7855	8 
7856	159 
7857	277 
7858	173 
7859	158 
7860	45 
7861	152 
7862	65 
7863	238 
7864	72 
7865	115 
7866	80 
7867	147 
7868	167 
7869	153 
7870	290 
7871	277 
7872	64 
7873	108 
7874	278 
7875	52 
7876	76 
7877	24 
7878	40 
7879	202 
7880	133 
7881	87 
7882	271 
7883	115 
7884	23 
7885	153 
7886	228 
7887	13 
7888	64 
7889	202 
7890	297 
7891	146 
7892	4 
7893	132 
7894	106 
7895	68 
7896	290 
7897	121 
7898	288 
7899	169 
7900	181 
7901	133 
7902	80 
7903	140 
7904	24 
7905	1 
7906	4 
7907	114 
7908	242 
7909	26 
7910	149 
7911	40 
7912	271 
7913	110 
7914	297 
7915	290 
7916	73 
7917	55 
7918	109 
7919	157 
7920	245 
7921	238 
7922	145 
7923	152 
7924	138 
7925	82 
7926	124 
7927	178 
7928	12 
7929	219 
7930	242 
7931	109 
7932	13 
7933	290 
7934	256 
7935	132 
7936	227 
7937	123 
7938	146 
7939	86 
7940	30 
7941	54 
7942	55 
7943	260 
7944	65 
7945	178 
7946	132 
7947	124 
7948	229 
7949	52 
7950	13 
7951	24 
7952	9 
7953	256 
7954	74 
7955	296 
7956	133 
7957	70 
7958	161 
7959	249 
7960	176 
7961	166 
7962	130 
7963	150 
7964	289 
7965	55 
7966	15 
7967	114 
7968	137 
7969	9 
7970	54 
7971	74 
7972	53 
7973	269 
7974	1 
7975	64 
7976	245 
7977	109 
7978	94 
7979	288 
7980	280 
7981	221 
7982	53 
7983	297 
7984	278 
7985	146 
7986	115 
7987	155 
7988	45 
7989	28 
7990	28 
7991	140 
7992	52 
7993	181 
7994	280 
7995	195 
7996	110 
7997	138 
7998	28 
7999	116 
8000	242 
8001	167 
8002	179 
8003	36 
8004	57 
8005	25 
8006	245 
8007	155 
8008	61 
8009	289 
8010	64 
8011	158 
8012	137 
8013	243 
8014	221 
8015	263 
8016	260 
8017	205 
8018	99 
8019	23 
8020	219 
8021	133 
8022	279 
8023	28 
8024	221 
8025	76 
8026	70 
8027	263 
8028	192 
8029	146 
8030	142 
8031	208 
8032	1 
8033	221 
8034	291 
8035	288 
8036	207 
8037	249 
8038	133 
8039	207 
8040	155 
8041	48 
8042	107 
8043	123 
8044	26 
8045	238 
8046	179 
8047	65 
8048	74 
8049	53 
8050	140 
8051	48 
8052	76 
8053	169 
8054	208 
8055	146 
8056	82 
8057	272 
8058	188 
8059	76 
8060	161 
8061	177 
8062	54 
8063	13 
8064	190 
8065	74 
8066	256 
8067	150 
8068	80 
8069	242 
8070	133 
8071	221 
8072	121 
8073	140 
8074	75 
8075	196 
8076	36 
8077	180 
8078	298 
8079	291 
8080	179 
8081	123 
8082	223 
8083	289 
8084	15 
8085	124 
8086	145 
8087	15 
8088	130 
8089	163 
8090	86 
8091	77 
8092	296 
8093	166 
8094	99 
8095	249 
8096	87 
8097	76 
8098	298 
8099	288 
8100	30 
8101	57 
8102	299 
8103	277 
8104	146 
8105	200 
8106	271 
8107	187 
8108	243 
8109	153 
8110	256 
8111	180 
8112	176 
8113	9 
8114	57 
8115	1 
8116	140 
8117	53 
8118	34 
8119	169 
8120	151 
8121	166 
8122	107 
8123	38 
8124	12 
8125	133 
8126	176 
8127	157 
8128	89 
8129	200 
8130	14 
8131	278 
8132	215 
8133	243 
8134	75 
8135	205 
8136	68 
8137	227 
8138	285 
8139	299 
8140	8 
8141	207 
8142	228 
8143	242 
8144	142 
8145	8 
8146	157 
8147	219 
8148	195 
8149	24 
8150	48 
8151	205 
8152	180 
8153	271 
8154	47 
8155	13 
8156	67 
8157	24 
8158	184 
8159	296 
8160	108 
8161	82 
8162	195 
8163	263 
8164	263 
8165	111 
8166	153 
8167	272 
8168	68 
8169	219 
8170	43 
8171	289 
8172	157 
8173	57 
8174	272 
8175	249 
8176	195 
8177	86 
8178	20 
8179	285 
8180	110 
8181	132 
8182	121 
8183	124 
8184	151 
8185	123 
8186	34 
8187	234 
8188	277 
8189	207 
8190	137 
8191	48 
8192	132 
8193	94 
8194	82 
8195	76 
8196	10 
8197	292 
8198	163 
8199	196 
8200	106 
8201	108 
8202	179 
8203	48 
8204	138 
8205	163 
8206	48 
8207	74 
8208	89 
8209	152 
8210	263 
8211	276 
8212	255 
8213	149 
8214	270 
8215	155 
8216	269 
8217	23 
8218	13 
8219	72 
8220	189 
8221	278 
8222	132 
8223	116 
8224	245 
8225	223 
8226	188 
8227	176 
8228	157 
8229	169 
8230	280 
8231	256 
8232	200 
8233	177 
8234	117 
8235	181 
8236	299 
8237	36 
8238	137 
8239	192 
8240	271 
8241	219 
8242	192 
8243	34 
8244	243 
8245	278 
8246	107 
8247	70 
8248	68 
8249	299 
8250	36 
8251	24 
8252	249 
8253	192 
8254	195 
8255	106 
8256	53 
8257	65 
8258	117 
8259	146 
8260	158 
8261	234 
8262	152 
8263	161 
8264	288 
8265	296 
8266	153 
8267	212 
8268	221 
8269	108 
8270	205 
8271	140 
8272	142 
8273	288 
8274	87 
8275	133 
8276	65 
8277	207 
8278	163 
8279	278 
8280	130 
8281	126 
8282	165 
8283	279 
8284	269 
8285	111 
8286	149 
8287	276 
8288	176 
8289	55 
8290	8 
8291	110 
8292	299 
8293	114 
8294	189 
8295	245 
8296	242 
8297	66 
8298	13 
8299	215 
8300	165 
8301	74 
8302	255 
8303	205 
8304	166 
8305	165 
8306	145 
8307	54 
8308	292 
8309	94 
8310	142 
8311	10 
8312	142 
8313	184 
8314	20 
8315	290 
8316	196 
8317	64 
8318	249 
8319	202 
8320	169 
8321	138 
8322	166 
8323	205 
8324	14 
8325	200 
8326	292 
8327	277 
8328	189 
8329	270 
8330	221 
8331	121 
8332	28 
8333	196 
8334	219 
8335	66 
8336	183 
8337	238 
8338	249 
8339	288 
8340	89 
8341	107 
8342	272 
8343	262 
8344	173 
8345	220 
8346	153 
8347	228 
8348	163 
8349	298 
8350	243 
8351	153 
8352	288 
8353	66 
8354	155 
8355	219 
8356	106 
8357	73 
8358	288 
8359	73 
8360	220 
8361	174 
8362	4 
8363	20 
8364	178 
8365	234 
8366	30 
8367	4 
8368	94 
8369	212 
8370	10 
8371	173 
8372	115 
8373	89 
8374	256 
8375	192 
8376	47 
8377	196 
8378	110 
8379	180 
8380	202 
8381	181 
8382	24 
8383	77 
8384	76 
8385	110 
8386	94 
8387	142 
8388	74 
8389	47 
8390	259 
8391	288 
8392	76 
8393	146 
8394	70 
8395	87 
8396	291 
8397	219 
8398	47 
8399	48 
8400	55 
8401	110 
8402	263 
8403	94 
8404	15 
8405	146 
8406	75 
8407	299 
8408	163 
8409	276 
8410	117 
8411	43 
8412	54 
8413	279 
8414	87 
8415	89 
8416	48 
8417	152 
8418	166 
8419	133 
8420	180 
8421	28 
8422	183 
8423	183 
8424	133 
8425	263 
8426	195 
8427	223 
8428	259 
8429	167 
8430	183 
8431	106 
8432	177 
8433	140 
8434	8 
8435	43 
8436	289 
8437	299 
8438	87 
8439	116 
8440	126 
8441	256 
8442	36 
8443	1 
8444	30 
8445	123 
8446	183 
8447	173 
8448	180 
8449	146 
8450	89 
8451	137 
8452	146 
8453	208 
8454	10 
8455	161 
8456	107 
8457	161 
8458	207 
8459	219 
8460	9 
8461	262 
8462	290 
8463	20 
8464	155 
8465	89 
8466	8 
8467	180 
8468	64 
8469	13 
8470	70 
8471	142 
8472	43 
8473	55 
8474	106 
8475	137 
8476	271 
8477	124 
8478	299 
8479	67 
8480	107 
8481	55 
8482	149 
8483	34 
8484	130 
8485	269 
8486	76 
8487	272 
8488	259 
8489	288 
8490	173 
8491	65 
8492	299 
8493	242 
8494	137 
8495	117 
8496	86 
8497	66 
8498	163 
8499	155 
8500	188 
8501	169 
8502	188 
8503	155 
8504	149 
8505	259 
8506	286 
8507	292 
8508	1 
8509	167 
8510	10 
8511	57 
8512	292 
8513	202 
8514	65 
8515	110 
8516	126 
8517	94 
8518	9 
8519	64 
8520	133 
8521	151 
8522	221 
8523	111 
8524	196 
8525	47 
8526	174 
8527	219 
8528	72 
8529	256 
8530	173 
8531	259 
8532	75 
8533	124 
8534	158 
8535	242 
8536	243 
8537	202 
8538	64 
8539	106 
8540	75 
8541	278 
8542	177 
8543	149 
8544	251 
8545	286 
8546	61 
8547	249 
8548	73 
8549	158 
8550	145 
8551	13 
8552	65 
8553	286 
8554	286 
8555	123 
8556	178 
8557	47 
8558	121 
8559	72 
8560	155 
8561	259 
8562	272 
8563	107 
8564	215 
8565	94 
8566	52 
8567	163 
8568	157 
8569	133 
8570	260 
8571	288 
8572	238 
8573	142 
8574	87 
8575	190 
8576	137 
8577	138 
8578	184 
8579	23 
8580	278 
8581	189 
8582	38 
8583	77 
8584	86 
8585	52 
8586	65 
8587	298 
8588	13 
8589	292 
8590	146 
8591	269 
8592	68 
8593	181 
8594	278 
8595	133 
8596	70 
8597	52 
8598	288 
8599	242 
8600	70 
8601	215 
8602	179 
8603	167 
8604	142 
8605	89 
8606	64 
8607	155 
8608	110 
8609	52 
8610	123 
8611	132 
8612	212 
8613	65 
8614	76 
8615	220 
8616	288 
8617	234 
8618	47 
8619	190 
8620	74 
8621	205 
8622	123 
8623	121 
8624	260 
8625	299 
8626	272 
8627	4 
8628	132 
8629	140 
8630	8 
8631	115 
8632	48 
8633	269 
8634	4 
8635	220 
8636	269 
8637	65 
8638	263 
8639	68 
8640	138 
8641	52 
8642	271 
8643	77 
8644	89 
8645	200 
8646	64 
8647	153 
8648	200 
8649	181 
8650	115 
8651	132 
8652	110 
8653	263 
8654	173 
8655	68 
8656	207 
8657	66 
8658	192 
8659	280 
8660	215 
8661	124 
8662	202 
8663	64 
8664	53 
8665	181 
8666	66 
8667	291 
8668	14 
8669	276 
8670	165 
8671	238 
8672	157 
8673	80 
8674	23 
8675	183 
8676	137 
8677	48 
8678	169 
8679	126 
8680	115 
8681	208 
8682	152 
8683	124 
8684	94 
8685	179 
8686	66 
8687	89 
8688	38 
8689	208 
8690	30 
8691	34 
8692	269 
8693	215 
8694	215 
8695	14 
8696	13 
8697	260 
8698	228 
8699	14 
8700	76 
8701	212 
8702	200 
8703	124 
8704	181 
8705	64 
8706	14 
8707	75 
8708	190 
8709	292 
8710	86 
8711	140 
8712	55 
8713	66 
8714	94 
8715	123 
8716	290 
8717	155 
8718	8 
8719	48 
8720	161 
8721	167 
8722	8 
8723	279 
8724	169 
8725	130 
8726	196 
8727	1 
8728	13 
8729	242 
8730	73 
8731	89 
8732	190 
8733	10 
8734	299 
8735	157 
8736	77 
8737	36 
8738	228 
8739	155 
8740	151 
8741	43 
8742	106 
8743	153 
8744	80 
8745	65 
8746	276 
8747	24 
8748	121 
8749	146 
8750	165 
8751	57 
8752	159 
8753	28 
8754	121 
8755	151 
8756	76 
8757	249 
8758	116 
8759	242 
8760	278 
8761	94 
8762	286 
8763	188 
8764	183 
8765	107 
8766	195 
8767	28 
8768	116 
8769	72 
8770	68 
8771	20 
8772	269 
8773	13 
8774	181 
8775	249 
8776	259 
8777	70 
8778	190 
8779	77 
8780	132 
8781	251 
8782	47 
8783	183 
8784	43 
8785	179 
8786	263 
8787	278 
8788	34 
8789	10 
8790	234 
8791	181 
8792	195 
8793	43 
8794	166 
8795	279 
8796	38 
8797	298 
8798	146 
8799	149 
8800	179 
8801	280 
8802	86 
8803	130 
8804	202 
8805	20 
8806	297 
8807	86 
8808	279 
8809	280 
8810	132 
8811	234 
8812	15 
8813	202 
8814	68 
8815	138 
8816	123 
8817	167 
8818	76 
8819	234 
8820	126 
8821	48 
8822	202 
8823	291 
8824	165 
8825	161 
8826	290 
8827	20 
8828	215 
8829	276 
8830	220 
8831	177 
8832	181 
8833	121 
8834	271 
8835	278 
8836	238 
8837	159 
8838	75 
8839	73 
8840	297 
8841	188 
8842	207 
8843	117 
8844	181 
8845	183 
8846	220 
8847	140 
8848	159 
8849	207 
8850	286 
8851	238 
8852	43 
8853	61 
8854	263 
8855	158 
8856	8 
8857	166 
8858	76 
8859	190 
8860	66 
8861	145 
8862	1 
8863	200 
8864	165 
8865	207 
8866	220 
8867	137 
8868	249 
8869	269 
8870	158 
8871	200 
8872	142 
8873	137 
8874	151 
8875	220 
8876	34 
8877	195 
8878	140 
8879	74 
8880	188 
8881	184 
8882	192 
8883	242 
8884	212 
8885	115 
8886	70 
8887	276 
8888	34 
8889	163 
8890	77 
8891	166 
8892	111 
8893	70 
8894	14 
8895	256 
8896	155 
8897	126 
8898	202 
8899	192 
8900	10 
8901	86 
8902	297 
8903	188 
8904	263 
8905	269 
8906	133 
8907	68 
8908	111 
8909	220 
8910	166 
8911	55 
8912	4 
8913	290 
8914	153 
8915	190 
8916	276 
8917	245 
8918	196 
8919	76 
8920	298 
8921	192 
8922	190 
8923	180 
8924	14 
8925	299 
8926	183 
8927	163 
8928	36 
8929	169 
8930	190 
8931	190 
8932	205 
8933	256 
8934	47 
8935	166 
8936	259 
8937	291 
8938	181 
8939	24 
8940	183 
8941	279 
8942	36 
8943	15 
8944	137 
8945	9 
8946	121 
8947	66 
8948	243 
8949	167 
8950	152 
8951	110 
8952	65 
8953	43 
8954	286 
8955	263 
8956	111 
8957	138 
8958	1 
8959	279 
8960	169 
8961	190 
8962	24 
8963	47 
8964	76 
8965	94 
8966	155 
8967	74 
8968	61 
8969	215 
8970	220 
8971	215 
8972	155 
8973	153 
8974	286 
8975	292 
8976	76 
8977	161 
8978	43 
8979	15 
8980	137 
8981	47 
8982	219 
8983	80 
8984	74 
8985	72 
8986	178 
8987	158 
8988	24 
8989	38 
8990	121 
8991	192 
8992	158 
8993	219 
8994	13 
8995	228 
8996	238 
8997	278 
8998	77 
8999	234 
9000	215 
9001	14 
9002	242 
9003	166 
9004	279 
9005	161 
9006	74 
9007	140 
9008	9 
9009	155 
9010	151 
9011	299 
9012	106 
9013	64 
9014	276 
9015	195 
9016	220 
9017	106 
9018	146 
9019	169 
9020	121 
9021	228 
9022	76 
9023	115 
9024	108 
9025	167 
9026	4 
9027	155 
9028	205 
9029	291 
9030	34 
9031	107 
9032	34 
9033	299 
9034	115 
9035	243 
9036	161 
9037	28 
9038	48 
9039	196 
9040	155 
9041	205 
9042	43 
9043	38 
9044	200 
9045	13 
9046	221 
9047	108 
9048	108 
9049	243 
9050	123 
9051	180 
9052	279 
9053	140 
9054	202 
9055	280 
9056	161 
9057	280 
9058	212 
9059	76 
9060	263 
9061	89 
9062	43 
9063	115 
9064	36 
9065	107 
9066	243 
9067	65 
9068	145 
9069	165 
9070	290 
9071	47 
9072	169 
9073	73 
9074	36 
9075	38 
9076	259 
9077	221 
9078	245 
9079	192 
9080	263 
9081	20 
9082	146 
9083	133 
9084	200 
9085	24 
9086	114 
9087	169 
9088	220 
9089	169 
9090	286 
9091	269 
9092	130 
9093	157 
9094	234 
9095	155 
9096	290 
9097	13 
9098	94 
9099	38 
9100	61 
9101	126 
9102	126 
9103	183 
9104	288 
9105	298 
9106	181 
9107	238 
9108	297 
9109	178 
9110	202 
9111	276 
9112	107 
9113	200 
9114	245 
9115	219 
9116	151 
9117	221 
9118	184 
9119	152 
9120	72 
9121	157 
9122	74 
9123	108 
9124	220 
9125	73 
9126	196 
9127	106 
9128	86 
9129	43 
9130	43 
9131	133 
9132	107 
9133	161 
9134	219 
9135	190 
9136	73 
9137	279 
9138	20 
9139	20 
9140	178 
9141	288 
9142	68 
9143	184 
9144	86 
9145	43 
9146	177 
9147	153 
9148	177 
9149	8 
9150	110 
9151	249 
9152	228 
9153	1 
9154	1 
9155	179 
9156	202 
9157	212 
9158	263 
9159	20 
9160	68 
9161	228 
9162	94 
9163	234 
9164	157 
9165	23 
9166	205 
9167	169 
9168	121 
9169	290 
9170	43 
9171	234 
9172	234 
9173	140 
9174	48 
9175	153 
9176	259 
9177	151 
9178	65 
9179	8 
9180	146 
9181	220 
9182	180 
9183	36 
9184	256 
9185	180 
9186	290 
9187	43 
9188	161 
9189	190 
9190	256 
9191	169 
9192	110 
9193	57 
9194	292 
9195	212 
9196	126 
9197	220 
9198	57 
9199	177 
9200	47 
9201	123 
9202	228 
9203	94 
9204	238 
9205	161 
9206	77 
9207	38 
9208	192 
9209	179 
9210	190 
9211	207 
9212	47 
9213	167 
9214	155 
9215	192 
9216	245 
9217	142 
9218	169 
9219	163 
9220	15 
9221	245 
9222	142 
9223	106 
9224	38 
9225	242 
9226	249 
9227	57 
9228	86 
9229	74 
9230	130 
9231	73 
9232	13 
9233	137 
9234	179 
9235	161 
9236	86 
9237	145 
9238	142 
9239	167 
9240	145 
9241	259 
9242	61 
9243	212 
9244	167 
9245	38 
9246	145 
9247	66 
9248	299 
9249	75 
9250	288 
9251	286 
9252	73 
9253	163 
9254	190 
9255	13 
9256	221 
9257	110 
9258	157 
9259	166 
9260	80 
9261	200 
9262	38 
9263	161 
9264	68 
9265	183 
9266	167 
9267	106 
9268	279 
9269	249 
9270	163 
9271	153 
9272	73 
9273	202 
9274	259 
9275	64 
9276	245 
9277	13 
9278	8 
9279	24 
9280	212 
9281	38 
9282	9 
9283	207 
9284	76 
9285	161 
9286	184 
9287	151 
9288	140 
9289	207 
9290	75 
9291	153 
9292	165 
9293	242 
9294	80 
9295	205 
9296	155 
9297	36 
9298	161 
9299	57 
9300	65 
9301	126 
9302	180 
9303	106 
9304	177 
9305	66 
9306	14 
9307	183 
9308	298 
9309	212 
9310	290 
9311	14 
9312	221 
9313	43 
9314	205 
9315	89 
9316	278 
9317	256 
9318	278 
9319	184 
9320	200 
9321	94 
9322	28 
9323	155 
9324	13 
9325	234 
9326	146 
9327	72 
9328	165 
9329	181 
9330	299 
9331	157 
9332	24 
9333	278 
9334	299 
9335	24 
9336	166 
9337	276 
9338	89 
9339	8 
9340	195 
9341	89 
9342	291 
9343	169 
9344	28 
9345	183 
9346	108 
9347	221 
9348	76 
9349	153 
9350	14 
9351	180 
9352	117 
9353	288 
9354	57 
9355	89 
9356	181 
9357	153 
9358	180 
9359	107 
9360	140 
9361	43 
9362	20 
9363	61 
9364	292 
9365	177 
9366	167 
9367	220 
9368	177 
9369	278 
9370	299 
9371	256 
9372	179 
9373	279 
9374	15 
9375	76 
9376	74 
9377	107 
9378	15 
9379	181 
9380	212 
9381	200 
9382	207 
9383	66 
9384	8 
9385	177 
9386	205 
9387	140 
9388	72 
9389	242 
9390	205 
9391	94 
9392	249 
9393	169 
9394	155 
9395	75 
9396	200 
9397	66 
9398	145 
9399	292 
9400	142 
9401	153 
9402	221 
9403	166 
9404	8 
9405	1 
9406	20 
9407	155 
9408	166 
9409	238 
9410	298 
9411	169 
9412	249 
9413	238 
9414	220 
9415	65 
9416	151 
9417	195 
9418	80 
9419	110 
9420	298 
9421	8 
9422	74 
9423	180 
9424	291 
9425	219 
9426	243 
9427	9 
9428	192 
9429	169 
9430	66 
9431	14 
9432	106 
9433	155 
9434	1 
9435	243 
9436	64 
9437	76 
9438	142 
9439	215 
9440	153 
9441	28 
9442	298 
9443	8 
9444	155 
9445	68 
9446	269 
9447	38 
9448	290 
9449	64 
9450	215 
9451	80 
9452	234 
9453	288 
9454	36 
9455	192 
9456	184 
9457	28 
9458	169 
9459	115 
9460	115 
9461	192 
9462	207 
9463	238 
9464	179 
9465	107 
9466	130 
9467	276 
9468	73 
9469	166 
9470	57 
9471	68 
9472	68 
9473	38 
9474	155 
9475	28 
9476	24 
9477	115 
9478	75 
9479	155 
9480	219 
9481	38 
9482	15 
9483	75 
9484	181 
9485	278 
9486	219 
9487	140 
9488	14 
9489	207 
9490	269 
9491	177 
9492	298 
9493	276 
9494	192 
9495	221 
9496	1 
9497	38 
9498	24 
9499	110 
9500	76 
9501	8 
9502	243 
9503	28 
9504	153 
9505	269 
9506	157 
9507	228 
9508	57 
9509	219 
9510	221 
9511	73 
9512	238 
9513	8 
9514	192 
9515	110 
9516	20 
9517	146 
9518	219 
9519	179 
9520	110 
9521	151 
9522	207 
9523	161 
9524	107 
9525	130 
9526	75 
9527	220 
9528	64 
9529	117 
9530	117 
9531	65 
9532	183 
9533	290 
9534	13 
9535	68 
9536	207 
9537	133 
9538	183 
9539	167 
9540	64 
9541	192 
9542	298 
9543	24 
9544	75 
9545	278 
9546	64 
9547	179 
9548	1 
9549	215 
9550	57 
9551	80 
9552	215 
9553	89 
9554	65 
9555	153 
9556	110 
9557	290 
9558	269 
9559	1 
9560	242 
9561	89 
9562	234 
9563	184 
9564	177 
9565	259 
9566	228 
9567	48 
9568	74 
9569	115 
9570	215 
9571	15 
9572	36 
9573	167 
9574	167 
9575	167 
9576	166 
9577	221 
9578	48 
9579	114 
9580	114 
9581	20 
9582	115 
9583	269 
9584	269 
9585	28 
9586	220 
9587	183 
9588	14 
9589	146 
9590	57 
9591	65 
9592	288 
9593	73 
9594	140 
9595	299 
9596	114 
9597	4 
9598	115 
9599	269 
9600	107 
9601	190 
9602	80 
9603	263 
9604	8 
9605	146 
9606	75 
9607	195 
9608	43 
9609	288 
9610	207 
9611	190 
9612	212 
9613	146 
9614	298 
9615	1 
9616	75 
9617	242 
9618	110 
9619	115 
9620	24 
9621	190 
9622	192 
9623	133 
9624	179 
9625	106 
9626	115 
9627	36 
9628	94 
9629	89 
9630	140 
9631	276 
9632	279 
9633	290 
9634	166 
9635	94 
9636	130 
9637	13 
9638	114 
9639	212 
9640	299 
9641	228 
9642	76 
9643	163 
9644	94 
9645	48 
9646	14 
9647	130 
9648	299 
9649	212 
9650	228 
9651	133 
9652	221 
9653	298 
9654	181 
9655	200 
9656	228 
9657	192 
9658	8 
9659	155 
9660	75 
9661	57 
9662	163 
9663	184 
9664	219 
9665	228 
9666	73 
9667	110 
9668	163 
9669	48 
9670	215 
9671	184 
9672	242 
9673	155 
9674	1 
9675	169 
9676	276 
9677	20 
9678	146 
9679	278 
9680	20 
9681	234 
9682	114 
9683	288 
9684	228 
9685	15 
9686	75 
9687	242 
9688	28 
9689	298 
9690	263 
9691	68 
9692	14 
9693	192 
9694	177 
9695	76 
9696	73 
9697	8 
9698	276 
9699	114 
9700	219 
9701	57 
9702	114 
9703	234 
9704	155 
9705	290 
9706	110 
9707	57 
9708	242 
9709	73 
9710	20 
9711	290 
9712	263 
9713	299 
9714	36 
9715	228 
9716	180 
9717	107 
9718	288 
9719	161 
9720	220 
9721	276 
9722	43 
9723	75 
9724	28 
9725	279 
9726	215 
9727	94 
9728	75 
9729	89 
9730	153 
9731	200 
9732	180 
9733	80 
9734	195 
9735	1 
9736	24 
9737	195 
9738	80 
9739	80 
9740	163 
9741	181 
9742	13 
9743	269 
9744	28 
9745	80 
9746	38 
9747	153 
9748	163 
9749	151 
9750	278 
9751	228 
9752	13 
9753	263 
9754	75 
9755	219 
9756	15 
9757	8 
9758	57 
9759	14 
9760	290 
9761	299 
9762	64 
9763	38 
9764	15 
9765	76 
9766	220 
9767	177 
9768	192 
9769	263 
9770	8 
9771	219 
9772	80 
9773	106 
9774	219 
9775	242 
9776	276 
9777	279 
9778	107 
9779	15 
9780	76 
9781	76 
9782	106 
9783	177 
9784	140 
9785	167 
9786	1 
9787	133 
9788	163 
9789	220 
9790	110 
9791	181 
9792	212 
9793	115 
9794	219 
9795	212 
9796	38 
9797	169 
9798	28 
9799	166 
9800	76 
9801	130 
9802	169 
9803	110 
9804	15 
9805	166 
9806	94 
9807	228 
9808	288 
9809	14 
9810	15 
9811	13 
9812	94 
9813	94 
9814	64 
9815	163 
9816	212 
9817	200 
9818	73 
9819	75 
9820	140 
9821	57 
9822	212 
9823	169 
9824	179 
9825	276 
9826	48 
9827	133 
9828	299 
9829	190 
9830	276 
9831	288 
9832	110 
9833	1 
9834	107 
9835	13 
9836	114 
9837	106 
9838	228 
9839	190 
9840	192 
9841	14 
9842	161 
9843	76 
9844	242 
9845	288 
9846	161 
9847	107 
9848	75 
9849	133 
9850	133 
9851	220 
9852	155 
9853	48 
9854	73 
9855	161 
9856	288 
9857	38 
9858	220 
9859	192 
9860	166 
9861	179 
9862	15 
9863	288 
9864	94 
9865	163 
9866	263 
9867	1 
9868	207 
9869	115 
9870	140 
9871	242 
9872	151 
9873	167 
9874	212 
9875	166 
9876	166 
9877	166 
9878	167 
9879	151 
9880	106 
9881	43 
9882	192 
9883	228 
9884	48 
9885	142 
9886	110 
9887	14 
9888	89 
9889	57 
9890	207 
9891	1 
9892	179 
9893	166 
9894	212 
9895	110 
9896	94 
9897	36 
9898	288 
9899	212 
9900	190 
9901	263 
9902	163 
9903	163 
9904	14 
9905	288 
9906	192 
9907	212 
9908	161 
9909	107 
9910	38 
9911	13 
9912	115 
9913	146 
9914	57 
9915	133 
9916	38 
9917	68 
9918	110 
9919	263 
9920	57 
9921	212 
9922	220 
9923	75 
9924	263 
9925	106 
9926	43 
9927	221 
9928	89 
9929	64 
9930	36 
9931	192 
9932	133 
9933	36 
9934	288 
9935	57 
9936	163 
9937	57 
9938	114 
9939	1 
9940	43 
9941	106 
9942	163 
9943	220 
9944	155 
9945	94 
9946	114 
9947	48 
9948	190 
9949	146 
9950	142 
9951	161 
9952	14 
9953	110 
9954	15 
9955	57 
9956	107 
9957	167 
9958	167 
9959	242 
9960	133 
9961	142 
9962	190 
9963	94 
9964	155 
9965	263 
9966	192 
9967	153 
9968	163 
9969	153 
9970	36 
9971	220 
9972	167 
9973	38 
9974	278 
9975	151 
9976	228 
9977	106 
9978	114 
9979	161 
9980	142 
9981	169 
9982	115 
9983	155 
9984	115 
9985	219 
9986	155 
9987	43 
9988	1 
9989	161 
9990	167 
9991	14 
9992	151 
9993	133 
9994	151 
9995	140 
9996	179 
9997	107 
9998	110 
9999	76 
10000	43 
