1	202 
2	26 
3	94 
4	42 
5	27 
6	189 
7	41 
8	197 
9	234 
10	204 
11	122 
12	121 
13	169 
14	208 
15	144 
16	95 
17	38 
18	169 
19	83 
20	193 
21	212 
22	216 
23	224 
24	95 
25	105 
26	159 
27	44 
28	77 
29	239 
30	130 
31	225 
32	223 
33	231 
34	125 
35	160 
36	75 
37	255 
38	123 
39	13 
40	83 
41	150 
42	231 
43	133 
44	159 
45	205 
46	249 
47	233 
48	142 
49	220 
50	46 
51	197 
52	113 
53	187 
54	133 
55	110 
56	6 
57	143 
58	107 
59	276 
60	152 
61	181 
62	121 
63	107 
64	268 
65	60 
66	170 
67	274 
68	167 
69	198 
70	147 
71	116 
72	17 
73	242 
74	91 
75	64 
76	117 
77	210 
78	203 
79	188 
80	261 
81	181 
82	190 
83	123 
84	233 
85	83 
86	186 
87	168 
88	141 
89	1 
90	151 
91	4 
92	272 
93	268 
94	233 
95	187 
96	225 
97	126 
98	44 
99	230 
100	39 
101	31 
102	131 
103	241 
104	23 
105	190 
106	210 
107	151 
108	145 
109	91 
110	242 
111	144 
112	61 
113	266 
114	80 
115	168 
116	233 
117	189 
118	142 
119	151 
120	23 
121	235 
122	169 
123	64 
124	95 
125	12 
126	166 
127	130 
128	202 
129	172 
130	75 
131	69 
132	146 
133	200 
134	214 
135	129 
136	120 
137	97 
138	27 
139	212 
140	54 
141	245 
142	156 
143	237 
144	171 
145	37 
146	51 
147	188 
148	174 
149	75 
150	207 
151	233 
152	77 
153	44 
154	231 
155	275 
156	214 
157	159 
158	220 
159	166 
160	251 
161	238 
162	227 
163	175 
164	86 
165	235 
166	188 
167	277 
168	190 
169	59 
170	221 
171	238 
172	152 
173	166 
174	128 
175	15 
176	169 
177	198 
178	32 
179	150 
180	27 
181	37 
182	105 
183	207 
184	197 
185	110 
186	48 
187	57 
188	12 
189	232 
190	227 
191	156 
192	100 
193	168 
194	36 
195	251 
196	37 
197	260 
198	238 
199	100 
200	10 
201	43 
202	98 
203	19 
204	104 
205	113 
206	150 
207	204 
208	108 
209	13 
210	55 
211	124 
212	200 
213	133 
214	3 
215	209 
216	179 
217	51 
218	33 
219	81 
220	163 
221	83 
222	230 
223	117 
224	107 
225	154 
226	148 
227	59 
228	140 
229	126 
230	125 
231	195 
232	159 
233	211 
234	27 
235	16 
236	214 
237	48 
238	91 
239	1 
240	25 
241	252 
242	39 
243	216 
244	21 
245	210 
246	192 
247	135 
248	110 
249	215 
250	125 
251	51 
252	135 
253	47 
254	73 
255	238 
256	268 
257	79 
258	253 
259	248 
260	143 
261	229 
262	81 
263	59 
264	193 
265	235 
266	133 
267	58 
268	157 
269	201 
270	238 
271	110 
272	72 
273	195 
274	231 
275	56 
276	230 
277	245 
278	159 
279	88 
280	130 
281	258 
282	174 
283	181 
284	55 
285	91 
286	101 
287	151 
288	41 
289	144 
290	209 
291	86 
292	171 
293	205 
294	260 
295	80 
296	277 
297	171 
298	81 
299	50 
300	30 
301	63 
302	214 
303	99 
304	227 
305	164 
306	15 
307	13 
308	157 
309	255 
310	14 
311	68 
312	219 
313	70 
314	263 
315	53 
316	121 
317	125 
318	84 
319	22 
320	264 
321	46 
322	74 
323	63 
324	38 
325	10 
326	83 
327	95 
328	221 
329	263 
330	92 
331	112 
332	93 
333	250 
334	243 
335	170 
336	183 
337	117 
338	182 
339	125 
340	244 
341	95 
342	267 
343	245 
344	120 
345	44 
346	129 
347	131 
348	117 
349	162 
350	27 
351	39 
352	34 
353	94 
354	222 
355	163 
356	63 
357	49 
358	107 
359	96 
360	210 
361	92 
362	133 
363	202 
364	230 
365	215 
366	116 
367	249 
368	188 
369	202 
370	17 
371	107 
372	25 
373	182 
374	158 
375	53 
376	59 
377	65 
378	94 
379	214 
380	71 
381	240 
382	274 
383	125 
384	82 
385	34 
386	139 
387	30 
388	212 
389	189 
390	106 
391	48 
392	229 
393	125 
394	119 
395	108 
396	36 
397	255 
398	106 
399	231 
400	83 
401	41 
402	61 
403	121 
404	155 
405	217 
406	182 
407	37 
408	29 
409	126 
410	138 
411	165 
412	82 
413	234 
414	142 
415	167 
416	185 
417	222 
418	139 
419	227 
420	206 
421	136 
422	46 
423	27 
424	174 
425	205 
426	115 
427	57 
428	30 
429	119 
430	74 
431	183 
432	103 
433	274 
434	47 
435	166 
436	140 
437	69 
438	123 
439	71 
440	23 
441	96 
442	155 
443	121 
444	47 
445	204 
446	104 
447	266 
448	215 
449	165 
450	118 
451	151 
452	198 
453	112 
454	257 
455	256 
456	94 
457	88 
458	215 
459	103 
460	204 
461	203 
462	186 
463	49 
464	237 
465	133 
466	184 
467	153 
468	189 
469	38 
470	178 
471	150 
472	135 
473	184 
474	277 
475	72 
476	220 
477	93 
478	59 
479	211 
480	67 
481	67 
482	63 
483	262 
484	248 
485	19 
486	43 
487	82 
488	28 
489	214 
490	264 
491	59 
492	245 
493	133 
494	273 
495	257 
496	129 
497	157 
498	238 
499	80 
500	45 
501	153 
502	216 
503	36 
504	180 
505	203 
506	212 
507	79 
508	87 
509	22 
510	177 
511	37 
512	213 
513	250 
514	196 
515	260 
516	202 
517	272 
518	134 
519	237 
520	49 
521	64 
522	222 
523	232 
524	180 
525	31 
526	226 
527	55 
528	215 
529	73 
530	127 
531	149 
532	133 
533	106 
534	101 
535	245 
536	140 
537	125 
538	192 
539	225 
540	49 
541	205 
542	217 
543	59 
544	238 
545	76 
546	68 
547	102 
548	94 
549	102 
550	158 
551	272 
552	110 
553	238 
554	12 
555	128 
556	100 
557	150 
558	54 
559	46 
560	69 
561	165 
562	129 
563	50 
564	255 
565	140 
566	121 
567	132 
568	28 
569	182 
570	61 
571	250 
572	95 
573	231 
574	45 
575	71 
576	275 
577	202 
578	209 
579	154 
580	150 
581	231 
582	231 
583	49 
584	99 
585	6 
586	199 
587	76 
588	35 
589	61 
590	71 
591	262 
592	260 
593	55 
594	171 
595	181 
596	265 
597	166 
598	202 
599	66 
600	249 
601	250 
602	276 
603	93 
604	43 
605	143 
606	202 
607	91 
608	233 
609	206 
610	152 
611	100 
612	122 
613	155 
614	165 
615	250 
616	36 
617	23 
618	100 
619	233 
620	22 
621	173 
622	49 
623	275 
624	264 
625	25 
626	40 
627	275 
628	224 
629	109 
630	192 
631	30 
632	53 
633	250 
634	161 
635	250 
636	121 
637	167 
638	69 
639	121 
640	260 
641	115 
642	89 
643	183 
644	116 
645	257 
646	250 
647	79 
648	59 
649	17 
650	235 
651	31 
652	121 
653	1 
654	31 
655	238 
656	263 
657	222 
658	83 
659	132 
660	17 
661	33 
662	58 
663	158 
664	178 
665	243 
666	80 
667	24 
668	252 
669	181 
670	232 
671	208 
672	170 
673	103 
674	261 
675	203 
676	9 
677	144 
678	277 
679	204 
680	68 
681	95 
682	53 
683	83 
684	150 
685	252 
686	231 
687	235 
688	15 
689	13 
690	60 
691	51 
692	106 
693	246 
694	123 
695	219 
696	122 
697	112 
698	78 
699	179 
700	60 
701	57 
702	59 
703	23 
704	38 
705	160 
706	115 
707	121 
708	149 
709	9 
710	221 
711	97 
712	104 
713	133 
714	151 
715	214 
716	167 
717	177 
718	175 
719	264 
720	82 
721	133 
722	229 
723	153 
724	22 
725	132 
726	172 
727	111 
728	105 
729	161 
730	30 
731	46 
732	198 
733	8 
734	210 
735	185 
736	164 
737	56 
738	203 
739	252 
740	11 
741	233 
742	193 
743	66 
744	160 
745	118 
746	223 
747	223 
748	213 
749	174 
750	187 
751	94 
752	145 
753	153 
754	264 
755	76 
756	191 
757	101 
758	207 
759	73 
760	23 
761	107 
762	153 
763	251 
764	34 
765	72 
766	172 
767	253 
768	159 
769	83 
770	1 
771	20 
772	65 
773	187 
774	160 
775	184 
776	6 
777	197 
778	36 
779	271 
780	148 
781	275 
782	13 
783	168 
784	56 
785	257 
786	109 
787	2 
788	100 
789	269 
790	2 
791	7 
792	127 
793	81 
794	217 
795	173 
796	242 
797	29 
798	128 
799	34 
800	61 
801	233 
802	175 
803	95 
804	62 
805	49 
806	56 
807	110 
808	118 
809	230 
810	109 
811	125 
812	51 
813	102 
814	133 
815	125 
816	275 
817	195 
818	132 
819	68 
820	17 
821	187 
822	161 
823	39 
824	240 
825	41 
826	134 
827	68 
828	204 
829	68 
830	216 
831	180 
832	254 
833	223 
834	227 
835	215 
836	157 
837	121 
838	29 
839	53 
840	102 
841	77 
842	100 
843	246 
844	177 
845	67 
846	148 
847	117 
848	146 
849	15 
850	97 
851	129 
852	126 
853	188 
854	158 
855	77 
856	273 
857	198 
858	3 
859	54 
860	115 
861	105 
862	191 
863	200 
864	96 
865	138 
866	127 
867	78 
868	163 
869	154 
870	181 
871	162 
872	208 
873	170 
874	185 
875	75 
876	85 
877	264 
878	3 
879	254 
880	222 
881	122 
882	127 
883	101 
884	106 
885	225 
886	89 
887	63 
888	147 
889	95 
890	57 
891	132 
892	51 
893	240 
894	56 
895	180 
896	231 
897	257 
898	83 
899	114 
900	31 
901	124 
902	52 
903	132 
904	235 
905	150 
906	182 
907	15 
908	207 
909	211 
910	207 
911	49 
912	186 
913	99 
914	208 
915	134 
916	155 
917	130 
918	7 
919	107 
920	212 
921	101 
922	121 
923	248 
924	196 
925	152 
926	146 
927	2 
928	195 
929	276 
930	219 
931	134 
932	79 
933	159 
934	108 
935	249 
936	83 
937	148 
938	206 
939	207 
940	45 
941	215 
942	107 
943	132 
944	191 
945	19 
946	13 
947	181 
948	21 
949	158 
950	15 
951	233 
952	24 
953	199 
954	259 
955	130 
956	5 
957	46 
958	124 
959	48 
960	52 
961	66 
962	188 
963	201 
964	191 
965	130 
966	139 
967	210 
968	266 
969	68 
970	252 
971	132 
972	155 
973	216 
974	102 
975	93 
976	137 
977	91 
978	122 
979	215 
980	228 
981	35 
982	78 
983	269 
984	233 
985	230 
986	138 
987	188 
988	18 
989	8 
990	65 
991	136 
992	126 
993	133 
994	110 
995	1 
996	125 
997	74 
998	236 
999	23 
1000	153 
1001	5 
1002	153 
1003	29 
1004	264 
1005	154 
1006	50 
1007	65 
1008	249 
1009	95 
1010	195 
1011	241 
1012	249 
1013	2 
1014	218 
1015	4 
1016	172 
1017	220 
1018	70 
1019	161 
1020	71 
1021	110 
1022	164 
1023	76 
1024	271 
1025	92 
1026	250 
1027	178 
1028	68 
1029	192 
1030	46 
1031	142 
1032	165 
1033	183 
1034	213 
1035	65 
1036	88 
1037	45 
1038	271 
1039	184 
1040	89 
1041	120 
1042	176 
1043	80 
1044	174 
1045	21 
1046	140 
1047	80 
1048	255 
1049	223 
1050	135 
1051	135 
1052	176 
1053	251 
1054	204 
1055	222 
1056	117 
1057	140 
1058	34 
1059	277 
1060	141 
1061	179 
1062	21 
1063	127 
1064	205 
1065	103 
1066	247 
1067	194 
1068	105 
1069	268 
1070	107 
1071	2 
1072	203 
1073	166 
1074	173 
1075	45 
1076	3 
1077	243 
1078	57 
1079	122 
1080	28 
1081	210 
1082	107 
1083	180 
1084	69 
1085	243 
1086	118 
1087	244 
1088	15 
1089	168 
1090	113 
1091	109 
1092	185 
1093	75 
1094	32 
1095	235 
1096	143 
1097	142 
1098	11 
1099	100 
1100	231 
1101	249 
1102	197 
1103	62 
1104	264 
1105	69 
1106	78 
1107	59 
1108	125 
1109	9 
1110	228 
1111	164 
1112	94 
1113	28 
1114	261 
1115	159 
1116	11 
1117	168 
1118	217 
1119	85 
1120	107 
1121	11 
1122	33 
1123	67 
1124	55 
1125	216 
1126	179 
1127	222 
1128	16 
1129	216 
1130	49 
1131	188 
1132	148 
1133	225 
1134	14 
1135	237 
1136	205 
1137	127 
1138	187 
1139	79 
1140	37 
1141	173 
1142	169 
1143	144 
1144	108 
1145	143 
1146	86 
1147	30 
1148	41 
1149	105 
1150	15 
1151	8 
1152	267 
1153	62 
1154	97 
1155	273 
1156	76 
1157	37 
1158	14 
1159	207 
1160	139 
1161	230 
1162	250 
1163	178 
1164	27 
1165	40 
1166	268 
1167	220 
1168	191 
1169	219 
1170	128 
1171	242 
1172	109 
1173	202 
1174	120 
1175	74 
1176	199 
1177	30 
1178	84 
1179	119 
1180	105 
1181	99 
1182	252 
1183	127 
1184	28 
1185	111 
1186	255 
1187	267 
1188	85 
1189	23 
1190	46 
1191	88 
1192	145 
1193	45 
1194	111 
1195	114 
1196	217 
1197	53 
1198	130 
1199	247 
1200	12 
1201	214 
1202	244 
1203	261 
1204	251 
1205	79 
1206	36 
1207	155 
1208	148 
1209	62 
1210	207 
1211	87 
1212	160 
1213	189 
1214	265 
1215	108 
1216	80 
1217	204 
1218	13 
1219	262 
1220	26 
1221	200 
1222	246 
1223	244 
1224	128 
1225	259 
1226	72 
1227	34 
1228	145 
1229	157 
1230	24 
1231	179 
1232	182 
1233	139 
1234	2 
1235	274 
1236	39 
1237	157 
1238	11 
1239	34 
1240	74 
1241	173 
1242	104 
1243	145 
1244	13 
1245	214 
1246	211 
1247	15 
1248	109 
1249	99 
1250	89 
1251	61 
1252	64 
1253	98 
1254	14 
1255	92 
1256	186 
1257	19 
1258	162 
1259	228 
1260	101 
1261	7 
1262	11 
1263	178 
1264	7 
1265	41 
1266	12 
1267	35 
1268	93 
1269	251 
1270	68 
1271	254 
1272	268 
1273	229 
1274	117 
1275	186 
1276	12 
1277	165 
1278	249 
1279	233 
1280	106 
1281	30 
1282	136 
1283	54 
1284	144 
1285	57 
1286	146 
1287	153 
1288	13 
1289	182 
1290	219 
1291	93 
1292	227 
1293	221 
1294	111 
1295	110 
1296	169 
1297	193 
1298	141 
1299	207 
1300	195 
1301	162 
1302	41 
1303	59 
1304	209 
1305	163 
1306	223 
1307	60 
1308	213 
1309	24 
1310	184 
1311	255 
1312	271 
1313	119 
1314	7 
1315	205 
1316	212 
1317	267 
1318	56 
1319	225 
1320	200 
1321	116 
1322	126 
1323	238 
1324	148 
1325	43 
1326	81 
1327	228 
1328	21 
1329	7 
1330	28 
1331	152 
1332	58 
1333	32 
1334	204 
1335	260 
1336	209 
1337	248 
1338	267 
1339	104 
1340	51 
1341	7 
1342	158 
1343	139 
1344	162 
1345	144 
1346	149 
1347	147 
1348	81 
1349	148 
1350	54 
1351	205 
1352	124 
1353	102 
1354	162 
1355	64 
1356	255 
1357	93 
1358	11 
1359	143 
1360	35 
1361	199 
1362	185 
1363	277 
1364	16 
1365	260 
1366	171 
1367	37 
1368	221 
1369	138 
1370	263 
1371	112 
1372	103 
1373	104 
1374	184 
1375	185 
1376	112 
1377	221 
1378	205 
1379	173 
1380	43 
1381	46 
1382	70 
1383	226 
1384	273 
1385	259 
1386	95 
1387	164 
1388	80 
1389	45 
1390	86 
1391	116 
1392	117 
1393	22 
1394	260 
1395	229 
1396	3 
1397	83 
1398	88 
1399	238 
1400	31 
1401	94 
1402	235 
1403	106 
1404	247 
1405	108 
1406	183 
1407	151 
1408	175 
1409	180 
1410	249 
1411	229 
1412	15 
1413	203 
1414	98 
1415	242 
1416	219 
1417	242 
1418	122 
1419	147 
1420	231 
1421	42 
1422	98 
1423	152 
1424	49 
1425	23 
1426	12 
1427	220 
1428	260 
1429	79 
1430	261 
1431	93 
1432	162 
1433	151 
1434	102 
1435	8 
1436	115 
1437	82 
1438	218 
1439	203 
1440	272 
1441	129 
1442	148 
1443	209 
1444	42 
1445	93 
1446	262 
1447	61 
1448	127 
1449	106 
1450	33 
1451	60 
1452	11 
1453	191 
1454	1 
1455	226 
1456	19 
1457	99 
1458	218 
1459	194 
1460	1 
1461	56 
1462	39 
1463	126 
1464	213 
1465	180 
1466	107 
1467	195 
1468	132 
1469	104 
1470	14 
1471	18 
1472	263 
1473	212 
1474	242 
1475	129 
1476	6 
1477	166 
1478	188 
1479	262 
1480	240 
1481	232 
1482	54 
1483	134 
1484	156 
1485	1 
1486	265 
1487	9 
1488	63 
1489	265 
1490	160 
1491	155 
1492	4 
1493	198 
1494	199 
1495	174 
1496	89 
1497	106 
1498	106 
1499	164 
1500	44 
1501	198 
1502	159 
1503	162 
1504	37 
1505	45 
1506	137 
1507	37 
1508	218 
1509	102 
1510	111 
1511	219 
1512	174 
1513	243 
1514	108 
1515	176 
1516	92 
1517	119 
1518	93 
1519	211 
1520	88 
1521	188 
1522	41 
1523	129 
1524	34 
1525	227 
1526	76 
1527	82 
1528	276 
1529	214 
1530	132 
1531	5 
1532	143 
1533	12 
1534	62 
1535	143 
1536	145 
1537	113 
1538	39 
1539	217 
1540	137 
1541	86 
1542	194 
1543	81 
1544	93 
1545	228 
1546	118 
1547	116 
1548	214 
1549	201 
1550	88 
1551	220 
1552	198 
1553	14 
1554	72 
1555	54 
1556	245 
1557	243 
1558	112 
1559	182 
1560	115 
1561	36 
1562	35 
1563	11 
1564	206 
1565	257 
1566	88 
1567	201 
1568	6 
1569	239 
1570	178 
1571	54 
1572	13 
1573	88 
1574	152 
1575	202 
1576	24 
1577	94 
1578	68 
1579	95 
1580	187 
1581	25 
1582	46 
1583	73 
1584	139 
1585	89 
1586	87 
1587	163 
1588	124 
1589	238 
1590	154 
1591	74 
1592	34 
1593	248 
1594	172 
1595	181 
1596	170 
1597	192 
1598	80 
1599	235 
1600	158 
1601	56 
1602	252 
1603	100 
1604	225 
1605	224 
1606	220 
1607	96 
1608	251 
1609	116 
1610	157 
1611	216 
1612	115 
1613	235 
1614	234 
1615	146 
1616	130 
1617	216 
1618	194 
1619	202 
1620	154 
1621	169 
1622	47 
1623	145 
1624	264 
1625	243 
1626	131 
1627	210 
1628	115 
1629	207 
1630	76 
1631	223 
1632	148 
1633	147 
1634	27 
1635	245 
1636	49 
1637	261 
1638	190 
1639	268 
1640	260 
1641	258 
1642	177 
1643	213 
1644	156 
1645	189 
1646	163 
1647	269 
1648	270 
1649	46 
1650	17 
1651	14 
1652	137 
1653	176 
1654	124 
1655	244 
1656	265 
1657	4 
1658	220 
1659	11 
1660	25 
1661	142 
1662	112 
1663	17 
1664	276 
1665	156 
1666	38 
1667	6 
1668	153 
1669	250 
1670	129 
1671	139 
1672	79 
1673	190 
1674	183 
1675	118 
1676	159 
1677	265 
1678	31 
1679	247 
1680	166 
1681	223 
1682	111 
1683	39 
1684	150 
1685	30 
1686	3 
1687	241 
1688	77 
1689	139 
1690	142 
1691	54 
1692	136 
1693	271 
1694	35 
1695	56 
1696	182 
1697	85 
1698	52 
1699	22 
1700	198 
1701	9 
1702	230 
1703	269 
1704	152 
1705	37 
1706	18 
1707	82 
1708	274 
1709	16 
1710	257 
1711	15 
1712	202 
1713	222 
1714	161 
1715	219 
1716	34 
1717	26 
1718	49 
1719	242 
1720	225 
1721	226 
1722	267 
1723	32 
1724	234 
1725	134 
1726	226 
1727	53 
1728	205 
1729	116 
1730	253 
1731	259 
1732	245 
1733	262 
1734	88 
1735	247 
1736	111 
1737	63 
1738	149 
1739	146 
1740	68 
1741	67 
1742	34 
1743	203 
1744	147 
1745	39 
1746	59 
1747	45 
1748	163 
1749	232 
1750	241 
1751	47 
1752	2 
1753	244 
1754	197 
1755	277 
1756	241 
1757	191 
1758	108 
1759	101 
1760	59 
1761	47 
1762	263 
1763	187 
1764	116 
1765	161 
1766	199 
1767	266 
1768	216 
1769	227 
1770	58 
1771	201 
1772	194 
1773	7 
1774	106 
1775	259 
1776	202 
1777	61 
1778	263 
1779	211 
1780	252 
1781	107 
1782	144 
1783	39 
1784	51 
1785	126 
1786	205 
1787	40 
1788	232 
1789	139 
1790	150 
1791	44 
1792	215 
1793	196 
1794	13 
1795	271 
1796	67 
1797	15 
1798	29 
1799	76 
1800	102 
1801	202 
1802	10 
1803	183 
1804	215 
1805	143 
1806	44 
1807	111 
1808	90 
1809	32 
1810	135 
1811	111 
1812	81 
1813	30 
1814	196 
1815	32 
1816	232 
1817	149 
1818	47 
1819	222 
1820	132 
1821	221 
1822	118 
1823	152 
1824	66 
1825	222 
1826	146 
1827	104 
1828	32 
1829	7 
1830	191 
1831	168 
1832	108 
1833	182 
1834	262 
1835	61 
1836	201 
1837	197 
1838	11 
1839	37 
1840	228 
1841	258 
1842	219 
1843	190 
1844	54 
1845	200 
1846	166 
1847	198 
1848	200 
1849	89 
1850	239 
1851	223 
1852	69 
1853	254 
1854	191 
1855	78 
1856	226 
1857	218 
1858	129 
1859	270 
1860	87 
1861	262 
1862	27 
1863	246 
1864	247 
1865	161 
1866	41 
1867	223 
1868	193 
1869	159 
1870	155 
1871	48 
1872	32 
1873	108 
1874	117 
1875	181 
1876	252 
1877	101 
1878	274 
1879	161 
1880	73 
1881	155 
1882	191 
1883	194 
1884	62 
1885	45 
1886	261 
1887	237 
1888	136 
1889	12 
1890	264 
1891	26 
1892	51 
1893	259 
1894	64 
1895	106 
1896	227 
1897	54 
1898	98 
1899	147 
1900	246 
1901	251 
1902	18 
1903	12 
1904	172 
1905	191 
1906	8 
1907	131 
1908	260 
1909	188 
1910	251 
1911	98 
1912	137 
1913	28 
1914	219 
1915	30 
1916	158 
1917	244 
1918	144 
1919	115 
1920	171 
1921	219 
1922	220 
1923	94 
1924	62 
1925	236 
1926	96 
1927	178 
1928	145 
1929	186 
1930	234 
1931	151 
1932	253 
1933	93 
1934	105 
1935	160 
1936	182 
1937	206 
1938	54 
1939	63 
1940	94 
1941	38 
1942	111 
1943	139 
1944	255 
1945	16 
1946	38 
1947	3 
1948	78 
1949	124 
1950	269 
1951	208 
1952	264 
1953	91 
1954	22 
1955	130 
1956	77 
1957	35 
1958	123 
1959	219 
1960	55 
1961	90 
1962	130 
1963	191 
1964	203 
1965	43 
1966	248 
1967	182 
1968	194 
1969	185 
1970	219 
1971	223 
1972	58 
1973	148 
1974	47 
1975	269 
1976	45 
1977	194 
1978	116 
1979	167 
1980	213 
1981	179 
1982	251 
1983	99 
1984	56 
1985	199 
1986	105 
1987	218 
1988	28 
1989	58 
1990	72 
1991	62 
1992	192 
1993	219 
1994	30 
1995	188 
1996	184 
1997	217 
1998	234 
1999	211 
2000	8 
2001	202 
2002	266 
2003	27 
2004	154 
2005	262 
2006	226 
2007	86 
2008	19 
2009	94 
2010	35 
2011	115 
2012	201 
2013	204 
2014	72 
2015	225 
2016	60 
2017	97 
2018	10 
2019	106 
2020	228 
2021	138 
2022	44 
2023	114 
2024	189 
2025	119 
2026	102 
2027	15 
2028	20 
2029	230 
2030	105 
2031	64 
2032	8 
2033	13 
2034	220 
2035	105 
2036	159 
2037	194 
2038	48 
2039	137 
2040	36 
2041	226 
2042	54 
2043	185 
2044	118 
2045	161 
2046	57 
2047	124 
2048	25 
2049	117 
2050	225 
2051	132 
2052	15 
2053	30 
2054	10 
2055	20 
2056	140 
2057	112 
2058	8 
2059	252 
2060	175 
2061	10 
2062	114 
2063	52 
2064	102 
2065	1 
2066	194 
2067	81 
2068	209 
2069	18 
2070	219 
2071	224 
2072	128 
2073	203 
2074	227 
2075	236 
2076	122 
2077	112 
2078	190 
2079	248 
2080	62 
2081	10 
2082	249 
2083	215 
2084	241 
2085	264 
2086	276 
2087	7 
2088	182 
2089	130 
2090	38 
2091	247 
2092	221 
2093	225 
2094	8 
2095	165 
2096	81 
2097	5 
2098	180 
2099	221 
2100	156 
2101	258 
2102	55 
2103	145 
2104	41 
2105	40 
2106	7 
2107	200 
2108	90 
2109	4 
2110	147 
2111	243 
2112	85 
2113	84 
2114	228 
2115	262 
2116	163 
2117	106 
2118	87 
2119	196 
2120	162 
2121	246 
2122	227 
2123	76 
2124	157 
2125	12 
2126	239 
2127	138 
2128	58 
2129	114 
2130	246 
2131	194 
2132	245 
2133	174 
2134	275 
2135	98 
2136	160 
2137	108 
2138	212 
2139	101 
2140	250 
2141	113 
2142	60 
2143	69 
2144	35 
2145	56 
2146	240 
2147	230 
2148	27 
2149	123 
2150	80 
2151	77 
2152	122 
2153	225 
2154	120 
2155	119 
2156	19 
2157	6 
2158	54 
2159	14 
2160	126 
2161	1 
2162	206 
2163	34 
2164	100 
2165	260 
2166	170 
2167	198 
2168	166 
2169	101 
2170	53 
2171	135 
2172	20 
2173	63 
2174	129 
2175	256 
2176	119 
2177	152 
2178	195 
2179	18 
2180	57 
2181	210 
2182	167 
2183	239 
2184	161 
2185	34 
2186	128 
2187	33 
2188	214 
2189	16 
2190	127 
2191	267 
2192	62 
2193	108 
2194	87 
2195	26 
2196	202 
2197	152 
2198	69 
2199	274 
2200	40 
2201	235 
2202	65 
2203	29 
2204	79 
2205	199 
2206	260 
2207	187 
2208	208 
2209	240 
2210	165 
2211	103 
2212	111 
2213	207 
2214	276 
2215	27 
2216	65 
2217	79 
2218	109 
2219	73 
2220	131 
2221	215 
2222	170 
2223	16 
2224	197 
2225	23 
2226	118 
2227	96 
2228	200 
2229	214 
2230	277 
2231	209 
2232	4 
2233	224 
2234	229 
2235	148 
2236	28 
2237	117 
2238	165 
2239	270 
2240	224 
2241	209 
2242	158 
2243	51 
2244	114 
2245	148 
2246	90 
2247	94 
2248	56 
2249	70 
2250	168 
2251	31 
2252	235 
2253	57 
2254	5 
2255	54 
2256	98 
2257	162 
2258	52 
2259	174 
2260	201 
2261	190 
2262	245 
2263	81 
2264	201 
2265	136 
2266	10 
2267	152 
2268	167 
2269	221 
2270	244 
2271	209 
2272	60 
2273	27 
2274	100 
2275	67 
2276	13 
2277	18 
2278	191 
2279	22 
2280	136 
2281	243 
2282	213 
2283	270 
2284	265 
2285	51 
2286	212 
2287	244 
2288	33 
2289	124 
2290	113 
2291	247 
2292	257 
2293	176 
2294	239 
2295	129 
2296	271 
2297	195 
2298	271 
2299	205 
2300	124 
2301	262 
2302	250 
2303	229 
2304	225 
2305	211 
2306	267 
2307	163 
2308	204 
2309	169 
2310	277 
2311	134 
2312	111 
2313	261 
2314	138 
2315	178 
2316	9 
2317	123 
2318	271 
2319	85 
2320	204 
2321	204 
2322	163 
2323	4 
2324	195 
2325	36 
2326	235 
2327	87 
2328	58 
2329	15 
2330	142 
2331	119 
2332	50 
2333	24 
2334	140 
2335	44 
2336	226 
2337	152 
2338	4 
2339	71 
2340	155 
2341	39 
2342	36 
2343	271 
2344	272 
2345	39 
2346	72 
2347	157 
2348	30 
2349	21 
2350	73 
2351	94 
2352	79 
2353	128 
2354	248 
2355	137 
2356	65 
2357	209 
2358	142 
2359	234 
2360	200 
2361	148 
2362	97 
2363	157 
2364	117 
2365	178 
2366	12 
2367	92 
2368	222 
2369	205 
2370	85 
2371	51 
2372	240 
2373	191 
2374	259 
2375	220 
2376	138 
2377	156 
2378	212 
2379	134 
2380	174 
2381	180 
2382	3 
2383	36 
2384	56 
2385	50 
2386	180 
2387	38 
2388	122 
2389	19 
2390	241 
2391	143 
2392	68 
2393	167 
2394	218 
2395	14 
2396	103 
2397	86 
2398	42 
2399	227 
2400	163 
2401	249 
2402	224 
2403	242 
2404	270 
2405	197 
2406	236 
2407	31 
2408	243 
2409	57 
2410	26 
2411	189 
2412	3 
2413	200 
2414	105 
2415	25 
2416	243 
2417	171 
2418	273 
2419	261 
2420	119 
2421	6 
2422	227 
2423	42 
2424	91 
2425	181 
2426	55 
2427	152 
2428	218 
2429	255 
2430	27 
2431	33 
2432	11 
2433	28 
2434	166 
2435	242 
2436	55 
2437	192 
2438	49 
2439	266 
2440	179 
2441	253 
2442	76 
2443	166 
2444	97 
2445	136 
2446	104 
2447	192 
2448	242 
2449	90 
2450	214 
2451	177 
2452	170 
2453	176 
2454	50 
2455	124 
2456	42 
2457	272 
2458	41 
2459	11 
2460	104 
2461	218 
2462	16 
2463	245 
2464	78 
2465	127 
2466	226 
2467	158 
2468	265 
2469	19 
2470	182 
2471	93 
2472	25 
2473	31 
2474	126 
2475	77 
2476	35 
2477	113 
2478	227 
2479	119 
2480	273 
2481	98 
2482	149 
2483	180 
2484	271 
2485	19 
2486	62 
2487	193 
2488	53 
2489	46 
2490	265 
2491	174 
2492	232 
2493	243 
2494	27 
2495	245 
2496	253 
2497	263 
2498	47 
2499	57 
2500	131 
2501	109 
2502	217 
2503	245 
2504	151 
2505	116 
2506	267 
2507	199 
2508	185 
2509	246 
2510	77 
2511	232 
2512	103 
2513	67 
2514	216 
2515	241 
2516	246 
2517	58 
2518	109 
2519	165 
2520	247 
2521	255 
2522	54 
2523	112 
2524	188 
2525	189 
2526	242 
2527	177 
2528	183 
2529	178 
2530	189 
2531	165 
2532	78 
2533	35 
2534	135 
2535	109 
2536	18 
2537	32 
2538	7 
2539	153 
2540	151 
2541	15 
2542	272 
2543	256 
2544	81 
2545	30 
2546	188 
2547	200 
2548	44 
2549	143 
2550	158 
2551	141 
2552	201 
2553	153 
2554	254 
2555	43 
2556	136 
2557	122 
2558	197 
2559	201 
2560	217 
2561	208 
2562	262 
2563	166 
2564	135 
2565	224 
2566	266 
2567	41 
2568	97 
2569	11 
2570	127 
2571	105 
2572	53 
2573	236 
2574	264 
2575	165 
2576	214 
2577	195 
2578	128 
2579	61 
2580	170 
2581	203 
2582	192 
2583	154 
2584	241 
2585	180 
2586	273 
2587	85 
2588	43 
2589	134 
2590	99 
2591	185 
2592	266 
2593	12 
2594	114 
2595	270 
2596	249 
2597	239 
2598	252 
2599	84 
2600	263 
2601	48 
2602	204 
2603	269 
2604	217 
2605	254 
2606	124 
2607	128 
2608	234 
2609	15 
2610	16 
2611	158 
2612	89 
2613	137 
2614	252 
2615	155 
2616	190 
2617	6 
2618	184 
2619	211 
2620	42 
2621	127 
2622	134 
2623	185 
2624	29 
2625	130 
2626	86 
2627	206 
2628	45 
2629	124 
2630	147 
2631	143 
2632	240 
2633	208 
2634	140 
2635	129 
2636	138 
2637	162 
2638	139 
2639	149 
2640	234 
2641	213 
2642	61 
2643	157 
2644	135 
2645	60 
2646	219 
2647	154 
2648	144 
2649	54 
2650	22 
2651	237 
2652	255 
2653	80 
2654	139 
2655	185 
2656	89 
2657	42 
2658	154 
2659	235 
2660	74 
2661	85 
2662	230 
2663	86 
2664	259 
2665	217 
2666	262 
2667	15 
2668	1 
2669	177 
2670	239 
2671	72 
2672	38 
2673	138 
2674	110 
2675	90 
2676	113 
2677	256 
2678	57 
2679	259 
2680	41 
2681	229 
2682	44 
2683	186 
2684	254 
2685	136 
2686	22 
2687	170 
2688	221 
2689	240 
2690	91 
2691	113 
2692	240 
2693	197 
2694	124 
2695	70 
2696	223 
2697	138 
2698	139 
2699	216 
2700	47 
2701	269 
2702	101 
2703	17 
2704	87 
2705	256 
2706	27 
2707	140 
2708	201 
2709	167 
2710	79 
2711	202 
2712	169 
2713	84 
2714	65 
2715	218 
2716	269 
2717	127 
2718	201 
2719	160 
2720	137 
2721	84 
2722	86 
2723	55 
2724	259 
2725	100 
2726	132 
2727	46 
2728	207 
2729	270 
2730	180 
2731	52 
2732	210 
2733	16 
2734	254 
2735	2 
2736	11 
2737	195 
2738	211 
2739	264 
2740	84 
2741	48 
2742	47 
2743	136 
2744	103 
2745	11 
2746	113 
2747	213 
2748	221 
2749	132 
2750	79 
2751	254 
2752	76 
2753	103 
2754	52 
2755	117 
2756	101 
2757	253 
2758	70 
2759	241 
2760	92 
2761	229 
2762	88 
2763	29 
2764	100 
2765	267 
2766	18 
2767	269 
2768	222 
2769	86 
2770	127 
2771	183 
2772	69 
2773	236 
2774	201 
2775	135 
2776	154 
2777	274 
2778	192 
2779	67 
2780	207 
2781	122 
2782	40 
2783	42 
2784	170 
2785	120 
2786	26 
2787	232 
2788	187 
2789	199 
2790	100 
2791	200 
2792	139 
2793	227 
2794	180 
2795	97 
2796	29 
2797	236 
2798	176 
2799	228 
2800	10 
2801	141 
2802	75 
2803	213 
2804	190 
2805	25 
2806	229 
2807	256 
2808	110 
2809	252 
2810	267 
2811	277 
2812	53 
2813	46 
2814	190 
2815	19 
2816	11 
2817	144 
2818	130 
2819	255 
2820	151 
2821	172 
2822	190 
2823	206 
2824	241 
2825	261 
2826	197 
2827	266 
2828	160 
2829	149 
2830	102 
2831	42 
2832	73 
2833	258 
2834	201 
2835	181 
2836	106 
2837	2 
2838	57 
2839	80 
2840	69 
2841	5 
2842	58 
2843	33 
2844	156 
2845	270 
2846	7 
2847	156 
2848	24 
2849	175 
2850	31 
2851	145 
2852	174 
2853	154 
2854	251 
2855	112 
2856	195 
2857	128 
2858	224 
2859	265 
2860	139 
2861	193 
2862	124 
2863	224 
2864	136 
2865	51 
2866	225 
2867	122 
2868	270 
2869	84 
2870	58 
2871	80 
2872	170 
2873	101 
2874	255 
2875	181 
2876	32 
2877	209 
2878	50 
2879	44 
2880	73 
2881	195 
2882	158 
2883	103 
2884	164 
2885	155 
2886	73 
2887	100 
2888	198 
2889	58 
2890	237 
2891	225 
2892	198 
2893	100 
2894	162 
2895	259 
2896	221 
2897	263 
2898	4 
2899	85 
2900	171 
2901	186 
2902	90 
2903	276 
2904	60 
2905	265 
2906	117 
2907	167 
2908	159 
2909	262 
2910	192 
2911	52 
2912	98 
2913	14 
2914	269 
2915	185 
2916	177 
2917	139 
2918	276 
2919	23 
2920	164 
2921	167 
2922	143 
2923	6 
2924	164 
2925	124 
2926	193 
2927	92 
2928	28 
2929	20 
2930	33 
2931	88 
2932	97 
2933	208 
2934	220 
2935	246 
2936	167 
2937	263 
2938	17 
2939	190 
2940	269 
2941	149 
2942	112 
2943	271 
2944	63 
2945	256 
2946	179 
2947	114 
2948	251 
2949	126 
2950	227 
2951	92 
2952	73 
2953	139 
2954	117 
2955	141 
2956	66 
2957	2 
2958	11 
2959	62 
2960	147 
2961	38 
2962	88 
2963	89 
2964	44 
2965	38 
2966	243 
2967	123 
2968	115 
2969	12 
2970	67 
2971	241 
2972	270 
2973	40 
2974	9 
2975	100 
2976	140 
2977	29 
2978	5 
2979	206 
2980	206 
2981	127 
2982	66 
2983	126 
2984	227 
2985	88 
2986	237 
2987	267 
2988	2 
2989	216 
2990	78 
2991	50 
2992	168 
2993	253 
2994	85 
2995	54 
2996	109 
2997	136 
2998	120 
2999	276 
3000	88 
3001	156 
3002	33 
3003	253 
3004	224 
3005	192 
3006	37 
3007	256 
3008	247 
3009	211 
3010	268 
3011	47 
3012	235 
3013	142 
3014	226 
3015	113 
3016	8 
3017	270 
3018	268 
3019	101 
3020	100 
3021	52 
3022	151 
3023	129 
3024	230 
3025	139 
3026	52 
3027	277 
3028	84 
3029	109 
3030	243 
3031	69 
3032	7 
3033	271 
3034	88 
3035	91 
3036	193 
3037	67 
3038	101 
3039	92 
3040	274 
3041	269 
3042	2 
3043	269 
3044	40 
3045	1 
3046	158 
3047	138 
3048	48 
3049	68 
3050	11 
3051	256 
3052	47 
3053	43 
3054	1 
3055	33 
3056	48 
3057	178 
3058	4 
3059	8 
3060	6 
3061	205 
3062	146 
3063	225 
3064	70 
3065	68 
3066	22 
3067	226 
3068	18 
3069	97 
3070	40 
3071	210 
3072	209 
3073	5 
3074	3 
3075	131 
3076	223 
3077	101 
3078	84 
3079	264 
3080	200 
3081	15 
3082	195 
3083	65 
3084	220 
3085	137 
3086	84 
3087	224 
3088	50 
3089	215 
3090	2 
3091	53 
3092	35 
3093	99 
3094	179 
3095	164 
3096	52 
3097	247 
3098	200 
3099	178 
3100	243 
3101	189 
3102	158 
3103	39 
3104	143 
3105	41 
3106	29 
3107	140 
3108	78 
3109	255 
3110	105 
3111	80 
3112	160 
3113	141 
3114	122 
3115	162 
3116	154 
3117	81 
3118	175 
3119	269 
3120	20 
3121	54 
3122	150 
3123	183 
3124	144 
3125	3 
3126	183 
3127	123 
3128	70 
3129	239 
3130	267 
3131	159 
3132	271 
3133	76 
3134	82 
3135	9 
3136	75 
3137	76 
3138	139 
3139	210 
3140	28 
3141	192 
3142	274 
3143	51 
3144	248 
3145	71 
3146	3 
3147	187 
3148	96 
3149	36 
3150	220 
3151	26 
3152	116 
3153	217 
3154	40 
3155	79 
3156	237 
3157	81 
3158	167 
3159	240 
3160	172 
3161	124 
3162	45 
3163	157 
3164	195 
3165	27 
3166	218 
3167	171 
3168	101 
3169	241 
3170	140 
3171	111 
3172	87 
3173	197 
3174	52 
3175	237 
3176	263 
3177	240 
3178	225 
3179	65 
3180	194 
3181	100 
3182	19 
3183	123 
3184	225 
3185	91 
3186	25 
3187	134 
3188	32 
3189	199 
3190	258 
3191	10 
3192	267 
3193	17 
3194	74 
3195	101 
3196	274 
3197	124 
3198	268 
3199	28 
3200	47 
3201	100 
3202	112 
3203	249 
3204	177 
3205	15 
3206	104 
3207	103 
3208	80 
3209	179 
3210	158 
3211	254 
3212	154 
3213	19 
3214	87 
3215	248 
3216	259 
3217	256 
3218	15 
3219	99 
3220	12 
3221	277 
3222	254 
3223	44 
3224	208 
3225	175 
3226	179 
3227	15 
3228	75 
3229	181 
3230	201 
3231	79 
3232	143 
3233	198 
3234	261 
3235	60 
3236	246 
3237	37 
3238	82 
3239	104 
3240	35 
3241	54 
3242	128 
3243	75 
3244	38 
3245	185 
3246	137 
3247	109 
3248	74 
3249	214 
3250	1 
3251	212 
3252	184 
3253	45 
3254	53 
3255	152 
3256	269 
3257	1 
3258	29 
3259	127 
3260	62 
3261	124 
3262	85 
3263	17 
3264	14 
3265	143 
3266	201 
3267	200 
3268	225 
3269	257 
3270	192 
3271	8 
3272	199 
3273	24 
3274	142 
3275	79 
3276	77 
3277	122 
3278	81 
3279	251 
3280	272 
3281	221 
3282	117 
3283	154 
3284	132 
3285	33 
3286	188 
3287	54 
3288	71 
3289	42 
3290	241 
3291	79 
3292	149 
3293	74 
3294	173 
3295	136 
3296	16 
3297	114 
3298	171 
3299	44 
3300	3 
3301	202 
3302	163 
3303	178 
3304	270 
3305	265 
3306	92 
3307	223 
3308	36 
3309	11 
3310	75 
3311	70 
3312	229 
3313	172 
3314	87 
3315	232 
3316	4 
3317	243 
3318	252 
3319	70 
3320	109 
3321	240 
3322	240 
3323	193 
3324	63 
3325	192 
3326	131 
3327	271 
3328	239 
3329	88 
3330	57 
3331	186 
3332	90 
3333	177 
3334	120 
3335	262 
3336	199 
3337	188 
3338	79 
3339	181 
3340	176 
3341	141 
3342	185 
3343	102 
3344	264 
3345	196 
3346	268 
3347	84 
3348	135 
3349	218 
3350	139 
3351	150 
3352	165 
3353	113 
3354	6 
3355	138 
3356	171 
3357	14 
3358	222 
3359	21 
3360	264 
3361	141 
3362	140 
3363	241 
3364	158 
3365	140 
3366	189 
3367	22 
3368	259 
3369	234 
3370	15 
3371	228 
3372	122 
3373	149 
3374	255 
3375	26 
3376	32 
3377	1 
3378	244 
3379	261 
3380	79 
3381	145 
3382	12 
3383	113 
3384	132 
3385	186 
3386	66 
3387	236 
3388	73 
3389	189 
3390	112 
3391	116 
3392	17 
3393	128 
3394	27 
3395	211 
3396	73 
3397	6 
3398	178 
3399	164 
3400	142 
3401	237 
3402	118 
3403	42 
3404	268 
3405	137 
3406	85 
3407	221 
3408	63 
3409	118 
3410	97 
3411	243 
3412	174 
3413	179 
3414	44 
3415	194 
3416	218 
3417	127 
3418	25 
3419	185 
3420	257 
3421	144 
3422	8 
3423	184 
3424	163 
3425	16 
3426	270 
3427	21 
3428	234 
3429	64 
3430	106 
3431	205 
3432	253 
3433	199 
3434	106 
3435	241 
3436	106 
3437	31 
3438	75 
3439	115 
3440	116 
3441	115 
3442	35 
3443	164 
3444	67 
3445	62 
3446	73 
3447	277 
3448	258 
3449	207 
3450	197 
3451	166 
3452	187 
3453	200 
3454	51 
3455	38 
3456	82 
3457	69 
3458	226 
3459	253 
3460	75 
3461	112 
3462	84 
3463	165 
3464	247 
3465	130 
3466	82 
3467	76 
3468	178 
3469	16 
3470	100 
3471	58 
3472	90 
3473	234 
3474	169 
3475	98 
3476	31 
3477	38 
3478	39 
3479	123 
3480	165 
3481	254 
3482	144 
3483	89 
3484	14 
3485	165 
3486	41 
3487	5 
3488	257 
3489	209 
3490	253 
3491	234 
3492	122 
3493	219 
3494	131 
3495	53 
3496	266 
3497	224 
3498	92 
3499	222 
3500	143 
3501	267 
3502	47 
3503	74 
3504	273 
3505	152 
3506	8 
3507	269 
3508	10 
3509	80 
3510	216 
3511	92 
3512	155 
3513	254 
3514	143 
3515	229 
3516	14 
3517	64 
3518	229 
3519	33 
3520	176 
3521	22 
3522	163 
3523	52 
3524	139 
3525	14 
3526	254 
3527	162 
3528	139 
3529	176 
3530	84 
3531	38 
3532	149 
3533	164 
3534	58 
3535	77 
3536	9 
3537	176 
3538	185 
3539	1 
3540	211 
3541	138 
3542	228 
3543	112 
3544	8 
3545	186 
3546	197 
3547	67 
3548	211 
3549	168 
3550	242 
3551	208 
3552	24 
3553	50 
3554	222 
3555	79 
3556	243 
3557	28 
3558	63 
3559	2 
3560	223 
3561	92 
3562	165 
3563	51 
3564	261 
3565	124 
3566	30 
3567	173 
3568	164 
3569	141 
3570	112 
3571	237 
3572	58 
3573	275 
3574	154 
3575	230 
3576	74 
3577	109 
3578	87 
3579	258 
3580	66 
3581	272 
3582	43 
3583	256 
3584	246 
3585	166 
3586	9 
3587	159 
3588	76 
3589	29 
3590	158 
3591	169 
3592	21 
3593	166 
3594	157 
3595	153 
3596	144 
3597	43 
3598	42 
3599	147 
3600	79 
3601	234 
3602	234 
3603	81 
3604	203 
3605	8 
3606	249 
3607	117 
3608	131 
3609	156 
3610	216 
3611	42 
3612	38 
3613	50 
3614	242 
3615	38 
3616	177 
3617	172 
3618	80 
3619	75 
3620	140 
3621	82 
3622	224 
3623	170 
3624	9 
3625	273 
3626	96 
3627	32 
3628	241 
3629	158 
3630	6 
3631	244 
3632	29 
3633	163 
3634	199 
3635	119 
3636	123 
3637	153 
3638	178 
3639	275 
3640	185 
3641	98 
3642	165 
3643	276 
3644	265 
3645	117 
3646	158 
3647	274 
3648	15 
3649	234 
3650	4 
3651	17 
3652	216 
3653	110 
3654	33 
3655	252 
3656	153 
3657	150 
3658	146 
3659	189 
3660	82 
3661	167 
3662	163 
3663	115 
3664	48 
3665	9 
3666	241 
3667	218 
3668	244 
3669	145 
3670	252 
3671	137 
3672	269 
3673	5 
3674	135 
3675	178 
3676	242 
3677	230 
3678	158 
3679	217 
3680	209 
3681	254 
3682	3 
3683	113 
3684	214 
3685	116 
3686	164 
3687	257 
3688	194 
3689	91 
3690	168 
3691	128 
3692	127 
3693	11 
3694	161 
3695	48 
3696	109 
3697	37 
3698	175 
3699	85 
3700	104 
3701	225 
3702	98 
3703	116 
3704	234 
3705	277 
3706	165 
3707	84 
3708	81 
3709	227 
3710	124 
3711	149 
3712	218 
3713	232 
3714	277 
3715	81 
3716	218 
3717	244 
3718	221 
3719	277 
3720	254 
3721	156 
3722	77 
3723	259 
3724	86 
3725	268 
3726	237 
3727	16 
3728	212 
3729	228 
3730	148 
3731	108 
3732	174 
3733	109 
3734	11 
3735	71 
3736	184 
3737	149 
3738	157 
3739	268 
3740	258 
3741	160 
3742	137 
3743	179 
3744	22 
3745	143 
3746	237 
3747	134 
3748	187 
3749	269 
3750	258 
3751	39 
3752	71 
3753	112 
3754	210 
3755	268 
3756	232 
3757	169 
3758	120 
3759	40 
3760	109 
3761	224 
3762	163 
3763	244 
3764	116 
3765	111 
3766	64 
3767	147 
3768	220 
3769	113 
3770	130 
3771	55 
3772	253 
3773	44 
3774	266 
3775	102 
3776	175 
3777	58 
3778	241 
3779	187 
3780	66 
3781	4 
3782	43 
3783	4 
3784	230 
3785	75 
3786	1 
3787	52 
3788	178 
3789	179 
3790	167 
3791	150 
3792	136 
3793	169 
3794	5 
3795	199 
3796	50 
3797	146 
3798	146 
3799	243 
3800	127 
3801	81 
3802	26 
3803	124 
3804	239 
3805	214 
3806	173 
3807	267 
3808	92 
3809	193 
3810	232 
3811	198 
3812	175 
3813	99 
3814	85 
3815	124 
3816	117 
3817	275 
3818	225 
3819	220 
3820	198 
3821	224 
3822	166 
3823	229 
3824	137 
3825	152 
3826	212 
3827	119 
3828	196 
3829	19 
3830	23 
3831	104 
3832	202 
3833	189 
3834	228 
3835	52 
3836	32 
3837	206 
3838	88 
3839	216 
3840	36 
3841	173 
3842	204 
3843	117 
3844	163 
3845	65 
3846	69 
3847	186 
3848	23 
3849	201 
3850	65 
3851	43 
3852	150 
3853	174 
3854	178 
3855	99 
3856	197 
3857	127 
3858	31 
3859	153 
3860	146 
3861	72 
3862	40 
3863	53 
3864	179 
3865	62 
3866	159 
3867	74 
3868	40 
3869	103 
3870	108 
3871	220 
3872	240 
3873	42 
3874	265 
3875	173 
3876	17 
3877	234 
3878	263 
3879	66 
3880	185 
3881	132 
3882	149 
3883	154 
3884	254 
3885	80 
3886	36 
3887	124 
3888	17 
3889	26 
3890	61 
3891	11 
3892	64 
3893	18 
3894	179 
3895	240 
3896	25 
3897	51 
3898	256 
3899	177 
3900	268 
3901	164 
3902	35 
3903	150 
3904	236 
3905	112 
3906	81 
3907	143 
3908	252 
3909	193 
3910	170 
3911	242 
3912	50 
3913	57 
3914	72 
3915	154 
3916	136 
3917	88 
3918	111 
3919	196 
3920	268 
3921	131 
3922	120 
3923	10 
3924	192 
3925	242 
3926	131 
3927	181 
3928	122 
3929	75 
3930	184 
3931	145 
3932	248 
3933	5 
3934	12 
3935	82 
3936	204 
3937	244 
3938	110 
3939	84 
3940	237 
3941	70 
3942	41 
3943	32 
3944	92 
3945	11 
3946	236 
3947	33 
3948	74 
3949	268 
3950	212 
3951	35 
3952	173 
3953	159 
3954	71 
3955	122 
3956	76 
3957	203 
3958	37 
3959	89 
3960	41 
3961	25 
3962	73 
3963	170 
3964	123 
3965	213 
3966	126 
3967	44 
3968	242 
3969	36 
3970	37 
3971	165 
3972	232 
3973	10 
3974	131 
3975	97 
3976	78 
3977	179 
3978	124 
3979	272 
3980	246 
3981	70 
3982	27 
3983	179 
3984	215 
3985	144 
3986	159 
3987	122 
3988	26 
3989	22 
3990	194 
3991	150 
3992	157 
3993	206 
3994	90 
3995	212 
3996	204 
3997	228 
3998	201 
3999	165 
4000	130 
4001	130 
4002	167 
4003	21 
4004	80 
4005	74 
4006	235 
4007	184 
4008	87 
4009	78 
4010	90 
4011	154 
4012	111 
4013	270 
4014	42 
4015	277 
4016	153 
4017	230 
4018	239 
4019	24 
4020	244 
4021	102 
4022	261 
4023	170 
4024	251 
4025	186 
4026	36 
4027	53 
4028	227 
4029	173 
4030	265 
4031	18 
4032	235 
4033	258 
4034	117 
4035	151 
4036	120 
4037	115 
4038	272 
4039	274 
4040	274 
4041	138 
4042	80 
4043	91 
4044	62 
4045	67 
4046	70 
4047	91 
4048	236 
4049	135 
4050	249 
4051	230 
4052	20 
4053	181 
4054	137 
4055	219 
4056	146 
4057	230 
4058	143 
4059	239 
4060	67 
4061	146 
4062	67 
4063	161 
4064	248 
4065	159 
4066	128 
4067	145 
4068	256 
4069	192 
4070	203 
4071	63 
4072	236 
4073	149 
4074	137 
4075	147 
4076	30 
4077	273 
4078	148 
4079	251 
4080	40 
4081	64 
4082	61 
4083	127 
4084	63 
4085	5 
4086	160 
4087	170 
4088	44 
4089	33 
4090	272 
4091	70 
4092	64 
4093	204 
4094	237 
4095	120 
4096	277 
4097	202 
4098	90 
4099	274 
4100	270 
4101	169 
4102	3 
4103	215 
4104	167 
4105	64 
4106	124 
4107	196 
4108	228 
4109	66 
4110	18 
4111	118 
4112	227 
4113	25 
4114	105 
4115	210 
4116	33 
4117	249 
4118	118 
4119	275 
4120	55 
4121	138 
4122	207 
4123	66 
4124	16 
4125	163 
4126	53 
4127	22 
4128	102 
4129	237 
4130	204 
4131	239 
4132	216 
4133	73 
4134	32 
4135	120 
4136	23 
4137	206 
4138	207 
4139	14 
4140	268 
4141	120 
4142	24 
4143	78 
4144	173 
4145	106 
4146	169 
4147	216 
4148	86 
4149	262 
4150	206 
4151	21 
4152	246 
4153	253 
4154	22 
4155	239 
4156	27 
4157	225 
4158	202 
4159	264 
4160	249 
4161	54 
4162	92 
4163	172 
4164	1 
4165	75 
4166	43 
4167	106 
4168	256 
4169	17 
4170	269 
4171	151 
4172	105 
4173	53 
4174	141 
4175	251 
4176	2 
4177	187 
4178	211 
4179	229 
4180	88 
4181	248 
4182	45 
4183	10 
4184	274 
4185	25 
4186	43 
4187	259 
4188	45 
4189	101 
4190	97 
4191	141 
4192	135 
4193	223 
4194	147 
4195	206 
4196	239 
4197	193 
4198	26 
4199	138 
4200	215 
4201	257 
4202	166 
4203	106 
4204	146 
4205	193 
4206	235 
4207	63 
4208	90 
4209	131 
4210	266 
4211	247 
4212	17 
4213	223 
4214	85 
4215	115 
4216	62 
4217	52 
4218	102 
4219	213 
4220	82 
4221	176 
4222	116 
4223	264 
4224	19 
4225	119 
4226	64 
4227	20 
4228	119 
4229	106 
4230	210 
4231	112 
4232	273 
4233	72 
4234	130 
4235	213 
4236	272 
4237	159 
4238	50 
4239	266 
4240	72 
4241	187 
4242	63 
4243	274 
4244	247 
4245	48 
4246	66 
4247	211 
4248	96 
4249	268 
4250	113 
4251	62 
4252	176 
4253	36 
4254	73 
4255	208 
4256	142 
4257	52 
4258	186 
4259	57 
4260	116 
4261	223 
4262	139 
4263	67 
4264	111 
4265	79 
4266	78 
4267	138 
4268	274 
4269	105 
4270	168 
4271	29 
4272	234 
4273	211 
4274	256 
4275	151 
4276	90 
4277	273 
4278	143 
4279	122 
4280	89 
4281	223 
4282	149 
4283	35 
4284	12 
4285	128 
4286	60 
4287	204 
4288	154 
4289	273 
4290	223 
4291	110 
4292	241 
4293	123 
4294	270 
4295	100 
4296	112 
4297	259 
4298	177 
4299	235 
4300	208 
4301	248 
4302	220 
4303	173 
4304	176 
4305	190 
4306	37 
4307	38 
4308	60 
4309	181 
4310	198 
4311	99 
4312	24 
4313	157 
4314	241 
4315	90 
4316	235 
4317	215 
4318	273 
4319	14 
4320	208 
4321	145 
4322	218 
4323	33 
4324	269 
4325	276 
4326	185 
4327	242 
4328	96 
4329	218 
4330	117 
4331	183 
4332	270 
4333	241 
4334	177 
4335	194 
4336	237 
4337	102 
4338	60 
4339	20 
4340	242 
4341	135 
4342	230 
4343	277 
4344	6 
4345	146 
4346	270 
4347	217 
4348	194 
4349	154 
4350	77 
4351	201 
4352	101 
4353	258 
4354	139 
4355	263 
4356	185 
4357	270 
4358	116 
4359	32 
4360	105 
4361	119 
4362	80 
4363	203 
4364	106 
4365	81 
4366	122 
4367	60 
4368	170 
4369	184 
4370	144 
4371	218 
4372	65 
4373	207 
4374	29 
4375	6 
4376	80 
4377	140 
4378	266 
4379	8 
4380	89 
4381	217 
4382	150 
4383	135 
4384	157 
4385	201 
4386	201 
4387	163 
4388	24 
4389	228 
4390	175 
4391	102 
4392	156 
4393	217 
4394	261 
4395	176 
4396	206 
4397	144 
4398	261 
4399	26 
4400	79 
4401	86 
4402	186 
4403	256 
4404	259 
4405	266 
4406	152 
4407	207 
4408	114 
4409	162 
4410	62 
4411	120 
4412	248 
4413	26 
4414	127 
4415	202 
4416	24 
4417	99 
4418	117 
4419	255 
4420	165 
4421	272 
4422	215 
4423	62 
4424	40 
4425	44 
4426	99 
4427	163 
4428	130 
4429	55 
4430	264 
4431	71 
4432	143 
4433	181 
4434	169 
4435	5 
4436	149 
4437	78 
4438	171 
4439	211 
4440	114 
4441	28 
4442	171 
4443	98 
4444	66 
4445	102 
4446	255 
4447	258 
4448	6 
4449	24 
4450	3 
4451	208 
4452	243 
4453	258 
4454	139 
4455	82 
4456	202 
4457	12 
4458	4 
4459	262 
4460	28 
4461	74 
4462	114 
4463	37 
4464	178 
4465	90 
4466	197 
4467	186 
4468	39 
4469	190 
4470	268 
4471	154 
4472	5 
4473	158 
4474	53 
4475	9 
4476	235 
4477	196 
4478	62 
4479	99 
4480	17 
4481	256 
4482	141 
4483	206 
4484	206 
4485	122 
4486	37 
4487	72 
4488	115 
4489	154 
4490	183 
4491	275 
4492	5 
4493	10 
4494	39 
4495	187 
4496	170 
4497	208 
4498	74 
4499	132 
4500	33 
4501	172 
4502	179 
4503	62 
4504	90 
4505	91 
4506	208 
4507	217 
4508	263 
4509	108 
4510	87 
4511	162 
4512	158 
4513	211 
4514	246 
4515	31 
4516	216 
4517	274 
4518	237 
4519	71 
4520	50 
4521	203 
4522	202 
4523	20 
4524	177 
4525	143 
4526	9 
4527	72 
4528	105 
4529	15 
4530	193 
4531	19 
4532	136 
4533	84 
4534	58 
4535	25 
4536	253 
4537	25 
4538	78 
4539	115 
4540	115 
4541	266 
4542	177 
4543	137 
4544	266 
4545	162 
4546	87 
4547	97 
4548	213 
4549	96 
4550	241 
4551	115 
4552	118 
4553	200 
4554	99 
4555	170 
4556	224 
4557	58 
4558	226 
4559	1 
4560	139 
4561	241 
4562	223 
4563	272 
4564	52 
4565	215 
4566	80 
4567	189 
4568	249 
4569	261 
4570	21 
4571	235 
4572	214 
4573	228 
4574	171 
4575	14 
4576	184 
4577	150 
4578	55 
4579	135 
4580	277 
4581	67 
4582	128 
4583	188 
4584	18 
4585	276 
4586	17 
4587	186 
4588	39 
4589	4 
4590	235 
4591	172 
4592	80 
4593	2 
4594	31 
4595	38 
4596	51 
4597	171 
4598	29 
4599	248 
4600	63 
4601	31 
4602	145 
4603	60 
4604	255 
4605	84 
4606	228 
4607	108 
4608	51 
4609	11 
4610	143 
4611	275 
4612	63 
4613	256 
4614	75 
4615	126 
4616	16 
4617	9 
4618	77 
4619	230 
4620	45 
4621	106 
4622	273 
4623	275 
4624	114 
4625	174 
4626	85 
4627	201 
4628	106 
4629	263 
4630	123 
4631	132 
4632	268 
4633	29 
4634	41 
4635	96 
4636	190 
4637	170 
4638	168 
4639	29 
4640	74 
4641	146 
4642	10 
4643	212 
4644	142 
4645	236 
4646	71 
4647	252 
4648	120 
4649	190 
4650	175 
4651	215 
4652	86 
4653	89 
4654	153 
4655	44 
4656	12 
4657	79 
4658	186 
4659	106 
4660	53 
4661	115 
4662	165 
4663	246 
4664	96 
4665	97 
4666	272 
4667	5 
4668	104 
4669	114 
4670	192 
4671	141 
4672	215 
4673	144 
4674	203 
4675	215 
4676	190 
4677	8 
4678	158 
4679	1 
4680	158 
4681	142 
4682	165 
4683	270 
4684	277 
4685	54 
4686	251 
4687	26 
4688	248 
4689	197 
4690	103 
4691	228 
4692	161 
4693	97 
4694	218 
4695	114 
4696	257 
4697	234 
4698	51 
4699	264 
4700	224 
4701	186 
4702	203 
4703	136 
4704	147 
4705	11 
4706	227 
4707	255 
4708	18 
4709	179 
4710	90 
4711	114 
4712	119 
4713	212 
4714	177 
4715	69 
4716	8 
4717	166 
4718	54 
4719	12 
4720	87 
4721	5 
4722	124 
4723	114 
4724	203 
4725	44 
4726	128 
4727	147 
4728	153 
4729	3 
4730	41 
4731	194 
4732	116 
4733	264 
4734	207 
4735	127 
4736	189 
4737	162 
4738	258 
4739	266 
4740	60 
4741	160 
4742	113 
4743	97 
4744	185 
4745	223 
4746	72 
4747	28 
4748	193 
4749	236 
4750	261 
4751	9 
4752	108 
4753	32 
4754	171 
4755	64 
4756	40 
4757	138 
4758	40 
4759	167 
4760	258 
4761	168 
4762	258 
4763	213 
4764	100 
4765	14 
4766	214 
4767	143 
4768	89 
4769	246 
4770	144 
4771	248 
4772	82 
4773	131 
4774	194 
4775	119 
4776	190 
4777	82 
4778	62 
4779	152 
4780	201 
4781	208 
4782	105 
4783	220 
4784	243 
4785	186 
4786	41 
4787	28 
4788	251 
4789	109 
4790	18 
4791	123 
4792	224 
4793	184 
4794	50 
4795	270 
4796	20 
4797	179 
4798	62 
4799	145 
4800	226 
4801	16 
4802	274 
4803	235 
4804	28 
4805	67 
4806	61 
4807	235 
4808	50 
4809	209 
4810	9 
4811	77 
4812	223 
4813	247 
4814	85 
4815	24 
4816	194 
4817	255 
4818	135 
4819	67 
4820	190 
4821	137 
4822	163 
4823	219 
4824	41 
4825	131 
4826	148 
4827	98 
4828	115 
4829	12 
4830	193 
4831	11 
4832	235 
4833	113 
4834	132 
4835	183 
4836	33 
4837	79 
4838	203 
4839	35 
4840	184 
4841	232 
4842	276 
4843	187 
4844	186 
4845	189 
4846	85 
4847	4 
4848	105 
4849	115 
4850	210 
4851	167 
4852	187 
4853	109 
4854	137 
4855	155 
4856	152 
4857	127 
4858	217 
4859	193 
4860	126 
4861	9 
4862	91 
4863	33 
4864	172 
4865	165 
4866	211 
4867	24 
4868	251 
4869	109 
4870	127 
4871	38 
4872	127 
4873	77 
4874	60 
4875	51 
4876	247 
4877	112 
4878	201 
4879	103 
4880	154 
4881	185 
4882	193 
4883	229 
4884	209 
4885	154 
4886	127 
4887	196 
4888	161 
4889	62 
4890	50 
4891	106 
4892	165 
4893	71 
4894	132 
4895	62 
4896	261 
4897	102 
4898	213 
4899	55 
4900	88 
4901	88 
4902	114 
4903	118 
4904	78 
4905	48 
4906	3 
4907	239 
4908	67 
4909	114 
4910	264 
4911	23 
4912	235 
4913	162 
4914	202 
4915	48 
4916	9 
4917	217 
4918	19 
4919	19 
4920	257 
4921	184 
4922	226 
4923	36 
4924	140 
4925	227 
4926	67 
4927	167 
4928	51 
4929	81 
4930	213 
4931	104 
4932	98 
4933	9 
4934	80 
4935	44 
4936	8 
4937	111 
4938	85 
4939	28 
4940	217 
4941	152 
4942	140 
4943	65 
4944	179 
4945	101 
4946	53 
4947	70 
4948	252 
4949	50 
4950	28 
4951	146 
4952	71 
4953	43 
4954	152 
4955	224 
4956	163 
4957	48 
4958	50 
4959	147 
4960	251 
4961	276 
4962	124 
4963	109 
4964	187 
4965	120 
4966	102 
4967	257 
4968	229 
4969	252 
4970	27 
4971	124 
4972	160 
4973	126 
4974	266 
4975	144 
4976	268 
4977	66 
4978	39 
4979	156 
4980	151 
4981	40 
4982	20 
4983	10 
4984	220 
4985	60 
4986	28 
4987	48 
4988	23 
4989	14 
4990	235 
4991	166 
4992	210 
4993	152 
4994	11 
4995	175 
4996	178 
4997	178 
4998	21 
4999	194 
5000	53 
5001	39 
5002	202 
5003	2 
5004	14 
5005	53 
5006	234 
5007	87 
5008	36 
5009	120 
5010	4 
5011	144 
5012	226 
5013	204 
5014	219 
5015	112 
5016	65 
5017	223 
5018	66 
5019	258 
5020	145 
5021	57 
5022	78 
5023	105 
5024	102 
5025	118 
5026	104 
5027	1 
5028	23 
5029	266 
5030	211 
5031	146 
5032	263 
5033	67 
5034	79 
5035	150 
5036	99 
5037	263 
5038	55 
5039	237 
5040	242 
5041	234 
5042	153 
5043	247 
5044	130 
5045	228 
5046	117 
5047	45 
5048	173 
5049	38 
5050	184 
5051	84 
5052	208 
5053	84 
5054	176 
5055	183 
5056	197 
5057	213 
5058	2 
5059	274 
5060	71 
5061	141 
5062	235 
5063	27 
5064	150 
5065	178 
5066	71 
5067	172 
5068	142 
5069	22 
5070	36 
5071	179 
5072	88 
5073	212 
5074	207 
5075	9 
5076	162 
5077	217 
5078	229 
5079	17 
5080	111 
5081	234 
5082	239 
5083	4 
5084	5 
5085	230 
5086	169 
5087	63 
5088	23 
5089	103 
5090	262 
5091	253 
5092	263 
5093	187 
5094	111 
5095	24 
5096	159 
5097	26 
5098	57 
5099	63 
5100	77 
5101	200 
5102	223 
5103	193 
5104	229 
5105	2 
5106	241 
5107	215 
5108	225 
5109	217 
5110	48 
5111	36 
5112	239 
5113	266 
5114	237 
5115	116 
5116	143 
5117	82 
5118	239 
5119	104 
5120	43 
5121	52 
5122	174 
5123	55 
5124	212 
5125	148 
5126	70 
5127	236 
5128	145 
5129	55 
5130	1 
5131	73 
5132	210 
5133	43 
5134	62 
5135	26 
5136	230 
5137	202 
5138	65 
5139	220 
5140	67 
5141	15 
5142	132 
5143	263 
5144	61 
5145	28 
5146	4 
5147	69 
5148	217 
5149	99 
5150	257 
5151	108 
5152	143 
5153	145 
5154	12 
5155	268 
5156	227 
5157	226 
5158	273 
5159	147 
5160	183 
5161	175 
5162	79 
5163	72 
5164	72 
5165	186 
5166	194 
5167	24 
5168	142 
5169	161 
5170	55 
5171	116 
5172	154 
5173	169 
5174	261 
5175	91 
5176	124 
5177	18 
5178	258 
5179	15 
5180	51 
5181	54 
5182	60 
5183	116 
5184	70 
5185	145 
5186	26 
5187	97 
5188	85 
5189	165 
5190	145 
5191	266 
5192	147 
5193	80 
5194	188 
5195	80 
5196	22 
5197	4 
5198	263 
5199	227 
5200	60 
5201	115 
5202	87 
5203	161 
5204	217 
5205	8 
5206	141 
5207	61 
5208	70 
5209	3 
5210	225 
5211	146 
5212	237 
5213	99 
5214	241 
5215	64 
5216	201 
5217	96 
5218	208 
5219	249 
5220	229 
5221	79 
5222	91 
5223	223 
5224	5 
5225	12 
5226	44 
5227	142 
5228	69 
5229	150 
5230	183 
5231	179 
5232	10 
5233	181 
5234	204 
5235	168 
5236	36 
5237	98 
5238	66 
5239	138 
5240	145 
5241	19 
5242	91 
5243	60 
5244	234 
5245	213 
5246	276 
5247	33 
5248	215 
5249	57 
5250	99 
5251	172 
5252	44 
5253	154 
5254	10 
5255	15 
5256	5 
5257	160 
5258	183 
5259	225 
5260	147 
5261	11 
5262	237 
5263	227 
5264	70 
5265	176 
5266	106 
5267	127 
5268	28 
5269	50 
5270	21 
5271	91 
5272	78 
5273	25 
5274	257 
5275	207 
5276	161 
5277	131 
5278	24 
5279	246 
5280	82 
5281	70 
5282	135 
5283	276 
5284	77 
5285	210 
5286	156 
5287	186 
5288	73 
5289	24 
5290	14 
5291	220 
5292	110 
5293	55 
5294	1 
5295	139 
5296	45 
5297	3 
5298	40 
5299	155 
5300	89 
5301	55 
5302	211 
5303	141 
5304	48 
5305	255 
5306	69 
5307	132 
5308	14 
5309	156 
5310	99 
5311	188 
5312	61 
5313	276 
5314	28 
5315	236 
5316	35 
5317	79 
5318	139 
5319	111 
5320	103 
5321	64 
5322	87 
5323	225 
5324	86 
5325	23 
5326	134 
5327	145 
5328	69 
5329	62 
5330	219 
5331	50 
5332	140 
5333	17 
5334	31 
5335	152 
5336	72 
5337	153 
5338	86 
5339	207 
5340	19 
5341	155 
5342	188 
5343	223 
5344	72 
5345	253 
5346	169 
5347	124 
5348	179 
5349	246 
5350	117 
5351	161 
5352	1 
5353	270 
5354	235 
5355	111 
5356	232 
5357	241 
5358	73 
5359	167 
5360	171 
5361	204 
5362	106 
5363	38 
5364	234 
5365	138 
5366	161 
5367	89 
5368	28 
5369	144 
5370	119 
5371	190 
5372	90 
5373	21 
5374	216 
5375	166 
5376	155 
5377	10 
5378	99 
5379	98 
5380	35 
5381	44 
5382	154 
5383	18 
5384	156 
5385	130 
5386	61 
5387	31 
5388	33 
5389	79 
5390	77 
5391	33 
5392	119 
5393	210 
5394	79 
5395	90 
5396	257 
5397	161 
5398	26 
5399	217 
5400	50 
5401	246 
5402	223 
5403	143 
5404	253 
5405	48 
5406	123 
5407	52 
5408	55 
5409	181 
5410	41 
5411	110 
5412	217 
5413	145 
5414	275 
5415	25 
5416	88 
5417	160 
5418	196 
5419	219 
5420	255 
5421	173 
5422	16 
5423	50 
5424	23 
5425	96 
5426	67 
5427	162 
5428	186 
5429	185 
5430	146 
5431	241 
5432	151 
5433	138 
5434	148 
5435	105 
5436	273 
5437	266 
5438	45 
5439	159 
5440	143 
5441	116 
5442	274 
5443	17 
5444	103 
5445	90 
5446	273 
5447	229 
5448	106 
5449	108 
5450	253 
5451	151 
5452	20 
5453	153 
5454	54 
5455	51 
5456	177 
5457	31 
5458	89 
5459	12 
5460	229 
5461	248 
5462	118 
5463	169 
5464	228 
5465	213 
5466	118 
5467	153 
5468	230 
5469	168 
5470	226 
5471	38 
5472	142 
5473	223 
5474	112 
5475	66 
5476	196 
5477	185 
5478	97 
5479	73 
5480	142 
5481	169 
5482	208 
5483	174 
5484	247 
5485	268 
5486	163 
5487	139 
5488	120 
5489	97 
5490	249 
5491	115 
5492	239 
5493	262 
5494	211 
5495	80 
5496	96 
5497	28 
5498	239 
5499	10 
5500	61 
5501	134 
5502	179 
5503	147 
5504	89 
5505	168 
5506	268 
5507	120 
5508	48 
5509	258 
5510	266 
5511	161 
5512	33 
5513	229 
5514	234 
5515	196 
5516	186 
5517	272 
5518	190 
5519	69 
5520	110 
5521	185 
5522	139 
5523	218 
5524	41 
5525	27 
5526	275 
5527	134 
5528	194 
5529	27 
5530	163 
5531	51 
5532	135 
5533	9 
5534	131 
5535	87 
5536	276 
5537	40 
5538	66 
5539	154 
5540	273 
5541	184 
5542	105 
5543	18 
5544	115 
5545	122 
5546	65 
5547	193 
5548	225 
5549	270 
5550	148 
5551	26 
5552	268 
5553	193 
5554	229 
5555	71 
5556	51 
5557	257 
5558	155 
5559	97 
5560	112 
5561	118 
5562	135 
5563	113 
5564	132 
5565	273 
5566	123 
5567	163 
5568	20 
5569	223 
5570	251 
5571	268 
5572	113 
5573	223 
5574	44 
5575	73 
5576	165 
5577	228 
5578	257 
5579	265 
5580	276 
5581	96 
5582	241 
5583	65 
5584	230 
5585	242 
5586	25 
5587	137 
5588	3 
5589	247 
5590	150 
5591	213 
5592	152 
5593	120 
5594	276 
5595	168 
5596	97 
5597	75 
5598	276 
5599	66 
5600	70 
5601	185 
5602	21 
5603	44 
5604	237 
5605	63 
5606	156 
5607	242 
5608	54 
5609	265 
5610	11 
5611	216 
5612	173 
5613	20 
5614	112 
5615	53 
5616	136 
5617	78 
5618	1 
5619	106 
5620	148 
5621	277 
5622	147 
5623	190 
5624	12 
5625	120 
5626	162 
5627	151 
5628	130 
5629	167 
5630	100 
5631	234 
5632	98 
5633	91 
5634	243 
5635	226 
5636	194 
5637	12 
5638	176 
5639	103 
5640	185 
5641	12 
5642	173 
5643	235 
5644	201 
5645	171 
5646	246 
5647	80 
5648	252 
5649	35 
5650	257 
5651	11 
5652	175 
5653	113 
5654	235 
5655	257 
5656	234 
5657	33 
5658	275 
5659	196 
5660	116 
5661	78 
5662	29 
5663	183 
5664	132 
5665	165 
5666	123 
5667	237 
5668	55 
5669	36 
5670	160 
5671	165 
5672	3 
5673	25 
5674	18 
5675	88 
5676	186 
5677	91 
5678	96 
5679	41 
5680	188 
5681	102 
5682	1 
5683	172 
5684	100 
5685	45 
5686	130 
5687	275 
5688	264 
5689	142 
5690	4 
5691	78 
5692	116 
5693	89 
5694	176 
5695	22 
5696	227 
5697	50 
5698	186 
5699	142 
5700	175 
5701	194 
5702	132 
5703	246 
5704	45 
5705	115 
5706	270 
5707	249 
5708	243 
5709	71 
5710	213 
5711	15 
5712	156 
5713	179 
5714	88 
5715	257 
5716	134 
5717	17 
5718	146 
5719	208 
5720	241 
5721	156 
5722	237 
5723	277 
5724	75 
5725	84 
5726	106 
5727	64 
5728	87 
5729	112 
5730	84 
5731	57 
5732	186 
5733	103 
5734	105 
5735	217 
5736	29 
5737	219 
5738	51 
5739	84 
5740	71 
5741	272 
5742	204 
5743	261 
5744	183 
5745	186 
5746	216 
5747	253 
5748	154 
5749	21 
5750	78 
5751	177 
5752	16 
5753	177 
5754	147 
5755	72 
5756	156 
5757	85 
5758	21 
5759	209 
5760	140 
5761	252 
5762	151 
5763	87 
5764	78 
5765	165 
5766	109 
5767	40 
5768	148 
5769	178 
5770	118 
5771	274 
5772	109 
5773	1 
5774	247 
5775	91 
5776	54 
5777	70 
5778	131 
5779	21 
5780	277 
5781	137 
5782	67 
5783	153 
5784	176 
5785	15 
5786	266 
5787	162 
5788	176 
5789	17 
5790	52 
5791	39 
5792	262 
5793	85 
5794	151 
5795	153 
5796	202 
5797	19 
5798	130 
5799	110 
5800	276 
5801	265 
5802	31 
5803	257 
5804	175 
5805	75 
5806	27 
5807	10 
5808	21 
5809	273 
5810	9 
5811	214 
5812	255 
5813	41 
5814	223 
5815	147 
5816	17 
5817	36 
5818	181 
5819	44 
5820	169 
5821	266 
5822	153 
5823	225 
5824	208 
5825	66 
5826	72 
5827	226 
5828	99 
5829	130 
5830	184 
5831	146 
5832	226 
5833	136 
5834	132 
5835	155 
5836	91 
5837	36 
5838	150 
5839	14 
5840	262 
5841	11 
5842	36 
5843	48 
5844	91 
5845	176 
5846	159 
5847	64 
5848	239 
5849	270 
5850	64 
5851	103 
5852	225 
5853	71 
5854	274 
5855	102 
5856	138 
5857	216 
5858	104 
5859	268 
5860	145 
5861	122 
5862	144 
5863	109 
5864	141 
5865	208 
5866	156 
5867	265 
5868	25 
5869	123 
5870	229 
5871	234 
5872	8 
5873	73 
5874	96 
5875	41 
5876	152 
5877	247 
5878	270 
5879	4 
5880	262 
5881	167 
5882	163 
5883	53 
5884	223 
5885	80 
5886	134 
5887	268 
5888	73 
5889	19 
5890	9 
5891	86 
5892	31 
5893	232 
5894	215 
5895	64 
5896	104 
5897	132 
5898	36 
5899	117 
5900	111 
5901	261 
5902	268 
5903	232 
5904	39 
5905	153 
5906	75 
5907	183 
5908	255 
5909	265 
5910	186 
5911	132 
5912	249 
5913	90 
5914	117 
5915	102 
5916	186 
5917	11 
5918	132 
5919	179 
5920	194 
5921	210 
5922	262 
5923	181 
5924	217 
5925	31 
5926	210 
5927	14 
5928	101 
5929	130 
5930	66 
5931	204 
5932	153 
5933	64 
5934	77 
5935	214 
5936	266 
5937	173 
5938	186 
5939	196 
5940	112 
5941	265 
5942	225 
5943	214 
5944	26 
5945	60 
5946	219 
5947	98 
5948	210 
5949	18 
5950	241 
5951	224 
5952	39 
5953	26 
5954	122 
5955	48 
5956	122 
5957	172 
5958	172 
5959	111 
5960	151 
5961	106 
5962	204 
5963	106 
5964	174 
5965	234 
5966	153 
5967	116 
5968	159 
5969	145 
5970	234 
5971	207 
5972	41 
5973	65 
5974	45 
5975	15 
5976	185 
5977	275 
5978	55 
5979	53 
5980	275 
5981	106 
5982	213 
5983	190 
5984	50 
5985	168 
5986	207 
5987	248 
5988	105 
5989	127 
5990	264 
5991	97 
5992	276 
5993	60 
5994	153 
5995	277 
5996	122 
5997	117 
5998	60 
5999	54 
6000	166 
6001	161 
6002	153 
6003	48 
6004	196 
6005	139 
6006	249 
6007	142 
6008	101 
6009	116 
6010	228 
6011	155 
6012	185 
6013	196 
6014	65 
6015	99 
6016	117 
6017	257 
6018	64 
6019	207 
6020	22 
6021	115 
6022	173 
6023	81 
6024	141 
6025	212 
6026	155 
6027	69 
6028	177 
6029	102 
6030	135 
6031	142 
6032	272 
6033	15 
6034	35 
6035	72 
6036	135 
6037	252 
6038	98 
6039	73 
6040	52 
6041	9 
6042	239 
6043	181 
6044	168 
6045	70 
6046	124 
6047	160 
6048	69 
6049	72 
6050	186 
6051	257 
6052	246 
6053	51 
6054	273 
6055	185 
6056	126 
6057	10 
6058	209 
6059	10 
6060	166 
6061	52 
6062	225 
6063	257 
6064	72 
6065	24 
6066	215 
6067	104 
6068	65 
6069	178 
6070	265 
6071	177 
6072	72 
6073	171 
6074	155 
6075	234 
6076	253 
6077	71 
6078	148 
6079	165 
6080	171 
6081	232 
6082	236 
6083	183 
6084	188 
6085	139 
6086	252 
6087	18 
6088	41 
6089	177 
6090	168 
6091	193 
6092	79 
6093	167 
6094	53 
6095	22 
6096	33 
6097	61 
6098	51 
6099	86 
6100	179 
6101	88 
6102	132 
6103	272 
6104	100 
6105	8 
6106	106 
6107	110 
6108	226 
6109	77 
6110	109 
6111	146 
6112	65 
6113	162 
6114	203 
6115	28 
6116	202 
6117	241 
6118	85 
6119	38 
6120	87 
6121	223 
6122	77 
6123	64 
6124	48 
6125	202 
6126	155 
6127	84 
6128	123 
6129	78 
6130	273 
6131	20 
6132	77 
6133	84 
6134	241 
6135	174 
6136	26 
6137	135 
6138	99 
6139	12 
6140	101 
6141	44 
6142	75 
6143	273 
6144	96 
6145	223 
6146	66 
6147	226 
6148	216 
6149	266 
6150	103 
6151	70 
6152	264 
6153	154 
6154	185 
6155	89 
6156	72 
6157	18 
6158	63 
6159	167 
6160	20 
6161	266 
6162	124 
6163	272 
6164	253 
6165	150 
6166	236 
6167	166 
6168	118 
6169	8 
6170	64 
6171	168 
6172	16 
6173	151 
6174	236 
6175	230 
6176	113 
6177	61 
6178	232 
6179	41 
6180	203 
6181	208 
6182	217 
6183	275 
6184	273 
6185	167 
6186	109 
6187	160 
6188	262 
6189	228 
6190	169 
6191	80 
6192	131 
6193	252 
6194	28 
6195	178 
6196	188 
6197	167 
6198	53 
6199	208 
6200	203 
6201	96 
6202	225 
6203	16 
6204	101 
6205	268 
6206	248 
6207	272 
6208	247 
6209	243 
6210	188 
6211	166 
6212	102 
6213	166 
6214	141 
6215	12 
6216	177 
6217	225 
6218	142 
6219	5 
6220	71 
6221	84 
6222	171 
6223	174 
6224	3 
6225	101 
6226	135 
6227	230 
6228	122 
6229	69 
6230	86 
6231	78 
6232	215 
6233	163 
6234	101 
6235	51 
6236	10 
6237	243 
6238	114 
6239	142 
6240	236 
6241	126 
6242	120 
6243	116 
6244	232 
6245	273 
6246	243 
6247	177 
6248	69 
6249	117 
6250	136 
6251	1 
6252	39 
6253	5 
6254	225 
6255	51 
6256	15 
6257	145 
6258	194 
6259	229 
6260	17 
6261	208 
6262	109 
6263	261 
6264	152 
6265	104 
6266	217 
6267	101 
6268	204 
6269	141 
6270	253 
6271	141 
6272	39 
6273	80 
6274	241 
6275	232 
6276	167 
6277	215 
6278	19 
6279	43 
6280	18 
6281	176 
6282	163 
6283	175 
6284	101 
6285	193 
6286	1 
6287	123 
6288	135 
6289	262 
6290	185 
6291	171 
6292	41 
6293	122 
6294	86 
6295	80 
6296	183 
6297	174 
6298	127 
6299	73 
6300	251 
6301	118 
6302	275 
6303	114 
6304	3 
6305	258 
6306	66 
6307	124 
6308	219 
6309	110 
6310	72 
6311	145 
6312	166 
6313	78 
6314	60 
6315	273 
6316	207 
6317	232 
6318	225 
6319	160 
6320	184 
6321	64 
6322	275 
6323	184 
6324	144 
6325	35 
6326	86 
6327	167 
6328	17 
6329	114 
6330	172 
6331	122 
6332	137 
6333	216 
6334	124 
6335	251 
6336	132 
6337	50 
6338	166 
6339	161 
6340	202 
6341	275 
6342	185 
6343	270 
6344	50 
6345	115 
6346	19 
6347	21 
6348	124 
6349	86 
6350	277 
6351	174 
6352	176 
6353	16 
6354	242 
6355	28 
6356	102 
6357	106 
6358	57 
6359	229 
6360	253 
6361	70 
6362	265 
6363	209 
6364	232 
6365	66 
6366	51 
6367	175 
6368	126 
6369	237 
6370	11 
6371	274 
6372	134 
6373	69 
6374	236 
6375	97 
6376	235 
6377	190 
6378	36 
6379	57 
6380	8 
6381	213 
6382	183 
6383	216 
6384	276 
6385	41 
6386	204 
6387	73 
6388	194 
6389	168 
6390	181 
6391	184 
6392	146 
6393	155 
6394	118 
6395	66 
6396	172 
6397	61 
6398	151 
6399	44 
6400	146 
6401	50 
6402	162 
6403	268 
6404	190 
6405	35 
6406	160 
6407	194 
6408	230 
6409	102 
6410	141 
6411	120 
6412	87 
6413	90 
6414	8 
6415	239 
6416	96 
6417	50 
6418	90 
6419	142 
6420	212 
6421	171 
6422	153 
6423	207 
6424	153 
6425	4 
6426	172 
6427	70 
6428	168 
6429	226 
6430	266 
6431	86 
6432	20 
6433	272 
6434	172 
6435	155 
6436	151 
6437	214 
6438	38 
6439	14 
6440	225 
6441	266 
6442	152 
6443	162 
6444	142 
6445	53 
6446	48 
6447	90 
6448	176 
6449	213 
6450	214 
6451	242 
6452	64 
6453	44 
6454	126 
6455	3 
6456	162 
6457	39 
6458	215 
6459	73 
6460	136 
6461	51 
6462	40 
6463	155 
6464	8 
6465	70 
6466	112 
6467	176 
6468	33 
6469	67 
6470	43 
6471	18 
6472	70 
6473	150 
6474	186 
6475	227 
6476	153 
6477	137 
6478	208 
6479	155 
6480	217 
6481	204 
6482	14 
6483	251 
6484	90 
6485	150 
6486	148 
6487	175 
6488	193 
6489	45 
6490	62 
6491	96 
6492	184 
6493	239 
6494	11 
6495	194 
6496	66 
6497	209 
6498	3 
6499	194 
6500	103 
6501	145 
6502	172 
6503	54 
6504	15 
6505	247 
6506	212 
6507	64 
6508	185 
6509	175 
6510	45 
6511	11 
6512	201 
6513	196 
6514	226 
6515	148 
6516	203 
6517	21 
6518	154 
6519	223 
6520	21 
6521	160 
6522	111 
6523	185 
6524	147 
6525	173 
6526	247 
6527	122 
6528	266 
6529	153 
6530	124 
6531	175 
6532	90 
6533	27 
6534	174 
6535	63 
6536	72 
6537	145 
6538	134 
6539	103 
6540	52 
6541	219 
6542	167 
6543	193 
6544	215 
6545	213 
6546	155 
6547	10 
6548	186 
6549	166 
6550	167 
6551	213 
6552	120 
6553	20 
6554	73 
6555	118 
6556	154 
6557	175 
6558	148 
6559	96 
6560	212 
6561	63 
6562	226 
6563	275 
6564	242 
6565	194 
6566	190 
6567	57 
6568	14 
6569	112 
6570	96 
6571	212 
6572	273 
6573	196 
6574	235 
6575	179 
6576	97 
6577	127 
6578	103 
6579	72 
6580	131 
6581	18 
6582	118 
6583	163 
6584	3 
6585	277 
6586	41 
6587	64 
6588	272 
6589	16 
6590	88 
6591	79 
6592	146 
6593	214 
6594	232 
6595	123 
6596	36 
6597	122 
6598	237 
6599	87 
6600	53 
6601	213 
6602	52 
6603	9 
6604	97 
6605	61 
6606	150 
6607	64 
6608	262 
6609	236 
6610	172 
6611	43 
6612	64 
6613	64 
6614	81 
6615	64 
6616	110 
6617	18 
6618	66 
6619	4 
6620	126 
6621	203 
6622	183 
6623	262 
6624	45 
6625	112 
6626	147 
6627	18 
6628	268 
6629	155 
6630	265 
6631	63 
6632	113 
6633	276 
6634	201 
6635	80 
6636	151 
6637	127 
6638	28 
6639	229 
6640	165 
6641	116 
6642	179 
6643	9 
6644	52 
6645	106 
6646	127 
6647	78 
6648	51 
6649	117 
6650	176 
6651	81 
6652	28 
6653	270 
6654	208 
6655	162 
6656	69 
6657	53 
6658	115 
6659	118 
6660	242 
6661	265 
6662	176 
6663	101 
6664	202 
6665	40 
6666	241 
6667	52 
6668	209 
6669	165 
6670	227 
6671	21 
6672	145 
6673	235 
6674	97 
6675	90 
6676	142 
6677	70 
6678	147 
6679	225 
6680	146 
6681	112 
6682	87 
6683	225 
6684	273 
6685	26 
6686	33 
6687	26 
6688	14 
6689	113 
6690	16 
6691	228 
6692	21 
6693	253 
6694	33 
6695	51 
6696	86 
6697	78 
6698	159 
6699	232 
6700	110 
6701	247 
6702	177 
6703	131 
6704	249 
6705	243 
6706	110 
6707	86 
6708	258 
6709	156 
6710	247 
6711	152 
6712	163 
6713	60 
6714	43 
6715	114 
6716	272 
6717	145 
6718	41 
6719	10 
6720	16 
6721	41 
6722	105 
6723	264 
6724	232 
6725	181 
6726	110 
6727	88 
6728	255 
6729	72 
6730	247 
6731	207 
6732	190 
6733	57 
6734	145 
6735	236 
6736	70 
6737	178 
6738	219 
6739	12 
6740	274 
6741	212 
6742	229 
6743	12 
6744	52 
6745	217 
6746	249 
6747	63 
6748	239 
6749	153 
6750	168 
6751	5 
6752	248 
6753	110 
6754	226 
6755	234 
6756	177 
6757	216 
6758	123 
6759	232 
6760	156 
6761	230 
6762	225 
6763	35 
6764	101 
6765	168 
6766	105 
6767	73 
6768	3 
6769	272 
6770	12 
6771	273 
6772	130 
6773	90 
6774	73 
6775	132 
6776	178 
6777	112 
6778	105 
6779	5 
6780	63 
6781	160 
6782	181 
6783	175 
6784	217 
6785	272 
6786	50 
6787	131 
6788	156 
6789	229 
6790	202 
6791	124 
6792	171 
6793	248 
6794	126 
6795	132 
6796	235 
6797	35 
6798	51 
6799	166 
6800	18 
6801	117 
6802	61 
6803	272 
6804	186 
6805	110 
6806	113 
6807	202 
6808	61 
6809	134 
6810	207 
6811	229 
6812	41 
6813	168 
6814	81 
6815	136 
6816	20 
6817	8 
6818	196 
6819	165 
6820	171 
6821	236 
6822	12 
6823	105 
6824	60 
6825	39 
6826	251 
6827	120 
6828	60 
6829	160 
6830	61 
6831	234 
6832	185 
6833	1 
6834	25 
6835	87 
6836	158 
6837	20 
6838	186 
6839	186 
6840	144 
6841	276 
6842	251 
6843	40 
6844	257 
6845	81 
6846	215 
6847	178 
6848	268 
6849	80 
6850	135 
6851	176 
6852	209 
6853	57 
6854	223 
6855	16 
6856	234 
6857	81 
6858	276 
6859	124 
6860	160 
6861	10 
6862	11 
6863	41 
6864	101 
6865	101 
6866	54 
6867	18 
6868	145 
6869	73 
6870	3 
6871	69 
6872	55 
6873	52 
6874	16 
6875	10 
6876	131 
6877	50 
6878	196 
6879	113 
6880	156 
6881	64 
6882	116 
6883	209 
6884	44 
6885	85 
6886	43 
6887	258 
6888	105 
6889	132 
6890	162 
6891	64 
6892	12 
6893	90 
6894	185 
6895	124 
6896	97 
6897	156 
6898	223 
6899	194 
6900	114 
6901	8 
6902	210 
6903	118 
6904	150 
6905	159 
6906	155 
6907	158 
6908	163 
6909	20 
6910	144 
6911	277 
6912	273 
6913	252 
6914	87 
6915	175 
6916	151 
6917	181 
6918	43 
6919	122 
6920	44 
6921	193 
6922	273 
6923	242 
6924	176 
6925	277 
6926	210 
6927	17 
6928	194 
6929	73 
6930	215 
6931	226 
6932	69 
6933	40 
6934	25 
6935	72 
6936	52 
6937	1 
6938	1 
6939	62 
6940	184 
6941	181 
6942	264 
6943	226 
6944	134 
6945	126 
6946	210 
6947	184 
6948	264 
6949	20 
6950	10 
6951	117 
6952	173 
6953	266 
6954	4 
6955	239 
6956	273 
6957	144 
6958	101 
6959	158 
6960	38 
6961	17 
6962	126 
6963	131 
6964	229 
6965	236 
6966	102 
6967	172 
6968	136 
6969	203 
6970	70 
6971	147 
6972	70 
6973	57 
6974	18 
6975	4 
6976	154 
6977	114 
6978	275 
6979	115 
6980	135 
6981	185 
6982	258 
6983	38 
6984	212 
6985	248 
6986	153 
6987	85 
6988	12 
6989	85 
6990	209 
6991	33 
6992	207 
6993	130 
6994	234 
6995	255 
6996	258 
6997	214 
6998	179 
6999	215 
7000	175 
7001	72 
7002	272 
7003	36 
7004	255 
7005	163 
7006	116 
7007	251 
7008	248 
7009	252 
7010	109 
7011	163 
7012	202 
7013	136 
7014	87 
7015	79 
7016	212 
7017	207 
7018	258 
7019	84 
7020	80 
7021	114 
7022	203 
7023	69 
7024	61 
7025	257 
7026	135 
7027	232 
7028	136 
7029	201 
7030	194 
7031	173 
7032	54 
7033	209 
7034	166 
7035	20 
7036	258 
7037	18 
7038	151 
7039	184 
7040	97 
7041	186 
7042	146 
7043	237 
7044	184 
7045	273 
7046	84 
7047	84 
7048	126 
7049	184 
7050	147 
7051	248 
7052	123 
7053	159 
7054	80 
7055	114 
7056	10 
7057	15 
7058	80 
7059	38 
7060	266 
7061	230 
7062	252 
7063	51 
7064	101 
7065	273 
7066	50 
7067	127 
7068	87 
7069	252 
7070	38 
7071	70 
7072	40 
7073	20 
7074	9 
7075	50 
7076	122 
7077	142 
7078	179 
7079	102 
7080	210 
7081	232 
7082	79 
7083	124 
7084	102 
7085	116 
7086	150 
7087	217 
7088	154 
7089	144 
7090	15 
7091	185 
7092	126 
7093	248 
7094	123 
7095	179 
7096	38 
7097	264 
7098	27 
7099	111 
7100	130 
7101	184 
7102	54 
7103	155 
7104	64 
7105	8 
7106	50 
7107	226 
7108	184 
7109	45 
7110	179 
7111	131 
7112	155 
7113	253 
7114	3 
7115	91 
7116	117 
7117	84 
7118	264 
7119	239 
7120	43 
7121	168 
7122	84 
7123	264 
7124	111 
7125	20 
7126	179 
7127	80 
7128	208 
7129	135 
7130	241 
7131	5 
7132	145 
7133	109 
7134	80 
7135	151 
7136	1 
7137	102 
7138	185 
7139	178 
7140	235 
7141	113 
7142	255 
7143	163 
7144	84 
7145	175 
7146	234 
7147	100 
7148	148 
7149	151 
7150	276 
7151	53 
7152	150 
7153	175 
7154	171 
7155	87 
7156	78 
7157	196 
7158	153 
7159	115 
7160	255 
7161	135 
7162	229 
7163	3 
7164	84 
7165	236 
7166	84 
7167	223 
7168	212 
7169	78 
7170	252 
7171	115 
7172	43 
7173	173 
7174	43 
7175	173 
7176	86 
7177	84 
7178	134 
7179	181 
7180	97 
7181	110 
7182	36 
7183	90 
7184	115 
7185	103 
7186	103 
7187	109 
7188	80 
7189	25 
7190	86 
7191	20 
7192	173 
7193	266 
7194	172 
7195	113 
7196	171 
7197	3 
7198	166 
7199	223 
7200	127 
7201	162 
7202	118 
7203	91 
7204	123 
7205	105 
7206	18 
7207	81 
7208	146 
7209	185 
7210	124 
7211	196 
7212	109 
7213	236 
7214	44 
7215	151 
7216	17 
7217	81 
7218	132 
7219	241 
7220	134 
7221	105 
7222	253 
7223	255 
7224	143 
7225	101 
7226	43 
7227	165 
7228	20 
7229	80 
7230	210 
7231	33 
7232	181 
7233	63 
7234	126 
7235	131 
7236	8 
7237	25 
7238	86 
7239	15 
7240	25 
7241	8 
7242	97 
7243	36 
7244	216 
7245	154 
7246	67 
7247	97 
7248	26 
7249	213 
7250	38 
7251	20 
7252	40 
7253	145 
7254	12 
7255	20 
7256	156 
7257	64 
7258	64 
7259	97 
7260	144 
7261	179 
7262	36 
7263	4 
7264	178 
7265	230 
7266	270 
7267	173 
7268	178 
7269	223 
7270	162 
7271	204 
7272	1 
7273	87 
7274	166 
7275	85 
7276	266 
7277	272 
7278	156 
7279	66 
7280	63 
7281	101 
7282	134 
7283	142 
7284	110 
7285	43 
7286	5 
7287	235 
7288	196 
7289	35 
7290	185 
7291	88 
7292	208 
7293	130 
7294	227 
7295	62 
7296	63 
7297	234 
7298	1 
7299	130 
7300	147 
7301	190 
7302	78 
7303	150 
7304	11 
7305	276 
7306	190 
7307	44 
7308	223 
7309	163 
7310	38 
7311	130 
7312	122 
7313	64 
7314	247 
7315	43 
7316	38 
7317	14 
7318	96 
7319	124 
7320	214 
7321	158 
7322	144 
7323	177 
7324	159 
7325	73 
7326	242 
7327	201 
7328	196 
7329	36 
7330	52 
7331	194 
7332	144 
7333	150 
7334	117 
7335	52 
7336	87 
7337	124 
7338	87 
7339	61 
7340	33 
7341	142 
7342	96 
7343	196 
7344	62 
7345	51 
7346	219 
7347	15 
7348	91 
7349	54 
7350	102 
7351	225 
7352	1 
7353	204 
7354	276 
7355	70 
7356	97 
7357	91 
7358	213 
7359	184 
7360	112 
7361	166 
7362	70 
7363	147 
7364	210 
7365	136 
7366	155 
7367	116 
7368	165 
7369	262 
7370	239 
7371	229 
7372	11 
7373	179 
7374	225 
7375	130 
7376	103 
7377	234 
7378	162 
7379	25 
7380	105 
7381	113 
7382	202 
7383	62 
7384	172 
7385	116 
7386	186 
7387	69 
7388	72 
7389	113 
7390	8 
7391	165 
7392	54 
7393	18 
7394	62 
7395	234 
7396	66 
7397	51 
7398	40 
7399	194 
7400	230 
7401	5 
7402	40 
7403	232 
7404	20 
7405	145 
7406	135 
7407	153 
7408	237 
7409	87 
7410	173 
7411	264 
7412	62 
7413	126 
7414	40 
7415	155 
7416	18 
7417	257 
7418	178 
7419	40 
7420	106 
7421	203 
7422	87 
7423	38 
7424	272 
7425	110 
7426	266 
7427	117 
7428	126 
7429	115 
7430	123 
7431	84 
7432	227 
7433	87 
7434	264 
7435	257 
7436	168 
7437	194 
7438	96 
7439	78 
7440	171 
7441	201 
7442	252 
7443	3 
7444	152 
7445	239 
7446	52 
7447	215 
7448	73 
7449	5 
7450	242 
7451	61 
7452	270 
7453	103 
7454	66 
7455	176 
7456	151 
7457	110 
7458	15 
7459	26 
7460	8 
7461	214 
7462	27 
7463	239 
7464	17 
7465	239 
7466	116 
7467	101 
7468	64 
7469	167 
7470	162 
7471	264 
7472	123 
7473	253 
7474	178 
7475	136 
7476	5 
7477	134 
7478	136 
7479	62 
7480	64 
7481	110 
7482	253 
7483	78 
7484	96 
7485	40 
7486	139 
7487	67 
7488	4 
7489	90 
7490	204 
7491	131 
7492	26 
7493	143 
7494	33 
7495	236 
7496	173 
7497	242 
7498	139 
7499	35 
7500	101 
7501	255 
7502	162 
7503	145 
7504	36 
7505	51 
7506	41 
7507	210 
7508	25 
7509	212 
7510	127 
7511	266 
7512	86 
7513	144 
7514	241 
7515	3 
7516	230 
7517	113 
7518	235 
7519	178 
7520	252 
7521	14 
7522	116 
7523	115 
7524	33 
7525	196 
7526	72 
7527	96 
7528	270 
7529	18 
7530	90 
7531	181 
7532	212 
7533	162 
7534	69 
7535	25 
7536	204 
7537	96 
7538	123 
7539	257 
7540	257 
7541	230 
7542	105 
7543	208 
7544	151 
7545	194 
7546	4 
7547	67 
7548	163 
7549	122 
7550	132 
7551	52 
7552	216 
7553	111 
7554	237 
7555	62 
7556	117 
7557	113 
7558	103 
7559	70 
7560	176 
7561	109 
7562	109 
7563	273 
7564	239 
7565	113 
7566	194 
7567	4 
7568	60 
7569	73 
7570	51 
7571	85 
7572	33 
7573	17 
7574	226 
7575	190 
7576	100 
7577	255 
7578	201 
7579	66 
7580	213 
7581	229 
7582	117 
7583	101 
7584	145 
7585	123 
7586	167 
7587	203 
7588	257 
7589	44 
7590	35 
7591	127 
7592	234 
7593	25 
7594	171 
7595	117 
7596	38 
7597	1 
7598	223 
7599	232 
7600	134 
7601	204 
7602	202 
7603	100 
7604	127 
7605	273 
7606	50 
7607	87 
7608	78 
7609	227 
7610	203 
7611	78 
7612	204 
7613	112 
7614	203 
7615	126 
7616	242 
7617	151 
7618	234 
7619	202 
7620	172 
7621	203 
7622	156 
7623	66 
7624	85 
7625	3 
7626	51 
7627	204 
7628	60 
7629	225 
7630	172 
7631	79 
7632	27 
7633	116 
7634	111 
7635	266 
7636	113 
7637	70 
7638	185 
7639	230 
7640	115 
7641	268 
7642	142 
7643	100 
7644	106 
7645	36 
7646	236 
7647	163 
7648	270 
7649	226 
7650	268 
7651	241 
7652	5 
7653	212 
7654	14 
7655	66 
7656	88 
7657	134 
7658	194 
7659	97 
7660	226 
7661	234 
7662	53 
7663	207 
7664	35 
7665	70 
7666	110 
7667	277 
7668	227 
7669	147 
7670	85 
7671	5 
7672	105 
7673	154 
7674	67 
7675	253 
7676	277 
7677	217 
7678	194 
7679	156 
7680	213 
7681	14 
7682	202 
7683	26 
7684	124 
7685	144 
7686	3 
7687	185 
7688	102 
7689	142 
7690	225 
7691	277 
7692	241 
7693	227 
7694	123 
7695	64 
7696	215 
7697	214 
7698	11 
7699	41 
7700	151 
7701	20 
7702	90 
7703	181 
7704	217 
7705	201 
7706	214 
7707	86 
7708	214 
7709	208 
7710	202 
7711	175 
7712	166 
7713	60 
7714	111 
7715	162 
7716	212 
7717	40 
7718	70 
7719	84 
7720	136 
7721	172 
7722	202 
7723	142 
7724	84 
7725	97 
7726	27 
7727	142 
7728	105 
7729	255 
7730	273 
7731	134 
7732	62 
7733	97 
7734	62 
7735	53 
7736	204 
7737	27 
7738	215 
7739	270 
7740	168 
7741	88 
7742	52 
7743	69 
7744	63 
7745	91 
7746	111 
7747	115 
7748	10 
7749	79 
7750	63 
7751	225 
7752	87 
7753	142 
7754	139 
7755	20 
7756	155 
7757	60 
7758	53 
7759	216 
7760	277 
7761	90 
7762	232 
7763	81 
7764	111 
7765	17 
7766	15 
7767	90 
7768	51 
7769	122 
7770	41 
7771	175 
7772	242 
7773	101 
7774	116 
7775	15 
7776	12 
7777	117 
7778	84 
7779	5 
7780	242 
7781	272 
7782	78 
7783	225 
7784	5 
7785	69 
7786	173 
7787	142 
7788	229 
7789	123 
7790	105 
7791	91 
7792	132 
7793	163 
7794	173 
7795	181 
7796	113 
7797	173 
7798	90 
7799	207 
7800	210 
7801	50 
7802	1 
7803	167 
7804	41 
7805	272 
7806	139 
7807	143 
7808	171 
7809	213 
7810	184 
7811	111 
7812	86 
7813	112 
7814	26 
7815	173 
7816	69 
7817	185 
7818	223 
7819	215 
7820	111 
7821	242 
7822	61 
7823	215 
7824	41 
7825	25 
7826	131 
7827	196 
7828	214 
7829	106 
7830	44 
7831	90 
7832	52 
7833	63 
7834	78 
7835	96 
7836	78 
7837	26 
7838	3 
7839	210 
7840	168 
7841	236 
7842	143 
7843	190 
7844	96 
7845	5 
7846	106 
7847	255 
7848	8 
7849	112 
7850	122 
7851	215 
7852	53 
7853	28 
7854	96 
7855	194 
7856	136 
7857	61 
7858	176 
7859	69 
7860	18 
7861	234 
7862	264 
7863	139 
7864	210 
7865	109 
7866	50 
7867	273 
7868	43 
7869	194 
7870	63 
7871	43 
7872	207 
7873	85 
7874	110 
7875	85 
7876	43 
7877	134 
7878	105 
7879	268 
7880	123 
7881	17 
7882	190 
7883	25 
7884	84 
7885	236 
7886	216 
7887	1 
7888	15 
7889	3 
7890	115 
7891	214 
7892	53 
7893	151 
7894	33 
7895	179 
7896	270 
7897	171 
7898	185 
7899	227 
7900	236 
7901	134 
7902	185 
7903	201 
7904	112 
7905	117 
7906	167 
7907	53 
7908	17 
7909	3 
7910	3 
7911	257 
7912	50 
7913	253 
7914	79 
7915	87 
7916	162 
7917	277 
7918	264 
7919	18 
7920	135 
7921	139 
7922	178 
7923	3 
7924	90 
7925	264 
7926	266 
7927	87 
7928	227 
7929	3 
7930	184 
7931	70 
7932	87 
7933	172 
7934	135 
7935	26 
7936	190 
7937	163 
7938	232 
7939	175 
7940	171 
7941	163 
7942	131 
7943	18 
7944	272 
7945	40 
7946	253 
7947	237 
7948	179 
7949	134 
7950	66 
7951	236 
7952	111 
7953	150 
7954	136 
7955	1 
7956	112 
7957	235 
7958	110 
7959	226 
7960	253 
7961	203 
7962	27 
7963	78 
7964	216 
7965	277 
7966	225 
7967	109 
7968	91 
7969	139 
7970	154 
7971	184 
7972	88 
7973	165 
7974	150 
7975	184 
7976	203 
7977	150 
7978	100 
7979	110 
7980	215 
7981	50 
7982	50 
7983	173 
7984	252 
7985	272 
7986	25 
7987	214 
7988	143 
7989	226 
7990	110 
7991	173 
7992	272 
7993	33 
7994	172 
7995	18 
7996	38 
7997	52 
7998	70 
7999	178 
8000	112 
8001	36 
8002	54 
8003	264 
8004	106 
8005	97 
8006	242 
8007	36 
8008	135 
8009	81 
8010	252 
8011	15 
8012	72 
8013	25 
8014	179 
8015	273 
8016	229 
8017	186 
8018	33 
8019	134 
8020	20 
8021	232 
8022	252 
8023	88 
8024	66 
8025	36 
8026	84 
8027	100 
8028	270 
8029	172 
8030	145 
8031	109 
8032	111 
8033	207 
8034	66 
8035	143 
8036	234 
8037	171 
8038	277 
8039	154 
8040	96 
8041	33 
8042	178 
8043	176 
8044	81 
8045	111 
8046	153 
8047	229 
8048	8 
8049	25 
8050	202 
8051	181 
8052	196 
8053	86 
8054	163 
8055	11 
8056	167 
8057	165 
8058	242 
8059	163 
8060	215 
8061	115 
8062	105 
8063	115 
8064	106 
8065	235 
8066	145 
8067	79 
8068	203 
8069	101 
8070	217 
8071	155 
8072	237 
8073	217 
8074	54 
8075	100 
8076	109 
8077	236 
8078	277 
8079	134 
8080	33 
8081	277 
8082	73 
8083	176 
8084	257 
8085	179 
8086	131 
8087	134 
8088	268 
8089	184 
8090	236 
8091	165 
8092	203 
8093	223 
8094	130 
8095	136 
8096	236 
8097	176 
8098	52 
8099	27 
8100	204 
8101	54 
8102	78 
8103	73 
8104	90 
8105	216 
8106	172 
8107	252 
8108	204 
8109	266 
8110	122 
8111	88 
8112	132 
8113	171 
8114	66 
8115	117 
8116	196 
8117	73 
8118	194 
8119	143 
8120	225 
8121	43 
8122	102 
8123	102 
8124	132 
8125	51 
8126	150 
8127	185 
8128	41 
8129	52 
8130	171 
8131	101 
8132	52 
8133	97 
8134	3 
8135	202 
8136	62 
8137	253 
8138	70 
8139	70 
8140	134 
8141	127 
8142	25 
8143	44 
8144	17 
8145	155 
8146	116 
8147	100 
8148	27 
8149	69 
8150	184 
8151	257 
8152	40 
8153	235 
8154	277 
8155	194 
8156	12 
8157	203 
8158	131 
8159	88 
8160	145 
8161	3 
8162	216 
8163	175 
8164	110 
8165	226 
8166	172 
8167	151 
8168	277 
8169	217 
8170	117 
8171	54 
8172	225 
8173	72 
8174	18 
8175	190 
8176	117 
8177	136 
8178	117 
8179	80 
8180	96 
8181	73 
8182	236 
8183	70 
8184	79 
8185	131 
8186	50 
8187	277 
8188	25 
8189	63 
8190	241 
8191	38 
8192	216 
8193	124 
8194	143 
8195	213 
8196	223 
8197	80 
8198	135 
8199	242 
8200	33 
8201	225 
8202	171 
8203	272 
8204	173 
8205	194 
8206	196 
8207	223 
8208	3 
8209	10 
8210	132 
8211	134 
8212	178 
8213	36 
8214	272 
8215	40 
8216	196 
8217	139 
8218	44 
8219	117 
8220	242 
8221	242 
8222	155 
8223	123 
8224	50 
8225	207 
8226	72 
8227	172 
8228	64 
8229	213 
8230	123 
8231	162 
8232	44 
8233	78 
8234	173 
8235	201 
8236	20 
8237	81 
8238	110 
8239	236 
8240	25 
8241	242 
8242	185 
8243	53 
8244	61 
8245	176 
8246	229 
8247	53 
8248	207 
8249	179 
8250	162 
8251	111 
8252	204 
8253	213 
8254	79 
8255	166 
8256	124 
8257	235 
8258	166 
8259	266 
8260	181 
8261	165 
8262	80 
8263	110 
8264	66 
8265	186 
8266	18 
8267	175 
8268	196 
8269	70 
8270	97 
8271	61 
8272	150 
8273	232 
8274	272 
8275	165 
8276	111 
8277	142 
8278	110 
8279	207 
8280	230 
8281	10 
8282	90 
8283	273 
8284	186 
8285	253 
8286	15 
8287	131 
8288	184 
8289	273 
8290	253 
8291	216 
8292	1 
8293	237 
8294	69 
8295	97 
8296	230 
8297	145 
8298	80 
8299	10 
8300	165 
8301	229 
8302	50 
8303	266 
8304	153 
8305	272 
8306	36 
8307	69 
8308	102 
8309	62 
8310	237 
8311	112 
8312	142 
8313	63 
8314	33 
8315	131 
8316	100 
8317	135 
8318	110 
8319	202 
8320	166 
8321	51 
8322	232 
8323	230 
8324	181 
8325	87 
8326	69 
8327	50 
8328	11 
8329	41 
8330	178 
8331	257 
8332	230 
8333	70 
8334	213 
8335	204 
8336	204 
8337	181 
8338	52 
8339	38 
8340	54 
8341	101 
8342	207 
8343	44 
8344	10 
8345	266 
8346	230 
8347	227 
8348	178 
8349	113 
8350	201 
8351	61 
8352	179 
8353	52 
8354	142 
8355	154 
8356	51 
8357	153 
8358	50 
8359	217 
8360	115 
8361	145 
8362	100 
8363	12 
8364	101 
8365	106 
8366	150 
8367	154 
8368	272 
8369	253 
8370	38 
8371	122 
8372	52 
8373	171 
8374	84 
8375	215 
8376	12 
8377	110 
8378	62 
8379	50 
8380	105 
8381	54 
8382	100 
8383	115 
8384	115 
8385	178 
8386	272 
8387	172 
8388	79 
8389	53 
8390	122 
8391	229 
8392	81 
8393	178 
8394	79 
8395	64 
8396	239 
8397	1 
8398	15 
8399	273 
8400	268 
8401	88 
8402	163 
8403	234 
8404	79 
8405	115 
8406	61 
8407	268 
8408	63 
8409	176 
8410	277 
8411	178 
8412	150 
8413	270 
8414	185 
8415	79 
8416	163 
8417	176 
8418	196 
8419	179 
8420	184 
8421	277 
8422	101 
8423	175 
8424	237 
8425	185 
8426	134 
8427	113 
8428	239 
8429	127 
8430	229 
8431	273 
8432	96 
8433	97 
8434	90 
8435	18 
8436	277 
8437	63 
8438	69 
8439	132 
8440	268 
8441	33 
8442	277 
8443	109 
8444	111 
8445	115 
8446	162 
8447	166 
8448	145 
8449	1 
8450	142 
8451	216 
8452	163 
8453	69 
8454	106 
8455	54 
8456	131 
8457	217 
8458	176 
8459	61 
8460	154 
8461	27 
8462	51 
8463	12 
8464	12 
8465	80 
8466	105 
8467	201 
8468	264 
8469	171 
8470	84 
8471	81 
8472	163 
8473	123 
8474	18 
8475	186 
8476	27 
8477	88 
8478	90 
8479	239 
8480	27 
8481	253 
8482	123 
8483	202 
8484	234 
8485	127 
8486	204 
8487	113 
8488	122 
8489	96 
8490	105 
8491	277 
8492	97 
8493	150 
8494	79 
8495	162 
8496	268 
8497	117 
8498	172 
8499	124 
8500	10 
8501	166 
8502	171 
8503	272 
8504	239 
8505	171 
8506	184 
8507	18 
8508	151 
8509	270 
8510	27 
8511	111 
8512	176 
8513	54 
8514	155 
8515	80 
8516	88 
8517	253 
8518	176 
8519	78 
8520	54 
8521	105 
8522	237 
8523	127 
8524	97 
8525	61 
8526	116 
8527	252 
8528	122 
8529	230 
8530	62 
8531	25 
8532	132 
8533	117 
8534	70 
8535	123 
8536	27 
8537	80 
8538	79 
8539	52 
8540	163 
8541	264 
8542	27 
8543	229 
8544	239 
8545	277 
8546	257 
8547	11 
8548	81 
8549	186 
8550	132 
8551	69 
8552	116 
8553	179 
8554	10 
8555	196 
8556	12 
8557	173 
8558	176 
8559	110 
8560	207 
8561	132 
8562	232 
8563	204 
8564	186 
8565	202 
8566	163 
8567	176 
8568	155 
8569	53 
8570	44 
8571	232 
8572	223 
8573	11 
8574	109 
8575	27 
8576	241 
8577	277 
8578	202 
8579	203 
8580	166 
8581	139 
8582	116 
8583	175 
8584	171 
8585	202 
8586	163 
8587	84 
8588	61 
8589	270 
8590	270 
8591	116 
8592	143 
8593	109 
8594	62 
8595	272 
8596	18 
8597	63 
8598	87 
8599	252 
8600	135 
8601	102 
8602	272 
8603	232 
8604	223 
8605	52 
8606	166 
8607	12 
8608	186 
8609	90 
8610	253 
8611	131 
8612	81 
8613	237 
8614	166 
8615	257 
8616	234 
8617	257 
8618	155 
8619	81 
8620	143 
8621	10 
8622	226 
8623	38 
8624	18 
8625	186 
8626	113 
8627	81 
8628	101 
8629	116 
8630	155 
8631	181 
8632	135 
8633	151 
8634	123 
8635	143 
8636	257 
8637	127 
8638	239 
8639	97 
8640	111 
8641	78 
8642	237 
8643	252 
8644	235 
8645	194 
8646	3 
8647	155 
8648	172 
8649	171 
8650	33 
8651	225 
8652	225 
8653	237 
8654	194 
8655	166 
8656	64 
8657	18 
8658	241 
8659	18 
8660	253 
8661	51 
8662	273 
8663	142 
8664	139 
8665	203 
8666	50 
8667	131 
8668	80 
8669	232 
8670	135 
8671	185 
8672	272 
8673	175 
8674	112 
8675	116 
8676	268 
8677	25 
8678	166 
8679	226 
8680	101 
8681	145 
8682	175 
8683	112 
8684	229 
8685	113 
8686	10 
8687	113 
8688	27 
8689	50 
8690	81 
8691	41 
8692	215 
8693	132 
8694	97 
8695	268 
8696	105 
8697	1 
8698	184 
8699	252 
8700	81 
8701	175 
8702	33 
8703	151 
8704	69 
8705	110 
8706	109 
8707	202 
8708	176 
8709	33 
8710	273 
8711	242 
8712	69 
8713	122 
8714	110 
8715	145 
8716	241 
8717	143 
8718	88 
8719	1 
8720	81 
8721	127 
8722	78 
8723	102 
8724	181 
8725	17 
8726	143 
8727	217 
8728	122 
8729	97 
8730	143 
8731	268 
8732	27 
8733	181 
8734	117 
8735	10 
8736	124 
8737	11 
8738	25 
8739	217 
8740	97 
8741	131 
8742	207 
8743	17 
8744	115 
8745	110 
8746	15 
8747	242 
8748	84 
8749	242 
8750	266 
8751	27 
8752	78 
8753	131 
8754	235 
8755	229 
8756	186 
8757	90 
8758	226 
8759	124 
8760	88 
8761	241 
8762	273 
8763	106 
8764	41 
8765	196 
8766	257 
8767	225 
8768	166 
8769	131 
8770	277 
8771	207 
8772	97 
8773	122 
8774	17 
8775	268 
8776	268 
8777	132 
8778	178 
8779	252 
8780	186 
8781	235 
8782	84 
8783	213 
8784	143 
8785	36 
8786	3 
8787	155 
8788	181 
8789	277 
8790	186 
8791	266 
8792	178 
8793	1 
8794	264 
8795	17 
8796	226 
8797	87 
8798	87 
8799	102 
8800	150 
8801	63 
8802	186 
8803	69 
8804	52 
8805	145 
8806	165 
8807	3 
8808	41 
8809	106 
8810	88 
8811	213 
8812	10 
8813	123 
8814	106 
8815	36 
8816	36 
8817	101 
8818	27 
8819	115 
8820	62 
8821	175 
8822	172 
8823	185 
8824	79 
8825	38 
8826	270 
8827	150 
8828	79 
8829	139 
8830	66 
8831	127 
8832	162 
8833	226 
8834	154 
8835	213 
8836	11 
8837	124 
8838	105 
8839	64 
8840	78 
8841	44 
8842	12 
8843	102 
8844	127 
8845	64 
8846	217 
8847	122 
8848	241 
8849	122 
8850	84 
8851	81 
8852	225 
8853	113 
8854	17 
8855	226 
8856	150 
8857	171 
8858	106 
8859	63 
8860	84 
8861	105 
8862	105 
8863	225 
8864	272 
8865	194 
8866	176 
8867	90 
8868	151 
8869	232 
8870	1 
8871	154 
8872	124 
8873	241 
8874	11 
8875	226 
8876	266 
8877	154 
8878	273 
8879	109 
8880	3 
8881	232 
8882	257 
8883	257 
8884	266 
8885	51 
8886	18 
8887	213 
8888	88 
8889	232 
8890	17 
8891	27 
8892	53 
8893	150 
8894	127 
8895	252 
8896	27 
8897	17 
8898	234 
8899	50 
8900	112 
8901	184 
8902	17 
8903	25 
8904	242 
8905	18 
8906	163 
8907	69 
8908	175 
8909	184 
8910	105 
8911	213 
8912	11 
8913	226 
8914	151 
8915	1 
8916	109 
8917	87 
8918	111 
8919	213 
8920	41 
8921	272 
8922	113 
8923	27 
8924	257 
8925	154 
8926	242 
8927	194 
8928	142 
8929	62 
8930	122 
8931	229 
8932	165 
8933	106 
8934	38 
8935	78 
8936	172 
8937	151 
8938	88 
8939	252 
8940	41 
8941	277 
8942	123 
8943	270 
8944	181 
8945	84 
8946	50 
8947	33 
8948	50 
8949	36 
8950	225 
8951	273 
8952	54 
8953	124 
8954	84 
8955	122 
8956	110 
8957	17 
8958	87 
8959	66 
8960	123 
8961	163 
8962	270 
8963	185 
8964	232 
8965	17 
8966	25 
8967	106 
8968	127 
8969	88 
8970	268 
8971	44 
8972	11 
8973	88 
8974	252 
8975	252 
8976	41 
8977	112 
8978	234 
8979	17 
8980	3 
8981	66 
8982	165 
8983	90 
8984	165 
8985	124 
8986	196 
8987	154 
8988	15 
8989	229 
8990	165 
8991	242 
8992	242 
8993	165 
8994	176 
8995	194 
8996	273 
8997	70 
8998	112 
8999	273 
9000	143 
9001	106 
9002	202 
9003	97 
9004	50 
9005	66 
9006	176 
9007	25 
9008	150 
9009	196 
9010	101 
9011	41 
9012	226 
9013	213 
9014	123 
9015	79 
9016	132 
9017	151 
9018	273 
9019	175 
9020	105 
9021	241 
9022	213 
9023	155 
9024	79 
9025	225 
9026	78 
9027	234 
9028	142 
9029	172 
9030	165 
9031	18 
9032	139 
9033	145 
9034	270 
9035	112 
9036	25 
9037	78 
9038	151 
9039	124 
9040	154 
9041	165 
9042	154 
9043	110 
9044	90 
9045	101 
9046	242 
9047	204 
9048	270 
9049	97 
9050	143 
9051	70 
9052	202 
9053	194 
9054	102 
9055	176 
9056	1 
9057	109 
9058	277 
9059	12 
9060	257 
9061	186 
9062	15 
9063	51 
9064	155 
9065	165 
9066	117 
9067	70 
9068	18 
9069	194 
9070	277 
9071	44 
9072	36 
9073	127 
9074	79 
9075	241 
9076	270 
9077	15 
9078	165 
9079	78 
9080	1 
9081	266 
9082	64 
9083	204 
9084	64 
9085	78 
9086	143 
9087	18 
9088	115 
9089	175 
9090	69 
9091	44 
9092	268 
9093	204 
9094	87 
9095	62 
9096	154 
9097	52 
9098	69 
9099	223 
9100	106 
9101	194 
9102	123 
9103	41 
9104	163 
9105	80 
9106	11 
9107	277 
9108	178 
9109	213 
9110	3 
9111	132 
9112	12 
9113	97 
9114	266 
9115	145 
9116	41 
9117	139 
9118	232 
9119	150 
9120	109 
9121	84 
9122	150 
9123	204 
9124	112 
9125	110 
9126	87 
9127	277 
9128	102 
9129	84 
9130	1 
9131	109 
9132	87 
9133	102 
9134	97 
9135	101 
9136	62 
9137	17 
9138	51 
9139	11 
9140	270 
9141	252 
9142	213 
9143	229 
9144	204 
9145	273 
9146	102 
9147	18 
9148	80 
9149	186 
9150	102 
9151	186 
9152	123 
9153	44 
9154	109 
9155	124 
9156	12 
9157	270 
9158	123 
9159	66 
9160	185 
9161	62 
9162	66 
9163	115 
9164	185 
9165	273 
9166	241 
9167	226 
9168	66 
9169	139 
9170	132 
9171	266 
9172	80 
9173	181 
9174	50 
9175	172 
9176	185 
9177	232 
9178	176 
9179	18 
9180	44 
9181	110 
9182	27 
9183	116 
9184	52 
9185	33 
9186	151 
9187	175 
9188	178 
9189	178 
9190	80 
9191	112 
9192	3 
9193	225 
9194	181 
9195	64 
9196	151 
9197	87 
9198	242 
9199	226 
9200	257 
9201	3 
9202	44 
9203	175 
9204	12 
9205	64 
9206	242 
9207	110 
9208	175 
9209	270 
9210	11 
9211	202 
9212	270 
9213	109 
9214	242 
9215	15 
9216	178 
9217	127 
9218	87 
9219	115 
9220	69 
9221	90 
9222	52 
9223	185 
9224	117 
9225	51 
9226	181 
9227	165 
9228	172 
9229	234 
9230	232 
9231	66 
9232	18 
9233	225 
9234	139 
9235	213 
9236	33 
9237	175 
9238	175 
9239	1 
9240	273 
9241	102 
9242	234 
9243	139 
9244	142 
9245	213 
9246	11 
9247	270 
9248	142 
9249	213 
9250	123 
9251	110 
9252	172 
9253	62 
9254	69 
9255	97 
9256	124 
9257	142 
9258	226 
9259	257 
9260	226 
9261	268 
9262	78 
9263	33 
9264	165 
9265	84 
9266	185 
9267	175 
9268	270 
9269	33 
9270	226 
9271	52 
9272	213 
9273	252 
9274	27 
9275	252 
9276	110 
9277	122 
9278	117 
9279	266 
9280	1 
9281	41 
9282	202 
9283	15 
9284	225 
9285	139 
9286	27 
9287	242 
9288	18 
9289	172 
9290	139 
9291	80 
9292	196 
9293	186 
9294	18 
9295	90 
9296	84 
9297	145 
9298	172 
9299	116 
9300	41 
9301	252 
9302	223 
9303	142 
9304	117 
9305	270 
9306	142 
9307	102 
9308	154 
9309	70 
9310	51 
9311	51 
9312	145 
9313	154 
9314	145 
9315	181 
9316	78 
9317	27 
9318	79 
9319	229 
9320	196 
9321	18 
9322	64 
9323	196 
9324	142 
9325	102 
9326	165 
9327	229 
9328	223 
9329	117 
9330	115 
9331	97 
9332	80 
9333	172 
9334	84 
9335	151 
9336	241 
9337	270 
9338	78 
9339	270 
9340	185 
9341	268 
9342	70 
9343	69 
9344	12 
9345	145 
9346	277 
9347	115 
9348	88 
9349	186 
9350	109 
9351	172 
9352	51 
9353	241 
9354	101 
9355	176 
9356	127 
9357	117 
9358	229 
9359	172 
9360	105 
9361	186 
9362	181 
9363	27 
9364	97 
9365	112 
9366	105 
9367	87 
9368	196 
9369	172 
9370	88 
9371	163 
9372	273 
9373	232 
9374	12 
9375	178 
9376	79 
9377	15 
9378	252 
9379	196 
9380	241 
9381	151 
9382	226 
9383	127 
9384	3 
9385	175 
9386	154 
9387	223 
9388	225 
9389	204 
9390	12 
9391	70 
9392	139 
9393	90 
9394	1 
9395	151 
9396	139 
9397	102 
9398	204 
9399	226 
9400	194 
9401	90 
9402	266 
9403	44 
9404	41 
9405	232 
9406	223 
9407	109 
9408	196 
9409	1 
9410	204 
9411	66 
9412	229 
9413	223 
9414	110 
9415	84 
9416	181 
9417	268 
9418	1 
9419	33 
9420	80 
9421	225 
9422	124 
9423	178 
9424	270 
9425	186 
9426	102 
9427	15 
9428	27 
9429	102 
9430	64 
9431	196 
9432	123 
9433	123 
9434	178 
9435	175 
9436	196 
9437	44 
9438	151 
9439	51 
9440	196 
9441	41 
9442	106 
9443	18 
9444	175 
9445	163 
9446	117 
9447	12 
9448	139 
9449	101 
9450	204 
9451	151 
9452	97 
9453	15 
9454	50 
9455	123 
9456	176 
9457	112 
9458	226 
9459	122 
9460	123 
9461	117 
9462	97 
9463	90 
9464	64 
9465	11 
9466	102 
9467	64 
9468	102 
9469	196 
9470	33 
9471	178 
9472	252 
9473	70 
9474	27 
9475	172 
9476	176 
9477	66 
9478	252 
9479	1 
9480	106 
9481	270 
9482	172 
9483	15 
9484	51 
9485	194 
9486	84 
9487	101 
9488	145 
9489	87 
9490	266 
9491	185 
9492	176 
9493	232 
9494	252 
9495	66 
9496	3 
9497	204 
9498	117 
9499	229 
9500	252 
9501	84 
9502	50 
9503	122 
9504	106 
9505	175 
9506	175 
9507	232 
9508	181 
9509	50 
9510	112 
9511	27 
9512	223 
9513	154 
9514	139 
9515	12 
9516	112 
9517	3 
9518	88 
9519	50 
9520	185 
9521	154 
9522	225 
9523	277 
9524	109 
9525	109 
9526	151 
9527	176 
9528	87 
9529	186 
9530	151 
9531	110 
9532	204 
9533	268 
9534	112 
9535	196 
9536	252 
9537	124 
9538	84 
9539	87 
9540	51 
9541	232 
9542	181 
9543	44 
9544	66 
9545	178 
9546	196 
9547	50 
9548	106 
9549	80 
9550	87 
9551	175 
9552	178 
9553	27 
9554	175 
9555	41 
9556	80 
9557	51 
9558	186 
9559	88 
9560	145 
9561	229 
9562	3 
9563	12 
9564	165 
9565	90 
9566	115 
9567	181 
9568	145 
9569	27 
9570	88 
9571	163 
9572	115 
9573	11 
9574	66 
9575	80 
9576	273 
9577	110 
9578	84 
9579	15 
9580	181 
9581	70 
9582	123 
9583	90 
9584	12 
9585	176 
9586	178 
9587	226 
9588	225 
9589	229 
9590	225 
9591	110 
9592	186 
9593	112 
9594	124 
9595	123 
9596	196 
9597	268 
9598	202 
9599	202 
9600	229 
9601	225 
9602	11 
9603	268 
9604	117 
9605	176 
9606	165 
9607	122 
9608	202 
9609	3 
9610	229 
9611	109 
9612	88 
9613	232 
9614	88 
9615	277 
9616	70 
9617	122 
9618	11 
9619	110 
9620	41 
9621	196 
9622	181 
9623	64 
9624	115 
9625	185 
9626	41 
9627	226 
9628	175 
9629	202 
9630	90 
9631	109 
9632	268 
9633	122 
9634	178 
9635	181 
9636	44 
9637	277 
9638	117 
9639	90 
9640	273 
9641	11 
9642	110 
9643	66 
9644	90 
9645	112 
9646	178 
9647	90 
9648	268 
9649	186 
9650	112 
9651	186 
9652	106 
9653	110 
9654	175 
9655	196 
9656	232 
9657	115 
9658	181 
9659	232 
9660	115 
9661	110 
9662	202 
9663	84 
9664	165 
9665	66 
9666	70 
9667	196 
9668	181 
9669	226 
9670	115 
9671	80 
9672	268 
9673	175 
9674	27 
9675	78 
9676	268 
9677	64 
9678	115 
9679	196 
9680	88 
9681	122 
9682	229 
9683	145 
9684	109 
9685	109 
9686	70 
9687	186 
9688	88 
9689	97 
9690	202 
9691	51 
9692	226 
9693	226 
9694	181 
9695	277 
9696	44 
9697	88 
9698	196 
9699	122 
9700	87 
9701	112 
9702	27 
9703	97 
9704	123 
9705	106 
9706	232 
9707	123 
9708	84 
9709	109 
9710	51 
9711	97 
9712	202 
9713	66 
9714	109 
9715	80 
9716	181 
9717	268 
9718	64 
9719	112 
9720	90 
9721	1 
9722	109 
9723	277 
9724	78 
9725	112 
9726	194 
9727	78 
9728	186 
9729	44 
9730	185 
9731	194 
9732	97 
9733	229 
9734	44 
9735	115 
9736	88 
9737	97 
9738	1 
9739	70 
9740	64 
9741	64 
9742	115 
9743	70 
9744	44 
9745	226 
9746	117 
9747	106 
9748	70 
9749	124 
9750	124 
9751	196 
9752	123 
9753	196 
9754	186 
9755	88 
9756	97 
9757	106 
9758	87 
9759	88 
9760	88 
9761	196 
9762	44 
9763	78 
9764	277 
9765	88 
9766	87 
9767	277 
9768	18 
9769	232 
9770	87 
9771	51 
9772	123 
9773	106 
9774	18 
9775	185 
9776	232 
9777	202 
9778	1 
9779	123 
9780	202 
9781	27 
9782	112 
9783	1 
9784	78 
9785	78 
9786	202 
9787	66 
9788	109 
9789	194 
9790	277 
9791	181 
9792	27 
9793	90 
9794	70 
9795	229 
9796	1 
9797	202 
9798	1 
9799	66 
9800	18 
9801	202 
9802	88 
9803	196 
9804	117 
9805	196 
9806	186 
9807	181 
9808	181 
9809	87 
9810	87 
9811	123 
9812	87 
9813	109 
9814	277 
9815	90 
9816	202 
9817	186 
9818	90 
9819	109 
9820	66 
9821	88 
9822	232 
9823	181 
9824	84 
9825	27 
9826	66 
9827	1 
9828	70 
9829	64 
9830	27 
9831	84 
9832	225 
9833	66 
9834	87 
9835	64 
9836	66 
9837	80 
9838	18 
9839	18 
9840	109 
9841	70 
9842	66 
9843	115 
9844	1 
9845	232 
9846	194 
9847	123 
9848	123 
9849	202 
9850	18 
9851	186 
9852	225 
9853	181 
9854	97 
9855	88 
9856	123 
9857	186 
9858	66 
9859	229 
9860	229 
9861	109 
9862	88 
9863	70 
9864	185 
9865	123 
9866	232 
9867	80 
9868	18 
9869	27 
9870	97 
9871	90 
9872	232 
9873	181 
9874	84 
9875	124 
9876	232 
9877	115 
9878	115 
9879	194 
9880	1 
9881	109 
9882	202 
9883	181 
9884	277 
9885	80 
9886	80 
9887	181 
9888	88 
9889	18 
9890	44 
9891	64 
9892	66 
9893	202 
9894	87 
9895	97 
9896	202 
9897	97 
9898	115 
9899	106 
9900	44 
9901	194 
9902	109 
9903	232 
9904	185 
9905	106 
9906	232 
9907	194 
9908	106 
9909	277 
9910	64 
9911	97 
9912	186 
9913	277 
9914	44 
9915	185 
9916	225 
9917	97 
9918	109 
9919	124 
9920	90 
9921	97 
9922	97 
9923	88 
9924	97 
9925	44 
9926	44 
9927	18 
9928	64 
9929	87 
9930	88 
9931	232 
9932	44 
9933	115 
9934	80 
9935	80 
9936	87 
9937	70 
9938	18 
9939	186 
9940	109 
9941	90 
9942	70 
9943	124 
9944	186 
9945	106 
9946	109 
9947	87 
9948	88 
9949	124 
9950	44 
9951	194 
9952	194 
9953	87 
9954	202 
9955	185 
9956	194 
9957	90 
9958	225 
9959	232 
9960	185 
9961	106 
9962	106 
9963	185 
9964	106 
9965	88 
9966	106 
9967	18 
9968	106 
9969	185 
9970	225 
9971	80 
9972	87 
9973	90 
9974	277 
9975	97 
9976	87 
9977	1 
9978	106 
9979	225 
9980	90 
9981	225 
9982	232 
9983	44 
9984	44 
9985	88 
9986	44 
9987	186 
9988	80 
9989	90 
9990	18 
9991	202 
9992	277 
9993	225 
9994	1 
9995	225 
9996	90 
9997	106 
9998	109 
9999	87 
10000	277 
