1	151 
2	319 
3	41 
4	108 
5	326 
6	160 
7	79 
8	306 
9	132 
10	204 
11	48 
12	84 
13	317 
14	139 
15	284 
16	120 
17	110 
18	46 
19	289 
20	318 
21	125 
22	262 
23	320 
24	131 
25	331 
26	191 
27	254 
28	16 
29	3 
30	91 
31	242 
32	306 
33	319 
34	49 
35	35 
36	87 
37	155 
38	194 
39	28 
40	268 
41	192 
42	3 
43	121 
44	248 
45	119 
46	152 
47	112 
48	253 
49	201 
50	10 
51	30 
52	10 
53	144 
54	307 
55	117 
56	19 
57	82 
58	161 
59	147 
60	100 
61	115 
62	36 
63	287 
64	257 
65	331 
66	138 
67	127 
68	114 
69	260 
70	147 
71	192 
72	299 
73	97 
74	218 
75	142 
76	37 
77	244 
78	268 
79	94 
80	310 
81	308 
82	160 
83	326 
84	190 
85	132 
86	97 
87	67 
88	324 
89	321 
90	310 
91	124 
92	25 
93	168 
94	15 
95	39 
96	243 
97	192 
98	277 
99	224 
100	123 
101	67 
102	277 
103	291 
104	178 
105	46 
106	19 
107	314 
108	30 
109	310 
110	302 
111	41 
112	150 
113	270 
114	190 
115	340 
116	279 
117	75 
118	147 
119	249 
120	148 
121	225 
122	220 
123	200 
124	274 
125	17 
126	242 
127	222 
128	1 
129	335 
130	329 
131	40 
132	141 
133	158 
134	236 
135	103 
136	66 
137	170 
138	268 
139	43 
140	300 
141	13 
142	187 
143	246 
144	56 
145	180 
146	221 
147	38 
148	91 
149	315 
150	190 
151	200 
152	68 
153	328 
154	250 
155	319 
156	84 
157	42 
158	247 
159	253 
160	319 
161	39 
162	238 
163	172 
164	253 
165	122 
166	320 
167	305 
168	38 
169	249 
170	39 
171	77 
172	124 
173	271 
174	190 
175	56 
176	48 
177	105 
178	69 
179	168 
180	295 
181	321 
182	17 
183	126 
184	308 
185	7 
186	270 
187	69 
188	329 
189	144 
190	334 
191	263 
192	333 
193	246 
194	321 
195	262 
196	231 
197	183 
198	13 
199	128 
200	326 
201	242 
202	242 
203	53 
204	146 
205	312 
206	291 
207	310 
208	204 
209	330 
210	27 
211	300 
212	181 
213	229 
214	31 
215	187 
216	111 
217	235 
218	263 
219	287 
220	285 
221	263 
222	255 
223	42 
224	152 
225	224 
226	323 
227	294 
228	291 
229	103 
230	247 
231	76 
232	263 
233	248 
234	271 
235	280 
236	161 
237	143 
238	241 
239	38 
240	257 
241	241 
242	98 
243	223 
244	160 
245	236 
246	4 
247	134 
248	292 
249	161 
250	130 
251	71 
252	38 
253	22 
254	199 
255	23 
256	37 
257	106 
258	151 
259	161 
260	255 
261	212 
262	148 
263	273 
264	29 
265	282 
266	52 
267	109 
268	170 
269	9 
270	99 
271	272 
272	239 
273	59 
274	335 
275	331 
276	79 
277	143 
278	307 
279	325 
280	292 
281	315 
282	106 
283	11 
284	5 
285	151 
286	289 
287	34 
288	301 
289	275 
290	29 
291	269 
292	221 
293	11 
294	222 
295	300 
296	270 
297	217 
298	201 
299	260 
300	148 
301	53 
302	116 
303	204 
304	327 
305	272 
306	181 
307	228 
308	265 
309	31 
310	133 
311	39 
312	83 
313	285 
314	301 
315	88 
316	161 
317	336 
318	279 
319	268 
320	248 
321	193 
322	275 
323	299 
324	65 
325	59 
326	218 
327	3 
328	191 
329	314 
330	221 
331	234 
332	67 
333	192 
334	271 
335	241 
336	286 
337	252 
338	60 
339	290 
340	236 
341	264 
342	18 
343	149 
344	204 
345	7 
346	295 
347	144 
348	211 
349	156 
350	273 
351	321 
352	92 
353	265 
354	254 
355	10 
356	277 
357	50 
358	104 
359	138 
360	203 
361	340 
362	197 
363	320 
364	244 
365	213 
366	198 
367	275 
368	230 
369	130 
370	161 
371	10 
372	243 
373	235 
374	207 
375	211 
376	185 
377	288 
378	262 
379	79 
380	270 
381	222 
382	340 
383	170 
384	103 
385	250 
386	138 
387	80 
388	206 
389	96 
390	304 
391	80 
392	320 
393	118 
394	17 
395	75 
396	313 
397	128 
398	168 
399	95 
400	55 
401	63 
402	156 
403	236 
404	56 
405	130 
406	65 
407	138 
408	244 
409	113 
410	17 
411	57 
412	225 
413	49 
414	292 
415	140 
416	309 
417	222 
418	318 
419	179 
420	231 
421	218 
422	277 
423	72 
424	285 
425	155 
426	68 
427	245 
428	82 
429	191 
430	131 
431	335 
432	226 
433	287 
434	51 
435	42 
436	144 
437	243 
438	216 
439	107 
440	169 
441	60 
442	270 
443	274 
444	9 
445	132 
446	119 
447	137 
448	241 
449	311 
450	289 
451	251 
452	68 
453	261 
454	183 
455	227 
456	333 
457	88 
458	70 
459	227 
460	122 
461	289 
462	118 
463	118 
464	106 
465	262 
466	160 
467	105 
468	233 
469	57 
470	332 
471	159 
472	176 
473	64 
474	8 
475	222 
476	299 
477	45 
478	110 
479	158 
480	101 
481	50 
482	210 
483	178 
484	232 
485	103 
486	80 
487	120 
488	247 
489	19 
490	166 
491	27 
492	225 
493	48 
494	82 
495	302 
496	211 
497	105 
498	312 
499	329 
500	103 
501	156 
502	9 
503	22 
504	35 
505	321 
506	169 
507	36 
508	250 
509	324 
510	97 
511	233 
512	242 
513	192 
514	221 
515	10 
516	187 
517	228 
518	126 
519	309 
520	215 
521	266 
522	245 
523	215 
524	59 
525	26 
526	189 
527	173 
528	41 
529	241 
530	34 
531	76 
532	318 
533	333 
534	105 
535	4 
536	318 
537	37 
538	329 
539	226 
540	155 
541	177 
542	42 
543	152 
544	103 
545	10 
546	194 
547	100 
548	272 
549	324 
550	212 
551	204 
552	5 
553	292 
554	93 
555	228 
556	180 
557	89 
558	166 
559	233 
560	114 
561	201 
562	128 
563	18 
564	225 
565	220 
566	177 
567	71 
568	250 
569	68 
570	199 
571	117 
572	38 
573	204 
574	7 
575	127 
576	221 
577	97 
578	305 
579	74 
580	44 
581	206 
582	59 
583	248 
584	227 
585	43 
586	3 
587	31 
588	110 
589	155 
590	339 
591	19 
592	28 
593	111 
594	191 
595	222 
596	233 
597	20 
598	322 
599	39 
600	85 
601	21 
602	294 
603	335 
604	306 
605	19 
606	152 
607	279 
608	203 
609	257 
610	126 
611	244 
612	257 
613	22 
614	74 
615	209 
616	248 
617	278 
618	114 
619	259 
620	120 
621	233 
622	272 
623	317 
624	42 
625	87 
626	103 
627	325 
628	72 
629	297 
630	212 
631	187 
632	213 
633	228 
634	12 
635	106 
636	273 
637	64 
638	3 
639	318 
640	34 
641	42 
642	66 
643	336 
644	292 
645	310 
646	235 
647	238 
648	255 
649	288 
650	118 
651	43 
652	119 
653	206 
654	160 
655	138 
656	111 
657	1 
658	150 
659	117 
660	217 
661	85 
662	266 
663	239 
664	106 
665	309 
666	114 
667	265 
668	308 
669	333 
670	170 
671	25 
672	92 
673	3 
674	267 
675	168 
676	148 
677	260 
678	23 
679	122 
680	45 
681	27 
682	317 
683	333 
684	222 
685	38 
686	181 
687	281 
688	110 
689	210 
690	142 
691	237 
692	128 
693	171 
694	203 
695	59 
696	319 
697	280 
698	122 
699	108 
700	44 
701	18 
702	293 
703	275 
704	298 
705	301 
706	61 
707	315 
708	292 
709	329 
710	273 
711	308 
712	251 
713	176 
714	196 
715	216 
716	225 
717	330 
718	66 
719	46 
720	107 
721	12 
722	91 
723	320 
724	73 
725	94 
726	142 
727	275 
728	81 
729	292 
730	10 
731	143 
732	270 
733	181 
734	241 
735	172 
736	155 
737	12 
738	120 
739	155 
740	232 
741	104 
742	249 
743	196 
744	131 
745	114 
746	327 
747	53 
748	6 
749	103 
750	180 
751	270 
752	89 
753	71 
754	176 
755	244 
756	315 
757	240 
758	198 
759	278 
760	153 
761	137 
762	73 
763	125 
764	312 
765	24 
766	325 
767	205 
768	47 
769	57 
770	206 
771	144 
772	334 
773	45 
774	154 
775	336 
776	315 
777	291 
778	214 
779	9 
780	147 
781	194 
782	248 
783	137 
784	318 
785	29 
786	64 
787	251 
788	92 
789	297 
790	157 
791	228 
792	158 
793	145 
794	8 
795	325 
796	89 
797	31 
798	102 
799	200 
800	77 
801	202 
802	139 
803	126 
804	139 
805	207 
806	139 
807	97 
808	140 
809	32 
810	90 
811	106 
812	122 
813	201 
814	279 
815	202 
816	130 
817	180 
818	126 
819	16 
820	126 
821	126 
822	301 
823	96 
824	38 
825	165 
826	181 
827	313 
828	286 
829	245 
830	79 
831	271 
832	275 
833	228 
834	152 
835	73 
836	185 
837	130 
838	50 
839	54 
840	166 
841	256 
842	62 
843	321 
844	139 
845	189 
846	315 
847	303 
848	135 
849	102 
850	262 
851	103 
852	292 
853	40 
854	248 
855	161 
856	134 
857	318 
858	99 
859	47 
860	205 
861	73 
862	204 
863	114 
864	312 
865	7 
866	99 
867	224 
868	174 
869	254 
870	261 
871	241 
872	80 
873	100 
874	77 
875	22 
876	17 
877	40 
878	121 
879	148 
880	66 
881	123 
882	167 
883	187 
884	318 
885	255 
886	126 
887	59 
888	14 
889	327 
890	288 
891	182 
892	97 
893	147 
894	119 
895	292 
896	151 
897	251 
898	167 
899	87 
900	84 
901	217 
902	225 
903	270 
904	260 
905	105 
906	187 
907	319 
908	224 
909	43 
910	126 
911	117 
912	129 
913	238 
914	97 
915	67 
916	192 
917	29 
918	103 
919	26 
920	240 
921	122 
922	211 
923	185 
924	147 
925	280 
926	39 
927	114 
928	248 
929	66 
930	258 
931	14 
932	161 
933	316 
934	252 
935	82 
936	99 
937	105 
938	321 
939	131 
940	66 
941	184 
942	125 
943	94 
944	274 
945	294 
946	244 
947	61 
948	191 
949	70 
950	45 
951	37 
952	147 
953	75 
954	312 
955	200 
956	230 
957	64 
958	115 
959	144 
960	68 
961	142 
962	2 
963	131 
964	76 
965	275 
966	263 
967	59 
968	39 
969	139 
970	71 
971	294 
972	234 
973	270 
974	175 
975	101 
976	208 
977	140 
978	164 
979	31 
980	189 
981	7 
982	62 
983	169 
984	281 
985	72 
986	140 
987	90 
988	29 
989	43 
990	146 
991	238 
992	146 
993	41 
994	330 
995	81 
996	123 
997	116 
998	121 
999	165 
1000	261 
1001	52 
1002	181 
1003	91 
1004	20 
1005	30 
1006	158 
1007	97 
1008	272 
1009	292 
1010	192 
1011	147 
1012	254 
1013	37 
1014	316 
1015	257 
1016	155 
1017	145 
1018	68 
1019	255 
1020	143 
1021	305 
1022	75 
1023	24 
1024	70 
1025	222 
1026	299 
1027	269 
1028	203 
1029	66 
1030	63 
1031	152 
1032	201 
1033	254 
1034	61 
1035	263 
1036	318 
1037	27 
1038	139 
1039	68 
1040	153 
1041	340 
1042	238 
1043	335 
1044	175 
1045	177 
1046	146 
1047	236 
1048	320 
1049	302 
1050	161 
1051	253 
1052	235 
1053	306 
1054	57 
1055	173 
1056	222 
1057	60 
1058	111 
1059	53 
1060	133 
1061	324 
1062	90 
1063	122 
1064	37 
1065	290 
1066	144 
1067	173 
1068	43 
1069	317 
1070	322 
1071	126 
1072	169 
1073	60 
1074	37 
1075	239 
1076	127 
1077	83 
1078	226 
1079	150 
1080	111 
1081	53 
1082	40 
1083	156 
1084	120 
1085	7 
1086	88 
1087	209 
1088	234 
1089	259 
1090	315 
1091	181 
1092	68 
1093	31 
1094	236 
1095	121 
1096	294 
1097	125 
1098	270 
1099	67 
1100	180 
1101	149 
1102	149 
1103	67 
1104	96 
1105	301 
1106	133 
1107	40 
1108	37 
1109	130 
1110	34 
1111	162 
1112	111 
1113	201 
1114	192 
1115	200 
1116	67 
1117	119 
1118	200 
1119	13 
1120	233 
1121	41 
1122	215 
1123	64 
1124	51 
1125	289 
1126	116 
1127	36 
1128	149 
1129	72 
1130	75 
1131	65 
1132	301 
1133	8 
1134	259 
1135	88 
1136	253 
1137	68 
1138	169 
1139	145 
1140	263 
1141	222 
1142	20 
1143	103 
1144	237 
1145	67 
1146	181 
1147	279 
1148	234 
1149	187 
1150	181 
1151	204 
1152	76 
1153	133 
1154	14 
1155	47 
1156	309 
1157	66 
1158	9 
1159	255 
1160	199 
1161	119 
1162	222 
1163	95 
1164	3 
1165	155 
1166	15 
1167	236 
1168	275 
1169	222 
1170	292 
1171	272 
1172	187 
1173	200 
1174	319 
1175	194 
1176	38 
1177	90 
1178	69 
1179	334 
1180	173 
1181	263 
1182	69 
1183	262 
1184	303 
1185	335 
1186	65 
1187	13 
1188	143 
1189	106 
1190	158 
1191	101 
1192	199 
1193	335 
1194	126 
1195	200 
1196	225 
1197	114 
1198	75 
1199	161 
1200	133 
1201	67 
1202	146 
1203	247 
1204	301 
1205	134 
1206	236 
1207	164 
1208	160 
1209	282 
1210	35 
1211	214 
1212	314 
1213	252 
1214	173 
1215	117 
1216	89 
1217	99 
1218	292 
1219	281 
1220	161 
1221	275 
1222	308 
1223	202 
1224	43 
1225	327 
1226	297 
1227	334 
1228	121 
1229	163 
1230	43 
1231	338 
1232	115 
1233	152 
1234	184 
1235	338 
1236	195 
1237	62 
1238	49 
1239	114 
1240	199 
1241	231 
1242	229 
1243	244 
1244	21 
1245	181 
1246	308 
1247	236 
1248	43 
1249	289 
1250	6 
1251	75 
1252	70 
1253	225 
1254	132 
1255	56 
1256	335 
1257	21 
1258	18 
1259	243 
1260	88 
1261	281 
1262	60 
1263	101 
1264	128 
1265	209 
1266	113 
1267	120 
1268	36 
1269	334 
1270	326 
1271	1 
1272	155 
1273	310 
1274	162 
1275	149 
1276	223 
1277	230 
1278	272 
1279	319 
1280	43 
1281	318 
1282	189 
1283	125 
1284	98 
1285	74 
1286	17 
1287	134 
1288	339 
1289	39 
1290	319 
1291	335 
1292	33 
1293	257 
1294	73 
1295	277 
1296	122 
1297	132 
1298	122 
1299	314 
1300	239 
1301	100 
1302	276 
1303	74 
1304	171 
1305	5 
1306	320 
1307	7 
1308	337 
1309	187 
1310	24 
1311	336 
1312	193 
1313	21 
1314	22 
1315	176 
1316	154 
1317	75 
1318	222 
1319	304 
1320	324 
1321	165 
1322	261 
1323	109 
1324	260 
1325	187 
1326	153 
1327	314 
1328	199 
1329	249 
1330	188 
1331	161 
1332	212 
1333	11 
1334	59 
1335	120 
1336	302 
1337	277 
1338	109 
1339	214 
1340	270 
1341	300 
1342	71 
1343	258 
1344	200 
1345	184 
1346	61 
1347	49 
1348	257 
1349	58 
1350	265 
1351	244 
1352	248 
1353	17 
1354	268 
1355	280 
1356	301 
1357	27 
1358	8 
1359	46 
1360	296 
1361	244 
1362	338 
1363	74 
1364	235 
1365	272 
1366	275 
1367	97 
1368	232 
1369	252 
1370	110 
1371	243 
1372	14 
1373	87 
1374	293 
1375	171 
1376	243 
1377	244 
1378	2 
1379	16 
1380	21 
1381	226 
1382	68 
1383	68 
1384	133 
1385	149 
1386	189 
1387	184 
1388	43 
1389	312 
1390	330 
1391	49 
1392	139 
1393	246 
1394	169 
1395	30 
1396	237 
1397	59 
1398	155 
1399	325 
1400	73 
1401	158 
1402	205 
1403	329 
1404	289 
1405	53 
1406	272 
1407	209 
1408	29 
1409	217 
1410	159 
1411	199 
1412	159 
1413	248 
1414	100 
1415	77 
1416	272 
1417	101 
1418	314 
1419	99 
1420	272 
1421	216 
1422	13 
1423	106 
1424	64 
1425	329 
1426	114 
1427	114 
1428	187 
1429	67 
1430	156 
1431	126 
1432	333 
1433	146 
1434	242 
1435	239 
1436	234 
1437	210 
1438	315 
1439	296 
1440	301 
1441	292 
1442	207 
1443	191 
1444	256 
1445	27 
1446	247 
1447	70 
1448	255 
1449	105 
1450	23 
1451	191 
1452	149 
1453	98 
1454	232 
1455	261 
1456	319 
1457	121 
1458	85 
1459	136 
1460	237 
1461	24 
1462	284 
1463	206 
1464	46 
1465	116 
1466	274 
1467	169 
1468	39 
1469	126 
1470	155 
1471	297 
1472	248 
1473	187 
1474	139 
1475	207 
1476	46 
1477	159 
1478	33 
1479	193 
1480	41 
1481	15 
1482	222 
1483	256 
1484	122 
1485	170 
1486	185 
1487	292 
1488	132 
1489	291 
1490	158 
1491	3 
1492	287 
1493	268 
1494	218 
1495	181 
1496	260 
1497	66 
1498	232 
1499	308 
1500	202 
1501	274 
1502	303 
1503	4 
1504	306 
1505	174 
1506	231 
1507	239 
1508	199 
1509	236 
1510	143 
1511	169 
1512	92 
1513	171 
1514	54 
1515	267 
1516	247 
1517	228 
1518	255 
1519	170 
1520	39 
1521	1 
1522	154 
1523	122 
1524	81 
1525	313 
1526	297 
1527	139 
1528	203 
1529	331 
1530	330 
1531	316 
1532	55 
1533	105 
1534	32 
1535	78 
1536	209 
1537	137 
1538	307 
1539	73 
1540	13 
1541	239 
1542	158 
1543	114 
1544	115 
1545	290 
1546	27 
1547	26 
1548	124 
1549	166 
1550	147 
1551	323 
1552	56 
1553	79 
1554	200 
1555	126 
1556	201 
1557	51 
1558	210 
1559	315 
1560	286 
1561	135 
1562	151 
1563	59 
1564	41 
1565	169 
1566	176 
1567	150 
1568	328 
1569	238 
1570	39 
1571	46 
1572	267 
1573	124 
1574	147 
1575	36 
1576	55 
1577	246 
1578	243 
1579	102 
1580	104 
1581	231 
1582	161 
1583	98 
1584	308 
1585	43 
1586	92 
1587	14 
1588	286 
1589	285 
1590	175 
1591	37 
1592	124 
1593	333 
1594	151 
1595	251 
1596	75 
1597	283 
1598	74 
1599	119 
1600	251 
1601	124 
1602	55 
1603	256 
1604	280 
1605	1 
1606	338 
1607	74 
1608	94 
1609	235 
1610	249 
1611	274 
1612	59 
1613	61 
1614	4 
1615	333 
1616	161 
1617	100 
1618	28 
1619	340 
1620	330 
1621	293 
1622	98 
1623	150 
1624	249 
1625	293 
1626	235 
1627	338 
1628	308 
1629	34 
1630	145 
1631	54 
1632	43 
1633	332 
1634	265 
1635	127 
1636	279 
1637	250 
1638	272 
1639	216 
1640	99 
1641	298 
1642	152 
1643	253 
1644	244 
1645	319 
1646	309 
1647	78 
1648	83 
1649	251 
1650	166 
1651	87 
1652	67 
1653	283 
1654	333 
1655	6 
1656	248 
1657	24 
1658	35 
1659	216 
1660	297 
1661	103 
1662	32 
1663	158 
1664	3 
1665	295 
1666	184 
1667	228 
1668	248 
1669	303 
1670	19 
1671	303 
1672	3 
1673	175 
1674	237 
1675	314 
1676	20 
1677	186 
1678	126 
1679	43 
1680	203 
1681	225 
1682	180 
1683	268 
1684	106 
1685	269 
1686	248 
1687	77 
1688	53 
1689	73 
1690	148 
1691	172 
1692	135 
1693	117 
1694	158 
1695	86 
1696	93 
1697	51 
1698	102 
1699	272 
1700	247 
1701	291 
1702	261 
1703	14 
1704	335 
1705	277 
1706	238 
1707	292 
1708	146 
1709	298 
1710	256 
1711	17 
1712	163 
1713	85 
1714	105 
1715	332 
1716	91 
1717	253 
1718	133 
1719	246 
1720	185 
1721	266 
1722	125 
1723	93 
1724	35 
1725	61 
1726	248 
1727	61 
1728	184 
1729	133 
1730	57 
1731	180 
1732	170 
1733	114 
1734	320 
1735	127 
1736	165 
1737	251 
1738	288 
1739	33 
1740	187 
1741	104 
1742	80 
1743	335 
1744	31 
1745	341 
1746	142 
1747	53 
1748	41 
1749	335 
1750	289 
1751	37 
1752	207 
1753	39 
1754	106 
1755	151 
1756	50 
1757	61 
1758	207 
1759	263 
1760	329 
1761	227 
1762	98 
1763	216 
1764	338 
1765	272 
1766	97 
1767	192 
1768	240 
1769	333 
1770	236 
1771	62 
1772	334 
1773	11 
1774	215 
1775	42 
1776	130 
1777	248 
1778	190 
1779	301 
1780	73 
1781	207 
1782	264 
1783	181 
1784	289 
1785	126 
1786	106 
1787	254 
1788	32 
1789	33 
1790	19 
1791	180 
1792	35 
1793	104 
1794	162 
1795	192 
1796	221 
1797	35 
1798	23 
1799	155 
1800	101 
1801	20 
1802	117 
1803	133 
1804	11 
1805	10 
1806	257 
1807	192 
1808	180 
1809	142 
1810	5 
1811	207 
1812	138 
1813	220 
1814	92 
1815	238 
1816	238 
1817	289 
1818	18 
1819	116 
1820	21 
1821	249 
1822	19 
1823	188 
1824	164 
1825	105 
1826	46 
1827	258 
1828	97 
1829	331 
1830	120 
1831	277 
1832	169 
1833	251 
1834	170 
1835	108 
1836	35 
1837	303 
1838	18 
1839	301 
1840	250 
1841	205 
1842	18 
1843	283 
1844	115 
1845	316 
1846	326 
1847	265 
1848	316 
1849	67 
1850	322 
1851	68 
1852	326 
1853	45 
1854	251 
1855	139 
1856	251 
1857	309 
1858	285 
1859	39 
1860	195 
1861	70 
1862	38 
1863	41 
1864	279 
1865	41 
1866	294 
1867	301 
1868	186 
1869	291 
1870	226 
1871	340 
1872	124 
1873	207 
1874	43 
1875	313 
1876	160 
1877	52 
1878	183 
1879	48 
1880	129 
1881	76 
1882	306 
1883	310 
1884	148 
1885	31 
1886	38 
1887	312 
1888	1 
1889	270 
1890	158 
1891	243 
1892	70 
1893	36 
1894	126 
1895	12 
1896	331 
1897	287 
1898	170 
1899	321 
1900	335 
1901	275 
1902	140 
1903	176 
1904	172 
1905	211 
1906	273 
1907	118 
1908	239 
1909	218 
1910	157 
1911	43 
1912	337 
1913	271 
1914	56 
1915	324 
1916	336 
1917	38 
1918	202 
1919	161 
1920	262 
1921	113 
1922	296 
1923	302 
1924	75 
1925	207 
1926	280 
1927	207 
1928	129 
1929	162 
1930	272 
1931	174 
1932	302 
1933	339 
1934	159 
1935	235 
1936	112 
1937	77 
1938	341 
1939	100 
1940	101 
1941	119 
1942	67 
1943	187 
1944	314 
1945	273 
1946	52 
1947	292 
1948	207 
1949	31 
1950	167 
1951	200 
1952	89 
1953	85 
1954	317 
1955	317 
1956	303 
1957	278 
1958	290 
1959	302 
1960	212 
1961	280 
1962	146 
1963	300 
1964	88 
1965	75 
1966	158 
1967	53 
1968	301 
1969	131 
1970	35 
1971	149 
1972	88 
1973	329 
1974	203 
1975	87 
1976	242 
1977	61 
1978	245 
1979	100 
1980	53 
1981	193 
1982	163 
1983	322 
1984	109 
1985	108 
1986	72 
1987	231 
1988	148 
1989	182 
1990	335 
1991	321 
1992	117 
1993	99 
1994	192 
1995	218 
1996	233 
1997	333 
1998	248 
1999	41 
2000	67 
2001	253 
2002	86 
2003	178 
2004	253 
2005	139 
2006	204 
2007	74 
2008	286 
2009	249 
2010	295 
2011	308 
2012	139 
2013	116 
2014	270 
2015	234 
2016	110 
2017	237 
2018	114 
2019	39 
2020	180 
2021	111 
2022	226 
2023	89 
2024	249 
2025	1 
2026	147 
2027	287 
2028	265 
2029	65 
2030	99 
2031	82 
2032	319 
2033	12 
2034	259 
2035	168 
2036	168 
2037	149 
2038	197 
2039	132 
2040	131 
2041	261 
2042	249 
2043	39 
2044	162 
2045	254 
2046	223 
2047	192 
2048	167 
2049	258 
2050	246 
2051	222 
2052	114 
2053	245 
2054	201 
2055	196 
2056	119 
2057	112 
2058	71 
2059	171 
2060	131 
2061	81 
2062	301 
2063	51 
2064	187 
2065	11 
2066	286 
2067	97 
2068	61 
2069	225 
2070	244 
2071	192 
2072	38 
2073	324 
2074	283 
2075	100 
2076	200 
2077	12 
2078	169 
2079	208 
2080	199 
2081	1 
2082	212 
2083	94 
2084	199 
2085	205 
2086	43 
2087	62 
2088	196 
2089	317 
2090	197 
2091	33 
2092	6 
2093	174 
2094	74 
2095	146 
2096	32 
2097	159 
2098	101 
2099	240 
2100	235 
2101	123 
2102	28 
2103	187 
2104	269 
2105	87 
2106	263 
2107	246 
2108	93 
2109	13 
2110	314 
2111	13 
2112	225 
2113	195 
2114	137 
2115	149 
2116	44 
2117	105 
2118	265 
2119	331 
2120	52 
2121	253 
2122	99 
2123	170 
2124	222 
2125	68 
2126	197 
2127	43 
2128	203 
2129	48 
2130	3 
2131	207 
2132	232 
2133	326 
2134	10 
2135	41 
2136	126 
2137	212 
2138	140 
2139	113 
2140	77 
2141	68 
2142	246 
2143	24 
2144	112 
2145	266 
2146	137 
2147	322 
2148	87 
2149	27 
2150	312 
2151	35 
2152	204 
2153	43 
2154	229 
2155	145 
2156	177 
2157	194 
2158	183 
2159	224 
2160	318 
2161	313 
2162	317 
2163	206 
2164	3 
2165	230 
2166	204 
2167	146 
2168	302 
2169	309 
2170	338 
2171	148 
2172	251 
2173	279 
2174	129 
2175	132 
2176	311 
2177	100 
2178	289 
2179	243 
2180	180 
2181	222 
2182	339 
2183	81 
2184	41 
2185	283 
2186	242 
2187	245 
2188	41 
2189	80 
2190	329 
2191	74 
2192	95 
2193	139 
2194	286 
2195	220 
2196	249 
2197	4 
2198	265 
2199	177 
2200	215 
2201	258 
2202	209 
2203	169 
2204	167 
2205	84 
2206	120 
2207	84 
2208	65 
2209	321 
2210	190 
2211	329 
2212	81 
2213	117 
2214	129 
2215	330 
2216	187 
2217	311 
2218	316 
2219	131 
2220	263 
2221	126 
2222	186 
2223	94 
2224	323 
2225	135 
2226	328 
2227	152 
2228	266 
2229	296 
2230	265 
2231	340 
2232	146 
2233	161 
2234	15 
2235	319 
2236	150 
2237	126 
2238	267 
2239	270 
2240	92 
2241	283 
2242	80 
2243	184 
2244	287 
2245	204 
2246	43 
2247	187 
2248	26 
2249	120 
2250	144 
2251	243 
2252	15 
2253	39 
2254	339 
2255	202 
2256	156 
2257	275 
2258	270 
2259	226 
2260	172 
2261	52 
2262	225 
2263	332 
2264	48 
2265	68 
2266	307 
2267	262 
2268	18 
2269	175 
2270	222 
2271	89 
2272	132 
2273	213 
2274	22 
2275	188 
2276	216 
2277	330 
2278	39 
2279	16 
2280	326 
2281	117 
2282	307 
2283	40 
2284	96 
2285	203 
2286	339 
2287	134 
2288	205 
2289	178 
2290	330 
2291	281 
2292	256 
2293	287 
2294	314 
2295	293 
2296	94 
2297	183 
2298	317 
2299	338 
2300	202 
2301	117 
2302	130 
2303	341 
2304	74 
2305	178 
2306	85 
2307	33 
2308	292 
2309	139 
2310	184 
2311	155 
2312	329 
2313	303 
2314	327 
2315	336 
2316	308 
2317	175 
2318	20 
2319	250 
2320	168 
2321	333 
2322	13 
2323	260 
2324	282 
2325	89 
2326	240 
2327	177 
2328	327 
2329	326 
2330	224 
2331	131 
2332	289 
2333	23 
2334	204 
2335	191 
2336	216 
2337	272 
2338	85 
2339	47 
2340	262 
2341	199 
2342	317 
2343	140 
2344	120 
2345	59 
2346	51 
2347	235 
2348	335 
2349	228 
2350	82 
2351	281 
2352	173 
2353	284 
2354	17 
2355	162 
2356	188 
2357	50 
2358	195 
2359	221 
2360	336 
2361	292 
2362	107 
2363	6 
2364	86 
2365	320 
2366	84 
2367	128 
2368	3 
2369	205 
2370	181 
2371	246 
2372	114 
2373	46 
2374	88 
2375	78 
2376	67 
2377	2 
2378	96 
2379	94 
2380	68 
2381	68 
2382	261 
2383	144 
2384	156 
2385	76 
2386	335 
2387	190 
2388	221 
2389	61 
2390	276 
2391	155 
2392	179 
2393	253 
2394	112 
2395	23 
2396	329 
2397	72 
2398	332 
2399	314 
2400	204 
2401	263 
2402	327 
2403	123 
2404	12 
2405	314 
2406	248 
2407	156 
2408	195 
2409	157 
2410	243 
2411	154 
2412	14 
2413	97 
2414	81 
2415	22 
2416	147 
2417	98 
2418	206 
2419	99 
2420	315 
2421	79 
2422	28 
2423	292 
2424	118 
2425	161 
2426	340 
2427	59 
2428	21 
2429	312 
2430	126 
2431	301 
2432	319 
2433	323 
2434	315 
2435	241 
2436	306 
2437	195 
2438	104 
2439	284 
2440	281 
2441	6 
2442	147 
2443	253 
2444	211 
2445	224 
2446	311 
2447	145 
2448	61 
2449	70 
2450	188 
2451	47 
2452	275 
2453	29 
2454	192 
2455	251 
2456	198 
2457	295 
2458	262 
2459	155 
2460	284 
2461	19 
2462	213 
2463	266 
2464	314 
2465	88 
2466	109 
2467	154 
2468	272 
2469	109 
2470	158 
2471	102 
2472	227 
2473	266 
2474	29 
2475	316 
2476	94 
2477	260 
2478	89 
2479	87 
2480	197 
2481	153 
2482	273 
2483	302 
2484	42 
2485	126 
2486	83 
2487	115 
2488	43 
2489	281 
2490	319 
2491	10 
2492	234 
2493	142 
2494	276 
2495	259 
2496	298 
2497	117 
2498	85 
2499	236 
2500	159 
2501	241 
2502	257 
2503	95 
2504	228 
2505	215 
2506	242 
2507	67 
2508	87 
2509	33 
2510	125 
2511	280 
2512	295 
2513	13 
2514	313 
2515	328 
2516	147 
2517	277 
2518	66 
2519	266 
2520	53 
2521	114 
2522	252 
2523	130 
2524	308 
2525	224 
2526	40 
2527	68 
2528	125 
2529	135 
2530	119 
2531	94 
2532	256 
2533	211 
2534	8 
2535	95 
2536	207 
2537	284 
2538	157 
2539	60 
2540	149 
2541	266 
2542	91 
2543	25 
2544	28 
2545	270 
2546	284 
2547	259 
2548	323 
2549	240 
2550	266 
2551	46 
2552	314 
2553	18 
2554	321 
2555	222 
2556	142 
2557	41 
2558	111 
2559	308 
2560	320 
2561	162 
2562	265 
2563	339 
2564	115 
2565	89 
2566	1 
2567	298 
2568	180 
2569	28 
2570	163 
2571	170 
2572	30 
2573	207 
2574	266 
2575	192 
2576	3 
2577	307 
2578	165 
2579	16 
2580	335 
2581	110 
2582	64 
2583	192 
2584	71 
2585	137 
2586	246 
2587	299 
2588	204 
2589	106 
2590	102 
2591	240 
2592	3 
2593	314 
2594	192 
2595	124 
2596	322 
2597	212 
2598	242 
2599	164 
2600	173 
2601	185 
2602	245 
2603	248 
2604	321 
2605	59 
2606	108 
2607	169 
2608	276 
2609	12 
2610	170 
2611	292 
2612	155 
2613	3 
2614	158 
2615	92 
2616	74 
2617	292 
2618	18 
2619	109 
2620	115 
2621	97 
2622	182 
2623	240 
2624	228 
2625	42 
2626	233 
2627	146 
2628	299 
2629	262 
2630	156 
2631	323 
2632	182 
2633	220 
2634	213 
2635	310 
2636	206 
2637	25 
2638	89 
2639	215 
2640	216 
2641	317 
2642	330 
2643	316 
2644	172 
2645	55 
2646	70 
2647	170 
2648	329 
2649	166 
2650	270 
2651	308 
2652	292 
2653	187 
2654	312 
2655	18 
2656	68 
2657	337 
2658	225 
2659	288 
2660	341 
2661	257 
2662	30 
2663	159 
2664	280 
2665	284 
2666	203 
2667	337 
2668	121 
2669	296 
2670	69 
2671	263 
2672	148 
2673	97 
2674	255 
2675	142 
2676	116 
2677	314 
2678	49 
2679	313 
2680	220 
2681	302 
2682	46 
2683	178 
2684	238 
2685	296 
2686	146 
2687	56 
2688	319 
2689	232 
2690	272 
2691	297 
2692	177 
2693	13 
2694	37 
2695	239 
2696	163 
2697	264 
2698	129 
2699	227 
2700	83 
2701	37 
2702	212 
2703	265 
2704	250 
2705	155 
2706	113 
2707	37 
2708	58 
2709	322 
2710	24 
2711	219 
2712	70 
2713	143 
2714	306 
2715	252 
2716	146 
2717	140 
2718	40 
2719	160 
2720	18 
2721	257 
2722	206 
2723	186 
2724	92 
2725	30 
2726	292 
2727	78 
2728	138 
2729	95 
2730	52 
2731	23 
2732	158 
2733	233 
2734	144 
2735	315 
2736	266 
2737	169 
2738	323 
2739	315 
2740	74 
2741	110 
2742	96 
2743	336 
2744	244 
2745	49 
2746	123 
2747	315 
2748	294 
2749	228 
2750	320 
2751	179 
2752	66 
2753	115 
2754	102 
2755	28 
2756	38 
2757	57 
2758	176 
2759	294 
2760	265 
2761	243 
2762	80 
2763	62 
2764	87 
2765	24 
2766	205 
2767	269 
2768	165 
2769	138 
2770	34 
2771	74 
2772	161 
2773	107 
2774	57 
2775	274 
2776	104 
2777	323 
2778	225 
2779	257 
2780	292 
2781	302 
2782	326 
2783	318 
2784	110 
2785	341 
2786	113 
2787	172 
2788	52 
2789	171 
2790	304 
2791	96 
2792	259 
2793	190 
2794	282 
2795	249 
2796	262 
2797	254 
2798	32 
2799	305 
2800	169 
2801	207 
2802	132 
2803	255 
2804	50 
2805	141 
2806	117 
2807	111 
2808	19 
2809	292 
2810	257 
2811	65 
2812	44 
2813	221 
2814	256 
2815	143 
2816	148 
2817	180 
2818	316 
2819	254 
2820	324 
2821	293 
2822	306 
2823	232 
2824	297 
2825	83 
2826	13 
2827	59 
2828	239 
2829	54 
2830	139 
2831	126 
2832	226 
2833	89 
2834	149 
2835	203 
2836	333 
2837	192 
2838	341 
2839	257 
2840	89 
2841	225 
2842	98 
2843	67 
2844	61 
2845	194 
2846	275 
2847	166 
2848	326 
2849	265 
2850	315 
2851	179 
2852	88 
2853	266 
2854	295 
2855	138 
2856	129 
2857	314 
2858	335 
2859	248 
2860	111 
2861	313 
2862	255 
2863	174 
2864	209 
2865	262 
2866	89 
2867	240 
2868	14 
2869	207 
2870	77 
2871	63 
2872	170 
2873	306 
2874	14 
2875	334 
2876	335 
2877	104 
2878	299 
2879	84 
2880	97 
2881	301 
2882	240 
2883	248 
2884	215 
2885	17 
2886	126 
2887	97 
2888	110 
2889	334 
2890	321 
2891	240 
2892	296 
2893	266 
2894	329 
2895	266 
2896	88 
2897	52 
2898	131 
2899	339 
2900	249 
2901	332 
2902	292 
2903	125 
2904	39 
2905	221 
2906	94 
2907	286 
2908	146 
2909	28 
2910	171 
2911	160 
2912	185 
2913	103 
2914	26 
2915	181 
2916	318 
2917	43 
2918	310 
2919	116 
2920	213 
2921	106 
2922	34 
2923	341 
2924	306 
2925	196 
2926	132 
2927	45 
2928	296 
2929	238 
2930	96 
2931	272 
2932	267 
2933	149 
2934	156 
2935	155 
2936	310 
2937	195 
2938	216 
2939	89 
2940	58 
2941	298 
2942	11 
2943	46 
2944	107 
2945	175 
2946	125 
2947	224 
2948	96 
2949	17 
2950	125 
2951	250 
2952	39 
2953	236 
2954	279 
2955	219 
2956	189 
2957	42 
2958	335 
2959	265 
2960	235 
2961	130 
2962	255 
2963	37 
2964	235 
2965	335 
2966	329 
2967	70 
2968	225 
2969	229 
2970	7 
2971	76 
2972	319 
2973	29 
2974	12 
2975	161 
2976	164 
2977	96 
2978	320 
2979	216 
2980	43 
2981	203 
2982	145 
2983	309 
2984	41 
2985	308 
2986	132 
2987	130 
2988	116 
2989	86 
2990	299 
2991	12 
2992	269 
2993	296 
2994	315 
2995	266 
2996	7 
2997	290 
2998	3 
2999	58 
3000	2 
3001	101 
3002	317 
3003	114 
3004	119 
3005	248 
3006	187 
3007	173 
3008	116 
3009	328 
3010	170 
3011	339 
3012	142 
3013	143 
3014	37 
3015	308 
3016	68 
3017	341 
3018	212 
3019	171 
3020	75 
3021	300 
3022	138 
3023	290 
3024	240 
3025	318 
3026	197 
3027	106 
3028	122 
3029	76 
3030	190 
3031	203 
3032	83 
3033	319 
3034	38 
3035	112 
3036	278 
3037	219 
3038	2 
3039	142 
3040	117 
3041	144 
3042	41 
3043	191 
3044	62 
3045	138 
3046	129 
3047	39 
3048	2 
3049	331 
3050	133 
3051	250 
3052	195 
3053	289 
3054	67 
3055	320 
3056	38 
3057	114 
3058	218 
3059	191 
3060	7 
3061	319 
3062	147 
3063	53 
3064	109 
3065	149 
3066	257 
3067	247 
3068	20 
3069	161 
3070	206 
3071	163 
3072	322 
3073	318 
3074	214 
3075	5 
3076	325 
3077	230 
3078	229 
3079	263 
3080	324 
3081	285 
3082	117 
3083	146 
3084	113 
3085	86 
3086	64 
3087	81 
3088	11 
3089	108 
3090	302 
3091	45 
3092	133 
3093	115 
3094	26 
3095	9 
3096	186 
3097	111 
3098	48 
3099	311 
3100	139 
3101	319 
3102	36 
3103	213 
3104	127 
3105	71 
3106	126 
3107	42 
3108	207 
3109	139 
3110	14 
3111	257 
3112	33 
3113	47 
3114	339 
3115	215 
3116	42 
3117	321 
3118	147 
3119	223 
3120	91 
3121	334 
3122	268 
3123	126 
3124	206 
3125	182 
3126	10 
3127	102 
3128	100 
3129	72 
3130	163 
3131	144 
3132	134 
3133	242 
3134	288 
3135	271 
3136	82 
3137	74 
3138	177 
3139	265 
3140	266 
3141	163 
3142	106 
3143	250 
3144	49 
3145	262 
3146	30 
3147	14 
3148	88 
3149	295 
3150	61 
3151	146 
3152	173 
3153	212 
3154	129 
3155	227 
3156	72 
3157	113 
3158	131 
3159	135 
3160	197 
3161	264 
3162	146 
3163	61 
3164	301 
3165	92 
3166	3 
3167	238 
3168	305 
3169	196 
3170	147 
3171	144 
3172	110 
3173	69 
3174	282 
3175	83 
3176	287 
3177	79 
3178	289 
3179	164 
3180	274 
3181	60 
3182	220 
3183	219 
3184	285 
3185	20 
3186	254 
3187	139 
3188	224 
3189	90 
3190	17 
3191	267 
3192	112 
3193	265 
3194	91 
3195	217 
3196	307 
3197	332 
3198	101 
3199	337 
3200	99 
3201	200 
3202	13 
3203	238 
3204	131 
3205	319 
3206	191 
3207	197 
3208	255 
3209	106 
3210	58 
3211	236 
3212	299 
3213	190 
3214	38 
3215	158 
3216	269 
3217	96 
3218	68 
3219	259 
3220	54 
3221	259 
3222	312 
3223	4 
3224	87 
3225	113 
3226	266 
3227	58 
3228	100 
3229	115 
3230	208 
3231	136 
3232	197 
3233	319 
3234	26 
3235	203 
3236	250 
3237	193 
3238	335 
3239	311 
3240	41 
3241	182 
3242	137 
3243	304 
3244	210 
3245	281 
3246	23 
3247	97 
3248	168 
3249	190 
3250	160 
3251	155 
3252	171 
3253	249 
3254	161 
3255	222 
3256	273 
3257	97 
3258	130 
3259	23 
3260	21 
3261	187 
3262	18 
3263	148 
3264	316 
3265	327 
3266	170 
3267	265 
3268	186 
3269	305 
3270	198 
3271	292 
3272	98 
3273	118 
3274	333 
3275	43 
3276	320 
3277	3 
3278	264 
3279	86 
3280	17 
3281	290 
3282	316 
3283	135 
3284	18 
3285	281 
3286	215 
3287	328 
3288	146 
3289	319 
3290	287 
3291	169 
3292	312 
3293	197 
3294	336 
3295	55 
3296	337 
3297	284 
3298	310 
3299	119 
3300	77 
3301	337 
3302	204 
3303	1 
3304	299 
3305	5 
3306	180 
3307	228 
3308	275 
3309	178 
3310	149 
3311	290 
3312	70 
3313	305 
3314	59 
3315	105 
3316	168 
3317	142 
3318	89 
3319	235 
3320	114 
3321	318 
3322	281 
3323	268 
3324	221 
3325	304 
3326	22 
3327	257 
3328	208 
3329	205 
3330	275 
3331	283 
3332	226 
3333	152 
3334	95 
3335	200 
3336	158 
3337	142 
3338	130 
3339	161 
3340	67 
3341	282 
3342	155 
3343	103 
3344	39 
3345	170 
3346	101 
3347	210 
3348	144 
3349	41 
3350	119 
3351	12 
3352	17 
3353	157 
3354	292 
3355	99 
3356	127 
3357	265 
3358	255 
3359	204 
3360	117 
3361	317 
3362	218 
3363	256 
3364	259 
3365	189 
3366	228 
3367	94 
3368	181 
3369	289 
3370	120 
3371	301 
3372	131 
3373	149 
3374	200 
3375	38 
3376	69 
3377	290 
3378	157 
3379	54 
3380	52 
3381	6 
3382	334 
3383	241 
3384	241 
3385	94 
3386	286 
3387	139 
3388	125 
3389	42 
3390	180 
3391	114 
3392	276 
3393	271 
3394	1 
3395	323 
3396	292 
3397	38 
3398	57 
3399	282 
3400	181 
3401	130 
3402	190 
3403	307 
3404	229 
3405	335 
3406	56 
3407	38 
3408	173 
3409	61 
3410	80 
3411	58 
3412	24 
3413	99 
3414	145 
3415	60 
3416	151 
3417	296 
3418	239 
3419	87 
3420	328 
3421	270 
3422	97 
3423	9 
3424	248 
3425	242 
3426	93 
3427	8 
3428	129 
3429	180 
3430	293 
3431	312 
3432	240 
3433	6 
3434	62 
3435	164 
3436	34 
3437	300 
3438	308 
3439	318 
3440	304 
3441	319 
3442	288 
3443	55 
3444	67 
3445	49 
3446	284 
3447	187 
3448	52 
3449	290 
3450	46 
3451	328 
3452	19 
3453	93 
3454	285 
3455	127 
3456	334 
3457	149 
3458	259 
3459	217 
3460	86 
3461	126 
3462	236 
3463	322 
3464	290 
3465	334 
3466	285 
3467	202 
3468	62 
3469	236 
3470	339 
3471	320 
3472	2 
3473	266 
3474	265 
3475	15 
3476	149 
3477	110 
3478	276 
3479	36 
3480	77 
3481	243 
3482	132 
3483	115 
3484	148 
3485	46 
3486	206 
3487	239 
3488	148 
3489	125 
3490	306 
3491	255 
3492	255 
3493	319 
3494	193 
3495	132 
3496	69 
3497	142 
3498	126 
3499	169 
3500	225 
3501	146 
3502	174 
3503	329 
3504	110 
3505	284 
3506	114 
3507	4 
3508	114 
3509	166 
3510	187 
3511	269 
3512	98 
3513	276 
3514	265 
3515	53 
3516	94 
3517	148 
3518	210 
3519	183 
3520	191 
3521	173 
3522	98 
3523	167 
3524	299 
3525	100 
3526	136 
3527	205 
3528	66 
3529	272 
3530	305 
3531	232 
3532	246 
3533	240 
3534	137 
3535	143 
3536	158 
3537	127 
3538	106 
3539	41 
3540	248 
3541	329 
3542	264 
3543	314 
3544	237 
3545	298 
3546	43 
3547	208 
3548	329 
3549	228 
3550	58 
3551	114 
3552	250 
3553	1 
3554	278 
3555	93 
3556	11 
3557	329 
3558	276 
3559	279 
3560	108 
3561	230 
3562	127 
3563	318 
3564	82 
3565	172 
3566	153 
3567	270 
3568	258 
3569	305 
3570	332 
3571	168 
3572	289 
3573	329 
3574	139 
3575	291 
3576	58 
3577	275 
3578	110 
3579	144 
3580	172 
3581	328 
3582	80 
3583	252 
3584	245 
3585	165 
3586	212 
3587	60 
3588	192 
3589	6 
3590	249 
3591	84 
3592	290 
3593	171 
3594	136 
3595	26 
3596	187 
3597	273 
3598	253 
3599	124 
3600	248 
3601	190 
3602	141 
3603	38 
3604	113 
3605	10 
3606	129 
3607	60 
3608	51 
3609	37 
3610	319 
3611	238 
3612	42 
3613	143 
3614	243 
3615	76 
3616	179 
3617	194 
3618	225 
3619	257 
3620	195 
3621	328 
3622	129 
3623	18 
3624	208 
3625	231 
3626	221 
3627	246 
3628	330 
3629	283 
3630	292 
3631	141 
3632	230 
3633	16 
3634	172 
3635	28 
3636	199 
3637	317 
3638	253 
3639	142 
3640	157 
3641	71 
3642	194 
3643	131 
3644	170 
3645	326 
3646	216 
3647	161 
3648	16 
3649	156 
3650	305 
3651	89 
3652	144 
3653	219 
3654	300 
3655	319 
3656	328 
3657	286 
3658	44 
3659	203 
3660	101 
3661	31 
3662	254 
3663	115 
3664	65 
3665	319 
3666	128 
3667	184 
3668	182 
3669	249 
3670	237 
3671	132 
3672	309 
3673	180 
3674	202 
3675	221 
3676	178 
3677	42 
3678	210 
3679	62 
3680	224 
3681	174 
3682	3 
3683	44 
3684	154 
3685	13 
3686	103 
3687	45 
3688	111 
3689	210 
3690	335 
3691	308 
3692	319 
3693	30 
3694	63 
3695	89 
3696	192 
3697	230 
3698	322 
3699	119 
3700	124 
3701	292 
3702	74 
3703	323 
3704	234 
3705	37 
3706	155 
3707	135 
3708	149 
3709	238 
3710	318 
3711	106 
3712	300 
3713	223 
3714	82 
3715	291 
3716	257 
3717	189 
3718	283 
3719	198 
3720	133 
3721	207 
3722	32 
3723	287 
3724	62 
3725	109 
3726	50 
3727	34 
3728	105 
3729	54 
3730	316 
3731	224 
3732	146 
3733	23 
3734	97 
3735	145 
3736	257 
3737	264 
3738	181 
3739	187 
3740	207 
3741	57 
3742	5 
3743	328 
3744	325 
3745	142 
3746	177 
3747	280 
3748	216 
3749	133 
3750	62 
3751	150 
3752	146 
3753	308 
3754	225 
3755	54 
3756	292 
3757	321 
3758	272 
3759	112 
3760	10 
3761	222 
3762	279 
3763	273 
3764	39 
3765	130 
3766	37 
3767	98 
3768	101 
3769	293 
3770	32 
3771	71 
3772	18 
3773	292 
3774	304 
3775	110 
3776	100 
3777	281 
3778	308 
3779	123 
3780	141 
3781	285 
3782	323 
3783	259 
3784	90 
3785	139 
3786	134 
3787	212 
3788	216 
3789	214 
3790	61 
3791	228 
3792	6 
3793	103 
3794	244 
3795	215 
3796	210 
3797	18 
3798	6 
3799	8 
3800	18 
3801	293 
3802	285 
3803	118 
3804	199 
3805	47 
3806	143 
3807	312 
3808	62 
3809	87 
3810	91 
3811	114 
3812	115 
3813	236 
3814	305 
3815	139 
3816	292 
3817	273 
3818	39 
3819	103 
3820	25 
3821	216 
3822	220 
3823	157 
3824	76 
3825	227 
3826	40 
3827	240 
3828	277 
3829	115 
3830	198 
3831	294 
3832	28 
3833	38 
3834	88 
3835	43 
3836	99 
3837	187 
3838	108 
3839	112 
3840	31 
3841	109 
3842	272 
3843	150 
3844	292 
3845	240 
3846	117 
3847	242 
3848	127 
3849	129 
3850	98 
3851	277 
3852	119 
3853	48 
3854	110 
3855	203 
3856	132 
3857	103 
3858	143 
3859	42 
3860	89 
3861	24 
3862	288 
3863	130 
3864	175 
3865	169 
3866	286 
3867	142 
3868	237 
3869	169 
3870	170 
3871	259 
3872	241 
3873	94 
3874	225 
3875	145 
3876	282 
3877	299 
3878	317 
3879	87 
3880	38 
3881	56 
3882	229 
3883	231 
3884	270 
3885	202 
3886	246 
3887	321 
3888	314 
3889	248 
3890	170 
3891	117 
3892	220 
3893	77 
3894	228 
3895	237 
3896	71 
3897	38 
3898	170 
3899	190 
3900	130 
3901	141 
3902	175 
3903	63 
3904	321 
3905	86 
3906	228 
3907	232 
3908	70 
3909	151 
3910	325 
3911	253 
3912	94 
3913	266 
3914	3 
3915	319 
3916	35 
3917	74 
3918	320 
3919	1 
3920	42 
3921	253 
3922	164 
3923	148 
3924	75 
3925	289 
3926	242 
3927	315 
3928	61 
3929	285 
3930	74 
3931	6 
3932	80 
3933	229 
3934	36 
3935	99 
3936	118 
3937	136 
3938	145 
3939	34 
3940	219 
3941	254 
3942	226 
3943	153 
3944	157 
3945	174 
3946	44 
3947	98 
3948	236 
3949	332 
3950	192 
3951	184 
3952	169 
3953	253 
3954	252 
3955	221 
3956	33 
3957	286 
3958	84 
3959	161 
3960	286 
3961	225 
3962	9 
3963	300 
3964	78 
3965	129 
3966	338 
3967	336 
3968	74 
3969	236 
3970	321 
3971	312 
3972	123 
3973	177 
3974	51 
3975	242 
3976	272 
3977	96 
3978	293 
3979	285 
3980	186 
3981	171 
3982	106 
3983	309 
3984	161 
3985	18 
3986	28 
3987	299 
3988	217 
3989	48 
3990	258 
3991	132 
3992	16 
3993	114 
3994	197 
3995	254 
3996	95 
3997	222 
3998	90 
3999	235 
4000	290 
4001	304 
4002	168 
4003	309 
4004	256 
4005	141 
4006	107 
4007	207 
4008	266 
4009	164 
4010	186 
4011	26 
4012	202 
4013	335 
4014	228 
4015	137 
4016	127 
4017	306 
4018	330 
4019	232 
4020	258 
4021	143 
4022	238 
4023	120 
4024	72 
4025	312 
4026	197 
4027	1 
4028	280 
4029	287 
4030	63 
4031	68 
4032	141 
4033	124 
4034	301 
4035	230 
4036	244 
4037	35 
4038	206 
4039	291 
4040	187 
4041	211 
4042	95 
4043	115 
4044	143 
4045	293 
4046	304 
4047	211 
4048	127 
4049	135 
4050	291 
4051	77 
4052	248 
4053	5 
4054	91 
4055	107 
4056	282 
4057	69 
4058	117 
4059	89 
4060	2 
4061	177 
4062	84 
4063	124 
4064	154 
4065	23 
4066	334 
4067	320 
4068	137 
4069	37 
4070	269 
4071	58 
4072	300 
4073	88 
4074	339 
4075	67 
4076	68 
4077	10 
4078	76 
4079	142 
4080	42 
4081	103 
4082	242 
4083	62 
4084	179 
4085	43 
4086	222 
4087	236 
4088	180 
4089	28 
4090	187 
4091	330 
4092	166 
4093	188 
4094	272 
4095	13 
4096	121 
4097	72 
4098	140 
4099	228 
4100	265 
4101	329 
4102	189 
4103	263 
4104	336 
4105	105 
4106	314 
4107	99 
4108	103 
4109	114 
4110	161 
4111	297 
4112	160 
4113	93 
4114	282 
4115	319 
4116	219 
4117	270 
4118	296 
4119	180 
4120	331 
4121	140 
4122	243 
4123	50 
4124	236 
4125	316 
4126	287 
4127	1 
4128	249 
4129	263 
4130	164 
4131	202 
4132	199 
4133	316 
4134	62 
4135	228 
4136	16 
4137	324 
4138	99 
4139	168 
4140	270 
4141	281 
4142	265 
4143	23 
4144	25 
4145	161 
4146	37 
4147	146 
4148	299 
4149	51 
4150	26 
4151	132 
4152	162 
4153	299 
4154	266 
4155	35 
4156	41 
4157	294 
4158	113 
4159	327 
4160	68 
4161	246 
4162	67 
4163	51 
4164	146 
4165	79 
4166	166 
4167	248 
4168	117 
4169	76 
4170	304 
4171	291 
4172	43 
4173	173 
4174	68 
4175	89 
4176	119 
4177	146 
4178	252 
4179	254 
4180	143 
4181	254 
4182	249 
4183	144 
4184	191 
4185	73 
4186	167 
4187	204 
4188	24 
4189	43 
4190	122 
4191	60 
4192	244 
4193	302 
4194	248 
4195	18 
4196	264 
4197	267 
4198	59 
4199	93 
4200	335 
4201	156 
4202	103 
4203	226 
4204	196 
4205	206 
4206	166 
4207	152 
4208	140 
4209	266 
4210	154 
4211	309 
4212	231 
4213	53 
4214	283 
4215	300 
4216	176 
4217	255 
4218	179 
4219	49 
4220	308 
4221	35 
4222	319 
4223	38 
4224	329 
4225	278 
4226	63 
4227	285 
4228	12 
4229	11 
4230	63 
4231	314 
4232	263 
4233	154 
4234	182 
4235	267 
4236	182 
4237	224 
4238	242 
4239	134 
4240	180 
4241	103 
4242	45 
4243	256 
4244	111 
4245	8 
4246	315 
4247	35 
4248	280 
4249	3 
4250	127 
4251	329 
4252	224 
4253	26 
4254	216 
4255	33 
4256	132 
4257	256 
4258	90 
4259	335 
4260	89 
4261	130 
4262	176 
4263	188 
4264	186 
4265	300 
4266	3 
4267	90 
4268	312 
4269	147 
4270	1 
4271	42 
4272	117 
4273	157 
4274	179 
4275	77 
4276	335 
4277	147 
4278	262 
4279	335 
4280	167 
4281	236 
4282	105 
4283	91 
4284	124 
4285	103 
4286	328 
4287	148 
4288	79 
4289	62 
4290	113 
4291	127 
4292	341 
4293	146 
4294	238 
4295	98 
4296	283 
4297	130 
4298	147 
4299	31 
4300	108 
4301	180 
4302	222 
4303	42 
4304	319 
4305	301 
4306	292 
4307	159 
4308	82 
4309	25 
4310	319 
4311	165 
4312	161 
4313	84 
4314	11 
4315	53 
4316	8 
4317	149 
4318	196 
4319	169 
4320	260 
4321	272 
4322	59 
4323	223 
4324	305 
4325	104 
4326	192 
4327	47 
4328	106 
4329	131 
4330	227 
4331	200 
4332	80 
4333	200 
4334	33 
4335	341 
4336	10 
4337	49 
4338	235 
4339	47 
4340	255 
4341	326 
4342	164 
4343	301 
4344	179 
4345	139 
4346	106 
4347	3 
4348	210 
4349	157 
4350	161 
4351	143 
4352	12 
4353	139 
4354	266 
4355	97 
4356	128 
4357	240 
4358	146 
4359	246 
4360	165 
4361	205 
4362	15 
4363	236 
4364	321 
4365	302 
4366	70 
4367	31 
4368	42 
4369	230 
4370	248 
4371	37 
4372	287 
4373	243 
4374	263 
4375	297 
4376	56 
4377	97 
4378	229 
4379	33 
4380	126 
4381	287 
4382	310 
4383	130 
4384	335 
4385	155 
4386	88 
4387	75 
4388	121 
4389	207 
4390	167 
4391	35 
4392	116 
4393	19 
4394	99 
4395	285 
4396	240 
4397	242 
4398	54 
4399	99 
4400	193 
4401	271 
4402	167 
4403	270 
4404	312 
4405	170 
4406	38 
4407	249 
4408	225 
4409	335 
4410	216 
4411	20 
4412	121 
4413	14 
4414	287 
4415	9 
4416	181 
4417	246 
4418	274 
4419	241 
4420	251 
4421	41 
4422	131 
4423	161 
4424	89 
4425	33 
4426	68 
4427	263 
4428	147 
4429	2 
4430	147 
4431	194 
4432	170 
4433	271 
4434	91 
4435	252 
4436	44 
4437	24 
4438	305 
4439	192 
4440	174 
4441	270 
4442	99 
4443	148 
4444	88 
4445	255 
4446	255 
4447	89 
4448	285 
4449	317 
4450	30 
4451	220 
4452	136 
4453	139 
4454	75 
4455	299 
4456	327 
4457	41 
4458	200 
4459	310 
4460	162 
4461	287 
4462	181 
4463	11 
4464	106 
4465	318 
4466	304 
4467	207 
4468	45 
4469	51 
4470	211 
4471	219 
4472	36 
4473	272 
4474	199 
4475	222 
4476	173 
4477	110 
4478	182 
4479	336 
4480	41 
4481	33 
4482	311 
4483	66 
4484	118 
4485	314 
4486	70 
4487	320 
4488	318 
4489	103 
4490	327 
4491	139 
4492	289 
4493	191 
4494	187 
4495	289 
4496	158 
4497	302 
4498	217 
4499	314 
4500	330 
4501	127 
4502	4 
4503	61 
4504	263 
4505	89 
4506	54 
4507	155 
4508	308 
4509	193 
4510	111 
4511	245 
4512	170 
4513	182 
4514	35 
4515	334 
4516	124 
4517	7 
4518	180 
4519	168 
4520	128 
4521	293 
4522	226 
4523	275 
4524	46 
4525	105 
4526	287 
4527	31 
4528	204 
4529	158 
4530	296 
4531	246 
4532	258 
4533	161 
4534	14 
4535	253 
4536	223 
4537	61 
4538	115 
4539	228 
4540	51 
4541	335 
4542	122 
4543	202 
4544	215 
4545	278 
4546	168 
4547	3 
4548	39 
4549	11 
4550	253 
4551	124 
4552	216 
4553	59 
4554	187 
4555	12 
4556	317 
4557	84 
4558	253 
4559	338 
4560	157 
4561	317 
4562	178 
4563	181 
4564	55 
4565	47 
4566	110 
4567	90 
4568	161 
4569	117 
4570	332 
4571	106 
4572	263 
4573	322 
4574	126 
4575	35 
4576	139 
4577	217 
4578	46 
4579	142 
4580	150 
4581	95 
4582	213 
4583	178 
4584	312 
4585	308 
4586	316 
4587	190 
4588	139 
4589	329 
4590	46 
4591	99 
4592	16 
4593	39 
4594	197 
4595	199 
4596	317 
4597	61 
4598	59 
4599	187 
4600	74 
4601	1 
4602	130 
4603	52 
4604	223 
4605	41 
4606	213 
4607	111 
4608	237 
4609	105 
4610	149 
4611	213 
4612	335 
4613	252 
4614	237 
4615	155 
4616	158 
4617	95 
4618	120 
4619	309 
4620	223 
4621	88 
4622	24 
4623	175 
4624	122 
4625	127 
4626	323 
4627	273 
4628	155 
4629	310 
4630	115 
4631	317 
4632	41 
4633	198 
4634	147 
4635	71 
4636	71 
4637	192 
4638	3 
4639	106 
4640	48 
4641	266 
4642	207 
4643	172 
4644	34 
4645	235 
4646	63 
4647	264 
4648	240 
4649	209 
4650	332 
4651	128 
4652	220 
4653	103 
4654	177 
4655	147 
4656	152 
4657	124 
4658	275 
4659	105 
4660	240 
4661	230 
4662	26 
4663	272 
4664	26 
4665	43 
4666	32 
4667	186 
4668	53 
4669	28 
4670	78 
4671	312 
4672	278 
4673	156 
4674	61 
4675	160 
4676	173 
4677	126 
4678	5 
4679	19 
4680	114 
4681	209 
4682	61 
4683	53 
4684	248 
4685	316 
4686	78 
4687	115 
4688	138 
4689	289 
4690	299 
4691	181 
4692	21 
4693	208 
4694	279 
4695	68 
4696	129 
4697	119 
4698	72 
4699	41 
4700	185 
4701	246 
4702	43 
4703	42 
4704	166 
4705	35 
4706	116 
4707	83 
4708	75 
4709	24 
4710	278 
4711	276 
4712	285 
4713	86 
4714	327 
4715	118 
4716	287 
4717	87 
4718	161 
4719	257 
4720	125 
4721	147 
4722	244 
4723	264 
4724	14 
4725	310 
4726	253 
4727	88 
4728	108 
4729	335 
4730	146 
4731	174 
4732	301 
4733	167 
4734	315 
4735	297 
4736	246 
4737	15 
4738	173 
4739	69 
4740	31 
4741	25 
4742	35 
4743	131 
4744	22 
4745	181 
4746	19 
4747	223 
4748	167 
4749	124 
4750	161 
4751	277 
4752	278 
4753	169 
4754	66 
4755	276 
4756	77 
4757	99 
4758	230 
4759	182 
4760	237 
4761	266 
4762	38 
4763	142 
4764	217 
4765	35 
4766	95 
4767	168 
4768	246 
4769	272 
4770	171 
4771	115 
4772	265 
4773	48 
4774	277 
4775	196 
4776	274 
4777	32 
4778	190 
4779	87 
4780	213 
4781	245 
4782	115 
4783	270 
4784	287 
4785	53 
4786	138 
4787	267 
4788	115 
4789	46 
4790	193 
4791	1 
4792	245 
4793	97 
4794	88 
4795	248 
4796	274 
4797	207 
4798	228 
4799	160 
4800	228 
4801	321 
4802	116 
4803	329 
4804	273 
4805	150 
4806	257 
4807	160 
4808	209 
4809	11 
4810	127 
4811	335 
4812	132 
4813	141 
4814	219 
4815	87 
4816	246 
4817	63 
4818	152 
4819	79 
4820	337 
4821	48 
4822	111 
4823	3 
4824	115 
4825	251 
4826	277 
4827	117 
4828	269 
4829	155 
4830	304 
4831	14 
4832	42 
4833	148 
4834	314 
4835	241 
4836	19 
4837	82 
4838	61 
4839	101 
4840	274 
4841	68 
4842	153 
4843	181 
4844	88 
4845	26 
4846	91 
4847	130 
4848	143 
4849	93 
4850	210 
4851	23 
4852	266 
4853	219 
4854	335 
4855	60 
4856	52 
4857	323 
4858	80 
4859	276 
4860	68 
4861	171 
4862	100 
4863	106 
4864	99 
4865	131 
4866	3 
4867	39 
4868	44 
4869	231 
4870	312 
4871	66 
4872	189 
4873	331 
4874	324 
4875	141 
4876	145 
4877	199 
4878	298 
4879	165 
4880	290 
4881	46 
4882	66 
4883	56 
4884	79 
4885	34 
4886	86 
4887	278 
4888	158 
4889	75 
4890	33 
4891	28 
4892	58 
4893	157 
4894	98 
4895	100 
4896	26 
4897	206 
4898	256 
4899	240 
4900	142 
4901	251 
4902	263 
4903	165 
4904	289 
4905	221 
4906	146 
4907	61 
4908	276 
4909	251 
4910	169 
4911	114 
4912	39 
4913	40 
4914	100 
4915	71 
4916	288 
4917	115 
4918	188 
4919	50 
4920	136 
4921	166 
4922	254 
4923	99 
4924	207 
4925	161 
4926	253 
4927	207 
4928	41 
4929	117 
4930	180 
4931	37 
4932	91 
4933	209 
4934	251 
4935	171 
4936	197 
4937	222 
4938	265 
4939	244 
4940	55 
4941	293 
4942	206 
4943	115 
4944	250 
4945	262 
4946	226 
4947	37 
4948	265 
4949	156 
4950	190 
4951	180 
4952	214 
4953	127 
4954	76 
4955	77 
4956	329 
4957	124 
4958	91 
4959	253 
4960	40 
4961	142 
4962	281 
4963	2 
4964	312 
4965	264 
4966	189 
4967	89 
4968	207 
4969	336 
4970	270 
4971	35 
4972	24 
4973	48 
4974	301 
4975	56 
4976	97 
4977	326 
4978	10 
4979	49 
4980	336 
4981	200 
4982	200 
4983	13 
4984	199 
4985	124 
4986	177 
4987	214 
4988	120 
4989	94 
4990	123 
4991	6 
4992	66 
4993	192 
4994	187 
4995	317 
4996	288 
4997	4 
4998	250 
4999	222 
5000	208 
5001	263 
5002	148 
5003	270 
5004	37 
5005	122 
5006	117 
5007	33 
5008	38 
5009	251 
5010	206 
5011	38 
5012	110 
5013	65 
5014	299 
5015	152 
5016	93 
5017	164 
5018	225 
5019	155 
5020	293 
5021	139 
5022	107 
5023	59 
5024	273 
5025	256 
5026	193 
5027	266 
5028	318 
5029	71 
5030	136 
5031	268 
5032	96 
5033	43 
5034	334 
5035	155 
5036	339 
5037	250 
5038	171 
5039	226 
5040	166 
5041	55 
5042	50 
5043	94 
5044	198 
5045	68 
5046	131 
5047	305 
5048	164 
5049	127 
5050	94 
5051	96 
5052	65 
5053	155 
5054	22 
5055	24 
5056	284 
5057	324 
5058	147 
5059	19 
5060	51 
5061	93 
5062	98 
5063	210 
5064	335 
5065	104 
5066	111 
5067	211 
5068	293 
5069	236 
5070	11 
5071	139 
5072	168 
5073	117 
5074	314 
5075	148 
5076	146 
5077	318 
5078	181 
5079	99 
5080	251 
5081	251 
5082	164 
5083	127 
5084	131 
5085	96 
5086	240 
5087	267 
5088	262 
5089	250 
5090	11 
5091	153 
5092	140 
5093	78 
5094	41 
5095	341 
5096	310 
5097	335 
5098	270 
5099	22 
5100	215 
5101	110 
5102	140 
5103	223 
5104	139 
5105	25 
5106	164 
5107	69 
5108	200 
5109	176 
5110	86 
5111	139 
5112	136 
5113	33 
5114	222 
5115	160 
5116	209 
5117	206 
5118	124 
5119	277 
5120	14 
5121	202 
5122	25 
5123	90 
5124	11 
5125	277 
5126	75 
5127	298 
5128	103 
5129	161 
5130	103 
5131	224 
5132	49 
5133	131 
5134	304 
5135	2 
5136	225 
5137	123 
5138	51 
5139	118 
5140	240 
5141	99 
5142	276 
5143	40 
5144	39 
5145	124 
5146	290 
5147	226 
5148	52 
5149	183 
5150	251 
5151	68 
5152	17 
5153	71 
5154	287 
5155	39 
5156	265 
5157	287 
5158	308 
5159	14 
5160	284 
5161	177 
5162	139 
5163	311 
5164	60 
5165	183 
5166	296 
5167	323 
5168	242 
5169	283 
5170	139 
5171	238 
5172	100 
5173	105 
5174	160 
5175	219 
5176	191 
5177	329 
5178	134 
5179	228 
5180	253 
5181	95 
5182	62 
5183	36 
5184	91 
5185	203 
5186	68 
5187	188 
5188	187 
5189	283 
5190	170 
5191	43 
5192	312 
5193	56 
5194	22 
5195	312 
5196	97 
5197	289 
5198	267 
5199	251 
5200	258 
5201	71 
5202	202 
5203	263 
5204	24 
5205	323 
5206	170 
5207	110 
5208	5 
5209	95 
5210	37 
5211	140 
5212	169 
5213	14 
5214	134 
5215	314 
5216	70 
5217	287 
5218	337 
5219	25 
5220	1 
5221	311 
5222	19 
5223	49 
5224	214 
5225	200 
5226	162 
5227	220 
5228	207 
5229	227 
5230	231 
5231	326 
5232	333 
5233	284 
5234	296 
5235	190 
5236	146 
5237	140 
5238	301 
5239	242 
5240	134 
5241	181 
5242	174 
5243	171 
5244	42 
5245	225 
5246	158 
5247	317 
5248	255 
5249	157 
5250	321 
5251	196 
5252	219 
5253	213 
5254	226 
5255	260 
5256	46 
5257	53 
5258	97 
5259	189 
5260	290 
5261	301 
5262	20 
5263	210 
5264	324 
5265	180 
5266	240 
5267	88 
5268	91 
5269	86 
5270	3 
5271	89 
5272	106 
5273	169 
5274	308 
5275	193 
5276	9 
5277	110 
5278	338 
5279	91 
5280	299 
5281	89 
5282	291 
5283	168 
5284	124 
5285	222 
5286	209 
5287	39 
5288	68 
5289	221 
5290	256 
5291	230 
5292	222 
5293	21 
5294	94 
5295	4 
5296	308 
5297	211 
5298	310 
5299	105 
5300	284 
5301	97 
5302	97 
5303	199 
5304	133 
5305	50 
5306	23 
5307	284 
5308	287 
5309	331 
5310	103 
5311	94 
5312	326 
5313	138 
5314	169 
5315	103 
5316	237 
5317	4 
5318	118 
5319	33 
5320	33 
5321	253 
5322	5 
5323	88 
5324	96 
5325	86 
5326	53 
5327	317 
5328	142 
5329	304 
5330	310 
5331	251 
5332	100 
5333	11 
5334	12 
5335	322 
5336	326 
5337	153 
5338	199 
5339	336 
5340	12 
5341	198 
5342	181 
5343	39 
5344	162 
5345	320 
5346	28 
5347	145 
5348	31 
5349	243 
5350	220 
5351	18 
5352	101 
5353	146 
5354	328 
5355	222 
5356	170 
5357	185 
5358	222 
5359	272 
5360	71 
5361	52 
5362	255 
5363	142 
5364	302 
5365	323 
5366	243 
5367	318 
5368	239 
5369	131 
5370	1 
5371	292 
5372	318 
5373	192 
5374	224 
5375	186 
5376	12 
5377	276 
5378	204 
5379	79 
5380	146 
5381	300 
5382	238 
5383	240 
5384	2 
5385	131 
5386	123 
5387	169 
5388	176 
5389	327 
5390	80 
5391	188 
5392	339 
5393	291 
5394	77 
5395	293 
5396	287 
5397	56 
5398	77 
5399	294 
5400	275 
5401	183 
5402	272 
5403	75 
5404	99 
5405	146 
5406	28 
5407	43 
5408	160 
5409	142 
5410	44 
5411	154 
5412	240 
5413	221 
5414	142 
5415	82 
5416	106 
5417	1 
5418	240 
5419	337 
5420	101 
5421	311 
5422	153 
5423	155 
5424	1 
5425	336 
5426	160 
5427	287 
5428	13 
5429	149 
5430	328 
5431	216 
5432	43 
5433	130 
5434	240 
5435	224 
5436	26 
5437	236 
5438	279 
5439	144 
5440	41 
5441	267 
5442	187 
5443	210 
5444	274 
5445	263 
5446	289 
5447	65 
5448	200 
5449	5 
5450	133 
5451	35 
5452	126 
5453	308 
5454	146 
5455	168 
5456	122 
5457	315 
5458	301 
5459	71 
5460	260 
5461	117 
5462	292 
5463	244 
5464	147 
5465	277 
5466	272 
5467	290 
5468	173 
5469	255 
5470	119 
5471	139 
5472	332 
5473	155 
5474	283 
5475	316 
5476	11 
5477	62 
5478	126 
5479	3 
5480	311 
5481	245 
5482	156 
5483	212 
5484	86 
5485	62 
5486	322 
5487	183 
5488	319 
5489	49 
5490	207 
5491	323 
5492	321 
5493	122 
5494	251 
5495	42 
5496	198 
5497	336 
5498	311 
5499	106 
5500	293 
5501	209 
5502	180 
5503	302 
5504	287 
5505	89 
5506	31 
5507	66 
5508	1 
5509	28 
5510	181 
5511	147 
5512	222 
5513	107 
5514	140 
5515	317 
5516	105 
5517	77 
5518	115 
5519	126 
5520	154 
5521	241 
5522	43 
5523	252 
5524	238 
5525	139 
5526	272 
5527	306 
5528	207 
5529	251 
5530	1 
5531	245 
5532	214 
5533	330 
5534	58 
5535	155 
5536	245 
5537	210 
5538	126 
5539	145 
5540	280 
5541	18 
5542	87 
5543	24 
5544	321 
5545	291 
5546	124 
5547	243 
5548	229 
5549	124 
5550	161 
5551	339 
5552	211 
5553	111 
5554	240 
5555	244 
5556	158 
5557	15 
5558	336 
5559	28 
5560	270 
5561	208 
5562	274 
5563	257 
5564	100 
5565	167 
5566	83 
5567	173 
5568	44 
5569	97 
5570	140 
5571	1 
5572	287 
5573	51 
5574	104 
5575	306 
5576	229 
5577	117 
5578	254 
5579	188 
5580	149 
5581	298 
5582	208 
5583	311 
5584	208 
5585	68 
5586	35 
5587	149 
5588	2 
5589	70 
5590	155 
5591	114 
5592	339 
5593	162 
5594	76 
5595	114 
5596	271 
5597	166 
5598	202 
5599	275 
5600	180 
5601	101 
5602	300 
5603	306 
5604	253 
5605	268 
5606	312 
5607	308 
5608	51 
5609	226 
5610	317 
5611	56 
5612	192 
5613	292 
5614	192 
5615	305 
5616	136 
5617	239 
5618	232 
5619	4 
5620	88 
5621	43 
5622	21 
5623	156 
5624	199 
5625	46 
5626	89 
5627	329 
5628	299 
5629	61 
5630	263 
5631	187 
5632	206 
5633	236 
5634	147 
5635	304 
5636	26 
5637	182 
5638	34 
5639	237 
5640	207 
5641	239 
5642	302 
5643	105 
5644	136 
5645	140 
5646	165 
5647	169 
5648	77 
5649	177 
5650	156 
5651	249 
5652	38 
5653	173 
5654	143 
5655	308 
5656	329 
5657	43 
5658	301 
5659	130 
5660	86 
5661	100 
5662	239 
5663	105 
5664	172 
5665	18 
5666	35 
5667	126 
5668	171 
5669	187 
5670	139 
5671	199 
5672	78 
5673	289 
5674	66 
5675	273 
5676	263 
5677	146 
5678	192 
5679	67 
5680	15 
5681	199 
5682	186 
5683	188 
5684	94 
5685	41 
5686	250 
5687	214 
5688	94 
5689	234 
5690	7 
5691	221 
5692	181 
5693	292 
5694	117 
5695	197 
5696	105 
5697	187 
5698	250 
5699	3 
5700	21 
5701	165 
5702	131 
5703	101 
5704	322 
5705	257 
5706	68 
5707	284 
5708	68 
5709	254 
5710	275 
5711	35 
5712	191 
5713	94 
5714	275 
5715	98 
5716	175 
5717	206 
5718	173 
5719	290 
5720	3 
5721	1 
5722	50 
5723	187 
5724	187 
5725	31 
5726	162 
5727	153 
5728	249 
5729	213 
5730	271 
5731	65 
5732	255 
5733	129 
5734	165 
5735	154 
5736	329 
5737	111 
5738	139 
5739	90 
5740	61 
5741	236 
5742	92 
5743	93 
5744	206 
5745	169 
5746	146 
5747	107 
5748	129 
5749	98 
5750	333 
5751	174 
5752	180 
5753	7 
5754	182 
5755	11 
5756	88 
5757	156 
5758	33 
5759	94 
5760	180 
5761	308 
5762	329 
5763	240 
5764	204 
5765	294 
5766	18 
5767	55 
5768	34 
5769	113 
5770	285 
5771	86 
5772	207 
5773	252 
5774	264 
5775	286 
5776	51 
5777	137 
5778	314 
5779	169 
5780	130 
5781	309 
5782	143 
5783	239 
5784	155 
5785	311 
5786	187 
5787	183 
5788	318 
5789	96 
5790	239 
5791	193 
5792	230 
5793	174 
5794	279 
5795	46 
5796	137 
5797	289 
5798	249 
5799	100 
5800	271 
5801	234 
5802	110 
5803	74 
5804	28 
5805	292 
5806	294 
5807	284 
5808	211 
5809	200 
5810	87 
5811	185 
5812	148 
5813	34 
5814	319 
5815	204 
5816	308 
5817	19 
5818	202 
5819	226 
5820	133 
5821	298 
5822	329 
5823	252 
5824	239 
5825	3 
5826	172 
5827	93 
5828	14 
5829	189 
5830	235 
5831	35 
5832	164 
5833	3 
5834	49 
5835	17 
5836	257 
5837	222 
5838	86 
5839	256 
5840	70 
5841	169 
5842	287 
5843	31 
5844	107 
5845	120 
5846	270 
5847	282 
5848	35 
5849	332 
5850	103 
5851	302 
5852	22 
5853	123 
5854	169 
5855	243 
5856	14 
5857	222 
5858	155 
5859	146 
5860	237 
5861	124 
5862	100 
5863	147 
5864	239 
5865	146 
5866	144 
5867	93 
5868	39 
5869	101 
5870	257 
5871	182 
5872	93 
5873	286 
5874	315 
5875	120 
5876	40 
5877	84 
5878	147 
5879	204 
5880	136 
5881	236 
5882	207 
5883	84 
5884	191 
5885	240 
5886	142 
5887	117 
5888	270 
5889	222 
5890	74 
5891	248 
5892	140 
5893	114 
5894	315 
5895	119 
5896	253 
5897	153 
5898	99 
5899	302 
5900	333 
5901	164 
5902	187 
5903	301 
5904	149 
5905	160 
5906	188 
5907	272 
5908	60 
5909	339 
5910	321 
5911	21 
5912	221 
5913	203 
5914	265 
5915	14 
5916	88 
5917	212 
5918	177 
5919	157 
5920	242 
5921	304 
5922	146 
5923	74 
5924	35 
5925	283 
5926	214 
5927	280 
5928	207 
5929	144 
5930	227 
5931	21 
5932	198 
5933	310 
5934	136 
5935	207 
5936	56 
5937	301 
5938	115 
5939	106 
5940	282 
5941	301 
5942	126 
5943	241 
5944	34 
5945	208 
5946	240 
5947	187 
5948	19 
5949	265 
5950	315 
5951	124 
5952	225 
5953	260 
5954	335 
5955	90 
5956	131 
5957	270 
5958	42 
5959	199 
5960	167 
5961	189 
5962	276 
5963	249 
5964	190 
5965	139 
5966	246 
5967	37 
5968	176 
5969	129 
5970	188 
5971	119 
5972	3 
5973	193 
5974	33 
5975	83 
5976	116 
5977	168 
5978	263 
5979	110 
5980	333 
5981	143 
5982	90 
5983	216 
5984	123 
5985	3 
5986	285 
5987	207 
5988	1 
5989	188 
5990	95 
5991	274 
5992	168 
5993	287 
5994	153 
5995	321 
5996	216 
5997	254 
5998	164 
5999	79 
6000	35 
6001	204 
6002	277 
6003	227 
6004	237 
6005	190 
6006	143 
6007	319 
6008	287 
6009	28 
6010	222 
6011	68 
6012	183 
6013	267 
6014	184 
6015	152 
6016	296 
6017	207 
6018	230 
6019	187 
6020	285 
6021	89 
6022	285 
6023	288 
6024	339 
6025	290 
6026	113 
6027	319 
6028	185 
6029	59 
6030	127 
6031	166 
6032	213 
6033	286 
6034	222 
6035	184 
6036	184 
6037	12 
6038	79 
6039	317 
6040	101 
6041	170 
6042	155 
6043	296 
6044	240 
6045	276 
6046	301 
6047	6 
6048	41 
6049	332 
6050	130 
6051	226 
6052	117 
6053	14 
6054	115 
6055	72 
6056	125 
6057	310 
6058	234 
6059	236 
6060	333 
6061	312 
6062	14 
6063	38 
6064	273 
6065	114 
6066	79 
6067	43 
6068	209 
6069	127 
6070	68 
6071	204 
6072	260 
6073	310 
6074	242 
6075	134 
6076	274 
6077	86 
6078	330 
6079	277 
6080	22 
6081	111 
6082	33 
6083	100 
6084	97 
6085	188 
6086	129 
6087	91 
6088	325 
6089	249 
6090	235 
6091	239 
6092	257 
6093	37 
6094	129 
6095	91 
6096	148 
6097	306 
6098	266 
6099	274 
6100	160 
6101	91 
6102	110 
6103	120 
6104	305 
6105	61 
6106	105 
6107	49 
6108	132 
6109	9 
6110	89 
6111	216 
6112	97 
6113	188 
6114	126 
6115	256 
6116	316 
6117	1 
6118	248 
6119	142 
6120	298 
6121	28 
6122	139 
6123	310 
6124	252 
6125	3 
6126	22 
6127	42 
6128	9 
6129	221 
6130	288 
6131	191 
6132	216 
6133	149 
6134	99 
6135	219 
6136	14 
6137	246 
6138	5 
6139	35 
6140	131 
6141	214 
6142	296 
6143	42 
6144	119 
6145	192 
6146	10 
6147	172 
6148	155 
6149	130 
6150	336 
6151	272 
6152	39 
6153	117 
6154	326 
6155	336 
6156	180 
6157	190 
6158	42 
6159	264 
6160	197 
6161	230 
6162	173 
6163	268 
6164	310 
6165	314 
6166	152 
6167	105 
6168	282 
6169	41 
6170	101 
6171	56 
6172	244 
6173	192 
6174	293 
6175	318 
6176	299 
6177	230 
6178	4 
6179	18 
6180	124 
6181	46 
6182	46 
6183	224 
6184	187 
6185	281 
6186	240 
6187	107 
6188	119 
6189	309 
6190	230 
6191	239 
6192	55 
6193	266 
6194	308 
6195	270 
6196	78 
6197	24 
6198	71 
6199	99 
6200	339 
6201	263 
6202	209 
6203	181 
6204	234 
6205	41 
6206	211 
6207	283 
6208	125 
6209	101 
6210	232 
6211	204 
6212	158 
6213	268 
6214	282 
6215	100 
6216	245 
6217	249 
6218	318 
6219	126 
6220	275 
6221	100 
6222	28 
6223	274 
6224	192 
6225	74 
6226	77 
6227	89 
6228	55 
6229	155 
6230	105 
6231	253 
6232	146 
6233	55 
6234	237 
6235	144 
6236	332 
6237	214 
6238	56 
6239	152 
6240	210 
6241	321 
6242	6 
6243	148 
6244	5 
6245	305 
6246	90 
6247	147 
6248	42 
6249	72 
6250	299 
6251	335 
6252	238 
6253	221 
6254	39 
6255	154 
6256	174 
6257	312 
6258	23 
6259	111 
6260	181 
6261	221 
6262	77 
6263	174 
6264	168 
6265	12 
6266	193 
6267	298 
6268	66 
6269	97 
6270	38 
6271	324 
6272	309 
6273	142 
6274	285 
6275	129 
6276	134 
6277	176 
6278	292 
6279	251 
6280	40 
6281	289 
6282	61 
6283	222 
6284	197 
6285	337 
6286	283 
6287	60 
6288	231 
6289	164 
6290	70 
6291	268 
6292	68 
6293	200 
6294	35 
6295	309 
6296	255 
6297	15 
6298	169 
6299	257 
6300	203 
6301	34 
6302	227 
6303	60 
6304	246 
6305	248 
6306	98 
6307	226 
6308	166 
6309	155 
6310	238 
6311	46 
6312	275 
6313	207 
6314	215 
6315	107 
6316	330 
6317	11 
6318	88 
6319	235 
6320	13 
6321	263 
6322	185 
6323	41 
6324	266 
6325	161 
6326	257 
6327	103 
6328	265 
6329	130 
6330	38 
6331	39 
6332	82 
6333	160 
6334	175 
6335	273 
6336	22 
6337	202 
6338	273 
6339	169 
6340	308 
6341	106 
6342	78 
6343	331 
6344	275 
6345	321 
6346	200 
6347	311 
6348	76 
6349	158 
6350	317 
6351	330 
6352	71 
6353	299 
6354	264 
6355	6 
6356	169 
6357	77 
6358	114 
6359	106 
6360	83 
6361	283 
6362	242 
6363	103 
6364	331 
6365	333 
6366	48 
6367	149 
6368	323 
6369	301 
6370	10 
6371	253 
6372	13 
6373	322 
6374	131 
6375	1 
6376	18 
6377	298 
6378	255 
6379	53 
6380	52 
6381	12 
6382	272 
6383	84 
6384	285 
6385	270 
6386	237 
6387	130 
6388	117 
6389	91 
6390	17 
6391	142 
6392	280 
6393	122 
6394	18 
6395	263 
6396	222 
6397	253 
6398	87 
6399	132 
6400	52 
6401	111 
6402	311 
6403	292 
6404	240 
6405	318 
6406	188 
6407	110 
6408	111 
6409	122 
6410	105 
6411	285 
6412	12 
6413	77 
6414	92 
6415	53 
6416	106 
6417	142 
6418	292 
6419	190 
6420	124 
6421	106 
6422	293 
6423	38 
6424	93 
6425	248 
6426	294 
6427	289 
6428	143 
6429	180 
6430	312 
6431	316 
6432	172 
6433	31 
6434	139 
6435	318 
6436	265 
6437	336 
6438	240 
6439	88 
6440	323 
6441	149 
6442	188 
6443	301 
6444	35 
6445	337 
6446	299 
6447	6 
6448	197 
6449	329 
6450	101 
6451	145 
6452	35 
6453	78 
6454	1 
6455	115 
6456	42 
6457	256 
6458	41 
6459	240 
6460	304 
6461	293 
6462	113 
6463	251 
6464	267 
6465	67 
6466	301 
6467	103 
6468	306 
6469	111 
6470	239 
6471	290 
6472	210 
6473	262 
6474	243 
6475	42 
6476	43 
6477	242 
6478	207 
6479	122 
6480	83 
6481	130 
6482	275 
6483	198 
6484	254 
6485	192 
6486	260 
6487	290 
6488	225 
6489	260 
6490	100 
6491	142 
6492	326 
6493	230 
6494	35 
6495	184 
6496	3 
6497	236 
6498	253 
6499	35 
6500	200 
6501	312 
6502	131 
6503	74 
6504	126 
6505	220 
6506	18 
6507	175 
6508	289 
6509	255 
6510	38 
6511	228 
6512	249 
6513	249 
6514	333 
6515	116 
6516	117 
6517	34 
6518	52 
6519	316 
6520	236 
6521	322 
6522	274 
6523	335 
6524	74 
6525	251 
6526	191 
6527	43 
6528	268 
6529	325 
6530	240 
6531	274 
6532	15 
6533	191 
6534	290 
6535	263 
6536	208 
6537	290 
6538	88 
6539	317 
6540	137 
6541	311 
6542	140 
6543	28 
6544	146 
6545	337 
6546	161 
6547	239 
6548	39 
6549	236 
6550	221 
6551	143 
6552	144 
6553	272 
6554	99 
6555	275 
6556	162 
6557	298 
6558	86 
6559	234 
6560	336 
6561	308 
6562	311 
6563	71 
6564	272 
6565	199 
6566	326 
6567	331 
6568	192 
6569	137 
6570	97 
6571	290 
6572	200 
6573	9 
6574	259 
6575	224 
6576	228 
6577	119 
6578	219 
6579	173 
6580	127 
6581	244 
6582	236 
6583	164 
6584	74 
6585	9 
6586	185 
6587	335 
6588	166 
6589	207 
6590	2 
6591	279 
6592	156 
6593	262 
6594	136 
6595	332 
6596	306 
6597	78 
6598	301 
6599	80 
6600	101 
6601	253 
6602	91 
6603	292 
6604	246 
6605	97 
6606	70 
6607	133 
6608	39 
6609	167 
6610	255 
6611	311 
6612	329 
6613	311 
6614	227 
6615	77 
6616	248 
6617	22 
6618	143 
6619	335 
6620	72 
6621	33 
6622	224 
6623	137 
6624	148 
6625	115 
6626	93 
6627	275 
6628	198 
6629	117 
6630	122 
6631	91 
6632	244 
6633	160 
6634	211 
6635	325 
6636	248 
6637	12 
6638	157 
6639	337 
6640	308 
6641	239 
6642	203 
6643	223 
6644	301 
6645	154 
6646	156 
6647	87 
6648	146 
6649	204 
6650	97 
6651	328 
6652	229 
6653	117 
6654	157 
6655	273 
6656	160 
6657	337 
6658	274 
6659	334 
6660	117 
6661	166 
6662	180 
6663	60 
6664	100 
6665	165 
6666	321 
6667	240 
6668	323 
6669	294 
6670	208 
6671	287 
6672	211 
6673	10 
6674	115 
6675	339 
6676	323 
6677	138 
6678	140 
6679	134 
6680	234 
6681	53 
6682	74 
6683	220 
6684	238 
6685	92 
6686	199 
6687	255 
6688	301 
6689	325 
6690	191 
6691	293 
6692	92 
6693	237 
6694	59 
6695	114 
6696	298 
6697	308 
6698	222 
6699	223 
6700	24 
6701	170 
6702	246 
6703	281 
6704	332 
6705	228 
6706	175 
6707	171 
6708	101 
6709	148 
6710	287 
6711	270 
6712	93 
6713	242 
6714	160 
6715	23 
6716	6 
6717	299 
6718	209 
6719	9 
6720	299 
6721	241 
6722	266 
6723	98 
6724	265 
6725	35 
6726	299 
6727	126 
6728	305 
6729	268 
6730	311 
6731	133 
6732	308 
6733	181 
6734	282 
6735	77 
6736	158 
6737	31 
6738	144 
6739	1 
6740	305 
6741	254 
6742	176 
6743	77 
6744	252 
6745	33 
6746	185 
6747	79 
6748	192 
6749	314 
6750	245 
6751	23 
6752	71 
6753	329 
6754	78 
6755	33 
6756	339 
6757	173 
6758	67 
6759	55 
6760	242 
6761	290 
6762	293 
6763	198 
6764	268 
6765	266 
6766	258 
6767	144 
6768	170 
6769	138 
6770	176 
6771	208 
6772	129 
6773	249 
6774	285 
6775	113 
6776	82 
6777	89 
6778	291 
6779	339 
6780	173 
6781	119 
6782	145 
6783	2 
6784	283 
6785	265 
6786	42 
6787	49 
6788	285 
6789	42 
6790	318 
6791	60 
6792	91 
6793	318 
6794	260 
6795	215 
6796	124 
6797	210 
6798	132 
6799	280 
6800	78 
6801	127 
6802	76 
6803	95 
6804	155 
6805	216 
6806	120 
6807	280 
6808	134 
6809	161 
6810	298 
6811	256 
6812	126 
6813	223 
6814	131 
6815	262 
6816	290 
6817	314 
6818	241 
6819	301 
6820	106 
6821	310 
6822	210 
6823	212 
6824	56 
6825	250 
6826	309 
6827	99 
6828	206 
6829	99 
6830	244 
6831	24 
6832	268 
6833	193 
6834	291 
6835	220 
6836	127 
6837	164 
6838	142 
6839	215 
6840	125 
6841	299 
6842	228 
6843	61 
6844	238 
6845	335 
6846	329 
6847	270 
6848	290 
6849	329 
6850	301 
6851	292 
6852	306 
6853	49 
6854	18 
6855	131 
6856	289 
6857	288 
6858	301 
6859	292 
6860	38 
6861	139 
6862	175 
6863	208 
6864	180 
6865	71 
6866	248 
6867	51 
6868	117 
6869	125 
6870	290 
6871	10 
6872	174 
6873	240 
6874	180 
6875	116 
6876	288 
6877	189 
6878	14 
6879	225 
6880	215 
6881	199 
6882	276 
6883	110 
6884	263 
6885	66 
6886	221 
6887	225 
6888	262 
6889	35 
6890	275 
6891	106 
6892	257 
6893	304 
6894	115 
6895	82 
6896	306 
6897	132 
6898	174 
6899	11 
6900	270 
6901	248 
6902	99 
6903	168 
6904	22 
6905	292 
6906	274 
6907	161 
6908	225 
6909	131 
6910	222 
6911	229 
6912	337 
6913	139 
6914	60 
6915	321 
6916	285 
6917	213 
6918	257 
6919	246 
6920	224 
6921	9 
6922	71 
6923	181 
6924	137 
6925	212 
6926	207 
6927	325 
6928	126 
6929	130 
6930	160 
6931	103 
6932	268 
6933	171 
6934	296 
6935	75 
6936	33 
6937	306 
6938	329 
6939	305 
6940	49 
6941	130 
6942	10 
6943	299 
6944	321 
6945	309 
6946	17 
6947	113 
6948	272 
6949	60 
6950	204 
6951	258 
6952	206 
6953	257 
6954	319 
6955	42 
6956	126 
6957	100 
6958	318 
6959	134 
6960	1 
6961	329 
6962	35 
6963	285 
6964	285 
6965	306 
6966	249 
6967	91 
6968	243 
6969	246 
6970	301 
6971	270 
6972	312 
6973	139 
6974	80 
6975	265 
6976	286 
6977	225 
6978	13 
6979	100 
6980	225 
6981	6 
6982	103 
6983	70 
6984	139 
6985	89 
6986	270 
6987	204 
6988	256 
6989	155 
6990	292 
6991	46 
6992	148 
6993	87 
6994	339 
6995	318 
6996	41 
6997	193 
6998	134 
6999	326 
7000	223 
7001	188 
7002	137 
7003	15 
7004	49 
7005	52 
7006	332 
7007	180 
7008	162 
7009	144 
7010	229 
7011	174 
7012	169 
7013	89 
7014	288 
7015	70 
7016	167 
7017	226 
7018	188 
7019	299 
7020	329 
7021	330 
7022	301 
7023	1 
7024	328 
7025	5 
7026	78 
7027	103 
7028	325 
7029	221 
7030	143 
7031	304 
7032	59 
7033	210 
7034	13 
7035	275 
7036	246 
7037	140 
7038	207 
7039	134 
7040	242 
7041	203 
7042	176 
7043	23 
7044	136 
7045	24 
7046	274 
7047	226 
7048	117 
7049	88 
7050	130 
7051	252 
7052	184 
7053	142 
7054	19 
7055	168 
7056	37 
7057	152 
7058	180 
7059	149 
7060	319 
7061	155 
7062	241 
7063	238 
7064	39 
7065	59 
7066	308 
7067	160 
7068	33 
7069	202 
7070	94 
7071	15 
7072	149 
7073	88 
7074	165 
7075	311 
7076	82 
7077	152 
7078	325 
7079	301 
7080	308 
7081	306 
7082	306 
7083	222 
7084	9 
7085	169 
7086	133 
7087	126 
7088	252 
7089	62 
7090	225 
7091	237 
7092	17 
7093	262 
7094	256 
7095	113 
7096	292 
7097	270 
7098	308 
7099	266 
7100	42 
7101	294 
7102	318 
7103	17 
7104	106 
7105	206 
7106	169 
7107	291 
7108	160 
7109	156 
7110	158 
7111	147 
7112	91 
7113	211 
7114	210 
7115	188 
7116	293 
7117	258 
7118	253 
7119	242 
7120	310 
7121	257 
7122	208 
7123	322 
7124	169 
7125	221 
7126	160 
7127	185 
7128	131 
7129	237 
7130	221 
7131	131 
7132	252 
7133	17 
7134	320 
7135	160 
7136	171 
7137	88 
7138	290 
7139	167 
7140	319 
7141	319 
7142	162 
7143	299 
7144	206 
7145	242 
7146	326 
7147	51 
7148	228 
7149	223 
7150	336 
7151	249 
7152	300 
7153	308 
7154	173 
7155	337 
7156	37 
7157	216 
7158	66 
7159	67 
7160	146 
7161	136 
7162	242 
7163	89 
7164	256 
7165	125 
7166	322 
7167	315 
7168	310 
7169	53 
7170	251 
7171	79 
7172	227 
7173	15 
7174	71 
7175	339 
7176	291 
7177	14 
7178	146 
7179	324 
7180	258 
7181	248 
7182	230 
7183	10 
7184	207 
7185	55 
7186	24 
7187	335 
7188	119 
7189	255 
7190	55 
7191	321 
7192	257 
7193	111 
7194	282 
7195	145 
7196	296 
7197	312 
7198	60 
7199	90 
7200	88 
7201	149 
7202	114 
7203	46 
7204	99 
7205	253 
7206	161 
7207	185 
7208	60 
7209	86 
7210	1 
7211	143 
7212	138 
7213	192 
7214	301 
7215	155 
7216	124 
7217	206 
7218	126 
7219	117 
7220	48 
7221	37 
7222	204 
7223	23 
7224	289 
7225	120 
7226	110 
7227	2 
7228	5 
7229	91 
7230	144 
7231	89 
7232	70 
7233	132 
7234	206 
7235	113 
7236	122 
7237	137 
7238	254 
7239	310 
7240	236 
7241	252 
7242	299 
7243	176 
7244	289 
7245	136 
7246	181 
7247	204 
7248	309 
7249	262 
7250	203 
7251	293 
7252	280 
7253	308 
7254	310 
7255	117 
7256	207 
7257	139 
7258	97 
7259	116 
7260	315 
7261	88 
7262	110 
7263	51 
7264	164 
7265	111 
7266	103 
7267	250 
7268	97 
7269	319 
7270	244 
7271	326 
7272	252 
7273	312 
7274	48 
7275	24 
7276	170 
7277	283 
7278	89 
7279	62 
7280	252 
7281	339 
7282	126 
7283	224 
7284	116 
7285	310 
7286	188 
7287	319 
7288	35 
7289	105 
7290	169 
7291	133 
7292	127 
7293	258 
7294	240 
7295	31 
7296	28 
7297	156 
7298	76 
7299	209 
7300	162 
7301	301 
7302	254 
7303	317 
7304	35 
7305	240 
7306	143 
7307	127 
7308	185 
7309	99 
7310	240 
7311	117 
7312	152 
7313	318 
7314	287 
7315	256 
7316	89 
7317	224 
7318	158 
7319	314 
7320	175 
7321	251 
7322	59 
7323	71 
7324	41 
7325	221 
7326	155 
7327	41 
7328	66 
7329	248 
7330	156 
7331	322 
7332	89 
7333	175 
7334	158 
7335	236 
7336	306 
7337	10 
7338	329 
7339	287 
7340	260 
7341	322 
7342	190 
7343	191 
7344	31 
7345	220 
7346	274 
7347	240 
7348	68 
7349	253 
7350	227 
7351	322 
7352	276 
7353	5 
7354	39 
7355	39 
7356	309 
7357	39 
7358	270 
7359	115 
7360	288 
7361	190 
7362	289 
7363	89 
7364	318 
7365	197 
7366	156 
7367	272 
7368	270 
7369	97 
7370	77 
7371	115 
7372	190 
7373	310 
7374	302 
7375	324 
7376	255 
7377	190 
7378	10 
7379	53 
7380	309 
7381	272 
7382	59 
7383	105 
7384	204 
7385	249 
7386	242 
7387	296 
7388	136 
7389	166 
7390	199 
7391	302 
7392	117 
7393	110 
7394	229 
7395	290 
7396	322 
7397	265 
7398	124 
7399	157 
7400	68 
7401	202 
7402	258 
7403	190 
7404	145 
7405	309 
7406	68 
7407	43 
7408	139 
7409	77 
7410	41 
7411	3 
7412	221 
7413	11 
7414	35 
7415	155 
7416	173 
7417	220 
7418	131 
7419	319 
7420	3 
7421	225 
7422	243 
7423	265 
7424	237 
7425	255 
7426	324 
7427	113 
7428	273 
7429	113 
7430	322 
7431	229 
7432	190 
7433	275 
7434	13 
7435	117 
7436	263 
7437	10 
7438	34 
7439	275 
7440	130 
7441	120 
7442	240 
7443	115 
7444	19 
7445	301 
7446	11 
7447	311 
7448	270 
7449	192 
7450	329 
7451	148 
7452	225 
7453	300 
7454	190 
7455	318 
7456	255 
7457	119 
7458	292 
7459	126 
7460	110 
7461	193 
7462	171 
7463	226 
7464	143 
7465	114 
7466	144 
7467	171 
7468	207 
7469	316 
7470	266 
7471	223 
7472	216 
7473	114 
7474	318 
7475	132 
7476	23 
7477	248 
7478	204 
7479	270 
7480	68 
7481	334 
7482	78 
7483	175 
7484	187 
7485	129 
7486	120 
7487	301 
7488	309 
7489	147 
7490	97 
7491	132 
7492	11 
7493	337 
7494	19 
7495	225 
7496	263 
7497	318 
7498	266 
7499	192 
7500	38 
7501	238 
7502	246 
7503	190 
7504	254 
7505	230 
7506	290 
7507	306 
7508	111 
7509	5 
7510	144 
7511	60 
7512	56 
7513	48 
7514	130 
7515	68 
7516	59 
7517	251 
7518	251 
7519	1 
7520	250 
7521	97 
7522	116 
7523	270 
7524	148 
7525	289 
7526	285 
7527	246 
7528	268 
7529	225 
7530	38 
7531	26 
7532	131 
7533	191 
7534	140 
7535	286 
7536	149 
7537	23 
7538	146 
7539	311 
7540	240 
7541	149 
7542	238 
7543	38 
7544	134 
7545	187 
7546	28 
7547	185 
7548	15 
7549	140 
7550	89 
7551	71 
7552	9 
7553	42 
7554	156 
7555	137 
7556	147 
7557	172 
7558	15 
7559	99 
7560	285 
7561	242 
7562	335 
7563	95 
7564	188 
7565	287 
7566	155 
7567	284 
7568	287 
7569	318 
7570	97 
7571	142 
7572	130 
7573	148 
7574	286 
7575	228 
7576	51 
7577	158 
7578	286 
7579	24 
7580	290 
7581	18 
7582	147 
7583	262 
7584	253 
7585	215 
7586	305 
7587	120 
7588	257 
7589	139 
7590	311 
7591	335 
7592	24 
7593	122 
7594	146 
7595	106 
7596	212 
7597	185 
7598	117 
7599	35 
7600	246 
7601	272 
7602	147 
7603	266 
7604	251 
7605	317 
7606	181 
7607	10 
7608	284 
7609	185 
7610	251 
7611	293 
7612	129 
7613	175 
7614	144 
7615	42 
7616	133 
7617	155 
7618	139 
7619	262 
7620	157 
7621	129 
7622	308 
7623	143 
7624	10 
7625	53 
7626	200 
7627	80 
7628	210 
7629	56 
7630	115 
7631	14 
7632	272 
7633	71 
7634	117 
7635	61 
7636	37 
7637	192 
7638	275 
7639	246 
7640	239 
7641	99 
7642	115 
7643	131 
7644	37 
7645	14 
7646	93 
7647	46 
7648	222 
7649	115 
7650	169 
7651	165 
7652	35 
7653	251 
7654	209 
7655	332 
7656	290 
7657	180 
7658	131 
7659	324 
7660	311 
7661	265 
7662	142 
7663	149 
7664	115 
7665	335 
7666	116 
7667	147 
7668	46 
7669	68 
7670	256 
7671	283 
7672	192 
7673	53 
7674	144 
7675	139 
7676	250 
7677	249 
7678	292 
7679	335 
7680	158 
7681	197 
7682	34 
7683	204 
7684	272 
7685	115 
7686	106 
7687	239 
7688	256 
7689	336 
7690	59 
7691	308 
7692	318 
7693	168 
7694	43 
7695	140 
7696	161 
7697	113 
7698	78 
7699	309 
7700	243 
7701	100 
7702	294 
7703	144 
7704	320 
7705	318 
7706	24 
7707	140 
7708	293 
7709	160 
7710	266 
7711	252 
7712	139 
7713	286 
7714	66 
7715	293 
7716	335 
7717	335 
7718	172 
7719	142 
7720	308 
7721	257 
7722	165 
7723	169 
7724	80 
7725	53 
7726	289 
7727	254 
7728	238 
7729	270 
7730	285 
7731	88 
7732	38 
7733	253 
7734	230 
7735	22 
7736	46 
7737	243 
7738	299 
7739	290 
7740	158 
7741	168 
7742	167 
7743	43 
7744	281 
7745	97 
7746	119 
7747	125 
7748	140 
7749	140 
7750	310 
7751	114 
7752	14 
7753	290 
7754	230 
7755	292 
7756	318 
7757	251 
7758	110 
7759	87 
7760	18 
7761	226 
7762	171 
7763	66 
7764	155 
7765	172 
7766	42 
7767	285 
7768	216 
7769	266 
7770	93 
7771	106 
7772	181 
7773	308 
7774	43 
7775	12 
7776	100 
7777	240 
7778	77 
7779	103 
7780	221 
7781	99 
7782	329 
7783	328 
7784	59 
7785	113 
7786	61 
7787	12 
7788	207 
7789	243 
7790	105 
7791	126 
7792	265 
7793	324 
7794	236 
7795	335 
7796	228 
7797	101 
7798	120 
7799	239 
7800	317 
7801	55 
7802	97 
7803	197 
7804	175 
7805	248 
7806	326 
7807	19 
7808	207 
7809	115 
7810	129 
7811	161 
7812	199 
7813	257 
7814	41 
7815	215 
7816	238 
7817	94 
7818	244 
7819	290 
7820	237 
7821	12 
7822	315 
7823	251 
7824	238 
7825	275 
7826	204 
7827	74 
7828	147 
7829	197 
7830	1 
7831	110 
7832	42 
7833	162 
7834	114 
7835	117 
7836	144 
7837	146 
7838	239 
7839	100 
7840	339 
7841	88 
7842	11 
7843	167 
7844	248 
7845	287 
7846	210 
7847	139 
7848	185 
7849	273 
7850	321 
7851	332 
7852	293 
7853	172 
7854	281 
7855	89 
7856	322 
7857	290 
7858	115 
7859	80 
7860	249 
7861	187 
7862	3 
7863	207 
7864	286 
7865	329 
7866	68 
7867	103 
7868	94 
7869	68 
7870	62 
7871	13 
7872	1 
7873	61 
7874	266 
7875	339 
7876	38 
7877	68 
7878	113 
7879	180 
7880	207 
7881	142 
7882	122 
7883	99 
7884	326 
7885	238 
7886	324 
7887	170 
7888	292 
7889	130 
7890	162 
7891	161 
7892	77 
7893	202 
7894	281 
7895	43 
7896	170 
7897	257 
7898	275 
7899	329 
7900	290 
7901	147 
7902	239 
7903	169 
7904	180 
7905	17 
7906	241 
7907	322 
7908	319 
7909	87 
7910	37 
7911	240 
7912	132 
7913	103 
7914	156 
7915	330 
7916	237 
7917	22 
7918	293 
7919	99 
7920	169 
7921	318 
7922	127 
7923	308 
7924	101 
7925	89 
7926	97 
7927	224 
7928	13 
7929	86 
7930	251 
7931	144 
7932	320 
7933	19 
7934	125 
7935	276 
7936	60 
7937	248 
7938	322 
7939	144 
7940	335 
7941	312 
7942	37 
7943	323 
7944	237 
7945	238 
7946	124 
7947	39 
7948	277 
7949	329 
7950	89 
7951	174 
7952	67 
7953	98 
7954	277 
7955	226 
7956	270 
7957	111 
7958	103 
7959	1 
7960	139 
7961	256 
7962	140 
7963	106 
7964	274 
7965	147 
7966	74 
7967	296 
7968	225 
7969	293 
7970	66 
7971	321 
7972	166 
7973	275 
7974	318 
7975	31 
7976	200 
7977	274 
7978	49 
7979	216 
7980	239 
7981	322 
7982	136 
7983	122 
7984	117 
7985	251 
7986	87 
7987	215 
7988	251 
7989	332 
7990	222 
7991	280 
7992	292 
7993	171 
7994	236 
7995	221 
7996	171 
7997	222 
7998	276 
7999	169 
8000	191 
8001	103 
8002	164 
8003	181 
8004	339 
8005	314 
8006	262 
8007	175 
8008	310 
8009	275 
8010	117 
8011	37 
8012	157 
8013	52 
8014	289 
8015	33 
8016	277 
8017	246 
8018	11 
8019	42 
8020	291 
8021	115 
8022	263 
8023	131 
8024	80 
8025	66 
8026	321 
8027	42 
8028	239 
8029	287 
8030	240 
8031	257 
8032	146 
8033	240 
8034	39 
8035	23 
8036	77 
8037	276 
8038	86 
8039	202 
8040	1 
8041	127 
8042	255 
8043	100 
8044	152 
8045	304 
8046	77 
8047	321 
8048	329 
8049	335 
8050	222 
8051	139 
8052	274 
8053	335 
8054	119 
8055	122 
8056	309 
8057	284 
8058	241 
8059	221 
8060	287 
8061	89 
8062	144 
8063	148 
8064	42 
8065	169 
8066	203 
8067	99 
8068	136 
8069	127 
8070	43 
8071	170 
8072	225 
8073	311 
8074	225 
8075	148 
8076	317 
8077	162 
8078	318 
8079	171 
8080	225 
8081	333 
8082	242 
8083	61 
8084	42 
8085	280 
8086	169 
8087	299 
8088	147 
8089	262 
8090	173 
8091	3 
8092	187 
8093	240 
8094	38 
8095	97 
8096	187 
8097	190 
8098	97 
8099	94 
8100	77 
8101	268 
8102	226 
8103	199 
8104	68 
8105	312 
8106	185 
8107	144 
8108	333 
8109	43 
8110	241 
8111	144 
8112	226 
8113	237 
8114	266 
8115	207 
8116	35 
8117	61 
8118	161 
8119	292 
8120	246 
8121	5 
8122	215 
8123	68 
8124	1 
8125	1 
8126	19 
8127	46 
8128	239 
8129	114 
8130	1 
8131	160 
8132	142 
8133	164 
8134	157 
8135	240 
8136	237 
8137	144 
8138	237 
8139	155 
8140	115 
8141	59 
8142	161 
8143	280 
8144	286 
8145	39 
8146	192 
8147	292 
8148	197 
8149	1 
8150	326 
8151	161 
8152	335 
8153	216 
8154	207 
8155	67 
8156	98 
8157	314 
8158	207 
8159	308 
8160	255 
8161	225 
8162	311 
8163	129 
8164	251 
8165	319 
8166	24 
8167	33 
8168	175 
8169	115 
8170	274 
8171	339 
8172	113 
8173	237 
8174	110 
8175	42 
8176	17 
8177	197 
8178	89 
8179	257 
8180	168 
8181	155 
8182	243 
8183	1 
8184	17 
8185	35 
8186	28 
8187	5 
8188	18 
8189	316 
8190	24 
8191	127 
8192	164 
8193	142 
8194	140 
8195	86 
8196	291 
8197	146 
8198	238 
8199	277 
8200	200 
8201	239 
8202	238 
8203	99 
8204	171 
8205	12 
8206	289 
8207	171 
8208	56 
8209	103 
8210	77 
8211	319 
8212	244 
8213	110 
8214	285 
8215	114 
8216	188 
8217	156 
8218	296 
8219	226 
8220	132 
8221	24 
8222	99 
8223	308 
8224	204 
8225	199 
8226	293 
8227	270 
8228	242 
8229	158 
8230	39 
8231	249 
8232	146 
8233	133 
8234	306 
8235	114 
8236	31 
8237	324 
8238	254 
8239	280 
8240	146 
8241	181 
8242	157 
8243	169 
8244	89 
8245	185 
8246	254 
8247	37 
8248	188 
8249	246 
8250	202 
8251	192 
8252	249 
8253	251 
8254	133 
8255	190 
8256	319 
8257	43 
8258	140 
8259	70 
8260	274 
8261	317 
8262	254 
8263	117 
8264	67 
8265	91 
8266	249 
8267	39 
8268	312 
8269	35 
8270	339 
8271	77 
8272	272 
8273	262 
8274	296 
8275	314 
8276	23 
8277	59 
8278	308 
8279	105 
8280	43 
8281	117 
8282	133 
8283	13 
8284	255 
8285	225 
8286	35 
8287	290 
8288	285 
8289	265 
8290	191 
8291	38 
8292	332 
8293	146 
8294	280 
8295	67 
8296	59 
8297	266 
8298	305 
8299	11 
8300	117 
8301	238 
8302	296 
8303	210 
8304	3 
8305	169 
8306	111 
8307	37 
8308	309 
8309	23 
8310	293 
8311	103 
8312	105 
8313	321 
8314	51 
8315	126 
8316	191 
8317	10 
8318	62 
8319	46 
8320	270 
8321	168 
8322	221 
8323	89 
8324	293 
8325	68 
8326	273 
8327	105 
8328	114 
8329	41 
8330	143 
8331	130 
8332	100 
8333	77 
8334	3 
8335	164 
8336	242 
8337	315 
8338	97 
8339	19 
8340	17 
8341	319 
8342	257 
8343	266 
8344	289 
8345	256 
8346	191 
8347	74 
8348	35 
8349	125 
8350	71 
8351	285 
8352	97 
8353	51 
8354	290 
8355	46 
8356	204 
8357	139 
8358	169 
8359	120 
8360	12 
8361	339 
8362	285 
8363	126 
8364	263 
8365	207 
8366	301 
8367	292 
8368	66 
8369	157 
8370	169 
8371	270 
8372	110 
8373	222 
8374	329 
8375	326 
8376	170 
8377	140 
8378	146 
8379	329 
8380	265 
8381	41 
8382	136 
8383	88 
8384	14 
8385	319 
8386	105 
8387	62 
8388	221 
8389	188 
8390	239 
8391	191 
8392	240 
8393	276 
8394	23 
8395	225 
8396	197 
8397	17 
8398	18 
8399	106 
8400	14 
8401	130 
8402	249 
8403	127 
8404	207 
8405	273 
8406	254 
8407	147 
8408	11 
8409	88 
8410	221 
8411	117 
8412	139 
8413	181 
8414	243 
8415	277 
8416	257 
8417	238 
8418	173 
8419	322 
8420	248 
8421	273 
8422	1 
8423	120 
8424	120 
8425	89 
8426	191 
8427	237 
8428	242 
8429	246 
8430	99 
8431	302 
8432	306 
8433	263 
8434	248 
8435	203 
8436	308 
8437	222 
8438	299 
8439	275 
8440	37 
8441	88 
8442	164 
8443	98 
8444	319 
8445	228 
8446	3 
8447	292 
8448	293 
8449	103 
8450	35 
8451	180 
8452	120 
8453	257 
8454	170 
8455	253 
8456	155 
8457	3 
8458	146 
8459	175 
8460	280 
8461	185 
8462	301 
8463	190 
8464	24 
8465	263 
8466	257 
8467	91 
8468	251 
8469	131 
8470	181 
8471	192 
8472	207 
8473	3 
8474	110 
8475	18 
8476	136 
8477	110 
8478	66 
8479	127 
8480	115 
8481	87 
8482	287 
8483	206 
8484	305 
8485	105 
8486	74 
8487	250 
8488	320 
8489	254 
8490	255 
8491	161 
8492	101 
8493	326 
8494	308 
8495	320 
8496	131 
8497	301 
8498	309 
8499	270 
8500	224 
8501	239 
8502	190 
8503	88 
8504	155 
8505	24 
8506	100 
8507	149 
8508	188 
8509	244 
8510	210 
8511	250 
8512	255 
8513	287 
8514	114 
8515	130 
8516	98 
8517	12 
8518	253 
8519	43 
8520	115 
8521	77 
8522	120 
8523	285 
8524	305 
8525	240 
8526	210 
8527	28 
8528	103 
8529	89 
8530	210 
8531	23 
8532	133 
8533	94 
8534	155 
8535	12 
8536	289 
8537	270 
8538	225 
8539	199 
8540	61 
8541	3 
8542	38 
8543	10 
8544	156 
8545	326 
8546	225 
8547	192 
8548	318 
8549	170 
8550	270 
8551	13 
8552	173 
8553	257 
8554	263 
8555	77 
8556	59 
8557	237 
8558	228 
8559	86 
8560	203 
8561	10 
8562	318 
8563	224 
8564	248 
8565	59 
8566	226 
8567	190 
8568	111 
8569	130 
8570	68 
8571	88 
8572	318 
8573	46 
8574	136 
8575	222 
8576	117 
8577	318 
8578	222 
8579	292 
8580	246 
8581	308 
8582	192 
8583	263 
8584	180 
8585	237 
8586	221 
8587	290 
8588	87 
8589	225 
8590	105 
8591	311 
8592	274 
8593	99 
8594	59 
8595	289 
8596	243 
8597	117 
8598	136 
8599	143 
8600	287 
8601	236 
8602	110 
8603	35 
8604	188 
8605	161 
8606	28 
8607	285 
8608	308 
8609	117 
8610	243 
8611	158 
8612	13 
8613	204 
8614	31 
8615	321 
8616	38 
8617	103 
8618	290 
8619	216 
8620	187 
8621	164 
8622	251 
8623	296 
8624	99 
8625	329 
8626	126 
8627	257 
8628	169 
8629	66 
8630	19 
8631	222 
8632	117 
8633	319 
8634	191 
8635	53 
8636	147 
8637	255 
8638	136 
8639	23 
8640	309 
8641	317 
8642	293 
8643	53 
8644	17 
8645	299 
8646	41 
8647	117 
8648	256 
8649	274 
8650	164 
8651	263 
8652	164 
8653	272 
8654	143 
8655	106 
8656	91 
8657	35 
8658	263 
8659	169 
8660	3 
8661	67 
8662	169 
8663	293 
8664	287 
8665	31 
8666	253 
8667	280 
8668	173 
8669	115 
8670	18 
8671	319 
8672	286 
8673	181 
8674	17 
8675	309 
8676	251 
8677	285 
8678	156 
8679	13 
8680	285 
8681	289 
8682	246 
8683	242 
8684	114 
8685	161 
8686	68 
8687	37 
8688	46 
8689	126 
8690	305 
8691	37 
8692	240 
8693	329 
8694	139 
8695	207 
8696	99 
8697	289 
8698	68 
8699	28 
8700	60 
8701	228 
8702	244 
8703	33 
8704	238 
8705	285 
8706	289 
8707	68 
8708	207 
8709	3 
8710	207 
8711	308 
8712	287 
8713	60 
8714	224 
8715	19 
8716	17 
8717	10 
8718	88 
8719	321 
8720	265 
8721	225 
8722	190 
8723	88 
8724	292 
8725	111 
8726	74 
8727	326 
8728	199 
8729	35 
8730	66 
8731	43 
8732	257 
8733	97 
8734	329 
8735	274 
8736	293 
8737	106 
8738	113 
8739	149 
8740	308 
8741	185 
8742	86 
8743	122 
8744	146 
8745	210 
8746	191 
8747	242 
8748	335 
8749	171 
8750	77 
8751	310 
8752	180 
8753	256 
8754	114 
8755	35 
8756	206 
8757	142 
8758	317 
8759	88 
8760	251 
8761	250 
8762	308 
8763	161 
8764	309 
8765	169 
8766	99 
8767	228 
8768	290 
8769	315 
8770	124 
8771	210 
8772	28 
8773	262 
8774	248 
8775	170 
8776	301 
8777	71 
8778	100 
8779	70 
8780	41 
8781	142 
8782	106 
8783	272 
8784	250 
8785	155 
8786	170 
8787	239 
8788	188 
8789	239 
8790	310 
8791	41 
8792	187 
8793	173 
8794	132 
8795	207 
8796	210 
8797	124 
8798	130 
8799	204 
8800	106 
8801	17 
8802	126 
8803	228 
8804	262 
8805	160 
8806	23 
8807	3 
8808	289 
8809	98 
8810	17 
8811	24 
8812	312 
8813	236 
8814	86 
8815	293 
8816	228 
8817	89 
8818	310 
8819	329 
8820	257 
8821	299 
8822	110 
8823	270 
8824	60 
8825	251 
8826	111 
8827	317 
8828	318 
8829	255 
8830	94 
8831	199 
8832	180 
8833	111 
8834	326 
8835	94 
8836	87 
8837	31 
8838	105 
8839	110 
8840	142 
8841	272 
8842	290 
8843	287 
8844	119 
8845	244 
8846	306 
8847	74 
8848	130 
8849	91 
8850	119 
8851	98 
8852	3 
8853	66 
8854	256 
8855	111 
8856	46 
8857	117 
8858	190 
8859	3 
8860	42 
8861	256 
8862	17 
8863	192 
8864	101 
8865	106 
8866	43 
8867	115 
8868	238 
8869	111 
8870	301 
8871	89 
8872	207 
8873	100 
8874	290 
8875	60 
8876	237 
8877	285 
8878	329 
8879	146 
8880	181 
8881	10 
8882	88 
8883	222 
8884	270 
8885	318 
8886	225 
8887	35 
8888	144 
8889	12 
8890	315 
8891	43 
8892	98 
8893	143 
8894	115 
8895	37 
8896	171 
8897	132 
8898	74 
8899	256 
8900	89 
8901	322 
8902	301 
8903	111 
8904	99 
8905	161 
8906	319 
8907	200 
8908	142 
8909	317 
8910	312 
8911	37 
8912	68 
8913	265 
8914	290 
8915	59 
8916	190 
8917	306 
8918	180 
8919	318 
8920	160 
8921	319 
8922	53 
8923	89 
8924	222 
8925	147 
8926	3 
8927	310 
8928	204 
8929	111 
8930	161 
8931	77 
8932	91 
8933	274 
8934	266 
8935	143 
8936	285 
8937	210 
8938	192 
8939	299 
8940	17 
8941	292 
8942	74 
8943	191 
8944	210 
8945	237 
8946	274 
8947	33 
8948	293 
8949	68 
8950	41 
8951	188 
8952	257 
8953	236 
8954	106 
8955	160 
8956	124 
8957	35 
8958	67 
8959	265 
8960	257 
8961	190 
8962	318 
8963	143 
8964	246 
8965	329 
8966	289 
8967	265 
8968	23 
8969	190 
8970	251 
8971	228 
8972	17 
8973	222 
8974	239 
8975	226 
8976	130 
8977	251 
8978	255 
8979	28 
8980	262 
8981	188 
8982	266 
8983	310 
8984	130 
8985	33 
8986	339 
8987	192 
8988	10 
8989	240 
8990	59 
8991	106 
8992	309 
8993	161 
8994	238 
8995	101 
8996	38 
8997	37 
8998	199 
8999	270 
9000	99 
9001	11 
9002	1 
9003	221 
9004	188 
9005	238 
9006	275 
9007	263 
9008	155 
9009	265 
9010	290 
9011	199 
9012	335 
9013	293 
9014	200 
9015	190 
9016	35 
9017	99 
9018	149 
9019	61 
9020	35 
9021	221 
9022	124 
9023	169 
9024	251 
9025	33 
9026	321 
9027	293 
9028	326 
9029	270 
9030	114 
9031	149 
9032	142 
9033	161 
9034	99 
9035	124 
9036	188 
9037	120 
9038	14 
9039	190 
9040	60 
9041	10 
9042	101 
9043	74 
9044	256 
9045	199 
9046	14 
9047	207 
9048	61 
9049	293 
9050	265 
9051	253 
9052	149 
9053	170 
9054	46 
9055	37 
9056	246 
9057	124 
9058	270 
9059	131 
9060	68 
9061	244 
9062	41 
9063	310 
9064	225 
9065	254 
9066	111 
9067	18 
9068	131 
9069	226 
9070	24 
9071	244 
9072	181 
9073	24 
9074	42 
9075	287 
9076	188 
9077	210 
9078	169 
9079	89 
9080	237 
9081	77 
9082	299 
9083	335 
9084	98 
9085	126 
9086	130 
9087	88 
9088	225 
9089	255 
9090	53 
9091	131 
9092	37 
9093	169 
9094	226 
9095	287 
9096	3 
9097	98 
9098	272 
9099	17 
9100	89 
9101	155 
9102	106 
9103	285 
9104	68 
9105	111 
9106	88 
9107	74 
9108	39 
9109	206 
9110	3 
9111	17 
9112	106 
9113	105 
9114	155 
9115	126 
9116	120 
9117	173 
9118	301 
9119	28 
9120	66 
9121	254 
9122	146 
9123	329 
9124	251 
9125	180 
9126	310 
9127	308 
9128	53 
9129	18 
9130	106 
9131	144 
9132	89 
9133	68 
9134	190 
9135	18 
9136	42 
9137	149 
9138	18 
9139	206 
9140	287 
9141	1 
9142	322 
9143	306 
9144	254 
9145	110 
9146	97 
9147	143 
9148	322 
9149	266 
9150	99 
9151	99 
9152	169 
9153	270 
9154	97 
9155	42 
9156	289 
9157	210 
9158	292 
9159	87 
9160	226 
9161	105 
9162	225 
9163	67 
9164	329 
9165	265 
9166	139 
9167	228 
9168	242 
9169	144 
9170	170 
9171	161 
9172	312 
9173	170 
9174	144 
9175	77 
9176	207 
9177	28 
9178	106 
9179	170 
9180	114 
9181	149 
9182	131 
9183	14 
9184	103 
9185	265 
9186	139 
9187	115 
9188	256 
9189	87 
9190	1 
9191	272 
9192	130 
9193	310 
9194	335 
9195	3 
9196	339 
9197	204 
9198	222 
9199	308 
9200	1 
9201	127 
9202	12 
9203	289 
9204	180 
9205	12 
9206	255 
9207	207 
9208	254 
9209	106 
9210	289 
9211	97 
9212	146 
9213	124 
9214	94 
9215	206 
9216	187 
9217	144 
9218	257 
9219	35 
9220	149 
9221	225 
9222	66 
9223	1 
9224	225 
9225	329 
9226	46 
9227	33 
9228	228 
9229	171 
9230	142 
9231	292 
9232	301 
9233	292 
9234	130 
9235	265 
9236	14 
9237	131 
9238	38 
9239	266 
9240	319 
9241	171 
9242	43 
9243	149 
9244	87 
9245	114 
9246	89 
9247	253 
9248	41 
9249	317 
9250	140 
9251	91 
9252	240 
9253	46 
9254	310 
9255	35 
9256	225 
9257	308 
9258	240 
9259	319 
9260	139 
9261	146 
9262	42 
9263	46 
9264	142 
9265	318 
9266	289 
9267	97 
9268	301 
9269	265 
9270	299 
9271	270 
9272	191 
9273	310 
9274	169 
9275	146 
9276	287 
9277	181 
9278	43 
9279	239 
9280	265 
9281	155 
9282	53 
9283	254 
9284	289 
9285	244 
9286	171 
9287	115 
9288	67 
9289	43 
9290	312 
9291	210 
9292	28 
9293	244 
9294	274 
9295	266 
9296	139 
9297	66 
9298	204 
9299	146 
9300	246 
9301	255 
9302	68 
9303	117 
9304	289 
9305	180 
9306	35 
9307	312 
9308	335 
9309	312 
9310	171 
9311	329 
9312	143 
9313	110 
9314	12 
9315	306 
9316	35 
9317	41 
9318	339 
9319	74 
9320	321 
9321	188 
9322	253 
9323	126 
9324	67 
9325	67 
9326	236 
9327	339 
9328	308 
9329	12 
9330	257 
9331	204 
9332	301 
9333	110 
9334	187 
9335	66 
9336	139 
9337	89 
9338	312 
9339	3 
9340	272 
9341	289 
9342	285 
9343	293 
9344	127 
9345	254 
9346	88 
9347	204 
9348	124 
9349	139 
9350	318 
9351	301 
9352	143 
9353	38 
9354	33 
9355	253 
9356	240 
9357	225 
9358	319 
9359	12 
9360	270 
9361	199 
9362	161 
9363	244 
9364	236 
9365	317 
9366	146 
9367	237 
9368	42 
9369	10 
9370	74 
9371	35 
9372	222 
9373	59 
9374	169 
9375	239 
9376	39 
9377	160 
9378	306 
9379	115 
9380	257 
9381	142 
9382	319 
9383	317 
9384	228 
9385	61 
9386	46 
9387	257 
9388	115 
9389	103 
9390	124 
9391	287 
9392	270 
9393	97 
9394	210 
9395	210 
9396	89 
9397	263 
9398	142 
9399	225 
9400	97 
9401	38 
9402	240 
9403	318 
9404	97 
9405	249 
9406	68 
9407	221 
9408	24 
9409	170 
9410	46 
9411	142 
9412	308 
9413	181 
9414	263 
9415	253 
9416	66 
9417	299 
9418	225 
9419	10 
9420	310 
9421	99 
9422	236 
9423	180 
9424	240 
9425	299 
9426	318 
9427	89 
9428	239 
9429	306 
9430	301 
9431	240 
9432	105 
9433	117 
9434	270 
9435	237 
9436	89 
9437	77 
9438	114 
9439	292 
9440	117 
9441	240 
9442	188 
9443	77 
9444	67 
9445	312 
9446	204 
9447	103 
9448	114 
9449	10 
9450	41 
9451	270 
9452	89 
9453	246 
9454	275 
9455	249 
9456	292 
9457	329 
9458	306 
9459	318 
9460	285 
9461	253 
9462	43 
9463	88 
9464	161 
9465	10 
9466	287 
9467	319 
9468	144 
9469	114 
9470	254 
9471	147 
9472	222 
9473	199 
9474	97 
9475	42 
9476	155 
9477	272 
9478	42 
9479	335 
9480	117 
9481	301 
9482	89 
9483	42 
9484	190 
9485	263 
9486	111 
9487	18 
9488	43 
9489	139 
9490	161 
9491	207 
9492	199 
9493	10 
9494	155 
9495	249 
9496	287 
9497	306 
9498	3 
9499	248 
9500	207 
9501	248 
9502	329 
9503	210 
9504	161 
9505	248 
9506	222 
9507	68 
9508	289 
9509	253 
9510	42 
9511	103 
9512	3 
9513	77 
9514	117 
9515	255 
9516	46 
9517	321 
9518	204 
9519	287 
9520	248 
9521	228 
9522	228 
9523	146 
9524	321 
9525	272 
9526	238 
9527	68 
9528	67 
9529	117 
9530	290 
9531	68 
9532	318 
9533	246 
9534	263 
9535	3 
9536	248 
9537	124 
9538	117 
9539	35 
9540	155 
9541	318 
9542	192 
9543	110 
9544	192 
9545	240 
9546	238 
9547	147 
9548	143 
9549	299 
9550	126 
9551	169 
9552	301 
9553	43 
9554	275 
9555	317 
9556	257 
9557	114 
9558	236 
9559	317 
9560	42 
9561	180 
9562	270 
9563	155 
9564	210 
9565	263 
9566	77 
9567	124 
9568	253 
9569	97 
9570	38 
9571	287 
9572	257 
9573	106 
9574	97 
9575	210 
9576	180 
9577	68 
9578	18 
9579	181 
9580	42 
9581	181 
9582	117 
9583	199 
9584	321 
9585	114 
9586	275 
9587	292 
9588	88 
9589	318 
9590	1 
9591	190 
9592	207 
9593	35 
9594	299 
9595	240 
9596	317 
9597	272 
9598	266 
9599	3 
9600	42 
9601	149 
9602	88 
9603	265 
9604	114 
9605	240 
9606	66 
9607	204 
9608	110 
9609	266 
9610	228 
9611	265 
9612	77 
9613	169 
9614	318 
9615	74 
9616	285 
9617	299 
9618	181 
9619	180 
9620	97 
9621	321 
9622	253 
9623	199 
9624	169 
9625	74 
9626	155 
9627	270 
9628	265 
9629	321 
9630	270 
9631	66 
9632	242 
9633	124 
9634	310 
9635	42 
9636	292 
9637	103 
9638	139 
9639	59 
9640	89 
9641	319 
9642	312 
9643	270 
9644	59 
9645	146 
9646	249 
9647	131 
9648	272 
9649	225 
9650	147 
9651	253 
9652	130 
9653	187 
9654	251 
9655	293 
9656	3 
9657	99 
9658	68 
9659	289 
9660	111 
9661	66 
9662	317 
9663	35 
9664	143 
9665	161 
9666	155 
9667	103 
9668	329 
9669	181 
9670	275 
9671	99 
9672	207 
9673	251 
9674	270 
9675	42 
9676	240 
9677	114 
9678	228 
9679	66 
9680	142 
9681	319 
9682	207 
9683	239 
9684	1 
9685	318 
9686	293 
9687	115 
9688	42 
9689	239 
9690	253 
9691	310 
9692	146 
9693	66 
9694	299 
9695	236 
9696	192 
9697	147 
9698	246 
9699	204 
9700	318 
9701	146 
9702	192 
9703	142 
9704	299 
9705	181 
9706	74 
9707	192 
9708	169 
9709	287 
9710	239 
9711	238 
9712	207 
9713	181 
9714	236 
9715	253 
9716	131 
9717	97 
9718	3 
9719	228 
9720	289 
9721	117 
9722	285 
9723	149 
9724	319 
9725	35 
9726	68 
9727	310 
9728	187 
9729	319 
9730	225 
9731	66 
9732	114 
9733	266 
9734	289 
9735	68 
9736	292 
9737	74 
9738	130 
9739	88 
9740	139 
9741	130 
9742	77 
9743	124 
9744	126 
9745	292 
9746	251 
9747	228 
9748	106 
9749	190 
9750	3 
9751	292 
9752	187 
9753	329 
9754	42 
9755	317 
9756	3 
9757	248 
9758	238 
9759	285 
9760	147 
9761	251 
9762	99 
9763	139 
9764	270 
9765	169 
9766	289 
9767	169 
9768	3 
9769	42 
9770	228 
9771	43 
9772	37 
9773	74 
9774	131 
9775	293 
9776	312 
9777	89 
9778	39 
9779	114 
9780	106 
9781	97 
9782	37 
9783	130 
9784	321 
9785	318 
9786	117 
9787	239 
9788	110 
9789	41 
9790	308 
9791	169 
9792	149 
9793	257 
9794	236 
9795	144 
9796	106 
9797	169 
9798	144 
9799	142 
9800	192 
9801	110 
9802	1 
9803	103 
9804	3 
9805	257 
9806	117 
9807	41 
9808	253 
9809	255 
9810	265 
9811	319 
9812	312 
9813	299 
9814	110 
9815	270 
9816	240 
9817	255 
9818	155 
9819	88 
9820	287 
9821	3 
9822	106 
9823	131 
9824	257 
9825	131 
9826	285 
9827	272 
9828	289 
9829	318 
9830	236 
9831	253 
9832	142 
9833	321 
9834	146 
9835	42 
9836	131 
9837	239 
9838	290 
9839	321 
9840	161 
9841	68 
9842	169 
9843	38 
9844	192 
9845	318 
9846	35 
9847	287 
9848	318 
9849	207 
9850	225 
9851	147 
9852	38 
9853	319 
9854	161 
9855	187 
9856	35 
9857	318 
9858	335 
9859	38 
9860	228 
9861	289 
9862	43 
9863	270 
9864	292 
9865	130 
9866	88 
9867	299 
9868	251 
9869	117 
9870	225 
9871	99 
9872	155 
9873	289 
9874	301 
9875	147 
9876	3 
9877	239 
9878	319 
9879	68 
9880	299 
9881	39 
9882	299 
9883	335 
9884	131 
9885	115 
9886	222 
9887	77 
9888	117 
9889	110 
9890	146 
9891	88 
9892	289 
9893	240 
9894	42 
9895	146 
9896	155 
9897	270 
9898	285 
9899	266 
9900	181 
9901	35 
9902	228 
9903	142 
9904	289 
9905	43 
9906	115 
9907	301 
9908	248 
9909	106 
9910	103 
9911	139 
9912	289 
9913	38 
9914	272 
9915	329 
9916	130 
9917	169 
9918	266 
9919	169 
9920	169 
9921	265 
9922	180 
9923	335 
9924	292 
9925	318 
9926	88 
9927	192 
9928	99 
9929	301 
9930	272 
9931	272 
9932	89 
9933	89 
9934	308 
9935	142 
9936	155 
9937	117 
9938	42 
9939	68 
9940	88 
9941	253 
9942	270 
9943	39 
9944	155 
9945	301 
9946	318 
9947	97 
9948	192 
9949	187 
9950	257 
9951	192 
9952	117 
9953	299 
9954	97 
9955	169 
9956	180 
9957	329 
9958	115 
9959	139 
9960	329 
9961	240 
9962	38 
9963	68 
9964	139 
9965	285 
9966	114 
9967	1 
9968	142 
9969	117 
9970	207 
9971	99 
9972	266 
9973	68 
9974	301 
9975	225 
9976	142 
9977	3 
9978	3 
9979	222 
9980	35 
9981	35 
9982	126 
9983	335 
9984	240 
9985	240 
9986	289 
9987	106 
9988	222 
9989	301 
9990	106 
9991	42 
9992	329 
9993	130 
9994	329 
9995	169 
9996	155 
9997	42 
9998	319 
9999	115 
10000	285 
