1	234 
2	214 
3	286 
4	41 
5	59 
6	73 
7	64 
8	39 
9	81 
10	194 
11	304 
12	67 
13	70 
14	87 
15	189 
16	75 
17	27 
18	287 
19	252 
20	242 
21	303 
22	39 
23	208 
24	16 
25	109 
26	176 
27	141 
28	258 
29	108 
30	186 
31	62 
32	58 
33	256 
34	54 
35	53 
36	308 
37	107 
38	167 
39	62 
40	53 
41	276 
42	272 
43	72 
44	261 
45	284 
46	87 
47	260 
48	187 
49	78 
50	109 
51	79 
52	86 
53	183 
54	86 
55	303 
56	190 
57	202 
58	136 
59	215 
60	21 
61	118 
62	296 
63	222 
64	113 
65	166 
66	120 
67	164 
68	4 
69	116 
70	295 
71	303 
72	101 
73	310 
74	87 
75	306 
76	118 
77	231 
78	95 
79	161 
80	95 
81	157 
82	301 
83	292 
84	256 
85	154 
86	58 
87	71 
88	235 
89	250 
90	121 
91	190 
92	171 
93	243 
94	224 
95	248 
96	313 
97	93 
98	258 
99	36 
100	222 
101	253 
102	125 
103	282 
104	301 
105	221 
106	203 
107	280 
108	267 
109	137 
110	212 
111	32 
112	64 
113	31 
114	8 
115	33 
116	120 
117	255 
118	182 
119	4 
120	234 
121	26 
122	6 
123	117 
124	126 
125	113 
126	166 
127	180 
128	262 
129	299 
130	142 
131	255 
132	8 
133	99 
134	178 
135	211 
136	142 
137	189 
138	250 
139	270 
140	122 
141	292 
142	101 
143	68 
144	118 
145	211 
146	86 
147	45 
148	174 
149	68 
150	51 
151	297 
152	312 
153	245 
154	111 
155	314 
156	261 
157	92 
158	98 
159	145 
160	136 
161	81 
162	83 
163	132 
164	193 
165	67 
166	298 
167	4 
168	233 
169	163 
170	54 
171	255 
172	139 
173	76 
174	134 
175	230 
176	122 
177	78 
178	103 
179	126 
180	181 
181	232 
182	111 
183	251 
184	91 
185	141 
186	311 
187	310 
188	30 
189	220 
190	269 
191	131 
192	23 
193	202 
194	120 
195	314 
196	210 
197	104 
198	191 
199	204 
200	109 
201	110 
202	158 
203	170 
204	101 
205	210 
206	280 
207	318 
208	296 
209	307 
210	16 
211	115 
212	296 
213	233 
214	176 
215	286 
216	283 
217	183 
218	81 
219	187 
220	195 
221	65 
222	131 
223	278 
224	123 
225	56 
226	9 
227	261 
228	277 
229	68 
230	49 
231	29 
232	263 
233	300 
234	79 
235	212 
236	277 
237	63 
238	238 
239	32 
240	236 
241	77 
242	194 
243	245 
244	190 
245	169 
246	286 
247	296 
248	275 
249	211 
250	296 
251	139 
252	30 
253	161 
254	77 
255	101 
256	24 
257	210 
258	300 
259	23 
260	170 
261	61 
262	18 
263	122 
264	97 
265	34 
266	23 
267	79 
268	121 
269	168 
270	289 
271	279 
272	27 
273	65 
274	308 
275	289 
276	301 
277	137 
278	173 
279	130 
280	59 
281	300 
282	4 
283	64 
284	6 
285	111 
286	243 
287	187 
288	9 
289	7 
290	54 
291	9 
292	191 
293	139 
294	79 
295	269 
296	4 
297	270 
298	207 
299	293 
300	240 
301	239 
302	285 
303	289 
304	247 
305	231 
306	276 
307	82 
308	294 
309	86 
310	286 
311	13 
312	311 
313	163 
314	221 
315	26 
316	60 
317	193 
318	272 
319	36 
320	93 
321	221 
322	217 
323	34 
324	303 
325	198 
326	174 
327	116 
328	128 
329	94 
330	140 
331	29 
332	17 
333	238 
334	224 
335	109 
336	124 
337	240 
338	215 
339	152 
340	74 
341	102 
342	301 
343	219 
344	291 
345	200 
346	199 
347	145 
348	244 
349	183 
350	162 
351	8 
352	91 
353	294 
354	302 
355	33 
356	119 
357	182 
358	179 
359	154 
360	13 
361	211 
362	190 
363	197 
364	297 
365	316 
366	129 
367	118 
368	174 
369	60 
370	140 
371	124 
372	103 
373	6 
374	212 
375	208 
376	80 
377	295 
378	166 
379	7 
380	300 
381	314 
382	2 
383	8 
384	66 
385	124 
386	221 
387	294 
388	36 
389	301 
390	105 
391	143 
392	75 
393	116 
394	251 
395	75 
396	11 
397	64 
398	86 
399	55 
400	14 
401	311 
402	173 
403	226 
404	85 
405	185 
406	279 
407	242 
408	235 
409	159 
410	300 
411	261 
412	217 
413	7 
414	79 
415	212 
416	18 
417	15 
418	146 
419	274 
420	223 
421	218 
422	312 
423	166 
424	117 
425	279 
426	2 
427	266 
428	244 
429	30 
430	71 
431	172 
432	64 
433	260 
434	165 
435	176 
436	96 
437	195 
438	146 
439	68 
440	190 
441	263 
442	222 
443	315 
444	213 
445	57 
446	9 
447	163 
448	45 
449	260 
450	91 
451	314 
452	42 
453	129 
454	12 
455	296 
456	302 
457	276 
458	58 
459	32 
460	228 
461	308 
462	118 
463	138 
464	141 
465	47 
466	208 
467	81 
468	228 
469	112 
470	41 
471	7 
472	82 
473	84 
474	61 
475	228 
476	24 
477	86 
478	251 
479	300 
480	241 
481	22 
482	2 
483	316 
484	123 
485	74 
486	269 
487	146 
488	40 
489	140 
490	131 
491	163 
492	39 
493	82 
494	38 
495	272 
496	118 
497	167 
498	70 
499	271 
500	49 
501	303 
502	94 
503	282 
504	120 
505	3 
506	312 
507	254 
508	237 
509	75 
510	254 
511	67 
512	63 
513	17 
514	102 
515	7 
516	35 
517	171 
518	312 
519	206 
520	107 
521	12 
522	271 
523	86 
524	38 
525	207 
526	175 
527	258 
528	241 
529	183 
530	35 
531	255 
532	210 
533	50 
534	115 
535	152 
536	225 
537	80 
538	152 
539	292 
540	99 
541	286 
542	191 
543	309 
544	125 
545	155 
546	277 
547	309 
548	191 
549	206 
550	137 
551	20 
552	226 
553	181 
554	108 
555	212 
556	132 
557	170 
558	248 
559	145 
560	267 
561	199 
562	143 
563	310 
564	220 
565	233 
566	106 
567	95 
568	300 
569	280 
570	308 
571	32 
572	305 
573	154 
574	303 
575	216 
576	284 
577	105 
578	118 
579	75 
580	245 
581	109 
582	154 
583	53 
584	293 
585	273 
586	23 
587	107 
588	55 
589	20 
590	182 
591	292 
592	231 
593	224 
594	240 
595	141 
596	167 
597	97 
598	199 
599	271 
600	166 
601	140 
602	9 
603	311 
604	1 
605	121 
606	282 
607	272 
608	65 
609	139 
610	59 
611	221 
612	12 
613	179 
614	89 
615	287 
616	238 
617	29 
618	239 
619	171 
620	39 
621	74 
622	208 
623	176 
624	103 
625	104 
626	305 
627	176 
628	45 
629	194 
630	3 
631	132 
632	139 
633	7 
634	304 
635	126 
636	275 
637	109 
638	113 
639	147 
640	112 
641	212 
642	317 
643	64 
644	126 
645	110 
646	83 
647	174 
648	108 
649	196 
650	173 
651	54 
652	204 
653	268 
654	263 
655	303 
656	117 
657	53 
658	85 
659	131 
660	132 
661	27 
662	202 
663	101 
664	141 
665	36 
666	33 
667	295 
668	232 
669	94 
670	10 
671	267 
672	262 
673	110 
674	9 
675	310 
676	125 
677	55 
678	124 
679	110 
680	316 
681	108 
682	294 
683	242 
684	259 
685	288 
686	8 
687	113 
688	60 
689	212 
690	145 
691	72 
692	70 
693	273 
694	223 
695	82 
696	133 
697	231 
698	102 
699	22 
700	38 
701	214 
702	282 
703	312 
704	265 
705	153 
706	8 
707	5 
708	126 
709	51 
710	280 
711	222 
712	288 
713	202 
714	318 
715	256 
716	4 
717	107 
718	86 
719	173 
720	149 
721	34 
722	143 
723	291 
724	210 
725	18 
726	6 
727	210 
728	208 
729	195 
730	174 
731	166 
732	77 
733	156 
734	245 
735	7 
736	139 
737	313 
738	135 
739	250 
740	289 
741	311 
742	128 
743	272 
744	258 
745	82 
746	28 
747	153 
748	17 
749	141 
750	123 
751	284 
752	214 
753	215 
754	162 
755	160 
756	284 
757	71 
758	265 
759	19 
760	283 
761	262 
762	247 
763	104 
764	78 
765	307 
766	24 
767	66 
768	166 
769	288 
770	261 
771	170 
772	153 
773	181 
774	47 
775	228 
776	75 
777	246 
778	168 
779	134 
780	73 
781	301 
782	287 
783	122 
784	271 
785	151 
786	58 
787	240 
788	109 
789	298 
790	216 
791	96 
792	196 
793	207 
794	267 
795	106 
796	208 
797	40 
798	59 
799	4 
800	171 
801	255 
802	66 
803	174 
804	215 
805	125 
806	248 
807	205 
808	305 
809	32 
810	284 
811	132 
812	36 
813	267 
814	68 
815	180 
816	47 
817	88 
818	70 
819	77 
820	95 
821	309 
822	115 
823	269 
824	85 
825	316 
826	131 
827	30 
828	172 
829	10 
830	175 
831	143 
832	23 
833	194 
834	215 
835	205 
836	42 
837	65 
838	144 
839	18 
840	59 
841	133 
842	214 
843	156 
844	146 
845	262 
846	52 
847	228 
848	139 
849	286 
850	38 
851	211 
852	202 
853	191 
854	261 
855	240 
856	299 
857	318 
858	121 
859	162 
860	314 
861	62 
862	215 
863	311 
864	120 
865	301 
866	115 
867	85 
868	157 
869	233 
870	114 
871	194 
872	40 
873	163 
874	221 
875	299 
876	79 
877	116 
878	25 
879	245 
880	243 
881	160 
882	250 
883	48 
884	304 
885	298 
886	38 
887	65 
888	304 
889	319 
890	259 
891	180 
892	282 
893	9 
894	164 
895	206 
896	151 
897	246 
898	42 
899	232 
900	173 
901	222 
902	231 
903	140 
904	72 
905	239 
906	166 
907	155 
908	185 
909	285 
910	154 
911	12 
912	307 
913	265 
914	173 
915	278 
916	217 
917	136 
918	166 
919	118 
920	147 
921	266 
922	206 
923	60 
924	54 
925	255 
926	274 
927	250 
928	33 
929	289 
930	282 
931	4 
932	306 
933	59 
934	206 
935	146 
936	208 
937	58 
938	40 
939	277 
940	253 
941	283 
942	290 
943	104 
944	118 
945	277 
946	45 
947	180 
948	313 
949	303 
950	71 
951	147 
952	102 
953	257 
954	185 
955	277 
956	312 
957	299 
958	302 
959	198 
960	137 
961	241 
962	268 
963	13 
964	288 
965	76 
966	126 
967	245 
968	265 
969	277 
970	78 
971	65 
972	214 
973	250 
974	82 
975	269 
976	230 
977	261 
978	261 
979	121 
980	50 
981	38 
982	231 
983	266 
984	173 
985	177 
986	309 
987	244 
988	235 
989	110 
990	258 
991	127 
992	97 
993	228 
994	188 
995	274 
996	202 
997	286 
998	270 
999	212 
1000	140 
1001	207 
1002	7 
1003	219 
1004	225 
1005	236 
1006	40 
1007	35 
1008	6 
1009	292 
1010	189 
1011	256 
1012	296 
1013	197 
1014	227 
1015	134 
1016	228 
1017	39 
1018	34 
1019	115 
1020	190 
1021	284 
1022	178 
1023	182 
1024	192 
1025	281 
1026	112 
1027	146 
1028	112 
1029	118 
1030	26 
1031	284 
1032	12 
1033	201 
1034	92 
1035	91 
1036	245 
1037	194 
1038	95 
1039	143 
1040	204 
1041	168 
1042	260 
1043	163 
1044	2 
1045	146 
1046	168 
1047	78 
1048	143 
1049	285 
1050	116 
1051	266 
1052	228 
1053	187 
1054	49 
1055	209 
1056	141 
1057	30 
1058	52 
1059	240 
1060	228 
1061	213 
1062	280 
1063	189 
1064	91 
1065	317 
1066	221 
1067	39 
1068	77 
1069	133 
1070	246 
1071	6 
1072	214 
1073	201 
1074	22 
1075	163 
1076	151 
1077	18 
1078	3 
1079	297 
1080	143 
1081	110 
1082	251 
1083	154 
1084	149 
1085	250 
1086	291 
1087	70 
1088	10 
1089	33 
1090	316 
1091	52 
1092	268 
1093	200 
1094	91 
1095	62 
1096	10 
1097	84 
1098	77 
1099	56 
1100	39 
1101	259 
1102	136 
1103	160 
1104	256 
1105	208 
1106	70 
1107	177 
1108	232 
1109	98 
1110	68 
1111	62 
1112	239 
1113	285 
1114	280 
1115	136 
1116	88 
1117	313 
1118	265 
1119	61 
1120	62 
1121	194 
1122	5 
1123	89 
1124	71 
1125	255 
1126	287 
1127	50 
1128	189 
1129	181 
1130	204 
1131	231 
1132	7 
1133	281 
1134	121 
1135	218 
1136	215 
1137	213 
1138	169 
1139	5 
1140	65 
1141	116 
1142	311 
1143	221 
1144	171 
1145	257 
1146	301 
1147	120 
1148	264 
1149	316 
1150	87 
1151	59 
1152	40 
1153	177 
1154	52 
1155	245 
1156	165 
1157	240 
1158	133 
1159	108 
1160	286 
1161	241 
1162	315 
1163	75 
1164	5 
1165	261 
1166	185 
1167	166 
1168	250 
1169	251 
1170	255 
1171	92 
1172	275 
1173	268 
1174	114 
1175	218 
1176	232 
1177	189 
1178	140 
1179	120 
1180	296 
1181	14 
1182	101 
1183	264 
1184	147 
1185	266 
1186	262 
1187	310 
1188	193 
1189	55 
1190	205 
1191	119 
1192	254 
1193	77 
1194	284 
1195	244 
1196	214 
1197	167 
1198	139 
1199	36 
1200	3 
1201	88 
1202	39 
1203	170 
1204	57 
1205	288 
1206	113 
1207	144 
1208	186 
1209	256 
1210	104 
1211	233 
1212	228 
1213	153 
1214	231 
1215	262 
1216	213 
1217	135 
1218	220 
1219	302 
1220	122 
1221	154 
1222	37 
1223	178 
1224	231 
1225	314 
1226	198 
1227	56 
1228	319 
1229	58 
1230	309 
1231	261 
1232	187 
1233	40 
1234	184 
1235	314 
1236	280 
1237	294 
1238	194 
1239	65 
1240	148 
1241	174 
1242	101 
1243	64 
1244	157 
1245	181 
1246	179 
1247	10 
1248	284 
1249	277 
1250	68 
1251	90 
1252	272 
1253	236 
1254	252 
1255	160 
1256	269 
1257	110 
1258	248 
1259	214 
1260	209 
1261	288 
1262	199 
1263	75 
1264	8 
1265	307 
1266	87 
1267	141 
1268	317 
1269	120 
1270	40 
1271	197 
1272	14 
1273	306 
1274	137 
1275	122 
1276	298 
1277	53 
1278	188 
1279	97 
1280	181 
1281	26 
1282	309 
1283	15 
1284	179 
1285	280 
1286	125 
1287	161 
1288	163 
1289	243 
1290	202 
1291	307 
1292	224 
1293	242 
1294	276 
1295	68 
1296	30 
1297	246 
1298	19 
1299	186 
1300	71 
1301	272 
1302	181 
1303	120 
1304	115 
1305	58 
1306	100 
1307	29 
1308	270 
1309	122 
1310	164 
1311	8 
1312	125 
1313	189 
1314	150 
1315	4 
1316	174 
1317	114 
1318	263 
1319	312 
1320	73 
1321	312 
1322	205 
1323	142 
1324	54 
1325	42 
1326	181 
1327	55 
1328	89 
1329	199 
1330	241 
1331	205 
1332	274 
1333	281 
1334	38 
1335	48 
1336	268 
1337	184 
1338	71 
1339	142 
1340	183 
1341	269 
1342	131 
1343	134 
1344	269 
1345	227 
1346	189 
1347	272 
1348	11 
1349	101 
1350	66 
1351	186 
1352	314 
1353	176 
1354	190 
1355	77 
1356	166 
1357	70 
1358	266 
1359	30 
1360	46 
1361	310 
1362	125 
1363	63 
1364	196 
1365	243 
1366	44 
1367	169 
1368	30 
1369	274 
1370	270 
1371	66 
1372	207 
1373	311 
1374	62 
1375	198 
1376	168 
1377	37 
1378	179 
1379	265 
1380	188 
1381	34 
1382	60 
1383	311 
1384	216 
1385	248 
1386	230 
1387	90 
1388	169 
1389	109 
1390	206 
1391	304 
1392	156 
1393	179 
1394	147 
1395	272 
1396	196 
1397	207 
1398	176 
1399	7 
1400	111 
1401	215 
1402	88 
1403	206 
1404	311 
1405	272 
1406	112 
1407	302 
1408	310 
1409	90 
1410	257 
1411	183 
1412	172 
1413	121 
1414	136 
1415	6 
1416	127 
1417	302 
1418	262 
1419	165 
1420	213 
1421	269 
1422	131 
1423	231 
1424	5 
1425	199 
1426	132 
1427	109 
1428	71 
1429	193 
1430	97 
1431	107 
1432	148 
1433	258 
1434	103 
1435	68 
1436	212 
1437	239 
1438	177 
1439	71 
1440	116 
1441	149 
1442	137 
1443	263 
1444	37 
1445	217 
1446	107 
1447	47 
1448	44 
1449	313 
1450	134 
1451	240 
1452	99 
1453	200 
1454	113 
1455	52 
1456	136 
1457	74 
1458	132 
1459	43 
1460	19 
1461	80 
1462	291 
1463	274 
1464	139 
1465	111 
1466	233 
1467	38 
1468	217 
1469	181 
1470	269 
1471	118 
1472	53 
1473	297 
1474	28 
1475	28 
1476	148 
1477	58 
1478	311 
1479	81 
1480	218 
1481	52 
1482	287 
1483	275 
1484	30 
1485	151 
1486	195 
1487	258 
1488	251 
1489	316 
1490	190 
1491	96 
1492	247 
1493	90 
1494	8 
1495	136 
1496	201 
1497	135 
1498	117 
1499	169 
1500	44 
1501	22 
1502	85 
1503	318 
1504	44 
1505	77 
1506	119 
1507	48 
1508	152 
1509	20 
1510	62 
1511	5 
1512	148 
1513	108 
1514	121 
1515	222 
1516	43 
1517	290 
1518	114 
1519	164 
1520	140 
1521	249 
1522	41 
1523	308 
1524	311 
1525	51 
1526	237 
1527	95 
1528	198 
1529	302 
1530	177 
1531	37 
1532	60 
1533	5 
1534	98 
1535	110 
1536	300 
1537	45 
1538	174 
1539	140 
1540	174 
1541	85 
1542	293 
1543	127 
1544	279 
1545	232 
1546	173 
1547	130 
1548	162 
1549	266 
1550	25 
1551	247 
1552	283 
1553	8 
1554	224 
1555	93 
1556	309 
1557	49 
1558	308 
1559	300 
1560	195 
1561	265 
1562	305 
1563	180 
1564	309 
1565	183 
1566	256 
1567	241 
1568	4 
1569	258 
1570	105 
1571	97 
1572	204 
1573	71 
1574	173 
1575	205 
1576	305 
1577	270 
1578	244 
1579	235 
1580	312 
1581	157 
1582	204 
1583	70 
1584	36 
1585	179 
1586	295 
1587	10 
1588	268 
1589	9 
1590	136 
1591	237 
1592	42 
1593	257 
1594	238 
1595	224 
1596	222 
1597	59 
1598	81 
1599	258 
1600	160 
1601	268 
1602	271 
1603	87 
1604	290 
1605	317 
1606	37 
1607	110 
1608	109 
1609	87 
1610	159 
1611	82 
1612	98 
1613	108 
1614	90 
1615	1 
1616	114 
1617	17 
1618	91 
1619	174 
1620	148 
1621	216 
1622	223 
1623	1 
1624	133 
1625	195 
1626	317 
1627	61 
1628	69 
1629	232 
1630	106 
1631	109 
1632	4 
1633	251 
1634	178 
1635	254 
1636	80 
1637	33 
1638	292 
1639	11 
1640	257 
1641	236 
1642	69 
1643	266 
1644	240 
1645	92 
1646	116 
1647	203 
1648	27 
1649	98 
1650	91 
1651	41 
1652	163 
1653	213 
1654	175 
1655	109 
1656	59 
1657	126 
1658	61 
1659	123 
1660	17 
1661	122 
1662	71 
1663	159 
1664	28 
1665	169 
1666	311 
1667	181 
1668	186 
1669	298 
1670	233 
1671	236 
1672	237 
1673	308 
1674	227 
1675	282 
1676	151 
1677	188 
1678	197 
1679	247 
1680	47 
1681	234 
1682	309 
1683	235 
1684	183 
1685	20 
1686	289 
1687	165 
1688	192 
1689	32 
1690	289 
1691	184 
1692	69 
1693	88 
1694	291 
1695	103 
1696	317 
1697	172 
1698	282 
1699	256 
1700	108 
1701	130 
1702	212 
1703	62 
1704	307 
1705	19 
1706	14 
1707	2 
1708	239 
1709	156 
1710	307 
1711	316 
1712	204 
1713	24 
1714	140 
1715	295 
1716	239 
1717	319 
1718	46 
1719	182 
1720	229 
1721	227 
1722	110 
1723	159 
1724	243 
1725	295 
1726	176 
1727	177 
1728	231 
1729	206 
1730	184 
1731	28 
1732	113 
1733	114 
1734	249 
1735	241 
1736	143 
1737	161 
1738	53 
1739	212 
1740	109 
1741	47 
1742	260 
1743	188 
1744	273 
1745	309 
1746	243 
1747	5 
1748	59 
1749	134 
1750	2 
1751	198 
1752	229 
1753	293 
1754	210 
1755	128 
1756	27 
1757	110 
1758	76 
1759	142 
1760	45 
1761	71 
1762	279 
1763	116 
1764	285 
1765	265 
1766	175 
1767	190 
1768	100 
1769	46 
1770	147 
1771	79 
1772	1 
1773	63 
1774	227 
1775	145 
1776	318 
1777	50 
1778	272 
1779	170 
1780	139 
1781	236 
1782	24 
1783	313 
1784	193 
1785	190 
1786	103 
1787	153 
1788	88 
1789	49 
1790	191 
1791	265 
1792	133 
1793	217 
1794	150 
1795	119 
1796	155 
1797	262 
1798	80 
1799	6 
1800	157 
1801	279 
1802	137 
1803	105 
1804	195 
1805	318 
1806	163 
1807	180 
1808	31 
1809	304 
1810	176 
1811	170 
1812	256 
1813	29 
1814	95 
1815	110 
1816	106 
1817	69 
1818	278 
1819	223 
1820	317 
1821	109 
1822	95 
1823	133 
1824	21 
1825	216 
1826	126 
1827	96 
1828	317 
1829	64 
1830	115 
1831	4 
1832	261 
1833	123 
1834	58 
1835	27 
1836	1 
1837	316 
1838	309 
1839	299 
1840	154 
1841	252 
1842	272 
1843	13 
1844	136 
1845	153 
1846	9 
1847	176 
1848	128 
1849	220 
1850	143 
1851	238 
1852	79 
1853	252 
1854	278 
1855	151 
1856	146 
1857	144 
1858	231 
1859	4 
1860	199 
1861	304 
1862	58 
1863	172 
1864	257 
1865	98 
1866	153 
1867	16 
1868	310 
1869	127 
1870	50 
1871	313 
1872	6 
1873	12 
1874	52 
1875	282 
1876	43 
1877	272 
1878	318 
1879	165 
1880	302 
1881	130 
1882	147 
1883	283 
1884	234 
1885	191 
1886	244 
1887	304 
1888	298 
1889	271 
1890	307 
1891	164 
1892	45 
1893	23 
1894	167 
1895	188 
1896	254 
1897	104 
1898	308 
1899	7 
1900	248 
1901	111 
1902	188 
1903	29 
1904	177 
1905	197 
1906	1 
1907	292 
1908	83 
1909	228 
1910	174 
1911	165 
1912	224 
1913	89 
1914	211 
1915	1 
1916	254 
1917	157 
1918	89 
1919	109 
1920	105 
1921	166 
1922	308 
1923	269 
1924	276 
1925	30 
1926	283 
1927	38 
1928	240 
1929	299 
1930	285 
1931	275 
1932	133 
1933	136 
1934	139 
1935	29 
1936	52 
1937	163 
1938	136 
1939	297 
1940	223 
1941	36 
1942	276 
1943	37 
1944	154 
1945	83 
1946	96 
1947	156 
1948	85 
1949	1 
1950	18 
1951	103 
1952	230 
1953	162 
1954	88 
1955	277 
1956	71 
1957	165 
1958	204 
1959	169 
1960	295 
1961	152 
1962	27 
1963	163 
1964	302 
1965	129 
1966	12 
1967	41 
1968	150 
1969	21 
1970	153 
1971	205 
1972	215 
1973	237 
1974	299 
1975	299 
1976	166 
1977	209 
1978	271 
1979	118 
1980	89 
1981	184 
1982	66 
1983	176 
1984	52 
1985	38 
1986	18 
1987	11 
1988	205 
1989	79 
1990	171 
1991	97 
1992	103 
1993	113 
1994	52 
1995	89 
1996	287 
1997	118 
1998	277 
1999	248 
2000	261 
2001	73 
2002	79 
2003	274 
2004	60 
2005	110 
2006	310 
2007	129 
2008	135 
2009	230 
2010	55 
2011	96 
2012	235 
2013	188 
2014	115 
2015	268 
2016	253 
2017	222 
2018	115 
2019	136 
2020	189 
2021	293 
2022	17 
2023	298 
2024	28 
2025	219 
2026	108 
2027	60 
2028	189 
2029	278 
2030	158 
2031	311 
2032	292 
2033	131 
2034	297 
2035	125 
2036	112 
2037	18 
2038	183 
2039	294 
2040	284 
2041	201 
2042	131 
2043	270 
2044	267 
2045	262 
2046	274 
2047	28 
2048	117 
2049	302 
2050	263 
2051	111 
2052	83 
2053	146 
2054	290 
2055	24 
2056	123 
2057	144 
2058	3 
2059	137 
2060	69 
2061	38 
2062	163 
2063	88 
2064	225 
2065	125 
2066	249 
2067	43 
2068	226 
2069	176 
2070	118 
2071	228 
2072	7 
2073	204 
2074	306 
2075	223 
2076	117 
2077	268 
2078	50 
2079	152 
2080	184 
2081	274 
2082	35 
2083	58 
2084	233 
2085	235 
2086	232 
2087	307 
2088	24 
2089	71 
2090	248 
2091	198 
2092	191 
2093	314 
2094	120 
2095	284 
2096	19 
2097	287 
2098	159 
2099	252 
2100	16 
2101	211 
2102	55 
2103	54 
2104	52 
2105	35 
2106	4 
2107	290 
2108	292 
2109	26 
2110	103 
2111	158 
2112	62 
2113	229 
2114	84 
2115	316 
2116	285 
2117	185 
2118	113 
2119	309 
2120	256 
2121	293 
2122	310 
2123	290 
2124	70 
2125	235 
2126	78 
2127	22 
2128	302 
2129	32 
2130	71 
2131	47 
2132	313 
2133	297 
2134	142 
2135	166 
2136	127 
2137	220 
2138	298 
2139	231 
2140	96 
2141	139 
2142	122 
2143	317 
2144	289 
2145	310 
2146	310 
2147	160 
2148	311 
2149	70 
2150	202 
2151	30 
2152	11 
2153	25 
2154	176 
2155	1 
2156	42 
2157	117 
2158	311 
2159	46 
2160	123 
2161	58 
2162	91 
2163	68 
2164	139 
2165	205 
2166	60 
2167	162 
2168	164 
2169	180 
2170	240 
2171	46 
2172	21 
2173	111 
2174	70 
2175	163 
2176	54 
2177	30 
2178	192 
2179	151 
2180	137 
2181	251 
2182	183 
2183	228 
2184	77 
2185	42 
2186	137 
2187	317 
2188	160 
2189	218 
2190	97 
2191	289 
2192	176 
2193	44 
2194	125 
2195	49 
2196	264 
2197	102 
2198	298 
2199	80 
2200	8 
2201	2 
2202	284 
2203	3 
2204	144 
2205	238 
2206	269 
2207	108 
2208	180 
2209	156 
2210	248 
2211	128 
2212	98 
2213	274 
2214	190 
2215	156 
2216	41 
2217	273 
2218	16 
2219	71 
2220	134 
2221	229 
2222	288 
2223	51 
2224	89 
2225	106 
2226	260 
2227	58 
2228	120 
2229	267 
2230	120 
2231	311 
2232	89 
2233	96 
2234	109 
2235	175 
2236	202 
2237	160 
2238	285 
2239	307 
2240	127 
2241	318 
2242	196 
2243	127 
2244	184 
2245	169 
2246	192 
2247	172 
2248	77 
2249	20 
2250	201 
2251	185 
2252	281 
2253	140 
2254	267 
2255	306 
2256	120 
2257	318 
2258	165 
2259	281 
2260	211 
2261	281 
2262	244 
2263	281 
2264	70 
2265	256 
2266	193 
2267	193 
2268	109 
2269	316 
2270	35 
2271	70 
2272	101 
2273	294 
2274	292 
2275	17 
2276	24 
2277	22 
2278	229 
2279	43 
2280	73 
2281	18 
2282	265 
2283	14 
2284	229 
2285	227 
2286	169 
2287	32 
2288	153 
2289	108 
2290	205 
2291	121 
2292	47 
2293	148 
2294	189 
2295	306 
2296	188 
2297	10 
2298	48 
2299	224 
2300	105 
2301	83 
2302	109 
2303	127 
2304	157 
2305	35 
2306	313 
2307	12 
2308	170 
2309	241 
2310	135 
2311	10 
2312	133 
2313	24 
2314	175 
2315	56 
2316	311 
2317	268 
2318	229 
2319	247 
2320	249 
2321	144 
2322	288 
2323	308 
2324	192 
2325	3 
2326	232 
2327	302 
2328	9 
2329	274 
2330	67 
2331	176 
2332	58 
2333	67 
2334	10 
2335	262 
2336	284 
2337	36 
2338	218 
2339	163 
2340	70 
2341	298 
2342	133 
2343	59 
2344	82 
2345	209 
2346	48 
2347	113 
2348	313 
2349	297 
2350	207 
2351	1 
2352	273 
2353	304 
2354	228 
2355	189 
2356	202 
2357	178 
2358	79 
2359	45 
2360	58 
2361	159 
2362	59 
2363	153 
2364	127 
2365	106 
2366	14 
2367	206 
2368	151 
2369	34 
2370	211 
2371	163 
2372	206 
2373	272 
2374	204 
2375	227 
2376	66 
2377	139 
2378	163 
2379	82 
2380	251 
2381	44 
2382	133 
2383	78 
2384	254 
2385	272 
2386	167 
2387	240 
2388	106 
2389	304 
2390	228 
2391	182 
2392	264 
2393	2 
2394	156 
2395	276 
2396	3 
2397	210 
2398	311 
2399	314 
2400	137 
2401	61 
2402	76 
2403	126 
2404	44 
2405	57 
2406	77 
2407	175 
2408	94 
2409	244 
2410	149 
2411	82 
2412	119 
2413	298 
2414	62 
2415	112 
2416	234 
2417	151 
2418	297 
2419	122 
2420	267 
2421	191 
2422	7 
2423	317 
2424	247 
2425	159 
2426	120 
2427	239 
2428	312 
2429	196 
2430	305 
2431	114 
2432	236 
2433	313 
2434	269 
2435	309 
2436	66 
2437	228 
2438	152 
2439	174 
2440	211 
2441	59 
2442	235 
2443	240 
2444	249 
2445	242 
2446	178 
2447	180 
2448	159 
2449	161 
2450	8 
2451	265 
2452	137 
2453	157 
2454	129 
2455	149 
2456	179 
2457	42 
2458	169 
2459	73 
2460	231 
2461	220 
2462	207 
2463	68 
2464	306 
2465	312 
2466	178 
2467	264 
2468	294 
2469	291 
2470	259 
2471	268 
2472	231 
2473	216 
2474	224 
2475	23 
2476	224 
2477	149 
2478	305 
2479	304 
2480	187 
2481	295 
2482	209 
2483	219 
2484	316 
2485	97 
2486	104 
2487	103 
2488	308 
2489	201 
2490	87 
2491	85 
2492	120 
2493	25 
2494	95 
2495	162 
2496	4 
2497	6 
2498	235 
2499	155 
2500	23 
2501	135 
2502	287 
2503	261 
2504	161 
2505	19 
2506	61 
2507	22 
2508	179 
2509	70 
2510	305 
2511	31 
2512	277 
2513	82 
2514	176 
2515	252 
2516	88 
2517	312 
2518	7 
2519	41 
2520	129 
2521	227 
2522	229 
2523	35 
2524	243 
2525	209 
2526	181 
2527	50 
2528	209 
2529	254 
2530	260 
2531	176 
2532	261 
2533	174 
2534	2 
2535	62 
2536	241 
2537	278 
2538	4 
2539	103 
2540	125 
2541	37 
2542	229 
2543	69 
2544	290 
2545	63 
2546	319 
2547	95 
2548	59 
2549	122 
2550	153 
2551	313 
2552	115 
2553	139 
2554	291 
2555	17 
2556	313 
2557	222 
2558	267 
2559	45 
2560	279 
2561	38 
2562	93 
2563	64 
2564	48 
2565	159 
2566	151 
2567	144 
2568	103 
2569	269 
2570	3 
2571	140 
2572	137 
2573	269 
2574	5 
2575	290 
2576	96 
2577	213 
2578	309 
2579	22 
2580	69 
2581	30 
2582	191 
2583	313 
2584	82 
2585	6 
2586	197 
2587	178 
2588	116 
2589	160 
2590	256 
2591	16 
2592	23 
2593	297 
2594	163 
2595	201 
2596	97 
2597	317 
2598	312 
2599	96 
2600	198 
2601	182 
2602	207 
2603	228 
2604	45 
2605	187 
2606	149 
2607	187 
2608	78 
2609	274 
2610	82 
2611	274 
2612	69 
2613	72 
2614	242 
2615	80 
2616	252 
2617	19 
2618	185 
2619	238 
2620	133 
2621	133 
2622	204 
2623	233 
2624	140 
2625	183 
2626	110 
2627	168 
2628	10 
2629	172 
2630	319 
2631	104 
2632	175 
2633	6 
2634	80 
2635	22 
2636	119 
2637	235 
2638	271 
2639	284 
2640	125 
2641	297 
2642	108 
2643	4 
2644	119 
2645	178 
2646	226 
2647	289 
2648	180 
2649	218 
2650	151 
2651	263 
2652	317 
2653	295 
2654	76 
2655	311 
2656	74 
2657	113 
2658	82 
2659	222 
2660	62 
2661	269 
2662	156 
2663	256 
2664	33 
2665	110 
2666	143 
2667	175 
2668	185 
2669	129 
2670	185 
2671	120 
2672	226 
2673	234 
2674	64 
2675	61 
2676	81 
2677	1 
2678	107 
2679	251 
2680	14 
2681	85 
2682	234 
2683	38 
2684	201 
2685	118 
2686	273 
2687	316 
2688	173 
2689	205 
2690	16 
2691	306 
2692	219 
2693	59 
2694	134 
2695	157 
2696	1 
2697	201 
2698	1 
2699	165 
2700	219 
2701	202 
2702	155 
2703	25 
2704	210 
2705	54 
2706	134 
2707	260 
2708	18 
2709	100 
2710	10 
2711	95 
2712	184 
2713	317 
2714	246 
2715	138 
2716	247 
2717	167 
2718	201 
2719	274 
2720	35 
2721	310 
2722	69 
2723	217 
2724	202 
2725	21 
2726	230 
2727	252 
2728	23 
2729	177 
2730	127 
2731	191 
2732	110 
2733	291 
2734	54 
2735	92 
2736	277 
2737	199 
2738	294 
2739	144 
2740	128 
2741	88 
2742	2 
2743	15 
2744	157 
2745	18 
2746	26 
2747	71 
2748	293 
2749	84 
2750	220 
2751	309 
2752	281 
2753	157 
2754	144 
2755	235 
2756	287 
2757	281 
2758	44 
2759	252 
2760	244 
2761	219 
2762	211 
2763	95 
2764	142 
2765	157 
2766	125 
2767	19 
2768	197 
2769	158 
2770	24 
2771	44 
2772	265 
2773	192 
2774	167 
2775	129 
2776	155 
2777	283 
2778	297 
2779	84 
2780	73 
2781	292 
2782	104 
2783	64 
2784	195 
2785	222 
2786	153 
2787	109 
2788	156 
2789	305 
2790	103 
2791	142 
2792	171 
2793	81 
2794	7 
2795	98 
2796	285 
2797	251 
2798	145 
2799	102 
2800	310 
2801	63 
2802	247 
2803	308 
2804	56 
2805	27 
2806	66 
2807	85 
2808	147 
2809	67 
2810	35 
2811	25 
2812	58 
2813	81 
2814	68 
2815	93 
2816	90 
2817	297 
2818	117 
2819	125 
2820	107 
2821	1 
2822	241 
2823	196 
2824	275 
2825	197 
2826	125 
2827	124 
2828	185 
2829	64 
2830	37 
2831	38 
2832	182 
2833	298 
2834	61 
2835	276 
2836	82 
2837	259 
2838	246 
2839	107 
2840	29 
2841	88 
2842	205 
2843	80 
2844	41 
2845	44 
2846	157 
2847	211 
2848	295 
2849	71 
2850	235 
2851	43 
2852	134 
2853	28 
2854	212 
2855	34 
2856	302 
2857	2 
2858	196 
2859	162 
2860	180 
2861	151 
2862	225 
2863	62 
2864	94 
2865	71 
2866	252 
2867	79 
2868	276 
2869	265 
2870	118 
2871	49 
2872	183 
2873	157 
2874	171 
2875	90 
2876	229 
2877	205 
2878	224 
2879	199 
2880	126 
2881	167 
2882	292 
2883	212 
2884	279 
2885	265 
2886	105 
2887	33 
2888	252 
2889	28 
2890	110 
2891	162 
2892	265 
2893	260 
2894	176 
2895	267 
2896	195 
2897	276 
2898	38 
2899	244 
2900	78 
2901	218 
2902	113 
2903	87 
2904	64 
2905	246 
2906	76 
2907	85 
2908	262 
2909	138 
2910	140 
2911	77 
2912	262 
2913	130 
2914	266 
2915	311 
2916	312 
2917	259 
2918	38 
2919	1 
2920	204 
2921	114 
2922	284 
2923	112 
2924	94 
2925	266 
2926	30 
2927	178 
2928	27 
2929	2 
2930	68 
2931	139 
2932	239 
2933	304 
2934	72 
2935	260 
2936	127 
2937	217 
2938	178 
2939	290 
2940	233 
2941	234 
2942	223 
2943	66 
2944	162 
2945	110 
2946	64 
2947	277 
2948	158 
2949	251 
2950	10 
2951	186 
2952	264 
2953	257 
2954	217 
2955	228 
2956	88 
2957	225 
2958	73 
2959	77 
2960	227 
2961	80 
2962	180 
2963	56 
2964	26 
2965	123 
2966	273 
2967	201 
2968	48 
2969	268 
2970	28 
2971	175 
2972	107 
2973	210 
2974	112 
2975	124 
2976	254 
2977	119 
2978	229 
2979	312 
2980	309 
2981	130 
2982	162 
2983	224 
2984	83 
2985	34 
2986	281 
2987	158 
2988	205 
2989	163 
2990	49 
2991	22 
2992	2 
2993	254 
2994	63 
2995	118 
2996	195 
2997	67 
2998	139 
2999	68 
3000	168 
3001	294 
3002	191 
3003	114 
3004	183 
3005	33 
3006	94 
3007	248 
3008	265 
3009	73 
3010	243 
3011	293 
3012	95 
3013	206 
3014	284 
3015	122 
3016	265 
3017	265 
3018	231 
3019	4 
3020	120 
3021	148 
3022	76 
3023	185 
3024	21 
3025	257 
3026	115 
3027	184 
3028	78 
3029	159 
3030	100 
3031	56 
3032	168 
3033	149 
3034	135 
3035	261 
3036	54 
3037	31 
3038	116 
3039	203 
3040	13 
3041	7 
3042	114 
3043	31 
3044	290 
3045	161 
3046	288 
3047	135 
3048	46 
3049	77 
3050	58 
3051	227 
3052	187 
3053	149 
3054	275 
3055	112 
3056	231 
3057	13 
3058	26 
3059	268 
3060	2 
3061	68 
3062	295 
3063	63 
3064	243 
3065	100 
3066	69 
3067	132 
3068	272 
3069	151 
3070	21 
3071	116 
3072	259 
3073	257 
3074	143 
3075	21 
3076	104 
3077	107 
3078	292 
3079	238 
3080	51 
3081	21 
3082	72 
3083	77 
3084	185 
3085	274 
3086	311 
3087	199 
3088	23 
3089	119 
3090	79 
3091	230 
3092	225 
3093	133 
3094	304 
3095	142 
3096	46 
3097	117 
3098	147 
3099	34 
3100	104 
3101	247 
3102	288 
3103	77 
3104	71 
3105	168 
3106	106 
3107	222 
3108	85 
3109	178 
3110	175 
3111	170 
3112	78 
3113	124 
3114	190 
3115	263 
3116	98 
3117	315 
3118	310 
3119	164 
3120	30 
3121	4 
3122	203 
3123	52 
3124	16 
3125	87 
3126	62 
3127	151 
3128	26 
3129	106 
3130	261 
3131	119 
3132	269 
3133	240 
3134	253 
3135	21 
3136	169 
3137	283 
3138	287 
3139	189 
3140	92 
3141	203 
3142	93 
3143	235 
3144	58 
3145	314 
3146	304 
3147	117 
3148	67 
3149	292 
3150	251 
3151	219 
3152	129 
3153	184 
3154	207 
3155	277 
3156	265 
3157	37 
3158	107 
3159	186 
3160	249 
3161	210 
3162	126 
3163	147 
3164	111 
3165	22 
3166	276 
3167	1 
3168	73 
3169	289 
3170	279 
3171	46 
3172	219 
3173	23 
3174	274 
3175	149 
3176	63 
3177	151 
3178	202 
3179	25 
3180	5 
3181	11 
3182	68 
3183	47 
3184	69 
3185	213 
3186	168 
3187	130 
3188	85 
3189	56 
3190	11 
3191	98 
3192	246 
3193	223 
3194	288 
3195	267 
3196	111 
3197	72 
3198	74 
3199	205 
3200	186 
3201	2 
3202	274 
3203	15 
3204	85 
3205	55 
3206	59 
3207	237 
3208	167 
3209	113 
3210	297 
3211	96 
3212	195 
3213	243 
3214	199 
3215	37 
3216	244 
3217	120 
3218	117 
3219	7 
3220	47 
3221	307 
3222	112 
3223	260 
3224	135 
3225	178 
3226	136 
3227	1 
3228	14 
3229	236 
3230	268 
3231	155 
3232	246 
3233	46 
3234	158 
3235	281 
3236	187 
3237	201 
3238	47 
3239	105 
3240	184 
3241	249 
3242	113 
3243	298 
3244	297 
3245	132 
3246	69 
3247	248 
3248	153 
3249	191 
3250	94 
3251	99 
3252	51 
3253	189 
3254	87 
3255	190 
3256	307 
3257	264 
3258	181 
3259	62 
3260	217 
3261	27 
3262	189 
3263	120 
3264	278 
3265	138 
3266	160 
3267	243 
3268	79 
3269	261 
3270	233 
3271	56 
3272	235 
3273	103 
3274	262 
3275	284 
3276	32 
3277	218 
3278	7 
3279	263 
3280	148 
3281	195 
3282	61 
3283	24 
3284	272 
3285	205 
3286	20 
3287	120 
3288	55 
3289	48 
3290	273 
3291	291 
3292	70 
3293	309 
3294	57 
3295	120 
3296	295 
3297	150 
3298	82 
3299	99 
3300	170 
3301	284 
3302	176 
3303	203 
3304	228 
3305	53 
3306	140 
3307	74 
3308	256 
3309	269 
3310	262 
3311	132 
3312	159 
3313	186 
3314	63 
3315	246 
3316	174 
3317	106 
3318	238 
3319	180 
3320	219 
3321	285 
3322	170 
3323	11 
3324	183 
3325	26 
3326	151 
3327	138 
3328	107 
3329	58 
3330	120 
3331	160 
3332	223 
3333	56 
3334	6 
3335	205 
3336	233 
3337	2 
3338	271 
3339	94 
3340	43 
3341	240 
3342	53 
3343	263 
3344	220 
3345	42 
3346	24 
3347	177 
3348	107 
3349	47 
3350	127 
3351	272 
3352	70 
3353	190 
3354	15 
3355	147 
3356	292 
3357	108 
3358	129 
3359	196 
3360	108 
3361	163 
3362	309 
3363	50 
3364	287 
3365	152 
3366	143 
3367	158 
3368	157 
3369	223 
3370	160 
3371	281 
3372	72 
3373	88 
3374	139 
3375	22 
3376	260 
3377	85 
3378	84 
3379	183 
3380	289 
3381	79 
3382	239 
3383	111 
3384	76 
3385	77 
3386	21 
3387	202 
3388	78 
3389	130 
3390	190 
3391	233 
3392	120 
3393	260 
3394	252 
3395	20 
3396	38 
3397	99 
3398	57 
3399	68 
3400	145 
3401	31 
3402	13 
3403	275 
3404	172 
3405	122 
3406	307 
3407	223 
3408	46 
3409	61 
3410	319 
3411	205 
3412	278 
3413	312 
3414	189 
3415	184 
3416	261 
3417	7 
3418	68 
3419	202 
3420	256 
3421	16 
3422	190 
3423	31 
3424	268 
3425	23 
3426	287 
3427	70 
3428	111 
3429	243 
3430	53 
3431	184 
3432	265 
3433	151 
3434	310 
3435	114 
3436	274 
3437	273 
3438	238 
3439	170 
3440	205 
3441	298 
3442	35 
3443	261 
3444	223 
3445	94 
3446	82 
3447	5 
3448	113 
3449	259 
3450	25 
3451	261 
3452	13 
3453	71 
3454	152 
3455	122 
3456	64 
3457	47 
3458	1 
3459	112 
3460	117 
3461	292 
3462	139 
3463	151 
3464	249 
3465	138 
3466	157 
3467	27 
3468	132 
3469	295 
3470	319 
3471	297 
3472	242 
3473	56 
3474	68 
3475	206 
3476	239 
3477	34 
3478	83 
3479	22 
3480	82 
3481	70 
3482	246 
3483	289 
3484	53 
3485	10 
3486	122 
3487	295 
3488	15 
3489	311 
3490	136 
3491	197 
3492	52 
3493	226 
3494	128 
3495	319 
3496	85 
3497	270 
3498	306 
3499	236 
3500	127 
3501	228 
3502	277 
3503	160 
3504	6 
3505	46 
3506	143 
3507	316 
3508	66 
3509	292 
3510	242 
3511	67 
3512	205 
3513	195 
3514	85 
3515	113 
3516	218 
3517	256 
3518	271 
3519	225 
3520	275 
3521	70 
3522	83 
3523	212 
3524	174 
3525	271 
3526	205 
3527	138 
3528	7 
3529	229 
3530	128 
3531	302 
3532	316 
3533	178 
3534	241 
3535	70 
3536	256 
3537	284 
3538	42 
3539	116 
3540	206 
3541	88 
3542	49 
3543	271 
3544	272 
3545	233 
3546	234 
3547	246 
3548	197 
3549	44 
3550	66 
3551	34 
3552	259 
3553	12 
3554	155 
3555	54 
3556	178 
3557	211 
3558	314 
3559	70 
3560	253 
3561	285 
3562	81 
3563	20 
3564	228 
3565	170 
3566	7 
3567	129 
3568	113 
3569	266 
3570	314 
3571	173 
3572	139 
3573	200 
3574	35 
3575	103 
3576	85 
3577	201 
3578	98 
3579	283 
3580	298 
3581	297 
3582	78 
3583	11 
3584	94 
3585	4 
3586	90 
3587	317 
3588	238 
3589	54 
3590	240 
3591	186 
3592	292 
3593	112 
3594	5 
3595	186 
3596	160 
3597	47 
3598	125 
3599	238 
3600	14 
3601	90 
3602	20 
3603	68 
3604	58 
3605	55 
3606	269 
3607	283 
3608	307 
3609	79 
3610	163 
3611	236 
3612	62 
3613	238 
3614	261 
3615	243 
3616	33 
3617	140 
3618	1 
3619	42 
3620	152 
3621	204 
3622	166 
3623	113 
3624	228 
3625	16 
3626	72 
3627	239 
3628	291 
3629	129 
3630	306 
3631	234 
3632	84 
3633	160 
3634	57 
3635	273 
3636	225 
3637	9 
3638	204 
3639	41 
3640	274 
3641	239 
3642	96 
3643	139 
3644	119 
3645	236 
3646	308 
3647	20 
3648	129 
3649	47 
3650	157 
3651	67 
3652	273 
3653	240 
3654	49 
3655	5 
3656	95 
3657	32 
3658	238 
3659	145 
3660	35 
3661	83 
3662	233 
3663	310 
3664	293 
3665	109 
3666	11 
3667	72 
3668	15 
3669	220 
3670	47 
3671	293 
3672	34 
3673	261 
3674	165 
3675	145 
3676	135 
3677	223 
3678	170 
3679	79 
3680	54 
3681	306 
3682	122 
3683	274 
3684	7 
3685	128 
3686	56 
3687	161 
3688	166 
3689	160 
3690	233 
3691	4 
3692	218 
3693	115 
3694	238 
3695	37 
3696	234 
3697	222 
3698	201 
3699	177 
3700	307 
3701	168 
3702	229 
3703	225 
3704	85 
3705	57 
3706	105 
3707	270 
3708	224 
3709	53 
3710	201 
3711	212 
3712	135 
3713	47 
3714	229 
3715	305 
3716	20 
3717	171 
3718	24 
3719	190 
3720	133 
3721	184 
3722	67 
3723	307 
3724	279 
3725	251 
3726	150 
3727	253 
3728	88 
3729	135 
3730	6 
3731	190 
3732	183 
3733	299 
3734	304 
3735	95 
3736	312 
3737	256 
3738	38 
3739	237 
3740	148 
3741	20 
3742	179 
3743	8 
3744	193 
3745	228 
3746	309 
3747	93 
3748	132 
3749	61 
3750	249 
3751	56 
3752	74 
3753	15 
3754	243 
3755	196 
3756	110 
3757	257 
3758	293 
3759	53 
3760	85 
3761	164 
3762	5 
3763	92 
3764	278 
3765	251 
3766	262 
3767	277 
3768	139 
3769	38 
3770	94 
3771	23 
3772	148 
3773	282 
3774	217 
3775	269 
3776	116 
3777	249 
3778	285 
3779	261 
3780	317 
3781	136 
3782	129 
3783	115 
3784	176 
3785	66 
3786	207 
3787	281 
3788	228 
3789	172 
3790	251 
3791	20 
3792	162 
3793	123 
3794	179 
3795	281 
3796	306 
3797	170 
3798	96 
3799	220 
3800	68 
3801	287 
3802	33 
3803	262 
3804	180 
3805	124 
3806	239 
3807	72 
3808	182 
3809	252 
3810	181 
3811	185 
3812	157 
3813	3 
3814	98 
3815	3 
3816	259 
3817	107 
3818	251 
3819	297 
3820	174 
3821	133 
3822	201 
3823	159 
3824	161 
3825	9 
3826	113 
3827	241 
3828	14 
3829	157 
3830	106 
3831	72 
3832	140 
3833	95 
3834	82 
3835	51 
3836	212 
3837	252 
3838	284 
3839	17 
3840	195 
3841	319 
3842	41 
3843	162 
3844	284 
3845	98 
3846	310 
3847	304 
3848	150 
3849	226 
3850	292 
3851	64 
3852	261 
3853	284 
3854	138 
3855	103 
3856	176 
3857	193 
3858	226 
3859	260 
3860	52 
3861	198 
3862	241 
3863	79 
3864	66 
3865	253 
3866	2 
3867	302 
3868	305 
3869	139 
3870	151 
3871	13 
3872	99 
3873	262 
3874	249 
3875	153 
3876	174 
3877	171 
3878	210 
3879	302 
3880	123 
3881	62 
3882	169 
3883	19 
3884	133 
3885	315 
3886	142 
3887	105 
3888	137 
3889	62 
3890	159 
3891	88 
3892	27 
3893	145 
3894	84 
3895	29 
3896	3 
3897	287 
3898	277 
3899	147 
3900	85 
3901	240 
3902	169 
3903	185 
3904	117 
3905	316 
3906	316 
3907	88 
3908	24 
3909	281 
3910	62 
3911	225 
3912	235 
3913	16 
3914	62 
3915	308 
3916	88 
3917	71 
3918	74 
3919	261 
3920	74 
3921	20 
3922	96 
3923	123 
3924	59 
3925	170 
3926	158 
3927	68 
3928	172 
3929	236 
3930	78 
3931	165 
3932	211 
3933	175 
3934	178 
3935	110 
3936	189 
3937	98 
3938	120 
3939	57 
3940	249 
3941	279 
3942	246 
3943	168 
3944	260 
3945	48 
3946	53 
3947	210 
3948	186 
3949	239 
3950	34 
3951	172 
3952	2 
3953	77 
3954	12 
3955	59 
3956	3 
3957	71 
3958	265 
3959	51 
3960	96 
3961	272 
3962	6 
3963	263 
3964	310 
3965	72 
3966	64 
3967	53 
3968	57 
3969	172 
3970	107 
3971	53 
3972	307 
3973	269 
3974	278 
3975	113 
3976	167 
3977	213 
3978	293 
3979	315 
3980	12 
3981	128 
3982	251 
3983	31 
3984	196 
3985	52 
3986	6 
3987	49 
3988	273 
3989	100 
3990	20 
3991	83 
3992	202 
3993	213 
3994	6 
3995	66 
3996	272 
3997	135 
3998	197 
3999	287 
4000	139 
4001	96 
4002	264 
4003	268 
4004	47 
4005	228 
4006	272 
4007	313 
4008	287 
4009	274 
4010	281 
4011	4 
4012	21 
4013	241 
4014	251 
4015	201 
4016	92 
4017	51 
4018	317 
4019	32 
4020	2 
4021	272 
4022	231 
4023	35 
4024	58 
4025	189 
4026	73 
4027	270 
4028	313 
4029	285 
4030	226 
4031	294 
4032	316 
4033	130 
4034	4 
4035	11 
4036	113 
4037	47 
4038	78 
4039	21 
4040	138 
4041	202 
4042	203 
4043	107 
4044	54 
4045	77 
4046	15 
4047	88 
4048	170 
4049	200 
4050	136 
4051	123 
4052	98 
4053	181 
4054	37 
4055	93 
4056	292 
4057	106 
4058	267 
4059	292 
4060	4 
4061	88 
4062	108 
4063	271 
4064	239 
4065	239 
4066	147 
4067	309 
4068	315 
4069	41 
4070	240 
4071	169 
4072	3 
4073	13 
4074	174 
4075	58 
4076	275 
4077	243 
4078	72 
4079	20 
4080	128 
4081	167 
4082	126 
4083	184 
4084	200 
4085	263 
4086	81 
4087	219 
4088	223 
4089	270 
4090	132 
4091	28 
4092	271 
4093	190 
4094	96 
4095	177 
4096	306 
4097	96 
4098	67 
4099	18 
4100	315 
4101	34 
4102	15 
4103	307 
4104	92 
4105	181 
4106	19 
4107	229 
4108	51 
4109	243 
4110	70 
4111	35 
4112	176 
4113	62 
4114	67 
4115	168 
4116	228 
4117	31 
4118	197 
4119	119 
4120	25 
4121	19 
4122	315 
4123	20 
4124	103 
4125	306 
4126	163 
4127	270 
4128	35 
4129	19 
4130	124 
4131	304 
4132	83 
4133	319 
4134	5 
4135	235 
4136	18 
4137	209 
4138	157 
4139	313 
4140	124 
4141	92 
4142	68 
4143	268 
4144	298 
4145	122 
4146	273 
4147	12 
4148	110 
4149	49 
4150	7 
4151	122 
4152	109 
4153	70 
4154	184 
4155	152 
4156	166 
4157	307 
4158	102 
4159	99 
4160	242 
4161	145 
4162	264 
4163	230 
4164	189 
4165	6 
4166	42 
4167	52 
4168	67 
4169	181 
4170	103 
4171	150 
4172	237 
4173	135 
4174	117 
4175	57 
4176	186 
4177	79 
4178	12 
4179	136 
4180	66 
4181	273 
4182	42 
4183	22 
4184	157 
4185	81 
4186	25 
4187	230 
4188	314 
4189	242 
4190	16 
4191	274 
4192	164 
4193	68 
4194	66 
4195	309 
4196	264 
4197	49 
4198	308 
4199	227 
4200	306 
4201	203 
4202	95 
4203	5 
4204	127 
4205	51 
4206	316 
4207	281 
4208	272 
4209	169 
4210	55 
4211	172 
4212	261 
4213	69 
4214	205 
4215	26 
4216	201 
4217	53 
4218	242 
4219	261 
4220	112 
4221	260 
4222	236 
4223	213 
4224	216 
4225	77 
4226	99 
4227	82 
4228	263 
4229	117 
4230	107 
4231	112 
4232	14 
4233	219 
4234	155 
4235	115 
4236	305 
4237	299 
4238	44 
4239	307 
4240	55 
4241	292 
4242	246 
4243	164 
4244	184 
4245	240 
4246	43 
4247	144 
4248	177 
4249	6 
4250	231 
4251	103 
4252	76 
4253	252 
4254	136 
4255	105 
4256	163 
4257	308 
4258	140 
4259	236 
4260	117 
4261	95 
4262	256 
4263	268 
4264	157 
4265	293 
4266	299 
4267	85 
4268	124 
4269	175 
4270	257 
4271	253 
4272	228 
4273	157 
4274	165 
4275	262 
4276	224 
4277	264 
4278	1 
4279	229 
4280	110 
4281	144 
4282	133 
4283	161 
4284	140 
4285	281 
4286	244 
4287	246 
4288	6 
4289	77 
4290	51 
4291	16 
4292	79 
4293	7 
4294	181 
4295	219 
4296	281 
4297	193 
4298	260 
4299	304 
4300	224 
4301	283 
4302	6 
4303	138 
4304	142 
4305	105 
4306	217 
4307	120 
4308	70 
4309	42 
4310	298 
4311	139 
4312	253 
4313	315 
4314	98 
4315	291 
4316	246 
4317	79 
4318	261 
4319	77 
4320	295 
4321	62 
4322	112 
4323	51 
4324	202 
4325	237 
4326	57 
4327	283 
4328	261 
4329	264 
4330	64 
4331	95 
4332	284 
4333	196 
4334	102 
4335	229 
4336	315 
4337	159 
4338	240 
4339	229 
4340	117 
4341	138 
4342	53 
4343	103 
4344	182 
4345	71 
4346	284 
4347	319 
4348	64 
4349	277 
4350	92 
4351	190 
4352	189 
4353	216 
4354	127 
4355	311 
4356	30 
4357	14 
4358	48 
4359	284 
4360	138 
4361	41 
4362	298 
4363	139 
4364	316 
4365	3 
4366	216 
4367	109 
4368	176 
4369	275 
4370	126 
4371	235 
4372	317 
4373	217 
4374	151 
4375	317 
4376	74 
4377	28 
4378	143 
4379	275 
4380	241 
4381	201 
4382	140 
4383	142 
4384	2 
4385	239 
4386	85 
4387	235 
4388	58 
4389	157 
4390	125 
4391	203 
4392	230 
4393	305 
4394	25 
4395	151 
4396	94 
4397	84 
4398	55 
4399	155 
4400	153 
4401	224 
4402	142 
4403	173 
4404	143 
4405	268 
4406	241 
4407	69 
4408	55 
4409	253 
4410	54 
4411	56 
4412	108 
4413	237 
4414	246 
4415	217 
4416	316 
4417	313 
4418	151 
4419	313 
4420	23 
4421	281 
4422	246 
4423	42 
4424	11 
4425	228 
4426	19 
4427	222 
4428	100 
4429	57 
4430	200 
4431	17 
4432	127 
4433	166 
4434	309 
4435	171 
4436	298 
4437	109 
4438	125 
4439	225 
4440	174 
4441	191 
4442	31 
4443	307 
4444	82 
4445	87 
4446	35 
4447	295 
4448	10 
4449	22 
4450	90 
4451	306 
4452	265 
4453	66 
4454	32 
4455	104 
4456	30 
4457	159 
4458	70 
4459	235 
4460	292 
4461	298 
4462	126 
4463	272 
4464	178 
4465	102 
4466	50 
4467	295 
4468	213 
4469	183 
4470	34 
4471	283 
4472	32 
4473	129 
4474	180 
4475	18 
4476	166 
4477	314 
4478	172 
4479	51 
4480	205 
4481	310 
4482	94 
4483	314 
4484	72 
4485	67 
4486	35 
4487	9 
4488	222 
4489	261 
4490	84 
4491	202 
4492	239 
4493	263 
4494	128 
4495	130 
4496	222 
4497	110 
4498	195 
4499	120 
4500	70 
4501	210 
4502	265 
4503	30 
4504	313 
4505	287 
4506	151 
4507	277 
4508	295 
4509	19 
4510	278 
4511	274 
4512	81 
4513	165 
4514	104 
4515	14 
4516	220 
4517	99 
4518	118 
4519	66 
4520	239 
4521	71 
4522	43 
4523	6 
4524	23 
4525	99 
4526	125 
4527	68 
4528	314 
4529	119 
4530	19 
4531	74 
4532	113 
4533	157 
4534	162 
4535	163 
4536	85 
4537	54 
4538	157 
4539	272 
4540	108 
4541	262 
4542	304 
4543	170 
4544	206 
4545	308 
4546	178 
4547	99 
4548	95 
4549	153 
4550	205 
4551	118 
4552	278 
4553	267 
4554	192 
4555	138 
4556	93 
4557	55 
4558	35 
4559	269 
4560	125 
4561	226 
4562	53 
4563	76 
4564	139 
4565	95 
4566	115 
4567	8 
4568	151 
4569	163 
4570	224 
4571	88 
4572	152 
4573	201 
4574	63 
4575	201 
4576	61 
4577	307 
4578	162 
4579	305 
4580	191 
4581	116 
4582	61 
4583	92 
4584	107 
4585	58 
4586	229 
4587	108 
4588	152 
4589	251 
4590	14 
4591	14 
4592	5 
4593	275 
4594	23 
4595	209 
4596	283 
4597	53 
4598	17 
4599	62 
4600	259 
4601	158 
4602	243 
4603	132 
4604	164 
4605	98 
4606	68 
4607	260 
4608	274 
4609	202 
4610	122 
4611	119 
4612	55 
4613	184 
4614	316 
4615	139 
4616	58 
4617	297 
4618	119 
4619	123 
4620	206 
4621	210 
4622	78 
4623	49 
4624	299 
4625	94 
4626	204 
4627	212 
4628	157 
4629	129 
4630	304 
4631	307 
4632	137 
4633	16 
4634	256 
4635	117 
4636	285 
4637	163 
4638	195 
4639	102 
4640	265 
4641	271 
4642	58 
4643	293 
4644	198 
4645	72 
4646	159 
4647	177 
4648	272 
4649	298 
4650	38 
4651	242 
4652	169 
4653	226 
4654	124 
4655	169 
4656	159 
4657	314 
4658	17 
4659	263 
4660	287 
4661	240 
4662	287 
4663	299 
4664	3 
4665	271 
4666	62 
4667	78 
4668	82 
4669	226 
4670	293 
4671	77 
4672	137 
4673	274 
4674	270 
4675	95 
4676	106 
4677	33 
4678	177 
4679	93 
4680	136 
4681	59 
4682	229 
4683	186 
4684	223 
4685	272 
4686	87 
4687	212 
4688	115 
4689	4 
4690	178 
4691	82 
4692	30 
4693	253 
4694	210 
4695	291 
4696	167 
4697	148 
4698	63 
4699	267 
4700	171 
4701	20 
4702	213 
4703	2 
4704	240 
4705	233 
4706	61 
4707	122 
4708	309 
4709	90 
4710	139 
4711	85 
4712	201 
4713	111 
4714	190 
4715	13 
4716	120 
4717	217 
4718	155 
4719	116 
4720	70 
4721	5 
4722	15 
4723	152 
4724	113 
4725	217 
4726	315 
4727	310 
4728	259 
4729	68 
4730	103 
4731	16 
4732	1 
4733	84 
4734	169 
4735	212 
4736	54 
4737	222 
4738	246 
4739	229 
4740	269 
4741	132 
4742	93 
4743	259 
4744	162 
4745	211 
4746	23 
4747	253 
4748	231 
4749	159 
4750	14 
4751	62 
4752	162 
4753	171 
4754	167 
4755	120 
4756	17 
4757	183 
4758	182 
4759	95 
4760	103 
4761	267 
4762	22 
4763	297 
4764	287 
4765	176 
4766	125 
4767	162 
4768	116 
4769	305 
4770	213 
4771	4 
4772	174 
4773	284 
4774	151 
4775	82 
4776	98 
4777	74 
4778	38 
4779	66 
4780	42 
4781	82 
4782	264 
4783	127 
4784	311 
4785	252 
4786	190 
4787	169 
4788	108 
4789	202 
4790	304 
4791	184 
4792	240 
4793	109 
4794	224 
4795	49 
4796	231 
4797	105 
4798	271 
4799	63 
4800	83 
4801	1 
4802	308 
4803	292 
4804	95 
4805	61 
4806	73 
4807	281 
4808	313 
4809	313 
4810	317 
4811	70 
4812	138 
4813	310 
4814	193 
4815	66 
4816	157 
4817	189 
4818	235 
4819	274 
4820	105 
4821	69 
4822	15 
4823	33 
4824	132 
4825	94 
4826	152 
4827	133 
4828	79 
4829	282 
4830	47 
4831	161 
4832	167 
4833	38 
4834	237 
4835	117 
4836	308 
4837	70 
4838	54 
4839	17 
4840	126 
4841	192 
4842	159 
4843	158 
4844	95 
4845	198 
4846	61 
4847	123 
4848	185 
4849	205 
4850	122 
4851	171 
4852	217 
4853	17 
4854	150 
4855	1 
4856	140 
4857	293 
4858	15 
4859	14 
4860	100 
4861	174 
4862	125 
4863	82 
4864	271 
4865	304 
4866	216 
4867	304 
4868	108 
4869	298 
4870	136 
4871	160 
4872	113 
4873	21 
4874	32 
4875	23 
4876	200 
4877	293 
4878	103 
4879	166 
4880	4 
4881	265 
4882	109 
4883	120 
4884	284 
4885	198 
4886	260 
4887	117 
4888	297 
4889	253 
4890	200 
4891	61 
4892	87 
4893	123 
4894	143 
4895	256 
4896	217 
4897	20 
4898	103 
4899	109 
4900	142 
4901	163 
4902	77 
4903	166 
4904	315 
4905	151 
4906	228 
4907	289 
4908	235 
4909	158 
4910	273 
4911	278 
4912	129 
4913	113 
4914	99 
4915	130 
4916	198 
4917	293 
4918	162 
4919	222 
4920	241 
4921	185 
4922	205 
4923	240 
4924	275 
4925	35 
4926	117 
4927	200 
4928	155 
4929	174 
4930	100 
4931	23 
4932	295 
4933	217 
4934	315 
4935	113 
4936	201 
4937	53 
4938	289 
4939	246 
4940	222 
4941	311 
4942	43 
4943	122 
4944	112 
4945	130 
4946	51 
4947	251 
4948	192 
4949	136 
4950	206 
4951	191 
4952	117 
4953	275 
4954	117 
4955	297 
4956	211 
4957	138 
4958	29 
4959	82 
4960	136 
4961	170 
4962	183 
4963	159 
4964	271 
4965	177 
4966	130 
4967	98 
4968	201 
4969	103 
4970	7 
4971	312 
4972	96 
4973	95 
4974	174 
4975	309 
4976	235 
4977	229 
4978	111 
4979	205 
4980	204 
4981	82 
4982	117 
4983	171 
4984	139 
4985	163 
4986	224 
4987	16 
4988	160 
4989	100 
4990	125 
4991	147 
4992	273 
4993	270 
4994	113 
4995	123 
4996	155 
4997	174 
4998	189 
4999	58 
5000	268 
5001	178 
5002	190 
5003	10 
5004	265 
5005	82 
5006	33 
5007	202 
5008	306 
5009	189 
5010	287 
5011	62 
5012	251 
5013	76 
5014	96 
5015	206 
5016	164 
5017	73 
5018	140 
5019	162 
5020	161 
5021	9 
5022	306 
5023	162 
5024	118 
5025	226 
5026	67 
5027	317 
5028	35 
5029	22 
5030	129 
5031	176 
5032	120 
5033	236 
5034	224 
5035	18 
5036	317 
5037	236 
5038	66 
5039	223 
5040	317 
5041	226 
5042	309 
5043	24 
5044	94 
5045	295 
5046	163 
5047	144 
5048	319 
5049	120 
5050	289 
5051	22 
5052	85 
5053	124 
5054	171 
5055	307 
5056	316 
5057	120 
5058	136 
5059	118 
5060	38 
5061	260 
5062	160 
5063	55 
5064	254 
5065	306 
5066	297 
5067	7 
5068	261 
5069	254 
5070	88 
5071	1 
5072	231 
5073	262 
5074	113 
5075	277 
5076	256 
5077	76 
5078	297 
5079	202 
5080	284 
5081	48 
5082	55 
5083	264 
5084	79 
5085	102 
5086	94 
5087	217 
5088	123 
5089	126 
5090	18 
5091	203 
5092	116 
5093	116 
5094	143 
5095	216 
5096	302 
5097	144 
5098	27 
5099	143 
5100	311 
5101	283 
5102	138 
5103	37 
5104	104 
5105	16 
5106	307 
5107	308 
5108	84 
5109	140 
5110	21 
5111	166 
5112	220 
5113	222 
5114	272 
5115	94 
5116	98 
5117	35 
5118	90 
5119	57 
5120	267 
5121	239 
5122	242 
5123	98 
5124	185 
5125	90 
5126	59 
5127	308 
5128	117 
5129	166 
5130	163 
5131	166 
5132	62 
5133	5 
5134	111 
5135	135 
5136	223 
5137	4 
5138	153 
5139	150 
5140	261 
5141	116 
5142	297 
5143	217 
5144	193 
5145	118 
5146	95 
5147	289 
5148	129 
5149	246 
5150	243 
5151	308 
5152	157 
5153	274 
5154	29 
5155	195 
5156	22 
5157	24 
5158	261 
5159	183 
5160	201 
5161	13 
5162	148 
5163	169 
5164	176 
5165	23 
5166	172 
5167	31 
5168	202 
5169	110 
5170	216 
5171	177 
5172	72 
5173	158 
5174	148 
5175	223 
5176	311 
5177	17 
5178	203 
5179	162 
5180	55 
5181	177 
5182	103 
5183	58 
5184	120 
5185	171 
5186	120 
5187	278 
5188	110 
5189	197 
5190	108 
5191	124 
5192	78 
5193	291 
5194	228 
5195	259 
5196	233 
5197	251 
5198	222 
5199	304 
5200	246 
5201	263 
5202	95 
5203	90 
5204	205 
5205	159 
5206	3 
5207	243 
5208	118 
5209	135 
5210	242 
5211	112 
5212	162 
5213	43 
5214	289 
5215	71 
5216	190 
5217	142 
5218	124 
5219	195 
5220	186 
5221	3 
5222	222 
5223	55 
5224	133 
5225	251 
5226	169 
5227	159 
5228	102 
5229	90 
5230	308 
5231	225 
5232	38 
5233	8 
5234	298 
5235	64 
5236	206 
5237	302 
5238	293 
5239	201 
5240	182 
5241	118 
5242	236 
5243	167 
5244	263 
5245	211 
5246	16 
5247	108 
5248	51 
5249	195 
5250	275 
5251	166 
5252	287 
5253	104 
5254	20 
5255	220 
5256	103 
5257	167 
5258	243 
5259	229 
5260	64 
5261	209 
5262	12 
5263	47 
5264	109 
5265	99 
5266	95 
5267	54 
5268	262 
5269	281 
5270	229 
5271	50 
5272	298 
5273	204 
5274	77 
5275	1 
5276	58 
5277	103 
5278	206 
5279	271 
5280	314 
5281	251 
5282	82 
5283	130 
5284	9 
5285	98 
5286	52 
5287	189 
5288	1 
5289	289 
5290	184 
5291	92 
5292	62 
5293	162 
5294	16 
5295	119 
5296	70 
5297	79 
5298	49 
5299	209 
5300	189 
5301	217 
5302	289 
5303	260 
5304	84 
5305	104 
5306	241 
5307	95 
5308	216 
5309	118 
5310	153 
5311	306 
5312	127 
5313	122 
5314	161 
5315	88 
5316	59 
5317	166 
5318	180 
5319	132 
5320	160 
5321	169 
5322	42 
5323	93 
5324	72 
5325	5 
5326	252 
5327	313 
5328	158 
5329	108 
5330	92 
5331	103 
5332	223 
5333	99 
5334	185 
5335	284 
5336	93 
5337	62 
5338	319 
5339	260 
5340	100 
5341	90 
5342	310 
5343	160 
5344	98 
5345	190 
5346	222 
5347	20 
5348	230 
5349	293 
5350	148 
5351	225 
5352	319 
5353	35 
5354	231 
5355	102 
5356	192 
5357	268 
5358	52 
5359	20 
5360	310 
5361	23 
5362	159 
5363	50 
5364	262 
5365	204 
5366	225 
5367	254 
5368	311 
5369	23 
5370	297 
5371	137 
5372	20 
5373	184 
5374	228 
5375	312 
5376	151 
5377	4 
5378	205 
5379	103 
5380	30 
5381	153 
5382	48 
5383	209 
5384	61 
5385	136 
5386	251 
5387	190 
5388	181 
5389	139 
5390	308 
5391	150 
5392	124 
5393	93 
5394	78 
5395	271 
5396	110 
5397	277 
5398	125 
5399	157 
5400	239 
5401	229 
5402	181 
5403	211 
5404	70 
5405	174 
5406	153 
5407	113 
5408	63 
5409	220 
5410	228 
5411	166 
5412	88 
5413	254 
5414	32 
5415	33 
5416	19 
5417	110 
5418	233 
5419	103 
5420	185 
5421	282 
5422	117 
5423	7 
5424	281 
5425	160 
5426	164 
5427	111 
5428	43 
5429	178 
5430	297 
5431	299 
5432	99 
5433	311 
5434	157 
5435	119 
5436	209 
5437	14 
5438	151 
5439	34 
5440	169 
5441	69 
5442	211 
5443	246 
5444	13 
5445	128 
5446	192 
5447	70 
5448	72 
5449	230 
5450	34 
5451	307 
5452	263 
5453	140 
5454	35 
5455	150 
5456	272 
5457	88 
5458	272 
5459	209 
5460	29 
5461	298 
5462	10 
5463	88 
5464	53 
5465	29 
5466	30 
5467	76 
5468	2 
5469	193 
5470	10 
5471	130 
5472	272 
5473	308 
5474	77 
5475	171 
5476	107 
5477	277 
5478	61 
5479	52 
5480	157 
5481	76 
5482	190 
5483	153 
5484	71 
5485	274 
5486	49 
5487	316 
5488	287 
5489	148 
5490	209 
5491	246 
5492	313 
5493	31 
5494	58 
5495	260 
5496	236 
5497	204 
5498	153 
5499	20 
5500	209 
5501	142 
5502	12 
5503	63 
5504	2 
5505	99 
5506	298 
5507	184 
5508	110 
5509	259 
5510	189 
5511	158 
5512	308 
5513	38 
5514	185 
5515	94 
5516	54 
5517	270 
5518	195 
5519	102 
5520	212 
5521	230 
5522	42 
5523	23 
5524	55 
5525	202 
5526	103 
5527	210 
5528	48 
5529	298 
5530	256 
5531	128 
5532	225 
5533	23 
5534	35 
5535	293 
5536	284 
5537	150 
5538	19 
5539	284 
5540	211 
5541	72 
5542	99 
5543	119 
5544	138 
5545	304 
5546	82 
5547	48 
5548	316 
5549	13 
5550	142 
5551	281 
5552	203 
5553	139 
5554	269 
5555	213 
5556	235 
5557	69 
5558	140 
5559	3 
5560	157 
5561	239 
5562	82 
5563	263 
5564	50 
5565	191 
5566	271 
5567	201 
5568	304 
5569	206 
5570	198 
5571	310 
5572	251 
5573	181 
5574	184 
5575	127 
5576	51 
5577	316 
5578	210 
5579	230 
5580	55 
5581	61 
5582	98 
5583	103 
5584	209 
5585	192 
5586	256 
5587	265 
5588	108 
5589	235 
5590	269 
5591	24 
5592	151 
5593	206 
5594	49 
5595	189 
5596	98 
5597	122 
5598	42 
5599	211 
5600	308 
5601	51 
5602	210 
5603	209 
5604	163 
5605	191 
5606	309 
5607	2 
5608	185 
5609	55 
5610	125 
5611	203 
5612	38 
5613	171 
5614	69 
5615	310 
5616	319 
5617	297 
5618	239 
5619	308 
5620	100 
5621	136 
5622	268 
5623	155 
5624	209 
5625	123 
5626	66 
5627	159 
5628	19 
5629	167 
5630	216 
5631	103 
5632	189 
5633	204 
5634	49 
5635	129 
5636	72 
5637	125 
5638	316 
5639	29 
5640	270 
5641	211 
5642	64 
5643	43 
5644	184 
5645	235 
5646	14 
5647	111 
5648	7 
5649	299 
5650	167 
5651	261 
5652	282 
5653	259 
5654	38 
5655	178 
5656	241 
5657	42 
5658	136 
5659	267 
5660	72 
5661	98 
5662	4 
5663	110 
5664	58 
5665	226 
5666	317 
5667	238 
5668	200 
5669	62 
5670	117 
5671	155 
5672	54 
5673	110 
5674	31 
5675	287 
5676	242 
5677	284 
5678	240 
5679	295 
5680	310 
5681	136 
5682	272 
5683	4 
5684	137 
5685	160 
5686	128 
5687	222 
5688	111 
5689	246 
5690	220 
5691	317 
5692	283 
5693	298 
5694	231 
5695	1 
5696	167 
5697	157 
5698	264 
5699	136 
5700	224 
5701	71 
5702	222 
5703	295 
5704	289 
5705	113 
5706	262 
5707	16 
5708	103 
5709	124 
5710	69 
5711	237 
5712	21 
5713	308 
5714	29 
5715	50 
5716	151 
5717	262 
5718	220 
5719	206 
5720	155 
5721	59 
5722	138 
5723	242 
5724	58 
5725	164 
5726	295 
5727	18 
5728	50 
5729	189 
5730	136 
5731	268 
5732	23 
5733	200 
5734	200 
5735	216 
5736	35 
5737	95 
5738	292 
5739	113 
5740	220 
5741	35 
5742	265 
5743	206 
5744	238 
5745	70 
5746	136 
5747	92 
5748	265 
5749	96 
5750	111 
5751	287 
5752	274 
5753	274 
5754	143 
5755	31 
5756	68 
5757	23 
5758	58 
5759	295 
5760	95 
5761	169 
5762	111 
5763	176 
5764	178 
5765	243 
5766	117 
5767	241 
5768	140 
5769	195 
5770	104 
5771	220 
5772	88 
5773	212 
5774	206 
5775	223 
5776	256 
5777	210 
5778	285 
5779	180 
5780	220 
5781	233 
5782	159 
5783	198 
5784	209 
5785	143 
5786	202 
5787	274 
5788	90 
5789	109 
5790	178 
5791	212 
5792	143 
5793	176 
5794	229 
5795	229 
5796	314 
5797	160 
5798	117 
5799	192 
5800	95 
5801	135 
5802	319 
5803	7 
5804	133 
5805	299 
5806	100 
5807	31 
5808	66 
5809	125 
5810	138 
5811	110 
5812	95 
5813	231 
5814	116 
5815	61 
5816	262 
5817	229 
5818	2 
5819	317 
5820	24 
5821	47 
5822	12 
5823	17 
5824	66 
5825	246 
5826	5 
5827	50 
5828	319 
5829	136 
5830	104 
5831	293 
5832	7 
5833	1 
5834	233 
5835	302 
5836	262 
5837	178 
5838	30 
5839	297 
5840	103 
5841	283 
5842	246 
5843	302 
5844	284 
5845	87 
5846	117 
5847	82 
5848	120 
5849	295 
5850	224 
5851	116 
5852	271 
5853	246 
5854	102 
5855	99 
5856	172 
5857	239 
5858	69 
5859	209 
5860	117 
5861	124 
5862	263 
5863	98 
5864	274 
5865	164 
5866	5 
5867	205 
5868	109 
5869	268 
5870	181 
5871	192 
5872	191 
5873	3 
5874	43 
5875	241 
5876	4 
5877	297 
5878	243 
5879	163 
5880	160 
5881	289 
5882	120 
5883	164 
5884	63 
5885	109 
5886	62 
5887	251 
5888	216 
5889	50 
5890	284 
5891	209 
5892	317 
5893	304 
5894	262 
5895	33 
5896	99 
5897	82 
5898	20 
5899	274 
5900	161 
5901	153 
5902	79 
5903	117 
5904	143 
5905	17 
5906	223 
5907	92 
5908	61 
5909	269 
5910	302 
5911	302 
5912	228 
5913	304 
5914	23 
5915	237 
5916	310 
5917	263 
5918	229 
5919	284 
5920	19 
5921	209 
5922	100 
5923	139 
5924	268 
5925	136 
5926	155 
5927	139 
5928	129 
5929	238 
5930	220 
5931	29 
5932	265 
5933	252 
5934	198 
5935	48 
5936	85 
5937	284 
5938	268 
5939	3 
5940	237 
5941	19 
5942	216 
5943	76 
5944	198 
5945	160 
5946	140 
5947	209 
5948	42 
5949	6 
5950	283 
5951	13 
5952	282 
5953	189 
5954	53 
5955	72 
5956	270 
5957	292 
5958	64 
5959	12 
5960	209 
5961	176 
5962	233 
5963	178 
5964	186 
5965	33 
5966	319 
5967	63 
5968	118 
5969	70 
5970	309 
5971	302 
5972	88 
5973	103 
5974	312 
5975	98 
5976	317 
5977	93 
5978	25 
5979	295 
5980	283 
5981	167 
5982	123 
5983	67 
5984	263 
5985	298 
5986	265 
5987	161 
5988	302 
5989	261 
5990	10 
5991	12 
5992	237 
5993	236 
5994	176 
5995	185 
5996	157 
5997	183 
5998	13 
5999	120 
6000	47 
6001	251 
6002	68 
6003	205 
6004	128 
6005	48 
6006	140 
6007	31 
6008	309 
6009	12 
6010	76 
6011	240 
6012	246 
6013	18 
6014	162 
6015	6 
6016	55 
6017	9 
6018	62 
6019	47 
6020	206 
6021	225 
6022	292 
6023	23 
6024	222 
6025	16 
6026	96 
6027	261 
6028	69 
6029	164 
6030	271 
6031	113 
6032	292 
6033	76 
6034	189 
6035	198 
6036	32 
6037	235 
6038	316 
6039	77 
6040	111 
6041	260 
6042	158 
6043	274 
6044	287 
6045	139 
6046	136 
6047	305 
6048	261 
6049	113 
6050	62 
6051	115 
6052	18 
6053	235 
6054	3 
6055	94 
6056	274 
6057	246 
6058	203 
6059	262 
6060	267 
6061	212 
6062	71 
6063	47 
6064	66 
6065	200 
6066	47 
6067	231 
6068	162 
6069	201 
6070	17 
6071	124 
6072	159 
6073	130 
6074	174 
6075	82 
6076	192 
6077	192 
6078	259 
6079	32 
6080	47 
6081	310 
6082	309 
6083	125 
6084	103 
6085	177 
6086	4 
6087	115 
6088	200 
6089	133 
6090	282 
6091	42 
6092	8 
6093	171 
6094	126 
6095	203 
6096	18 
6097	76 
6098	180 
6099	307 
6100	193 
6101	72 
6102	312 
6103	177 
6104	150 
6105	251 
6106	16 
6107	96 
6108	85 
6109	4 
6110	309 
6111	233 
6112	292 
6113	281 
6114	58 
6115	289 
6116	9 
6117	216 
6118	209 
6119	139 
6120	24 
6121	29 
6122	92 
6123	107 
6124	162 
6125	2 
6126	314 
6127	109 
6128	311 
6129	7 
6130	103 
6131	143 
6132	93 
6133	70 
6134	52 
6135	120 
6136	265 
6137	157 
6138	102 
6139	200 
6140	122 
6141	316 
6142	316 
6143	99 
6144	182 
6145	201 
6146	212 
6147	275 
6148	66 
6149	213 
6150	98 
6151	132 
6152	206 
6153	35 
6154	310 
6155	113 
6156	133 
6157	209 
6158	281 
6159	310 
6160	206 
6161	35 
6162	100 
6163	25 
6164	20 
6165	12 
6166	269 
6167	103 
6168	317 
6169	312 
6170	43 
6171	183 
6172	96 
6173	246 
6174	117 
6175	184 
6176	32 
6177	161 
6178	242 
6179	61 
6180	217 
6181	61 
6182	235 
6183	268 
6184	181 
6185	316 
6186	138 
6187	235 
6188	190 
6189	307 
6190	35 
6191	262 
6192	151 
6193	69 
6194	158 
6195	51 
6196	176 
6197	287 
6198	22 
6199	22 
6200	129 
6201	319 
6202	118 
6203	313 
6204	150 
6205	77 
6206	292 
6207	260 
6208	164 
6209	205 
6210	313 
6211	262 
6212	204 
6213	213 
6214	17 
6215	281 
6216	85 
6217	96 
6218	24 
6219	25 
6220	308 
6221	70 
6222	109 
6223	48 
6224	203 
6225	59 
6226	162 
6227	275 
6228	210 
6229	93 
6230	126 
6231	202 
6232	213 
6233	228 
6234	212 
6235	271 
6236	139 
6237	162 
6238	139 
6239	25 
6240	93 
6241	183 
6242	265 
6243	217 
6244	212 
6245	213 
6246	76 
6247	71 
6248	310 
6249	7 
6250	66 
6251	53 
6252	263 
6253	220 
6254	193 
6255	267 
6256	66 
6257	243 
6258	5 
6259	292 
6260	240 
6261	292 
6262	87 
6263	185 
6264	34 
6265	47 
6266	171 
6267	135 
6268	237 
6269	241 
6270	211 
6271	122 
6272	53 
6273	64 
6274	140 
6275	313 
6276	319 
6277	58 
6278	292 
6279	178 
6280	226 
6281	88 
6282	281 
6283	119 
6284	59 
6285	118 
6286	98 
6287	58 
6288	143 
6289	17 
6290	310 
6291	143 
6292	293 
6293	191 
6294	123 
6295	16 
6296	92 
6297	316 
6298	17 
6299	29 
6300	254 
6301	195 
6302	108 
6303	268 
6304	202 
6305	275 
6306	20 
6307	142 
6308	268 
6309	312 
6310	297 
6311	241 
6312	162 
6313	203 
6314	259 
6315	151 
6316	312 
6317	174 
6318	254 
6319	201 
6320	298 
6321	129 
6322	10 
6323	263 
6324	292 
6325	205 
6326	66 
6327	111 
6328	25 
6329	112 
6330	42 
6331	125 
6332	205 
6333	128 
6334	226 
6335	29 
6336	23 
6337	59 
6338	277 
6339	184 
6340	159 
6341	284 
6342	293 
6343	66 
6344	164 
6345	54 
6346	125 
6347	233 
6348	193 
6349	17 
6350	123 
6351	3 
6352	306 
6353	305 
6354	198 
6355	177 
6356	125 
6357	271 
6358	42 
6359	213 
6360	5 
6361	6 
6362	289 
6363	285 
6364	98 
6365	211 
6366	251 
6367	110 
6368	225 
6369	14 
6370	96 
6371	270 
6372	140 
6373	16 
6374	128 
6375	18 
6376	289 
6377	8 
6378	186 
6379	201 
6380	295 
6381	254 
6382	34 
6383	100 
6384	162 
6385	95 
6386	282 
6387	71 
6388	138 
6389	220 
6390	108 
6391	314 
6392	251 
6393	184 
6394	268 
6395	205 
6396	148 
6397	283 
6398	211 
6399	213 
6400	71 
6401	222 
6402	47 
6403	66 
6404	2 
6405	113 
6406	192 
6407	148 
6408	261 
6409	85 
6410	112 
6411	53 
6412	254 
6413	316 
6414	272 
6415	274 
6416	271 
6417	118 
6418	61 
6419	285 
6420	151 
6421	85 
6422	108 
6423	212 
6424	136 
6425	298 
6426	112 
6427	59 
6428	150 
6429	128 
6430	182 
6431	9 
6432	71 
6433	133 
6434	317 
6435	70 
6436	94 
6437	313 
6438	38 
6439	103 
6440	35 
6441	119 
6442	33 
6443	178 
6444	311 
6445	29 
6446	3 
6447	182 
6448	275 
6449	243 
6450	70 
6451	169 
6452	293 
6453	202 
6454	102 
6455	176 
6456	119 
6457	64 
6458	167 
6459	200 
6460	254 
6461	150 
6462	182 
6463	110 
6464	239 
6465	271 
6466	272 
6467	285 
6468	200 
6469	182 
6470	112 
6471	124 
6472	220 
6473	246 
6474	193 
6475	171 
6476	143 
6477	152 
6478	210 
6479	160 
6480	183 
6481	82 
6482	95 
6483	63 
6484	213 
6485	113 
6486	246 
6487	192 
6488	108 
6489	8 
6490	152 
6491	109 
6492	61 
6493	228 
6494	308 
6495	70 
6496	2 
6497	193 
6498	14 
6499	125 
6500	267 
6501	6 
6502	155 
6503	302 
6504	139 
6505	6 
6506	169 
6507	16 
6508	307 
6509	108 
6510	203 
6511	96 
6512	317 
6513	47 
6514	273 
6515	313 
6516	287 
6517	299 
6518	142 
6519	270 
6520	109 
6521	271 
6522	167 
6523	240 
6524	47 
6525	61 
6526	283 
6527	217 
6528	109 
6529	148 
6530	310 
6531	183 
6532	251 
6533	96 
6534	285 
6535	269 
6536	302 
6537	289 
6538	198 
6539	2 
6540	63 
6541	201 
6542	157 
6543	174 
6544	34 
6545	256 
6546	265 
6547	100 
6548	176 
6549	224 
6550	282 
6551	256 
6552	6 
6553	293 
6554	269 
6555	117 
6556	3 
6557	225 
6558	120 
6559	12 
6560	313 
6561	33 
6562	211 
6563	163 
6564	67 
6565	17 
6566	311 
6567	109 
6568	112 
6569	272 
6570	16 
6571	129 
6572	270 
6573	79 
6574	305 
6575	63 
6576	160 
6577	178 
6578	229 
6579	43 
6580	2 
6581	309 
6582	112 
6583	170 
6584	281 
6585	43 
6586	212 
6587	284 
6588	34 
6589	43 
6590	271 
6591	235 
6592	162 
6593	202 
6594	275 
6595	63 
6596	268 
6597	17 
6598	307 
6599	183 
6600	273 
6601	238 
6602	189 
6603	272 
6604	254 
6605	29 
6606	295 
6607	233 
6608	239 
6609	30 
6610	319 
6611	123 
6612	277 
6613	314 
6614	62 
6615	206 
6616	313 
6617	96 
6618	164 
6619	220 
6620	150 
6621	277 
6622	152 
6623	92 
6624	201 
6625	281 
6626	212 
6627	268 
6628	281 
6629	189 
6630	10 
6631	30 
6632	160 
6633	166 
6634	310 
6635	164 
6636	251 
6637	316 
6638	304 
6639	150 
6640	316 
6641	297 
6642	271 
6643	96 
6644	313 
6645	133 
6646	63 
6647	70 
6648	55 
6649	55 
6650	12 
6651	77 
6652	174 
6653	79 
6654	166 
6655	158 
6656	220 
6657	184 
6658	217 
6659	108 
6660	192 
6661	229 
6662	235 
6663	24 
6664	61 
6665	8 
6666	68 
6667	125 
6668	191 
6669	306 
6670	284 
6671	23 
6672	206 
6673	157 
6674	64 
6675	71 
6676	148 
6677	117 
6678	123 
6679	5 
6680	235 
6681	271 
6682	309 
6683	272 
6684	198 
6685	123 
6686	261 
6687	302 
6688	78 
6689	30 
6690	163 
6691	53 
6692	38 
6693	220 
6694	70 
6695	24 
6696	298 
6697	308 
6698	93 
6699	53 
6700	191 
6701	254 
6702	246 
6703	306 
6704	67 
6705	293 
6706	30 
6707	100 
6708	21 
6709	54 
6710	235 
6711	243 
6712	132 
6713	312 
6714	273 
6715	242 
6716	118 
6717	113 
6718	274 
6719	8 
6720	19 
6721	216 
6722	242 
6723	4 
6724	238 
6725	254 
6726	241 
6727	181 
6728	21 
6729	267 
6730	155 
6731	92 
6732	136 
6733	308 
6734	161 
6735	130 
6736	242 
6737	163 
6738	139 
6739	236 
6740	62 
6741	125 
6742	125 
6743	23 
6744	61 
6745	184 
6746	306 
6747	34 
6748	110 
6749	116 
6750	162 
6751	20 
6752	69 
6753	206 
6754	181 
6755	268 
6756	20 
6757	7 
6758	178 
6759	283 
6760	285 
6761	317 
6762	61 
6763	72 
6764	270 
6765	3 
6766	239 
6767	16 
6768	34 
6769	305 
6770	128 
6771	270 
6772	22 
6773	310 
6774	270 
6775	162 
6776	63 
6777	111 
6778	281 
6779	209 
6780	191 
6781	310 
6782	220 
6783	100 
6784	265 
6785	61 
6786	20 
6787	118 
6788	260 
6789	184 
6790	225 
6791	143 
6792	310 
6793	295 
6794	135 
6795	180 
6796	82 
6797	113 
6798	99 
6799	8 
6800	292 
6801	304 
6802	272 
6803	211 
6804	190 
6805	14 
6806	270 
6807	235 
6808	10 
6809	55 
6810	176 
6811	1 
6812	77 
6813	115 
6814	223 
6815	240 
6816	112 
6817	281 
6818	152 
6819	162 
6820	14 
6821	314 
6822	136 
6823	267 
6824	211 
6825	19 
6826	229 
6827	18 
6828	100 
6829	316 
6830	77 
6831	93 
6832	225 
6833	69 
6834	235 
6835	189 
6836	289 
6837	127 
6838	317 
6839	269 
6840	287 
6841	88 
6842	228 
6843	262 
6844	124 
6845	224 
6846	55 
6847	228 
6848	64 
6849	135 
6850	216 
6851	140 
6852	68 
6853	285 
6854	220 
6855	61 
6856	163 
6857	112 
6858	283 
6859	124 
6860	7 
6861	17 
6862	128 
6863	138 
6864	29 
6865	129 
6866	19 
6867	287 
6868	82 
6869	21 
6870	269 
6871	309 
6872	70 
6873	77 
6874	171 
6875	138 
6876	38 
6877	112 
6878	19 
6879	88 
6880	285 
6881	222 
6882	98 
6883	72 
6884	104 
6885	272 
6886	233 
6887	284 
6888	265 
6889	2 
6890	125 
6891	77 
6892	85 
6893	235 
6894	161 
6895	167 
6896	164 
6897	160 
6898	161 
6899	265 
6900	8 
6901	142 
6902	308 
6903	212 
6904	17 
6905	191 
6906	53 
6907	148 
6908	68 
6909	103 
6910	152 
6911	302 
6912	160 
6913	284 
6914	67 
6915	110 
6916	204 
6917	226 
6918	311 
6919	254 
6920	298 
6921	2 
6922	14 
6923	139 
6924	262 
6925	58 
6926	297 
6927	54 
6928	163 
6929	228 
6930	16 
6931	96 
6932	1 
6933	269 
6934	10 
6935	109 
6936	240 
6937	66 
6938	47 
6939	271 
6940	302 
6941	8 
6942	72 
6943	189 
6944	272 
6945	71 
6946	108 
6947	25 
6948	167 
6949	6 
6950	20 
6951	226 
6952	242 
6953	238 
6954	18 
6955	272 
6956	191 
6957	243 
6958	228 
6959	190 
6960	228 
6961	22 
6962	311 
6963	136 
6964	304 
6965	142 
6966	120 
6967	222 
6968	202 
6969	88 
6970	126 
6971	217 
6972	118 
6973	240 
6974	42 
6975	49 
6976	49 
6977	166 
6978	235 
6979	241 
6980	283 
6981	119 
6982	312 
6983	143 
6984	139 
6985	171 
6986	66 
6987	38 
6988	170 
6989	178 
6990	239 
6991	23 
6992	285 
6993	240 
6994	238 
6995	12 
6996	164 
6997	180 
6998	270 
6999	176 
7000	224 
7001	95 
7002	254 
7003	217 
7004	162 
7005	125 
7006	140 
7007	140 
7008	235 
7009	63 
7010	140 
7011	261 
7012	25 
7013	70 
7014	104 
7015	311 
7016	217 
7017	164 
7018	202 
7019	138 
7020	124 
7021	306 
7022	25 
7023	5 
7024	1 
7025	124 
7026	88 
7027	243 
7028	261 
7029	174 
7030	161 
7031	34 
7032	17 
7033	110 
7034	271 
7035	162 
7036	70 
7037	103 
7038	119 
7039	211 
7040	55 
7041	304 
7042	180 
7043	169 
7044	263 
7045	129 
7046	152 
7047	32 
7048	319 
7049	238 
7050	190 
7051	30 
7052	7 
7053	92 
7054	124 
7055	313 
7056	240 
7057	261 
7058	76 
7059	24 
7060	273 
7061	183 
7062	63 
7063	113 
7064	72 
7065	240 
7066	209 
7067	100 
7068	271 
7069	14 
7070	53 
7071	53 
7072	297 
7073	4 
7074	267 
7075	79 
7076	47 
7077	316 
7078	162 
7079	274 
7080	143 
7081	8 
7082	133 
7083	292 
7084	311 
7085	126 
7086	129 
7087	166 
7088	224 
7089	53 
7090	93 
7091	202 
7092	226 
7093	53 
7094	235 
7095	33 
7096	256 
7097	117 
7098	148 
7099	53 
7100	53 
7101	130 
7102	68 
7103	270 
7104	201 
7105	7 
7106	307 
7107	216 
7108	130 
7109	116 
7110	104 
7111	143 
7112	155 
7113	309 
7114	88 
7115	306 
7116	99 
7117	112 
7118	21 
7119	295 
7120	123 
7121	220 
7122	240 
7123	205 
7124	113 
7125	238 
7126	192 
7127	129 
7128	161 
7129	96 
7130	109 
7131	212 
7132	302 
7133	12 
7134	6 
7135	71 
7136	295 
7137	177 
7138	177 
7139	117 
7140	98 
7141	54 
7142	292 
7143	64 
7144	107 
7145	109 
7146	55 
7147	189 
7148	292 
7149	117 
7150	307 
7151	76 
7152	70 
7153	118 
7154	113 
7155	14 
7156	1 
7157	238 
7158	184 
7159	160 
7160	261 
7161	155 
7162	206 
7163	183 
7164	79 
7165	82 
7166	104 
7167	124 
7168	20 
7169	184 
7170	238 
7171	268 
7172	139 
7173	54 
7174	281 
7175	116 
7176	8 
7177	8 
7178	51 
7179	95 
7180	212 
7181	92 
7182	223 
7183	72 
7184	201 
7185	297 
7186	287 
7187	16 
7188	1 
7189	109 
7190	252 
7191	152 
7192	112 
7193	261 
7194	192 
7195	140 
7196	113 
7197	148 
7198	127 
7199	133 
7200	254 
7201	53 
7202	284 
7203	295 
7204	109 
7205	167 
7206	160 
7207	133 
7208	122 
7209	88 
7210	283 
7211	201 
7212	95 
7213	129 
7214	103 
7215	30 
7216	161 
7217	201 
7218	254 
7219	5 
7220	38 
7221	236 
7222	157 
7223	151 
7224	204 
7225	124 
7226	302 
7227	236 
7228	99 
7229	164 
7230	238 
7231	274 
7232	96 
7233	241 
7234	184 
7235	138 
7236	297 
7237	195 
7238	220 
7239	109 
7240	313 
7241	96 
7242	136 
7243	95 
7244	160 
7245	6 
7246	178 
7247	265 
7248	110 
7249	242 
7250	239 
7251	1 
7252	281 
7253	314 
7254	112 
7255	129 
7256	162 
7257	229 
7258	270 
7259	169 
7260	17 
7261	113 
7262	103 
7263	241 
7264	176 
7265	190 
7266	287 
7267	319 
7268	110 
7269	139 
7270	1 
7271	59 
7272	170 
7273	297 
7274	171 
7275	34 
7276	109 
7277	267 
7278	120 
7279	252 
7280	18 
7281	118 
7282	138 
7283	213 
7284	138 
7285	273 
7286	272 
7287	30 
7288	138 
7289	274 
7290	85 
7291	191 
7292	4 
7293	167 
7294	35 
7295	307 
7296	195 
7297	116 
7298	185 
7299	133 
7300	12 
7301	38 
7302	77 
7303	62 
7304	10 
7305	107 
7306	289 
7307	34 
7308	116 
7309	117 
7310	32 
7311	77 
7312	293 
7313	189 
7314	140 
7315	269 
7316	220 
7317	217 
7318	160 
7319	47 
7320	12 
7321	211 
7322	67 
7323	311 
7324	148 
7325	88 
7326	138 
7327	216 
7328	6 
7329	118 
7330	304 
7331	268 
7332	262 
7333	95 
7334	222 
7335	10 
7336	47 
7337	295 
7338	176 
7339	4 
7340	268 
7341	17 
7342	211 
7343	5 
7344	311 
7345	116 
7346	111 
7347	68 
7348	133 
7349	202 
7350	68 
7351	185 
7352	283 
7353	210 
7354	284 
7355	72 
7356	284 
7357	148 
7358	272 
7359	35 
7360	143 
7361	295 
7362	231 
7363	12 
7364	226 
7365	70 
7366	283 
7367	54 
7368	130 
7369	231 
7370	224 
7371	233 
7372	176 
7373	12 
7374	242 
7375	71 
7376	243 
7377	272 
7378	309 
7379	142 
7380	205 
7381	88 
7382	307 
7383	51 
7384	103 
7385	271 
7386	122 
7387	122 
7388	274 
7389	112 
7390	129 
7391	85 
7392	265 
7393	1 
7394	275 
7395	239 
7396	201 
7397	49 
7398	254 
7399	262 
7400	202 
7401	202 
7402	312 
7403	71 
7404	180 
7405	225 
7406	7 
7407	58 
7408	51 
7409	151 
7410	185 
7411	217 
7412	304 
7413	95 
7414	18 
7415	148 
7416	82 
7417	308 
7418	29 
7419	103 
7420	143 
7421	283 
7422	162 
7423	49 
7424	6 
7425	7 
7426	236 
7427	161 
7428	184 
7429	77 
7430	32 
7431	309 
7432	63 
7433	34 
7434	85 
7435	272 
7436	99 
7437	38 
7438	108 
7439	192 
7440	42 
7441	7 
7442	35 
7443	169 
7444	297 
7445	35 
7446	136 
7447	124 
7448	160 
7449	313 
7450	5 
7451	254 
7452	235 
7453	229 
7454	130 
7455	54 
7456	184 
7457	7 
7458	125 
7459	139 
7460	8 
7461	32 
7462	68 
7463	171 
7464	123 
7465	180 
7466	314 
7467	295 
7468	231 
7469	223 
7470	123 
7471	241 
7472	205 
7473	117 
7474	1 
7475	1 
7476	17 
7477	85 
7478	19 
7479	126 
7480	252 
7481	281 
7482	285 
7483	122 
7484	240 
7485	260 
7486	241 
7487	143 
7488	7 
7489	211 
7490	133 
7491	174 
7492	59 
7493	284 
7494	306 
7495	209 
7496	206 
7497	3 
7498	162 
7499	76 
7500	128 
7501	104 
7502	236 
7503	163 
7504	155 
7505	88 
7506	195 
7507	79 
7508	306 
7509	174 
7510	298 
7511	178 
7512	159 
7513	310 
7514	174 
7515	129 
7516	157 
7517	55 
7518	71 
7519	252 
7520	92 
7521	269 
7522	99 
7523	138 
7524	201 
7525	22 
7526	66 
7527	308 
7528	211 
7529	66 
7530	66 
7531	242 
7532	319 
7533	222 
7534	166 
7535	275 
7536	184 
7537	202 
7538	14 
7539	96 
7540	295 
7541	220 
7542	118 
7543	191 
7544	319 
7545	289 
7546	314 
7547	281 
7548	63 
7549	262 
7550	229 
7551	126 
7552	82 
7553	272 
7554	128 
7555	269 
7556	125 
7557	112 
7558	148 
7559	58 
7560	59 
7561	192 
7562	54 
7563	2 
7564	231 
7565	260 
7566	308 
7567	191 
7568	262 
7569	209 
7570	109 
7571	157 
7572	118 
7573	174 
7574	23 
7575	309 
7576	235 
7577	1 
7578	236 
7579	162 
7580	82 
7581	8 
7582	5 
7583	82 
7584	292 
7585	160 
7586	103 
7587	64 
7588	133 
7589	4 
7590	183 
7591	238 
7592	88 
7593	6 
7594	55 
7595	22 
7596	32 
7597	162 
7598	55 
7599	277 
7600	155 
7601	273 
7602	256 
7603	12 
7604	59 
7605	243 
7606	143 
7607	292 
7608	18 
7609	129 
7610	260 
7611	312 
7612	281 
7613	251 
7614	178 
7615	64 
7616	133 
7617	99 
7618	236 
7619	151 
7620	95 
7621	29 
7622	35 
7623	117 
7624	98 
7625	239 
7626	6 
7627	313 
7628	169 
7629	110 
7630	20 
7631	128 
7632	88 
7633	34 
7634	217 
7635	110 
7636	229 
7637	251 
7638	216 
7639	213 
7640	98 
7641	67 
7642	268 
7643	191 
7644	304 
7645	8 
7646	32 
7647	209 
7648	61 
7649	229 
7650	231 
7651	32 
7652	66 
7653	284 
7654	109 
7655	62 
7656	317 
7657	272 
7658	53 
7659	316 
7660	311 
7661	111 
7662	302 
7663	191 
7664	107 
7665	184 
7666	20 
7667	98 
7668	67 
7669	292 
7670	269 
7671	277 
7672	58 
7673	55 
7674	317 
7675	126 
7676	220 
7677	62 
7678	3 
7679	169 
7680	68 
7681	49 
7682	68 
7683	110 
7684	177 
7685	292 
7686	241 
7687	7 
7688	307 
7689	213 
7690	262 
7691	317 
7692	228 
7693	163 
7694	180 
7695	191 
7696	67 
7697	220 
7698	289 
7699	213 
7700	6 
7701	38 
7702	66 
7703	295 
7704	88 
7705	118 
7706	174 
7707	66 
7708	113 
7709	148 
7710	312 
7711	220 
7712	88 
7713	222 
7714	92 
7715	297 
7716	71 
7717	229 
7718	273 
7719	143 
7720	54 
7721	217 
7722	306 
7723	273 
7724	183 
7725	139 
7726	160 
7727	302 
7728	151 
7729	95 
7730	59 
7731	270 
7732	306 
7733	18 
7734	176 
7735	308 
7736	110 
7737	22 
7738	178 
7739	112 
7740	260 
7741	174 
7742	180 
7743	164 
7744	70 
7745	29 
7746	64 
7747	310 
7748	55 
7749	256 
7750	94 
7751	18 
7752	99 
7753	129 
7754	228 
7755	99 
7756	223 
7757	183 
7758	107 
7759	180 
7760	268 
7761	123 
7762	19 
7763	152 
7764	38 
7765	289 
7766	16 
7767	136 
7768	274 
7769	261 
7770	281 
7771	29 
7772	152 
7773	189 
7774	283 
7775	96 
7776	95 
7777	71 
7778	307 
7779	138 
7780	139 
7781	122 
7782	47 
7783	55 
7784	92 
7785	190 
7786	59 
7787	70 
7788	166 
7789	260 
7790	49 
7791	211 
7792	209 
7793	268 
7794	164 
7795	216 
7796	133 
7797	70 
7798	281 
7799	163 
7800	77 
7801	246 
7802	267 
7803	309 
7804	111 
7805	155 
7806	120 
7807	233 
7808	142 
7809	62 
7810	238 
7811	72 
7812	70 
7813	201 
7814	62 
7815	85 
7816	171 
7817	71 
7818	308 
7819	287 
7820	123 
7821	19 
7822	123 
7823	212 
7824	17 
7825	169 
7826	206 
7827	133 
7828	157 
7829	62 
7830	297 
7831	212 
7832	22 
7833	281 
7834	273 
7835	6 
7836	107 
7837	120 
7838	213 
7839	169 
7840	113 
7841	309 
7842	274 
7843	1 
7844	295 
7845	136 
7846	1 
7847	267 
7848	151 
7849	155 
7850	113 
7851	119 
7852	1 
7853	103 
7854	19 
7855	42 
7856	163 
7857	129 
7858	17 
7859	217 
7860	113 
7861	272 
7862	142 
7863	82 
7864	82 
7865	271 
7866	88 
7867	308 
7868	116 
7869	107 
7870	242 
7871	283 
7872	136 
7873	159 
7874	271 
7875	162 
7876	142 
7877	311 
7878	228 
7879	1 
7880	269 
7881	312 
7882	18 
7883	72 
7884	211 
7885	1 
7886	3 
7887	310 
7888	164 
7889	20 
7890	183 
7891	277 
7892	125 
7893	239 
7894	216 
7895	111 
7896	139 
7897	120 
7898	298 
7899	213 
7900	111 
7901	61 
7902	49 
7903	53 
7904	171 
7905	231 
7906	243 
7907	190 
7908	169 
7909	34 
7910	64 
7911	176 
7912	122 
7913	243 
7914	287 
7915	163 
7916	256 
7917	162 
7918	297 
7919	20 
7920	140 
7921	183 
7922	136 
7923	183 
7924	169 
7925	205 
7926	59 
7927	191 
7928	30 
7929	287 
7930	287 
7931	202 
7932	125 
7933	139 
7934	67 
7935	213 
7936	24 
7937	139 
7938	88 
7939	174 
7940	19 
7941	70 
7942	112 
7943	273 
7944	20 
7945	304 
7946	316 
7947	62 
7948	133 
7949	292 
7950	271 
7951	107 
7952	306 
7953	157 
7954	229 
7955	274 
7956	163 
7957	181 
7958	224 
7959	317 
7960	268 
7961	309 
7962	281 
7963	53 
7964	109 
7965	143 
7966	205 
7967	223 
7968	298 
7969	177 
7970	174 
7971	18 
7972	281 
7973	267 
7974	61 
7975	166 
7976	110 
7977	30 
7978	113 
7979	298 
7980	268 
7981	128 
7982	8 
7983	82 
7984	6 
7985	70 
7986	166 
7987	107 
7988	251 
7989	211 
7990	49 
7991	58 
7992	159 
7993	213 
7994	240 
7995	71 
7996	123 
7997	123 
7998	297 
7999	49 
8000	99 
8001	164 
8002	140 
8003	183 
8004	233 
8005	54 
8006	71 
8007	6 
8008	242 
8009	160 
8010	18 
8011	191 
8012	71 
8013	1 
8014	271 
8015	316 
8016	3 
8017	95 
8018	289 
8019	284 
8020	88 
8021	54 
8022	4 
8023	109 
8024	2 
8025	61 
8026	209 
8027	202 
8028	142 
8029	201 
8030	92 
8031	213 
8032	2 
8033	138 
8034	177 
8035	151 
8036	163 
8037	142 
8038	160 
8039	262 
8040	180 
8041	307 
8042	312 
8043	287 
8044	284 
8045	281 
8046	123 
8047	297 
8048	61 
8049	3 
8050	98 
8051	32 
8052	283 
8053	125 
8054	242 
8055	118 
8056	30 
8057	24 
8058	271 
8059	307 
8060	107 
8061	166 
8062	139 
8063	82 
8064	236 
8065	292 
8066	12 
8067	29 
8068	55 
8069	233 
8070	274 
8071	30 
8072	312 
8073	23 
8074	17 
8075	233 
8076	190 
8077	241 
8078	98 
8079	110 
8080	228 
8081	70 
8082	12 
8083	67 
8084	217 
8085	223 
8086	274 
8087	162 
8088	222 
8089	68 
8090	190 
8091	129 
8092	313 
8093	284 
8094	110 
8095	59 
8096	240 
8097	32 
8098	125 
8099	72 
8100	49 
8101	120 
8102	220 
8103	120 
8104	20 
8105	308 
8106	183 
8107	273 
8108	118 
8109	297 
8110	151 
8111	285 
8112	95 
8113	63 
8114	236 
8115	128 
8116	243 
8117	231 
8118	164 
8119	30 
8120	12 
8121	118 
8122	113 
8123	85 
8124	133 
8125	5 
8126	109 
8127	251 
8128	238 
8129	143 
8130	216 
8131	62 
8132	63 
8133	1 
8134	16 
8135	223 
8136	61 
8137	205 
8138	295 
8139	49 
8140	223 
8141	239 
8142	5 
8143	139 
8144	32 
8145	20 
8146	220 
8147	123 
8148	66 
8149	267 
8150	287 
8151	59 
8152	123 
8153	176 
8154	38 
8155	35 
8156	163 
8157	283 
8158	180 
8159	77 
8160	58 
8161	72 
8162	123 
8163	30 
8164	212 
8165	6 
8166	77 
8167	297 
8168	162 
8169	117 
8170	112 
8171	58 
8172	3 
8173	184 
8174	242 
8175	224 
8176	143 
8177	94 
8178	169 
8179	189 
8180	277 
8181	206 
8182	96 
8183	265 
8184	35 
8185	302 
8186	66 
8187	47 
8188	306 
8189	71 
8190	205 
8191	251 
8192	117 
8193	222 
8194	99 
8195	18 
8196	295 
8197	317 
8198	239 
8199	233 
8200	120 
8201	256 
8202	277 
8203	216 
8204	151 
8205	185 
8206	128 
8207	205 
8208	110 
8209	302 
8210	311 
8211	169 
8212	12 
8213	96 
8214	79 
8215	310 
8216	239 
8217	164 
8218	30 
8219	117 
8220	94 
8221	85 
8222	71 
8223	68 
8224	12 
8225	277 
8226	38 
8227	6 
8228	54 
8229	292 
8230	269 
8231	202 
8232	308 
8233	77 
8234	180 
8235	164 
8236	4 
8237	216 
8238	138 
8239	309 
8240	59 
8241	316 
8242	174 
8243	240 
8244	229 
8245	53 
8246	8 
8247	223 
8248	217 
8249	224 
8250	285 
8251	269 
8252	113 
8253	243 
8254	136 
8255	311 
8256	20 
8257	166 
8258	140 
8259	222 
8260	309 
8261	30 
8262	55 
8263	256 
8264	151 
8265	246 
8266	64 
8267	32 
8268	231 
8269	304 
8270	77 
8271	96 
8272	176 
8273	95 
8274	151 
8275	136 
8276	220 
8277	167 
8278	138 
8279	297 
8280	124 
8281	49 
8282	271 
8283	162 
8284	139 
8285	222 
8286	118 
8287	7 
8288	136 
8289	213 
8290	274 
8291	116 
8292	233 
8293	243 
8294	82 
8295	295 
8296	231 
8297	176 
8298	16 
8299	24 
8300	287 
8301	260 
8302	274 
8303	171 
8304	235 
8305	1 
8306	308 
8307	16 
8308	233 
8309	23 
8310	139 
8311	272 
8312	42 
8313	96 
8314	313 
8315	160 
8316	113 
8317	124 
8318	82 
8319	162 
8320	85 
8321	95 
8322	178 
8323	23 
8324	63 
8325	284 
8326	18 
8327	271 
8328	223 
8329	58 
8330	55 
8331	157 
8332	212 
8333	112 
8334	79 
8335	67 
8336	85 
8337	88 
8338	6 
8339	213 
8340	24 
8341	53 
8342	265 
8343	120 
8344	189 
8345	116 
8346	95 
8347	289 
8348	32 
8349	24 
8350	107 
8351	67 
8352	129 
8353	19 
8354	241 
8355	167 
8356	35 
8357	274 
8358	189 
8359	166 
8360	1 
8361	117 
8362	223 
8363	129 
8364	311 
8365	94 
8366	189 
8367	6 
8368	164 
8369	231 
8370	71 
8371	18 
8372	19 
8373	124 
8374	160 
8375	213 
8376	19 
8377	220 
8378	55 
8379	129 
8380	236 
8381	236 
8382	293 
8383	117 
8384	96 
8385	122 
8386	122 
8387	125 
8388	18 
8389	183 
8390	297 
8391	20 
8392	231 
8393	201 
8394	236 
8395	178 
8396	129 
8397	212 
8398	292 
8399	268 
8400	159 
8401	117 
8402	201 
8403	297 
8404	123 
8405	213 
8406	61 
8407	4 
8408	289 
8409	112 
8410	16 
8411	77 
8412	317 
8413	140 
8414	157 
8415	285 
8416	285 
8417	128 
8418	138 
8419	176 
8420	8 
8421	242 
8422	129 
8423	94 
8424	6 
8425	202 
8426	261 
8427	59 
8428	24 
8429	118 
8430	287 
8431	94 
8432	231 
8433	138 
8434	18 
8435	164 
8436	206 
8437	222 
8438	217 
8439	271 
8440	307 
8441	139 
8442	3 
8443	94 
8444	251 
8445	309 
8446	111 
8447	128 
8448	136 
8449	113 
8450	96 
8451	310 
8452	216 
8453	59 
8454	2 
8455	240 
8456	298 
8457	77 
8458	224 
8459	59 
8460	54 
8461	267 
8462	122 
8463	316 
8464	174 
8465	112 
8466	108 
8467	169 
8468	295 
8469	241 
8470	222 
8471	98 
8472	306 
8473	98 
8474	6 
8475	201 
8476	268 
8477	123 
8478	236 
8479	304 
8480	107 
8481	110 
8482	140 
8483	124 
8484	63 
8485	133 
8486	8 
8487	287 
8488	163 
8489	190 
8490	159 
8491	95 
8492	309 
8493	79 
8494	316 
8495	167 
8496	133 
8497	309 
8498	16 
8499	222 
8500	66 
8501	58 
8502	220 
8503	217 
8504	261 
8505	129 
8506	292 
8507	285 
8508	108 
8509	311 
8510	77 
8511	171 
8512	99 
8513	316 
8514	30 
8515	267 
8516	42 
8517	7 
8518	96 
8519	212 
8520	309 
8521	68 
8522	292 
8523	235 
8524	302 
8525	103 
8526	309 
8527	157 
8528	240 
8529	58 
8530	281 
8531	228 
8532	160 
8533	24 
8534	233 
8535	235 
8536	4 
8537	271 
8538	96 
8539	53 
8540	213 
8541	58 
8542	191 
8543	235 
8544	54 
8545	285 
8546	133 
8547	302 
8548	61 
8549	222 
8550	120 
8551	316 
8552	233 
8553	312 
8554	272 
8555	285 
8556	151 
8557	316 
8558	274 
8559	163 
8560	261 
8561	216 
8562	287 
8563	297 
8564	136 
8565	283 
8566	274 
8567	53 
8568	191 
8569	231 
8570	209 
8571	139 
8572	295 
8573	242 
8574	202 
8575	298 
8576	6 
8577	98 
8578	285 
8579	163 
8580	216 
8581	16 
8582	229 
8583	163 
8584	116 
8585	222 
8586	240 
8587	229 
8588	206 
8589	178 
8590	133 
8591	284 
8592	20 
8593	112 
8594	113 
8595	96 
8596	167 
8597	58 
8598	113 
8599	42 
8600	133 
8601	30 
8602	311 
8603	304 
8604	4 
8605	59 
8606	281 
8607	235 
8608	191 
8609	256 
8610	216 
8611	269 
8612	189 
8613	176 
8614	95 
8615	5 
8616	233 
8617	283 
8618	190 
8619	2 
8620	209 
8621	240 
8622	116 
8623	289 
8624	224 
8625	122 
8626	267 
8627	98 
8628	238 
8629	49 
8630	53 
8631	220 
8632	6 
8633	4 
8634	32 
8635	4 
8636	268 
8637	62 
8638	201 
8639	110 
8640	18 
8641	12 
8642	162 
8643	251 
8644	240 
8645	58 
8646	189 
8647	55 
8648	8 
8649	163 
8650	228 
8651	281 
8652	308 
8653	268 
8654	117 
8655	222 
8656	103 
8657	167 
8658	96 
8659	284 
8660	228 
8661	317 
8662	297 
8663	88 
8664	19 
8665	297 
8666	30 
8667	222 
8668	297 
8669	243 
8670	125 
8671	118 
8672	59 
8673	183 
8674	178 
8675	242 
8676	157 
8677	70 
8678	88 
8679	166 
8680	217 
8681	7 
8682	167 
8683	284 
8684	68 
8685	61 
8686	110 
8687	201 
8688	284 
8689	308 
8690	4 
8691	98 
8692	107 
8693	140 
8694	63 
8695	112 
8696	4 
8697	223 
8698	216 
8699	274 
8700	163 
8701	261 
8702	129 
8703	238 
8704	1 
8705	123 
8706	103 
8707	55 
8708	61 
8709	30 
8710	239 
8711	310 
8712	151 
8713	20 
8714	6 
8715	213 
8716	160 
8717	167 
8718	164 
8719	307 
8720	72 
8721	316 
8722	118 
8723	268 
8724	54 
8725	236 
8726	133 
8727	16 
8728	267 
8729	7 
8730	183 
8731	224 
8732	116 
8733	16 
8734	157 
8735	166 
8736	54 
8737	313 
8738	143 
8739	113 
8740	113 
8741	117 
8742	122 
8743	62 
8744	283 
8745	8 
8746	309 
8747	109 
8748	306 
8749	206 
8750	120 
8751	220 
8752	88 
8753	311 
8754	178 
8755	235 
8756	235 
8757	265 
8758	95 
8759	317 
8760	79 
8761	68 
8762	202 
8763	79 
8764	261 
8765	251 
8766	139 
8767	298 
8768	1 
8769	4 
8770	133 
8771	304 
8772	310 
8773	274 
8774	66 
8775	302 
8776	267 
8777	164 
8778	113 
8779	271 
8780	55 
8781	236 
8782	63 
8783	4 
8784	267 
8785	63 
8786	228 
8787	23 
8788	309 
8789	167 
8790	17 
8791	19 
8792	268 
8793	61 
8794	72 
8795	202 
8796	3 
8797	295 
8798	103 
8799	103 
8800	66 
8801	138 
8802	201 
8803	166 
8804	213 
8805	298 
8806	103 
8807	6 
8808	110 
8809	116 
8810	169 
8811	220 
8812	295 
8813	113 
8814	229 
8815	151 
8816	58 
8817	110 
8818	265 
8819	151 
8820	184 
8821	99 
8822	231 
8823	189 
8824	140 
8825	64 
8826	163 
8827	139 
8828	19 
8829	98 
8830	117 
8831	2 
8832	2 
8833	189 
8834	174 
8835	85 
8836	202 
8837	64 
8838	138 
8839	138 
8840	82 
8841	217 
8842	110 
8843	162 
8844	271 
8845	256 
8846	85 
8847	309 
8848	205 
8849	287 
8850	311 
8851	88 
8852	118 
8853	23 
8854	129 
8855	109 
8856	202 
8857	3 
8858	309 
8859	59 
8860	274 
8861	272 
8862	47 
8863	236 
8864	316 
8865	68 
8866	267 
8867	191 
8868	292 
8869	109 
8870	62 
8871	302 
8872	289 
8873	98 
8874	160 
8875	54 
8876	265 
8877	256 
8878	169 
8879	140 
8880	176 
8881	256 
8882	64 
8883	206 
8884	222 
8885	98 
8886	162 
8887	16 
8888	167 
8889	85 
8890	8 
8891	122 
8892	1 
8893	246 
8894	99 
8895	163 
8896	317 
8897	271 
8898	3 
8899	206 
8900	287 
8901	88 
8902	82 
8903	110 
8904	212 
8905	206 
8906	256 
8907	64 
8908	96 
8909	272 
8910	71 
8911	58 
8912	213 
8913	274 
8914	123 
8915	295 
8916	138 
8917	3 
8918	151 
8919	229 
8920	166 
8921	176 
8922	262 
8923	261 
8924	265 
8925	109 
8926	220 
8927	236 
8928	202 
8929	174 
8930	313 
8931	269 
8932	311 
8933	201 
8934	251 
8935	174 
8936	79 
8937	151 
8938	292 
8939	176 
8940	271 
8941	18 
8942	64 
8943	140 
8944	143 
8945	4 
8946	110 
8947	19 
8948	55 
8949	17 
8950	143 
8951	61 
8952	62 
8953	220 
8954	302 
8955	85 
8956	95 
8957	295 
8958	176 
8959	1 
8960	3 
8961	129 
8962	53 
8963	139 
8964	117 
8965	212 
8966	61 
8967	62 
8968	261 
8969	231 
8970	235 
8971	7 
8972	160 
8973	176 
8974	7 
8975	110 
8976	110 
8977	70 
8978	310 
8979	184 
8980	287 
8981	287 
8982	184 
8983	167 
8984	103 
8985	267 
8986	58 
8987	287 
8988	129 
8989	316 
8990	217 
8991	58 
8992	99 
8993	133 
8994	23 
8995	183 
8996	103 
8997	302 
8998	269 
8999	205 
9000	133 
9001	313 
9002	23 
9003	138 
9004	129 
9005	72 
9006	235 
9007	302 
9008	112 
9009	304 
9010	228 
9011	66 
9012	68 
9013	72 
9014	77 
9015	113 
9016	133 
9017	295 
9018	103 
9019	53 
9020	281 
9021	99 
9022	82 
9023	292 
9024	120 
9025	64 
9026	261 
9027	213 
9028	239 
9029	66 
9030	125 
9031	77 
9032	167 
9033	281 
9034	311 
9035	58 
9036	125 
9037	284 
9038	112 
9039	235 
9040	16 
9041	82 
9042	235 
9043	178 
9044	292 
9045	88 
9046	267 
9047	117 
9048	99 
9049	265 
9050	7 
9051	251 
9052	64 
9053	6 
9054	310 
9055	3 
9056	143 
9057	271 
9058	317 
9059	109 
9060	287 
9061	64 
9062	212 
9063	272 
9064	20 
9065	88 
9066	231 
9067	118 
9068	3 
9069	140 
9070	211 
9071	261 
9072	239 
9073	205 
9074	38 
9075	213 
9076	272 
9077	231 
9078	256 
9079	311 
9080	88 
9081	272 
9082	265 
9083	118 
9084	110 
9085	98 
9086	233 
9087	231 
9088	202 
9089	18 
9090	113 
9091	222 
9092	58 
9093	190 
9094	112 
9095	109 
9096	54 
9097	202 
9098	163 
9099	20 
9100	140 
9101	211 
9102	96 
9103	189 
9104	140 
9105	295 
9106	136 
9107	211 
9108	240 
9109	82 
9110	95 
9111	265 
9112	229 
9113	220 
9114	284 
9115	53 
9116	112 
9117	20 
9118	308 
9119	212 
9120	228 
9121	287 
9122	231 
9123	20 
9124	20 
9125	307 
9126	189 
9127	295 
9128	311 
9129	58 
9130	272 
9131	271 
9132	176 
9133	202 
9134	120 
9135	261 
9136	95 
9137	233 
9138	82 
9139	233 
9140	269 
9141	88 
9142	125 
9143	308 
9144	206 
9145	77 
9146	139 
9147	77 
9148	55 
9149	213 
9150	103 
9151	295 
9152	183 
9153	228 
9154	35 
9155	205 
9156	88 
9157	1 
9158	38 
9159	151 
9160	295 
9161	281 
9162	316 
9163	64 
9164	265 
9165	304 
9166	190 
9167	38 
9168	143 
9169	18 
9170	274 
9171	295 
9172	205 
9173	183 
9174	129 
9175	59 
9176	211 
9177	70 
9178	118 
9179	68 
9180	129 
9181	4 
9182	23 
9183	68 
9184	281 
9185	261 
9186	1 
9187	118 
9188	35 
9189	133 
9190	138 
9191	309 
9192	205 
9193	201 
9194	125 
9195	140 
9196	308 
9197	2 
9198	298 
9199	4 
9200	1 
9201	317 
9202	88 
9203	297 
9204	183 
9205	316 
9206	269 
9207	4 
9208	18 
9209	205 
9210	133 
9211	88 
9212	85 
9213	169 
9214	190 
9215	18 
9216	6 
9217	201 
9218	2 
9219	166 
9220	211 
9221	35 
9222	287 
9223	284 
9224	64 
9225	271 
9226	138 
9227	38 
9228	88 
9229	307 
9230	64 
9231	136 
9232	1 
9233	88 
9234	217 
9235	297 
9236	316 
9237	110 
9238	206 
9239	110 
9240	202 
9241	82 
9242	281 
9243	136 
9244	269 
9245	123 
9246	123 
9247	98 
9248	110 
9249	53 
9250	166 
9251	85 
9252	307 
9253	202 
9254	64 
9255	133 
9256	95 
9257	77 
9258	307 
9259	162 
9260	143 
9261	53 
9262	272 
9263	284 
9264	68 
9265	202 
9266	272 
9267	136 
9268	229 
9269	139 
9270	95 
9271	138 
9272	316 
9273	112 
9274	271 
9275	176 
9276	96 
9277	174 
9278	183 
9279	125 
9280	70 
9281	123 
9282	66 
9283	189 
9284	136 
9285	302 
9286	62 
9287	68 
9288	151 
9289	85 
9290	55 
9291	120 
9292	162 
9293	271 
9294	235 
9295	313 
9296	113 
9297	281 
9298	113 
9299	143 
9300	189 
9301	110 
9302	297 
9303	220 
9304	112 
9305	217 
9306	20 
9307	272 
9308	271 
9309	61 
9310	18 
9311	160 
9312	220 
9313	235 
9314	62 
9315	163 
9316	251 
9317	136 
9318	162 
9319	240 
9320	166 
9321	85 
9322	62 
9323	139 
9324	304 
9325	6 
9326	272 
9327	220 
9328	202 
9329	274 
9330	272 
9331	297 
9332	112 
9333	269 
9334	310 
9335	151 
9336	295 
9337	268 
9338	6 
9339	157 
9340	64 
9341	133 
9342	95 
9343	7 
9344	96 
9345	59 
9346	55 
9347	6 
9348	202 
9349	228 
9350	120 
9351	205 
9352	113 
9353	7 
9354	202 
9355	112 
9356	160 
9357	82 
9358	4 
9359	269 
9360	261 
9361	220 
9362	201 
9363	136 
9364	6 
9365	96 
9366	136 
9367	64 
9368	311 
9369	297 
9370	103 
9371	174 
9372	292 
9373	20 
9374	174 
9375	95 
9376	309 
9377	271 
9378	136 
9379	316 
9380	272 
9381	240 
9382	316 
9383	271 
9384	176 
9385	176 
9386	110 
9387	77 
9388	201 
9389	311 
9390	68 
9391	307 
9392	98 
9393	261 
9394	118 
9395	281 
9396	189 
9397	174 
9398	202 
9399	58 
9400	284 
9401	95 
9402	281 
9403	174 
9404	140 
9405	59 
9406	77 
9407	292 
9408	4 
9409	58 
9410	310 
9411	274 
9412	138 
9413	110 
9414	316 
9415	272 
9416	229 
9417	82 
9418	229 
9419	1 
9420	307 
9421	118 
9422	265 
9423	62 
9424	265 
9425	265 
9426	310 
9427	261 
9428	265 
9429	112 
9430	110 
9431	6 
9432	85 
9433	228 
9434	71 
9435	98 
9436	205 
9437	68 
9438	176 
9439	251 
9440	271 
9441	287 
9442	139 
9443	129 
9444	231 
9445	140 
9446	201 
9447	228 
9448	274 
9449	311 
9450	62 
9451	66 
9452	58 
9453	265 
9454	112 
9455	308 
9456	231 
9457	66 
9458	189 
9459	110 
9460	4 
9461	308 
9462	113 
9463	272 
9464	143 
9465	310 
9466	189 
9467	71 
9468	53 
9469	297 
9470	284 
9471	231 
9472	62 
9473	240 
9474	98 
9475	118 
9476	88 
9477	96 
9478	7 
9479	143 
9480	125 
9481	268 
9482	136 
9483	125 
9484	85 
9485	6 
9486	163 
9487	235 
9488	292 
9489	163 
9490	261 
9491	235 
9492	85 
9493	271 
9494	6 
9495	66 
9496	133 
9497	129 
9498	140 
9499	316 
9500	174 
9501	113 
9502	220 
9503	95 
9504	269 
9505	284 
9506	7 
9507	297 
9508	269 
9509	311 
9510	271 
9511	240 
9512	271 
9513	281 
9514	235 
9515	68 
9516	265 
9517	281 
9518	143 
9519	125 
9520	64 
9521	143 
9522	20 
9523	162 
9524	66 
9525	160 
9526	269 
9527	4 
9528	220 
9529	58 
9530	189 
9531	160 
9532	4 
9533	271 
9534	133 
9535	310 
9536	284 
9537	272 
9538	202 
9539	77 
9540	316 
9541	297 
9542	103 
9543	109 
9544	176 
9545	292 
9546	316 
9547	316 
9548	77 
9549	162 
9550	6 
9551	71 
9552	98 
9553	231 
9554	20 
9555	61 
9556	292 
9557	125 
9558	235 
9559	265 
9560	265 
9561	174 
9562	235 
9563	220 
9564	95 
9565	118 
9566	120 
9567	133 
9568	53 
9569	202 
9570	160 
9571	287 
9572	70 
9573	96 
9574	61 
9575	66 
9576	284 
9577	120 
9578	220 
9579	202 
9580	77 
9581	274 
9582	311 
9583	235 
9584	309 
9585	120 
9586	231 
9587	66 
9588	160 
9589	110 
9590	120 
9591	295 
9592	61 
9593	309 
9594	1 
9595	274 
9596	61 
9597	1 
9598	311 
9599	309 
9600	176 
9601	240 
9602	261 
9603	136 
9604	125 
9605	77 
9606	88 
9607	53 
9608	118 
9609	310 
9610	71 
9611	174 
9612	151 
9613	125 
9614	62 
9615	220 
9616	70 
9617	20 
9618	151 
9619	4 
9620	140 
9621	287 
9622	113 
9623	202 
9624	163 
9625	4 
9626	281 
9627	189 
9628	82 
9629	58 
9630	284 
9631	62 
9632	228 
9633	310 
9634	68 
9635	163 
9636	61 
9637	66 
9638	162 
9639	311 
9640	136 
9641	125 
9642	88 
9643	316 
9644	96 
9645	120 
9646	66 
9647	20 
9648	205 
9649	163 
9650	205 
9651	117 
9652	61 
9653	265 
9654	220 
9655	120 
9656	62 
9657	309 
9658	163 
9659	110 
9660	284 
9661	281 
9662	109 
9663	160 
9664	120 
9665	66 
9666	95 
9667	140 
9668	129 
9669	310 
9670	140 
9671	189 
9672	202 
9673	98 
9674	202 
9675	160 
9676	189 
9677	201 
9678	117 
9679	95 
9680	129 
9681	70 
9682	133 
9683	7 
9684	235 
9685	70 
9686	117 
9687	189 
9688	103 
9689	205 
9690	53 
9691	274 
9692	53 
9693	295 
9694	265 
9695	110 
9696	125 
9697	117 
9698	77 
9699	163 
9700	228 
9701	160 
9702	163 
9703	61 
9704	140 
9705	113 
9706	133 
9707	310 
9708	77 
9709	96 
9710	310 
9711	281 
9712	96 
9713	133 
9714	271 
9715	140 
9716	292 
9717	4 
9718	139 
9719	265 
9720	189 
9721	176 
9722	265 
9723	110 
9724	4 
9725	133 
9726	96 
9727	220 
9728	1 
9729	95 
9730	66 
9731	109 
9732	295 
9733	82 
9734	176 
9735	66 
9736	136 
9737	316 
9738	295 
9739	70 
9740	140 
9741	235 
9742	271 
9743	189 
9744	287 
9745	125 
9746	125 
9747	310 
9748	295 
9749	235 
9750	4 
9751	309 
9752	284 
9753	136 
9754	62 
9755	310 
9756	133 
9757	228 
9758	265 
9759	287 
9760	287 
9761	287 
9762	271 
9763	6 
9764	66 
9765	88 
9766	136 
9767	220 
9768	62 
9769	139 
9770	271 
9771	309 
9772	316 
9773	292 
9774	287 
9775	281 
9776	58 
9777	117 
9778	133 
9779	202 
9780	117 
9781	109 
9782	292 
9783	162 
9784	176 
9785	113 
9786	96 
9787	228 
9788	133 
9789	96 
9790	271 
9791	136 
9792	1 
9793	103 
9794	125 
9795	133 
9796	163 
9797	140 
9798	133 
9799	133 
9800	228 
9801	316 
9802	292 
9803	140 
9804	109 
9805	228 
9806	310 
9807	220 
9808	310 
9809	272 
9810	295 
9811	284 
9812	297 
9813	189 
9814	117 
9815	140 
9816	176 
9817	265 
9818	110 
9819	66 
9820	228 
9821	110 
9822	220 
9823	117 
9824	113 
9825	163 
9826	1 
9827	120 
9828	295 
9829	176 
9830	297 
9831	125 
9832	265 
9833	133 
9834	297 
9835	287 
9836	287 
9837	109 
9838	117 
9839	140 
9840	113 
9841	162 
9842	96 
9843	6 
9844	228 
9845	66 
9846	261 
9847	4 
9848	310 
9849	109 
9850	70 
9851	95 
9852	120 
9853	66 
9854	109 
9855	110 
9856	6 
9857	281 
9858	284 
9859	189 
9860	95 
9861	297 
9862	274 
9863	1 
9864	82 
9865	284 
9866	284 
9867	202 
9868	316 
9869	82 
9870	162 
9871	82 
9872	272 
9873	140 
9874	274 
9875	189 
9876	284 
9877	117 
9878	6 
9879	136 
9880	274 
9881	162 
9882	189 
9883	1 
9884	272 
9885	70 
9886	163 
9887	272 
9888	281 
9889	316 
9890	189 
9891	113 
9892	235 
9893	261 
9894	66 
9895	4 
9896	4 
9897	297 
9898	189 
9899	274 
9900	140 
9901	125 
9902	189 
9903	272 
9904	139 
9905	66 
9906	6 
9907	316 
9908	133 
9909	133 
9910	88 
9911	125 
9912	297 
9913	284 
9914	113 
9915	202 
9916	6 
9917	235 
9918	136 
9919	4 
9920	88 
9921	1 
9922	272 
9923	1 
9924	163 
9925	202 
9926	163 
9927	133 
9928	136 
9929	103 
9930	272 
9931	189 
9932	189 
9933	133 
9934	316 
9935	139 
9936	316 
9937	163 
9938	1 
9939	235 
9940	95 
9941	235 
9942	66 
9943	136 
9944	297 
9945	6 
9946	1 
9947	70 
9948	163 
9949	272 
9950	235 
9951	70 
9952	136 
9953	274 
9954	103 
9955	95 
9956	163 
9957	189 
9958	235 
9959	133 
9960	70 
9961	110 
9962	202 
9963	103 
9964	139 
9965	6 
9966	6 
9967	4 
9968	103 
9969	284 
9970	271 
9971	110 
9972	110 
9973	136 
9974	163 
9975	113 
9976	4 
9977	1 
9978	133 
9979	66 
9980	70 
9981	139 
9982	136 
9983	70 
9984	189 
9985	113 
9986	316 
9987	272 
9988	202 
9989	284 
9990	95 
9991	70 
9992	66 
9993	284 
9994	66 
9995	235 
9996	163 
9997	202 
9998	133 
9999	133 
10000	202 
