1	35 
2	282 
3	38 
4	184 
5	47 
6	116 
7	303 
8	108 
9	232 
10	116 
11	194 
12	86 
13	293 
14	89 
15	174 
16	304 
17	200 
18	280 
19	34 
20	218 
21	202 
22	185 
23	130 
24	152 
25	128 
26	6 
27	320 
28	182 
29	329 
30	97 
31	119 
32	142 
33	265 
34	94 
35	51 
36	113 
37	160 
38	75 
39	332 
40	49 
41	212 
42	191 
43	108 
44	232 
45	221 
46	204 
47	299 
48	78 
49	209 
50	330 
51	93 
52	92 
53	185 
54	56 
55	256 
56	91 
57	70 
58	21 
59	168 
60	292 
61	85 
62	203 
63	232 
64	261 
65	114 
66	81 
67	12 
68	5 
69	203 
70	314 
71	51 
72	191 
73	121 
74	219 
75	211 
76	114 
77	288 
78	132 
79	10 
80	59 
81	225 
82	4 
83	325 
84	197 
85	249 
86	73 
87	226 
88	62 
89	38 
90	32 
91	192 
92	113 
93	65 
94	176 
95	20 
96	140 
97	15 
98	232 
99	48 
100	53 
101	171 
102	133 
103	38 
104	211 
105	43 
106	222 
107	227 
108	129 
109	227 
110	88 
111	65 
112	310 
113	250 
114	8 
115	291 
116	102 
117	143 
118	268 
119	217 
120	92 
121	87 
122	191 
123	195 
124	114 
125	210 
126	111 
127	20 
128	288 
129	222 
130	290 
131	272 
132	323 
133	299 
134	213 
135	270 
136	183 
137	222 
138	97 
139	77 
140	193 
141	322 
142	324 
143	86 
144	22 
145	235 
146	259 
147	290 
148	315 
149	324 
150	276 
151	333 
152	87 
153	28 
154	58 
155	315 
156	49 
157	295 
158	232 
159	146 
160	119 
161	304 
162	105 
163	109 
164	26 
165	277 
166	198 
167	296 
168	310 
169	139 
170	176 
171	232 
172	263 
173	39 
174	199 
175	257 
176	75 
177	278 
178	141 
179	279 
180	54 
181	45 
182	49 
183	222 
184	112 
185	41 
186	38 
187	306 
188	177 
189	332 
190	188 
191	4 
192	187 
193	46 
194	230 
195	291 
196	321 
197	246 
198	332 
199	326 
200	314 
201	211 
202	59 
203	340 
204	38 
205	176 
206	214 
207	279 
208	326 
209	195 
210	159 
211	192 
212	287 
213	68 
214	313 
215	10 
216	246 
217	236 
218	36 
219	77 
220	199 
221	30 
222	4 
223	156 
224	236 
225	156 
226	14 
227	187 
228	101 
229	264 
230	76 
231	4 
232	198 
233	293 
234	229 
235	5 
236	270 
237	52 
238	217 
239	50 
240	254 
241	227 
242	246 
243	331 
244	332 
245	246 
246	319 
247	25 
248	275 
249	232 
250	294 
251	172 
252	215 
253	68 
254	177 
255	303 
256	262 
257	218 
258	127 
259	189 
260	65 
261	47 
262	146 
263	5 
264	67 
265	49 
266	138 
267	285 
268	114 
269	157 
270	59 
271	113 
272	154 
273	101 
274	76 
275	260 
276	89 
277	343 
278	200 
279	163 
280	168 
281	84 
282	202 
283	250 
284	274 
285	138 
286	278 
287	48 
288	236 
289	130 
290	217 
291	152 
292	122 
293	20 
294	254 
295	246 
296	332 
297	298 
298	306 
299	181 
300	120 
301	300 
302	238 
303	56 
304	117 
305	296 
306	306 
307	281 
308	296 
309	180 
310	172 
311	245 
312	344 
313	256 
314	226 
315	299 
316	241 
317	261 
318	101 
319	326 
320	59 
321	113 
322	82 
323	94 
324	120 
325	17 
326	118 
327	223 
328	290 
329	65 
330	138 
331	94 
332	64 
333	313 
334	134 
335	138 
336	48 
337	335 
338	101 
339	245 
340	130 
341	289 
342	38 
343	85 
344	186 
345	35 
346	305 
347	196 
348	216 
349	12 
350	75 
351	82 
352	176 
353	333 
354	187 
355	258 
356	54 
357	187 
358	24 
359	240 
360	127 
361	14 
362	96 
363	148 
364	265 
365	270 
366	150 
367	199 
368	119 
369	207 
370	308 
371	311 
372	322 
373	113 
374	41 
375	226 
376	319 
377	113 
378	276 
379	128 
380	18 
381	145 
382	152 
383	186 
384	22 
385	211 
386	130 
387	236 
388	197 
389	179 
390	196 
391	114 
392	59 
393	158 
394	225 
395	21 
396	318 
397	212 
398	242 
399	38 
400	84 
401	303 
402	253 
403	220 
404	141 
405	60 
406	130 
407	228 
408	314 
409	163 
410	222 
411	122 
412	149 
413	169 
414	157 
415	276 
416	135 
417	61 
418	298 
419	170 
420	291 
421	234 
422	254 
423	248 
424	193 
425	44 
426	96 
427	234 
428	193 
429	341 
430	163 
431	140 
432	100 
433	261 
434	209 
435	321 
436	202 
437	4 
438	117 
439	176 
440	81 
441	225 
442	328 
443	306 
444	242 
445	147 
446	219 
447	246 
448	341 
449	46 
450	99 
451	34 
452	140 
453	162 
454	232 
455	310 
456	110 
457	152 
458	217 
459	235 
460	218 
461	29 
462	171 
463	312 
464	99 
465	42 
466	59 
467	206 
468	110 
469	178 
470	260 
471	66 
472	323 
473	23 
474	266 
475	41 
476	341 
477	179 
478	76 
479	174 
480	227 
481	191 
482	295 
483	338 
484	227 
485	6 
486	306 
487	49 
488	299 
489	18 
490	295 
491	61 
492	167 
493	57 
494	54 
495	255 
496	266 
497	165 
498	140 
499	280 
500	175 
501	21 
502	301 
503	314 
504	5 
505	77 
506	143 
507	241 
508	75 
509	154 
510	62 
511	275 
512	45 
513	124 
514	292 
515	242 
516	31 
517	120 
518	97 
519	6 
520	247 
521	84 
522	102 
523	142 
524	246 
525	109 
526	206 
527	233 
528	136 
529	123 
530	84 
531	45 
532	92 
533	332 
534	218 
535	32 
536	124 
537	158 
538	143 
539	223 
540	138 
541	337 
542	7 
543	280 
544	311 
545	234 
546	273 
547	62 
548	90 
549	98 
550	273 
551	241 
552	70 
553	183 
554	305 
555	199 
556	256 
557	176 
558	113 
559	112 
560	125 
561	311 
562	298 
563	70 
564	255 
565	308 
566	241 
567	185 
568	212 
569	237 
570	261 
571	137 
572	212 
573	168 
574	185 
575	48 
576	336 
577	245 
578	340 
579	151 
580	276 
581	82 
582	74 
583	170 
584	203 
585	141 
586	262 
587	240 
588	138 
589	6 
590	240 
591	324 
592	38 
593	150 
594	248 
595	255 
596	290 
597	55 
598	280 
599	29 
600	329 
601	16 
602	255 
603	73 
604	193 
605	275 
606	78 
607	148 
608	271 
609	329 
610	213 
611	226 
612	195 
613	38 
614	294 
615	9 
616	337 
617	250 
618	50 
619	193 
620	188 
621	171 
622	249 
623	210 
624	164 
625	143 
626	338 
627	323 
628	27 
629	179 
630	314 
631	73 
632	309 
633	59 
634	140 
635	340 
636	210 
637	304 
638	269 
639	332 
640	220 
641	325 
642	210 
643	227 
644	71 
645	228 
646	44 
647	276 
648	200 
649	210 
650	37 
651	319 
652	56 
653	146 
654	321 
655	118 
656	58 
657	128 
658	63 
659	221 
660	94 
661	208 
662	94 
663	261 
664	117 
665	272 
666	122 
667	101 
668	111 
669	195 
670	174 
671	244 
672	308 
673	267 
674	143 
675	2 
676	341 
677	118 
678	157 
679	144 
680	66 
681	252 
682	274 
683	300 
684	156 
685	128 
686	308 
687	245 
688	183 
689	133 
690	217 
691	262 
692	105 
693	299 
694	188 
695	278 
696	76 
697	229 
698	16 
699	324 
700	220 
701	173 
702	304 
703	38 
704	248 
705	207 
706	274 
707	105 
708	63 
709	189 
710	288 
711	69 
712	312 
713	101 
714	26 
715	124 
716	302 
717	101 
718	237 
719	95 
720	102 
721	65 
722	314 
723	62 
724	98 
725	290 
726	254 
727	298 
728	121 
729	165 
730	211 
731	140 
732	80 
733	210 
734	335 
735	266 
736	210 
737	61 
738	262 
739	257 
740	59 
741	35 
742	273 
743	343 
744	196 
745	111 
746	301 
747	235 
748	307 
749	158 
750	278 
751	323 
752	2 
753	205 
754	66 
755	230 
756	3 
757	200 
758	78 
759	143 
760	14 
761	211 
762	261 
763	271 
764	270 
765	76 
766	242 
767	38 
768	55 
769	246 
770	163 
771	224 
772	299 
773	136 
774	152 
775	146 
776	332 
777	9 
778	128 
779	44 
780	94 
781	95 
782	227 
783	325 
784	7 
785	141 
786	77 
787	25 
788	258 
789	129 
790	148 
791	161 
792	228 
793	195 
794	83 
795	109 
796	246 
797	168 
798	143 
799	175 
800	282 
801	231 
802	304 
803	60 
804	1 
805	256 
806	322 
807	116 
808	290 
809	307 
810	317 
811	56 
812	270 
813	259 
814	76 
815	242 
816	84 
817	218 
818	34 
819	217 
820	280 
821	59 
822	58 
823	87 
824	98 
825	39 
826	290 
827	100 
828	236 
829	152 
830	114 
831	324 
832	314 
833	315 
834	4 
835	306 
836	298 
837	252 
838	335 
839	304 
840	306 
841	168 
842	239 
843	40 
844	214 
845	161 
846	110 
847	166 
848	306 
849	316 
850	129 
851	12 
852	4 
853	341 
854	202 
855	37 
856	238 
857	60 
858	47 
859	162 
860	288 
861	243 
862	185 
863	72 
864	211 
865	304 
866	2 
867	280 
868	69 
869	94 
870	101 
871	19 
872	176 
873	41 
874	22 
875	120 
876	248 
877	239 
878	58 
879	145 
880	6 
881	343 
882	62 
883	305 
884	208 
885	121 
886	207 
887	329 
888	97 
889	267 
890	265 
891	58 
892	304 
893	166 
894	36 
895	122 
896	205 
897	114 
898	140 
899	294 
900	232 
901	218 
902	32 
903	243 
904	322 
905	207 
906	43 
907	136 
908	81 
909	24 
910	328 
911	105 
912	26 
913	106 
914	96 
915	117 
916	99 
917	227 
918	196 
919	340 
920	311 
921	60 
922	76 
923	320 
924	271 
925	157 
926	230 
927	80 
928	334 
929	80 
930	38 
931	299 
932	234 
933	193 
934	326 
935	317 
936	88 
937	94 
938	114 
939	139 
940	242 
941	209 
942	290 
943	278 
944	131 
945	141 
946	211 
947	241 
948	187 
949	30 
950	99 
951	18 
952	236 
953	65 
954	322 
955	117 
956	102 
957	204 
958	313 
959	208 
960	326 
961	78 
962	314 
963	166 
964	130 
965	44 
966	109 
967	203 
968	226 
969	141 
970	227 
971	164 
972	174 
973	31 
974	140 
975	220 
976	144 
977	48 
978	36 
979	302 
980	95 
981	256 
982	121 
983	131 
984	196 
985	247 
986	136 
987	311 
988	296 
989	297 
990	70 
991	174 
992	336 
993	1 
994	18 
995	193 
996	8 
997	147 
998	202 
999	201 
1000	143 
1001	254 
1002	273 
1003	340 
1004	107 
1005	293 
1006	80 
1007	261 
1008	118 
1009	300 
1010	154 
1011	255 
1012	105 
1013	56 
1014	293 
1015	149 
1016	60 
1017	150 
1018	182 
1019	295 
1020	256 
1021	29 
1022	195 
1023	232 
1024	59 
1025	227 
1026	114 
1027	138 
1028	176 
1029	180 
1030	211 
1031	93 
1032	306 
1033	185 
1034	63 
1035	183 
1036	299 
1037	137 
1038	60 
1039	277 
1040	104 
1041	250 
1042	1 
1043	258 
1044	144 
1045	158 
1046	38 
1047	113 
1048	62 
1049	300 
1050	220 
1051	141 
1052	314 
1053	75 
1054	155 
1055	71 
1056	243 
1057	39 
1058	279 
1059	274 
1060	62 
1061	6 
1062	95 
1063	232 
1064	63 
1065	80 
1066	329 
1067	20 
1068	287 
1069	137 
1070	339 
1071	299 
1072	334 
1073	133 
1074	229 
1075	114 
1076	287 
1077	18 
1078	312 
1079	212 
1080	238 
1081	49 
1082	158 
1083	249 
1084	1 
1085	193 
1086	33 
1087	202 
1088	77 
1089	106 
1090	295 
1091	205 
1092	342 
1093	4 
1094	299 
1095	75 
1096	194 
1097	232 
1098	22 
1099	274 
1100	170 
1101	62 
1102	238 
1103	12 
1104	295 
1105	53 
1106	21 
1107	168 
1108	323 
1109	330 
1110	313 
1111	220 
1112	100 
1113	32 
1114	338 
1115	195 
1116	332 
1117	246 
1118	93 
1119	79 
1120	180 
1121	281 
1122	311 
1123	40 
1124	236 
1125	80 
1126	6 
1127	81 
1128	189 
1129	122 
1130	316 
1131	320 
1132	323 
1133	86 
1134	158 
1135	94 
1136	102 
1137	328 
1138	264 
1139	203 
1140	56 
1141	194 
1142	261 
1143	142 
1144	87 
1145	58 
1146	265 
1147	64 
1148	273 
1149	72 
1150	74 
1151	295 
1152	157 
1153	325 
1154	107 
1155	132 
1156	181 
1157	286 
1158	131 
1159	69 
1160	161 
1161	277 
1162	77 
1163	158 
1164	86 
1165	233 
1166	267 
1167	232 
1168	226 
1169	208 
1170	1 
1171	29 
1172	184 
1173	322 
1174	235 
1175	44 
1176	232 
1177	63 
1178	278 
1179	46 
1180	132 
1181	48 
1182	145 
1183	45 
1184	201 
1185	129 
1186	152 
1187	125 
1188	257 
1189	236 
1190	18 
1191	64 
1192	154 
1193	95 
1194	32 
1195	241 
1196	309 
1197	133 
1198	4 
1199	135 
1200	202 
1201	267 
1202	152 
1203	6 
1204	185 
1205	37 
1206	178 
1207	28 
1208	85 
1209	306 
1210	108 
1211	212 
1212	140 
1213	298 
1214	260 
1215	152 
1216	101 
1217	243 
1218	35 
1219	304 
1220	103 
1221	63 
1222	93 
1223	78 
1224	328 
1225	306 
1226	32 
1227	288 
1228	86 
1229	121 
1230	144 
1231	12 
1232	176 
1233	208 
1234	153 
1235	118 
1236	249 
1237	272 
1238	20 
1239	338 
1240	111 
1241	93 
1242	121 
1243	93 
1244	108 
1245	68 
1246	172 
1247	276 
1248	286 
1249	176 
1250	186 
1251	152 
1252	202 
1253	17 
1254	129 
1255	22 
1256	283 
1257	147 
1258	123 
1259	37 
1260	130 
1261	237 
1262	274 
1263	303 
1264	181 
1265	24 
1266	211 
1267	57 
1268	319 
1269	226 
1270	113 
1271	143 
1272	248 
1273	182 
1274	56 
1275	74 
1276	152 
1277	315 
1278	241 
1279	216 
1280	275 
1281	266 
1282	138 
1283	149 
1284	12 
1285	89 
1286	45 
1287	304 
1288	40 
1289	101 
1290	233 
1291	154 
1292	269 
1293	24 
1294	256 
1295	328 
1296	145 
1297	251 
1298	194 
1299	240 
1300	69 
1301	268 
1302	177 
1303	299 
1304	309 
1305	205 
1306	48 
1307	44 
1308	29 
1309	226 
1310	87 
1311	312 
1312	23 
1313	39 
1314	245 
1315	166 
1316	14 
1317	194 
1318	123 
1319	51 
1320	336 
1321	249 
1322	233 
1323	232 
1324	299 
1325	261 
1326	144 
1327	44 
1328	136 
1329	60 
1330	303 
1331	169 
1332	140 
1333	231 
1334	115 
1335	293 
1336	264 
1337	281 
1338	34 
1339	197 
1340	84 
1341	53 
1342	49 
1343	135 
1344	93 
1345	282 
1346	324 
1347	270 
1348	291 
1349	249 
1350	155 
1351	211 
1352	61 
1353	302 
1354	294 
1355	332 
1356	7 
1357	18 
1358	226 
1359	193 
1360	287 
1361	260 
1362	317 
1363	119 
1364	296 
1365	43 
1366	159 
1367	233 
1368	53 
1369	112 
1370	56 
1371	209 
1372	125 
1373	343 
1374	144 
1375	186 
1376	263 
1377	171 
1378	37 
1379	207 
1380	57 
1381	263 
1382	35 
1383	162 
1384	295 
1385	229 
1386	98 
1387	113 
1388	77 
1389	284 
1390	246 
1391	241 
1392	204 
1393	4 
1394	102 
1395	92 
1396	295 
1397	169 
1398	118 
1399	198 
1400	44 
1401	332 
1402	301 
1403	26 
1404	191 
1405	313 
1406	18 
1407	308 
1408	43 
1409	70 
1410	144 
1411	143 
1412	233 
1413	303 
1414	123 
1415	130 
1416	269 
1417	175 
1418	210 
1419	116 
1420	35 
1421	49 
1422	337 
1423	132 
1424	29 
1425	39 
1426	228 
1427	86 
1428	314 
1429	87 
1430	252 
1431	218 
1432	222 
1433	146 
1434	37 
1435	25 
1436	125 
1437	105 
1438	76 
1439	194 
1440	38 
1441	118 
1442	82 
1443	232 
1444	173 
1445	140 
1446	206 
1447	33 
1448	129 
1449	322 
1450	279 
1451	191 
1452	66 
1453	227 
1454	64 
1455	41 
1456	100 
1457	30 
1458	51 
1459	231 
1460	126 
1461	232 
1462	80 
1463	229 
1464	22 
1465	122 
1466	256 
1467	62 
1468	19 
1469	1 
1470	230 
1471	18 
1472	320 
1473	146 
1474	146 
1475	22 
1476	279 
1477	154 
1478	10 
1479	120 
1480	294 
1481	190 
1482	203 
1483	218 
1484	107 
1485	232 
1486	42 
1487	181 
1488	34 
1489	135 
1490	11 
1491	133 
1492	264 
1493	314 
1494	59 
1495	48 
1496	325 
1497	309 
1498	341 
1499	174 
1500	236 
1501	34 
1502	8 
1503	262 
1504	77 
1505	91 
1506	148 
1507	260 
1508	143 
1509	315 
1510	151 
1511	184 
1512	91 
1513	200 
1514	335 
1515	87 
1516	122 
1517	299 
1518	114 
1519	125 
1520	299 
1521	143 
1522	273 
1523	67 
1524	78 
1525	164 
1526	37 
1527	207 
1528	76 
1529	280 
1530	65 
1531	163 
1532	203 
1533	332 
1534	65 
1535	13 
1536	238 
1537	83 
1538	251 
1539	201 
1540	47 
1541	122 
1542	144 
1543	199 
1544	54 
1545	64 
1546	107 
1547	120 
1548	323 
1549	323 
1550	340 
1551	133 
1552	240 
1553	266 
1554	126 
1555	274 
1556	265 
1557	185 
1558	314 
1559	297 
1560	197 
1561	227 
1562	19 
1563	222 
1564	71 
1565	335 
1566	139 
1567	332 
1568	277 
1569	308 
1570	97 
1571	219 
1572	224 
1573	326 
1574	224 
1575	232 
1576	133 
1577	174 
1578	141 
1579	51 
1580	274 
1581	285 
1582	142 
1583	229 
1584	274 
1585	165 
1586	128 
1587	265 
1588	220 
1589	55 
1590	1 
1591	336 
1592	273 
1593	327 
1594	79 
1595	211 
1596	276 
1597	14 
1598	59 
1599	215 
1600	58 
1601	248 
1602	168 
1603	214 
1604	289 
1605	86 
1606	49 
1607	153 
1608	239 
1609	272 
1610	190 
1611	51 
1612	235 
1613	318 
1614	194 
1615	248 
1616	185 
1617	237 
1618	304 
1619	302 
1620	256 
1621	75 
1622	311 
1623	30 
1624	60 
1625	220 
1626	196 
1627	78 
1628	214 
1629	44 
1630	208 
1631	328 
1632	42 
1633	240 
1634	32 
1635	66 
1636	217 
1637	179 
1638	104 
1639	122 
1640	208 
1641	241 
1642	84 
1643	230 
1644	228 
1645	285 
1646	39 
1647	51 
1648	307 
1649	244 
1650	85 
1651	70 
1652	172 
1653	142 
1654	93 
1655	42 
1656	213 
1657	335 
1658	34 
1659	214 
1660	294 
1661	95 
1662	138 
1663	342 
1664	98 
1665	41 
1666	283 
1667	307 
1668	129 
1669	318 
1670	215 
1671	229 
1672	272 
1673	112 
1674	226 
1675	285 
1676	259 
1677	327 
1678	95 
1679	215 
1680	97 
1681	239 
1682	124 
1683	224 
1684	269 
1685	113 
1686	302 
1687	84 
1688	38 
1689	289 
1690	186 
1691	211 
1692	196 
1693	244 
1694	128 
1695	169 
1696	157 
1697	291 
1698	12 
1699	245 
1700	137 
1701	170 
1702	253 
1703	306 
1704	208 
1705	119 
1706	188 
1707	305 
1708	171 
1709	254 
1710	124 
1711	320 
1712	212 
1713	301 
1714	77 
1715	300 
1716	155 
1717	88 
1718	299 
1719	295 
1720	53 
1721	119 
1722	133 
1723	143 
1724	98 
1725	85 
1726	317 
1727	209 
1728	61 
1729	341 
1730	269 
1731	47 
1732	203 
1733	268 
1734	212 
1735	339 
1736	268 
1737	216 
1738	48 
1739	305 
1740	256 
1741	16 
1742	88 
1743	119 
1744	298 
1745	190 
1746	211 
1747	280 
1748	181 
1749	78 
1750	101 
1751	16 
1752	117 
1753	306 
1754	22 
1755	16 
1756	70 
1757	300 
1758	39 
1759	272 
1760	107 
1761	136 
1762	45 
1763	128 
1764	103 
1765	332 
1766	93 
1767	121 
1768	205 
1769	286 
1770	57 
1771	155 
1772	60 
1773	125 
1774	314 
1775	114 
1776	14 
1777	34 
1778	86 
1779	127 
1780	161 
1781	136 
1782	170 
1783	274 
1784	163 
1785	221 
1786	150 
1787	148 
1788	319 
1789	268 
1790	215 
1791	341 
1792	140 
1793	99 
1794	125 
1795	99 
1796	94 
1797	55 
1798	146 
1799	222 
1800	130 
1801	224 
1802	276 
1803	102 
1804	53 
1805	266 
1806	17 
1807	84 
1808	314 
1809	71 
1810	295 
1811	213 
1812	336 
1813	87 
1814	203 
1815	9 
1816	191 
1817	137 
1818	292 
1819	308 
1820	45 
1821	301 
1822	34 
1823	138 
1824	75 
1825	99 
1826	126 
1827	172 
1828	310 
1829	51 
1830	50 
1831	143 
1832	112 
1833	225 
1834	242 
1835	125 
1836	321 
1837	208 
1838	125 
1839	293 
1840	235 
1841	261 
1842	200 
1843	216 
1844	4 
1845	341 
1846	236 
1847	216 
1848	316 
1849	52 
1850	305 
1851	239 
1852	244 
1853	106 
1854	119 
1855	246 
1856	311 
1857	159 
1858	263 
1859	49 
1860	96 
1861	193 
1862	80 
1863	158 
1864	221 
1865	69 
1866	128 
1867	122 
1868	20 
1869	314 
1870	65 
1871	114 
1872	110 
1873	293 
1874	11 
1875	254 
1876	275 
1877	333 
1878	187 
1879	196 
1880	140 
1881	19 
1882	147 
1883	31 
1884	304 
1885	86 
1886	332 
1887	281 
1888	30 
1889	337 
1890	121 
1891	210 
1892	268 
1893	222 
1894	196 
1895	140 
1896	42 
1897	314 
1898	154 
1899	122 
1900	150 
1901	323 
1902	290 
1903	80 
1904	1 
1905	122 
1906	276 
1907	133 
1908	41 
1909	224 
1910	203 
1911	339 
1912	160 
1913	50 
1914	136 
1915	129 
1916	61 
1917	242 
1918	228 
1919	146 
1920	68 
1921	323 
1922	232 
1923	48 
1924	117 
1925	217 
1926	170 
1927	326 
1928	35 
1929	325 
1930	307 
1931	86 
1932	308 
1933	35 
1934	25 
1935	211 
1936	212 
1937	343 
1938	187 
1939	75 
1940	167 
1941	271 
1942	38 
1943	336 
1944	223 
1945	275 
1946	203 
1947	176 
1948	143 
1949	141 
1950	228 
1951	235 
1952	256 
1953	116 
1954	69 
1955	143 
1956	83 
1957	253 
1958	42 
1959	48 
1960	139 
1961	165 
1962	186 
1963	189 
1964	28 
1965	133 
1966	323 
1967	162 
1968	191 
1969	146 
1970	62 
1971	185 
1972	253 
1973	128 
1974	76 
1975	79 
1976	152 
1977	300 
1978	283 
1979	12 
1980	154 
1981	175 
1982	102 
1983	193 
1984	194 
1985	200 
1986	242 
1987	167 
1988	9 
1989	68 
1990	327 
1991	168 
1992	4 
1993	137 
1994	41 
1995	210 
1996	184 
1997	129 
1998	47 
1999	199 
2000	315 
2001	1 
2002	12 
2003	275 
2004	303 
2005	4 
2006	295 
2007	62 
2008	113 
2009	277 
2010	218 
2011	271 
2012	126 
2013	87 
2014	126 
2015	146 
2016	133 
2017	220 
2018	229 
2019	233 
2020	278 
2021	246 
2022	274 
2023	234 
2024	299 
2025	234 
2026	164 
2027	60 
2028	194 
2029	119 
2030	96 
2031	210 
2032	183 
2033	245 
2034	42 
2035	196 
2036	293 
2037	282 
2038	101 
2039	335 
2040	115 
2041	26 
2042	67 
2043	150 
2044	253 
2045	38 
2046	39 
2047	77 
2048	343 
2049	207 
2050	208 
2051	279 
2052	308 
2053	72 
2054	160 
2055	279 
2056	175 
2057	220 
2058	168 
2059	67 
2060	128 
2061	86 
2062	132 
2063	340 
2064	341 
2065	314 
2066	260 
2067	72 
2068	232 
2069	253 
2070	192 
2071	119 
2072	54 
2073	2 
2074	103 
2075	111 
2076	332 
2077	87 
2078	10 
2079	86 
2080	67 
2081	114 
2082	130 
2083	47 
2084	130 
2085	50 
2086	215 
2087	116 
2088	195 
2089	34 
2090	194 
2091	30 
2092	304 
2093	43 
2094	117 
2095	263 
2096	320 
2097	304 
2098	212 
2099	2 
2100	112 
2101	278 
2102	41 
2103	244 
2104	195 
2105	238 
2106	256 
2107	176 
2108	305 
2109	238 
2110	189 
2111	289 
2112	258 
2113	14 
2114	319 
2115	218 
2116	26 
2117	303 
2118	292 
2119	126 
2120	250 
2121	169 
2122	121 
2123	138 
2124	210 
2125	304 
2126	38 
2127	143 
2128	293 
2129	207 
2130	53 
2131	217 
2132	186 
2133	133 
2134	185 
2135	130 
2136	298 
2137	185 
2138	191 
2139	73 
2140	100 
2141	216 
2142	304 
2143	69 
2144	62 
2145	314 
2146	301 
2147	111 
2148	163 
2149	72 
2150	196 
2151	247 
2152	32 
2153	30 
2154	217 
2155	87 
2156	94 
2157	241 
2158	182 
2159	258 
2160	171 
2161	22 
2162	139 
2163	113 
2164	160 
2165	66 
2166	201 
2167	226 
2168	1 
2169	93 
2170	243 
2171	157 
2172	157 
2173	332 
2174	241 
2175	211 
2176	268 
2177	186 
2178	181 
2179	175 
2180	146 
2181	138 
2182	300 
2183	46 
2184	36 
2185	237 
2186	286 
2187	274 
2188	99 
2189	129 
2190	242 
2191	318 
2192	201 
2193	318 
2194	137 
2195	124 
2196	314 
2197	77 
2198	14 
2199	240 
2200	242 
2201	103 
2202	220 
2203	285 
2204	177 
2205	128 
2206	126 
2207	59 
2208	218 
2209	32 
2210	22 
2211	216 
2212	316 
2213	292 
2214	138 
2215	199 
2216	193 
2217	278 
2218	256 
2219	230 
2220	266 
2221	323 
2222	48 
2223	247 
2224	106 
2225	34 
2226	329 
2227	316 
2228	59 
2229	91 
2230	273 
2231	44 
2232	196 
2233	137 
2234	250 
2235	297 
2236	241 
2237	285 
2238	290 
2239	76 
2240	86 
2241	337 
2242	13 
2243	159 
2244	113 
2245	99 
2246	227 
2247	3 
2248	136 
2249	19 
2250	332 
2251	166 
2252	31 
2253	232 
2254	92 
2255	117 
2256	128 
2257	199 
2258	121 
2259	226 
2260	15 
2261	264 
2262	42 
2263	250 
2264	83 
2265	93 
2266	280 
2267	18 
2268	190 
2269	187 
2270	55 
2271	276 
2272	333 
2273	130 
2274	3 
2275	35 
2276	28 
2277	301 
2278	335 
2279	77 
2280	231 
2281	336 
2282	272 
2283	291 
2284	187 
2285	194 
2286	221 
2287	150 
2288	227 
2289	215 
2290	111 
2291	208 
2292	137 
2293	307 
2294	88 
2295	305 
2296	56 
2297	168 
2298	51 
2299	192 
2300	48 
2301	225 
2302	44 
2303	338 
2304	177 
2305	163 
2306	312 
2307	148 
2308	120 
2309	276 
2310	102 
2311	226 
2312	162 
2313	75 
2314	317 
2315	274 
2316	180 
2317	186 
2318	59 
2319	67 
2320	160 
2321	242 
2322	255 
2323	87 
2324	265 
2325	38 
2326	206 
2327	176 
2328	25 
2329	306 
2330	81 
2331	99 
2332	91 
2333	242 
2334	275 
2335	212 
2336	149 
2337	218 
2338	137 
2339	303 
2340	158 
2341	114 
2342	344 
2343	133 
2344	146 
2345	276 
2346	141 
2347	343 
2348	242 
2349	212 
2350	89 
2351	226 
2352	85 
2353	293 
2354	63 
2355	218 
2356	261 
2357	137 
2358	225 
2359	18 
2360	65 
2361	244 
2362	82 
2363	68 
2364	168 
2365	201 
2366	225 
2367	170 
2368	207 
2369	18 
2370	64 
2371	317 
2372	82 
2373	59 
2374	154 
2375	4 
2376	140 
2377	82 
2378	30 
2379	163 
2380	141 
2381	171 
2382	58 
2383	330 
2384	248 
2385	168 
2386	81 
2387	306 
2388	83 
2389	39 
2390	251 
2391	273 
2392	144 
2393	61 
2394	155 
2395	176 
2396	113 
2397	324 
2398	93 
2399	6 
2400	180 
2401	161 
2402	59 
2403	212 
2404	74 
2405	241 
2406	207 
2407	194 
2408	341 
2409	184 
2410	144 
2411	303 
2412	110 
2413	190 
2414	46 
2415	278 
2416	329 
2417	169 
2418	156 
2419	300 
2420	290 
2421	220 
2422	288 
2423	198 
2424	76 
2425	274 
2426	168 
2427	212 
2428	139 
2429	267 
2430	176 
2431	218 
2432	28 
2433	206 
2434	235 
2435	141 
2436	92 
2437	214 
2438	191 
2439	181 
2440	243 
2441	298 
2442	238 
2443	315 
2444	156 
2445	207 
2446	217 
2447	19 
2448	58 
2449	343 
2450	191 
2451	300 
2452	34 
2453	18 
2454	89 
2455	221 
2456	241 
2457	78 
2458	23 
2459	26 
2460	232 
2461	222 
2462	172 
2463	139 
2464	199 
2465	115 
2466	158 
2467	117 
2468	230 
2469	312 
2470	270 
2471	302 
2472	153 
2473	127 
2474	256 
2475	52 
2476	236 
2477	34 
2478	262 
2479	182 
2480	171 
2481	178 
2482	77 
2483	34 
2484	132 
2485	93 
2486	27 
2487	256 
2488	306 
2489	59 
2490	168 
2491	227 
2492	208 
2493	11 
2494	332 
2495	151 
2496	71 
2497	4 
2498	110 
2499	5 
2500	121 
2501	42 
2502	106 
2503	268 
2504	236 
2505	186 
2506	293 
2507	233 
2508	9 
2509	83 
2510	320 
2511	175 
2512	62 
2513	248 
2514	75 
2515	36 
2516	121 
2517	311 
2518	37 
2519	327 
2520	152 
2521	7 
2522	90 
2523	303 
2524	232 
2525	33 
2526	265 
2527	330 
2528	41 
2529	133 
2530	19 
2531	271 
2532	84 
2533	202 
2534	1 
2535	276 
2536	307 
2537	22 
2538	284 
2539	144 
2540	316 
2541	49 
2542	198 
2543	221 
2544	217 
2545	153 
2546	78 
2547	252 
2548	86 
2549	157 
2550	81 
2551	169 
2552	342 
2553	149 
2554	32 
2555	53 
2556	28 
2557	259 
2558	137 
2559	117 
2560	140 
2561	103 
2562	86 
2563	178 
2564	134 
2565	221 
2566	135 
2567	263 
2568	60 
2569	146 
2570	201 
2571	305 
2572	112 
2573	197 
2574	199 
2575	4 
2576	65 
2577	107 
2578	322 
2579	343 
2580	78 
2581	182 
2582	156 
2583	306 
2584	155 
2585	44 
2586	107 
2587	275 
2588	117 
2589	90 
2590	193 
2591	208 
2592	40 
2593	139 
2594	133 
2595	138 
2596	86 
2597	209 
2598	281 
2599	234 
2600	139 
2601	311 
2602	73 
2603	2 
2604	214 
2605	72 
2606	129 
2607	50 
2608	46 
2609	314 
2610	241 
2611	246 
2612	79 
2613	42 
2614	25 
2615	185 
2616	266 
2617	183 
2618	283 
2619	115 
2620	209 
2621	241 
2622	301 
2623	65 
2624	75 
2625	65 
2626	318 
2627	195 
2628	193 
2629	27 
2630	103 
2631	297 
2632	100 
2633	217 
2634	58 
2635	112 
2636	56 
2637	137 
2638	38 
2639	313 
2640	305 
2641	113 
2642	157 
2643	62 
2644	280 
2645	125 
2646	3 
2647	106 
2648	87 
2649	260 
2650	233 
2651	311 
2652	341 
2653	113 
2654	134 
2655	331 
2656	332 
2657	274 
2658	57 
2659	251 
2660	312 
2661	300 
2662	172 
2663	235 
2664	234 
2665	19 
2666	129 
2667	244 
2668	135 
2669	94 
2670	9 
2671	305 
2672	99 
2673	308 
2674	149 
2675	1 
2676	295 
2677	306 
2678	114 
2679	246 
2680	55 
2681	77 
2682	130 
2683	157 
2684	25 
2685	341 
2686	86 
2687	255 
2688	118 
2689	133 
2690	323 
2691	141 
2692	170 
2693	251 
2694	67 
2695	165 
2696	56 
2697	149 
2698	306 
2699	340 
2700	158 
2701	6 
2702	40 
2703	155 
2704	238 
2705	276 
2706	185 
2707	4 
2708	68 
2709	172 
2710	84 
2711	31 
2712	192 
2713	94 
2714	63 
2715	41 
2716	283 
2717	311 
2718	133 
2719	5 
2720	1 
2721	169 
2722	171 
2723	74 
2724	123 
2725	73 
2726	278 
2727	146 
2728	308 
2729	9 
2730	47 
2731	176 
2732	28 
2733	31 
2734	258 
2735	37 
2736	122 
2737	75 
2738	73 
2739	340 
2740	75 
2741	11 
2742	217 
2743	32 
2744	303 
2745	201 
2746	57 
2747	145 
2748	123 
2749	207 
2750	220 
2751	304 
2752	10 
2753	277 
2754	256 
2755	178 
2756	56 
2757	165 
2758	334 
2759	328 
2760	156 
2761	308 
2762	313 
2763	53 
2764	114 
2765	311 
2766	284 
2767	58 
2768	149 
2769	290 
2770	98 
2771	24 
2772	304 
2773	60 
2774	286 
2775	94 
2776	156 
2777	108 
2778	28 
2779	328 
2780	192 
2781	59 
2782	312 
2783	155 
2784	92 
2785	43 
2786	14 
2787	137 
2788	234 
2789	222 
2790	160 
2791	77 
2792	68 
2793	6 
2794	178 
2795	141 
2796	98 
2797	193 
2798	194 
2799	146 
2800	242 
2801	299 
2802	56 
2803	114 
2804	312 
2805	320 
2806	76 
2807	140 
2808	256 
2809	9 
2810	210 
2811	251 
2812	213 
2813	106 
2814	90 
2815	174 
2816	119 
2817	213 
2818	209 
2819	18 
2820	86 
2821	218 
2822	188 
2823	194 
2824	226 
2825	205 
2826	22 
2827	295 
2828	101 
2829	226 
2830	308 
2831	270 
2832	144 
2833	162 
2834	156 
2835	104 
2836	213 
2837	331 
2838	268 
2839	78 
2840	231 
2841	210 
2842	331 
2843	265 
2844	156 
2845	184 
2846	163 
2847	274 
2848	98 
2849	41 
2850	192 
2851	115 
2852	178 
2853	280 
2854	96 
2855	288 
2856	38 
2857	244 
2858	75 
2859	179 
2860	32 
2861	203 
2862	152 
2863	342 
2864	279 
2865	219 
2866	315 
2867	160 
2868	252 
2869	213 
2870	45 
2871	137 
2872	197 
2873	240 
2874	313 
2875	88 
2876	195 
2877	5 
2878	229 
2879	243 
2880	194 
2881	293 
2882	261 
2883	26 
2884	230 
2885	55 
2886	102 
2887	223 
2888	248 
2889	341 
2890	246 
2891	51 
2892	334 
2893	337 
2894	321 
2895	254 
2896	231 
2897	301 
2898	237 
2899	319 
2900	207 
2901	33 
2902	255 
2903	218 
2904	8 
2905	192 
2906	140 
2907	9 
2908	310 
2909	184 
2910	112 
2911	41 
2912	4 
2913	40 
2914	183 
2915	29 
2916	261 
2917	211 
2918	298 
2919	228 
2920	73 
2921	338 
2922	46 
2923	1 
2924	54 
2925	224 
2926	183 
2927	157 
2928	125 
2929	48 
2930	121 
2931	220 
2932	210 
2933	245 
2934	12 
2935	146 
2936	58 
2937	300 
2938	306 
2939	327 
2940	157 
2941	60 
2942	130 
2943	160 
2944	176 
2945	232 
2946	31 
2947	242 
2948	109 
2949	24 
2950	77 
2951	28 
2952	201 
2953	53 
2954	108 
2955	247 
2956	303 
2957	198 
2958	7 
2959	213 
2960	281 
2961	305 
2962	284 
2963	246 
2964	199 
2965	98 
2966	217 
2967	83 
2968	102 
2969	37 
2970	78 
2971	154 
2972	56 
2973	141 
2974	62 
2975	117 
2976	146 
2977	232 
2978	276 
2979	91 
2980	166 
2981	41 
2982	193 
2983	27 
2984	90 
2985	256 
2986	56 
2987	214 
2988	246 
2989	148 
2990	236 
2991	65 
2992	306 
2993	4 
2994	224 
2995	87 
2996	108 
2997	135 
2998	226 
2999	68 
3000	65 
3001	106 
3002	126 
3003	302 
3004	130 
3005	54 
3006	42 
3007	147 
3008	96 
3009	336 
3010	188 
3011	32 
3012	206 
3013	203 
3014	300 
3015	217 
3016	291 
3017	294 
3018	103 
3019	4 
3020	216 
3021	163 
3022	206 
3023	343 
3024	211 
3025	160 
3026	240 
3027	200 
3028	45 
3029	67 
3030	4 
3031	80 
3032	218 
3033	166 
3034	335 
3035	225 
3036	185 
3037	99 
3038	327 
3039	145 
3040	73 
3041	59 
3042	75 
3043	317 
3044	307 
3045	209 
3046	257 
3047	256 
3048	175 
3049	324 
3050	7 
3051	74 
3052	332 
3053	295 
3054	220 
3055	149 
3056	299 
3057	207 
3058	270 
3059	308 
3060	115 
3061	117 
3062	131 
3063	241 
3064	287 
3065	23 
3066	169 
3067	299 
3068	223 
3069	68 
3070	296 
3071	125 
3072	276 
3073	278 
3074	246 
3075	283 
3076	283 
3077	340 
3078	326 
3079	258 
3080	213 
3081	314 
3082	342 
3083	303 
3084	19 
3085	273 
3086	209 
3087	178 
3088	329 
3089	244 
3090	138 
3091	135 
3092	190 
3093	67 
3094	219 
3095	344 
3096	325 
3097	102 
3098	226 
3099	133 
3100	289 
3101	246 
3102	333 
3103	146 
3104	263 
3105	119 
3106	286 
3107	13 
3108	328 
3109	18 
3110	141 
3111	16 
3112	295 
3113	294 
3114	97 
3115	268 
3116	202 
3117	117 
3118	303 
3119	260 
3120	340 
3121	218 
3122	167 
3123	40 
3124	143 
3125	38 
3126	89 
3127	5 
3128	233 
3129	298 
3130	87 
3131	116 
3132	327 
3133	56 
3134	217 
3135	220 
3136	247 
3137	99 
3138	342 
3139	216 
3140	26 
3141	194 
3142	276 
3143	142 
3144	250 
3145	238 
3146	288 
3147	214 
3148	184 
3149	15 
3150	178 
3151	147 
3152	4 
3153	304 
3154	31 
3155	34 
3156	242 
3157	9 
3158	53 
3159	305 
3160	101 
3161	91 
3162	281 
3163	252 
3164	199 
3165	42 
3166	286 
3167	130 
3168	8 
3169	205 
3170	72 
3171	244 
3172	330 
3173	207 
3174	113 
3175	171 
3176	55 
3177	204 
3178	24 
3179	25 
3180	244 
3181	328 
3182	22 
3183	177 
3184	260 
3185	309 
3186	87 
3187	83 
3188	47 
3189	234 
3190	84 
3191	232 
3192	134 
3193	99 
3194	121 
3195	92 
3196	302 
3197	68 
3198	249 
3199	226 
3200	228 
3201	19 
3202	295 
3203	176 
3204	74 
3205	264 
3206	319 
3207	24 
3208	103 
3209	117 
3210	132 
3211	84 
3212	22 
3213	69 
3214	224 
3215	76 
3216	341 
3217	122 
3218	182 
3219	32 
3220	84 
3221	332 
3222	37 
3223	341 
3224	62 
3225	290 
3226	144 
3227	4 
3228	194 
3229	151 
3230	190 
3231	10 
3232	277 
3233	53 
3234	45 
3235	154 
3236	263 
3237	113 
3238	122 
3239	87 
3240	116 
3241	17 
3242	300 
3243	14 
3244	144 
3245	218 
3246	242 
3247	300 
3248	314 
3249	143 
3250	220 
3251	323 
3252	274 
3253	292 
3254	267 
3255	91 
3256	249 
3257	154 
3258	143 
3259	285 
3260	59 
3261	178 
3262	206 
3263	248 
3264	288 
3265	90 
3266	44 
3267	214 
3268	3 
3269	167 
3270	261 
3271	226 
3272	74 
3273	234 
3274	240 
3275	35 
3276	113 
3277	149 
3278	166 
3279	93 
3280	326 
3281	269 
3282	239 
3283	308 
3284	9 
3285	3 
3286	84 
3287	309 
3288	64 
3289	341 
3290	72 
3291	146 
3292	42 
3293	91 
3294	233 
3295	112 
3296	341 
3297	323 
3298	224 
3299	289 
3300	298 
3301	243 
3302	97 
3303	292 
3304	208 
3305	6 
3306	188 
3307	65 
3308	162 
3309	22 
3310	176 
3311	4 
3312	227 
3313	7 
3314	188 
3315	27 
3316	178 
3317	242 
3318	26 
3319	155 
3320	335 
3321	238 
3322	110 
3323	62 
3324	158 
3325	42 
3326	85 
3327	104 
3328	80 
3329	99 
3330	261 
3331	245 
3332	248 
3333	140 
3334	187 
3335	3 
3336	234 
3337	315 
3338	100 
3339	314 
3340	252 
3341	111 
3342	9 
3343	189 
3344	237 
3345	274 
3346	75 
3347	95 
3348	210 
3349	170 
3350	169 
3351	173 
3352	33 
3353	217 
3354	93 
3355	336 
3356	211 
3357	207 
3358	297 
3359	330 
3360	147 
3361	84 
3362	32 
3363	321 
3364	305 
3365	341 
3366	154 
3367	48 
3368	44 
3369	198 
3370	259 
3371	232 
3372	144 
3373	332 
3374	46 
3375	310 
3376	157 
3377	8 
3378	325 
3379	221 
3380	146 
3381	186 
3382	180 
3383	208 
3384	118 
3385	48 
3386	187 
3387	90 
3388	318 
3389	90 
3390	35 
3391	327 
3392	197 
3393	308 
3394	267 
3395	323 
3396	34 
3397	18 
3398	87 
3399	100 
3400	26 
3401	199 
3402	53 
3403	228 
3404	185 
3405	191 
3406	131 
3407	213 
3408	260 
3409	74 
3410	106 
3411	344 
3412	342 
3413	128 
3414	193 
3415	176 
3416	241 
3417	16 
3418	215 
3419	125 
3420	226 
3421	198 
3422	306 
3423	281 
3424	262 
3425	33 
3426	333 
3427	13 
3428	326 
3429	282 
3430	86 
3431	168 
3432	289 
3433	331 
3434	111 
3435	276 
3436	73 
3437	234 
3438	161 
3439	181 
3440	288 
3441	248 
3442	65 
3443	340 
3444	167 
3445	106 
3446	94 
3447	139 
3448	99 
3449	97 
3450	162 
3451	172 
3452	253 
3453	87 
3454	91 
3455	201 
3456	18 
3457	124 
3458	203 
3459	86 
3460	295 
3461	210 
3462	172 
3463	86 
3464	332 
3465	192 
3466	59 
3467	159 
3468	153 
3469	95 
3470	34 
3471	164 
3472	193 
3473	201 
3474	113 
3475	337 
3476	44 
3477	220 
3478	299 
3479	78 
3480	59 
3481	210 
3482	101 
3483	264 
3484	127 
3485	308 
3486	72 
3487	285 
3488	139 
3489	324 
3490	323 
3491	191 
3492	299 
3493	330 
3494	113 
3495	109 
3496	202 
3497	112 
3498	9 
3499	316 
3500	121 
3501	134 
3502	153 
3503	29 
3504	286 
3505	18 
3506	248 
3507	57 
3508	304 
3509	59 
3510	150 
3511	141 
3512	256 
3513	274 
3514	20 
3515	137 
3516	319 
3517	296 
3518	314 
3519	219 
3520	220 
3521	229 
3522	1 
3523	209 
3524	306 
3525	76 
3526	305 
3527	52 
3528	16 
3529	321 
3530	202 
3531	235 
3532	145 
3533	311 
3534	195 
3535	339 
3536	240 
3537	149 
3538	34 
3539	122 
3540	289 
3541	77 
3542	332 
3543	332 
3544	333 
3545	223 
3546	8 
3547	132 
3548	83 
3549	202 
3550	167 
3551	279 
3552	85 
3553	78 
3554	297 
3555	139 
3556	312 
3557	202 
3558	63 
3559	248 
3560	307 
3561	26 
3562	79 
3563	317 
3564	81 
3565	335 
3566	180 
3567	314 
3568	261 
3569	137 
3570	238 
3571	28 
3572	298 
3573	61 
3574	247 
3575	77 
3576	106 
3577	18 
3578	246 
3579	317 
3580	68 
3581	60 
3582	250 
3583	236 
3584	211 
3585	297 
3586	209 
3587	211 
3588	228 
3589	149 
3590	159 
3591	253 
3592	240 
3593	280 
3594	65 
3595	111 
3596	156 
3597	297 
3598	142 
3599	306 
3600	61 
3601	214 
3602	158 
3603	265 
3604	24 
3605	31 
3606	56 
3607	133 
3608	36 
3609	77 
3610	210 
3611	335 
3612	234 
3613	303 
3614	323 
3615	219 
3616	256 
3617	306 
3618	8 
3619	323 
3620	37 
3621	207 
3622	242 
3623	108 
3624	257 
3625	21 
3626	59 
3627	147 
3628	113 
3629	45 
3630	246 
3631	12 
3632	278 
3633	341 
3634	40 
3635	163 
3636	241 
3637	228 
3638	21 
3639	36 
3640	125 
3641	86 
3642	148 
3643	4 
3644	105 
3645	97 
3646	242 
3647	127 
3648	130 
3649	337 
3650	218 
3651	257 
3652	65 
3653	29 
3654	90 
3655	304 
3656	205 
3657	296 
3658	131 
3659	77 
3660	314 
3661	256 
3662	226 
3663	60 
3664	9 
3665	161 
3666	92 
3667	58 
3668	177 
3669	86 
3670	148 
3671	42 
3672	61 
3673	58 
3674	132 
3675	257 
3676	10 
3677	71 
3678	12 
3679	211 
3680	65 
3681	108 
3682	53 
3683	186 
3684	71 
3685	234 
3686	220 
3687	125 
3688	284 
3689	87 
3690	41 
3691	147 
3692	125 
3693	246 
3694	323 
3695	134 
3696	46 
3697	339 
3698	112 
3699	59 
3700	173 
3701	309 
3702	25 
3703	99 
3704	11 
3705	316 
3706	248 
3707	48 
3708	237 
3709	101 
3710	58 
3711	137 
3712	226 
3713	271 
3714	40 
3715	34 
3716	72 
3717	186 
3718	278 
3719	245 
3720	165 
3721	180 
3722	31 
3723	224 
3724	118 
3725	217 
3726	52 
3727	154 
3728	76 
3729	74 
3730	170 
3731	188 
3732	57 
3733	307 
3734	13 
3735	70 
3736	56 
3737	306 
3738	267 
3739	32 
3740	269 
3741	198 
3742	197 
3743	132 
3744	123 
3745	306 
3746	281 
3747	125 
3748	151 
3749	339 
3750	44 
3751	35 
3752	46 
3753	230 
3754	211 
3755	328 
3756	340 
3757	269 
3758	220 
3759	154 
3760	41 
3761	164 
3762	202 
3763	21 
3764	155 
3765	164 
3766	272 
3767	4 
3768	213 
3769	332 
3770	176 
3771	159 
3772	40 
3773	5 
3774	278 
3775	87 
3776	238 
3777	9 
3778	333 
3779	52 
3780	15 
3781	81 
3782	154 
3783	243 
3784	275 
3785	91 
3786	176 
3787	218 
3788	279 
3789	234 
3790	241 
3791	11 
3792	271 
3793	209 
3794	314 
3795	136 
3796	172 
3797	140 
3798	238 
3799	72 
3800	41 
3801	150 
3802	96 
3803	213 
3804	125 
3805	274 
3806	263 
3807	315 
3808	311 
3809	64 
3810	11 
3811	227 
3812	137 
3813	307 
3814	316 
3815	59 
3816	196 
3817	6 
3818	236 
3819	314 
3820	278 
3821	217 
3822	315 
3823	207 
3824	218 
3825	165 
3826	173 
3827	34 
3828	41 
3829	176 
3830	112 
3831	65 
3832	129 
3833	311 
3834	303 
3835	65 
3836	314 
3837	113 
3838	146 
3839	58 
3840	41 
3841	144 
3842	288 
3843	150 
3844	291 
3845	259 
3846	121 
3847	213 
3848	202 
3849	23 
3850	278 
3851	161 
3852	315 
3853	138 
3854	310 
3855	325 
3856	228 
3857	240 
3858	2 
3859	300 
3860	43 
3861	130 
3862	27 
3863	71 
3864	235 
3865	5 
3866	221 
3867	250 
3868	194 
3869	242 
3870	88 
3871	81 
3872	52 
3873	12 
3874	284 
3875	295 
3876	84 
3877	90 
3878	223 
3879	236 
3880	257 
3881	201 
3882	141 
3883	91 
3884	317 
3885	119 
3886	52 
3887	201 
3888	51 
3889	240 
3890	42 
3891	177 
3892	243 
3893	73 
3894	32 
3895	221 
3896	193 
3897	207 
3898	139 
3899	77 
3900	77 
3901	313 
3902	157 
3903	234 
3904	181 
3905	99 
3906	317 
3907	79 
3908	256 
3909	75 
3910	291 
3911	31 
3912	143 
3913	4 
3914	66 
3915	193 
3916	173 
3917	117 
3918	231 
3919	246 
3920	156 
3921	334 
3922	171 
3923	195 
3924	204 
3925	109 
3926	143 
3927	171 
3928	113 
3929	121 
3930	32 
3931	102 
3932	223 
3933	77 
3934	204 
3935	72 
3936	119 
3937	147 
3938	293 
3939	78 
3940	140 
3941	165 
3942	49 
3943	40 
3944	5 
3945	258 
3946	77 
3947	255 
3948	238 
3949	344 
3950	122 
3951	73 
3952	111 
3953	188 
3954	14 
3955	279 
3956	211 
3957	186 
3958	78 
3959	314 
3960	65 
3961	134 
3962	98 
3963	202 
3964	157 
3965	133 
3966	55 
3967	321 
3968	133 
3969	242 
3970	133 
3971	305 
3972	18 
3973	305 
3974	114 
3975	29 
3976	176 
3977	252 
3978	201 
3979	312 
3980	238 
3981	17 
3982	17 
3983	140 
3984	132 
3985	64 
3986	12 
3987	143 
3988	20 
3989	144 
3990	38 
3991	303 
3992	226 
3993	316 
3994	265 
3995	2 
3996	220 
3997	228 
3998	304 
3999	73 
4000	262 
4001	211 
4002	311 
4003	207 
4004	248 
4005	58 
4006	160 
4007	190 
4008	177 
4009	56 
4010	135 
4011	139 
4012	64 
4013	128 
4014	259 
4015	23 
4016	220 
4017	267 
4018	292 
4019	293 
4020	343 
4021	44 
4022	40 
4023	93 
4024	61 
4025	332 
4026	138 
4027	13 
4028	284 
4029	275 
4030	159 
4031	71 
4032	311 
4033	223 
4034	336 
4035	38 
4036	212 
4037	130 
4038	330 
4039	277 
4040	259 
4041	150 
4042	34 
4043	118 
4044	209 
4045	75 
4046	98 
4047	333 
4048	293 
4049	341 
4050	295 
4051	176 
4052	198 
4053	44 
4054	116 
4055	90 
4056	210 
4057	74 
4058	280 
4059	137 
4060	228 
4061	20 
4062	331 
4063	176 
4064	15 
4065	313 
4066	7 
4067	130 
4068	287 
4069	147 
4070	18 
4071	12 
4072	65 
4073	162 
4074	61 
4075	34 
4076	30 
4077	97 
4078	290 
4079	295 
4080	141 
4081	132 
4082	16 
4083	69 
4084	158 
4085	284 
4086	310 
4087	288 
4088	129 
4089	335 
4090	151 
4091	156 
4092	239 
4093	212 
4094	138 
4095	339 
4096	308 
4097	303 
4098	91 
4099	314 
4100	299 
4101	42 
4102	263 
4103	84 
4104	151 
4105	174 
4106	76 
4107	280 
4108	308 
4109	34 
4110	47 
4111	344 
4112	112 
4113	120 
4114	314 
4115	278 
4116	83 
4117	313 
4118	175 
4119	242 
4120	26 
4121	51 
4122	121 
4123	191 
4124	22 
4125	90 
4126	332 
4127	306 
4128	282 
4129	313 
4130	153 
4131	59 
4132	185 
4133	51 
4134	29 
4135	176 
4136	8 
4137	155 
4138	117 
4139	194 
4140	149 
4141	323 
4142	314 
4143	330 
4144	101 
4145	310 
4146	88 
4147	248 
4148	332 
4149	295 
4150	5 
4151	57 
4152	308 
4153	143 
4154	232 
4155	218 
4156	160 
4157	48 
4158	94 
4159	20 
4160	50 
4161	251 
4162	180 
4163	173 
4164	54 
4165	88 
4166	244 
4167	81 
4168	245 
4169	187 
4170	276 
4171	256 
4172	271 
4173	250 
4174	112 
4175	39 
4176	257 
4177	211 
4178	221 
4179	49 
4180	124 
4181	29 
4182	244 
4183	199 
4184	304 
4185	241 
4186	228 
4187	152 
4188	167 
4189	3 
4190	145 
4191	292 
4192	120 
4193	159 
4194	248 
4195	136 
4196	118 
4197	290 
4198	5 
4199	235 
4200	112 
4201	51 
4202	186 
4203	29 
4204	61 
4205	89 
4206	186 
4207	237 
4208	111 
4209	300 
4210	37 
4211	13 
4212	97 
4213	169 
4214	122 
4215	265 
4216	78 
4217	21 
4218	228 
4219	292 
4220	205 
4221	256 
4222	203 
4223	328 
4224	8 
4225	29 
4226	209 
4227	308 
4228	35 
4229	263 
4230	121 
4231	299 
4232	85 
4233	189 
4234	93 
4235	123 
4236	213 
4237	242 
4238	94 
4239	313 
4240	306 
4241	77 
4242	176 
4243	168 
4244	304 
4245	34 
4246	331 
4247	293 
4248	54 
4249	99 
4250	226 
4251	301 
4252	247 
4253	232 
4254	117 
4255	332 
4256	161 
4257	274 
4258	120 
4259	190 
4260	313 
4261	1 
4262	214 
4263	282 
4264	219 
4265	267 
4266	127 
4267	100 
4268	168 
4269	308 
4270	247 
4271	1 
4272	78 
4273	91 
4274	271 
4275	121 
4276	195 
4277	169 
4278	157 
4279	213 
4280	122 
4281	176 
4282	151 
4283	224 
4284	25 
4285	65 
4286	12 
4287	182 
4288	157 
4289	22 
4290	172 
4291	105 
4292	49 
4293	76 
4294	193 
4295	295 
4296	228 
4297	141 
4298	26 
4299	148 
4300	182 
4301	25 
4302	86 
4303	198 
4304	176 
4305	2 
4306	14 
4307	325 
4308	274 
4309	299 
4310	210 
4311	260 
4312	89 
4313	288 
4314	263 
4315	162 
4316	310 
4317	153 
4318	96 
4319	262 
4320	65 
4321	209 
4322	218 
4323	218 
4324	163 
4325	233 
4326	271 
4327	20 
4328	156 
4329	333 
4330	26 
4331	305 
4332	232 
4333	311 
4334	295 
4335	145 
4336	187 
4337	271 
4338	61 
4339	236 
4340	82 
4341	274 
4342	124 
4343	193 
4344	300 
4345	188 
4346	38 
4347	151 
4348	232 
4349	220 
4350	275 
4351	323 
4352	186 
4353	248 
4354	235 
4355	169 
4356	191 
4357	61 
4358	208 
4359	239 
4360	136 
4361	338 
4362	191 
4363	26 
4364	50 
4365	76 
4366	220 
4367	117 
4368	54 
4369	168 
4370	61 
4371	166 
4372	44 
4373	128 
4374	172 
4375	335 
4376	77 
4377	49 
4378	139 
4379	48 
4380	5 
4381	41 
4382	18 
4383	143 
4384	18 
4385	18 
4386	113 
4387	188 
4388	323 
4389	132 
4390	56 
4391	269 
4392	232 
4393	207 
4394	21 
4395	68 
4396	213 
4397	127 
4398	48 
4399	193 
4400	45 
4401	115 
4402	51 
4403	172 
4404	274 
4405	209 
4406	332 
4407	58 
4408	340 
4409	52 
4410	62 
4411	89 
4412	144 
4413	323 
4414	130 
4415	234 
4416	191 
4417	71 
4418	76 
4419	305 
4420	164 
4421	228 
4422	234 
4423	99 
4424	105 
4425	252 
4426	194 
4427	62 
4428	133 
4429	211 
4430	289 
4431	304 
4432	277 
4433	243 
4434	224 
4435	61 
4436	323 
4437	61 
4438	213 
4439	202 
4440	112 
4441	193 
4442	238 
4443	107 
4444	34 
4445	154 
4446	46 
4447	234 
4448	114 
4449	139 
4450	182 
4451	83 
4452	18 
4453	111 
4454	180 
4455	196 
4456	62 
4457	35 
4458	211 
4459	13 
4460	221 
4461	220 
4462	33 
4463	287 
4464	256 
4465	59 
4466	312 
4467	291 
4468	141 
4469	124 
4470	264 
4471	297 
4472	331 
4473	210 
4474	256 
4475	172 
4476	299 
4477	250 
4478	240 
4479	306 
4480	10 
4481	141 
4482	157 
4483	261 
4484	236 
4485	259 
4486	232 
4487	167 
4488	59 
4489	1 
4490	305 
4491	84 
4492	182 
4493	173 
4494	178 
4495	330 
4496	190 
4497	176 
4498	78 
4499	239 
4500	138 
4501	227 
4502	104 
4503	173 
4504	38 
4505	238 
4506	26 
4507	262 
4508	311 
4509	314 
4510	324 
4511	115 
4512	59 
4513	287 
4514	32 
4515	22 
4516	84 
4517	214 
4518	168 
4519	94 
4520	212 
4521	344 
4522	78 
4523	326 
4524	114 
4525	292 
4526	188 
4527	32 
4528	167 
4529	219 
4530	311 
4531	93 
4532	304 
4533	304 
4534	122 
4535	341 
4536	87 
4537	344 
4538	137 
4539	130 
4540	34 
4541	335 
4542	241 
4543	106 
4544	217 
4545	191 
4546	143 
4547	17 
4548	204 
4549	299 
4550	86 
4551	8 
4552	93 
4553	141 
4554	121 
4555	317 
4556	303 
4557	172 
4558	157 
4559	66 
4560	125 
4561	42 
4562	58 
4563	133 
4564	42 
4565	282 
4566	15 
4567	98 
4568	80 
4569	84 
4570	296 
4571	273 
4572	93 
4573	226 
4574	87 
4575	244 
4576	158 
4577	332 
4578	98 
4579	115 
4580	202 
4581	239 
4582	13 
4583	122 
4584	128 
4585	42 
4586	209 
4587	296 
4588	145 
4589	61 
4590	334 
4591	242 
4592	18 
4593	62 
4594	66 
4595	260 
4596	277 
4597	117 
4598	229 
4599	4 
4600	240 
4601	281 
4602	321 
4603	201 
4604	278 
4605	141 
4606	1 
4607	62 
4608	228 
4609	171 
4610	247 
4611	208 
4612	109 
4613	208 
4614	219 
4615	208 
4616	334 
4617	56 
4618	156 
4619	182 
4620	196 
4621	35 
4622	67 
4623	39 
4624	19 
4625	80 
4626	157 
4627	74 
4628	131 
4629	138 
4630	331 
4631	140 
4632	202 
4633	190 
4634	106 
4635	86 
4636	96 
4637	56 
4638	276 
4639	323 
4640	344 
4641	203 
4642	267 
4643	314 
4644	282 
4645	19 
4646	15 
4647	85 
4648	261 
4649	203 
4650	226 
4651	39 
4652	77 
4653	186 
4654	41 
4655	133 
4656	146 
4657	323 
4658	315 
4659	216 
4660	86 
4661	72 
4662	208 
4663	62 
4664	151 
4665	60 
4666	279 
4667	244 
4668	209 
4669	274 
4670	308 
4671	296 
4672	219 
4673	91 
4674	90 
4675	141 
4676	186 
4677	178 
4678	264 
4679	155 
4680	38 
4681	342 
4682	232 
4683	69 
4684	14 
4685	129 
4686	241 
4687	22 
4688	59 
4689	62 
4690	304 
4691	219 
4692	82 
4693	38 
4694	251 
4695	259 
4696	41 
4697	5 
4698	39 
4699	157 
4700	28 
4701	338 
4702	36 
4703	191 
4704	141 
4705	333 
4706	107 
4707	22 
4708	194 
4709	114 
4710	234 
4711	141 
4712	211 
4713	134 
4714	86 
4715	335 
4716	101 
4717	33 
4718	314 
4719	90 
4720	118 
4721	323 
4722	245 
4723	129 
4724	40 
4725	342 
4726	312 
4727	127 
4728	309 
4729	178 
4730	113 
4731	109 
4732	317 
4733	333 
4734	3 
4735	97 
4736	154 
4737	157 
4738	281 
4739	23 
4740	117 
4741	162 
4742	266 
4743	62 
4744	38 
4745	260 
4746	311 
4747	240 
4748	87 
4749	204 
4750	344 
4751	282 
4752	227 
4753	310 
4754	34 
4755	276 
4756	243 
4757	93 
4758	220 
4759	87 
4760	210 
4761	310 
4762	18 
4763	274 
4764	218 
4765	147 
4766	100 
4767	175 
4768	154 
4769	232 
4770	131 
4771	260 
4772	275 
4773	314 
4774	14 
4775	146 
4776	87 
4777	131 
4778	151 
4779	280 
4780	87 
4781	303 
4782	206 
4783	27 
4784	65 
4785	44 
4786	40 
4787	4 
4788	181 
4789	185 
4790	38 
4791	41 
4792	83 
4793	295 
4794	271 
4795	55 
4796	185 
4797	49 
4798	153 
4799	316 
4800	194 
4801	121 
4802	52 
4803	14 
4804	260 
4805	176 
4806	159 
4807	179 
4808	77 
4809	45 
4810	278 
4811	197 
4812	328 
4813	325 
4814	84 
4815	278 
4816	202 
4817	44 
4818	195 
4819	260 
4820	71 
4821	247 
4822	123 
4823	94 
4824	301 
4825	234 
4826	86 
4827	194 
4828	240 
4829	304 
4830	208 
4831	39 
4832	265 
4833	191 
4834	186 
4835	201 
4836	304 
4837	35 
4838	179 
4839	193 
4840	154 
4841	132 
4842	76 
4843	125 
4844	12 
4845	15 
4846	238 
4847	306 
4848	128 
4849	160 
4850	192 
4851	306 
4852	214 
4853	27 
4854	18 
4855	283 
4856	59 
4857	335 
4858	91 
4859	270 
4860	273 
4861	90 
4862	311 
4863	28 
4864	147 
4865	174 
4866	160 
4867	68 
4868	86 
4869	250 
4870	112 
4871	335 
4872	220 
4873	76 
4874	290 
4875	69 
4876	335 
4877	73 
4878	1 
4879	298 
4880	161 
4881	73 
4882	134 
4883	308 
4884	90 
4885	335 
4886	59 
4887	306 
4888	236 
4889	50 
4890	251 
4891	188 
4892	4 
4893	76 
4894	333 
4895	207 
4896	318 
4897	226 
4898	194 
4899	171 
4900	34 
4901	119 
4902	82 
4903	61 
4904	202 
4905	187 
4906	325 
4907	334 
4908	94 
4909	138 
4910	78 
4911	246 
4912	43 
4913	146 
4914	83 
4915	55 
4916	18 
4917	275 
4918	288 
4919	22 
4920	42 
4921	107 
4922	191 
4923	32 
4924	205 
4925	198 
4926	113 
4927	11 
4928	171 
4929	41 
4930	119 
4931	308 
4932	113 
4933	153 
4934	186 
4935	76 
4936	301 
4937	240 
4938	34 
4939	115 
4940	26 
4941	279 
4942	72 
4943	102 
4944	193 
4945	210 
4946	93 
4947	335 
4948	33 
4949	315 
4950	162 
4951	210 
4952	273 
4953	12 
4954	274 
4955	291 
4956	333 
4957	56 
4958	157 
4959	40 
4960	229 
4961	107 
4962	262 
4963	332 
4964	44 
4965	211 
4966	96 
4967	309 
4968	226 
4969	72 
4970	178 
4971	301 
4972	262 
4973	60 
4974	334 
4975	140 
4976	9 
4977	26 
4978	87 
4979	62 
4980	20 
4981	220 
4982	242 
4983	140 
4984	90 
4985	45 
4986	265 
4987	66 
4988	22 
4989	292 
4990	247 
4991	5 
4992	260 
4993	157 
4994	58 
4995	131 
4996	293 
4997	19 
4998	109 
4999	138 
5000	219 
5001	80 
5002	178 
5003	306 
5004	155 
5005	261 
5006	74 
5007	246 
5008	194 
5009	151 
5010	241 
5011	176 
5012	311 
5013	140 
5014	83 
5015	305 
5016	295 
5017	119 
5018	64 
5019	41 
5020	36 
5021	269 
5022	30 
5023	166 
5024	111 
5025	157 
5026	314 
5027	170 
5028	210 
5029	340 
5030	63 
5031	171 
5032	27 
5033	300 
5034	146 
5035	80 
5036	110 
5037	240 
5038	197 
5039	236 
5040	42 
5041	11 
5042	119 
5043	101 
5044	18 
5045	164 
5046	28 
5047	292 
5048	113 
5049	298 
5050	135 
5051	220 
5052	202 
5053	128 
5054	174 
5055	220 
5056	128 
5057	126 
5058	102 
5059	211 
5060	233 
5061	3 
5062	26 
5063	244 
5064	212 
5065	187 
5066	69 
5067	228 
5068	48 
5069	279 
5070	324 
5071	142 
5072	174 
5073	240 
5074	37 
5075	137 
5076	18 
5077	228 
5078	150 
5079	303 
5080	311 
5081	209 
5082	4 
5083	211 
5084	77 
5085	56 
5086	131 
5087	121 
5088	49 
5089	60 
5090	182 
5091	158 
5092	134 
5093	287 
5094	93 
5095	60 
5096	4 
5097	296 
5098	262 
5099	27 
5100	142 
5101	15 
5102	6 
5103	5 
5104	196 
5105	146 
5106	159 
5107	146 
5108	276 
5109	120 
5110	256 
5111	76 
5112	273 
5113	14 
5114	172 
5115	236 
5116	299 
5117	168 
5118	6 
5119	171 
5120	22 
5121	59 
5122	34 
5123	224 
5124	119 
5125	204 
5126	344 
5127	236 
5128	308 
5129	281 
5130	13 
5131	129 
5132	261 
5133	37 
5134	274 
5135	140 
5136	303 
5137	299 
5138	246 
5139	283 
5140	321 
5141	143 
5142	136 
5143	63 
5144	139 
5145	26 
5146	46 
5147	300 
5148	114 
5149	97 
5150	247 
5151	226 
5152	51 
5153	273 
5154	4 
5155	167 
5156	147 
5157	125 
5158	246 
5159	210 
5160	231 
5161	195 
5162	194 
5163	20 
5164	228 
5165	233 
5166	121 
5167	277 
5168	123 
5169	181 
5170	167 
5171	151 
5172	306 
5173	271 
5174	48 
5175	2 
5176	335 
5177	189 
5178	15 
5179	123 
5180	207 
5181	91 
5182	271 
5183	11 
5184	316 
5185	45 
5186	324 
5187	52 
5188	155 
5189	191 
5190	140 
5191	211 
5192	185 
5193	140 
5194	21 
5195	18 
5196	144 
5197	217 
5198	120 
5199	114 
5200	40 
5201	141 
5202	304 
5203	32 
5204	30 
5205	337 
5206	112 
5207	312 
5208	172 
5209	4 
5210	65 
5211	1 
5212	81 
5213	209 
5214	246 
5215	231 
5216	199 
5217	220 
5218	306 
5219	303 
5220	66 
5221	31 
5222	185 
5223	160 
5224	313 
5225	266 
5226	79 
5227	45 
5228	99 
5229	17 
5230	303 
5231	139 
5232	226 
5233	135 
5234	300 
5235	211 
5236	281 
5237	160 
5238	4 
5239	293 
5240	196 
5241	140 
5242	91 
5243	73 
5244	221 
5245	196 
5246	260 
5247	21 
5248	64 
5249	146 
5250	143 
5251	176 
5252	107 
5253	206 
5254	177 
5255	208 
5256	54 
5257	331 
5258	156 
5259	227 
5260	227 
5261	298 
5262	151 
5263	303 
5264	77 
5265	244 
5266	236 
5267	80 
5268	121 
5269	311 
5270	212 
5271	83 
5272	132 
5273	50 
5274	270 
5275	325 
5276	140 
5277	20 
5278	120 
5279	298 
5280	155 
5281	84 
5282	245 
5283	227 
5284	19 
5285	1 
5286	251 
5287	319 
5288	250 
5289	23 
5290	139 
5291	321 
5292	159 
5293	334 
5294	338 
5295	6 
5296	236 
5297	104 
5298	68 
5299	131 
5300	330 
5301	303 
5302	94 
5303	84 
5304	226 
5305	342 
5306	5 
5307	157 
5308	160 
5309	130 
5310	220 
5311	303 
5312	263 
5313	248 
5314	217 
5315	228 
5316	339 
5317	240 
5318	122 
5319	299 
5320	17 
5321	194 
5322	48 
5323	106 
5324	284 
5325	167 
5326	311 
5327	246 
5328	240 
5329	304 
5330	242 
5331	220 
5332	217 
5333	29 
5334	60 
5335	146 
5336	241 
5337	319 
5338	311 
5339	295 
5340	291 
5341	119 
5342	311 
5343	291 
5344	142 
5345	55 
5346	83 
5347	113 
5348	84 
5349	130 
5350	213 
5351	242 
5352	1 
5353	152 
5354	306 
5355	86 
5356	131 
5357	62 
5358	138 
5359	65 
5360	292 
5361	47 
5362	114 
5363	242 
5364	268 
5365	203 
5366	134 
5367	112 
5368	120 
5369	262 
5370	339 
5371	6 
5372	43 
5373	185 
5374	209 
5375	281 
5376	297 
5377	121 
5378	203 
5379	8 
5380	241 
5381	309 
5382	53 
5383	81 
5384	67 
5385	303 
5386	219 
5387	26 
5388	276 
5389	58 
5390	87 
5391	167 
5392	331 
5393	127 
5394	167 
5395	261 
5396	125 
5397	101 
5398	96 
5399	185 
5400	154 
5401	119 
5402	265 
5403	49 
5404	76 
5405	152 
5406	216 
5407	34 
5408	224 
5409	244 
5410	5 
5411	144 
5412	75 
5413	189 
5414	1 
5415	341 
5416	198 
5417	299 
5418	34 
5419	207 
5420	214 
5421	282 
5422	185 
5423	4 
5424	147 
5425	291 
5426	33 
5427	84 
5428	340 
5429	206 
5430	36 
5431	262 
5432	340 
5433	163 
5434	247 
5435	181 
5436	273 
5437	20 
5438	218 
5439	319 
5440	264 
5441	217 
5442	38 
5443	267 
5444	195 
5445	65 
5446	141 
5447	159 
5448	26 
5449	275 
5450	247 
5451	140 
5452	229 
5453	71 
5454	23 
5455	282 
5456	14 
5457	6 
5458	11 
5459	197 
5460	301 
5461	172 
5462	309 
5463	18 
5464	147 
5465	125 
5466	256 
5467	98 
5468	244 
5469	251 
5470	330 
5471	38 
5472	86 
5473	189 
5474	139 
5475	305 
5476	48 
5477	27 
5478	304 
5479	133 
5480	266 
5481	116 
5482	234 
5483	170 
5484	77 
5485	288 
5486	303 
5487	34 
5488	273 
5489	38 
5490	60 
5491	242 
5492	197 
5493	143 
5494	172 
5495	122 
5496	287 
5497	299 
5498	129 
5499	101 
5500	64 
5501	282 
5502	34 
5503	130 
5504	304 
5505	104 
5506	163 
5507	299 
5508	340 
5509	341 
5510	333 
5511	217 
5512	138 
5513	81 
5514	27 
5515	312 
5516	339 
5517	344 
5518	298 
5519	144 
5520	89 
5521	241 
5522	53 
5523	56 
5524	245 
5525	279 
5526	236 
5527	211 
5528	168 
5529	299 
5530	321 
5531	56 
5532	96 
5533	213 
5534	163 
5535	288 
5536	144 
5537	9 
5538	221 
5539	84 
5540	126 
5541	132 
5542	209 
5543	145 
5544	163 
5545	61 
5546	109 
5547	187 
5548	323 
5549	22 
5550	109 
5551	209 
5552	335 
5553	198 
5554	311 
5555	321 
5556	314 
5557	276 
5558	22 
5559	235 
5560	330 
5561	107 
5562	295 
5563	96 
5564	29 
5565	136 
5566	168 
5567	231 
5568	107 
5569	319 
5570	169 
5571	267 
5572	77 
5573	206 
5574	88 
5575	148 
5576	218 
5577	94 
5578	40 
5579	244 
5580	158 
5581	176 
5582	219 
5583	209 
5584	332 
5585	93 
5586	342 
5587	89 
5588	122 
5589	90 
5590	83 
5591	241 
5592	87 
5593	157 
5594	295 
5595	306 
5596	187 
5597	340 
5598	299 
5599	112 
5600	291 
5601	169 
5602	238 
5603	166 
5604	168 
5605	218 
5606	1 
5607	60 
5608	2 
5609	276 
5610	12 
5611	332 
5612	216 
5613	84 
5614	49 
5615	319 
5616	265 
5617	318 
5618	335 
5619	332 
5620	148 
5621	40 
5622	187 
5623	4 
5624	25 
5625	39 
5626	236 
5627	56 
5628	53 
5629	287 
5630	211 
5631	34 
5632	233 
5633	89 
5634	11 
5635	48 
5636	319 
5637	30 
5638	46 
5639	313 
5640	122 
5641	213 
5642	269 
5643	164 
5644	77 
5645	18 
5646	318 
5647	4 
5648	133 
5649	196 
5650	11 
5651	186 
5652	206 
5653	148 
5654	244 
5655	315 
5656	81 
5657	102 
5658	180 
5659	49 
5660	89 
5661	6 
5662	75 
5663	94 
5664	142 
5665	136 
5666	178 
5667	23 
5668	264 
5669	118 
5670	220 
5671	306 
5672	344 
5673	116 
5674	58 
5675	113 
5676	209 
5677	269 
5678	4 
5679	30 
5680	107 
5681	178 
5682	14 
5683	121 
5684	43 
5685	113 
5686	224 
5687	121 
5688	137 
5689	271 
5690	30 
5691	77 
5692	233 
5693	36 
5694	178 
5695	6 
5696	30 
5697	304 
5698	211 
5699	141 
5700	82 
5701	152 
5702	202 
5703	178 
5704	201 
5705	176 
5706	191 
5707	178 
5708	76 
5709	313 
5710	151 
5711	2 
5712	297 
5713	22 
5714	325 
5715	35 
5716	106 
5717	268 
5718	168 
5719	135 
5720	304 
5721	204 
5722	87 
5723	32 
5724	107 
5725	32 
5726	98 
5727	19 
5728	140 
5729	208 
5730	104 
5731	82 
5732	99 
5733	10 
5734	196 
5735	332 
5736	150 
5737	128 
5738	186 
5739	204 
5740	10 
5741	179 
5742	28 
5743	288 
5744	202 
5745	3 
5746	139 
5747	102 
5748	44 
5749	291 
5750	49 
5751	167 
5752	323 
5753	36 
5754	75 
5755	306 
5756	186 
5757	240 
5758	326 
5759	284 
5760	50 
5761	58 
5762	122 
5763	152 
5764	262 
5765	318 
5766	296 
5767	312 
5768	217 
5769	238 
5770	164 
5771	232 
5772	56 
5773	171 
5774	62 
5775	337 
5776	49 
5777	169 
5778	91 
5779	60 
5780	262 
5781	59 
5782	65 
5783	61 
5784	227 
5785	125 
5786	41 
5787	337 
5788	27 
5789	145 
5790	113 
5791	53 
5792	288 
5793	143 
5794	316 
5795	305 
5796	233 
5797	178 
5798	158 
5799	38 
5800	133 
5801	241 
5802	19 
5803	186 
5804	121 
5805	145 
5806	78 
5807	265 
5808	202 
5809	89 
5810	334 
5811	332 
5812	186 
5813	44 
5814	139 
5815	18 
5816	216 
5817	303 
5818	242 
5819	212 
5820	68 
5821	26 
5822	232 
5823	130 
5824	295 
5825	303 
5826	116 
5827	303 
5828	186 
5829	65 
5830	216 
5831	132 
5832	244 
5833	29 
5834	82 
5835	86 
5836	144 
5837	140 
5838	241 
5839	228 
5840	238 
5841	67 
5842	299 
5843	147 
5844	149 
5845	97 
5846	97 
5847	7 
5848	344 
5849	31 
5850	32 
5851	248 
5852	45 
5853	298 
5854	1 
5855	65 
5856	147 
5857	303 
5858	119 
5859	303 
5860	102 
5861	2 
5862	77 
5863	77 
5864	341 
5865	64 
5866	334 
5867	122 
5868	188 
5869	75 
5870	6 
5871	120 
5872	231 
5873	197 
5874	38 
5875	337 
5876	48 
5877	6 
5878	196 
5879	275 
5880	303 
5881	240 
5882	168 
5883	238 
5884	62 
5885	59 
5886	121 
5887	97 
5888	141 
5889	15 
5890	26 
5891	26 
5892	201 
5893	179 
5894	247 
5895	142 
5896	32 
5897	48 
5898	306 
5899	75 
5900	138 
5901	306 
5902	62 
5903	88 
5904	303 
5905	166 
5906	274 
5907	250 
5908	256 
5909	208 
5910	338 
5911	284 
5912	106 
5913	139 
5914	176 
5915	213 
5916	163 
5917	87 
5918	332 
5919	188 
5920	145 
5921	217 
5922	291 
5923	76 
5924	323 
5925	179 
5926	243 
5927	1 
5928	208 
5929	261 
5930	262 
5931	298 
5932	80 
5933	325 
5934	238 
5935	142 
5936	88 
5937	65 
5938	338 
5939	56 
5940	87 
5941	12 
5942	157 
5943	134 
5944	303 
5945	282 
5946	112 
5947	341 
5948	26 
5949	79 
5950	176 
5951	293 
5952	71 
5953	20 
5954	313 
5955	306 
5956	125 
5957	217 
5958	59 
5959	256 
5960	167 
5961	273 
5962	213 
5963	140 
5964	117 
5965	65 
5966	242 
5967	193 
5968	189 
5969	185 
5970	128 
5971	268 
5972	61 
5973	208 
5974	38 
5975	123 
5976	313 
5977	132 
5978	227 
5979	52 
5980	93 
5981	51 
5982	34 
5983	86 
5984	99 
5985	171 
5986	164 
5987	133 
5988	314 
5989	171 
5990	314 
5991	147 
5992	228 
5993	23 
5994	198 
5995	31 
5996	50 
5997	38 
5998	143 
5999	288 
6000	201 
6001	120 
6002	101 
6003	193 
6004	229 
6005	116 
6006	176 
6007	58 
6008	17 
6009	179 
6010	178 
6011	216 
6012	47 
6013	226 
6014	118 
6015	331 
6016	44 
6017	71 
6018	260 
6019	131 
6020	232 
6021	308 
6022	306 
6023	323 
6024	156 
6025	191 
6026	44 
6027	194 
6028	114 
6029	47 
6030	40 
6031	169 
6032	148 
6033	330 
6034	18 
6035	15 
6036	295 
6037	59 
6038	10 
6039	74 
6040	158 
6041	284 
6042	199 
6043	211 
6044	326 
6045	110 
6046	58 
6047	169 
6048	143 
6049	117 
6050	268 
6051	10 
6052	104 
6053	148 
6054	283 
6055	141 
6056	8 
6057	186 
6058	143 
6059	129 
6060	26 
6061	25 
6062	288 
6063	306 
6064	122 
6065	338 
6066	335 
6067	129 
6068	138 
6069	246 
6070	18 
6071	114 
6072	299 
6073	198 
6074	318 
6075	189 
6076	93 
6077	248 
6078	32 
6079	185 
6080	113 
6081	202 
6082	330 
6083	314 
6084	185 
6085	114 
6086	220 
6087	6 
6088	275 
6089	227 
6090	226 
6091	146 
6092	154 
6093	49 
6094	311 
6095	69 
6096	169 
6097	115 
6098	337 
6099	241 
6100	17 
6101	38 
6102	195 
6103	121 
6104	325 
6105	245 
6106	325 
6107	296 
6108	156 
6109	247 
6110	229 
6111	132 
6112	160 
6113	110 
6114	193 
6115	112 
6116	35 
6117	65 
6118	45 
6119	77 
6120	35 
6121	128 
6122	163 
6123	35 
6124	214 
6125	143 
6126	171 
6127	156 
6128	131 
6129	251 
6130	295 
6131	179 
6132	60 
6133	219 
6134	157 
6135	156 
6136	204 
6137	261 
6138	104 
6139	342 
6140	144 
6141	241 
6142	139 
6143	275 
6144	12 
6145	34 
6146	296 
6147	66 
6148	297 
6149	187 
6150	43 
6151	179 
6152	339 
6153	288 
6154	220 
6155	72 
6156	109 
6157	309 
6158	268 
6159	125 
6160	232 
6161	196 
6162	50 
6163	248 
6164	129 
6165	75 
6166	220 
6167	62 
6168	271 
6169	35 
6170	110 
6171	47 
6172	207 
6173	167 
6174	339 
6175	220 
6176	227 
6177	69 
6178	138 
6179	224 
6180	308 
6181	89 
6182	15 
6183	323 
6184	93 
6185	268 
6186	281 
6187	44 
6188	67 
6189	188 
6190	315 
6191	229 
6192	248 
6193	65 
6194	90 
6195	178 
6196	293 
6197	201 
6198	74 
6199	107 
6200	87 
6201	226 
6202	193 
6203	150 
6204	7 
6205	245 
6206	79 
6207	41 
6208	306 
6209	236 
6210	12 
6211	78 
6212	187 
6213	102 
6214	248 
6215	273 
6216	75 
6217	107 
6218	342 
6219	315 
6220	333 
6221	171 
6222	34 
6223	17 
6224	77 
6225	112 
6226	181 
6227	66 
6228	19 
6229	146 
6230	233 
6231	136 
6232	19 
6233	36 
6234	125 
6235	136 
6236	217 
6237	278 
6238	198 
6239	38 
6240	187 
6241	78 
6242	33 
6243	99 
6244	211 
6245	104 
6246	86 
6247	213 
6248	340 
6249	299 
6250	281 
6251	19 
6252	86 
6253	6 
6254	34 
6255	73 
6256	135 
6257	236 
6258	229 
6259	218 
6260	221 
6261	238 
6262	227 
6263	264 
6264	168 
6265	65 
6266	138 
6267	35 
6268	281 
6269	326 
6270	82 
6271	43 
6272	143 
6273	76 
6274	334 
6275	308 
6276	27 
6277	246 
6278	206 
6279	202 
6280	298 
6281	251 
6282	29 
6283	98 
6284	4 
6285	311 
6286	102 
6287	311 
6288	79 
6289	264 
6290	93 
6291	44 
6292	308 
6293	138 
6294	84 
6295	44 
6296	98 
6297	1 
6298	48 
6299	113 
6300	305 
6301	168 
6302	93 
6303	241 
6304	141 
6305	292 
6306	261 
6307	128 
6308	114 
6309	332 
6310	332 
6311	112 
6312	130 
6313	288 
6314	227 
6315	199 
6316	265 
6317	208 
6318	246 
6319	167 
6320	241 
6321	122 
6322	48 
6323	59 
6324	138 
6325	135 
6326	141 
6327	296 
6328	342 
6329	170 
6330	37 
6331	218 
6332	278 
6333	75 
6334	140 
6335	278 
6336	324 
6337	234 
6338	280 
6339	67 
6340	189 
6341	317 
6342	42 
6343	126 
6344	174 
6345	55 
6346	1 
6347	126 
6348	52 
6349	338 
6350	45 
6351	219 
6352	107 
6353	168 
6354	157 
6355	84 
6356	104 
6357	106 
6358	122 
6359	25 
6360	69 
6361	301 
6362	338 
6363	43 
6364	335 
6365	33 
6366	304 
6367	39 
6368	186 
6369	134 
6370	147 
6371	296 
6372	68 
6373	271 
6374	1 
6375	304 
6376	62 
6377	212 
6378	337 
6379	19 
6380	155 
6381	191 
6382	261 
6383	216 
6384	59 
6385	242 
6386	309 
6387	298 
6388	246 
6389	172 
6390	102 
6391	33 
6392	303 
6393	197 
6394	34 
6395	305 
6396	7 
6397	7 
6398	89 
6399	308 
6400	110 
6401	97 
6402	145 
6403	314 
6404	220 
6405	315 
6406	274 
6407	306 
6408	104 
6409	143 
6410	231 
6411	58 
6412	220 
6413	214 
6414	195 
6415	256 
6416	88 
6417	36 
6418	121 
6419	34 
6420	306 
6421	33 
6422	280 
6423	133 
6424	342 
6425	17 
6426	333 
6427	110 
6428	189 
6429	241 
6430	335 
6431	182 
6432	119 
6433	189 
6434	62 
6435	305 
6436	73 
6437	45 
6438	263 
6439	303 
6440	143 
6441	35 
6442	261 
6443	309 
6444	189 
6445	299 
6446	158 
6447	332 
6448	303 
6449	130 
6450	242 
6451	314 
6452	75 
6453	65 
6454	156 
6455	53 
6456	313 
6457	115 
6458	335 
6459	194 
6460	246 
6461	58 
6462	122 
6463	262 
6464	288 
6465	19 
6466	122 
6467	284 
6468	96 
6469	58 
6470	281 
6471	284 
6472	61 
6473	242 
6474	146 
6475	290 
6476	6 
6477	220 
6478	146 
6479	113 
6480	38 
6481	78 
6482	260 
6483	79 
6484	206 
6485	344 
6486	283 
6487	48 
6488	334 
6489	282 
6490	121 
6491	38 
6492	49 
6493	297 
6494	260 
6495	291 
6496	38 
6497	191 
6498	264 
6499	250 
6500	117 
6501	117 
6502	178 
6503	201 
6504	89 
6505	244 
6506	244 
6507	62 
6508	202 
6509	128 
6510	146 
6511	300 
6512	147 
6513	114 
6514	193 
6515	29 
6516	208 
6517	211 
6518	1 
6519	34 
6520	281 
6521	260 
6522	314 
6523	196 
6524	245 
6525	324 
6526	36 
6527	154 
6528	102 
6529	23 
6530	4 
6531	113 
6532	71 
6533	227 
6534	202 
6535	122 
6536	298 
6537	77 
6538	139 
6539	87 
6540	30 
6541	49 
6542	265 
6543	195 
6544	119 
6545	330 
6546	122 
6547	76 
6548	334 
6549	220 
6550	305 
6551	34 
6552	34 
6553	236 
6554	339 
6555	145 
6556	260 
6557	181 
6558	246 
6559	226 
6560	213 
6561	323 
6562	164 
6563	275 
6564	37 
6565	71 
6566	172 
6567	125 
6568	213 
6569	171 
6570	275 
6571	244 
6572	113 
6573	206 
6574	338 
6575	45 
6576	10 
6577	119 
6578	281 
6579	344 
6580	202 
6581	193 
6582	207 
6583	139 
6584	325 
6585	323 
6586	284 
6587	60 
6588	35 
6589	148 
6590	53 
6591	1 
6592	185 
6593	261 
6594	211 
6595	169 
6596	238 
6597	121 
6598	101 
6599	160 
6600	303 
6601	296 
6602	279 
6603	4 
6604	148 
6605	128 
6606	261 
6607	202 
6608	224 
6609	49 
6610	295 
6611	150 
6612	115 
6613	77 
6614	84 
6615	204 
6616	87 
6617	247 
6618	117 
6619	80 
6620	332 
6621	287 
6622	93 
6623	49 
6624	335 
6625	138 
6626	23 
6627	248 
6628	247 
6629	172 
6630	193 
6631	203 
6632	110 
6633	159 
6634	282 
6635	261 
6636	241 
6637	149 
6638	154 
6639	136 
6640	91 
6641	326 
6642	208 
6643	37 
6644	79 
6645	221 
6646	79 
6647	22 
6648	90 
6649	247 
6650	299 
6651	217 
6652	227 
6653	88 
6654	211 
6655	244 
6656	38 
6657	209 
6658	99 
6659	38 
6660	278 
6661	139 
6662	60 
6663	224 
6664	226 
6665	283 
6666	191 
6667	125 
6668	142 
6669	62 
6670	80 
6671	297 
6672	69 
6673	295 
6674	201 
6675	241 
6676	65 
6677	98 
6678	130 
6679	2 
6680	90 
6681	157 
6682	283 
6683	167 
6684	198 
6685	155 
6686	224 
6687	93 
6688	94 
6689	250 
6690	142 
6691	56 
6692	44 
6693	114 
6694	211 
6695	236 
6696	136 
6697	133 
6698	23 
6699	214 
6700	280 
6701	11 
6702	172 
6703	145 
6704	213 
6705	228 
6706	242 
6707	104 
6708	187 
6709	32 
6710	293 
6711	6 
6712	7 
6713	114 
6714	130 
6715	136 
6716	133 
6717	62 
6718	311 
6719	304 
6720	233 
6721	32 
6722	136 
6723	176 
6724	287 
6725	93 
6726	208 
6727	301 
6728	111 
6729	44 
6730	71 
6731	48 
6732	20 
6733	283 
6734	241 
6735	334 
6736	211 
6737	41 
6738	141 
6739	216 
6740	224 
6741	168 
6742	246 
6743	15 
6744	49 
6745	224 
6746	62 
6747	144 
6748	207 
6749	209 
6750	157 
6751	276 
6752	248 
6753	305 
6754	11 
6755	109 
6756	234 
6757	60 
6758	64 
6759	40 
6760	330 
6761	168 
6762	4 
6763	271 
6764	236 
6765	268 
6766	176 
6767	221 
6768	160 
6769	226 
6770	206 
6771	300 
6772	90 
6773	246 
6774	27 
6775	242 
6776	114 
6777	79 
6778	94 
6779	245 
6780	34 
6781	167 
6782	94 
6783	273 
6784	126 
6785	241 
6786	256 
6787	87 
6788	121 
6789	116 
6790	122 
6791	280 
6792	30 
6793	11 
6794	303 
6795	130 
6796	186 
6797	93 
6798	211 
6799	93 
6800	282 
6801	315 
6802	300 
6803	171 
6804	218 
6805	26 
6806	304 
6807	123 
6808	194 
6809	274 
6810	44 
6811	69 
6812	154 
6813	99 
6814	227 
6815	11 
6816	117 
6817	216 
6818	126 
6819	261 
6820	276 
6821	30 
6822	39 
6823	337 
6824	49 
6825	245 
6826	143 
6827	4 
6828	87 
6829	293 
6830	202 
6831	199 
6832	160 
6833	256 
6834	274 
6835	123 
6836	94 
6837	150 
6838	14 
6839	300 
6840	5 
6841	12 
6842	234 
6843	107 
6844	93 
6845	282 
6846	194 
6847	5 
6848	86 
6849	229 
6850	298 
6851	209 
6852	122 
6853	344 
6854	58 
6855	171 
6856	308 
6857	196 
6858	211 
6859	5 
6860	313 
6861	176 
6862	296 
6863	89 
6864	125 
6865	45 
6866	203 
6867	295 
6868	296 
6869	59 
6870	111 
6871	298 
6872	143 
6873	114 
6874	218 
6875	280 
6876	139 
6877	325 
6878	247 
6879	313 
6880	26 
6881	56 
6882	48 
6883	295 
6884	234 
6885	194 
6886	37 
6887	77 
6888	196 
6889	264 
6890	9 
6891	264 
6892	7 
6893	281 
6894	113 
6895	129 
6896	335 
6897	1 
6898	238 
6899	1 
6900	303 
6901	198 
6902	306 
6903	129 
6904	332 
6905	6 
6906	344 
6907	241 
6908	208 
6909	128 
6910	84 
6911	37 
6912	156 
6913	131 
6914	314 
6915	220 
6916	35 
6917	287 
6918	49 
6919	191 
6920	338 
6921	101 
6922	122 
6923	256 
6924	66 
6925	5 
6926	306 
6927	292 
6928	246 
6929	324 
6930	64 
6931	78 
6932	273 
6933	155 
6934	27 
6935	292 
6936	211 
6937	130 
6938	188 
6939	30 
6940	240 
6941	202 
6942	36 
6943	155 
6944	20 
6945	44 
6946	202 
6947	141 
6948	20 
6949	135 
6950	4 
6951	212 
6952	23 
6953	250 
6954	281 
6955	276 
6956	143 
6957	298 
6958	65 
6959	308 
6960	146 
6961	198 
6962	339 
6963	77 
6964	4 
6965	160 
6966	58 
6967	330 
6968	155 
6969	6 
6970	281 
6971	332 
6972	138 
6973	59 
6974	141 
6975	137 
6976	117 
6977	139 
6978	144 
6979	71 
6980	168 
6981	282 
6982	188 
6983	139 
6984	278 
6985	33 
6986	96 
6987	233 
6988	238 
6989	314 
6990	290 
6991	38 
6992	133 
6993	339 
6994	147 
6995	167 
6996	17 
6997	231 
6998	83 
6999	125 
7000	341 
7001	104 
7002	46 
7003	185 
7004	306 
7005	45 
7006	38 
7007	241 
7008	311 
7009	38 
7010	156 
7011	303 
7012	93 
7013	262 
7014	276 
7015	58 
7016	232 
7017	128 
7018	116 
7019	38 
7020	204 
7021	309 
7022	199 
7023	229 
7024	304 
7025	12 
7026	326 
7027	59 
7028	203 
7029	274 
7030	72 
7031	176 
7032	186 
7033	298 
7034	122 
7035	122 
7036	60 
7037	98 
7038	87 
7039	248 
7040	66 
7041	22 
7042	265 
7043	147 
7044	146 
7045	210 
7046	236 
7047	114 
7048	94 
7049	62 
7050	35 
7051	146 
7052	48 
7053	62 
7054	48 
7055	48 
7056	38 
7057	201 
7058	132 
7059	274 
7060	193 
7061	167 
7062	44 
7063	304 
7064	245 
7065	293 
7066	248 
7067	281 
7068	31 
7069	110 
7070	194 
7071	278 
7072	83 
7073	194 
7074	186 
7075	32 
7076	72 
7077	107 
7078	102 
7079	199 
7080	80 
7081	198 
7082	228 
7083	185 
7084	287 
7085	292 
7086	48 
7087	232 
7088	341 
7089	181 
7090	140 
7091	1 
7092	206 
7093	7 
7094	17 
7095	35 
7096	224 
7097	311 
7098	139 
7099	59 
7100	41 
7101	37 
7102	276 
7103	45 
7104	33 
7105	274 
7106	280 
7107	201 
7108	191 
7109	228 
7110	77 
7111	31 
7112	244 
7113	104 
7114	65 
7115	283 
7116	4 
7117	185 
7118	93 
7119	110 
7120	39 
7121	332 
7122	35 
7123	94 
7124	311 
7125	185 
7126	101 
7127	117 
7128	36 
7129	189 
7130	178 
7131	245 
7132	333 
7133	303 
7134	311 
7135	204 
7136	274 
7137	197 
7138	308 
7139	212 
7140	80 
7141	147 
7142	128 
7143	163 
7144	262 
7145	39 
7146	221 
7147	126 
7148	38 
7149	231 
7150	139 
7151	186 
7152	125 
7153	48 
7154	86 
7155	246 
7156	238 
7157	201 
7158	37 
7159	298 
7160	295 
7161	194 
7162	136 
7163	112 
7164	308 
7165	284 
7166	326 
7167	198 
7168	45 
7169	93 
7170	143 
7171	220 
7172	260 
7173	99 
7174	37 
7175	38 
7176	107 
7177	29 
7178	78 
7179	93 
7180	98 
7181	262 
7182	114 
7183	111 
7184	91 
7185	242 
7186	29 
7187	112 
7188	274 
7189	298 
7190	167 
7191	101 
7192	114 
7193	146 
7194	335 
7195	260 
7196	23 
7197	194 
7198	29 
7199	203 
7200	209 
7201	303 
7202	72 
7203	186 
7204	323 
7205	132 
7206	56 
7207	72 
7208	32 
7209	1 
7210	152 
7211	30 
7212	143 
7213	224 
7214	238 
7215	96 
7216	197 
7217	201 
7218	139 
7219	172 
7220	296 
7221	201 
7222	182 
7223	29 
7224	109 
7225	61 
7226	8 
7227	133 
7228	61 
7229	66 
7230	308 
7231	280 
7232	220 
7233	278 
7234	281 
7235	35 
7236	146 
7237	227 
7238	58 
7239	157 
7240	89 
7241	11 
7242	185 
7243	8 
7244	242 
7245	159 
7246	146 
7247	218 
7248	176 
7249	281 
7250	19 
7251	91 
7252	293 
7253	231 
7254	93 
7255	46 
7256	168 
7257	128 
7258	47 
7259	113 
7260	284 
7261	191 
7262	218 
7263	221 
7264	221 
7265	40 
7266	281 
7267	114 
7268	143 
7269	323 
7270	129 
7271	209 
7272	76 
7273	236 
7274	126 
7275	232 
7276	26 
7277	26 
7278	40 
7279	86 
7280	187 
7281	201 
7282	78 
7283	113 
7284	116 
7285	319 
7286	83 
7287	113 
7288	220 
7289	36 
7290	198 
7291	232 
7292	62 
7293	203 
7294	36 
7295	216 
7296	284 
7297	276 
7298	187 
7299	47 
7300	182 
7301	87 
7302	67 
7303	8 
7304	40 
7305	138 
7306	113 
7307	238 
7308	278 
7309	198 
7310	23 
7311	7 
7312	330 
7313	332 
7314	308 
7315	218 
7316	334 
7317	212 
7318	304 
7319	313 
7320	133 
7321	221 
7322	176 
7323	248 
7324	275 
7325	30 
7326	44 
7327	311 
7328	309 
7329	342 
7330	299 
7331	48 
7332	77 
7333	217 
7334	303 
7335	128 
7336	247 
7337	77 
7338	107 
7339	75 
7340	84 
7341	131 
7342	46 
7343	319 
7344	118 
7345	151 
7346	80 
7347	42 
7348	342 
7349	49 
7350	144 
7351	198 
7352	130 
7353	117 
7354	271 
7355	33 
7356	104 
7357	45 
7358	332 
7359	311 
7360	65 
7361	59 
7362	78 
7363	279 
7364	301 
7365	304 
7366	171 
7367	226 
7368	36 
7369	196 
7370	67 
7371	188 
7372	129 
7373	45 
7374	139 
7375	49 
7376	309 
7377	305 
7378	77 
7379	304 
7380	293 
7381	140 
7382	226 
7383	220 
7384	186 
7385	194 
7386	146 
7387	46 
7388	84 
7389	65 
7390	262 
7391	338 
7392	71 
7393	62 
7394	137 
7395	196 
7396	341 
7397	86 
7398	17 
7399	268 
7400	72 
7401	314 
7402	113 
7403	242 
7404	139 
7405	256 
7406	128 
7407	231 
7408	156 
7409	299 
7410	304 
7411	206 
7412	130 
7413	32 
7414	86 
7415	38 
7416	181 
7417	231 
7418	117 
7419	122 
7420	242 
7421	304 
7422	188 
7423	207 
7424	133 
7425	181 
7426	143 
7427	66 
7428	132 
7429	323 
7430	23 
7431	128 
7432	226 
7433	112 
7434	154 
7435	168 
7436	61 
7437	138 
7438	238 
7439	128 
7440	84 
7441	305 
7442	208 
7443	149 
7444	10 
7445	332 
7446	194 
7447	99 
7448	227 
7449	309 
7450	238 
7451	169 
7452	241 
7453	154 
7454	129 
7455	1 
7456	23 
7457	236 
7458	208 
7459	48 
7460	293 
7461	117 
7462	133 
7463	193 
7464	178 
7465	98 
7466	18 
7467	185 
7468	143 
7469	229 
7470	143 
7471	130 
7472	236 
7473	198 
7474	314 
7475	65 
7476	211 
7477	160 
7478	158 
7479	129 
7480	117 
7481	335 
7482	236 
7483	176 
7484	217 
7485	121 
7486	288 
7487	306 
7488	47 
7489	12 
7490	51 
7491	295 
7492	11 
7493	80 
7494	67 
7495	312 
7496	304 
7497	213 
7498	113 
7499	6 
7500	207 
7501	231 
7502	332 
7503	250 
7504	67 
7505	256 
7506	90 
7507	299 
7508	106 
7509	281 
7510	33 
7511	27 
7512	262 
7513	213 
7514	313 
7515	64 
7516	300 
7517	141 
7518	53 
7519	218 
7520	93 
7521	293 
7522	120 
7523	172 
7524	47 
7525	129 
7526	303 
7527	195 
7528	112 
7529	49 
7530	138 
7531	72 
7532	311 
7533	76 
7534	38 
7535	198 
7536	216 
7537	295 
7538	198 
7539	121 
7540	112 
7541	218 
7542	244 
7543	193 
7544	18 
7545	76 
7546	37 
7547	290 
7548	22 
7549	141 
7550	204 
7551	311 
7552	46 
7553	176 
7554	332 
7555	22 
7556	276 
7557	191 
7558	265 
7559	274 
7560	133 
7561	139 
7562	121 
7563	83 
7564	107 
7565	130 
7566	204 
7567	314 
7568	226 
7569	126 
7570	116 
7571	262 
7572	291 
7573	201 
7574	281 
7575	138 
7576	4 
7577	10 
7578	182 
7579	202 
7580	132 
7581	275 
7582	112 
7583	193 
7584	96 
7585	172 
7586	5 
7587	247 
7588	238 
7589	218 
7590	308 
7591	77 
7592	49 
7593	335 
7594	18 
7595	94 
7596	65 
7597	304 
7598	89 
7599	113 
7600	298 
7601	228 
7602	144 
7603	208 
7604	139 
7605	229 
7606	209 
7607	126 
7608	231 
7609	276 
7610	46 
7611	240 
7612	76 
7613	211 
7614	120 
7615	130 
7616	241 
7617	197 
7618	45 
7619	226 
7620	299 
7621	188 
7622	304 
7623	228 
7624	196 
7625	93 
7626	168 
7627	133 
7628	147 
7629	182 
7630	76 
7631	260 
7632	130 
7633	187 
7634	208 
7635	304 
7636	97 
7637	117 
7638	19 
7639	75 
7640	35 
7641	86 
7642	129 
7643	138 
7644	220 
7645	323 
7646	280 
7647	10 
7648	144 
7649	44 
7650	268 
7651	167 
7652	34 
7653	156 
7654	202 
7655	18 
7656	4 
7657	23 
7658	308 
7659	323 
7660	39 
7661	281 
7662	86 
7663	219 
7664	202 
7665	261 
7666	151 
7667	61 
7668	335 
7669	137 
7670	169 
7671	280 
7672	62 
7673	315 
7674	121 
7675	335 
7676	308 
7677	247 
7678	145 
7679	65 
7680	304 
7681	102 
7682	181 
7683	37 
7684	298 
7685	334 
7686	4 
7687	335 
7688	66 
7689	185 
7690	138 
7691	121 
7692	332 
7693	298 
7694	300 
7695	219 
7696	240 
7697	186 
7698	168 
7699	73 
7700	194 
7701	191 
7702	68 
7703	330 
7704	128 
7705	241 
7706	211 
7707	102 
7708	77 
7709	10 
7710	29 
7711	118 
7712	29 
7713	118 
7714	38 
7715	41 
7716	10 
7717	77 
7718	306 
7719	326 
7720	228 
7721	121 
7722	20 
7723	309 
7724	209 
7725	66 
7726	325 
7727	303 
7728	210 
7729	143 
7730	59 
7731	107 
7732	218 
7733	198 
7734	311 
7735	299 
7736	211 
7737	290 
7738	1 
7739	18 
7740	68 
7741	61 
7742	107 
7743	84 
7744	308 
7745	47 
7746	112 
7747	146 
7748	198 
7749	194 
7750	160 
7751	325 
7752	167 
7753	39 
7754	119 
7755	291 
7756	87 
7757	274 
7758	77 
7759	86 
7760	240 
7761	33 
7762	276 
7763	206 
7764	152 
7765	241 
7766	65 
7767	99 
7768	35 
7769	299 
7770	273 
7771	102 
7772	62 
7773	22 
7774	151 
7775	11 
7776	335 
7777	156 
7778	280 
7779	23 
7780	240 
7781	217 
7782	143 
7783	195 
7784	195 
7785	125 
7786	93 
7787	35 
7788	238 
7789	204 
7790	133 
7791	145 
7792	11 
7793	171 
7794	75 
7795	49 
7796	151 
7797	238 
7798	299 
7799	113 
7800	35 
7801	146 
7802	199 
7803	141 
7804	226 
7805	106 
7806	208 
7807	144 
7808	240 
7809	139 
7810	6 
7811	12 
7812	6 
7813	295 
7814	154 
7815	128 
7816	58 
7817	172 
7818	41 
7819	305 
7820	122 
7821	26 
7822	133 
7823	176 
7824	298 
7825	73 
7826	187 
7827	248 
7828	73 
7829	89 
7830	290 
7831	290 
7832	323 
7833	303 
7834	308 
7835	97 
7836	207 
7837	311 
7838	218 
7839	138 
7840	314 
7841	246 
7842	144 
7843	104 
7844	295 
7845	42 
7846	64 
7847	273 
7848	42 
7849	59 
7850	113 
7851	99 
7852	169 
7853	5 
7854	198 
7855	238 
7856	6 
7857	238 
7858	120 
7859	147 
7860	77 
7861	242 
7862	12 
7863	113 
7864	299 
7865	171 
7866	155 
7867	246 
7868	168 
7869	194 
7870	140 
7871	147 
7872	143 
7873	216 
7874	275 
7875	66 
7876	186 
7877	87 
7878	112 
7879	204 
7880	167 
7881	335 
7882	78 
7883	197 
7884	211 
7885	209 
7886	169 
7887	48 
7888	18 
7889	292 
7890	56 
7891	48 
7892	300 
7893	80 
7894	207 
7895	157 
7896	42 
7897	131 
7898	102 
7899	146 
7900	278 
7901	234 
7902	207 
7903	49 
7904	241 
7905	323 
7906	58 
7907	335 
7908	242 
7909	32 
7910	187 
7911	23 
7912	242 
7913	278 
7914	187 
7915	116 
7916	71 
7917	308 
7918	107 
7919	6 
7920	211 
7921	129 
7922	130 
7923	56 
7924	290 
7925	293 
7926	146 
7927	114 
7928	29 
7929	262 
7930	136 
7931	261 
7932	86 
7933	296 
7934	77 
7935	224 
7936	335 
7937	275 
7938	48 
7939	233 
7940	245 
7941	19 
7942	140 
7943	86 
7944	145 
7945	11 
7946	250 
7947	78 
7948	228 
7949	93 
7950	157 
7951	22 
7952	130 
7953	46 
7954	196 
7955	248 
7956	58 
7957	101 
7958	76 
7959	201 
7960	315 
7961	228 
7962	304 
7963	256 
7964	242 
7965	20 
7966	1 
7967	130 
7968	48 
7969	130 
7970	195 
7971	168 
7972	332 
7973	280 
7974	219 
7975	132 
7976	146 
7977	137 
7978	236 
7979	334 
7980	155 
7981	238 
7982	172 
7983	238 
7984	172 
7985	242 
7986	112 
7987	130 
7988	45 
7989	186 
7990	94 
7991	66 
7992	199 
7993	216 
7994	84 
7995	12 
7996	304 
7997	341 
7998	202 
7999	280 
8000	193 
8001	201 
8002	325 
8003	303 
8004	188 
8005	140 
8006	23 
8007	227 
8008	34 
8009	311 
8010	303 
8011	26 
8012	335 
8013	116 
8014	42 
8015	76 
8016	18 
8017	227 
8018	102 
8019	299 
8020	19 
8021	274 
8022	78 
8023	284 
8024	65 
8025	212 
8026	38 
8027	35 
8028	314 
8029	1 
8030	244 
8031	98 
8032	140 
8033	78 
8034	293 
8035	42 
8036	47 
8037	143 
8038	236 
8039	140 
8040	40 
8041	314 
8042	296 
8043	178 
8044	194 
8045	228 
8046	218 
8047	208 
8048	18 
8049	241 
8050	87 
8051	77 
8052	71 
8053	87 
8054	53 
8055	71 
8056	167 
8057	278 
8058	335 
8059	101 
8060	275 
8061	221 
8062	308 
8063	102 
8064	231 
8065	248 
8066	130 
8067	241 
8068	278 
8069	44 
8070	308 
8071	104 
8072	44 
8073	304 
8074	186 
8075	138 
8076	156 
8077	306 
8078	62 
8079	113 
8080	11 
8081	77 
8082	234 
8083	306 
8084	157 
8085	213 
8086	296 
8087	137 
8088	19 
8089	61 
8090	227 
8091	187 
8092	112 
8093	244 
8094	312 
8095	141 
8096	315 
8097	196 
8098	212 
8099	288 
8100	89 
8101	311 
8102	309 
8103	312 
8104	203 
8105	98 
8106	22 
8107	244 
8108	36 
8109	240 
8110	176 
8111	49 
8112	61 
8113	26 
8114	132 
8115	245 
8116	48 
8117	32 
8118	228 
8119	77 
8120	187 
8121	271 
8122	290 
8123	332 
8124	139 
8125	172 
8126	11 
8127	137 
8128	232 
8129	66 
8130	37 
8131	171 
8132	163 
8133	140 
8134	89 
8135	152 
8136	147 
8137	248 
8138	196 
8139	41 
8140	295 
8141	196 
8142	138 
8143	171 
8144	296 
8145	89 
8146	188 
8147	335 
8148	48 
8149	106 
8150	305 
8151	90 
8152	104 
8153	303 
8154	300 
8155	275 
8156	241 
8157	201 
8158	38 
8159	273 
8160	195 
8161	91 
8162	280 
8163	198 
8164	114 
8165	32 
8166	37 
8167	71 
8168	121 
8169	211 
8170	262 
8171	75 
8172	330 
8173	341 
8174	154 
8175	143 
8176	195 
8177	300 
8178	191 
8179	113 
8180	47 
8181	128 
8182	39 
8183	39 
8184	91 
8185	291 
8186	211 
8187	45 
8188	311 
8189	309 
8190	212 
8191	58 
8192	212 
8193	172 
8194	26 
8195	72 
8196	275 
8197	220 
8198	226 
8199	273 
8200	238 
8201	245 
8202	158 
8203	314 
8204	87 
8205	113 
8206	332 
8207	154 
8208	61 
8209	220 
8210	138 
8211	62 
8212	129 
8213	90 
8214	315 
8215	104 
8216	156 
8217	130 
8218	32 
8219	191 
8220	59 
8221	234 
8222	218 
8223	58 
8224	125 
8225	196 
8226	137 
8227	186 
8228	314 
8229	278 
8230	154 
8231	1 
8232	65 
8233	314 
8234	139 
8235	87 
8236	5 
8237	312 
8238	240 
8239	29 
8240	208 
8241	261 
8242	139 
8243	232 
8244	59 
8245	262 
8246	224 
8247	75 
8248	293 
8249	154 
8250	299 
8251	291 
8252	6 
8253	12 
8254	206 
8255	32 
8256	198 
8257	332 
8258	58 
8259	311 
8260	203 
8261	102 
8262	48 
8263	303 
8264	138 
8265	40 
8266	99 
8267	87 
8268	340 
8269	87 
8270	186 
8271	224 
8272	32 
8273	80 
8274	185 
8275	244 
8276	299 
8277	107 
8278	132 
8279	311 
8280	73 
8281	163 
8282	228 
8283	125 
8284	83 
8285	18 
8286	113 
8287	210 
8288	268 
8289	129 
8290	130 
8291	112 
8292	299 
8293	323 
8294	212 
8295	26 
8296	261 
8297	160 
8298	312 
8299	78 
8300	241 
8301	6 
8302	196 
8303	78 
8304	311 
8305	60 
8306	106 
8307	311 
8308	112 
8309	6 
8310	304 
8311	121 
8312	146 
8313	141 
8314	157 
8315	231 
8316	143 
8317	23 
8318	93 
8319	1 
8320	246 
8321	238 
8322	309 
8323	198 
8324	265 
8325	90 
8326	143 
8327	87 
8328	185 
8329	65 
8330	87 
8331	122 
8332	168 
8333	330 
8334	188 
8335	268 
8336	29 
8337	201 
8338	185 
8339	304 
8340	128 
8341	171 
8342	29 
8343	288 
8344	104 
8345	71 
8346	47 
8347	323 
8348	209 
8349	296 
8350	323 
8351	42 
8352	87 
8353	224 
8354	72 
8355	45 
8356	59 
8357	341 
8358	256 
8359	122 
8360	202 
8361	139 
8362	276 
8363	36 
8364	34 
8365	113 
8366	176 
8367	157 
8368	172 
8369	62 
8370	194 
8371	268 
8372	261 
8373	140 
8374	145 
8375	330 
8376	98 
8377	202 
8378	6 
8379	61 
8380	4 
8381	323 
8382	217 
8383	191 
8384	136 
8385	94 
8386	203 
8387	262 
8388	22 
8389	147 
8390	299 
8391	152 
8392	226 
8393	49 
8394	59 
8395	145 
8396	303 
8397	12 
8398	325 
8399	220 
8400	172 
8401	129 
8402	157 
8403	58 
8404	87 
8405	102 
8406	226 
8407	132 
8408	296 
8409	305 
8410	45 
8411	300 
8412	40 
8413	48 
8414	176 
8415	234 
8416	48 
8417	146 
8418	300 
8419	18 
8420	121 
8421	93 
8422	75 
8423	59 
8424	40 
8425	49 
8426	236 
8427	42 
8428	12 
8429	278 
8430	211 
8431	314 
8432	176 
8433	335 
8434	157 
8435	202 
8436	146 
8437	154 
8438	56 
8439	314 
8440	117 
8441	5 
8442	305 
8443	66 
8444	139 
8445	185 
8446	288 
8447	29 
8448	246 
8449	163 
8450	60 
8451	113 
8452	314 
8453	65 
8454	304 
8455	256 
8456	221 
8457	226 
8458	41 
8459	220 
8460	168 
8461	40 
8462	312 
8463	218 
8464	53 
8465	5 
8466	210 
8467	202 
8468	299 
8469	132 
8470	22 
8471	32 
8472	187 
8473	35 
8474	104 
8475	22 
8476	141 
8477	112 
8478	281 
8479	75 
8480	139 
8481	147 
8482	240 
8483	62 
8484	156 
8485	341 
8486	260 
8487	261 
8488	78 
8489	260 
8490	41 
8491	241 
8492	306 
8493	61 
8494	38 
8495	46 
8496	66 
8497	117 
8498	58 
8499	335 
8500	229 
8501	4 
8502	107 
8503	107 
8504	209 
8505	304 
8506	288 
8507	196 
8508	86 
8509	49 
8510	56 
8511	94 
8512	87 
8513	312 
8514	308 
8515	53 
8516	232 
8517	261 
8518	290 
8519	276 
8520	119 
8521	229 
8522	62 
8523	18 
8524	122 
8525	83 
8526	121 
8527	156 
8528	157 
8529	176 
8530	260 
8531	93 
8532	248 
8533	193 
8534	296 
8535	122 
8536	217 
8537	218 
8538	125 
8539	132 
8540	256 
8541	240 
8542	187 
8543	265 
8544	315 
8545	194 
8546	227 
8547	146 
8548	304 
8549	138 
8550	332 
8551	122 
8552	242 
8553	114 
8554	122 
8555	224 
8556	309 
8557	4 
8558	245 
8559	113 
8560	46 
8561	311 
8562	300 
8563	138 
8564	156 
8565	298 
8566	34 
8567	298 
8568	130 
8569	35 
8570	136 
8571	313 
8572	72 
8573	121 
8574	44 
8575	211 
8576	323 
8577	202 
8578	112 
8579	236 
8580	224 
8581	313 
8582	32 
8583	101 
8584	152 
8585	71 
8586	141 
8587	273 
8588	86 
8589	256 
8590	6 
8591	46 
8592	306 
8593	332 
8594	261 
8595	315 
8596	299 
8597	256 
8598	261 
8599	139 
8600	94 
8601	236 
8602	152 
8603	236 
8604	335 
8605	186 
8606	303 
8607	313 
8608	244 
8609	56 
8610	232 
8611	90 
8612	169 
8613	221 
8614	45 
8615	224 
8616	132 
8617	23 
8618	332 
8619	238 
8620	18 
8621	278 
8622	313 
8623	186 
8624	154 
8625	138 
8626	45 
8627	93 
8628	86 
8629	291 
8630	1 
8631	202 
8632	48 
8633	220 
8634	41 
8635	240 
8636	210 
8637	212 
8638	218 
8639	76 
8640	291 
8641	29 
8642	46 
8643	248 
8644	291 
8645	53 
8646	141 
8647	39 
8648	37 
8649	242 
8650	209 
8651	138 
8652	61 
8653	298 
8654	193 
8655	298 
8656	280 
8657	139 
8658	98 
8659	23 
8660	309 
8661	232 
8662	298 
8663	185 
8664	19 
8665	210 
8666	210 
8667	11 
8668	66 
8669	94 
8670	61 
8671	335 
8672	40 
8673	154 
8674	194 
8675	194 
8676	94 
8677	202 
8678	275 
8679	191 
8680	193 
8681	273 
8682	89 
8683	130 
8684	58 
8685	143 
8686	83 
8687	18 
8688	114 
8689	194 
8690	56 
8691	226 
8692	91 
8693	6 
8694	341 
8695	195 
8696	227 
8697	49 
8698	196 
8699	144 
8700	56 
8701	12 
8702	256 
8703	298 
8704	169 
8705	167 
8706	154 
8707	220 
8708	221 
8709	138 
8710	152 
8711	241 
8712	66 
8713	65 
8714	59 
8715	122 
8716	211 
8717	311 
8718	160 
8719	194 
8720	23 
8721	102 
8722	22 
8723	45 
8724	53 
8725	93 
8726	32 
8727	42 
8728	136 
8729	38 
8730	226 
8731	247 
8732	193 
8733	78 
8734	98 
8735	178 
8736	44 
8737	308 
8738	198 
8739	66 
8740	76 
8741	35 
8742	207 
8743	194 
8744	147 
8745	209 
8746	236 
8747	171 
8748	101 
8749	37 
8750	210 
8751	201 
8752	4 
8753	93 
8754	117 
8755	210 
8756	42 
8757	242 
8758	256 
8759	232 
8760	293 
8761	76 
8762	201 
8763	154 
8764	323 
8765	246 
8766	313 
8767	313 
8768	227 
8769	133 
8770	188 
8771	147 
8772	314 
8773	276 
8774	186 
8775	332 
8776	45 
8777	130 
8778	23 
8779	260 
8780	41 
8781	89 
8782	335 
8783	280 
8784	209 
8785	240 
8786	140 
8787	295 
8788	32 
8789	202 
8790	132 
8791	121 
8792	4 
8793	140 
8794	72 
8795	198 
8796	42 
8797	12 
8798	202 
8799	40 
8800	234 
8801	59 
8802	140 
8803	226 
8804	169 
8805	76 
8806	35 
8807	208 
8808	332 
8809	262 
8810	40 
8811	1 
8812	209 
8813	315 
8814	211 
8815	299 
8816	311 
8817	236 
8818	274 
8819	242 
8820	308 
8821	298 
8822	22 
8823	5 
8824	65 
8825	93 
8826	220 
8827	218 
8828	65 
8829	98 
8830	80 
8831	208 
8832	62 
8833	65 
8834	314 
8835	207 
8836	290 
8837	305 
8838	146 
8839	1 
8840	133 
8841	143 
8842	212 
8843	191 
8844	78 
8845	290 
8846	262 
8847	34 
8848	99 
8849	236 
8850	19 
8851	18 
8852	44 
8853	29 
8854	26 
8855	80 
8856	65 
8857	72 
8858	217 
8859	72 
8860	6 
8861	311 
8862	308 
8863	261 
8864	4 
8865	152 
8866	304 
8867	209 
8868	323 
8869	281 
8870	227 
8871	178 
8872	35 
8873	224 
8874	117 
8875	146 
8876	144 
8877	228 
8878	133 
8879	241 
8880	332 
8881	311 
8882	186 
8883	137 
8884	275 
8885	323 
8886	4 
8887	143 
8888	194 
8889	171 
8890	234 
8891	276 
8892	35 
8893	306 
8894	139 
8895	299 
8896	117 
8897	86 
8898	117 
8899	212 
8900	58 
8901	276 
8902	121 
8903	87 
8904	18 
8905	186 
8906	335 
8907	323 
8908	84 
8909	76 
8910	167 
8911	274 
8912	314 
8913	139 
8914	168 
8915	281 
8916	35 
8917	303 
8918	171 
8919	76 
8920	38 
8921	208 
8922	98 
8923	53 
8924	112 
8925	49 
8926	93 
8927	99 
8928	129 
8929	121 
8930	194 
8931	141 
8932	112 
8933	141 
8934	238 
8935	167 
8936	1 
8937	121 
8938	4 
8939	90 
8940	66 
8941	172 
8942	187 
8943	32 
8944	122 
8945	308 
8946	194 
8947	147 
8948	12 
8949	72 
8950	60 
8951	332 
8952	98 
8953	246 
8954	224 
8955	23 
8956	275 
8957	296 
8958	242 
8959	38 
8960	167 
8961	121 
8962	157 
8963	112 
8964	49 
8965	234 
8966	228 
8967	191 
8968	18 
8969	77 
8970	77 
8971	299 
8972	78 
8973	227 
8974	323 
8975	4 
8976	59 
8977	44 
8978	278 
8979	278 
8980	186 
8981	6 
8982	280 
8983	228 
8984	280 
8985	228 
8986	77 
8987	256 
8988	117 
8989	212 
8990	140 
8991	241 
8992	176 
8993	298 
8994	299 
8995	241 
8996	48 
8997	49 
8998	137 
8999	6 
9000	114 
9001	119 
9002	34 
9003	201 
9004	154 
9005	38 
9006	143 
9007	38 
9008	202 
9009	313 
9010	227 
9011	256 
9012	176 
9013	185 
9014	45 
9015	87 
9016	313 
9017	125 
9018	117 
9019	93 
9020	236 
9021	117 
9022	194 
9023	241 
9024	236 
9025	12 
9026	114 
9027	102 
9028	224 
9029	300 
9030	226 
9031	209 
9032	61 
9033	198 
9034	168 
9035	300 
9036	240 
9037	53 
9038	112 
9039	157 
9040	48 
9041	77 
9042	117 
9043	213 
9044	261 
9045	18 
9046	248 
9047	323 
9048	58 
9049	77 
9050	77 
9051	278 
9052	238 
9053	61 
9054	102 
9055	93 
9056	76 
9057	172 
9058	60 
9059	195 
9060	53 
9061	308 
9062	194 
9063	18 
9064	58 
9065	156 
9066	217 
9067	140 
9068	172 
9069	195 
9070	125 
9071	121 
9072	176 
9073	220 
9074	218 
9075	211 
9076	341 
9077	99 
9078	303 
9079	4 
9080	117 
9081	196 
9082	226 
9083	228 
9084	335 
9085	139 
9086	130 
9087	311 
9088	295 
9089	220 
9090	34 
9091	56 
9092	49 
9093	314 
9094	262 
9095	227 
9096	202 
9097	304 
9098	101 
9099	12 
9100	202 
9101	94 
9102	138 
9103	248 
9104	227 
9105	143 
9106	299 
9107	172 
9108	38 
9109	112 
9110	86 
9111	61 
9112	195 
9113	65 
9114	261 
9115	49 
9116	133 
9117	332 
9118	12 
9119	86 
9120	238 
9121	40 
9122	311 
9123	146 
9124	154 
9125	114 
9126	93 
9127	102 
9128	58 
9129	195 
9130	38 
9131	311 
9132	12 
9133	12 
9134	147 
9135	114 
9136	207 
9137	65 
9138	209 
9139	154 
9140	4 
9141	232 
9142	300 
9143	194 
9144	62 
9145	332 
9146	32 
9147	295 
9148	226 
9149	42 
9150	117 
9151	53 
9152	99 
9153	238 
9154	248 
9155	146 
9156	226 
9157	129 
9158	78 
9159	4 
9160	60 
9161	178 
9162	143 
9163	22 
9164	296 
9165	133 
9166	114 
9167	58 
9168	261 
9169	220 
9170	78 
9171	211 
9172	218 
9173	32 
9174	6 
9175	227 
9176	1 
9177	217 
9178	246 
9179	241 
9180	238 
9181	228 
9182	226 
9183	256 
9184	226 
9185	220 
9186	132 
9187	77 
9188	60 
9189	61 
9190	293 
9191	246 
9192	107 
9193	99 
9194	44 
9195	323 
9196	281 
9197	121 
9198	275 
9199	53 
9200	147 
9201	193 
9202	332 
9203	146 
9204	305 
9205	187 
9206	58 
9207	93 
9208	121 
9209	18 
9210	1 
9211	306 
9212	53 
9213	227 
9214	53 
9215	146 
9216	138 
9217	276 
9218	167 
9219	224 
9220	211 
9221	45 
9222	99 
9223	112 
9224	274 
9225	212 
9226	293 
9227	313 
9228	280 
9229	295 
9230	102 
9231	62 
9232	303 
9233	304 
9234	112 
9235	125 
9236	146 
9237	236 
9238	113 
9239	210 
9240	112 
9241	133 
9242	62 
9243	65 
9244	143 
9245	34 
9246	143 
9247	112 
9248	65 
9249	128 
9250	298 
9251	34 
9252	172 
9253	176 
9254	220 
9255	323 
9256	335 
9257	298 
9258	133 
9259	280 
9260	234 
9261	248 
9262	278 
9263	194 
9264	335 
9265	128 
9266	303 
9267	306 
9268	275 
9269	18 
9270	335 
9271	117 
9272	168 
9273	335 
9274	238 
9275	304 
9276	261 
9277	275 
9278	314 
9279	212 
9280	278 
9281	53 
9282	87 
9283	234 
9284	112 
9285	341 
9286	218 
9287	58 
9288	193 
9289	112 
9290	305 
9291	12 
9292	171 
9293	84 
9294	78 
9295	12 
9296	176 
9297	154 
9298	172 
9299	303 
9300	99 
9301	12 
9302	141 
9303	248 
9304	323 
9305	196 
9306	224 
9307	278 
9308	248 
9309	185 
9310	113 
9311	211 
9312	113 
9313	34 
9314	236 
9315	45 
9316	332 
9317	167 
9318	313 
9319	77 
9320	140 
9321	193 
9322	305 
9323	240 
9324	99 
9325	256 
9326	241 
9327	311 
9328	99 
9329	87 
9330	278 
9331	40 
9332	48 
9333	129 
9334	314 
9335	332 
9336	193 
9337	58 
9338	94 
9339	217 
9340	4 
9341	193 
9342	303 
9343	295 
9344	75 
9345	306 
9346	274 
9347	261 
9348	202 
9349	244 
9350	335 
9351	172 
9352	154 
9353	293 
9354	224 
9355	76 
9356	86 
9357	323 
9358	198 
9359	65 
9360	44 
9361	45 
9362	185 
9363	86 
9364	323 
9365	129 
9366	196 
9367	121 
9368	304 
9369	143 
9370	171 
9371	77 
9372	217 
9373	274 
9374	76 
9375	125 
9376	311 
9377	141 
9378	62 
9379	194 
9380	208 
9381	303 
9382	185 
9383	60 
9384	84 
9385	209 
9386	4 
9387	306 
9388	26 
9389	234 
9390	32 
9391	308 
9392	99 
9393	305 
9394	61 
9395	220 
9396	157 
9397	61 
9398	76 
9399	99 
9400	38 
9401	308 
9402	157 
9403	154 
9404	242 
9405	248 
9406	218 
9407	84 
9408	77 
9409	168 
9410	76 
9411	232 
9412	143 
9413	157 
9414	236 
9415	121 
9416	4 
9417	40 
9418	313 
9419	86 
9420	274 
9421	59 
9422	61 
9423	211 
9424	304 
9425	146 
9426	314 
9427	102 
9428	22 
9429	240 
9430	194 
9431	248 
9432	248 
9433	4 
9434	125 
9435	196 
9436	276 
9437	41 
9438	186 
9439	304 
9440	186 
9441	75 
9442	1 
9443	65 
9444	201 
9445	227 
9446	308 
9447	278 
9448	58 
9449	207 
9450	84 
9451	323 
9452	56 
9453	246 
9454	306 
9455	298 
9456	207 
9457	202 
9458	60 
9459	49 
9460	34 
9461	56 
9462	202 
9463	218 
9464	298 
9465	86 
9466	86 
9467	84 
9468	238 
9469	58 
9470	276 
9471	26 
9472	176 
9473	86 
9474	299 
9475	176 
9476	227 
9477	99 
9478	304 
9479	78 
9480	18 
9481	44 
9482	139 
9483	65 
9484	60 
9485	168 
9486	48 
9487	154 
9488	300 
9489	236 
9490	62 
9491	278 
9492	62 
9493	341 
9494	77 
9495	300 
9496	60 
9497	220 
9498	112 
9499	211 
9500	141 
9501	241 
9502	256 
9503	112 
9504	128 
9505	172 
9506	198 
9507	62 
9508	185 
9509	276 
9510	99 
9511	341 
9512	45 
9513	196 
9514	227 
9515	220 
9516	87 
9517	94 
9518	191 
9519	128 
9520	306 
9521	62 
9522	241 
9523	48 
9524	323 
9525	299 
9526	220 
9527	49 
9528	18 
9529	93 
9530	278 
9531	34 
9532	34 
9533	49 
9534	298 
9535	35 
9536	56 
9537	87 
9538	168 
9539	236 
9540	86 
9541	4 
9542	143 
9543	314 
9544	4 
9545	194 
9546	117 
9547	38 
9548	218 
9549	248 
9550	87 
9551	220 
9552	218 
9553	208 
9554	84 
9555	12 
9556	157 
9557	305 
9558	332 
9559	246 
9560	49 
9561	176 
9562	94 
9563	65 
9564	303 
9565	93 
9566	248 
9567	246 
9568	276 
9569	278 
9570	227 
9571	141 
9572	38 
9573	93 
9574	185 
9575	122 
9576	112 
9577	240 
9578	208 
9579	228 
9580	236 
9581	141 
9582	211 
9583	176 
9584	117 
9585	311 
9586	35 
9587	143 
9588	26 
9589	217 
9590	18 
9591	341 
9592	191 
9593	32 
9594	314 
9595	232 
9596	278 
9597	186 
9598	314 
9599	12 
9600	256 
9601	99 
9602	186 
9603	44 
9604	1 
9605	143 
9606	278 
9607	139 
9608	172 
9609	304 
9610	303 
9611	240 
9612	332 
9613	93 
9614	241 
9615	193 
9616	122 
9617	238 
9618	228 
9619	341 
9620	276 
9621	121 
9622	112 
9623	130 
9624	58 
9625	78 
9626	246 
9627	242 
9628	99 
9629	220 
9630	18 
9631	59 
9632	65 
9633	246 
9634	125 
9635	122 
9636	261 
9637	133 
9638	157 
9639	112 
9640	278 
9641	112 
9642	35 
9643	211 
9644	217 
9645	94 
9646	299 
9647	238 
9648	26 
9649	121 
9650	117 
9651	176 
9652	77 
9653	185 
9654	217 
9655	241 
9656	236 
9657	236 
9658	117 
9659	304 
9660	35 
9661	65 
9662	125 
9663	77 
9664	341 
9665	112 
9666	62 
9667	220 
9668	202 
9669	332 
9670	65 
9671	34 
9672	306 
9673	295 
9674	114 
9675	143 
9676	34 
9677	78 
9678	304 
9679	12 
9680	194 
9681	139 
9682	242 
9683	236 
9684	242 
9685	305 
9686	18 
9687	18 
9688	94 
9689	341 
9690	62 
9691	18 
9692	48 
9693	139 
9694	209 
9695	335 
9696	99 
9697	99 
9698	130 
9699	48 
9700	274 
9701	323 
9702	143 
9703	323 
9704	84 
9705	211 
9706	133 
9707	295 
9708	306 
9709	154 
9710	59 
9711	130 
9712	218 
9713	335 
9714	240 
9715	209 
9716	232 
9717	228 
9718	185 
9719	168 
9720	77 
9721	232 
9722	295 
9723	61 
9724	113 
9725	84 
9726	125 
9727	32 
9728	261 
9729	186 
9730	194 
9731	228 
9732	241 
9733	125 
9734	141 
9735	146 
9736	49 
9737	232 
9738	4 
9739	49 
9740	59 
9741	306 
9742	62 
9743	246 
9744	1 
9745	211 
9746	49 
9747	194 
9748	56 
9749	6 
9750	121 
9751	299 
9752	241 
9753	308 
9754	295 
9755	194 
9756	193 
9757	141 
9758	56 
9759	228 
9760	218 
9761	12 
9762	1 
9763	38 
9764	138 
9765	295 
9766	35 
9767	93 
9768	228 
9769	194 
9770	278 
9771	226 
9772	332 
9773	236 
9774	278 
9775	113 
9776	56 
9777	4 
9778	311 
9779	193 
9780	84 
9781	93 
9782	62 
9783	49 
9784	49 
9785	306 
9786	35 
9787	140 
9788	274 
9789	238 
9790	314 
9791	6 
9792	78 
9793	246 
9794	193 
9795	335 
9796	113 
9797	112 
9798	299 
9799	186 
9800	261 
9801	211 
9802	246 
9803	87 
9804	87 
9805	276 
9806	139 
9807	133 
9808	146 
9809	58 
9810	112 
9811	211 
9812	125 
9813	176 
9814	278 
9815	44 
9816	276 
9817	4 
9818	276 
9819	241 
9820	299 
9821	323 
9822	323 
9823	274 
9824	12 
9825	308 
9826	143 
9827	211 
9828	211 
9829	38 
9830	248 
9831	59 
9832	220 
9833	56 
9834	299 
9835	4 
9836	228 
9837	48 
9838	35 
9839	114 
9840	146 
9841	295 
9842	228 
9843	308 
9844	185 
9845	299 
9846	48 
9847	308 
9848	122 
9849	113 
9850	202 
9851	143 
9852	130 
9853	86 
9854	314 
9855	226 
9856	117 
9857	335 
9858	133 
9859	304 
9860	335 
9861	133 
9862	232 
9863	138 
9864	32 
9865	299 
9866	38 
9867	56 
9868	133 
9869	113 
9870	49 
9871	314 
9872	78 
9873	4 
9874	246 
9875	278 
9876	141 
9877	35 
9878	133 
9879	84 
9880	130 
9881	314 
9882	295 
9883	141 
9884	256 
9885	248 
9886	44 
9887	256 
9888	35 
9889	112 
9890	1 
9891	143 
9892	202 
9893	335 
9894	232 
9895	32 
9896	246 
9897	304 
9898	34 
9899	138 
9900	246 
9901	311 
9902	299 
9903	226 
9904	49 
9905	122 
9906	303 
9907	323 
9908	59 
9909	303 
9910	65 
9911	87 
9912	146 
9913	38 
9914	93 
9915	306 
9916	276 
9917	193 
9918	332 
9919	232 
9920	113 
9921	113 
9922	241 
9923	112 
9924	303 
9925	306 
9926	299 
9927	113 
9928	117 
9929	236 
9930	34 
9931	306 
9932	299 
9933	227 
9934	220 
9935	226 
9936	226 
9937	236 
9938	314 
9939	246 
9940	295 
9941	77 
9942	34 
9943	121 
9944	32 
9945	77 
9946	48 
9947	77 
9948	193 
9949	295 
9950	138 
9951	299 
9952	48 
9953	138 
9954	58 
9955	59 
9956	211 
9957	220 
9958	238 
9959	304 
9960	186 
9961	202 
9962	194 
9963	246 
9964	242 
9965	112 
9966	303 
9967	143 
9968	32 
9969	77 
9970	238 
9971	256 
9972	113 
9973	58 
9974	193 
9975	38 
9976	122 
9977	34 
9978	139 
9979	323 
9980	220 
9981	139 
9982	304 
9983	232 
9984	1 
9985	49 
9986	278 
9987	138 
9988	176 
9989	299 
9990	49 
9991	146 
9992	211 
9993	87 
9994	86 
9995	93 
9996	194 
9997	34 
9998	133 
9999	121 
10000	306 
