1	27 
2	38 
3	466 
4	9 
5	46 
6	449 
7	144 
8	332 
9	450 
10	194 
11	421 
12	100 
13	152 
14	454 
15	114 
16	201 
17	26 
18	466 
19	150 
20	289 
21	306 
22	199 
23	358 
24	302 
25	284 
26	153 
27	265 
28	205 
29	5 
30	245 
31	196 
32	272 
33	397 
34	312 
35	378 
36	386 
37	439 
38	304 
39	400 
40	128 
41	377 
42	352 
43	431 
44	77 
45	235 
46	284 
47	96 
48	30 
49	96 
50	415 
51	432 
52	119 
53	363 
54	398 
55	345 
56	279 
57	24 
58	28 
59	205 
60	29 
61	322 
62	133 
63	203 
64	362 
65	293 
66	181 
67	125 
68	265 
69	318 
70	219 
71	40 
72	8 
73	310 
74	344 
75	258 
76	320 
77	449 
78	22 
79	406 
80	410 
81	368 
82	265 
83	453 
84	115 
85	48 
86	215 
87	228 
88	343 
89	264 
90	239 
91	140 
92	56 
93	468 
94	21 
95	254 
96	373 
97	459 
98	379 
99	152 
100	285 
101	126 
102	319 
103	358 
104	52 
105	398 
106	277 
107	147 
108	469 
109	152 
110	285 
111	302 
112	245 
113	179 
114	53 
115	331 
116	13 
117	330 
118	80 
119	391 
120	434 
121	324 
122	237 
123	30 
124	64 
125	370 
126	193 
127	361 
128	38 
129	180 
130	256 
131	405 
132	145 
133	128 
134	40 
135	420 
136	176 
137	96 
138	431 
139	108 
140	90 
141	240 
142	219 
143	336 
144	224 
145	141 
146	393 
147	281 
148	119 
149	431 
150	326 
151	257 
152	187 
153	406 
154	108 
155	316 
156	346 
157	66 
158	141 
159	252 
160	323 
161	50 
162	197 
163	51 
164	72 
165	10 
166	296 
167	126 
168	68 
169	274 
170	441 
171	38 
172	196 
173	205 
174	240 
175	177 
176	152 
177	257 
178	385 
179	234 
180	158 
181	435 
182	215 
183	7 
184	205 
185	245 
186	81 
187	414 
188	281 
189	416 
190	169 
191	96 
192	336 
193	403 
194	170 
195	273 
196	150 
197	433 
198	270 
199	342 
200	8 
201	394 
202	237 
203	244 
204	67 
205	54 
206	328 
207	134 
208	400 
209	88 
210	14 
211	354 
212	172 
213	462 
214	411 
215	163 
216	18 
217	206 
218	337 
219	58 
220	420 
221	136 
222	359 
223	204 
224	269 
225	257 
226	278 
227	210 
228	252 
229	131 
230	336 
231	336 
232	380 
233	279 
234	76 
235	113 
236	51 
237	159 
238	333 
239	233 
240	264 
241	18 
242	347 
243	296 
244	266 
245	137 
246	279 
247	116 
248	149 
249	165 
250	96 
251	227 
252	24 
253	39 
254	227 
255	394 
256	120 
257	270 
258	1 
259	101 
260	144 
261	43 
262	218 
263	432 
264	121 
265	51 
266	281 
267	237 
268	425 
269	164 
270	398 
271	145 
272	447 
273	101 
274	1 
275	209 
276	61 
277	278 
278	250 
279	102 
280	223 
281	458 
282	463 
283	199 
284	440 
285	349 
286	313 
287	386 
288	437 
289	406 
290	158 
291	426 
292	445 
293	423 
294	95 
295	222 
296	202 
297	139 
298	253 
299	71 
300	82 
301	129 
302	81 
303	230 
304	361 
305	115 
306	192 
307	442 
308	285 
309	101 
310	70 
311	446 
312	96 
313	402 
314	377 
315	361 
316	64 
317	340 
318	66 
319	398 
320	378 
321	462 
322	39 
323	62 
324	465 
325	367 
326	29 
327	465 
328	203 
329	413 
330	2 
331	353 
332	452 
333	432 
334	67 
335	189 
336	186 
337	289 
338	393 
339	456 
340	42 
341	309 
342	60 
343	350 
344	152 
345	23 
346	461 
347	76 
348	45 
349	291 
350	15 
351	71 
352	101 
353	201 
354	223 
355	463 
356	221 
357	426 
358	279 
359	359 
360	86 
361	159 
362	331 
363	245 
364	279 
365	121 
366	84 
367	52 
368	396 
369	65 
370	322 
371	424 
372	1 
373	210 
374	226 
375	69 
376	413 
377	257 
378	237 
379	461 
380	463 
381	58 
382	89 
383	260 
384	10 
385	164 
386	288 
387	277 
388	101 
389	193 
390	216 
391	183 
392	203 
393	386 
394	376 
395	440 
396	412 
397	439 
398	175 
399	44 
400	409 
401	205 
402	16 
403	330 
404	437 
405	108 
406	55 
407	325 
408	154 
409	289 
410	358 
411	140 
412	239 
413	53 
414	145 
415	42 
416	26 
417	375 
418	158 
419	271 
420	426 
421	380 
422	468 
423	60 
424	8 
425	331 
426	383 
427	64 
428	107 
429	361 
430	167 
431	221 
432	167 
433	51 
434	130 
435	204 
436	77 
437	40 
438	185 
439	245 
440	233 
441	296 
442	430 
443	90 
444	3 
445	115 
446	237 
447	139 
448	58 
449	297 
450	103 
451	323 
452	411 
453	96 
454	38 
455	205 
456	420 
457	425 
458	95 
459	205 
460	294 
461	274 
462	226 
463	436 
464	286 
465	36 
466	250 
467	135 
468	313 
469	107 
470	1 
471	438 
472	229 
473	49 
474	180 
475	395 
476	146 
477	461 
478	195 
479	289 
480	369 
481	181 
482	295 
483	433 
484	15 
485	423 
486	257 
487	186 
488	255 
489	378 
490	197 
491	151 
492	50 
493	310 
494	169 
495	391 
496	113 
497	359 
498	364 
499	397 
500	87 
501	171 
502	306 
503	18 
504	310 
505	250 
506	434 
507	96 
508	320 
509	218 
510	244 
511	361 
512	395 
513	285 
514	271 
515	213 
516	17 
517	411 
518	220 
519	388 
520	292 
521	392 
522	114 
523	81 
524	157 
525	332 
526	196 
527	176 
528	466 
529	431 
530	417 
531	398 
532	302 
533	440 
534	286 
535	268 
536	69 
537	138 
538	108 
539	64 
540	289 
541	464 
542	172 
543	224 
544	398 
545	261 
546	29 
547	189 
548	98 
549	384 
550	336 
551	269 
552	229 
553	298 
554	1 
555	18 
556	312 
557	203 
558	71 
559	415 
560	336 
561	242 
562	410 
563	419 
564	407 
565	299 
566	358 
567	455 
568	44 
569	49 
570	63 
571	443 
572	184 
573	153 
574	83 
575	248 
576	126 
577	145 
578	145 
579	87 
580	381 
581	256 
582	386 
583	241 
584	447 
585	132 
586	362 
587	256 
588	96 
589	330 
590	47 
591	199 
592	337 
593	462 
594	94 
595	406 
596	389 
597	453 
598	315 
599	421 
600	236 
601	139 
602	162 
603	61 
604	464 
605	139 
606	100 
607	77 
608	104 
609	118 
610	222 
611	374 
612	194 
613	279 
614	72 
615	196 
616	276 
617	27 
618	205 
619	116 
620	467 
621	206 
622	61 
623	125 
624	268 
625	453 
626	397 
627	124 
628	28 
629	154 
630	303 
631	54 
632	354 
633	191 
634	268 
635	457 
636	39 
637	193 
638	94 
639	101 
640	207 
641	318 
642	325 
643	332 
644	144 
645	155 
646	394 
647	193 
648	246 
649	51 
650	346 
651	329 
652	98 
653	173 
654	454 
655	297 
656	4 
657	291 
658	342 
659	323 
660	259 
661	37 
662	231 
663	360 
664	164 
665	468 
666	238 
667	226 
668	436 
669	95 
670	342 
671	21 
672	69 
673	338 
674	258 
675	83 
676	257 
677	36 
678	354 
679	308 
680	2 
681	409 
682	20 
683	265 
684	156 
685	94 
686	86 
687	107 
688	325 
689	388 
690	146 
691	260 
692	156 
693	78 
694	259 
695	458 
696	345 
697	284 
698	363 
699	94 
700	286 
701	455 
702	153 
703	265 
704	337 
705	188 
706	126 
707	304 
708	348 
709	62 
710	454 
711	180 
712	453 
713	401 
714	300 
715	235 
716	344 
717	211 
718	170 
719	275 
720	90 
721	153 
722	160 
723	321 
724	18 
725	404 
726	61 
727	41 
728	313 
729	31 
730	191 
731	440 
732	199 
733	408 
734	258 
735	372 
736	99 
737	132 
738	15 
739	469 
740	300 
741	374 
742	463 
743	190 
744	206 
745	379 
746	23 
747	126 
748	441 
749	332 
750	113 
751	428 
752	244 
753	85 
754	115 
755	112 
756	461 
757	216 
758	24 
759	359 
760	205 
761	423 
762	423 
763	372 
764	316 
765	255 
766	127 
767	14 
768	271 
769	310 
770	179 
771	177 
772	63 
773	114 
774	290 
775	32 
776	264 
777	415 
778	14 
779	244 
780	121 
781	88 
782	254 
783	245 
784	443 
785	40 
786	468 
787	286 
788	443 
789	90 
790	285 
791	402 
792	33 
793	96 
794	321 
795	87 
796	143 
797	446 
798	125 
799	407 
800	164 
801	195 
802	430 
803	433 
804	411 
805	261 
806	217 
807	73 
808	158 
809	264 
810	103 
811	31 
812	300 
813	346 
814	132 
815	146 
816	397 
817	310 
818	50 
819	265 
820	244 
821	286 
822	217 
823	307 
824	382 
825	430 
826	187 
827	143 
828	155 
829	95 
830	34 
831	139 
832	355 
833	360 
834	406 
835	429 
836	448 
837	183 
838	272 
839	194 
840	296 
841	443 
842	309 
843	142 
844	465 
845	207 
846	257 
847	451 
848	285 
849	168 
850	400 
851	313 
852	183 
853	225 
854	74 
855	465 
856	107 
857	348 
858	383 
859	256 
860	372 
861	348 
862	283 
863	113 
864	228 
865	138 
866	279 
867	300 
868	129 
869	402 
870	119 
871	29 
872	374 
873	298 
874	84 
875	141 
876	42 
877	420 
878	182 
879	156 
880	110 
881	128 
882	138 
883	96 
884	395 
885	344 
886	390 
887	135 
888	63 
889	423 
890	217 
891	424 
892	398 
893	327 
894	348 
895	111 
896	136 
897	374 
898	37 
899	314 
900	181 
901	36 
902	217 
903	141 
904	32 
905	96 
906	123 
907	64 
908	163 
909	296 
910	296 
911	260 
912	94 
913	392 
914	252 
915	355 
916	330 
917	134 
918	288 
919	16 
920	19 
921	148 
922	363 
923	423 
924	406 
925	442 
926	115 
927	430 
928	319 
929	193 
930	194 
931	178 
932	72 
933	413 
934	51 
935	268 
936	208 
937	311 
938	26 
939	410 
940	24 
941	368 
942	374 
943	426 
944	46 
945	310 
946	25 
947	177 
948	394 
949	206 
950	74 
951	2 
952	194 
953	219 
954	112 
955	115 
956	403 
957	348 
958	145 
959	157 
960	455 
961	230 
962	209 
963	231 
964	128 
965	308 
966	401 
967	103 
968	32 
969	345 
970	435 
971	66 
972	205 
973	276 
974	193 
975	460 
976	98 
977	59 
978	259 
979	18 
980	134 
981	277 
982	233 
983	322 
984	93 
985	283 
986	437 
987	328 
988	352 
989	375 
990	209 
991	80 
992	111 
993	267 
994	218 
995	313 
996	252 
997	366 
998	124 
999	241 
1000	441 
1001	305 
1002	409 
1003	225 
1004	273 
1005	116 
1006	326 
1007	294 
1008	19 
1009	203 
1010	187 
1011	140 
1012	356 
1013	373 
1014	319 
1015	459 
1016	405 
1017	157 
1018	215 
1019	457 
1020	209 
1021	309 
1022	29 
1023	67 
1024	430 
1025	208 
1026	242 
1027	222 
1028	152 
1029	329 
1030	275 
1031	429 
1032	112 
1033	147 
1034	35 
1035	60 
1036	270 
1037	423 
1038	58 
1039	469 
1040	316 
1041	360 
1042	168 
1043	267 
1044	455 
1045	373 
1046	76 
1047	218 
1048	185 
1049	378 
1050	340 
1051	183 
1052	386 
1053	123 
1054	367 
1055	292 
1056	428 
1057	198 
1058	370 
1059	294 
1060	280 
1061	33 
1062	204 
1063	366 
1064	121 
1065	441 
1066	454 
1067	330 
1068	405 
1069	204 
1070	272 
1071	359 
1072	63 
1073	273 
1074	440 
1075	436 
1076	311 
1077	169 
1078	369 
1079	73 
1080	439 
1081	393 
1082	82 
1083	386 
1084	104 
1085	320 
1086	19 
1087	81 
1088	213 
1089	253 
1090	261 
1091	355 
1092	170 
1093	282 
1094	200 
1095	308 
1096	444 
1097	197 
1098	172 
1099	105 
1100	147 
1101	252 
1102	339 
1103	212 
1104	198 
1105	230 
1106	88 
1107	92 
1108	82 
1109	285 
1110	272 
1111	193 
1112	437 
1113	304 
1114	109 
1115	311 
1116	133 
1117	99 
1118	302 
1119	245 
1120	174 
1121	86 
1122	107 
1123	415 
1124	398 
1125	87 
1126	459 
1127	220 
1128	360 
1129	281 
1130	88 
1131	34 
1132	169 
1133	198 
1134	66 
1135	367 
1136	297 
1137	368 
1138	176 
1139	409 
1140	249 
1141	61 
1142	44 
1143	383 
1144	430 
1145	41 
1146	98 
1147	157 
1148	274 
1149	42 
1150	54 
1151	459 
1152	390 
1153	33 
1154	121 
1155	455 
1156	306 
1157	181 
1158	467 
1159	364 
1160	240 
1161	130 
1162	92 
1163	341 
1164	196 
1165	285 
1166	231 
1167	278 
1168	228 
1169	465 
1170	330 
1171	105 
1172	47 
1173	210 
1174	396 
1175	315 
1176	219 
1177	157 
1178	158 
1179	212 
1180	314 
1181	200 
1182	374 
1183	415 
1184	303 
1185	279 
1186	338 
1187	16 
1188	23 
1189	6 
1190	338 
1191	468 
1192	451 
1193	321 
1194	1 
1195	391 
1196	354 
1197	274 
1198	185 
1199	467 
1200	386 
1201	55 
1202	62 
1203	291 
1204	448 
1205	447 
1206	261 
1207	222 
1208	142 
1209	321 
1210	339 
1211	452 
1212	161 
1213	12 
1214	11 
1215	80 
1216	366 
1217	381 
1218	240 
1219	265 
1220	167 
1221	12 
1222	232 
1223	217 
1224	341 
1225	271 
1226	341 
1227	431 
1228	377 
1229	9 
1230	234 
1231	26 
1232	422 
1233	90 
1234	161 
1235	200 
1236	373 
1237	78 
1238	15 
1239	211 
1240	401 
1241	225 
1242	69 
1243	93 
1244	387 
1245	103 
1246	143 
1247	386 
1248	30 
1249	42 
1250	371 
1251	352 
1252	213 
1253	42 
1254	283 
1255	251 
1256	96 
1257	425 
1258	385 
1259	146 
1260	54 
1261	36 
1262	190 
1263	271 
1264	4 
1265	112 
1266	408 
1267	52 
1268	39 
1269	403 
1270	14 
1271	405 
1272	161 
1273	206 
1274	81 
1275	453 
1276	135 
1277	61 
1278	154 
1279	152 
1280	131 
1281	344 
1282	298 
1283	379 
1284	73 
1285	421 
1286	340 
1287	397 
1288	287 
1289	84 
1290	123 
1291	49 
1292	17 
1293	143 
1294	142 
1295	460 
1296	428 
1297	428 
1298	268 
1299	407 
1300	466 
1301	164 
1302	335 
1303	35 
1304	264 
1305	214 
1306	370 
1307	288 
1308	309 
1309	123 
1310	16 
1311	345 
1312	200 
1313	423 
1314	391 
1315	449 
1316	223 
1317	278 
1318	405 
1319	226 
1320	22 
1321	182 
1322	171 
1323	185 
1324	81 
1325	108 
1326	37 
1327	456 
1328	454 
1329	280 
1330	318 
1331	35 
1332	166 
1333	352 
1334	71 
1335	464 
1336	87 
1337	469 
1338	463 
1339	169 
1340	213 
1341	186 
1342	298 
1343	46 
1344	425 
1345	268 
1346	68 
1347	185 
1348	416 
1349	316 
1350	10 
1351	215 
1352	69 
1353	444 
1354	415 
1355	247 
1356	382 
1357	184 
1358	359 
1359	254 
1360	444 
1361	229 
1362	165 
1363	332 
1364	28 
1365	301 
1366	298 
1367	249 
1368	162 
1369	152 
1370	13 
1371	100 
1372	251 
1373	434 
1374	420 
1375	195 
1376	63 
1377	284 
1378	264 
1379	133 
1380	241 
1381	99 
1382	205 
1383	443 
1384	412 
1385	279 
1386	140 
1387	105 
1388	279 
1389	354 
1390	272 
1391	187 
1392	366 
1393	198 
1394	230 
1395	275 
1396	5 
1397	210 
1398	8 
1399	6 
1400	221 
1401	214 
1402	85 
1403	182 
1404	187 
1405	265 
1406	127 
1407	220 
1408	368 
1409	341 
1410	82 
1411	170 
1412	419 
1413	143 
1414	448 
1415	316 
1416	111 
1417	417 
1418	158 
1419	244 
1420	361 
1421	221 
1422	376 
1423	156 
1424	136 
1425	70 
1426	65 
1427	228 
1428	29 
1429	399 
1430	29 
1431	438 
1432	46 
1433	110 
1434	334 
1435	241 
1436	278 
1437	331 
1438	97 
1439	23 
1440	117 
1441	84 
1442	434 
1443	98 
1444	160 
1445	69 
1446	465 
1447	378 
1448	154 
1449	117 
1450	227 
1451	76 
1452	74 
1453	239 
1454	438 
1455	209 
1456	466 
1457	74 
1458	296 
1459	286 
1460	342 
1461	233 
1462	455 
1463	381 
1464	401 
1465	242 
1466	339 
1467	236 
1468	372 
1469	311 
1470	177 
1471	326 
1472	127 
1473	49 
1474	125 
1475	1 
1476	351 
1477	458 
1478	63 
1479	366 
1480	65 
1481	146 
1482	411 
1483	461 
1484	324 
1485	192 
1486	318 
1487	275 
1488	166 
1489	109 
1490	231 
1491	396 
1492	277 
1493	335 
1494	453 
1495	25 
1496	22 
1497	92 
1498	454 
1499	135 
1500	45 
1501	251 
1502	75 
1503	439 
1504	433 
1505	138 
1506	100 
1507	354 
1508	303 
1509	465 
1510	335 
1511	408 
1512	92 
1513	389 
1514	138 
1515	361 
1516	4 
1517	371 
1518	75 
1519	303 
1520	204 
1521	397 
1522	214 
1523	314 
1524	205 
1525	202 
1526	41 
1527	323 
1528	254 
1529	285 
1530	296 
1531	47 
1532	300 
1533	223 
1534	264 
1535	7 
1536	20 
1537	168 
1538	123 
1539	54 
1540	100 
1541	460 
1542	41 
1543	72 
1544	245 
1545	142 
1546	101 
1547	340 
1548	184 
1549	422 
1550	230 
1551	85 
1552	20 
1553	120 
1554	277 
1555	147 
1556	329 
1557	155 
1558	373 
1559	67 
1560	422 
1561	297 
1562	244 
1563	251 
1564	235 
1565	236 
1566	42 
1567	207 
1568	267 
1569	360 
1570	367 
1571	152 
1572	204 
1573	374 
1574	196 
1575	179 
1576	391 
1577	133 
1578	121 
1579	234 
1580	291 
1581	125 
1582	19 
1583	447 
1584	44 
1585	115 
1586	270 
1587	53 
1588	326 
1589	331 
1590	299 
1591	208 
1592	175 
1593	308 
1594	463 
1595	70 
1596	115 
1597	78 
1598	363 
1599	442 
1600	334 
1601	102 
1602	271 
1603	51 
1604	54 
1605	198 
1606	204 
1607	316 
1608	360 
1609	329 
1610	39 
1611	122 
1612	319 
1613	206 
1614	179 
1615	322 
1616	430 
1617	318 
1618	79 
1619	32 
1620	113 
1621	17 
1622	26 
1623	228 
1624	171 
1625	419 
1626	70 
1627	200 
1628	189 
1629	22 
1630	160 
1631	228 
1632	214 
1633	343 
1634	325 
1635	428 
1636	205 
1637	279 
1638	337 
1639	405 
1640	412 
1641	176 
1642	275 
1643	455 
1644	186 
1645	316 
1646	198 
1647	354 
1648	327 
1649	428 
1650	459 
1651	63 
1652	99 
1653	402 
1654	8 
1655	124 
1656	395 
1657	24 
1658	213 
1659	211 
1660	175 
1661	407 
1662	191 
1663	320 
1664	52 
1665	200 
1666	103 
1667	43 
1668	121 
1669	282 
1670	230 
1671	433 
1672	204 
1673	221 
1674	185 
1675	227 
1676	244 
1677	245 
1678	424 
1679	232 
1680	457 
1681	373 
1682	9 
1683	174 
1684	328 
1685	265 
1686	230 
1687	225 
1688	71 
1689	119 
1690	107 
1691	336 
1692	286 
1693	297 
1694	228 
1695	57 
1696	381 
1697	141 
1698	398 
1699	55 
1700	125 
1701	307 
1702	86 
1703	306 
1704	244 
1705	56 
1706	432 
1707	394 
1708	423 
1709	126 
1710	97 
1711	326 
1712	195 
1713	243 
1714	145 
1715	175 
1716	102 
1717	50 
1718	109 
1719	284 
1720	285 
1721	25 
1722	412 
1723	204 
1724	16 
1725	237 
1726	153 
1727	98 
1728	394 
1729	247 
1730	171 
1731	226 
1732	347 
1733	48 
1734	105 
1735	170 
1736	271 
1737	186 
1738	26 
1739	379 
1740	107 
1741	211 
1742	371 
1743	349 
1744	454 
1745	372 
1746	58 
1747	218 
1748	200 
1749	42 
1750	107 
1751	84 
1752	143 
1753	339 
1754	132 
1755	347 
1756	350 
1757	277 
1758	87 
1759	192 
1760	223 
1761	32 
1762	211 
1763	316 
1764	78 
1765	100 
1766	217 
1767	245 
1768	341 
1769	360 
1770	300 
1771	409 
1772	226 
1773	356 
1774	440 
1775	177 
1776	157 
1777	313 
1778	270 
1779	238 
1780	275 
1781	396 
1782	125 
1783	358 
1784	345 
1785	217 
1786	394 
1787	359 
1788	243 
1789	246 
1790	323 
1791	283 
1792	155 
1793	50 
1794	187 
1795	85 
1796	16 
1797	252 
1798	112 
1799	88 
1800	291 
1801	458 
1802	449 
1803	336 
1804	418 
1805	287 
1806	328 
1807	257 
1808	82 
1809	37 
1810	360 
1811	180 
1812	278 
1813	439 
1814	168 
1815	370 
1816	96 
1817	71 
1818	279 
1819	168 
1820	415 
1821	93 
1822	179 
1823	387 
1824	92 
1825	30 
1826	39 
1827	113 
1828	193 
1829	120 
1830	315 
1831	326 
1832	271 
1833	381 
1834	18 
1835	142 
1836	262 
1837	220 
1838	313 
1839	361 
1840	228 
1841	343 
1842	68 
1843	152 
1844	103 
1845	160 
1846	75 
1847	301 
1848	93 
1849	204 
1850	70 
1851	139 
1852	141 
1853	239 
1854	440 
1855	101 
1856	433 
1857	95 
1858	270 
1859	378 
1860	352 
1861	307 
1862	205 
1863	34 
1864	68 
1865	161 
1866	421 
1867	44 
1868	260 
1869	127 
1870	83 
1871	161 
1872	17 
1873	425 
1874	355 
1875	137 
1876	390 
1877	398 
1878	217 
1879	268 
1880	433 
1881	46 
1882	398 
1883	241 
1884	458 
1885	375 
1886	125 
1887	158 
1888	51 
1889	178 
1890	90 
1891	396 
1892	195 
1893	403 
1894	357 
1895	414 
1896	63 
1897	163 
1898	20 
1899	352 
1900	204 
1901	122 
1902	351 
1903	326 
1904	152 
1905	29 
1906	230 
1907	78 
1908	416 
1909	281 
1910	158 
1911	32 
1912	461 
1913	469 
1914	363 
1915	154 
1916	236 
1917	375 
1918	103 
1919	444 
1920	465 
1921	143 
1922	284 
1923	399 
1924	358 
1925	109 
1926	361 
1927	121 
1928	113 
1929	108 
1930	289 
1931	48 
1932	108 
1933	270 
1934	44 
1935	387 
1936	283 
1937	326 
1938	388 
1939	99 
1940	337 
1941	402 
1942	335 
1943	171 
1944	170 
1945	389 
1946	223 
1947	468 
1948	227 
1949	266 
1950	55 
1951	302 
1952	144 
1953	286 
1954	231 
1955	25 
1956	351 
1957	445 
1958	433 
1959	70 
1960	313 
1961	229 
1962	387 
1963	102 
1964	314 
1965	179 
1966	358 
1967	335 
1968	429 
1969	129 
1970	89 
1971	275 
1972	443 
1973	365 
1974	358 
1975	279 
1976	146 
1977	39 
1978	45 
1979	437 
1980	320 
1981	276 
1982	317 
1983	447 
1984	83 
1985	199 
1986	19 
1987	261 
1988	284 
1989	444 
1990	226 
1991	178 
1992	96 
1993	383 
1994	57 
1995	322 
1996	446 
1997	70 
1998	130 
1999	434 
2000	237 
2001	438 
2002	40 
2003	162 
2004	455 
2005	414 
2006	377 
2007	89 
2008	87 
2009	263 
2010	121 
2011	199 
2012	77 
2013	106 
2014	158 
2015	443 
2016	254 
2017	282 
2018	338 
2019	205 
2020	418 
2021	406 
2022	222 
2023	141 
2024	188 
2025	122 
2026	190 
2027	248 
2028	54 
2029	174 
2030	283 
2031	205 
2032	3 
2033	170 
2034	307 
2035	190 
2036	452 
2037	449 
2038	6 
2039	71 
2040	94 
2041	289 
2042	355 
2043	383 
2044	387 
2045	233 
2046	354 
2047	275 
2048	339 
2049	367 
2050	294 
2051	398 
2052	422 
2053	183 
2054	145 
2055	325 
2056	232 
2057	112 
2058	371 
2059	447 
2060	464 
2061	116 
2062	92 
2063	124 
2064	56 
2065	58 
2066	433 
2067	281 
2068	235 
2069	221 
2070	461 
2071	455 
2072	74 
2073	200 
2074	319 
2075	158 
2076	23 
2077	13 
2078	299 
2079	146 
2080	12 
2081	376 
2082	336 
2083	282 
2084	353 
2085	134 
2086	184 
2087	122 
2088	353 
2089	100 
2090	245 
2091	64 
2092	305 
2093	10 
2094	107 
2095	312 
2096	46 
2097	404 
2098	323 
2099	415 
2100	101 
2101	94 
2102	447 
2103	95 
2104	246 
2105	31 
2106	1 
2107	48 
2108	398 
2109	363 
2110	94 
2111	40 
2112	105 
2113	205 
2114	444 
2115	196 
2116	169 
2117	453 
2118	133 
2119	466 
2120	241 
2121	219 
2122	325 
2123	68 
2124	165 
2125	94 
2126	18 
2127	22 
2128	203 
2129	302 
2130	59 
2131	365 
2132	274 
2133	26 
2134	325 
2135	330 
2136	310 
2137	200 
2138	348 
2139	454 
2140	255 
2141	455 
2142	407 
2143	140 
2144	268 
2145	223 
2146	373 
2147	143 
2148	418 
2149	244 
2150	176 
2151	147 
2152	294 
2153	249 
2154	377 
2155	269 
2156	267 
2157	383 
2158	308 
2159	285 
2160	157 
2161	92 
2162	68 
2163	57 
2164	73 
2165	262 
2166	404 
2167	245 
2168	448 
2169	461 
2170	344 
2171	51 
2172	410 
2173	126 
2174	363 
2175	461 
2176	392 
2177	47 
2178	40 
2179	23 
2180	136 
2181	41 
2182	185 
2183	164 
2184	453 
2185	371 
2186	194 
2187	264 
2188	289 
2189	232 
2190	24 
2191	290 
2192	274 
2193	99 
2194	43 
2195	169 
2196	362 
2197	291 
2198	76 
2199	424 
2200	419 
2201	107 
2202	46 
2203	205 
2204	230 
2205	329 
2206	394 
2207	239 
2208	235 
2209	356 
2210	17 
2211	429 
2212	341 
2213	257 
2214	142 
2215	17 
2216	229 
2217	248 
2218	43 
2219	437 
2220	202 
2221	426 
2222	166 
2223	311 
2224	59 
2225	9 
2226	127 
2227	343 
2228	193 
2229	421 
2230	261 
2231	332 
2232	365 
2233	353 
2234	46 
2235	88 
2236	167 
2237	292 
2238	131 
2239	428 
2240	41 
2241	408 
2242	64 
2243	104 
2244	435 
2245	45 
2246	418 
2247	391 
2248	301 
2249	422 
2250	308 
2251	282 
2252	291 
2253	179 
2254	431 
2255	61 
2256	188 
2257	221 
2258	234 
2259	53 
2260	363 
2261	273 
2262	396 
2263	191 
2264	97 
2265	130 
2266	190 
2267	127 
2268	328 
2269	196 
2270	102 
2271	68 
2272	315 
2273	191 
2274	326 
2275	336 
2276	207 
2277	410 
2278	286 
2279	347 
2280	120 
2281	427 
2282	170 
2283	157 
2284	360 
2285	368 
2286	121 
2287	292 
2288	178 
2289	393 
2290	333 
2291	114 
2292	42 
2293	445 
2294	299 
2295	264 
2296	284 
2297	205 
2298	53 
2299	237 
2300	297 
2301	267 
2302	330 
2303	230 
2304	305 
2305	329 
2306	196 
2307	96 
2308	288 
2309	137 
2310	372 
2311	233 
2312	95 
2313	203 
2314	71 
2315	157 
2316	412 
2317	274 
2318	191 
2319	252 
2320	166 
2321	104 
2322	405 
2323	156 
2324	199 
2325	469 
2326	263 
2327	357 
2328	328 
2329	318 
2330	278 
2331	448 
2332	117 
2333	12 
2334	351 
2335	428 
2336	99 
2337	14 
2338	56 
2339	203 
2340	189 
2341	114 
2342	363 
2343	441 
2344	188 
2345	425 
2346	229 
2347	322 
2348	457 
2349	428 
2350	67 
2351	384 
2352	193 
2353	240 
2354	294 
2355	271 
2356	354 
2357	446 
2358	428 
2359	188 
2360	439 
2361	45 
2362	292 
2363	389 
2364	260 
2365	380 
2366	63 
2367	453 
2368	357 
2369	153 
2370	150 
2371	292 
2372	445 
2373	393 
2374	115 
2375	451 
2376	416 
2377	410 
2378	168 
2379	406 
2380	309 
2381	13 
2382	456 
2383	195 
2384	69 
2385	159 
2386	408 
2387	184 
2388	318 
2389	27 
2390	172 
2391	206 
2392	345 
2393	377 
2394	129 
2395	137 
2396	135 
2397	407 
2398	457 
2399	92 
2400	181 
2401	83 
2402	396 
2403	303 
2404	143 
2405	447 
2406	7 
2407	286 
2408	443 
2409	163 
2410	49 
2411	228 
2412	283 
2413	293 
2414	6 
2415	195 
2416	199 
2417	71 
2418	261 
2419	259 
2420	334 
2421	251 
2422	17 
2423	218 
2424	316 
2425	315 
2426	258 
2427	235 
2428	349 
2429	137 
2430	225 
2431	388 
2432	412 
2433	221 
2434	320 
2435	185 
2436	123 
2437	266 
2438	400 
2439	312 
2440	383 
2441	178 
2442	466 
2443	157 
2444	465 
2445	179 
2446	406 
2447	110 
2448	350 
2449	254 
2450	201 
2451	275 
2452	187 
2453	179 
2454	387 
2455	255 
2456	312 
2457	449 
2458	298 
2459	460 
2460	9 
2461	284 
2462	101 
2463	258 
2464	87 
2465	249 
2466	60 
2467	318 
2468	308 
2469	443 
2470	280 
2471	267 
2472	115 
2473	223 
2474	400 
2475	270 
2476	450 
2477	361 
2478	203 
2479	124 
2480	454 
2481	161 
2482	219 
2483	348 
2484	367 
2485	89 
2486	81 
2487	107 
2488	398 
2489	264 
2490	221 
2491	58 
2492	244 
2493	264 
2494	364 
2495	108 
2496	319 
2497	162 
2498	22 
2499	249 
2500	256 
2501	293 
2502	319 
2503	245 
2504	454 
2505	89 
2506	34 
2507	159 
2508	404 
2509	38 
2510	417 
2511	160 
2512	297 
2513	141 
2514	215 
2515	367 
2516	201 
2517	120 
2518	383 
2519	98 
2520	293 
2521	18 
2522	157 
2523	84 
2524	443 
2525	423 
2526	260 
2527	412 
2528	427 
2529	405 
2530	327 
2531	135 
2532	133 
2533	131 
2534	86 
2535	114 
2536	367 
2537	13 
2538	157 
2539	45 
2540	180 
2541	238 
2542	454 
2543	11 
2544	423 
2545	141 
2546	184 
2547	301 
2548	417 
2549	288 
2550	325 
2551	218 
2552	216 
2553	112 
2554	40 
2555	379 
2556	312 
2557	239 
2558	400 
2559	448 
2560	274 
2561	151 
2562	318 
2563	166 
2564	86 
2565	116 
2566	435 
2567	6 
2568	5 
2569	349 
2570	41 
2571	173 
2572	199 
2573	445 
2574	464 
2575	325 
2576	333 
2577	456 
2578	117 
2579	392 
2580	392 
2581	406 
2582	1 
2583	214 
2584	172 
2585	120 
2586	96 
2587	205 
2588	40 
2589	324 
2590	207 
2591	55 
2592	108 
2593	66 
2594	194 
2595	186 
2596	217 
2597	1 
2598	50 
2599	124 
2600	465 
2601	441 
2602	435 
2603	362 
2604	196 
2605	194 
2606	2 
2607	42 
2608	145 
2609	324 
2610	254 
2611	76 
2612	420 
2613	237 
2614	358 
2615	56 
2616	381 
2617	404 
2618	402 
2619	369 
2620	356 
2621	413 
2622	225 
2623	103 
2624	454 
2625	123 
2626	467 
2627	415 
2628	414 
2629	251 
2630	395 
2631	423 
2632	321 
2633	29 
2634	206 
2635	185 
2636	52 
2637	159 
2638	347 
2639	429 
2640	454 
2641	436 
2642	171 
2643	320 
2644	203 
2645	460 
2646	29 
2647	157 
2648	171 
2649	117 
2650	456 
2651	269 
2652	148 
2653	11 
2654	150 
2655	117 
2656	381 
2657	325 
2658	123 
2659	457 
2660	349 
2661	171 
2662	255 
2663	415 
2664	330 
2665	397 
2666	458 
2667	215 
2668	84 
2669	141 
2670	304 
2671	169 
2672	19 
2673	249 
2674	14 
2675	308 
2676	246 
2677	19 
2678	221 
2679	227 
2680	224 
2681	9 
2682	194 
2683	390 
2684	400 
2685	450 
2686	329 
2687	365 
2688	214 
2689	394 
2690	295 
2691	355 
2692	293 
2693	103 
2694	42 
2695	77 
2696	383 
2697	48 
2698	360 
2699	17 
2700	349 
2701	363 
2702	356 
2703	108 
2704	223 
2705	289 
2706	105 
2707	127 
2708	29 
2709	248 
2710	253 
2711	17 
2712	269 
2713	377 
2714	5 
2715	303 
2716	411 
2717	257 
2718	365 
2719	360 
2720	361 
2721	297 
2722	467 
2723	36 
2724	346 
2725	169 
2726	350 
2727	155 
2728	101 
2729	115 
2730	272 
2731	289 
2732	343 
2733	55 
2734	183 
2735	53 
2736	184 
2737	338 
2738	133 
2739	40 
2740	345 
2741	43 
2742	427 
2743	35 
2744	353 
2745	230 
2746	37 
2747	279 
2748	209 
2749	372 
2750	290 
2751	63 
2752	163 
2753	79 
2754	123 
2755	365 
2756	462 
2757	433 
2758	243 
2759	43 
2760	3 
2761	48 
2762	140 
2763	121 
2764	110 
2765	10 
2766	422 
2767	240 
2768	422 
2769	208 
2770	224 
2771	326 
2772	245 
2773	145 
2774	450 
2775	144 
2776	254 
2777	403 
2778	95 
2779	159 
2780	271 
2781	85 
2782	316 
2783	341 
2784	215 
2785	9 
2786	213 
2787	279 
2788	126 
2789	107 
2790	338 
2791	310 
2792	362 
2793	373 
2794	345 
2795	405 
2796	461 
2797	265 
2798	234 
2799	280 
2800	223 
2801	136 
2802	321 
2803	119 
2804	148 
2805	37 
2806	128 
2807	345 
2808	415 
2809	212 
2810	396 
2811	213 
2812	126 
2813	26 
2814	256 
2815	288 
2816	386 
2817	426 
2818	40 
2819	310 
2820	57 
2821	426 
2822	369 
2823	43 
2824	379 
2825	191 
2826	218 
2827	354 
2828	286 
2829	326 
2830	424 
2831	447 
2832	28 
2833	80 
2834	450 
2835	219 
2836	294 
2837	357 
2838	170 
2839	171 
2840	232 
2841	363 
2842	126 
2843	66 
2844	185 
2845	43 
2846	203 
2847	374 
2848	122 
2849	87 
2850	307 
2851	406 
2852	245 
2853	295 
2854	395 
2855	447 
2856	411 
2857	229 
2858	364 
2859	347 
2860	168 
2861	290 
2862	379 
2863	141 
2864	64 
2865	413 
2866	373 
2867	251 
2868	311 
2869	94 
2870	285 
2871	94 
2872	54 
2873	437 
2874	235 
2875	266 
2876	437 
2877	149 
2878	169 
2879	237 
2880	36 
2881	442 
2882	105 
2883	116 
2884	139 
2885	282 
2886	113 
2887	250 
2888	408 
2889	69 
2890	164 
2891	27 
2892	195 
2893	381 
2894	448 
2895	338 
2896	53 
2897	230 
2898	385 
2899	27 
2900	317 
2901	164 
2902	391 
2903	4 
2904	268 
2905	221 
2906	436 
2907	306 
2908	465 
2909	290 
2910	169 
2911	46 
2912	220 
2913	398 
2914	89 
2915	343 
2916	8 
2917	378 
2918	323 
2919	5 
2920	333 
2921	218 
2922	166 
2923	113 
2924	205 
2925	21 
2926	294 
2927	286 
2928	242 
2929	259 
2930	232 
2931	370 
2932	461 
2933	259 
2934	392 
2935	461 
2936	448 
2937	4 
2938	30 
2939	188 
2940	35 
2941	3 
2942	326 
2943	200 
2944	121 
2945	447 
2946	87 
2947	340 
2948	265 
2949	265 
2950	457 
2951	365 
2952	136 
2953	126 
2954	389 
2955	272 
2956	40 
2957	405 
2958	322 
2959	465 
2960	210 
2961	80 
2962	158 
2963	82 
2964	66 
2965	229 
2966	273 
2967	99 
2968	213 
2969	96 
2970	193 
2971	29 
2972	462 
2973	303 
2974	37 
2975	55 
2976	309 
2977	403 
2978	336 
2979	307 
2980	71 
2981	151 
2982	376 
2983	385 
2984	392 
2985	269 
2986	397 
2987	141 
2988	135 
2989	405 
2990	106 
2991	63 
2992	145 
2993	129 
2994	275 
2995	309 
2996	258 
2997	293 
2998	372 
2999	358 
3000	181 
3001	37 
3002	148 
3003	195 
3004	408 
3005	450 
3006	316 
3007	269 
3008	368 
3009	405 
3010	329 
3011	143 
3012	63 
3013	152 
3014	356 
3015	127 
3016	76 
3017	48 
3018	4 
3019	99 
3020	150 
3021	167 
3022	439 
3023	22 
3024	127 
3025	452 
3026	192 
3027	21 
3028	125 
3029	432 
3030	104 
3031	53 
3032	215 
3033	324 
3034	415 
3035	340 
3036	244 
3037	10 
3038	201 
3039	465 
3040	25 
3041	152 
3042	190 
3043	70 
3044	243 
3045	454 
3046	383 
3047	348 
3048	40 
3049	189 
3050	102 
3051	205 
3052	260 
3053	142 
3054	274 
3055	434 
3056	345 
3057	213 
3058	202 
3059	323 
3060	251 
3061	170 
3062	413 
3063	50 
3064	295 
3065	137 
3066	56 
3067	441 
3068	317 
3069	178 
3070	360 
3071	446 
3072	105 
3073	121 
3074	45 
3075	462 
3076	9 
3077	47 
3078	258 
3079	84 
3080	137 
3081	59 
3082	11 
3083	412 
3084	298 
3085	125 
3086	428 
3087	28 
3088	249 
3089	429 
3090	210 
3091	254 
3092	351 
3093	308 
3094	322 
3095	103 
3096	73 
3097	47 
3098	241 
3099	35 
3100	340 
3101	75 
3102	109 
3103	387 
3104	374 
3105	121 
3106	182 
3107	292 
3108	434 
3109	367 
3110	320 
3111	369 
3112	21 
3113	201 
3114	373 
3115	328 
3116	407 
3117	294 
3118	17 
3119	354 
3120	218 
3121	193 
3122	73 
3123	193 
3124	453 
3125	424 
3126	12 
3127	326 
3128	290 
3129	290 
3130	383 
3131	124 
3132	257 
3133	392 
3134	314 
3135	199 
3136	297 
3137	271 
3138	453 
3139	325 
3140	62 
3141	59 
3142	227 
3143	348 
3144	425 
3145	63 
3146	61 
3147	155 
3148	271 
3149	392 
3150	298 
3151	159 
3152	313 
3153	372 
3154	208 
3155	116 
3156	153 
3157	399 
3158	423 
3159	414 
3160	84 
3161	301 
3162	138 
3163	123 
3164	127 
3165	1 
3166	446 
3167	344 
3168	395 
3169	415 
3170	177 
3171	252 
3172	122 
3173	446 
3174	379 
3175	90 
3176	182 
3177	310 
3178	144 
3179	254 
3180	159 
3181	233 
3182	275 
3183	143 
3184	82 
3185	381 
3186	373 
3187	352 
3188	384 
3189	280 
3190	350 
3191	14 
3192	105 
3193	32 
3194	317 
3195	207 
3196	107 
3197	360 
3198	288 
3199	297 
3200	92 
3201	393 
3202	423 
3203	404 
3204	63 
3205	115 
3206	170 
3207	82 
3208	240 
3209	205 
3210	78 
3211	24 
3212	36 
3213	263 
3214	432 
3215	128 
3216	256 
3217	125 
3218	31 
3219	5 
3220	449 
3221	63 
3222	246 
3223	86 
3224	421 
3225	182 
3226	425 
3227	69 
3228	90 
3229	419 
3230	385 
3231	348 
3232	35 
3233	452 
3234	157 
3235	17 
3236	170 
3237	62 
3238	199 
3239	356 
3240	137 
3241	328 
3242	279 
3243	60 
3244	49 
3245	20 
3246	54 
3247	374 
3248	165 
3249	434 
3250	462 
3251	393 
3252	343 
3253	392 
3254	109 
3255	308 
3256	315 
3257	172 
3258	195 
3259	264 
3260	173 
3261	432 
3262	369 
3263	260 
3264	151 
3265	313 
3266	268 
3267	375 
3268	94 
3269	242 
3270	182 
3271	13 
3272	62 
3273	422 
3274	390 
3275	392 
3276	271 
3277	469 
3278	451 
3279	44 
3280	435 
3281	237 
3282	228 
3283	416 
3284	445 
3285	152 
3286	418 
3287	267 
3288	302 
3289	189 
3290	258 
3291	220 
3292	172 
3293	201 
3294	162 
3295	245 
3296	349 
3297	70 
3298	60 
3299	242 
3300	248 
3301	89 
3302	30 
3303	324 
3304	1 
3305	358 
3306	148 
3307	371 
3308	262 
3309	67 
3310	236 
3311	358 
3312	232 
3313	217 
3314	108 
3315	36 
3316	403 
3317	334 
3318	467 
3319	389 
3320	262 
3321	244 
3322	95 
3323	64 
3324	311 
3325	435 
3326	405 
3327	26 
3328	380 
3329	49 
3330	199 
3331	448 
3332	273 
3333	296 
3334	417 
3335	202 
3336	163 
3337	333 
3338	118 
3339	173 
3340	117 
3341	151 
3342	231 
3343	180 
3344	88 
3345	255 
3346	262 
3347	370 
3348	443 
3349	324 
3350	464 
3351	351 
3352	114 
3353	243 
3354	193 
3355	179 
3356	387 
3357	75 
3358	221 
3359	44 
3360	196 
3361	449 
3362	263 
3363	340 
3364	122 
3365	367 
3366	330 
3367	250 
3368	94 
3369	419 
3370	360 
3371	368 
3372	138 
3373	136 
3374	238 
3375	342 
3376	40 
3377	157 
3378	431 
3379	328 
3380	205 
3381	83 
3382	371 
3383	29 
3384	289 
3385	467 
3386	371 
3387	25 
3388	63 
3389	45 
3390	290 
3391	273 
3392	71 
3393	47 
3394	292 
3395	332 
3396	464 
3397	149 
3398	320 
3399	436 
3400	285 
3401	282 
3402	158 
3403	369 
3404	83 
3405	152 
3406	100 
3407	165 
3408	172 
3409	392 
3410	391 
3411	270 
3412	334 
3413	203 
3414	69 
3415	167 
3416	219 
3417	360 
3418	264 
3419	113 
3420	230 
3421	251 
3422	222 
3423	433 
3424	312 
3425	20 
3426	391 
3427	199 
3428	341 
3429	451 
3430	299 
3431	168 
3432	106 
3433	242 
3434	388 
3435	223 
3436	357 
3437	364 
3438	143 
3439	101 
3440	172 
3441	174 
3442	284 
3443	255 
3444	52 
3445	408 
3446	165 
3447	383 
3448	463 
3449	355 
3450	383 
3451	101 
3452	184 
3453	218 
3454	247 
3455	138 
3456	205 
3457	27 
3458	399 
3459	348 
3460	61 
3461	137 
3462	209 
3463	387 
3464	92 
3465	438 
3466	105 
3467	288 
3468	342 
3469	217 
3470	324 
3471	135 
3472	198 
3473	255 
3474	263 
3475	282 
3476	77 
3477	368 
3478	381 
3479	230 
3480	319 
3481	189 
3482	156 
3483	141 
3484	370 
3485	259 
3486	149 
3487	327 
3488	313 
3489	459 
3490	373 
3491	230 
3492	202 
3493	107 
3494	94 
3495	308 
3496	2 
3497	421 
3498	197 
3499	445 
3500	300 
3501	343 
3502	23 
3503	72 
3504	217 
3505	138 
3506	155 
3507	396 
3508	57 
3509	93 
3510	102 
3511	17 
3512	345 
3513	11 
3514	316 
3515	2 
3516	455 
3517	129 
3518	419 
3519	32 
3520	250 
3521	249 
3522	132 
3523	292 
3524	418 
3525	13 
3526	72 
3527	187 
3528	423 
3529	27 
3530	396 
3531	409 
3532	167 
3533	214 
3534	413 
3535	436 
3536	128 
3537	388 
3538	241 
3539	302 
3540	297 
3541	71 
3542	433 
3543	199 
3544	179 
3545	410 
3546	75 
3547	200 
3548	382 
3549	113 
3550	80 
3551	367 
3552	317 
3553	119 
3554	240 
3555	2 
3556	286 
3557	410 
3558	428 
3559	144 
3560	78 
3561	342 
3562	256 
3563	253 
3564	162 
3565	97 
3566	7 
3567	273 
3568	225 
3569	36 
3570	295 
3571	374 
3572	316 
3573	250 
3574	370 
3575	248 
3576	347 
3577	184 
3578	427 
3579	230 
3580	188 
3581	356 
3582	141 
3583	402 
3584	110 
3585	65 
3586	242 
3587	92 
3588	135 
3589	254 
3590	18 
3591	30 
3592	182 
3593	451 
3594	79 
3595	197 
3596	275 
3597	290 
3598	206 
3599	430 
3600	408 
3601	360 
3602	75 
3603	152 
3604	433 
3605	294 
3606	416 
3607	370 
3608	43 
3609	314 
3610	322 
3611	67 
3612	34 
3613	27 
3614	460 
3615	315 
3616	440 
3617	151 
3618	157 
3619	452 
3620	16 
3621	266 
3622	450 
3623	134 
3624	194 
3625	335 
3626	428 
3627	230 
3628	339 
3629	115 
3630	90 
3631	279 
3632	136 
3633	93 
3634	82 
3635	54 
3636	173 
3637	161 
3638	29 
3639	73 
3640	381 
3641	371 
3642	334 
3643	146 
3644	186 
3645	369 
3646	239 
3647	391 
3648	307 
3649	145 
3650	240 
3651	398 
3652	317 
3653	245 
3654	413 
3655	281 
3656	60 
3657	296 
3658	10 
3659	14 
3660	461 
3661	408 
3662	386 
3663	192 
3664	242 
3665	165 
3666	172 
3667	46 
3668	439 
3669	229 
3670	246 
3671	423 
3672	280 
3673	136 
3674	260 
3675	302 
3676	250 
3677	407 
3678	181 
3679	99 
3680	322 
3681	405 
3682	259 
3683	386 
3684	361 
3685	49 
3686	156 
3687	427 
3688	2 
3689	308 
3690	56 
3691	42 
3692	196 
3693	456 
3694	444 
3695	407 
3696	368 
3697	251 
3698	247 
3699	262 
3700	237 
3701	27 
3702	229 
3703	8 
3704	285 
3705	209 
3706	244 
3707	165 
3708	343 
3709	270 
3710	153 
3711	438 
3712	208 
3713	381 
3714	193 
3715	366 
3716	77 
3717	437 
3718	40 
3719	329 
3720	185 
3721	467 
3722	314 
3723	256 
3724	213 
3725	397 
3726	36 
3727	329 
3728	333 
3729	21 
3730	433 
3731	141 
3732	448 
3733	433 
3734	34 
3735	158 
3736	173 
3737	294 
3738	64 
3739	452 
3740	386 
3741	289 
3742	201 
3743	299 
3744	416 
3745	388 
3746	55 
3747	69 
3748	38 
3749	52 
3750	263 
3751	308 
3752	395 
3753	289 
3754	26 
3755	46 
3756	145 
3757	287 
3758	26 
3759	451 
3760	96 
3761	370 
3762	301 
3763	431 
3764	296 
3765	395 
3766	111 
3767	259 
3768	448 
3769	253 
3770	223 
3771	380 
3772	285 
3773	366 
3774	292 
3775	411 
3776	240 
3777	58 
3778	238 
3779	350 
3780	11 
3781	397 
3782	314 
3783	173 
3784	214 
3785	407 
3786	433 
3787	375 
3788	20 
3789	124 
3790	185 
3791	297 
3792	29 
3793	377 
3794	169 
3795	35 
3796	45 
3797	201 
3798	143 
3799	293 
3800	401 
3801	462 
3802	448 
3803	368 
3804	261 
3805	40 
3806	50 
3807	374 
3808	226 
3809	42 
3810	391 
3811	269 
3812	380 
3813	53 
3814	192 
3815	198 
3816	253 
3817	406 
3818	208 
3819	310 
3820	87 
3821	238 
3822	253 
3823	37 
3824	71 
3825	424 
3826	221 
3827	7 
3828	94 
3829	179 
3830	461 
3831	91 
3832	162 
3833	142 
3834	422 
3835	145 
3836	146 
3837	313 
3838	430 
3839	141 
3840	74 
3841	254 
3842	157 
3843	330 
3844	200 
3845	124 
3846	266 
3847	449 
3848	65 
3849	121 
3850	233 
3851	244 
3852	412 
3853	333 
3854	420 
3855	94 
3856	441 
3857	102 
3858	221 
3859	91 
3860	223 
3861	296 
3862	368 
3863	287 
3864	6 
3865	28 
3866	450 
3867	427 
3868	102 
3869	380 
3870	208 
3871	468 
3872	242 
3873	465 
3874	420 
3875	71 
3876	391 
3877	434 
3878	211 
3879	434 
3880	61 
3881	128 
3882	438 
3883	226 
3884	340 
3885	467 
3886	428 
3887	232 
3888	267 
3889	40 
3890	129 
3891	65 
3892	261 
3893	259 
3894	434 
3895	423 
3896	192 
3897	164 
3898	405 
3899	328 
3900	112 
3901	243 
3902	384 
3903	242 
3904	149 
3905	132 
3906	399 
3907	331 
3908	36 
3909	17 
3910	157 
3911	321 
3912	63 
3913	465 
3914	446 
3915	353 
3916	370 
3917	146 
3918	331 
3919	155 
3920	439 
3921	224 
3922	290 
3923	286 
3924	196 
3925	15 
3926	173 
3927	436 
3928	422 
3929	210 
3930	406 
3931	360 
3932	422 
3933	290 
3934	99 
3935	105 
3936	126 
3937	167 
3938	201 
3939	340 
3940	348 
3941	119 
3942	453 
3943	47 
3944	61 
3945	126 
3946	361 
3947	67 
3948	96 
3949	375 
3950	304 
3951	49 
3952	203 
3953	217 
3954	187 
3955	454 
3956	351 
3957	239 
3958	12 
3959	240 
3960	69 
3961	416 
3962	271 
3963	11 
3964	234 
3965	385 
3966	438 
3967	405 
3968	351 
3969	71 
3970	317 
3971	121 
3972	49 
3973	404 
3974	110 
3975	176 
3976	202 
3977	239 
3978	103 
3979	152 
3980	179 
3981	290 
3982	191 
3983	326 
3984	289 
3985	398 
3986	26 
3987	444 
3988	467 
3989	392 
3990	102 
3991	216 
3992	259 
3993	230 
3994	301 
3995	316 
3996	206 
3997	93 
3998	373 
3999	206 
4000	316 
4001	1 
4002	96 
4003	329 
4004	302 
4005	44 
4006	326 
4007	335 
4008	245 
4009	307 
4010	303 
4011	12 
4012	146 
4013	71 
4014	190 
4015	84 
4016	87 
4017	335 
4018	367 
4019	453 
4020	68 
4021	132 
4022	331 
4023	292 
4024	253 
4025	228 
4026	124 
4027	323 
4028	115 
4029	361 
4030	319 
4031	411 
4032	430 
4033	275 
4034	228 
4035	118 
4036	175 
4037	462 
4038	224 
4039	384 
4040	334 
4041	228 
4042	37 
4043	223 
4044	285 
4045	87 
4046	179 
4047	328 
4048	290 
4049	383 
4050	70 
4051	82 
4052	350 
4053	299 
4054	468 
4055	197 
4056	173 
4057	126 
4058	394 
4059	129 
4060	142 
4061	48 
4062	305 
4063	149 
4064	376 
4065	244 
4066	233 
4067	286 
4068	46 
4069	273 
4070	396 
4071	274 
4072	241 
4073	447 
4074	376 
4075	313 
4076	445 
4077	112 
4078	53 
4079	185 
4080	376 
4081	70 
4082	201 
4083	35 
4084	337 
4085	354 
4086	107 
4087	34 
4088	403 
4089	397 
4090	196 
4091	467 
4092	357 
4093	143 
4094	23 
4095	158 
4096	424 
4097	312 
4098	53 
4099	251 
4100	73 
4101	417 
4102	212 
4103	260 
4104	140 
4105	37 
4106	224 
4107	295 
4108	112 
4109	85 
4110	334 
4111	193 
4112	417 
4113	190 
4114	287 
4115	412 
4116	299 
4117	59 
4118	125 
4119	334 
4120	118 
4121	392 
4122	64 
4123	44 
4124	314 
4125	200 
4126	49 
4127	306 
4128	391 
4129	246 
4130	102 
4131	381 
4132	245 
4133	201 
4134	147 
4135	43 
4136	361 
4137	174 
4138	287 
4139	313 
4140	372 
4141	408 
4142	150 
4143	237 
4144	455 
4145	141 
4146	42 
4147	305 
4148	58 
4149	367 
4150	135 
4151	169 
4152	349 
4153	242 
4154	324 
4155	455 
4156	436 
4157	305 
4158	273 
4159	192 
4160	126 
4161	373 
4162	207 
4163	222 
4164	339 
4165	126 
4166	276 
4167	362 
4168	297 
4169	357 
4170	149 
4171	177 
4172	383 
4173	415 
4174	362 
4175	274 
4176	64 
4177	329 
4178	271 
4179	20 
4180	116 
4181	395 
4182	108 
4183	284 
4184	51 
4185	451 
4186	212 
4187	204 
4188	456 
4189	371 
4190	177 
4191	155 
4192	276 
4193	47 
4194	216 
4195	236 
4196	36 
4197	197 
4198	412 
4199	260 
4200	42 
4201	302 
4202	293 
4203	249 
4204	28 
4205	160 
4206	228 
4207	234 
4208	368 
4209	214 
4210	423 
4211	237 
4212	44 
4213	115 
4214	468 
4215	304 
4216	238 
4217	459 
4218	216 
4219	29 
4220	194 
4221	148 
4222	123 
4223	198 
4224	279 
4225	53 
4226	406 
4227	330 
4228	264 
4229	112 
4230	118 
4231	394 
4232	105 
4233	276 
4234	73 
4235	395 
4236	271 
4237	25 
4238	306 
4239	314 
4240	361 
4241	49 
4242	185 
4243	359 
4244	343 
4245	171 
4246	64 
4247	324 
4248	34 
4249	1 
4250	18 
4251	386 
4252	287 
4253	418 
4254	276 
4255	313 
4256	297 
4257	94 
4258	105 
4259	308 
4260	84 
4261	445 
4262	141 
4263	269 
4264	141 
4265	59 
4266	245 
4267	158 
4268	42 
4269	261 
4270	388 
4271	65 
4272	72 
4273	158 
4274	344 
4275	305 
4276	442 
4277	373 
4278	390 
4279	264 
4280	377 
4281	64 
4282	357 
4283	417 
4284	5 
4285	377 
4286	353 
4287	12 
4288	406 
4289	170 
4290	310 
4291	131 
4292	240 
4293	365 
4294	171 
4295	289 
4296	385 
4297	111 
4298	27 
4299	289 
4300	248 
4301	408 
4302	431 
4303	305 
4304	405 
4305	327 
4306	382 
4307	455 
4308	465 
4309	107 
4310	91 
4311	226 
4312	364 
4313	108 
4314	120 
4315	111 
4316	80 
4317	80 
4318	319 
4319	247 
4320	253 
4321	316 
4322	205 
4323	218 
4324	84 
4325	165 
4326	383 
4327	200 
4328	34 
4329	20 
4330	329 
4331	363 
4332	67 
4333	120 
4334	216 
4335	15 
4336	17 
4337	249 
4338	382 
4339	141 
4340	96 
4341	107 
4342	194 
4343	356 
4344	184 
4345	343 
4346	166 
4347	446 
4348	385 
4349	242 
4350	240 
4351	106 
4352	404 
4353	97 
4354	229 
4355	433 
4356	337 
4357	366 
4358	396 
4359	354 
4360	429 
4361	184 
4362	455 
4363	54 
4364	3 
4365	429 
4366	50 
4367	329 
4368	455 
4369	118 
4370	171 
4371	412 
4372	413 
4373	102 
4374	143 
4375	193 
4376	377 
4377	204 
4378	15 
4379	427 
4380	15 
4381	303 
4382	109 
4383	410 
4384	313 
4385	132 
4386	322 
4387	411 
4388	50 
4389	267 
4390	296 
4391	49 
4392	196 
4393	361 
4394	120 
4395	195 
4396	307 
4397	208 
4398	293 
4399	312 
4400	223 
4401	21 
4402	443 
4403	128 
4404	388 
4405	125 
4406	9 
4407	452 
4408	353 
4409	215 
4410	119 
4411	396 
4412	254 
4413	197 
4414	203 
4415	289 
4416	298 
4417	260 
4418	420 
4419	387 
4420	144 
4421	392 
4422	169 
4423	68 
4424	270 
4425	380 
4426	391 
4427	42 
4428	50 
4429	408 
4430	308 
4431	450 
4432	121 
4433	247 
4434	109 
4435	106 
4436	27 
4437	70 
4438	386 
4439	101 
4440	277 
4441	401 
4442	370 
4443	96 
4444	109 
4445	376 
4446	401 
4447	196 
4448	196 
4449	360 
4450	404 
4451	461 
4452	145 
4453	120 
4454	322 
4455	103 
4456	214 
4457	74 
4458	111 
4459	217 
4460	79 
4461	293 
4462	392 
4463	330 
4464	53 
4465	172 
4466	320 
4467	221 
4468	442 
4469	462 
4470	436 
4471	110 
4472	251 
4473	158 
4474	353 
4475	251 
4476	259 
4477	381 
4478	344 
4479	79 
4480	302 
4481	28 
4482	361 
4483	383 
4484	139 
4485	321 
4486	216 
4487	345 
4488	156 
4489	104 
4490	90 
4491	178 
4492	247 
4493	215 
4494	298 
4495	61 
4496	408 
4497	5 
4498	95 
4499	54 
4500	308 
4501	292 
4502	109 
4503	427 
4504	272 
4505	262 
4506	53 
4507	213 
4508	230 
4509	407 
4510	146 
4511	74 
4512	158 
4513	82 
4514	108 
4515	223 
4516	350 
4517	162 
4518	344 
4519	212 
4520	244 
4521	365 
4522	356 
4523	327 
4524	171 
4525	408 
4526	135 
4527	188 
4528	433 
4529	118 
4530	326 
4531	300 
4532	410 
4533	370 
4534	311 
4535	71 
4536	4 
4537	272 
4538	374 
4539	4 
4540	52 
4541	327 
4542	350 
4543	354 
4544	42 
4545	134 
4546	31 
4547	208 
4548	279 
4549	460 
4550	341 
4551	361 
4552	456 
4553	104 
4554	216 
4555	336 
4556	263 
4557	246 
4558	64 
4559	202 
4560	17 
4561	147 
4562	399 
4563	429 
4564	12 
4565	251 
4566	177 
4567	273 
4568	52 
4569	96 
4570	304 
4571	31 
4572	294 
4573	31 
4574	113 
4575	37 
4576	295 
4577	348 
4578	442 
4579	369 
4580	423 
4581	244 
4582	25 
4583	444 
4584	270 
4585	453 
4586	52 
4587	70 
4588	295 
4589	437 
4590	148 
4591	273 
4592	285 
4593	234 
4594	185 
4595	379 
4596	7 
4597	129 
4598	106 
4599	63 
4600	343 
4601	148 
4602	291 
4603	208 
4604	346 
4605	208 
4606	245 
4607	178 
4608	447 
4609	17 
4610	205 
4611	46 
4612	455 
4613	444 
4614	375 
4615	203 
4616	380 
4617	172 
4618	42 
4619	50 
4620	146 
4621	380 
4622	56 
4623	336 
4624	50 
4625	82 
4626	107 
4627	32 
4628	172 
4629	343 
4630	29 
4631	1 
4632	130 
4633	299 
4634	454 
4635	455 
4636	208 
4637	336 
4638	441 
4639	221 
4640	309 
4641	35 
4642	46 
4643	429 
4644	389 
4645	17 
4646	43 
4647	157 
4648	1 
4649	84 
4650	301 
4651	162 
4652	108 
4653	272 
4654	434 
4655	371 
4656	244 
4657	105 
4658	299 
4659	239 
4660	28 
4661	185 
4662	206 
4663	209 
4664	389 
4665	237 
4666	200 
4667	458 
4668	328 
4669	3 
4670	411 
4671	285 
4672	220 
4673	340 
4674	386 
4675	354 
4676	254 
4677	362 
4678	361 
4679	102 
4680	273 
4681	367 
4682	237 
4683	270 
4684	406 
4685	70 
4686	416 
4687	218 
4688	439 
4689	61 
4690	390 
4691	177 
4692	279 
4693	316 
4694	32 
4695	320 
4696	251 
4697	46 
4698	456 
4699	440 
4700	113 
4701	195 
4702	172 
4703	397 
4704	451 
4705	105 
4706	143 
4707	429 
4708	328 
4709	172 
4710	134 
4711	265 
4712	354 
4713	94 
4714	363 
4715	459 
4716	32 
4717	434 
4718	344 
4719	372 
4720	229 
4721	131 
4722	394 
4723	289 
4724	149 
4725	248 
4726	75 
4727	238 
4728	5 
4729	420 
4730	108 
4731	458 
4732	380 
4733	458 
4734	312 
4735	11 
4736	291 
4737	212 
4738	281 
4739	157 
4740	433 
4741	432 
4742	280 
4743	322 
4744	150 
4745	392 
4746	420 
4747	130 
4748	414 
4749	259 
4750	245 
4751	303 
4752	72 
4753	369 
4754	130 
4755	85 
4756	83 
4757	102 
4758	313 
4759	209 
4760	354 
4761	203 
4762	410 
4763	273 
4764	160 
4765	257 
4766	29 
4767	91 
4768	145 
4769	418 
4770	82 
4771	213 
4772	385 
4773	320 
4774	310 
4775	139 
4776	377 
4777	124 
4778	229 
4779	99 
4780	439 
4781	218 
4782	249 
4783	94 
4784	11 
4785	254 
4786	7 
4787	356 
4788	375 
4789	32 
4790	261 
4791	49 
4792	72 
4793	160 
4794	402 
4795	266 
4796	186 
4797	46 
4798	212 
4799	337 
4800	467 
4801	18 
4802	442 
4803	263 
4804	432 
4805	384 
4806	71 
4807	450 
4808	34 
4809	49 
4810	285 
4811	54 
4812	53 
4813	126 
4814	185 
4815	252 
4816	247 
4817	340 
4818	85 
4819	357 
4820	443 
4821	169 
4822	2 
4823	405 
4824	49 
4825	202 
4826	382 
4827	257 
4828	25 
4829	196 
4830	442 
4831	230 
4832	216 
4833	272 
4834	145 
4835	126 
4836	269 
4837	399 
4838	137 
4839	394 
4840	150 
4841	155 
4842	302 
4843	314 
4844	135 
4845	251 
4846	460 
4847	297 
4848	250 
4849	339 
4850	367 
4851	357 
4852	265 
4853	65 
4854	412 
4855	334 
4856	122 
4857	154 
4858	376 
4859	448 
4860	289 
4861	439 
4862	422 
4863	45 
4864	204 
4865	186 
4866	15 
4867	148 
4868	26 
4869	199 
4870	220 
4871	130 
4872	334 
4873	468 
4874	328 
4875	79 
4876	383 
4877	366 
4878	206 
4879	202 
4880	364 
4881	448 
4882	375 
4883	107 
4884	146 
4885	429 
4886	185 
4887	199 
4888	322 
4889	238 
4890	458 
4891	267 
4892	102 
4893	101 
4894	124 
4895	354 
4896	418 
4897	77 
4898	386 
4899	157 
4900	290 
4901	460 
4902	398 
4903	186 
4904	384 
4905	247 
4906	42 
4907	141 
4908	264 
4909	191 
4910	413 
4911	297 
4912	421 
4913	286 
4914	354 
4915	251 
4916	31 
4917	218 
4918	242 
4919	84 
4920	286 
4921	52 
4922	248 
4923	160 
4924	454 
4925	246 
4926	364 
4927	310 
4928	115 
4929	446 
4930	92 
4931	333 
4932	386 
4933	199 
4934	430 
4935	262 
4936	260 
4937	291 
4938	430 
4939	207 
4940	409 
4941	367 
4942	388 
4943	288 
4944	155 
4945	370 
4946	62 
4947	254 
4948	160 
4949	257 
4950	433 
4951	339 
4952	454 
4953	408 
4954	246 
4955	2 
4956	71 
4957	422 
4958	267 
4959	183 
4960	391 
4961	195 
4962	243 
4963	145 
4964	115 
4965	139 
4966	327 
4967	437 
4968	229 
4969	406 
4970	279 
4971	152 
4972	68 
4973	28 
4974	94 
4975	310 
4976	166 
4977	243 
4978	154 
4979	357 
4980	200 
4981	36 
4982	287 
4983	390 
4984	37 
4985	192 
4986	317 
4987	200 
4988	38 
4989	173 
4990	211 
4991	275 
4992	309 
4993	237 
4994	403 
4995	75 
4996	243 
4997	72 
4998	53 
4999	80 
5000	228 
5001	367 
5002	251 
5003	115 
5004	362 
5005	336 
5006	166 
5007	37 
5008	8 
5009	226 
5010	226 
5011	4 
5012	229 
5013	351 
5014	46 
5015	83 
5016	386 
5017	84 
5018	454 
5019	281 
5020	224 
5021	94 
5022	437 
5023	57 
5024	313 
5025	360 
5026	108 
5027	443 
5028	92 
5029	109 
5030	40 
5031	255 
5032	408 
5033	62 
5034	398 
5035	460 
5036	9 
5037	330 
5038	273 
5039	95 
5040	317 
5041	467 
5042	292 
5043	351 
5044	215 
5045	242 
5046	360 
5047	42 
5048	69 
5049	259 
5050	195 
5051	74 
5052	179 
5053	188 
5054	128 
5055	353 
5056	455 
5057	185 
5058	140 
5059	169 
5060	303 
5061	395 
5062	158 
5063	69 
5064	270 
5065	122 
5066	91 
5067	70 
5068	316 
5069	25 
5070	132 
5071	175 
5072	375 
5073	204 
5074	73 
5075	97 
5076	401 
5077	408 
5078	318 
5079	258 
5080	333 
5081	175 
5082	268 
5083	97 
5084	91 
5085	306 
5086	151 
5087	461 
5088	351 
5089	20 
5090	399 
5091	468 
5092	213 
5093	294 
5094	386 
5095	25 
5096	448 
5097	126 
5098	314 
5099	164 
5100	97 
5101	213 
5102	241 
5103	244 
5104	28 
5105	38 
5106	405 
5107	104 
5108	261 
5109	201 
5110	333 
5111	103 
5112	300 
5113	245 
5114	251 
5115	265 
5116	70 
5117	344 
5118	70 
5119	91 
5120	222 
5121	455 
5122	170 
5123	152 
5124	121 
5125	254 
5126	383 
5127	297 
5128	422 
5129	238 
5130	157 
5131	346 
5132	28 
5133	328 
5134	311 
5135	141 
5136	50 
5137	84 
5138	299 
5139	444 
5140	197 
5141	414 
5142	421 
5143	305 
5144	269 
5145	364 
5146	295 
5147	42 
5148	9 
5149	87 
5150	226 
5151	118 
5152	429 
5153	47 
5154	130 
5155	253 
5156	47 
5157	390 
5158	300 
5159	113 
5160	385 
5161	111 
5162	245 
5163	42 
5164	245 
5165	220 
5166	381 
5167	143 
5168	458 
5169	280 
5170	95 
5171	331 
5172	291 
5173	379 
5174	112 
5175	205 
5176	457 
5177	453 
5178	108 
5179	150 
5180	297 
5181	26 
5182	295 
5183	449 
5184	56 
5185	354 
5186	360 
5187	196 
5188	170 
5189	437 
5190	285 
5191	349 
5192	453 
5193	252 
5194	68 
5195	220 
5196	72 
5197	50 
5198	212 
5199	422 
5200	409 
5201	67 
5202	53 
5203	294 
5204	308 
5205	15 
5206	290 
5207	3 
5208	101 
5209	384 
5210	57 
5211	457 
5212	287 
5213	68 
5214	173 
5215	450 
5216	410 
5217	296 
5218	148 
5219	106 
5220	240 
5221	423 
5222	453 
5223	268 
5224	15 
5225	307 
5226	162 
5227	440 
5228	244 
5229	157 
5230	87 
5231	184 
5232	220 
5233	367 
5234	163 
5235	204 
5236	156 
5237	290 
5238	77 
5239	253 
5240	302 
5241	416 
5242	166 
5243	438 
5244	32 
5245	53 
5246	65 
5247	336 
5248	468 
5249	96 
5250	224 
5251	230 
5252	316 
5253	93 
5254	79 
5255	69 
5256	174 
5257	136 
5258	240 
5259	395 
5260	116 
5261	390 
5262	27 
5263	423 
5264	404 
5265	268 
5266	63 
5267	105 
5268	321 
5269	244 
5270	412 
5271	253 
5272	458 
5273	93 
5274	289 
5275	327 
5276	339 
5277	7 
5278	6 
5279	231 
5280	344 
5281	106 
5282	108 
5283	290 
5284	202 
5285	291 
5286	232 
5287	391 
5288	292 
5289	455 
5290	304 
5291	57 
5292	364 
5293	437 
5294	188 
5295	272 
5296	26 
5297	293 
5298	29 
5299	351 
5300	333 
5301	301 
5302	428 
5303	6 
5304	145 
5305	299 
5306	119 
5307	336 
5308	222 
5309	367 
5310	38 
5311	386 
5312	274 
5313	256 
5314	231 
5315	17 
5316	149 
5317	382 
5318	254 
5319	413 
5320	68 
5321	17 
5322	373 
5323	289 
5324	174 
5325	230 
5326	370 
5327	64 
5328	8 
5329	111 
5330	302 
5331	92 
5332	158 
5333	224 
5334	465 
5335	42 
5336	242 
5337	202 
5338	454 
5339	96 
5340	127 
5341	401 
5342	431 
5343	100 
5344	27 
5345	90 
5346	43 
5347	323 
5348	300 
5349	438 
5350	42 
5351	115 
5352	344 
5353	292 
5354	262 
5355	456 
5356	293 
5357	70 
5358	351 
5359	271 
5360	79 
5361	106 
5362	130 
5363	357 
5364	322 
5365	280 
5366	418 
5367	366 
5368	285 
5369	447 
5370	61 
5371	204 
5372	460 
5373	90 
5374	217 
5375	145 
5376	340 
5377	237 
5378	242 
5379	193 
5380	249 
5381	213 
5382	108 
5383	442 
5384	65 
5385	433 
5386	9 
5387	43 
5388	354 
5389	58 
5390	65 
5391	25 
5392	462 
5393	138 
5394	290 
5395	289 
5396	297 
5397	103 
5398	419 
5399	384 
5400	134 
5401	70 
5402	218 
5403	375 
5404	254 
5405	50 
5406	4 
5407	391 
5408	63 
5409	409 
5410	193 
5411	391 
5412	265 
5413	465 
5414	395 
5415	210 
5416	28 
5417	70 
5418	152 
5419	200 
5420	425 
5421	367 
5422	103 
5423	254 
5424	465 
5425	8 
5426	63 
5427	266 
5428	344 
5429	271 
5430	103 
5431	101 
5432	18 
5433	333 
5434	294 
5435	174 
5436	262 
5437	407 
5438	157 
5439	160 
5440	384 
5441	15 
5442	316 
5443	205 
5444	113 
5445	62 
5446	11 
5447	110 
5448	428 
5449	135 
5450	15 
5451	299 
5452	26 
5453	200 
5454	300 
5455	168 
5456	199 
5457	366 
5458	326 
5459	245 
5460	203 
5461	337 
5462	61 
5463	215 
5464	248 
5465	418 
5466	110 
5467	245 
5468	9 
5469	246 
5470	111 
5471	108 
5472	29 
5473	268 
5474	63 
5475	395 
5476	84 
5477	92 
5478	180 
5479	61 
5480	191 
5481	373 
5482	164 
5483	231 
5484	223 
5485	160 
5486	286 
5487	131 
5488	304 
5489	221 
5490	364 
5491	444 
5492	44 
5493	261 
5494	243 
5495	414 
5496	336 
5497	123 
5498	364 
5499	412 
5500	428 
5501	344 
5502	194 
5503	251 
5504	208 
5505	339 
5506	370 
5507	316 
5508	367 
5509	446 
5510	107 
5511	6 
5512	456 
5513	184 
5514	304 
5515	209 
5516	372 
5517	388 
5518	183 
5519	40 
5520	154 
5521	343 
5522	248 
5523	221 
5524	364 
5525	172 
5526	386 
5527	92 
5528	440 
5529	137 
5530	230 
5531	441 
5532	107 
5533	398 
5534	51 
5535	329 
5536	3 
5537	423 
5538	113 
5539	110 
5540	65 
5541	266 
5542	226 
5543	127 
5544	411 
5545	460 
5546	226 
5547	62 
5548	111 
5549	42 
5550	277 
5551	310 
5552	243 
5553	176 
5554	153 
5555	459 
5556	340 
5557	346 
5558	345 
5559	228 
5560	63 
5561	171 
5562	308 
5563	372 
5564	237 
5565	327 
5566	202 
5567	258 
5568	299 
5569	265 
5570	203 
5571	358 
5572	101 
5573	58 
5574	405 
5575	156 
5576	175 
5577	382 
5578	52 
5579	252 
5580	97 
5581	295 
5582	107 
5583	198 
5584	326 
5585	193 
5586	185 
5587	193 
5588	113 
5589	163 
5590	263 
5591	346 
5592	162 
5593	407 
5594	427 
5595	91 
5596	268 
5597	95 
5598	340 
5599	453 
5600	45 
5601	84 
5602	63 
5603	135 
5604	438 
5605	370 
5606	82 
5607	330 
5608	108 
5609	354 
5610	217 
5611	148 
5612	211 
5613	450 
5614	263 
5615	197 
5616	27 
5617	376 
5618	77 
5619	443 
5620	58 
5621	437 
5622	25 
5623	143 
5624	160 
5625	33 
5626	215 
5627	297 
5628	261 
5629	442 
5630	458 
5631	437 
5632	285 
5633	171 
5634	221 
5635	220 
5636	58 
5637	87 
5638	261 
5639	234 
5640	386 
5641	386 
5642	388 
5643	459 
5644	392 
5645	279 
5646	354 
5647	32 
5648	152 
5649	40 
5650	67 
5651	154 
5652	416 
5653	366 
5654	4 
5655	252 
5656	123 
5657	268 
5658	334 
5659	326 
5660	1 
5661	294 
5662	153 
5663	112 
5664	266 
5665	337 
5666	178 
5667	320 
5668	215 
5669	360 
5670	306 
5671	25 
5672	176 
5673	28 
5674	294 
5675	351 
5676	126 
5677	112 
5678	213 
5679	99 
5680	384 
5681	423 
5682	306 
5683	260 
5684	350 
5685	340 
5686	293 
5687	449 
5688	62 
5689	421 
5690	18 
5691	195 
5692	105 
5693	273 
5694	120 
5695	42 
5696	240 
5697	217 
5698	322 
5699	309 
5700	87 
5701	84 
5702	131 
5703	97 
5704	302 
5705	391 
5706	84 
5707	58 
5708	28 
5709	394 
5710	419 
5711	112 
5712	272 
5713	454 
5714	193 
5715	52 
5716	214 
5717	432 
5718	284 
5719	361 
5720	160 
5721	94 
5722	362 
5723	57 
5724	101 
5725	12 
5726	361 
5727	259 
5728	50 
5729	208 
5730	357 
5731	186 
5732	176 
5733	208 
5734	446 
5735	168 
5736	401 
5737	416 
5738	391 
5739	230 
5740	325 
5741	3 
5742	214 
5743	152 
5744	213 
5745	291 
5746	391 
5747	223 
5748	354 
5749	389 
5750	319 
5751	27 
5752	285 
5753	91 
5754	457 
5755	147 
5756	257 
5757	320 
5758	453 
5759	126 
5760	296 
5761	388 
5762	178 
5763	91 
5764	389 
5765	372 
5766	84 
5767	179 
5768	383 
5769	87 
5770	84 
5771	261 
5772	222 
5773	228 
5774	299 
5775	427 
5776	465 
5777	300 
5778	122 
5779	396 
5780	42 
5781	194 
5782	242 
5783	374 
5784	247 
5785	271 
5786	201 
5787	141 
5788	423 
5789	154 
5790	382 
5791	59 
5792	460 
5793	173 
5794	197 
5795	83 
5796	244 
5797	82 
5798	228 
5799	123 
5800	292 
5801	421 
5802	419 
5803	422 
5804	43 
5805	348 
5806	387 
5807	270 
5808	69 
5809	251 
5810	349 
5811	439 
5812	299 
5813	200 
5814	152 
5815	271 
5816	150 
5817	94 
5818	54 
5819	196 
5820	361 
5821	58 
5822	294 
5823	294 
5824	395 
5825	87 
5826	322 
5827	152 
5828	11 
5829	151 
5830	289 
5831	61 
5832	259 
5833	303 
5834	84 
5835	441 
5836	340 
5837	382 
5838	141 
5839	7 
5840	308 
5841	218 
5842	237 
5843	279 
5844	96 
5845	195 
5846	131 
5847	112 
5848	272 
5849	385 
5850	6 
5851	160 
5852	384 
5853	422 
5854	371 
5855	101 
5856	367 
5857	270 
5858	195 
5859	158 
5860	246 
5861	468 
5862	157 
5863	370 
5864	392 
5865	309 
5866	310 
5867	448 
5868	45 
5869	58 
5870	194 
5871	455 
5872	248 
5873	431 
5874	157 
5875	388 
5876	184 
5877	164 
5878	394 
5879	40 
5880	42 
5881	96 
5882	135 
5883	84 
5884	330 
5885	280 
5886	83 
5887	112 
5888	261 
5889	251 
5890	296 
5891	265 
5892	329 
5893	423 
5894	354 
5895	318 
5896	188 
5897	354 
5898	446 
5899	210 
5900	467 
5901	407 
5902	328 
5903	300 
5904	442 
5905	409 
5906	200 
5907	346 
5908	465 
5909	261 
5910	361 
5911	57 
5912	160 
5913	17 
5914	37 
5915	153 
5916	84 
5917	467 
5918	96 
5919	125 
5920	134 
5921	113 
5922	366 
5923	109 
5924	79 
5925	450 
5926	234 
5927	350 
5928	374 
5929	468 
5930	228 
5931	356 
5932	299 
5933	63 
5934	330 
5935	12 
5936	94 
5937	44 
5938	97 
5939	70 
5940	69 
5941	153 
5942	444 
5943	33 
5944	440 
5945	270 
5946	336 
5947	77 
5948	383 
5949	147 
5950	313 
5951	67 
5952	379 
5953	406 
5954	396 
5955	372 
5956	441 
5957	251 
5958	286 
5959	367 
5960	306 
5961	468 
5962	408 
5963	73 
5964	302 
5965	419 
5966	107 
5967	468 
5968	310 
5969	461 
5970	230 
5971	183 
5972	386 
5973	96 
5974	142 
5975	95 
5976	428 
5977	38 
5978	179 
5979	389 
5980	208 
5981	269 
5982	260 
5983	192 
5984	137 
5985	322 
5986	231 
5987	132 
5988	8 
5989	104 
5990	69 
5991	140 
5992	336 
5993	45 
5994	324 
5995	72 
5996	59 
5997	215 
5998	304 
5999	27 
6000	369 
6001	157 
6002	154 
6003	412 
6004	285 
6005	162 
6006	46 
6007	2 
6008	290 
6009	40 
6010	459 
6011	322 
6012	394 
6013	105 
6014	349 
6015	180 
6016	29 
6017	152 
6018	221 
6019	307 
6020	202 
6021	345 
6022	6 
6023	94 
6024	401 
6025	140 
6026	351 
6027	367 
6028	94 
6029	115 
6030	176 
6031	381 
6032	329 
6033	44 
6034	290 
6035	386 
6036	153 
6037	230 
6038	158 
6039	314 
6040	139 
6041	445 
6042	249 
6043	374 
6044	337 
6045	367 
6046	169 
6047	386 
6048	212 
6049	170 
6050	195 
6051	273 
6052	38 
6053	362 
6054	253 
6055	50 
6056	232 
6057	279 
6058	201 
6059	233 
6060	336 
6061	21 
6062	7 
6063	204 
6064	296 
6065	80 
6066	195 
6067	461 
6068	285 
6069	223 
6070	151 
6071	198 
6072	130 
6073	183 
6074	325 
6075	21 
6076	305 
6077	205 
6078	7 
6079	54 
6080	432 
6081	18 
6082	317 
6083	458 
6084	104 
6085	172 
6086	194 
6087	33 
6088	91 
6089	430 
6090	242 
6091	172 
6092	292 
6093	172 
6094	328 
6095	364 
6096	53 
6097	220 
6098	215 
6099	386 
6100	414 
6101	297 
6102	428 
6103	172 
6104	135 
6105	46 
6106	8 
6107	160 
6108	441 
6109	277 
6110	154 
6111	201 
6112	307 
6113	447 
6114	450 
6115	330 
6116	302 
6117	416 
6118	59 
6119	272 
6120	254 
6121	136 
6122	453 
6123	302 
6124	265 
6125	156 
6126	414 
6127	226 
6128	147 
6129	147 
6130	154 
6131	308 
6132	313 
6133	122 
6134	434 
6135	409 
6136	103 
6137	458 
6138	350 
6139	142 
6140	318 
6141	163 
6142	99 
6143	294 
6144	411 
6145	47 
6146	386 
6147	370 
6148	285 
6149	245 
6150	419 
6151	173 
6152	127 
6153	459 
6154	399 
6155	279 
6156	94 
6157	449 
6158	467 
6159	50 
6160	429 
6161	367 
6162	139 
6163	299 
6164	290 
6165	49 
6166	277 
6167	257 
6168	236 
6169	85 
6170	188 
6171	236 
6172	364 
6173	343 
6174	111 
6175	244 
6176	137 
6177	49 
6178	226 
6179	388 
6180	291 
6181	276 
6182	437 
6183	309 
6184	383 
6185	174 
6186	49 
6187	293 
6188	389 
6189	306 
6190	316 
6191	465 
6192	438 
6193	306 
6194	348 
6195	440 
6196	373 
6197	169 
6198	465 
6199	398 
6200	160 
6201	206 
6202	429 
6203	392 
6204	302 
6205	329 
6206	238 
6207	74 
6208	173 
6209	141 
6210	131 
6211	195 
6212	421 
6213	389 
6214	215 
6215	155 
6216	95 
6217	52 
6218	357 
6219	195 
6220	37 
6221	333 
6222	410 
6223	329 
6224	232 
6225	105 
6226	40 
6227	79 
6228	236 
6229	218 
6230	94 
6231	253 
6232	361 
6233	143 
6234	294 
6235	157 
6236	284 
6237	70 
6238	111 
6239	367 
6240	299 
6241	20 
6242	455 
6243	336 
6244	21 
6245	184 
6246	145 
6247	447 
6248	261 
6249	40 
6250	308 
6251	423 
6252	128 
6253	274 
6254	437 
6255	103 
6256	271 
6257	198 
6258	416 
6259	194 
6260	196 
6261	206 
6262	209 
6263	442 
6264	140 
6265	223 
6266	259 
6267	423 
6268	77 
6269	399 
6270	169 
6271	324 
6272	170 
6273	383 
6274	193 
6275	388 
6276	31 
6277	245 
6278	105 
6279	74 
6280	314 
6281	330 
6282	323 
6283	367 
6284	58 
6285	97 
6286	322 
6287	62 
6288	26 
6289	80 
6290	184 
6291	107 
6292	99 
6293	274 
6294	412 
6295	272 
6296	183 
6297	379 
6298	442 
6299	193 
6300	356 
6301	163 
6302	29 
6303	127 
6304	104 
6305	160 
6306	450 
6307	229 
6308	322 
6309	87 
6310	462 
6311	289 
6312	174 
6313	351 
6314	271 
6315	230 
6316	1 
6317	253 
6318	101 
6319	214 
6320	199 
6321	290 
6322	77 
6323	361 
6324	216 
6325	303 
6326	351 
6327	3 
6328	121 
6329	460 
6330	266 
6331	325 
6332	52 
6333	209 
6334	154 
6335	269 
6336	336 
6337	425 
6338	11 
6339	380 
6340	96 
6341	374 
6342	390 
6343	154 
6344	277 
6345	131 
6346	34 
6347	210 
6348	94 
6349	423 
6350	340 
6351	215 
6352	3 
6353	42 
6354	110 
6355	428 
6356	271 
6357	230 
6358	158 
6359	223 
6360	436 
6361	35 
6362	107 
6363	385 
6364	367 
6365	292 
6366	118 
6367	390 
6368	465 
6369	134 
6370	228 
6371	371 
6372	61 
6373	63 
6374	345 
6375	413 
6376	330 
6377	236 
6378	266 
6379	211 
6380	136 
6381	29 
6382	232 
6383	20 
6384	465 
6385	310 
6386	26 
6387	80 
6388	188 
6389	54 
6390	64 
6391	230 
6392	164 
6393	110 
6394	448 
6395	468 
6396	434 
6397	299 
6398	31 
6399	141 
6400	50 
6401	430 
6402	292 
6403	245 
6404	346 
6405	54 
6406	154 
6407	183 
6408	397 
6409	310 
6410	3 
6411	202 
6412	436 
6413	226 
6414	459 
6415	389 
6416	361 
6417	111 
6418	136 
6419	370 
6420	425 
6421	419 
6422	450 
6423	210 
6424	92 
6425	209 
6426	180 
6427	244 
6428	36 
6429	4 
6430	364 
6431	413 
6432	346 
6433	289 
6434	184 
6435	118 
6436	360 
6437	413 
6438	148 
6439	113 
6440	439 
6441	42 
6442	21 
6443	441 
6444	349 
6445	286 
6446	265 
6447	111 
6448	152 
6449	433 
6450	363 
6451	374 
6452	388 
6453	254 
6454	433 
6455	193 
6456	145 
6457	253 
6458	257 
6459	369 
6460	174 
6461	36 
6462	178 
6463	105 
6464	388 
6465	265 
6466	26 
6467	212 
6468	329 
6469	200 
6470	264 
6471	184 
6472	273 
6473	87 
6474	191 
6475	226 
6476	397 
6477	443 
6478	102 
6479	214 
6480	323 
6481	237 
6482	135 
6483	253 
6484	294 
6485	124 
6486	447 
6487	213 
6488	373 
6489	433 
6490	295 
6491	354 
6492	329 
6493	408 
6494	97 
6495	238 
6496	192 
6497	115 
6498	120 
6499	440 
6500	132 
6501	17 
6502	29 
6503	248 
6504	143 
6505	436 
6506	440 
6507	456 
6508	103 
6509	3 
6510	221 
6511	160 
6512	277 
6513	43 
6514	434 
6515	28 
6516	176 
6517	313 
6518	444 
6519	65 
6520	63 
6521	410 
6522	46 
6523	285 
6524	50 
6525	433 
6526	121 
6527	461 
6528	430 
6529	455 
6530	245 
6531	42 
6532	254 
6533	259 
6534	261 
6535	280 
6536	94 
6537	284 
6538	151 
6539	254 
6540	118 
6541	211 
6542	254 
6543	348 
6544	236 
6545	107 
6546	276 
6547	308 
6548	84 
6549	260 
6550	460 
6551	416 
6552	322 
6553	163 
6554	185 
6555	27 
6556	191 
6557	123 
6558	17 
6559	54 
6560	221 
6561	52 
6562	293 
6563	240 
6564	448 
6565	361 
6566	143 
6567	139 
6568	343 
6569	164 
6570	245 
6571	97 
6572	127 
6573	192 
6574	185 
6575	242 
6576	386 
6577	127 
6578	132 
6579	366 
6580	430 
6581	238 
6582	162 
6583	419 
6584	84 
6585	438 
6586	92 
6587	85 
6588	37 
6589	112 
6590	102 
6591	302 
6592	336 
6593	397 
6594	412 
6595	6 
6596	246 
6597	96 
6598	370 
6599	258 
6600	188 
6601	343 
6602	173 
6603	276 
6604	134 
6605	176 
6606	242 
6607	42 
6608	20 
6609	339 
6610	2 
6611	381 
6612	372 
6613	28 
6614	67 
6615	65 
6616	234 
6617	430 
6618	399 
6619	171 
6620	384 
6621	348 
6622	320 
6623	261 
6624	324 
6625	156 
6626	261 
6627	252 
6628	120 
6629	170 
6630	423 
6631	410 
6632	31 
6633	59 
6634	437 
6635	84 
6636	157 
6637	205 
6638	433 
6639	179 
6640	4 
6641	91 
6642	112 
6643	351 
6644	467 
6645	406 
6646	425 
6647	52 
6648	454 
6649	9 
6650	439 
6651	351 
6652	201 
6653	331 
6654	195 
6655	156 
6656	412 
6657	259 
6658	461 
6659	143 
6660	175 
6661	152 
6662	351 
6663	73 
6664	419 
6665	395 
6666	135 
6667	151 
6668	289 
6669	437 
6670	102 
6671	380 
6672	156 
6673	267 
6674	286 
6675	226 
6676	82 
6677	175 
6678	383 
6679	46 
6680	407 
6681	398 
6682	136 
6683	257 
6684	99 
6685	157 
6686	249 
6687	275 
6688	448 
6689	101 
6690	451 
6691	158 
6692	97 
6693	147 
6694	258 
6695	326 
6696	137 
6697	84 
6698	196 
6699	31 
6700	228 
6701	65 
6702	26 
6703	273 
6704	436 
6705	26 
6706	174 
6707	455 
6708	354 
6709	270 
6710	26 
6711	372 
6712	184 
6713	343 
6714	92 
6715	441 
6716	295 
6717	451 
6718	94 
6719	276 
6720	61 
6721	124 
6722	331 
6723	383 
6724	419 
6725	329 
6726	208 
6727	185 
6728	101 
6729	373 
6730	454 
6731	61 
6732	450 
6733	439 
6734	296 
6735	348 
6736	266 
6737	106 
6738	318 
6739	406 
6740	275 
6741	145 
6742	308 
6743	329 
6744	373 
6745	20 
6746	80 
6747	366 
6748	433 
6749	436 
6750	367 
6751	141 
6752	197 
6753	21 
6754	391 
6755	111 
6756	170 
6757	156 
6758	259 
6759	269 
6760	420 
6761	180 
6762	206 
6763	122 
6764	126 
6765	232 
6766	449 
6767	36 
6768	82 
6769	261 
6770	213 
6771	65 
6772	268 
6773	414 
6774	32 
6775	458 
6776	199 
6777	324 
6778	448 
6779	4 
6780	106 
6781	62 
6782	38 
6783	212 
6784	268 
6785	196 
6786	244 
6787	73 
6788	45 
6789	280 
6790	36 
6791	210 
6792	236 
6793	340 
6794	199 
6795	217 
6796	214 
6797	92 
6798	351 
6799	436 
6800	337 
6801	211 
6802	158 
6803	280 
6804	454 
6805	87 
6806	292 
6807	175 
6808	462 
6809	429 
6810	436 
6811	164 
6812	79 
6813	17 
6814	444 
6815	434 
6816	329 
6817	70 
6818	94 
6819	236 
6820	440 
6821	54 
6822	40 
6823	71 
6824	294 
6825	276 
6826	421 
6827	211 
6828	104 
6829	137 
6830	171 
6831	176 
6832	441 
6833	436 
6834	137 
6835	70 
6836	377 
6837	169 
6838	92 
6839	54 
6840	436 
6841	103 
6842	243 
6843	115 
6844	123 
6845	399 
6846	449 
6847	6 
6848	195 
6849	442 
6850	208 
6851	136 
6852	414 
6853	304 
6854	154 
6855	389 
6856	343 
6857	373 
6858	217 
6859	412 
6860	229 
6861	135 
6862	115 
6863	17 
6864	412 
6865	178 
6866	47 
6867	141 
6868	275 
6869	33 
6870	388 
6871	317 
6872	84 
6873	302 
6874	451 
6875	29 
6876	388 
6877	267 
6878	126 
6879	85 
6880	436 
6881	196 
6882	73 
6883	99 
6884	289 
6885	360 
6886	363 
6887	118 
6888	203 
6889	244 
6890	434 
6891	152 
6892	103 
6893	99 
6894	410 
6895	136 
6896	436 
6897	348 
6898	196 
6899	441 
6900	453 
6901	228 
6902	107 
6903	251 
6904	414 
6905	220 
6906	1 
6907	307 
6908	420 
6909	112 
6910	180 
6911	215 
6912	136 
6913	422 
6914	268 
6915	349 
6916	107 
6917	437 
6918	68 
6919	191 
6920	323 
6921	430 
6922	113 
6923	280 
6924	206 
6925	175 
6926	414 
6927	134 
6928	205 
6929	462 
6930	54 
6931	442 
6932	271 
6933	115 
6934	428 
6935	90 
6936	40 
6937	74 
6938	121 
6939	354 
6940	26 
6941	169 
6942	430 
6943	346 
6944	360 
6945	212 
6946	63 
6947	259 
6948	170 
6949	217 
6950	92 
6951	303 
6952	354 
6953	106 
6954	171 
6955	292 
6956	230 
6957	410 
6958	454 
6959	428 
6960	465 
6961	49 
6962	377 
6963	289 
6964	284 
6965	405 
6966	236 
6967	434 
6968	18 
6969	91 
6970	46 
6971	428 
6972	179 
6973	388 
6974	280 
6975	28 
6976	15 
6977	29 
6978	458 
6979	440 
6980	220 
6981	123 
6982	291 
6983	110 
6984	380 
6985	155 
6986	390 
6987	369 
6988	97 
6989	294 
6990	122 
6991	392 
6992	296 
6993	54 
6994	164 
6995	269 
6996	127 
6997	330 
6998	102 
6999	383 
7000	294 
7001	193 
7002	146 
7003	193 
7004	437 
7005	444 
7006	180 
7007	449 
7008	349 
7009	396 
7010	125 
7011	145 
7012	433 
7013	37 
7014	245 
7015	47 
7016	43 
7017	405 
7018	28 
7019	280 
7020	458 
7021	210 
7022	410 
7023	360 
7024	54 
7025	444 
7026	69 
7027	257 
7028	85 
7029	379 
7030	42 
7031	434 
7032	465 
7033	312 
7034	206 
7035	269 
7036	351 
7037	292 
7038	383 
7039	103 
7040	192 
7041	122 
7042	379 
7043	152 
7044	147 
7045	73 
7046	240 
7047	443 
7048	196 
7049	28 
7050	179 
7051	229 
7052	204 
7053	37 
7054	49 
7055	85 
7056	121 
7057	97 
7058	358 
7059	460 
7060	226 
7061	419 
7062	329 
7063	158 
7064	134 
7065	196 
7066	103 
7067	339 
7068	294 
7069	334 
7070	221 
7071	388 
7072	385 
7073	367 
7074	326 
7075	172 
7076	289 
7077	79 
7078	302 
7079	170 
7080	157 
7081	176 
7082	286 
7083	240 
7084	313 
7085	136 
7086	455 
7087	389 
7088	383 
7089	436 
7090	236 
7091	437 
7092	441 
7093	113 
7094	229 
7095	294 
7096	230 
7097	127 
7098	373 
7099	257 
7100	132 
7101	90 
7102	50 
7103	261 
7104	442 
7105	322 
7106	448 
7107	52 
7108	158 
7109	154 
7110	246 
7111	440 
7112	1 
7113	69 
7114	419 
7115	380 
7116	201 
7117	331 
7118	462 
7119	95 
7120	331 
7121	153 
7122	265 
7123	40 
7124	154 
7125	20 
7126	77 
7127	99 
7128	397 
7129	264 
7130	122 
7131	364 
7132	153 
7133	337 
7134	406 
7135	164 
7136	240 
7137	124 
7138	394 
7139	121 
7140	33 
7141	145 
7142	118 
7143	279 
7144	284 
7145	302 
7146	446 
7147	79 
7148	230 
7149	226 
7150	419 
7151	432 
7152	348 
7153	121 
7154	361 
7155	386 
7156	34 
7157	432 
7158	12 
7159	385 
7160	243 
7161	465 
7162	285 
7163	372 
7164	270 
7165	157 
7166	135 
7167	326 
7168	240 
7169	313 
7170	146 
7171	364 
7172	323 
7173	147 
7174	430 
7175	228 
7176	157 
7177	9 
7178	249 
7179	267 
7180	151 
7181	279 
7182	226 
7183	44 
7184	446 
7185	36 
7186	391 
7187	112 
7188	226 
7189	105 
7190	398 
7191	326 
7192	169 
7193	292 
7194	197 
7195	257 
7196	140 
7197	175 
7198	236 
7199	198 
7200	70 
7201	216 
7202	441 
7203	135 
7204	412 
7205	433 
7206	221 
7207	193 
7208	154 
7209	91 
7210	269 
7211	441 
7212	285 
7213	334 
7214	437 
7215	369 
7216	107 
7217	191 
7218	18 
7219	261 
7220	270 
7221	350 
7222	220 
7223	164 
7224	388 
7225	317 
7226	242 
7227	302 
7228	271 
7229	333 
7230	67 
7231	54 
7232	236 
7233	351 
7234	377 
7235	331 
7236	223 
7237	109 
7238	361 
7239	396 
7240	195 
7241	387 
7242	141 
7243	236 
7244	97 
7245	42 
7246	160 
7247	158 
7248	46 
7249	240 
7250	297 
7251	111 
7252	216 
7253	257 
7254	44 
7255	240 
7256	82 
7257	175 
7258	333 
7259	54 
7260	432 
7261	396 
7262	238 
7263	196 
7264	215 
7265	308 
7266	164 
7267	265 
7268	202 
7269	454 
7270	221 
7271	217 
7272	64 
7273	204 
7274	221 
7275	325 
7276	306 
7277	40 
7278	99 
7279	33 
7280	141 
7281	226 
7282	70 
7283	18 
7284	275 
7285	448 
7286	462 
7287	196 
7288	392 
7289	200 
7290	318 
7291	253 
7292	202 
7293	109 
7294	276 
7295	38 
7296	237 
7297	330 
7298	172 
7299	454 
7300	370 
7301	439 
7302	80 
7303	258 
7304	254 
7305	174 
7306	448 
7307	242 
7308	109 
7309	261 
7310	285 
7311	121 
7312	170 
7313	354 
7314	467 
7315	381 
7316	193 
7317	217 
7318	285 
7319	364 
7320	237 
7321	199 
7322	157 
7323	434 
7324	420 
7325	446 
7326	18 
7327	12 
7328	45 
7329	270 
7330	11 
7331	411 
7332	63 
7333	61 
7334	28 
7335	236 
7336	245 
7337	125 
7338	292 
7339	218 
7340	259 
7341	140 
7342	107 
7343	196 
7344	467 
7345	441 
7346	152 
7347	151 
7348	442 
7349	152 
7350	240 
7351	252 
7352	199 
7353	193 
7354	228 
7355	46 
7356	360 
7357	392 
7358	364 
7359	193 
7360	68 
7361	364 
7362	46 
7363	361 
7364	152 
7365	318 
7366	12 
7367	358 
7368	193 
7369	328 
7370	174 
7371	228 
7372	380 
7373	462 
7374	455 
7375	223 
7376	85 
7377	446 
7378	306 
7379	101 
7380	199 
7381	28 
7382	153 
7383	42 
7384	428 
7385	356 
7386	462 
7387	196 
7388	120 
7389	323 
7390	120 
7391	3 
7392	113 
7393	135 
7394	370 
7395	1 
7396	292 
7397	381 
7398	124 
7399	458 
7400	349 
7401	147 
7402	284 
7403	366 
7404	448 
7405	292 
7406	387 
7407	174 
7408	291 
7409	448 
7410	461 
7411	398 
7412	432 
7413	325 
7414	49 
7415	410 
7416	383 
7417	43 
7418	33 
7419	17 
7420	310 
7421	296 
7422	455 
7423	15 
7424	172 
7425	226 
7426	266 
7427	208 
7428	405 
7429	242 
7430	251 
7431	320 
7432	65 
7433	412 
7434	271 
7435	381 
7436	279 
7437	387 
7438	29 
7439	391 
7440	124 
7441	266 
7442	102 
7443	201 
7444	42 
7445	200 
7446	105 
7447	361 
7448	437 
7449	392 
7450	1 
7451	413 
7452	229 
7453	196 
7454	221 
7455	154 
7456	40 
7457	208 
7458	331 
7459	195 
7460	430 
7461	413 
7462	3 
7463	141 
7464	193 
7465	373 
7466	28 
7467	273 
7468	387 
7469	64 
7470	96 
7471	71 
7472	179 
7473	25 
7474	58 
7475	63 
7476	146 
7477	303 
7478	230 
7479	105 
7480	428 
7481	33 
7482	260 
7483	107 
7484	317 
7485	115 
7486	458 
7487	377 
7488	261 
7489	308 
7490	136 
7491	49 
7492	391 
7493	193 
7494	188 
7495	27 
7496	460 
7497	52 
7498	103 
7499	54 
7500	45 
7501	140 
7502	408 
7503	326 
7504	354 
7505	64 
7506	91 
7507	422 
7508	271 
7509	343 
7510	258 
7511	343 
7512	215 
7513	443 
7514	348 
7515	453 
7516	421 
7517	270 
7518	82 
7519	36 
7520	369 
7521	136 
7522	223 
7523	291 
7524	396 
7525	94 
7526	254 
7527	52 
7528	448 
7529	317 
7530	317 
7531	26 
7532	333 
7533	333 
7534	42 
7535	442 
7536	61 
7537	135 
7538	84 
7539	52 
7540	381 
7541	396 
7542	237 
7543	69 
7544	113 
7545	248 
7546	258 
7547	186 
7548	107 
7549	33 
7550	344 
7551	215 
7552	312 
7553	236 
7554	340 
7555	11 
7556	143 
7557	71 
7558	310 
7559	203 
7560	302 
7561	244 
7562	381 
7563	252 
7564	322 
7565	323 
7566	442 
7567	388 
7568	446 
7569	299 
7570	258 
7571	386 
7572	28 
7573	406 
7574	467 
7575	50 
7576	273 
7577	408 
7578	11 
7579	385 
7580	194 
7581	127 
7582	197 
7583	28 
7584	308 
7585	366 
7586	107 
7587	380 
7588	205 
7589	50 
7590	50 
7591	49 
7592	450 
7593	396 
7594	258 
7595	17 
7596	213 
7597	420 
7598	71 
7599	33 
7600	52 
7601	205 
7602	268 
7603	299 
7604	120 
7605	118 
7606	374 
7607	297 
7608	157 
7609	42 
7610	122 
7611	310 
7612	152 
7613	20 
7614	421 
7615	37 
7616	333 
7617	87 
7618	139 
7619	52 
7620	398 
7621	201 
7622	455 
7623	407 
7624	186 
7625	375 
7626	90 
7627	96 
7628	340 
7629	237 
7630	214 
7631	337 
7632	276 
7633	419 
7634	397 
7635	447 
7636	157 
7637	397 
7638	85 
7639	87 
7640	137 
7641	340 
7642	170 
7643	292 
7644	115 
7645	49 
7646	3 
7647	108 
7648	221 
7649	460 
7650	312 
7651	268 
7652	32 
7653	432 
7654	230 
7655	154 
7656	329 
7657	121 
7658	58 
7659	135 
7660	102 
7661	406 
7662	450 
7663	112 
7664	176 
7665	303 
7666	441 
7667	453 
7668	146 
7669	366 
7670	186 
7671	257 
7672	289 
7673	385 
7674	199 
7675	120 
7676	328 
7677	110 
7678	160 
7679	312 
7680	94 
7681	193 
7682	143 
7683	261 
7684	143 
7685	153 
7686	40 
7687	102 
7688	37 
7689	196 
7690	440 
7691	276 
7692	3 
7693	191 
7694	308 
7695	322 
7696	316 
7697	71 
7698	203 
7699	33 
7700	385 
7701	135 
7702	202 
7703	340 
7704	70 
7705	330 
7706	370 
7707	43 
7708	258 
7709	419 
7710	18 
7711	196 
7712	408 
7713	213 
7714	70 
7715	249 
7716	440 
7717	349 
7718	375 
7719	115 
7720	387 
7721	375 
7722	105 
7723	344 
7724	392 
7725	226 
7726	213 
7727	420 
7728	217 
7729	157 
7730	285 
7731	103 
7732	254 
7733	272 
7734	236 
7735	237 
7736	43 
7737	44 
7738	63 
7739	173 
7740	185 
7741	248 
7742	460 
7743	442 
7744	379 
7745	99 
7746	29 
7747	460 
7748	140 
7749	429 
7750	413 
7751	196 
7752	105 
7753	52 
7754	308 
7755	279 
7756	467 
7757	206 
7758	372 
7759	453 
7760	111 
7761	191 
7762	36 
7763	127 
7764	350 
7765	345 
7766	261 
7767	290 
7768	26 
7769	249 
7770	350 
7771	46 
7772	36 
7773	291 
7774	383 
7775	383 
7776	44 
7777	34 
7778	110 
7779	118 
7780	437 
7781	47 
7782	52 
7783	29 
7784	85 
7785	405 
7786	336 
7787	330 
7788	411 
7789	406 
7790	406 
7791	1 
7792	289 
7793	28 
7794	238 
7795	429 
7796	302 
7797	121 
7798	322 
7799	430 
7800	229 
7801	34 
7802	196 
7803	421 
7804	139 
7805	422 
7806	28 
7807	58 
7808	156 
7809	17 
7810	447 
7811	429 
7812	206 
7813	448 
7814	79 
7815	379 
7816	113 
7817	188 
7818	82 
7819	147 
7820	184 
7821	380 
7822	245 
7823	274 
7824	343 
7825	345 
7826	64 
7827	258 
7828	414 
7829	419 
7830	194 
7831	406 
7832	345 
7833	268 
7834	460 
7835	196 
7836	218 
7837	458 
7838	70 
7839	455 
7840	198 
7841	107 
7842	213 
7843	320 
7844	79 
7845	291 
7846	69 
7847	374 
7848	306 
7849	318 
7850	15 
7851	244 
7852	36 
7853	136 
7854	47 
7855	432 
7856	141 
7857	302 
7858	198 
7859	385 
7860	405 
7861	251 
7862	363 
7863	107 
7864	436 
7865	84 
7866	111 
7867	275 
7868	184 
7869	422 
7870	328 
7871	448 
7872	113 
7873	106 
7874	94 
7875	324 
7876	125 
7877	440 
7878	20 
7879	140 
7880	64 
7881	258 
7882	405 
7883	113 
7884	388 
7885	26 
7886	259 
7887	204 
7888	383 
7889	112 
7890	103 
7891	351 
7892	111 
7893	29 
7894	280 
7895	221 
7896	208 
7897	453 
7898	448 
7899	313 
7900	441 
7901	205 
7902	228 
7903	328 
7904	156 
7905	389 
7906	172 
7907	20 
7908	367 
7909	17 
7910	43 
7911	323 
7912	63 
7913	197 
7914	465 
7915	351 
7916	302 
7917	433 
7918	215 
7919	1 
7920	369 
7921	326 
7922	430 
7923	240 
7924	96 
7925	430 
7926	96 
7927	291 
7928	172 
7929	411 
7930	331 
7931	273 
7932	193 
7933	313 
7934	107 
7935	43 
7936	441 
7937	230 
7938	34 
7939	266 
7940	79 
7941	251 
7942	214 
7943	85 
7944	1 
7945	405 
7946	437 
7947	79 
7948	253 
7949	97 
7950	269 
7951	50 
7952	156 
7953	171 
7954	254 
7955	184 
7956	302 
7957	42 
7958	208 
7959	106 
7960	46 
7961	265 
7962	124 
7963	354 
7964	312 
7965	373 
7966	228 
7967	329 
7968	289 
7969	108 
7970	153 
7971	391 
7972	296 
7973	221 
7974	325 
7975	188 
7976	226 
7977	370 
7978	208 
7979	363 
7980	325 
7981	91 
7982	156 
7983	205 
7984	101 
7985	317 
7986	310 
7987	105 
7988	433 
7989	153 
7990	398 
7991	170 
7992	154 
7993	52 
7994	318 
7995	18 
7996	52 
7997	303 
7998	123 
7999	279 
8000	36 
8001	333 
8002	135 
8003	202 
8004	186 
8005	251 
8006	389 
8007	286 
8008	285 
8009	186 
8010	323 
8011	145 
8012	386 
8013	398 
8014	186 
8015	193 
8016	213 
8017	3 
8018	343 
8019	326 
8020	268 
8021	436 
8022	465 
8023	243 
8024	146 
8025	423 
8026	243 
8027	204 
8028	367 
8029	197 
8030	245 
8031	33 
8032	108 
8033	193 
8034	330 
8035	242 
8036	441 
8037	422 
8038	383 
8039	109 
8040	366 
8041	36 
8042	374 
8043	430 
8044	381 
8045	453 
8046	90 
8047	79 
8048	106 
8049	199 
8050	333 
8051	276 
8052	25 
8053	320 
8054	405 
8055	448 
8056	169 
8057	388 
8058	398 
8059	370 
8060	188 
8061	420 
8062	312 
8063	380 
8064	420 
8065	237 
8066	85 
8067	18 
8068	140 
8069	379 
8070	264 
8071	354 
8072	349 
8073	380 
8074	179 
8075	112 
8076	271 
8077	388 
8078	94 
8079	450 
8080	324 
8081	158 
8082	251 
8083	195 
8084	322 
8085	194 
8086	9 
8087	448 
8088	186 
8089	136 
8090	203 
8091	326 
8092	32 
8093	206 
8094	391 
8095	106 
8096	440 
8097	123 
8098	228 
8099	330 
8100	329 
8101	392 
8102	333 
8103	428 
8104	135 
8105	324 
8106	391 
8107	254 
8108	184 
8109	450 
8110	185 
8111	336 
8112	406 
8113	214 
8114	228 
8115	344 
8116	29 
8117	345 
8118	270 
8119	194 
8120	170 
8121	164 
8122	73 
8123	330 
8124	153 
8125	171 
8126	398 
8127	99 
8128	200 
8129	380 
8130	146 
8131	460 
8132	285 
8133	383 
8134	468 
8135	264 
8136	230 
8137	147 
8138	174 
8139	230 
8140	91 
8141	200 
8142	422 
8143	153 
8144	127 
8145	240 
8146	258 
8147	11 
8148	380 
8149	453 
8150	453 
8151	408 
8152	388 
8153	374 
8154	406 
8155	354 
8156	65 
8157	264 
8158	95 
8159	340 
8160	422 
8161	52 
8162	153 
8163	218 
8164	118 
8165	54 
8166	257 
8167	103 
8168	230 
8169	272 
8170	280 
8171	18 
8172	198 
8173	447 
8174	15 
8175	419 
8176	176 
8177	136 
8178	268 
8179	11 
8180	258 
8181	391 
8182	366 
8183	285 
8184	360 
8185	223 
8186	28 
8187	310 
8188	421 
8189	381 
8190	383 
8191	106 
8192	220 
8193	221 
8194	137 
8195	188 
8196	419 
8197	454 
8198	329 
8199	294 
8200	329 
8201	229 
8202	465 
8203	152 
8204	422 
8205	284 
8206	220 
8207	421 
8208	34 
8209	308 
8210	455 
8211	54 
8212	184 
8213	442 
8214	285 
8215	441 
8216	467 
8217	441 
8218	208 
8219	58 
8220	125 
8221	363 
8222	441 
8223	398 
8224	272 
8225	444 
8226	120 
8227	411 
8228	386 
8229	391 
8230	383 
8231	123 
8232	179 
8233	184 
8234	360 
8235	240 
8236	217 
8237	109 
8238	184 
8239	141 
8240	395 
8241	221 
8242	1 
8243	468 
8244	270 
8245	34 
8246	340 
8247	398 
8248	37 
8249	169 
8250	49 
8251	157 
8252	53 
8253	372 
8254	206 
8255	11 
8256	271 
8257	373 
8258	351 
8259	179 
8260	140 
8261	170 
8262	460 
8263	26 
8264	369 
8265	430 
8266	340 
8267	123 
8268	429 
8269	251 
8270	398 
8271	383 
8272	96 
8273	442 
8274	326 
8275	1 
8276	164 
8277	118 
8278	63 
8279	34 
8280	230 
8281	442 
8282	17 
8283	392 
8284	124 
8285	26 
8286	92 
8287	433 
8288	453 
8289	136 
8290	25 
8291	370 
8292	107 
8293	184 
8294	421 
8295	205 
8296	214 
8297	430 
8298	394 
8299	331 
8300	437 
8301	354 
8302	205 
8303	32 
8304	345 
8305	285 
8306	370 
8307	170 
8308	276 
8309	377 
8310	450 
8311	448 
8312	448 
8313	49 
8314	147 
8315	200 
8316	169 
8317	146 
8318	164 
8319	108 
8320	63 
8321	270 
8322	444 
8323	107 
8324	84 
8325	270 
8326	54 
8327	92 
8328	126 
8329	230 
8330	198 
8331	380 
8332	143 
8333	52 
8334	226 
8335	324 
8336	214 
8337	264 
8338	122 
8339	268 
8340	194 
8341	122 
8342	436 
8343	285 
8344	47 
8345	268 
8346	377 
8347	412 
8348	325 
8349	429 
8350	364 
8351	291 
8352	254 
8353	257 
8354	105 
8355	441 
8356	109 
8357	236 
8358	226 
8359	69 
8360	439 
8361	84 
8362	84 
8363	50 
8364	237 
8365	265 
8366	411 
8367	223 
8368	170 
8369	112 
8370	280 
8371	367 
8372	172 
8373	158 
8374	157 
8375	36 
8376	101 
8377	259 
8378	419 
8379	434 
8380	462 
8381	326 
8382	366 
8383	348 
8384	465 
8385	123 
8386	69 
8387	34 
8388	121 
8389	63 
8390	294 
8391	156 
8392	330 
8393	432 
8394	63 
8395	349 
8396	367 
8397	260 
8398	32 
8399	230 
8400	40 
8401	127 
8402	97 
8403	430 
8404	50 
8405	171 
8406	179 
8407	325 
8408	398 
8409	366 
8410	44 
8411	37 
8412	27 
8413	123 
8414	394 
8415	53 
8416	228 
8417	91 
8418	228 
8419	172 
8420	336 
8421	454 
8422	294 
8423	454 
8424	186 
8425	1 
8426	220 
8427	170 
8428	46 
8429	349 
8430	326 
8431	412 
8432	289 
8433	419 
8434	102 
8435	61 
8436	395 
8437	102 
8438	373 
8439	152 
8440	61 
8441	99 
8442	242 
8443	442 
8444	430 
8445	322 
8446	32 
8447	446 
8448	392 
8449	380 
8450	380 
8451	280 
8452	102 
8453	54 
8454	322 
8455	245 
8456	242 
8457	137 
8458	105 
8459	447 
8460	240 
8461	286 
8462	284 
8463	228 
8464	323 
8465	147 
8466	94 
8467	226 
8468	236 
8469	316 
8470	324 
8471	172 
8472	141 
8473	465 
8474	91 
8475	325 
8476	105 
8477	156 
8478	194 
8479	95 
8480	71 
8481	152 
8482	323 
8483	120 
8484	329 
8485	18 
8486	217 
8487	385 
8488	308 
8489	336 
8490	428 
8491	112 
8492	360 
8493	363 
8494	208 
8495	450 
8496	395 
8497	336 
8498	99 
8499	291 
8500	204 
8501	465 
8502	430 
8503	69 
8504	323 
8505	377 
8506	152 
8507	261 
8508	269 
8509	272 
8510	3 
8511	101 
8512	421 
8513	450 
8514	193 
8515	186 
8516	380 
8517	111 
8518	54 
8519	318 
8520	91 
8521	121 
8522	323 
8523	343 
8524	259 
8525	290 
8526	391 
8527	43 
8528	158 
8529	279 
8530	448 
8531	310 
8532	430 
8533	284 
8534	333 
8535	202 
8536	186 
8537	58 
8538	455 
8539	115 
8540	221 
8541	462 
8542	203 
8543	240 
8544	195 
8545	330 
8546	40 
8547	184 
8548	121 
8549	279 
8550	361 
8551	391 
8552	437 
8553	259 
8554	271 
8555	69 
8556	326 
8557	32 
8558	265 
8559	345 
8560	410 
8561	310 
8562	113 
8563	214 
8564	99 
8565	423 
8566	136 
8567	354 
8568	395 
8569	244 
8570	143 
8571	446 
8572	364 
8573	326 
8574	64 
8575	29 
8576	254 
8577	270 
8578	107 
8579	268 
8580	389 
8581	123 
8582	49 
8583	244 
8584	123 
8585	354 
8586	433 
8587	313 
8588	447 
8589	388 
8590	27 
8591	193 
8592	360 
8593	102 
8594	421 
8595	50 
8596	136 
8597	184 
8598	46 
8599	205 
8600	196 
8601	280 
8602	265 
8603	64 
8604	218 
8605	184 
8606	203 
8607	289 
8608	153 
8609	468 
8610	28 
8611	70 
8612	82 
8613	109 
8614	126 
8615	440 
8616	330 
8617	411 
8618	429 
8619	385 
8620	367 
8621	113 
8622	43 
8623	318 
8624	405 
8625	61 
8626	408 
8627	442 
8628	95 
8629	391 
8630	385 
8631	264 
8632	28 
8633	325 
8634	99 
8635	462 
8636	220 
8637	428 
8638	103 
8639	179 
8640	34 
8641	147 
8642	290 
8643	126 
8644	412 
8645	329 
8646	398 
8647	251 
8648	396 
8649	333 
8650	115 
8651	58 
8652	124 
8653	302 
8654	299 
8655	220 
8656	221 
8657	52 
8658	34 
8659	193 
8660	268 
8661	439 
8662	299 
8663	420 
8664	135 
8665	185 
8666	153 
8667	215 
8668	388 
8669	44 
8670	257 
8671	272 
8672	49 
8673	361 
8674	125 
8675	120 
8676	102 
8677	94 
8678	383 
8679	244 
8680	199 
8681	158 
8682	157 
8683	364 
8684	94 
8685	242 
8686	188 
8687	205 
8688	391 
8689	214 
8690	322 
8691	215 
8692	54 
8693	109 
8694	436 
8695	324 
8696	221 
8697	372 
8698	42 
8699	63 
8700	43 
8701	285 
8702	205 
8703	318 
8704	17 
8705	275 
8706	412 
8707	289 
8708	40 
8709	322 
8710	280 
8711	261 
8712	374 
8713	46 
8714	208 
8715	108 
8716	388 
8717	82 
8718	349 
8719	101 
8720	410 
8721	44 
8722	280 
8723	258 
8724	172 
8725	388 
8726	94 
8727	3 
8728	290 
8729	423 
8730	443 
8731	377 
8732	43 
8733	135 
8734	354 
8735	284 
8736	99 
8737	280 
8738	160 
8739	143 
8740	440 
8741	318 
8742	328 
8743	294 
8744	160 
8745	213 
8746	188 
8747	111 
8748	79 
8749	136 
8750	328 
8751	429 
8752	202 
8753	113 
8754	322 
8755	320 
8756	460 
8757	32 
8758	32 
8759	70 
8760	199 
8761	188 
8762	294 
8763	443 
8764	389 
8765	18 
8766	264 
8767	61 
8768	208 
8769	228 
8770	436 
8771	43 
8772	195 
8773	289 
8774	230 
8775	141 
8776	423 
8777	437 
8778	96 
8779	251 
8780	258 
8781	170 
8782	92 
8783	169 
8784	441 
8785	324 
8786	121 
8787	220 
8788	405 
8789	196 
8790	170 
8791	389 
8792	69 
8793	218 
8794	442 
8795	103 
8796	360 
8797	259 
8798	302 
8799	364 
8800	236 
8801	188 
8802	204 
8803	436 
8804	199 
8805	453 
8806	286 
8807	383 
8808	201 
8809	299 
8810	412 
8811	28 
8812	229 
8813	63 
8814	92 
8815	204 
8816	220 
8817	195 
8818	205 
8819	188 
8820	111 
8821	84 
8822	285 
8823	320 
8824	419 
8825	294 
8826	188 
8827	108 
8828	254 
8829	42 
8830	460 
8831	202 
8832	36 
8833	458 
8834	79 
8835	28 
8836	54 
8837	112 
8838	318 
8839	63 
8840	367 
8841	433 
8842	50 
8843	343 
8844	152 
8845	428 
8846	446 
8847	50 
8848	36 
8849	462 
8850	259 
8851	170 
8852	398 
8853	269 
8854	221 
8855	455 
8856	205 
8857	160 
8858	405 
8859	136 
8860	349 
8861	42 
8862	101 
8863	58 
8864	291 
8865	200 
8866	28 
8867	323 
8868	154 
8869	185 
8870	50 
8871	408 
8872	434 
8873	354 
8874	135 
8875	215 
8876	194 
8877	279 
8878	264 
8879	245 
8880	205 
8881	46 
8882	40 
8883	240 
8884	433 
8885	446 
8886	160 
8887	32 
8888	99 
8889	143 
8890	299 
8891	240 
8892	99 
8893	289 
8894	171 
8895	442 
8896	405 
8897	63 
8898	340 
8899	290 
8900	217 
8901	44 
8902	160 
8903	18 
8904	84 
8905	423 
8906	40 
8907	208 
8908	220 
8909	37 
8910	215 
8911	398 
8912	170 
8913	412 
8914	360 
8915	405 
8916	113 
8917	105 
8918	320 
8919	268 
8920	69 
8921	258 
8922	364 
8923	383 
8924	229 
8925	97 
8926	391 
8927	32 
8928	458 
8929	153 
8930	34 
8931	360 
8932	308 
8933	437 
8934	386 
8935	294 
8936	193 
8937	156 
8938	264 
8939	115 
8940	271 
8941	36 
8942	381 
8943	468 
8944	188 
8945	302 
8946	386 
8947	184 
8948	91 
8949	467 
8950	439 
8951	164 
8952	326 
8953	26 
8954	145 
8955	349 
8956	465 
8957	18 
8958	386 
8959	145 
8960	32 
8961	206 
8962	381 
8963	439 
8964	412 
8965	284 
8966	121 
8967	185 
8968	423 
8969	251 
8970	322 
8971	34 
8972	391 
8973	158 
8974	462 
8975	458 
8976	333 
8977	261 
8978	412 
8979	391 
8980	185 
8981	290 
8982	226 
8983	361 
8984	185 
8985	264 
8986	468 
8987	291 
8988	333 
8989	251 
8990	419 
8991	467 
8992	164 
8993	336 
8994	141 
8995	105 
8996	154 
8997	468 
8998	206 
8999	289 
9000	242 
9001	40 
9002	152 
9003	367 
9004	146 
9005	37 
9006	184 
9007	195 
9008	105 
9009	196 
9010	37 
9011	236 
9012	193 
9013	115 
9014	391 
9015	213 
9016	391 
9017	268 
9018	261 
9019	71 
9020	143 
9021	229 
9022	423 
9023	152 
9024	310 
9025	316 
9026	185 
9027	313 
9028	160 
9029	223 
9030	152 
9031	322 
9032	29 
9033	412 
9034	96 
9035	195 
9036	433 
9037	326 
9038	29 
9039	291 
9040	208 
9041	112 
9042	221 
9043	101 
9044	200 
9045	36 
9046	164 
9047	258 
9048	448 
9049	302 
9050	292 
9051	46 
9052	465 
9053	58 
9054	145 
9055	251 
9056	244 
9057	184 
9058	103 
9059	264 
9060	205 
9061	316 
9062	71 
9063	406 
9064	111 
9065	381 
9066	204 
9067	245 
9068	152 
9069	84 
9070	430 
9071	237 
9072	179 
9073	228 
9074	257 
9075	36 
9076	361 
9077	229 
9078	381 
9079	323 
9080	316 
9081	1 
9082	26 
9083	188 
9084	103 
9085	91 
9086	54 
9087	215 
9088	265 
9089	396 
9090	398 
9091	101 
9092	193 
9093	202 
9094	439 
9095	251 
9096	29 
9097	188 
9098	113 
9099	201 
9100	17 
9101	195 
9102	223 
9103	370 
9104	442 
9105	94 
9106	326 
9107	422 
9108	258 
9109	322 
9110	18 
9111	105 
9112	101 
9113	467 
9114	228 
9115	29 
9116	223 
9117	380 
9118	205 
9119	171 
9120	220 
9121	264 
9122	270 
9123	28 
9124	297 
9125	318 
9126	141 
9127	70 
9128	289 
9129	52 
9130	135 
9131	164 
9132	430 
9133	433 
9134	323 
9135	286 
9136	270 
9137	193 
9138	154 
9139	215 
9140	170 
9141	340 
9142	102 
9143	441 
9144	330 
9145	405 
9146	455 
9147	112 
9148	329 
9149	50 
9150	336 
9151	259 
9152	70 
9153	113 
9154	26 
9155	429 
9156	412 
9157	290 
9158	63 
9159	54 
9160	318 
9161	29 
9162	111 
9163	69 
9164	26 
9165	220 
9166	69 
9167	381 
9168	230 
9169	52 
9170	447 
9171	141 
9172	127 
9173	215 
9174	112 
9175	115 
9176	412 
9177	196 
9178	364 
9179	213 
9180	328 
9181	229 
9182	153 
9183	126 
9184	37 
9185	164 
9186	419 
9187	268 
9188	221 
9189	101 
9190	228 
9191	228 
9192	373 
9193	361 
9194	169 
9195	206 
9196	105 
9197	286 
9198	437 
9199	87 
9200	408 
9201	292 
9202	201 
9203	433 
9204	169 
9205	292 
9206	373 
9207	208 
9208	49 
9209	194 
9210	351 
9211	18 
9212	433 
9213	381 
9214	428 
9215	170 
9216	99 
9217	279 
9218	294 
9219	441 
9220	441 
9221	202 
9222	105 
9223	244 
9224	87 
9225	254 
9226	63 
9227	26 
9228	44 
9229	37 
9230	172 
9231	96 
9232	364 
9233	408 
9234	52 
9235	221 
9236	26 
9237	440 
9238	201 
9239	221 
9240	419 
9241	264 
9242	44 
9243	87 
9244	462 
9245	94 
9246	103 
9247	448 
9248	430 
9249	213 
9250	158 
9251	441 
9252	453 
9253	398 
9254	448 
9255	383 
9256	455 
9257	302 
9258	143 
9259	261 
9260	123 
9261	221 
9262	291 
9263	61 
9264	172 
9265	386 
9266	386 
9267	221 
9268	101 
9269	280 
9270	153 
9271	264 
9272	330 
9273	205 
9274	259 
9275	237 
9276	28 
9277	52 
9278	103 
9279	84 
9280	386 
9281	230 
9282	226 
9283	206 
9284	202 
9285	46 
9286	354 
9287	206 
9288	157 
9289	386 
9290	220 
9291	221 
9292	121 
9293	103 
9294	240 
9295	185 
9296	291 
9297	170 
9298	136 
9299	195 
9300	383 
9301	108 
9302	323 
9303	433 
9304	244 
9305	195 
9306	381 
9307	257 
9308	184 
9309	50 
9310	422 
9311	49 
9312	322 
9313	270 
9314	37 
9315	268 
9316	203 
9317	322 
9318	111 
9319	333 
9320	467 
9321	154 
9322	169 
9323	204 
9324	441 
9325	63 
9326	396 
9327	54 
9328	351 
9329	396 
9330	102 
9331	370 
9332	329 
9333	291 
9334	61 
9335	111 
9336	265 
9337	42 
9338	44 
9339	170 
9340	196 
9341	408 
9342	54 
9343	143 
9344	453 
9345	228 
9346	44 
9347	107 
9348	50 
9349	145 
9350	92 
9351	265 
9352	84 
9353	264 
9354	115 
9355	28 
9356	367 
9357	428 
9358	145 
9359	44 
9360	405 
9361	160 
9362	36 
9363	199 
9364	430 
9365	164 
9366	422 
9367	46 
9368	103 
9369	99 
9370	318 
9371	462 
9372	383 
9373	1 
9374	329 
9375	465 
9376	184 
9377	316 
9378	50 
9379	396 
9380	37 
9381	42 
9382	261 
9383	354 
9384	383 
9385	354 
9386	226 
9387	381 
9388	193 
9389	406 
9390	302 
9391	36 
9392	354 
9393	419 
9394	199 
9395	268 
9396	261 
9397	408 
9398	367 
9399	258 
9400	316 
9401	336 
9402	257 
9403	203 
9404	294 
9405	326 
9406	419 
9407	448 
9408	318 
9409	455 
9410	203 
9411	462 
9412	258 
9413	381 
9414	135 
9415	405 
9416	261 
9417	206 
9418	465 
9419	103 
9420	70 
9421	164 
9422	18 
9423	226 
9424	430 
9425	251 
9426	215 
9427	206 
9428	244 
9429	40 
9430	228 
9431	244 
9432	441 
9433	50 
9434	380 
9435	419 
9436	29 
9437	158 
9438	111 
9439	280 
9440	170 
9441	228 
9442	63 
9443	199 
9444	453 
9445	294 
9446	172 
9447	398 
9448	430 
9449	220 
9450	465 
9451	17 
9452	323 
9453	185 
9454	185 
9455	172 
9456	17 
9457	354 
9458	184 
9459	302 
9460	87 
9461	329 
9462	423 
9463	63 
9464	302 
9465	102 
9466	84 
9467	367 
9468	465 
9469	103 
9470	454 
9471	383 
9472	141 
9473	279 
9474	388 
9475	84 
9476	264 
9477	36 
9478	42 
9479	462 
9480	245 
9481	280 
9482	467 
9483	101 
9484	205 
9485	26 
9486	462 
9487	370 
9488	408 
9489	264 
9490	330 
9491	143 
9492	196 
9493	265 
9494	251 
9495	46 
9496	49 
9497	406 
9498	123 
9499	169 
9500	254 
9501	92 
9502	195 
9503	153 
9504	244 
9505	230 
9506	442 
9507	71 
9508	437 
9509	153 
9510	245 
9511	388 
9512	323 
9513	428 
9514	245 
9515	291 
9516	61 
9517	169 
9518	292 
9519	217 
9520	448 
9521	290 
9522	455 
9523	322 
9524	364 
9525	217 
9526	1 
9527	430 
9528	230 
9529	259 
9530	242 
9531	107 
9532	172 
9533	280 
9534	258 
9535	54 
9536	121 
9537	442 
9538	123 
9539	436 
9540	380 
9541	336 
9542	141 
9543	361 
9544	308 
9545	42 
9546	330 
9547	164 
9548	467 
9549	361 
9550	462 
9551	455 
9552	170 
9553	200 
9554	37 
9555	228 
9556	291 
9557	29 
9558	49 
9559	94 
9560	455 
9561	113 
9562	70 
9563	28 
9564	164 
9565	101 
9566	123 
9567	40 
9568	279 
9569	141 
9570	264 
9571	265 
9572	441 
9573	391 
9574	92 
9575	169 
9576	261 
9577	113 
9578	70 
9579	46 
9580	380 
9581	364 
9582	217 
9583	441 
9584	291 
9585	422 
9586	208 
9587	215 
9588	52 
9589	462 
9590	195 
9591	99 
9592	237 
9593	367 
9594	373 
9595	261 
9596	28 
9597	264 
9598	259 
9599	428 
9600	123 
9601	228 
9602	152 
9603	84 
9604	42 
9605	408 
9606	99 
9607	69 
9608	251 
9609	285 
9610	406 
9611	254 
9612	462 
9613	336 
9614	441 
9615	285 
9616	103 
9617	467 
9618	94 
9619	61 
9620	96 
9621	244 
9622	381 
9623	240 
9624	430 
9625	310 
9626	121 
9627	70 
9628	1 
9629	254 
9630	230 
9631	157 
9632	268 
9633	326 
9634	308 
9635	164 
9636	206 
9637	265 
9638	433 
9639	290 
9640	370 
9641	153 
9642	92 
9643	121 
9644	405 
9645	406 
9646	244 
9647	441 
9648	398 
9649	87 
9650	436 
9651	217 
9652	42 
9653	454 
9654	405 
9655	316 
9656	103 
9657	220 
9658	428 
9659	289 
9660	217 
9661	164 
9662	42 
9663	170 
9664	391 
9665	242 
9666	195 
9667	96 
9668	302 
9669	453 
9670	220 
9671	405 
9672	259 
9673	419 
9674	308 
9675	87 
9676	87 
9677	308 
9678	46 
9679	388 
9680	388 
9681	367 
9682	40 
9683	437 
9684	84 
9685	61 
9686	259 
9687	18 
9688	257 
9689	63 
9690	367 
9691	157 
9692	115 
9693	322 
9694	28 
9695	226 
9696	199 
9697	391 
9698	112 
9699	46 
9700	442 
9701	172 
9702	153 
9703	406 
9704	242 
9705	226 
9706	158 
9707	329 
9708	398 
9709	63 
9710	383 
9711	428 
9712	105 
9713	316 
9714	271 
9715	285 
9716	226 
9717	279 
9718	158 
9719	70 
9720	153 
9721	193 
9722	364 
9723	18 
9724	279 
9725	96 
9726	380 
9727	441 
9728	270 
9729	215 
9730	18 
9731	103 
9732	1 
9733	442 
9734	158 
9735	193 
9736	94 
9737	102 
9738	330 
9739	217 
9740	383 
9741	336 
9742	52 
9743	279 
9744	462 
9745	28 
9746	454 
9747	448 
9748	354 
9749	448 
9750	199 
9751	153 
9752	184 
9753	367 
9754	412 
9755	244 
9756	18 
9757	264 
9758	143 
9759	29 
9760	230 
9761	145 
9762	1 
9763	40 
9764	29 
9765	294 
9766	380 
9767	221 
9768	405 
9769	103 
9770	271 
9771	153 
9772	388 
9773	29 
9774	228 
9775	1 
9776	386 
9777	254 
9778	412 
9779	412 
9780	164 
9781	264 
9782	251 
9783	354 
9784	294 
9785	294 
9786	326 
9787	264 
9788	145 
9789	17 
9790	18 
9791	441 
9792	121 
9793	199 
9794	36 
9795	240 
9796	245 
9797	107 
9798	70 
9799	398 
9800	251 
9801	329 
9802	291 
9803	29 
9804	244 
9805	50 
9806	237 
9807	245 
9808	264 
9809	215 
9810	193 
9811	17 
9812	52 
9813	265 
9814	386 
9815	135 
9816	279 
9817	103 
9818	245 
9819	228 
9820	259 
9821	454 
9822	308 
9823	196 
9824	96 
9825	172 
9826	169 
9827	135 
9828	52 
9829	245 
9830	107 
9831	84 
9832	226 
9833	302 
9834	107 
9835	84 
9836	398 
9837	244 
9838	226 
9839	17 
9840	261 
9841	462 
9842	17 
9843	228 
9844	412 
9845	381 
9846	329 
9847	455 
9848	103 
9849	330 
9850	96 
9851	50 
9852	259 
9853	105 
9854	96 
9855	360 
9856	135 
9857	326 
9858	330 
9859	226 
9860	271 
9861	245 
9862	172 
9863	289 
9864	158 
9865	251 
9866	433 
9867	40 
9868	251 
9869	240 
9870	261 
9871	308 
9872	50 
9873	170 
9874	398 
9875	430 
9876	103 
9877	217 
9878	199 
9879	153 
9880	360 
9881	18 
9882	406 
9883	462 
9884	290 
9885	54 
9886	17 
9887	245 
9888	205 
9889	381 
9890	442 
9891	107 
9892	230 
9893	259 
9894	423 
9895	158 
9896	383 
9897	386 
9898	290 
9899	107 
9900	448 
9901	172 
9902	383 
9903	465 
9904	454 
9905	290 
9906	115 
9907	367 
9908	17 
9909	259 
9910	70 
9911	107 
9912	228 
9913	169 
9914	94 
9915	437 
9916	326 
9917	157 
9918	448 
9919	103 
9920	94 
9921	199 
9922	326 
9923	361 
9924	294 
9925	107 
9926	462 
9927	361 
9928	354 
9929	386 
9930	285 
9931	205 
9932	254 
9933	245 
9934	453 
9935	193 
9936	17 
9937	433 
9938	360 
9939	115 
9940	240 
9941	172 
9942	141 
9943	157 
9944	141 
9945	391 
9946	70 
9947	195 
9948	52 
9949	285 
9950	245 
9951	419 
9952	423 
9953	271 
9954	391 
9955	94 
9956	1 
9957	70 
9958	386 
9959	141 
9960	453 
9961	381 
9962	184 
9963	152 
9964	164 
9965	412 
9966	398 
9967	29 
9968	228 
9969	308 
9970	196 
9971	428 
9972	84 
9973	196 
9974	264 
9975	367 
9976	398 
9977	405 
9978	152 
9979	383 
9980	251 
9981	226 
9982	170 
9983	244 
9984	259 
9985	330 
9986	423 
9987	96 
9988	184 
9989	254 
9990	261 
9991	391 
9992	50 
9993	259 
9994	121 
9995	251 
9996	279 
9997	453 
9998	388 
9999	157 
10000	226 
