1	370 
2	209 
3	210 
4	280 
5	210 
6	47 
7	170 
8	48 
9	109 
10	300 
11	292 
12	383 
13	127 
14	13 
15	65 
16	11 
17	327 
18	114 
19	14 
20	74 
21	90 
22	82 
23	122 
24	315 
25	47 
26	205 
27	67 
28	369 
29	179 
30	38 
31	395 
32	323 
33	391 
34	319 
35	329 
36	224 
37	15 
38	228 
39	294 
40	309 
41	244 
42	118 
43	169 
44	381 
45	50 
46	15 
47	13 
48	62 
49	91 
50	273 
51	281 
52	9 
53	192 
54	331 
55	244 
56	147 
57	169 
58	38 
59	127 
60	369 
61	29 
62	338 
63	52 
64	296 
65	11 
66	358 
67	238 
68	55 
69	61 
70	105 
71	337 
72	116 
73	23 
74	240 
75	383 
76	291 
77	25 
78	383 
79	272 
80	50 
81	243 
82	95 
83	381 
84	281 
85	34 
86	81 
87	259 
88	240 
89	222 
90	315 
91	298 
92	16 
93	354 
94	334 
95	70 
96	34 
97	193 
98	119 
99	21 
100	387 
101	28 
102	326 
103	371 
104	209 
105	350 
106	137 
107	114 
108	209 
109	263 
110	139 
111	301 
112	74 
113	392 
114	323 
115	309 
116	108 
117	261 
118	71 
119	52 
120	94 
121	154 
122	247 
123	47 
124	170 
125	306 
126	95 
127	174 
128	169 
129	70 
130	379 
131	324 
132	319 
133	96 
134	251 
135	12 
136	126 
137	133 
138	170 
139	273 
140	337 
141	260 
142	244 
143	18 
144	383 
145	6 
146	362 
147	315 
148	334 
149	218 
150	252 
151	398 
152	107 
153	317 
154	227 
155	357 
156	59 
157	259 
158	252 
159	345 
160	47 
161	244 
162	358 
163	111 
164	22 
165	173 
166	168 
167	306 
168	223 
169	48 
170	211 
171	309 
172	275 
173	45 
174	312 
175	301 
176	127 
177	371 
178	255 
179	206 
180	183 
181	289 
182	65 
183	291 
184	41 
185	309 
186	258 
187	305 
188	160 
189	146 
190	100 
191	170 
192	8 
193	358 
194	132 
195	167 
196	264 
197	75 
198	108 
199	386 
200	309 
201	376 
202	111 
203	347 
204	357 
205	35 
206	239 
207	305 
208	344 
209	288 
210	323 
211	35 
212	292 
213	386 
214	20 
215	183 
216	302 
217	38 
218	184 
219	258 
220	292 
221	380 
222	309 
223	67 
224	278 
225	141 
226	129 
227	125 
228	264 
229	130 
230	73 
231	235 
232	173 
233	227 
234	124 
235	230 
236	28 
237	49 
238	187 
239	243 
240	374 
241	155 
242	316 
243	159 
244	227 
245	178 
246	316 
247	187 
248	355 
249	177 
250	249 
251	77 
252	180 
253	44 
254	248 
255	102 
256	291 
257	323 
258	117 
259	240 
260	79 
261	105 
262	236 
263	248 
264	301 
265	371 
266	211 
267	130 
268	328 
269	139 
270	68 
271	326 
272	388 
273	99 
274	255 
275	298 
276	111 
277	124 
278	37 
279	351 
280	314 
281	221 
282	29 
283	158 
284	134 
285	52 
286	350 
287	383 
288	247 
289	326 
290	233 
291	278 
292	65 
293	324 
294	94 
295	35 
296	29 
297	188 
298	56 
299	396 
300	298 
301	111 
302	242 
303	210 
304	306 
305	271 
306	350 
307	39 
308	229 
309	354 
310	62 
311	345 
312	365 
313	125 
314	64 
315	135 
316	389 
317	394 
318	213 
319	209 
320	311 
321	15 
322	34 
323	124 
324	241 
325	193 
326	199 
327	298 
328	308 
329	45 
330	239 
331	68 
332	207 
333	46 
334	334 
335	124 
336	337 
337	252 
338	345 
339	129 
340	343 
341	11 
342	67 
343	185 
344	391 
345	1 
346	378 
347	182 
348	126 
349	178 
350	74 
351	341 
352	303 
353	259 
354	336 
355	149 
356	112 
357	250 
358	250 
359	165 
360	261 
361	115 
362	257 
363	75 
364	362 
365	217 
366	337 
367	220 
368	386 
369	370 
370	47 
371	216 
372	106 
373	166 
374	279 
375	295 
376	82 
377	348 
378	274 
379	236 
380	96 
381	390 
382	221 
383	176 
384	250 
385	15 
386	333 
387	124 
388	80 
389	145 
390	85 
391	312 
392	63 
393	254 
394	306 
395	249 
396	262 
397	156 
398	40 
399	157 
400	170 
401	210 
402	139 
403	371 
404	219 
405	168 
406	231 
407	398 
408	260 
409	43 
410	50 
411	157 
412	289 
413	197 
414	240 
415	157 
416	128 
417	43 
418	171 
419	54 
420	77 
421	190 
422	260 
423	375 
424	44 
425	226 
426	231 
427	103 
428	24 
429	306 
430	281 
431	386 
432	62 
433	279 
434	350 
435	180 
436	80 
437	377 
438	321 
439	301 
440	229 
441	160 
442	15 
443	366 
444	290 
445	388 
446	84 
447	259 
448	380 
449	26 
450	389 
451	384 
452	371 
453	75 
454	332 
455	383 
456	383 
457	206 
458	197 
459	269 
460	216 
461	134 
462	83 
463	337 
464	12 
465	141 
466	206 
467	347 
468	395 
469	126 
470	189 
471	383 
472	147 
473	38 
474	315 
475	351 
476	370 
477	173 
478	120 
479	325 
480	346 
481	71 
482	370 
483	312 
484	188 
485	298 
486	318 
487	194 
488	391 
489	122 
490	122 
491	173 
492	368 
493	39 
494	118 
495	78 
496	205 
497	88 
498	166 
499	105 
500	180 
501	7 
502	74 
503	89 
504	3 
505	157 
506	4 
507	278 
508	73 
509	30 
510	3 
511	265 
512	358 
513	105 
514	20 
515	391 
516	199 
517	236 
518	316 
519	310 
520	357 
521	142 
522	268 
523	312 
524	143 
525	371 
526	385 
527	173 
528	6 
529	74 
530	392 
531	362 
532	128 
533	323 
534	18 
535	305 
536	264 
537	161 
538	238 
539	1 
540	371 
541	87 
542	110 
543	63 
544	47 
545	21 
546	184 
547	323 
548	315 
549	353 
550	211 
551	7 
552	298 
553	337 
554	346 
555	149 
556	172 
557	304 
558	135 
559	155 
560	35 
561	85 
562	10 
563	160 
564	108 
565	296 
566	183 
567	175 
568	352 
569	326 
570	185 
571	147 
572	69 
573	207 
574	346 
575	254 
576	173 
577	216 
578	57 
579	153 
580	341 
581	27 
582	62 
583	87 
584	381 
585	119 
586	12 
587	364 
588	22 
589	2 
590	379 
591	165 
592	309 
593	152 
594	105 
595	6 
596	304 
597	1 
598	131 
599	84 
600	63 
601	296 
602	241 
603	87 
604	255 
605	63 
606	135 
607	197 
608	163 
609	141 
610	165 
611	239 
612	46 
613	119 
614	187 
615	40 
616	203 
617	387 
618	331 
619	23 
620	287 
621	118 
622	341 
623	31 
624	336 
625	16 
626	87 
627	303 
628	359 
629	35 
630	188 
631	86 
632	14 
633	117 
634	152 
635	337 
636	171 
637	74 
638	391 
639	350 
640	84 
641	160 
642	266 
643	240 
644	122 
645	65 
646	358 
647	294 
648	202 
649	383 
650	244 
651	329 
652	265 
653	70 
654	111 
655	339 
656	346 
657	143 
658	226 
659	384 
660	4 
661	381 
662	389 
663	345 
664	377 
665	360 
666	141 
667	359 
668	227 
669	127 
670	325 
671	253 
672	383 
673	290 
674	247 
675	342 
676	352 
677	164 
678	22 
679	46 
680	162 
681	118 
682	13 
683	170 
684	274 
685	357 
686	29 
687	309 
688	227 
689	267 
690	61 
691	346 
692	213 
693	154 
694	384 
695	72 
696	283 
697	228 
698	7 
699	391 
700	396 
701	232 
702	94 
703	230 
704	11 
705	284 
706	62 
707	139 
708	290 
709	23 
710	226 
711	276 
712	222 
713	114 
714	383 
715	353 
716	336 
717	19 
718	110 
719	234 
720	64 
721	172 
722	193 
723	292 
724	54 
725	74 
726	234 
727	7 
728	59 
729	238 
730	105 
731	317 
732	123 
733	242 
734	252 
735	361 
736	180 
737	398 
738	353 
739	110 
740	211 
741	8 
742	15 
743	297 
744	289 
745	50 
746	275 
747	255 
748	178 
749	221 
750	166 
751	130 
752	41 
753	287 
754	91 
755	323 
756	377 
757	34 
758	275 
759	231 
760	309 
761	297 
762	139 
763	49 
764	117 
765	352 
766	171 
767	227 
768	298 
769	310 
770	106 
771	355 
772	68 
773	109 
774	108 
775	65 
776	86 
777	7 
778	335 
779	154 
780	11 
781	134 
782	358 
783	387 
784	337 
785	20 
786	260 
787	121 
788	139 
789	313 
790	16 
791	223 
792	231 
793	348 
794	74 
795	44 
796	171 
797	313 
798	361 
799	102 
800	130 
801	127 
802	143 
803	34 
804	379 
805	146 
806	8 
807	239 
808	152 
809	323 
810	238 
811	185 
812	382 
813	205 
814	358 
815	161 
816	50 
817	22 
818	102 
819	163 
820	8 
821	61 
822	116 
823	333 
824	109 
825	80 
826	200 
827	100 
828	57 
829	7 
830	245 
831	273 
832	250 
833	257 
834	252 
835	346 
836	359 
837	386 
838	368 
839	225 
840	100 
841	328 
842	20 
843	14 
844	50 
845	124 
846	95 
847	163 
848	9 
849	348 
850	110 
851	319 
852	70 
853	211 
854	262 
855	173 
856	364 
857	134 
858	27 
859	8 
860	51 
861	201 
862	323 
863	227 
864	367 
865	240 
866	209 
867	99 
868	1 
869	198 
870	94 
871	363 
872	157 
873	46 
874	157 
875	288 
876	292 
877	188 
878	4 
879	323 
880	20 
881	390 
882	173 
883	386 
884	164 
885	345 
886	299 
887	173 
888	216 
889	24 
890	57 
891	101 
892	179 
893	95 
894	22 
895	328 
896	125 
897	391 
898	97 
899	11 
900	341 
901	105 
902	227 
903	306 
904	194 
905	80 
906	239 
907	300 
908	372 
909	9 
910	32 
911	383 
912	170 
913	64 
914	352 
915	173 
916	344 
917	209 
918	291 
919	395 
920	290 
921	244 
922	135 
923	9 
924	360 
925	353 
926	123 
927	151 
928	286 
929	84 
930	297 
931	75 
932	54 
933	95 
934	141 
935	51 
936	84 
937	37 
938	326 
939	250 
940	306 
941	372 
942	209 
943	72 
944	67 
945	35 
946	8 
947	335 
948	63 
949	20 
950	337 
951	63 
952	361 
953	77 
954	374 
955	135 
956	89 
957	345 
958	99 
959	235 
960	170 
961	345 
962	167 
963	189 
964	210 
965	53 
966	178 
967	56 
968	269 
969	46 
970	308 
971	227 
972	124 
973	258 
974	337 
975	369 
976	389 
977	325 
978	127 
979	249 
980	213 
981	63 
982	101 
983	39 
984	34 
985	246 
986	33 
987	1 
988	22 
989	164 
990	125 
991	146 
992	78 
993	113 
994	77 
995	291 
996	285 
997	262 
998	212 
999	394 
1000	255 
1001	116 
1002	20 
1003	388 
1004	240 
1005	142 
1006	95 
1007	136 
1008	326 
1009	179 
1010	134 
1011	41 
1012	138 
1013	346 
1014	157 
1015	369 
1016	121 
1017	305 
1018	340 
1019	124 
1020	354 
1021	388 
1022	322 
1023	126 
1024	383 
1025	11 
1026	182 
1027	189 
1028	94 
1029	381 
1030	65 
1031	337 
1032	169 
1033	342 
1034	244 
1035	268 
1036	353 
1037	358 
1038	269 
1039	238 
1040	337 
1041	227 
1042	18 
1043	324 
1044	86 
1045	244 
1046	295 
1047	94 
1048	227 
1049	335 
1050	189 
1051	361 
1052	251 
1053	179 
1054	370 
1055	360 
1056	361 
1057	170 
1058	117 
1059	369 
1060	201 
1061	184 
1062	381 
1063	372 
1064	61 
1065	297 
1066	342 
1067	166 
1068	143 
1069	60 
1070	227 
1071	327 
1072	162 
1073	323 
1074	308 
1075	70 
1076	113 
1077	140 
1078	344 
1079	7 
1080	299 
1081	386 
1082	311 
1083	296 
1084	378 
1085	62 
1086	268 
1087	52 
1088	33 
1089	20 
1090	122 
1091	391 
1092	68 
1093	303 
1094	114 
1095	238 
1096	264 
1097	224 
1098	346 
1099	236 
1100	344 
1101	124 
1102	356 
1103	260 
1104	298 
1105	111 
1106	8 
1107	321 
1108	387 
1109	214 
1110	156 
1111	306 
1112	218 
1113	337 
1114	242 
1115	157 
1116	387 
1117	118 
1118	305 
1119	10 
1120	134 
1121	156 
1122	16 
1123	127 
1124	152 
1125	235 
1126	128 
1127	10 
1128	385 
1129	151 
1130	44 
1131	323 
1132	84 
1133	240 
1134	384 
1135	309 
1136	239 
1137	45 
1138	212 
1139	323 
1140	11 
1141	244 
1142	173 
1143	315 
1144	50 
1145	127 
1146	279 
1147	42 
1148	227 
1149	133 
1150	148 
1151	300 
1152	275 
1153	255 
1154	372 
1155	242 
1156	111 
1157	391 
1158	127 
1159	149 
1160	316 
1161	94 
1162	136 
1163	332 
1164	316 
1165	215 
1166	245 
1167	258 
1168	30 
1169	349 
1170	291 
1171	213 
1172	313 
1173	85 
1174	164 
1175	226 
1176	65 
1177	292 
1178	348 
1179	19 
1180	173 
1181	233 
1182	94 
1183	327 
1184	261 
1185	345 
1186	108 
1187	270 
1188	152 
1189	203 
1190	84 
1191	371 
1192	124 
1193	300 
1194	58 
1195	319 
1196	391 
1197	48 
1198	298 
1199	111 
1200	306 
1201	230 
1202	80 
1203	103 
1204	184 
1205	359 
1206	6 
1207	139 
1208	107 
1209	42 
1210	293 
1211	122 
1212	338 
1213	170 
1214	200 
1215	186 
1216	315 
1217	62 
1218	11 
1219	46 
1220	363 
1221	396 
1222	249 
1223	248 
1224	302 
1225	44 
1226	337 
1227	1 
1228	62 
1229	388 
1230	336 
1231	242 
1232	322 
1233	163 
1234	323 
1235	374 
1236	238 
1237	338 
1238	215 
1239	291 
1240	94 
1241	277 
1242	346 
1243	217 
1244	22 
1245	8 
1246	98 
1247	64 
1248	173 
1249	383 
1250	177 
1251	366 
1252	70 
1253	265 
1254	255 
1255	139 
1256	61 
1257	256 
1258	355 
1259	7 
1260	305 
1261	383 
1262	294 
1263	357 
1264	98 
1265	231 
1266	357 
1267	315 
1268	325 
1269	35 
1270	391 
1271	191 
1272	74 
1273	147 
1274	244 
1275	211 
1276	73 
1277	286 
1278	234 
1279	347 
1280	47 
1281	381 
1282	217 
1283	44 
1284	331 
1285	365 
1286	64 
1287	135 
1288	133 
1289	116 
1290	370 
1291	221 
1292	255 
1293	163 
1294	11 
1295	50 
1296	54 
1297	298 
1298	306 
1299	94 
1300	47 
1301	235 
1302	326 
1303	152 
1304	265 
1305	219 
1306	68 
1307	28 
1308	227 
1309	62 
1310	80 
1311	11 
1312	87 
1313	173 
1314	155 
1315	357 
1316	92 
1317	392 
1318	48 
1319	15 
1320	305 
1321	183 
1322	86 
1323	381 
1324	21 
1325	156 
1326	286 
1327	5 
1328	77 
1329	334 
1330	50 
1331	351 
1332	357 
1333	172 
1334	316 
1335	383 
1336	292 
1337	127 
1338	207 
1339	179 
1340	74 
1341	352 
1342	182 
1343	274 
1344	384 
1345	320 
1346	107 
1347	82 
1348	150 
1349	340 
1350	315 
1351	270 
1352	182 
1353	209 
1354	227 
1355	358 
1356	188 
1357	282 
1358	209 
1359	326 
1360	177 
1361	149 
1362	346 
1363	63 
1364	176 
1365	265 
1366	7 
1367	68 
1368	227 
1369	288 
1370	60 
1371	345 
1372	49 
1373	239 
1374	325 
1375	86 
1376	206 
1377	227 
1378	244 
1379	104 
1380	350 
1381	20 
1382	223 
1383	245 
1384	154 
1385	179 
1386	122 
1387	126 
1388	217 
1389	124 
1390	164 
1391	59 
1392	235 
1393	244 
1394	138 
1395	157 
1396	290 
1397	346 
1398	158 
1399	88 
1400	100 
1401	95 
1402	18 
1403	295 
1404	350 
1405	123 
1406	381 
1407	46 
1408	323 
1409	291 
1410	234 
1411	3 
1412	124 
1413	112 
1414	158 
1415	281 
1416	278 
1417	199 
1418	22 
1419	374 
1420	99 
1421	312 
1422	291 
1423	352 
1424	153 
1425	65 
1426	378 
1427	259 
1428	135 
1429	294 
1430	348 
1431	35 
1432	364 
1433	137 
1434	7 
1435	67 
1436	48 
1437	141 
1438	102 
1439	331 
1440	308 
1441	174 
1442	86 
1443	102 
1444	77 
1445	99 
1446	316 
1447	42 
1448	97 
1449	107 
1450	345 
1451	383 
1452	133 
1453	173 
1454	290 
1455	323 
1456	19 
1457	288 
1458	355 
1459	50 
1460	315 
1461	126 
1462	354 
1463	97 
1464	221 
1465	207 
1466	148 
1467	154 
1468	149 
1469	86 
1470	47 
1471	111 
1472	181 
1473	277 
1474	4 
1475	1 
1476	313 
1477	379 
1478	220 
1479	11 
1480	143 
1481	8 
1482	303 
1483	131 
1484	262 
1485	305 
1486	108 
1487	338 
1488	253 
1489	351 
1490	84 
1491	240 
1492	4 
1493	108 
1494	153 
1495	244 
1496	14 
1497	105 
1498	97 
1499	181 
1500	278 
1501	216 
1502	111 
1503	51 
1504	48 
1505	273 
1506	270 
1507	29 
1508	139 
1509	62 
1510	45 
1511	186 
1512	139 
1513	356 
1514	283 
1515	188 
1516	77 
1517	157 
1518	121 
1519	325 
1520	122 
1521	15 
1522	44 
1523	202 
1524	337 
1525	383 
1526	70 
1527	303 
1528	131 
1529	309 
1530	101 
1531	1 
1532	284 
1533	296 
1534	337 
1535	204 
1536	282 
1537	349 
1538	18 
1539	104 
1540	20 
1541	193 
1542	367 
1543	259 
1544	201 
1545	262 
1546	259 
1547	173 
1548	160 
1549	38 
1550	309 
1551	146 
1552	170 
1553	357 
1554	133 
1555	100 
1556	391 
1557	125 
1558	78 
1559	105 
1560	223 
1561	124 
1562	105 
1563	94 
1564	170 
1565	213 
1566	135 
1567	130 
1568	367 
1569	133 
1570	116 
1571	383 
1572	39 
1573	95 
1574	143 
1575	262 
1576	157 
1577	172 
1578	87 
1579	323 
1580	77 
1581	296 
1582	346 
1583	111 
1584	112 
1585	327 
1586	183 
1587	371 
1588	217 
1589	242 
1590	370 
1591	78 
1592	326 
1593	350 
1594	348 
1595	98 
1596	178 
1597	351 
1598	105 
1599	264 
1600	65 
1601	111 
1602	97 
1603	73 
1604	254 
1605	24 
1606	344 
1607	66 
1608	349 
1609	264 
1610	41 
1611	345 
1612	353 
1613	290 
1614	49 
1615	322 
1616	58 
1617	18 
1618	56 
1619	241 
1620	315 
1621	20 
1622	34 
1623	279 
1624	157 
1625	87 
1626	264 
1627	370 
1628	360 
1629	296 
1630	337 
1631	213 
1632	56 
1633	239 
1634	67 
1635	323 
1636	111 
1637	312 
1638	364 
1639	357 
1640	157 
1641	213 
1642	42 
1643	112 
1644	149 
1645	327 
1646	308 
1647	301 
1648	45 
1649	366 
1650	345 
1651	262 
1652	130 
1653	245 
1654	74 
1655	35 
1656	117 
1657	383 
1658	187 
1659	66 
1660	393 
1661	346 
1662	70 
1663	65 
1664	70 
1665	360 
1666	66 
1667	174 
1668	11 
1669	270 
1670	9 
1671	45 
1672	253 
1673	62 
1674	35 
1675	311 
1676	307 
1677	111 
1678	238 
1679	132 
1680	283 
1681	259 
1682	352 
1683	305 
1684	352 
1685	290 
1686	314 
1687	9 
1688	57 
1689	370 
1690	194 
1691	315 
1692	309 
1693	107 
1694	130 
1695	315 
1696	188 
1697	144 
1698	215 
1699	278 
1700	107 
1701	361 
1702	248 
1703	252 
1704	125 
1705	393 
1706	36 
1707	154 
1708	290 
1709	352 
1710	267 
1711	127 
1712	97 
1713	45 
1714	340 
1715	337 
1716	296 
1717	121 
1718	127 
1719	87 
1720	113 
1721	155 
1722	154 
1723	229 
1724	221 
1725	312 
1726	273 
1727	86 
1728	35 
1729	205 
1730	167 
1731	358 
1732	202 
1733	335 
1734	314 
1735	251 
1736	75 
1737	316 
1738	126 
1739	158 
1740	67 
1741	213 
1742	88 
1743	41 
1744	27 
1745	80 
1746	175 
1747	271 
1748	185 
1749	363 
1750	95 
1751	323 
1752	45 
1753	192 
1754	128 
1755	309 
1756	238 
1757	74 
1758	152 
1759	264 
1760	10 
1761	3 
1762	285 
1763	205 
1764	38 
1765	348 
1766	47 
1767	252 
1768	152 
1769	305 
1770	181 
1771	182 
1772	370 
1773	51 
1774	387 
1775	264 
1776	127 
1777	331 
1778	121 
1779	273 
1780	167 
1781	126 
1782	369 
1783	366 
1784	301 
1785	309 
1786	392 
1787	264 
1788	57 
1789	247 
1790	42 
1791	315 
1792	134 
1793	170 
1794	33 
1795	177 
1796	235 
1797	280 
1798	256 
1799	89 
1800	95 
1801	80 
1802	19 
1803	250 
1804	40 
1805	227 
1806	38 
1807	118 
1808	154 
1809	384 
1810	288 
1811	207 
1812	90 
1813	346 
1814	301 
1815	298 
1816	84 
1817	50 
1818	290 
1819	179 
1820	373 
1821	240 
1822	5 
1823	342 
1824	243 
1825	170 
1826	263 
1827	202 
1828	62 
1829	216 
1830	325 
1831	142 
1832	92 
1833	293 
1834	293 
1835	264 
1836	272 
1837	346 
1838	315 
1839	227 
1840	315 
1841	60 
1842	88 
1843	363 
1844	376 
1845	180 
1846	208 
1847	83 
1848	331 
1849	125 
1850	74 
1851	200 
1852	223 
1853	25 
1854	145 
1855	117 
1856	97 
1857	323 
1858	179 
1859	22 
1860	230 
1861	371 
1862	94 
1863	237 
1864	279 
1865	64 
1866	358 
1867	170 
1868	114 
1869	11 
1870	257 
1871	122 
1872	74 
1873	22 
1874	326 
1875	89 
1876	292 
1877	130 
1878	131 
1879	295 
1880	117 
1881	233 
1882	142 
1883	292 
1884	38 
1885	37 
1886	140 
1887	56 
1888	219 
1889	105 
1890	128 
1891	44 
1892	269 
1893	238 
1894	191 
1895	236 
1896	366 
1897	39 
1898	302 
1899	350 
1900	123 
1901	351 
1902	81 
1903	290 
1904	314 
1905	363 
1906	227 
1907	7 
1908	324 
1909	80 
1910	373 
1911	225 
1912	14 
1913	196 
1914	57 
1915	368 
1916	227 
1917	288 
1918	200 
1919	205 
1920	119 
1921	86 
1922	198 
1923	31 
1924	121 
1925	86 
1926	223 
1927	183 
1928	191 
1929	10 
1930	311 
1931	171 
1932	297 
1933	272 
1934	205 
1935	22 
1936	363 
1937	25 
1938	394 
1939	300 
1940	61 
1941	228 
1942	134 
1943	263 
1944	62 
1945	216 
1946	284 
1947	306 
1948	250 
1949	390 
1950	352 
1951	35 
1952	338 
1953	239 
1954	109 
1955	170 
1956	279 
1957	67 
1958	386 
1959	124 
1960	173 
1961	212 
1962	8 
1963	264 
1964	252 
1965	64 
1966	48 
1967	87 
1968	41 
1969	14 
1970	84 
1971	7 
1972	170 
1973	110 
1974	13 
1975	331 
1976	162 
1977	29 
1978	215 
1979	395 
1980	63 
1981	238 
1982	221 
1983	342 
1984	105 
1985	138 
1986	345 
1987	15 
1988	124 
1989	195 
1990	48 
1991	326 
1992	28 
1993	170 
1994	184 
1995	189 
1996	64 
1997	193 
1998	346 
1999	37 
2000	306 
2001	344 
2002	371 
2003	143 
2004	45 
2005	213 
2006	238 
2007	14 
2008	93 
2009	95 
2010	251 
2011	74 
2012	264 
2013	1 
2014	345 
2015	397 
2016	368 
2017	95 
2018	42 
2019	305 
2020	134 
2021	309 
2022	323 
2023	44 
2024	199 
2025	27 
2026	63 
2027	5 
2028	240 
2029	87 
2030	88 
2031	151 
2032	371 
2033	122 
2034	87 
2035	59 
2036	235 
2037	316 
2038	41 
2039	156 
2040	54 
2041	79 
2042	330 
2043	62 
2044	327 
2045	95 
2046	379 
2047	223 
2048	161 
2049	34 
2050	86 
2051	364 
2052	2 
2053	70 
2054	216 
2055	130 
2056	323 
2057	213 
2058	290 
2059	383 
2060	211 
2061	74 
2062	238 
2063	101 
2064	323 
2065	41 
2066	388 
2067	350 
2068	306 
2069	52 
2070	316 
2071	232 
2072	239 
2073	11 
2074	2 
2075	336 
2076	38 
2077	338 
2078	44 
2079	104 
2080	9 
2081	292 
2082	259 
2083	17 
2084	111 
2085	125 
2086	82 
2087	316 
2088	247 
2089	272 
2090	157 
2091	49 
2092	255 
2093	365 
2094	316 
2095	134 
2096	244 
2097	98 
2098	279 
2099	295 
2100	261 
2101	139 
2102	230 
2103	154 
2104	342 
2105	158 
2106	269 
2107	1 
2108	292 
2109	237 
2110	325 
2111	356 
2112	358 
2113	157 
2114	44 
2115	372 
2116	248 
2117	184 
2118	227 
2119	149 
2120	115 
2121	105 
2122	247 
2123	108 
2124	40 
2125	257 
2126	167 
2127	191 
2128	260 
2129	65 
2130	188 
2131	176 
2132	45 
2133	247 
2134	184 
2135	176 
2136	146 
2137	264 
2138	45 
2139	108 
2140	261 
2141	154 
2142	206 
2143	139 
2144	116 
2145	315 
2146	124 
2147	354 
2148	77 
2149	275 
2150	372 
2151	240 
2152	252 
2153	264 
2154	230 
2155	259 
2156	83 
2157	345 
2158	96 
2159	133 
2160	99 
2161	44 
2162	16 
2163	217 
2164	40 
2165	143 
2166	141 
2167	25 
2168	326 
2169	108 
2170	349 
2171	44 
2172	212 
2173	216 
2174	88 
2175	259 
2176	40 
2177	70 
2178	384 
2179	363 
2180	360 
2181	4 
2182	97 
2183	163 
2184	397 
2185	392 
2186	8 
2187	193 
2188	345 
2189	113 
2190	367 
2191	183 
2192	58 
2193	386 
2194	157 
2195	108 
2196	357 
2197	364 
2198	143 
2199	53 
2200	337 
2201	162 
2202	64 
2203	207 
2204	324 
2205	176 
2206	183 
2207	124 
2208	338 
2209	178 
2210	208 
2211	86 
2212	373 
2213	251 
2214	351 
2215	2 
2216	304 
2217	384 
2218	330 
2219	94 
2220	277 
2221	347 
2222	164 
2223	44 
2224	89 
2225	166 
2226	328 
2227	211 
2228	132 
2229	350 
2230	271 
2231	265 
2232	327 
2233	72 
2234	358 
2235	391 
2236	84 
2237	264 
2238	240 
2239	1 
2240	265 
2241	76 
2242	292 
2243	292 
2244	351 
2245	372 
2246	14 
2247	312 
2248	74 
2249	344 
2250	359 
2251	183 
2252	4 
2253	134 
2254	96 
2255	108 
2256	371 
2257	123 
2258	201 
2259	120 
2260	84 
2261	104 
2262	367 
2263	208 
2264	337 
2265	276 
2266	103 
2267	346 
2268	136 
2269	29 
2270	249 
2271	368 
2272	239 
2273	126 
2274	247 
2275	15 
2276	164 
2277	298 
2278	377 
2279	242 
2280	49 
2281	354 
2282	73 
2283	171 
2284	94 
2285	92 
2286	354 
2287	70 
2288	26 
2289	285 
2290	236 
2291	242 
2292	15 
2293	34 
2294	270 
2295	247 
2296	249 
2297	191 
2298	287 
2299	313 
2300	63 
2301	316 
2302	338 
2303	292 
2304	257 
2305	294 
2306	353 
2307	113 
2308	334 
2309	128 
2310	379 
2311	363 
2312	241 
2313	323 
2314	165 
2315	1 
2316	393 
2317	48 
2318	74 
2319	240 
2320	210 
2321	68 
2322	105 
2323	59 
2324	122 
2325	219 
2326	68 
2327	23 
2328	252 
2329	277 
2330	333 
2331	324 
2332	236 
2333	334 
2334	211 
2335	18 
2336	217 
2337	209 
2338	213 
2339	133 
2340	382 
2341	214 
2342	139 
2343	240 
2344	165 
2345	68 
2346	94 
2347	4 
2348	63 
2349	73 
2350	209 
2351	80 
2352	150 
2353	298 
2354	15 
2355	216 
2356	88 
2357	11 
2358	383 
2359	238 
2360	375 
2361	230 
2362	207 
2363	201 
2364	259 
2365	250 
2366	76 
2367	374 
2368	201 
2369	95 
2370	291 
2371	164 
2372	73 
2373	11 
2374	221 
2375	46 
2376	351 
2377	72 
2378	48 
2379	326 
2380	68 
2381	319 
2382	387 
2383	391 
2384	175 
2385	218 
2386	2 
2387	247 
2388	357 
2389	122 
2390	44 
2391	343 
2392	308 
2393	254 
2394	10 
2395	97 
2396	55 
2397	132 
2398	287 
2399	220 
2400	14 
2401	252 
2402	395 
2403	240 
2404	79 
2405	131 
2406	323 
2407	257 
2408	316 
2409	313 
2410	249 
2411	7 
2412	17 
2413	94 
2414	45 
2415	267 
2416	22 
2417	251 
2418	54 
2419	305 
2420	390 
2421	97 
2422	118 
2423	182 
2424	80 
2425	345 
2426	192 
2427	257 
2428	308 
2429	286 
2430	124 
2431	386 
2432	164 
2433	230 
2434	234 
2435	340 
2436	226 
2437	237 
2438	346 
2439	173 
2440	71 
2441	229 
2442	47 
2443	238 
2444	189 
2445	201 
2446	240 
2447	397 
2448	226 
2449	288 
2450	295 
2451	44 
2452	307 
2453	337 
2454	333 
2455	166 
2456	347 
2457	311 
2458	371 
2459	262 
2460	14 
2461	350 
2462	224 
2463	155 
2464	16 
2465	353 
2466	332 
2467	264 
2468	240 
2469	255 
2470	141 
2471	203 
2472	105 
2473	170 
2474	11 
2475	344 
2476	368 
2477	357 
2478	273 
2479	386 
2480	47 
2481	109 
2482	44 
2483	381 
2484	395 
2485	44 
2486	18 
2487	155 
2488	260 
2489	173 
2490	77 
2491	110 
2492	179 
2493	164 
2494	306 
2495	235 
2496	210 
2497	305 
2498	62 
2499	136 
2500	164 
2501	95 
2502	389 
2503	179 
2504	249 
2505	222 
2506	15 
2507	124 
2508	290 
2509	357 
2510	45 
2511	133 
2512	63 
2513	252 
2514	255 
2515	40 
2516	77 
2517	16 
2518	275 
2519	32 
2520	313 
2521	173 
2522	44 
2523	398 
2524	19 
2525	315 
2526	62 
2527	305 
2528	155 
2529	320 
2530	14 
2531	52 
2532	298 
2533	351 
2534	183 
2535	392 
2536	186 
2537	127 
2538	240 
2539	367 
2540	337 
2541	28 
2542	340 
2543	316 
2544	164 
2545	240 
2546	358 
2547	259 
2548	243 
2549	391 
2550	341 
2551	178 
2552	262 
2553	127 
2554	150 
2555	294 
2556	260 
2557	132 
2558	111 
2559	56 
2560	328 
2561	264 
2562	43 
2563	275 
2564	323 
2565	316 
2566	316 
2567	130 
2568	50 
2569	382 
2570	353 
2571	227 
2572	311 
2573	216 
2574	246 
2575	35 
2576	32 
2577	178 
2578	157 
2579	244 
2580	352 
2581	250 
2582	364 
2583	127 
2584	148 
2585	91 
2586	63 
2587	94 
2588	296 
2589	45 
2590	337 
2591	107 
2592	247 
2593	277 
2594	188 
2595	119 
2596	158 
2597	119 
2598	35 
2599	331 
2600	194 
2601	154 
2602	333 
2603	81 
2604	40 
2605	270 
2606	86 
2607	200 
2608	389 
2609	255 
2610	181 
2611	8 
2612	150 
2613	223 
2614	318 
2615	361 
2616	385 
2617	326 
2618	133 
2619	191 
2620	243 
2621	206 
2622	175 
2623	280 
2624	183 
2625	394 
2626	295 
2627	100 
2628	118 
2629	147 
2630	13 
2631	71 
2632	256 
2633	176 
2634	293 
2635	123 
2636	72 
2637	251 
2638	84 
2639	386 
2640	237 
2641	65 
2642	246 
2643	277 
2644	182 
2645	384 
2646	242 
2647	130 
2648	375 
2649	278 
2650	53 
2651	50 
2652	116 
2653	346 
2654	386 
2655	298 
2656	292 
2657	133 
2658	214 
2659	8 
2660	171 
2661	143 
2662	364 
2663	188 
2664	96 
2665	140 
2666	138 
2667	77 
2668	290 
2669	139 
2670	68 
2671	16 
2672	58 
2673	312 
2674	345 
2675	108 
2676	220 
2677	191 
2678	56 
2679	395 
2680	173 
2681	345 
2682	306 
2683	260 
2684	195 
2685	291 
2686	337 
2687	342 
2688	188 
2689	70 
2690	202 
2691	227 
2692	65 
2693	93 
2694	134 
2695	117 
2696	143 
2697	351 
2698	145 
2699	337 
2700	165 
2701	350 
2702	221 
2703	274 
2704	341 
2705	84 
2706	84 
2707	127 
2708	175 
2709	267 
2710	130 
2711	209 
2712	29 
2713	126 
2714	364 
2715	188 
2716	270 
2717	228 
2718	228 
2719	213 
2720	353 
2721	316 
2722	283 
2723	260 
2724	32 
2725	236 
2726	145 
2727	118 
2728	322 
2729	31 
2730	56 
2731	37 
2732	355 
2733	256 
2734	324 
2735	47 
2736	276 
2737	47 
2738	7 
2739	300 
2740	123 
2741	43 
2742	46 
2743	351 
2744	173 
2745	250 
2746	371 
2747	264 
2748	71 
2749	278 
2750	394 
2751	68 
2752	358 
2753	255 
2754	344 
2755	164 
2756	270 
2757	391 
2758	269 
2759	207 
2760	67 
2761	130 
2762	248 
2763	250 
2764	47 
2765	111 
2766	128 
2767	337 
2768	134 
2769	298 
2770	239 
2771	288 
2772	365 
2773	128 
2774	297 
2775	264 
2776	164 
2777	74 
2778	386 
2779	134 
2780	318 
2781	296 
2782	370 
2783	37 
2784	122 
2785	358 
2786	99 
2787	306 
2788	247 
2789	209 
2790	67 
2791	122 
2792	246 
2793	127 
2794	232 
2795	36 
2796	196 
2797	370 
2798	267 
2799	235 
2800	354 
2801	321 
2802	208 
2803	211 
2804	357 
2805	198 
2806	220 
2807	389 
2808	88 
2809	53 
2810	47 
2811	292 
2812	386 
2813	165 
2814	285 
2815	186 
2816	98 
2817	381 
2818	290 
2819	179 
2820	179 
2821	164 
2822	326 
2823	15 
2824	116 
2825	254 
2826	384 
2827	62 
2828	122 
2829	339 
2830	55 
2831	8 
2832	195 
2833	356 
2834	14 
2835	32 
2836	311 
2837	17 
2838	207 
2839	13 
2840	371 
2841	309 
2842	358 
2843	154 
2844	215 
2845	118 
2846	147 
2847	23 
2848	218 
2849	345 
2850	116 
2851	252 
2852	309 
2853	315 
2854	64 
2855	206 
2856	315 
2857	168 
2858	306 
2859	29 
2860	357 
2861	167 
2862	172 
2863	22 
2864	93 
2865	232 
2866	191 
2867	259 
2868	50 
2869	141 
2870	386 
2871	22 
2872	351 
2873	30 
2874	152 
2875	295 
2876	139 
2877	187 
2878	135 
2879	290 
2880	295 
2881	279 
2882	389 
2883	345 
2884	118 
2885	58 
2886	3 
2887	139 
2888	143 
2889	183 
2890	316 
2891	80 
2892	51 
2893	154 
2894	365 
2895	141 
2896	25 
2897	184 
2898	119 
2899	393 
2900	277 
2901	81 
2902	290 
2903	12 
2904	55 
2905	238 
2906	213 
2907	346 
2908	32 
2909	354 
2910	230 
2911	170 
2912	65 
2913	292 
2914	368 
2915	28 
2916	204 
2917	318 
2918	143 
2919	236 
2920	14 
2921	139 
2922	87 
2923	387 
2924	377 
2925	348 
2926	337 
2927	266 
2928	276 
2929	90 
2930	298 
2931	337 
2932	387 
2933	323 
2934	34 
2935	264 
2936	325 
2937	198 
2938	339 
2939	128 
2940	11 
2941	343 
2942	240 
2943	395 
2944	223 
2945	79 
2946	389 
2947	246 
2948	85 
2949	87 
2950	65 
2951	74 
2952	270 
2953	321 
2954	222 
2955	313 
2956	282 
2957	36 
2958	230 
2959	126 
2960	54 
2961	29 
2962	364 
2963	162 
2964	231 
2965	294 
2966	16 
2967	294 
2968	45 
2969	70 
2970	164 
2971	64 
2972	350 
2973	379 
2974	210 
2975	337 
2976	289 
2977	84 
2978	386 
2979	105 
2980	363 
2981	94 
2982	139 
2983	292 
2984	56 
2985	355 
2986	68 
2987	191 
2988	15 
2989	267 
2990	268 
2991	371 
2992	353 
2993	144 
2994	77 
2995	126 
2996	325 
2997	384 
2998	337 
2999	54 
3000	22 
3001	262 
3002	98 
3003	244 
3004	345 
3005	181 
3006	298 
3007	206 
3008	259 
3009	89 
3010	332 
3011	197 
3012	384 
3013	295 
3014	292 
3015	74 
3016	22 
3017	217 
3018	324 
3019	11 
3020	74 
3021	373 
3022	380 
3023	315 
3024	188 
3025	265 
3026	298 
3027	368 
3028	264 
3029	190 
3030	115 
3031	95 
3032	183 
3033	371 
3034	346 
3035	268 
3036	298 
3037	356 
3038	141 
3039	170 
3040	23 
3041	217 
3042	1 
3043	110 
3044	346 
3045	40 
3046	123 
3047	209 
3048	339 
3049	235 
3050	350 
3051	164 
3052	333 
3053	378 
3054	157 
3055	112 
3056	187 
3057	353 
3058	211 
3059	87 
3060	153 
3061	282 
3062	381 
3063	396 
3064	65 
3065	173 
3066	188 
3067	228 
3068	391 
3069	105 
3070	267 
3071	143 
3072	37 
3073	130 
3074	157 
3075	223 
3076	356 
3077	224 
3078	386 
3079	363 
3080	152 
3081	176 
3082	371 
3083	158 
3084	318 
3085	315 
3086	370 
3087	264 
3088	262 
3089	170 
3090	166 
3091	392 
3092	22 
3093	213 
3094	192 
3095	254 
3096	259 
3097	385 
3098	308 
3099	155 
3100	33 
3101	105 
3102	2 
3103	277 
3104	57 
3105	12 
3106	313 
3107	395 
3108	76 
3109	51 
3110	5 
3111	64 
3112	223 
3113	328 
3114	301 
3115	386 
3116	82 
3117	318 
3118	397 
3119	159 
3120	215 
3121	360 
3122	390 
3123	112 
3124	370 
3125	315 
3126	310 
3127	98 
3128	266 
3129	332 
3130	15 
3131	15 
3132	265 
3133	119 
3134	170 
3135	103 
3136	82 
3137	312 
3138	95 
3139	29 
3140	95 
3141	361 
3142	375 
3143	107 
3144	87 
3145	289 
3146	351 
3147	174 
3148	130 
3149	87 
3150	216 
3151	328 
3152	298 
3153	312 
3154	58 
3155	371 
3156	358 
3157	168 
3158	276 
3159	364 
3160	49 
3161	50 
3162	205 
3163	16 
3164	47 
3165	13 
3166	237 
3167	338 
3168	388 
3169	277 
3170	370 
3171	85 
3172	239 
3173	259 
3174	179 
3175	337 
3176	97 
3177	256 
3178	268 
3179	370 
3180	203 
3181	1 
3182	140 
3183	133 
3184	230 
3185	156 
3186	47 
3187	77 
3188	129 
3189	353 
3190	235 
3191	84 
3192	312 
3193	45 
3194	265 
3195	26 
3196	152 
3197	146 
3198	216 
3199	4 
3200	236 
3201	29 
3202	278 
3203	158 
3204	184 
3205	229 
3206	7 
3207	49 
3208	95 
3209	1 
3210	185 
3211	3 
3212	63 
3213	33 
3214	395 
3215	308 
3216	279 
3217	345 
3218	230 
3219	176 
3220	135 
3221	343 
3222	179 
3223	239 
3224	250 
3225	326 
3226	93 
3227	62 
3228	222 
3229	49 
3230	164 
3231	245 
3232	278 
3233	389 
3234	345 
3235	348 
3236	333 
3237	44 
3238	191 
3239	235 
3240	378 
3241	161 
3242	142 
3243	14 
3244	101 
3245	157 
3246	94 
3247	240 
3248	345 
3249	395 
3250	247 
3251	367 
3252	227 
3253	152 
3254	67 
3255	49 
3256	338 
3257	154 
3258	164 
3259	267 
3260	197 
3261	349 
3262	279 
3263	375 
3264	31 
3265	227 
3266	355 
3267	166 
3268	28 
3269	393 
3270	274 
3271	388 
3272	205 
3273	238 
3274	277 
3275	194 
3276	344 
3277	133 
3278	338 
3279	49 
3280	62 
3281	199 
3282	315 
3283	221 
3284	103 
3285	238 
3286	245 
3287	115 
3288	207 
3289	330 
3290	297 
3291	315 
3292	171 
3293	370 
3294	207 
3295	16 
3296	309 
3297	227 
3298	19 
3299	316 
3300	246 
3301	107 
3302	388 
3303	57 
3304	226 
3305	316 
3306	169 
3307	84 
3308	151 
3309	136 
3310	277 
3311	84 
3312	375 
3313	116 
3314	122 
3315	292 
3316	7 
3317	82 
3318	94 
3319	45 
3320	321 
3321	249 
3322	310 
3323	321 
3324	385 
3325	277 
3326	124 
3327	184 
3328	170 
3329	323 
3330	150 
3331	238 
3332	315 
3333	183 
3334	222 
3335	255 
3336	346 
3337	340 
3338	108 
3339	68 
3340	208 
3341	99 
3342	124 
3343	118 
3344	62 
3345	298 
3346	375 
3347	236 
3348	309 
3349	69 
3350	84 
3351	323 
3352	368 
3353	67 
3354	100 
3355	225 
3356	19 
3357	336 
3358	375 
3359	358 
3360	260 
3361	143 
3362	263 
3363	337 
3364	164 
3365	298 
3366	361 
3367	40 
3368	319 
3369	287 
3370	155 
3371	371 
3372	61 
3373	99 
3374	112 
3375	371 
3376	21 
3377	345 
3378	309 
3379	197 
3380	274 
3381	143 
3382	44 
3383	139 
3384	113 
3385	165 
3386	353 
3387	19 
3388	273 
3389	88 
3390	115 
3391	384 
3392	352 
3393	370 
3394	139 
3395	101 
3396	264 
3397	207 
3398	388 
3399	274 
3400	157 
3401	345 
3402	337 
3403	398 
3404	386 
3405	326 
3406	40 
3407	13 
3408	152 
3409	105 
3410	357 
3411	116 
3412	301 
3413	86 
3414	27 
3415	157 
3416	58 
3417	184 
3418	24 
3419	163 
3420	44 
3421	358 
3422	111 
3423	338 
3424	189 
3425	331 
3426	316 
3427	157 
3428	238 
3429	268 
3430	250 
3431	108 
3432	43 
3433	386 
3434	314 
3435	35 
3436	19 
3437	78 
3438	205 
3439	337 
3440	8 
3441	231 
3442	106 
3443	262 
3444	392 
3445	372 
3446	124 
3447	173 
3448	44 
3449	80 
3450	157 
3451	320 
3452	50 
3453	216 
3454	351 
3455	386 
3456	378 
3457	106 
3458	109 
3459	164 
3460	135 
3461	368 
3462	85 
3463	380 
3464	65 
3465	77 
3466	148 
3467	183 
3468	351 
3469	129 
3470	323 
3471	12 
3472	105 
3473	126 
3474	2 
3475	379 
3476	189 
3477	214 
3478	334 
3479	121 
3480	72 
3481	123 
3482	85 
3483	63 
3484	19 
3485	184 
3486	384 
3487	62 
3488	176 
3489	257 
3490	262 
3491	178 
3492	107 
3493	128 
3494	298 
3495	298 
3496	236 
3497	83 
3498	216 
3499	253 
3500	214 
3501	21 
3502	338 
3503	247 
3504	144 
3505	306 
3506	243 
3507	351 
3508	12 
3509	97 
3510	130 
3511	384 
3512	344 
3513	144 
3514	94 
3515	379 
3516	294 
3517	329 
3518	364 
3519	195 
3520	152 
3521	200 
3522	119 
3523	95 
3524	264 
3525	306 
3526	350 
3527	38 
3528	84 
3529	371 
3530	159 
3531	55 
3532	388 
3533	335 
3534	75 
3535	79 
3536	14 
3537	239 
3538	346 
3539	49 
3540	320 
3541	188 
3542	165 
3543	215 
3544	336 
3545	357 
3546	252 
3547	39 
3548	350 
3549	94 
3550	203 
3551	111 
3552	48 
3553	213 
3554	149 
3555	165 
3556	204 
3557	116 
3558	8 
3559	126 
3560	262 
3561	290 
3562	289 
3563	45 
3564	253 
3565	67 
3566	30 
3567	14 
3568	257 
3569	106 
3570	14 
3571	395 
3572	164 
3573	303 
3574	63 
3575	55 
3576	389 
3577	158 
3578	84 
3579	329 
3580	195 
3581	323 
3582	135 
3583	376 
3584	352 
3585	40 
3586	357 
3587	279 
3588	286 
3589	249 
3590	80 
3591	252 
3592	170 
3593	316 
3594	74 
3595	167 
3596	386 
3597	172 
3598	160 
3599	238 
3600	268 
3601	206 
3602	141 
3603	242 
3604	19 
3605	13 
3606	342 
3607	292 
3608	27 
3609	290 
3610	337 
3611	312 
3612	68 
3613	318 
3614	252 
3615	242 
3616	140 
3617	179 
3618	109 
3619	132 
3620	4 
3621	391 
3622	273 
3623	91 
3624	105 
3625	250 
3626	383 
3627	363 
3628	62 
3629	157 
3630	141 
3631	104 
3632	61 
3633	314 
3634	66 
3635	176 
3636	14 
3637	202 
3638	179 
3639	352 
3640	48 
3641	19 
3642	126 
3643	87 
3644	357 
3645	256 
3646	39 
3647	46 
3648	95 
3649	268 
3650	292 
3651	44 
3652	141 
3653	103 
3654	139 
3655	304 
3656	145 
3657	205 
3658	130 
3659	256 
3660	226 
3661	60 
3662	108 
3663	339 
3664	126 
3665	337 
3666	12 
3667	118 
3668	105 
3669	346 
3670	290 
3671	362 
3672	90 
3673	201 
3674	204 
3675	7 
3676	233 
3677	351 
3678	379 
3679	65 
3680	185 
3681	99 
3682	114 
3683	18 
3684	213 
3685	156 
3686	143 
3687	70 
3688	263 
3689	277 
3690	325 
3691	379 
3692	361 
3693	355 
3694	313 
3695	97 
3696	118 
3697	97 
3698	35 
3699	330 
3700	385 
3701	128 
3702	331 
3703	65 
3704	38 
3705	291 
3706	282 
3707	55 
3708	173 
3709	291 
3710	214 
3711	283 
3712	127 
3713	32 
3714	375 
3715	140 
3716	15 
3717	132 
3718	81 
3719	250 
3720	206 
3721	133 
3722	259 
3723	8 
3724	176 
3725	139 
3726	121 
3727	49 
3728	5 
3729	202 
3730	308 
3731	178 
3732	333 
3733	72 
3734	62 
3735	94 
3736	189 
3737	250 
3738	282 
3739	127 
3740	315 
3741	47 
3742	152 
3743	8 
3744	94 
3745	397 
3746	329 
3747	290 
3748	69 
3749	63 
3750	97 
3751	127 
3752	149 
3753	250 
3754	138 
3755	63 
3756	252 
3757	245 
3758	73 
3759	102 
3760	170 
3761	240 
3762	205 
3763	15 
3764	64 
3765	23 
3766	268 
3767	357 
3768	227 
3769	352 
3770	244 
3771	232 
3772	265 
3773	361 
3774	331 
3775	65 
3776	71 
3777	133 
3778	75 
3779	75 
3780	173 
3781	188 
3782	133 
3783	149 
3784	70 
3785	217 
3786	187 
3787	48 
3788	302 
3789	267 
3790	95 
3791	95 
3792	38 
3793	33 
3794	325 
3795	346 
3796	306 
3797	223 
3798	44 
3799	209 
3800	70 
3801	59 
3802	264 
3803	115 
3804	357 
3805	315 
3806	84 
3807	306 
3808	210 
3809	326 
3810	49 
3811	191 
3812	143 
3813	318 
3814	87 
3815	347 
3816	92 
3817	88 
3818	166 
3819	350 
3820	20 
3821	370 
3822	108 
3823	183 
3824	63 
3825	44 
3826	46 
3827	389 
3828	130 
3829	216 
3830	202 
3831	183 
3832	247 
3833	44 
3834	350 
3835	108 
3836	183 
3837	63 
3838	357 
3839	189 
3840	70 
3841	367 
3842	205 
3843	382 
3844	143 
3845	357 
3846	259 
3847	304 
3848	201 
3849	251 
3850	358 
3851	146 
3852	26 
3853	84 
3854	45 
3855	87 
3856	23 
3857	383 
3858	94 
3859	253 
3860	202 
3861	299 
3862	239 
3863	217 
3864	80 
3865	20 
3866	243 
3867	357 
3868	166 
3869	353 
3870	315 
3871	264 
3872	48 
3873	67 
3874	335 
3875	300 
3876	188 
3877	350 
3878	171 
3879	315 
3880	141 
3881	240 
3882	143 
3883	15 
3884	371 
3885	283 
3886	396 
3887	116 
3888	234 
3889	102 
3890	93 
3891	276 
3892	326 
3893	97 
3894	260 
3895	299 
3896	376 
3897	386 
3898	294 
3899	368 
3900	74 
3901	69 
3902	107 
3903	189 
3904	119 
3905	299 
3906	344 
3907	266 
3908	206 
3909	230 
3910	293 
3911	32 
3912	50 
3913	119 
3914	239 
3915	359 
3916	373 
3917	24 
3918	152 
3919	116 
3920	273 
3921	357 
3922	194 
3923	40 
3924	45 
3925	116 
3926	90 
3927	8 
3928	333 
3929	330 
3930	379 
3931	60 
3932	75 
3933	259 
3934	276 
3935	65 
3936	84 
3937	231 
3938	44 
3939	108 
3940	358 
3941	46 
3942	105 
3943	173 
3944	178 
3945	389 
3946	216 
3947	148 
3948	317 
3949	185 
3950	13 
3951	15 
3952	396 
3953	344 
3954	69 
3955	15 
3956	7 
3957	154 
3958	370 
3959	97 
3960	173 
3961	348 
3962	264 
3963	212 
3964	143 
3965	331 
3966	299 
3967	295 
3968	352 
3969	179 
3970	157 
3971	343 
3972	262 
3973	68 
3974	7 
3975	228 
3976	150 
3977	133 
3978	240 
3979	362 
3980	173 
3981	361 
3982	364 
3983	1 
3984	252 
3985	239 
3986	124 
3987	3 
3988	166 
3989	23 
3990	351 
3991	240 
3992	329 
3993	250 
3994	8 
3995	345 
3996	97 
3997	254 
3998	281 
3999	307 
4000	322 
4001	42 
4002	76 
4003	70 
4004	190 
4005	172 
4006	14 
4007	227 
4008	129 
4009	174 
4010	293 
4011	220 
4012	386 
4013	394 
4014	99 
4015	54 
4016	2 
4017	345 
4018	86 
4019	279 
4020	74 
4021	62 
4022	364 
4023	310 
4024	127 
4025	218 
4026	240 
4027	15 
4028	225 
4029	252 
4030	124 
4031	82 
4032	166 
4033	328 
4034	292 
4035	210 
4036	133 
4037	331 
4038	152 
4039	397 
4040	315 
4041	103 
4042	384 
4043	227 
4044	176 
4045	116 
4046	247 
4047	315 
4048	321 
4049	204 
4050	301 
4051	396 
4052	270 
4053	286 
4054	139 
4055	130 
4056	333 
4057	204 
4058	395 
4059	88 
4060	337 
4061	111 
4062	86 
4063	65 
4064	127 
4065	56 
4066	296 
4067	23 
4068	370 
4069	195 
4070	16 
4071	238 
4072	178 
4073	133 
4074	319 
4075	280 
4076	146 
4077	358 
4078	292 
4079	382 
4080	287 
4081	98 
4082	352 
4083	110 
4084	357 
4085	316 
4086	375 
4087	323 
4088	191 
4089	295 
4090	355 
4091	240 
4092	75 
4093	70 
4094	2 
4095	118 
4096	139 
4097	320 
4098	159 
4099	253 
4100	268 
4101	108 
4102	133 
4103	388 
4104	284 
4105	22 
4106	32 
4107	49 
4108	15 
4109	159 
4110	75 
4111	334 
4112	29 
4113	226 
4114	130 
4115	245 
4116	250 
4117	87 
4118	356 
4119	137 
4120	53 
4121	98 
4122	315 
4123	3 
4124	256 
4125	198 
4126	5 
4127	335 
4128	361 
4129	306 
4130	67 
4131	318 
4132	393 
4133	287 
4134	173 
4135	301 
4136	46 
4137	345 
4138	179 
4139	88 
4140	58 
4141	95 
4142	294 
4143	237 
4144	140 
4145	160 
4146	148 
4147	337 
4148	390 
4149	249 
4150	67 
4151	67 
4152	371 
4153	266 
4154	134 
4155	84 
4156	122 
4157	139 
4158	40 
4159	294 
4160	239 
4161	355 
4162	63 
4163	2 
4164	40 
4165	337 
4166	277 
4167	255 
4168	205 
4169	252 
4170	359 
4171	75 
4172	7 
4173	151 
4174	41 
4175	205 
4176	86 
4177	192 
4178	293 
4179	143 
4180	249 
4181	344 
4182	137 
4183	93 
4184	142 
4185	172 
4186	143 
4187	272 
4188	188 
4189	242 
4190	55 
4191	311 
4192	250 
4193	86 
4194	335 
4195	276 
4196	356 
4197	346 
4198	270 
4199	229 
4200	141 
4201	5 
4202	152 
4203	123 
4204	95 
4205	158 
4206	286 
4207	237 
4208	181 
4209	308 
4210	15 
4211	84 
4212	73 
4213	124 
4214	77 
4215	79 
4216	135 
4217	186 
4218	265 
4219	190 
4220	358 
4221	374 
4222	148 
4223	312 
4224	240 
4225	277 
4226	72 
4227	154 
4228	45 
4229	244 
4230	68 
4231	12 
4232	16 
4233	127 
4234	91 
4235	105 
4236	127 
4237	103 
4238	188 
4239	363 
4240	94 
4241	334 
4242	12 
4243	346 
4244	62 
4245	268 
4246	250 
4247	189 
4248	379 
4249	177 
4250	205 
4251	311 
4252	80 
4253	302 
4254	367 
4255	184 
4256	386 
4257	52 
4258	177 
4259	1 
4260	227 
4261	28 
4262	382 
4263	218 
4264	249 
4265	163 
4266	330 
4267	192 
4268	351 
4269	277 
4270	92 
4271	79 
4272	349 
4273	351 
4274	391 
4275	388 
4276	364 
4277	63 
4278	367 
4279	357 
4280	79 
4281	346 
4282	269 
4283	240 
4284	252 
4285	377 
4286	94 
4287	139 
4288	35 
4289	94 
4290	57 
4291	74 
4292	87 
4293	323 
4294	47 
4295	213 
4296	16 
4297	17 
4298	310 
4299	170 
4300	133 
4301	315 
4302	224 
4303	203 
4304	233 
4305	214 
4306	133 
4307	211 
4308	217 
4309	258 
4310	306 
4311	326 
4312	107 
4313	267 
4314	357 
4315	123 
4316	75 
4317	225 
4318	307 
4319	339 
4320	44 
4321	397 
4322	252 
4323	192 
4324	324 
4325	167 
4326	339 
4327	38 
4328	337 
4329	242 
4330	252 
4331	383 
4332	207 
4333	342 
4334	161 
4335	45 
4336	344 
4337	133 
4338	103 
4339	83 
4340	105 
4341	316 
4342	63 
4343	378 
4344	201 
4345	33 
4346	295 
4347	335 
4348	361 
4349	295 
4350	5 
4351	345 
4352	95 
4353	134 
4354	366 
4355	290 
4356	86 
4357	173 
4358	101 
4359	381 
4360	259 
4361	49 
4362	48 
4363	236 
4364	74 
4365	225 
4366	173 
4367	295 
4368	386 
4369	370 
4370	97 
4371	352 
4372	309 
4373	389 
4374	244 
4375	49 
4376	153 
4377	376 
4378	70 
4379	378 
4380	360 
4381	337 
4382	123 
4383	68 
4384	238 
4385	141 
4386	348 
4387	39 
4388	66 
4389	259 
4390	310 
4391	19 
4392	250 
4393	44 
4394	292 
4395	7 
4396	294 
4397	164 
4398	356 
4399	249 
4400	139 
4401	222 
4402	386 
4403	95 
4404	157 
4405	318 
4406	356 
4407	254 
4408	156 
4409	169 
4410	282 
4411	99 
4412	21 
4413	97 
4414	49 
4415	294 
4416	71 
4417	13 
4418	313 
4419	74 
4420	303 
4421	289 
4422	91 
4423	207 
4424	41 
4425	298 
4426	58 
4427	144 
4428	383 
4429	297 
4430	290 
4431	112 
4432	345 
4433	326 
4434	28 
4435	346 
4436	387 
4437	302 
4438	122 
4439	206 
4440	273 
4441	270 
4442	310 
4443	368 
4444	298 
4445	211 
4446	353 
4447	80 
4448	273 
4449	5 
4450	44 
4451	47 
4452	188 
4453	238 
4454	15 
4455	144 
4456	20 
4457	130 
4458	397 
4459	205 
4460	162 
4461	268 
4462	118 
4463	324 
4464	47 
4465	351 
4466	84 
4467	154 
4468	45 
4469	264 
4470	1 
4471	68 
4472	33 
4473	357 
4474	140 
4475	155 
4476	34 
4477	44 
4478	27 
4479	370 
4480	97 
4481	348 
4482	8 
4483	228 
4484	116 
4485	277 
4486	151 
4487	360 
4488	334 
4489	116 
4490	297 
4491	344 
4492	57 
4493	143 
4494	367 
4495	170 
4496	143 
4497	371 
4498	249 
4499	347 
4500	240 
4501	211 
4502	336 
4503	297 
4504	105 
4505	323 
4506	184 
4507	89 
4508	383 
4509	105 
4510	185 
4511	386 
4512	134 
4513	161 
4514	18 
4515	296 
4516	112 
4517	250 
4518	39 
4519	14 
4520	94 
4521	273 
4522	175 
4523	46 
4524	61 
4525	276 
4526	127 
4527	84 
4528	252 
4529	357 
4530	375 
4531	292 
4532	346 
4533	131 
4534	75 
4535	8 
4536	143 
4537	386 
4538	35 
4539	37 
4540	356 
4541	5 
4542	94 
4543	189 
4544	227 
4545	84 
4546	170 
4547	62 
4548	62 
4549	253 
4550	124 
4551	326 
4552	173 
4553	40 
4554	26 
4555	338 
4556	255 
4557	20 
4558	73 
4559	262 
4560	355 
4561	122 
4562	209 
4563	29 
4564	391 
4565	285 
4566	297 
4567	116 
4568	199 
4569	345 
4570	120 
4571	95 
4572	292 
4573	222 
4574	1 
4575	55 
4576	255 
4577	174 
4578	68 
4579	115 
4580	164 
4581	43 
4582	331 
4583	28 
4584	40 
4585	363 
4586	296 
4587	381 
4588	121 
4589	151 
4590	384 
4591	371 
4592	345 
4593	103 
4594	314 
4595	312 
4596	305 
4597	80 
4598	240 
4599	389 
4600	24 
4601	120 
4602	29 
4603	18 
4604	383 
4605	98 
4606	68 
4607	108 
4608	337 
4609	337 
4610	63 
4611	189 
4612	244 
4613	24 
4614	252 
4615	191 
4616	143 
4617	70 
4618	143 
4619	154 
4620	265 
4621	223 
4622	101 
4623	30 
4624	67 
4625	187 
4626	84 
4627	379 
4628	227 
4629	271 
4630	255 
4631	75 
4632	100 
4633	373 
4634	218 
4635	29 
4636	247 
4637	292 
4638	133 
4639	354 
4640	236 
4641	44 
4642	207 
4643	297 
4644	66 
4645	255 
4646	342 
4647	170 
4648	317 
4649	155 
4650	206 
4651	264 
4652	324 
4653	63 
4654	42 
4655	341 
4656	239 
4657	121 
4658	289 
4659	139 
4660	318 
4661	232 
4662	67 
4663	90 
4664	324 
4665	157 
4666	352 
4667	206 
4668	53 
4669	61 
4670	375 
4671	387 
4672	65 
4673	326 
4674	350 
4675	292 
4676	273 
4677	154 
4678	363 
4679	310 
4680	363 
4681	201 
4682	318 
4683	290 
4684	8 
4685	250 
4686	250 
4687	88 
4688	35 
4689	157 
4690	333 
4691	105 
4692	174 
4693	306 
4694	86 
4695	183 
4696	341 
4697	296 
4698	82 
4699	277 
4700	136 
4701	1 
4702	192 
4703	277 
4704	326 
4705	386 
4706	38 
4707	97 
4708	282 
4709	316 
4710	163 
4711	110 
4712	370 
4713	139 
4714	116 
4715	357 
4716	27 
4717	128 
4718	383 
4719	158 
4720	315 
4721	249 
4722	337 
4723	294 
4724	236 
4725	204 
4726	127 
4727	231 
4728	71 
4729	207 
4730	205 
4731	168 
4732	323 
4733	90 
4734	357 
4735	228 
4736	332 
4737	308 
4738	292 
4739	323 
4740	47 
4741	221 
4742	391 
4743	284 
4744	239 
4745	381 
4746	97 
4747	367 
4748	370 
4749	102 
4750	317 
4751	379 
4752	87 
4753	29 
4754	8 
4755	124 
4756	389 
4757	176 
4758	209 
4759	244 
4760	379 
4761	171 
4762	252 
4763	228 
4764	14 
4765	268 
4766	274 
4767	46 
4768	113 
4769	13 
4770	318 
4771	140 
4772	331 
4773	375 
4774	365 
4775	8 
4776	391 
4777	226 
4778	230 
4779	134 
4780	67 
4781	50 
4782	295 
4783	269 
4784	133 
4785	303 
4786	45 
4787	334 
4788	15 
4789	96 
4790	124 
4791	386 
4792	81 
4793	283 
4794	127 
4795	121 
4796	127 
4797	371 
4798	101 
4799	316 
4800	392 
4801	263 
4802	191 
4803	88 
4804	390 
4805	240 
4806	43 
4807	276 
4808	126 
4809	135 
4810	183 
4811	200 
4812	69 
4813	1 
4814	23 
4815	279 
4816	390 
4817	342 
4818	283 
4819	209 
4820	227 
4821	381 
4822	273 
4823	139 
4824	143 
4825	257 
4826	294 
4827	261 
4828	21 
4829	253 
4830	211 
4831	168 
4832	382 
4833	223 
4834	313 
4835	375 
4836	19 
4837	50 
4838	298 
4839	97 
4840	106 
4841	65 
4842	323 
4843	23 
4844	44 
4845	92 
4846	173 
4847	346 
4848	343 
4849	80 
4850	252 
4851	39 
4852	157 
4853	177 
4854	139 
4855	137 
4856	346 
4857	97 
4858	224 
4859	271 
4860	227 
4861	72 
4862	364 
4863	378 
4864	14 
4865	209 
4866	390 
4867	213 
4868	43 
4869	316 
4870	19 
4871	98 
4872	27 
4873	358 
4874	389 
4875	84 
4876	7 
4877	298 
4878	135 
4879	239 
4880	62 
4881	157 
4882	170 
4883	325 
4884	108 
4885	363 
4886	347 
4887	214 
4888	133 
4889	142 
4890	274 
4891	346 
4892	240 
4893	87 
4894	316 
4895	88 
4896	379 
4897	166 
4898	80 
4899	76 
4900	212 
4901	15 
4902	310 
4903	127 
4904	105 
4905	277 
4906	23 
4907	259 
4908	241 
4909	22 
4910	290 
4911	255 
4912	90 
4913	267 
4914	15 
4915	195 
4916	73 
4917	41 
4918	357 
4919	206 
4920	167 
4921	388 
4922	22 
4923	64 
4924	227 
4925	348 
4926	185 
4927	255 
4928	80 
4929	145 
4930	8 
4931	167 
4932	362 
4933	76 
4934	227 
4935	174 
4936	291 
4937	44 
4938	72 
4939	194 
4940	175 
4941	351 
4942	245 
4943	357 
4944	7 
4945	93 
4946	26 
4947	351 
4948	69 
4949	208 
4950	116 
4951	154 
4952	80 
4953	372 
4954	94 
4955	291 
4956	35 
4957	139 
4958	294 
4959	141 
4960	309 
4961	101 
4962	322 
4963	373 
4964	47 
4965	214 
4966	353 
4967	338 
4968	299 
4969	200 
4970	168 
4971	387 
4972	250 
4973	380 
4974	394 
4975	371 
4976	279 
4977	300 
4978	284 
4979	63 
4980	3 
4981	138 
4982	80 
4983	189 
4984	284 
4985	77 
4986	124 
4987	128 
4988	348 
4989	264 
4990	255 
4991	379 
4992	15 
4993	98 
4994	190 
4995	201 
4996	351 
4997	124 
4998	233 
4999	241 
5000	40 
5001	202 
5002	80 
5003	339 
5004	323 
5005	294 
5006	91 
5007	181 
5008	125 
5009	381 
5010	285 
5011	41 
5012	111 
5013	80 
5014	179 
5015	1 
5016	19 
5017	69 
5018	83 
5019	144 
5020	157 
5021	297 
5022	37 
5023	65 
5024	252 
5025	69 
5026	60 
5027	37 
5028	90 
5029	365 
5030	23 
5031	263 
5032	149 
5033	192 
5034	377 
5035	202 
5036	236 
5037	375 
5038	121 
5039	353 
5040	230 
5041	351 
5042	120 
5043	46 
5044	287 
5045	8 
5046	87 
5047	357 
5048	82 
5049	245 
5050	239 
5051	35 
5052	127 
5053	252 
5054	139 
5055	78 
5056	137 
5057	216 
5058	355 
5059	159 
5060	75 
5061	245 
5062	242 
5063	80 
5064	50 
5065	214 
5066	211 
5067	209 
5068	152 
5069	263 
5070	144 
5071	97 
5072	306 
5073	292 
5074	210 
5075	207 
5076	64 
5077	281 
5078	344 
5079	259 
5080	260 
5081	1 
5082	227 
5083	138 
5084	119 
5085	74 
5086	16 
5087	276 
5088	213 
5089	363 
5090	183 
5091	31 
5092	374 
5093	315 
5094	143 
5095	386 
5096	390 
5097	143 
5098	326 
5099	130 
5100	84 
5101	251 
5102	139 
5103	265 
5104	233 
5105	177 
5106	239 
5107	46 
5108	193 
5109	18 
5110	199 
5111	288 
5112	149 
5113	166 
5114	355 
5115	19 
5116	193 
5117	34 
5118	23 
5119	28 
5120	25 
5121	346 
5122	254 
5123	369 
5124	112 
5125	63 
5126	236 
5127	201 
5128	14 
5129	90 
5130	119 
5131	208 
5132	313 
5133	17 
5134	184 
5135	153 
5136	201 
5137	91 
5138	42 
5139	323 
5140	256 
5141	105 
5142	16 
5143	386 
5144	102 
5145	8 
5146	354 
5147	352 
5148	97 
5149	315 
5150	345 
5151	19 
5152	167 
5153	14 
5154	360 
5155	105 
5156	91 
5157	277 
5158	238 
5159	26 
5160	351 
5161	95 
5162	245 
5163	337 
5164	351 
5165	356 
5166	72 
5167	87 
5168	371 
5169	236 
5170	310 
5171	383 
5172	247 
5173	312 
5174	346 
5175	343 
5176	335 
5177	127 
5178	111 
5179	180 
5180	189 
5181	212 
5182	333 
5183	87 
5184	43 
5185	116 
5186	45 
5187	69 
5188	384 
5189	241 
5190	295 
5191	11 
5192	258 
5193	307 
5194	72 
5195	105 
5196	323 
5197	342 
5198	119 
5199	209 
5200	96 
5201	153 
5202	271 
5203	167 
5204	140 
5205	21 
5206	139 
5207	214 
5208	60 
5209	250 
5210	19 
5211	61 
5212	149 
5213	309 
5214	91 
5215	63 
5216	2 
5217	351 
5218	152 
5219	187 
5220	69 
5221	249 
5222	15 
5223	209 
5224	196 
5225	202 
5226	151 
5227	386 
5228	391 
5229	317 
5230	166 
5231	154 
5232	219 
5233	5 
5234	31 
5235	95 
5236	223 
5237	232 
5238	44 
5239	27 
5240	307 
5241	65 
5242	156 
5243	338 
5244	223 
5245	271 
5246	66 
5247	61 
5248	331 
5249	17 
5250	120 
5251	308 
5252	50 
5253	292 
5254	155 
5255	354 
5256	319 
5257	288 
5258	217 
5259	307 
5260	148 
5261	325 
5262	133 
5263	346 
5264	279 
5265	214 
5266	105 
5267	61 
5268	116 
5269	298 
5270	312 
5271	332 
5272	379 
5273	7 
5274	118 
5275	50 
5276	63 
5277	337 
5278	195 
5279	23 
5280	255 
5281	167 
5282	160 
5283	236 
5284	65 
5285	120 
5286	80 
5287	258 
5288	104 
5289	126 
5290	256 
5291	209 
5292	395 
5293	105 
5294	44 
5295	133 
5296	116 
5297	100 
5298	304 
5299	82 
5300	267 
5301	264 
5302	225 
5303	346 
5304	170 
5305	395 
5306	300 
5307	50 
5308	245 
5309	154 
5310	322 
5311	127 
5312	323 
5313	5 
5314	242 
5315	122 
5316	298 
5317	46 
5318	390 
5319	99 
5320	80 
5321	259 
5322	332 
5323	255 
5324	46 
5325	40 
5326	391 
5327	175 
5328	233 
5329	84 
5330	309 
5331	273 
5332	348 
5333	313 
5334	376 
5335	271 
5336	40 
5337	47 
5338	283 
5339	63 
5340	131 
5341	362 
5342	216 
5343	297 
5344	397 
5345	31 
5346	231 
5347	108 
5348	192 
5349	174 
5350	190 
5351	73 
5352	337 
5353	46 
5354	7 
5355	213 
5356	158 
5357	55 
5358	378 
5359	294 
5360	377 
5361	318 
5362	84 
5363	355 
5364	381 
5365	342 
5366	140 
5367	196 
5368	156 
5369	54 
5370	320 
5371	370 
5372	363 
5373	378 
5374	23 
5375	383 
5376	164 
5377	286 
5378	198 
5379	97 
5380	309 
5381	11 
5382	213 
5383	216 
5384	173 
5385	203 
5386	94 
5387	295 
5388	183 
5389	247 
5390	101 
5391	58 
5392	188 
5393	62 
5394	264 
5395	94 
5396	256 
5397	326 
5398	318 
5399	145 
5400	19 
5401	65 
5402	337 
5403	219 
5404	279 
5405	326 
5406	356 
5407	228 
5408	196 
5409	65 
5410	63 
5411	97 
5412	105 
5413	268 
5414	104 
5415	386 
5416	240 
5417	80 
5418	276 
5419	386 
5420	273 
5421	32 
5422	127 
5423	141 
5424	266 
5425	92 
5426	295 
5427	124 
5428	324 
5429	27 
5430	370 
5431	145 
5432	205 
5433	60 
5434	1 
5435	148 
5436	19 
5437	37 
5438	264 
5439	122 
5440	84 
5441	64 
5442	28 
5443	143 
5444	356 
5445	384 
5446	391 
5447	34 
5448	137 
5449	377 
5450	11 
5451	363 
5452	41 
5453	89 
5454	361 
5455	370 
5456	31 
5457	201 
5458	279 
5459	67 
5460	277 
5461	186 
5462	111 
5463	50 
5464	272 
5465	67 
5466	291 
5467	61 
5468	142 
5469	95 
5470	239 
5471	357 
5472	67 
5473	174 
5474	348 
5475	365 
5476	95 
5477	252 
5478	244 
5479	319 
5480	105 
5481	279 
5482	361 
5483	378 
5484	118 
5485	81 
5486	323 
5487	216 
5488	164 
5489	315 
5490	380 
5491	371 
5492	267 
5493	273 
5494	105 
5495	255 
5496	224 
5497	159 
5498	13 
5499	135 
5500	345 
5501	301 
5502	154 
5503	214 
5504	97 
5505	69 
5506	67 
5507	348 
5508	88 
5509	47 
5510	96 
5511	259 
5512	133 
5513	145 
5514	37 
5515	183 
5516	219 
5517	305 
5518	315 
5519	316 
5520	239 
5521	266 
5522	127 
5523	304 
5524	320 
5525	84 
5526	14 
5527	370 
5528	190 
5529	50 
5530	158 
5531	46 
5532	245 
5533	337 
5534	12 
5535	112 
5536	345 
5537	312 
5538	276 
5539	79 
5540	6 
5541	86 
5542	84 
5543	337 
5544	240 
5545	153 
5546	287 
5547	292 
5548	363 
5549	290 
5550	294 
5551	342 
5552	130 
5553	298 
5554	389 
5555	65 
5556	22 
5557	282 
5558	361 
5559	286 
5560	395 
5561	86 
5562	295 
5563	336 
5564	309 
5565	105 
5566	350 
5567	334 
5568	376 
5569	132 
5570	134 
5571	198 
5572	201 
5573	244 
5574	141 
5575	257 
5576	286 
5577	44 
5578	178 
5579	192 
5580	164 
5581	180 
5582	309 
5583	242 
5584	360 
5585	356 
5586	218 
5587	316 
5588	279 
5589	173 
5590	338 
5591	387 
5592	386 
5593	211 
5594	348 
5595	375 
5596	176 
5597	264 
5598	120 
5599	103 
5600	176 
5601	237 
5602	243 
5603	309 
5604	44 
5605	104 
5606	63 
5607	50 
5608	192 
5609	2 
5610	378 
5611	229 
5612	250 
5613	384 
5614	68 
5615	82 
5616	292 
5617	250 
5618	363 
5619	44 
5620	122 
5621	124 
5622	177 
5623	347 
5624	356 
5625	247 
5626	326 
5627	94 
5628	268 
5629	292 
5630	311 
5631	350 
5632	8 
5633	94 
5634	374 
5635	61 
5636	81 
5637	228 
5638	254 
5639	68 
5640	22 
5641	63 
5642	235 
5643	374 
5644	135 
5645	70 
5646	347 
5647	47 
5648	345 
5649	141 
5650	8 
5651	77 
5652	124 
5653	210 
5654	306 
5655	245 
5656	58 
5657	364 
5658	2 
5659	252 
5660	58 
5661	384 
5662	188 
5663	228 
5664	324 
5665	97 
5666	308 
5667	222 
5668	227 
5669	70 
5670	95 
5671	392 
5672	69 
5673	215 
5674	292 
5675	3 
5676	22 
5677	342 
5678	306 
5679	122 
5680	57 
5681	61 
5682	240 
5683	300 
5684	160 
5685	351 
5686	43 
5687	7 
5688	338 
5689	214 
5690	254 
5691	217 
5692	206 
5693	362 
5694	338 
5695	49 
5696	141 
5697	321 
5698	82 
5699	327 
5700	19 
5701	167 
5702	88 
5703	238 
5704	321 
5705	45 
5706	212 
5707	44 
5708	298 
5709	205 
5710	203 
5711	228 
5712	369 
5713	351 
5714	242 
5715	22 
5716	295 
5717	36 
5718	178 
5719	55 
5720	297 
5721	371 
5722	62 
5723	125 
5724	139 
5725	254 
5726	201 
5727	350 
5728	8 
5729	171 
5730	361 
5731	290 
5732	233 
5733	1 
5734	247 
5735	305 
5736	208 
5737	244 
5738	262 
5739	256 
5740	309 
5741	21 
5742	183 
5743	148 
5744	346 
5745	208 
5746	264 
5747	352 
5748	116 
5749	292 
5750	248 
5751	309 
5752	226 
5753	318 
5754	21 
5755	259 
5756	80 
5757	46 
5758	152 
5759	295 
5760	196 
5761	398 
5762	259 
5763	326 
5764	291 
5765	363 
5766	30 
5767	216 
5768	298 
5769	355 
5770	142 
5771	340 
5772	173 
5773	355 
5774	341 
5775	155 
5776	355 
5777	227 
5778	337 
5779	214 
5780	245 
5781	49 
5782	116 
5783	27 
5784	364 
5785	41 
5786	173 
5787	36 
5788	350 
5789	245 
5790	384 
5791	378 
5792	208 
5793	23 
5794	257 
5795	130 
5796	356 
5797	209 
5798	280 
5799	99 
5800	15 
5801	117 
5802	358 
5803	72 
5804	164 
5805	239 
5806	99 
5807	372 
5808	73 
5809	40 
5810	157 
5811	63 
5812	298 
5813	48 
5814	363 
5815	318 
5816	241 
5817	316 
5818	327 
5819	272 
5820	125 
5821	215 
5822	244 
5823	80 
5824	11 
5825	298 
5826	65 
5827	39 
5828	240 
5829	323 
5830	365 
5831	372 
5832	54 
5833	228 
5834	236 
5835	130 
5836	88 
5837	80 
5838	304 
5839	220 
5840	6 
5841	139 
5842	307 
5843	241 
5844	194 
5845	129 
5846	348 
5847	132 
5848	391 
5849	100 
5850	122 
5851	20 
5852	244 
5853	332 
5854	46 
5855	350 
5856	143 
5857	309 
5858	95 
5859	268 
5860	141 
5861	259 
5862	69 
5863	384 
5864	274 
5865	318 
5866	238 
5867	263 
5868	210 
5869	383 
5870	118 
5871	184 
5872	228 
5873	358 
5874	226 
5875	213 
5876	62 
5877	201 
5878	236 
5879	100 
5880	132 
5881	350 
5882	104 
5883	342 
5884	108 
5885	316 
5886	346 
5887	69 
5888	188 
5889	100 
5890	53 
5891	319 
5892	50 
5893	122 
5894	110 
5895	370 
5896	384 
5897	370 
5898	229 
5899	308 
5900	121 
5901	322 
5902	384 
5903	241 
5904	315 
5905	317 
5906	223 
5907	297 
5908	280 
5909	8 
5910	41 
5911	212 
5912	290 
5913	93 
5914	291 
5915	37 
5916	264 
5917	177 
5918	61 
5919	108 
5920	318 
5921	396 
5922	30 
5923	129 
5924	351 
5925	48 
5926	194 
5927	255 
5928	377 
5929	283 
5930	178 
5931	103 
5932	198 
5933	173 
5934	14 
5935	338 
5936	20 
5937	188 
5938	76 
5939	361 
5940	62 
5941	227 
5942	31 
5943	238 
5944	336 
5945	264 
5946	277 
5947	127 
5948	308 
5949	14 
5950	286 
5951	265 
5952	370 
5953	51 
5954	274 
5955	309 
5956	268 
5957	383 
5958	205 
5959	40 
5960	135 
5961	65 
5962	333 
5963	47 
5964	95 
5965	64 
5966	309 
5967	227 
5968	296 
5969	39 
5970	358 
5971	36 
5972	205 
5973	276 
5974	318 
5975	292 
5976	383 
5977	257 
5978	149 
5979	56 
5980	34 
5981	315 
5982	389 
5983	309 
5984	84 
5985	46 
5986	133 
5987	62 
5988	326 
5989	361 
5990	316 
5991	179 
5992	15 
5993	167 
5994	18 
5995	300 
5996	227 
5997	304 
5998	35 
5999	170 
6000	217 
6001	74 
6002	342 
6003	100 
6004	188 
6005	86 
6006	186 
6007	105 
6008	360 
6009	23 
6010	124 
6011	380 
6012	192 
6013	388 
6014	274 
6015	370 
6016	164 
6017	160 
6018	345 
6019	245 
6020	260 
6021	3 
6022	22 
6023	292 
6024	236 
6025	346 
6026	314 
6027	94 
6028	124 
6029	326 
6030	54 
6031	277 
6032	157 
6033	323 
6034	109 
6035	209 
6036	312 
6037	119 
6038	340 
6039	279 
6040	64 
6041	8 
6042	366 
6043	155 
6044	12 
6045	383 
6046	254 
6047	325 
6048	173 
6049	335 
6050	15 
6051	154 
6052	1 
6053	108 
6054	250 
6055	213 
6056	36 
6057	196 
6058	354 
6059	124 
6060	53 
6061	288 
6062	256 
6063	239 
6064	255 
6065	240 
6066	22 
6067	42 
6068	391 
6069	313 
6070	77 
6071	191 
6072	95 
6073	2 
6074	361 
6075	87 
6076	65 
6077	84 
6078	384 
6079	277 
6080	280 
6081	14 
6082	245 
6083	27 
6084	202 
6085	370 
6086	346 
6087	157 
6088	185 
6089	292 
6090	292 
6091	73 
6092	213 
6093	94 
6094	390 
6095	37 
6096	127 
6097	260 
6098	241 
6099	391 
6100	70 
6101	15 
6102	143 
6103	180 
6104	364 
6105	361 
6106	36 
6107	206 
6108	156 
6109	262 
6110	311 
6111	29 
6112	316 
6113	328 
6114	57 
6115	194 
6116	129 
6117	157 
6118	386 
6119	358 
6120	95 
6121	18 
6122	322 
6123	142 
6124	395 
6125	123 
6126	389 
6127	240 
6128	331 
6129	63 
6130	7 
6131	95 
6132	174 
6133	143 
6134	108 
6135	107 
6136	366 
6137	35 
6138	257 
6139	182 
6140	332 
6141	119 
6142	243 
6143	62 
6144	81 
6145	358 
6146	293 
6147	321 
6148	145 
6149	88 
6150	99 
6151	97 
6152	44 
6153	67 
6154	304 
6155	344 
6156	351 
6157	214 
6158	165 
6159	185 
6160	61 
6161	121 
6162	127 
6163	207 
6164	368 
6165	386 
6166	103 
6167	74 
6168	50 
6169	86 
6170	146 
6171	178 
6172	62 
6173	368 
6174	238 
6175	67 
6176	309 
6177	64 
6178	254 
6179	216 
6180	311 
6181	40 
6182	108 
6183	216 
6184	57 
6185	94 
6186	309 
6187	218 
6188	238 
6189	314 
6190	75 
6191	113 
6192	353 
6193	273 
6194	353 
6195	346 
6196	354 
6197	389 
6198	74 
6199	269 
6200	238 
6201	379 
6202	339 
6203	50 
6204	111 
6205	66 
6206	310 
6207	16 
6208	79 
6209	325 
6210	372 
6211	369 
6212	67 
6213	84 
6214	157 
6215	359 
6216	157 
6217	77 
6218	359 
6219	316 
6220	108 
6221	119 
6222	17 
6223	47 
6224	313 
6225	119 
6226	27 
6227	383 
6228	97 
6229	128 
6230	293 
6231	97 
6232	272 
6233	214 
6234	267 
6235	298 
6236	214 
6237	366 
6238	82 
6239	328 
6240	157 
6241	242 
6242	306 
6243	183 
6244	19 
6245	187 
6246	69 
6247	25 
6248	299 
6249	310 
6250	259 
6251	390 
6252	191 
6253	202 
6254	250 
6255	371 
6256	355 
6257	331 
6258	231 
6259	182 
6260	184 
6261	17 
6262	323 
6263	236 
6264	79 
6265	62 
6266	73 
6267	255 
6268	287 
6269	123 
6270	315 
6271	67 
6272	273 
6273	111 
6274	331 
6275	207 
6276	8 
6277	339 
6278	139 
6279	188 
6280	389 
6281	27 
6282	183 
6283	164 
6284	108 
6285	309 
6286	61 
6287	143 
6288	316 
6289	371 
6290	55 
6291	373 
6292	258 
6293	271 
6294	337 
6295	227 
6296	68 
6297	113 
6298	105 
6299	315 
6300	143 
6301	315 
6302	63 
6303	254 
6304	123 
6305	217 
6306	340 
6307	267 
6308	290 
6309	101 
6310	123 
6311	386 
6312	139 
6313	252 
6314	124 
6315	309 
6316	128 
6317	152 
6318	57 
6319	26 
6320	352 
6321	4 
6322	62 
6323	22 
6324	398 
6325	192 
6326	84 
6327	1 
6328	101 
6329	69 
6330	70 
6331	356 
6332	31 
6333	9 
6334	296 
6335	249 
6336	11 
6337	210 
6338	291 
6339	236 
6340	103 
6341	16 
6342	309 
6343	220 
6344	44 
6345	315 
6346	220 
6347	243 
6348	391 
6349	22 
6350	213 
6351	111 
6352	94 
6353	239 
6354	22 
6355	34 
6356	1 
6357	74 
6358	342 
6359	198 
6360	364 
6361	314 
6362	236 
6363	192 
6364	323 
6365	173 
6366	396 
6367	37 
6368	196 
6369	62 
6370	103 
6371	259 
6372	347 
6373	67 
6374	130 
6375	173 
6376	94 
6377	268 
6378	86 
6379	305 
6380	306 
6381	45 
6382	40 
6383	367 
6384	166 
6385	65 
6386	170 
6387	91 
6388	273 
6389	348 
6390	130 
6391	19 
6392	99 
6393	48 
6394	310 
6395	273 
6396	80 
6397	280 
6398	122 
6399	117 
6400	309 
6401	216 
6402	153 
6403	398 
6404	250 
6405	388 
6406	94 
6407	178 
6408	273 
6409	116 
6410	318 
6411	50 
6412	370 
6413	179 
6414	111 
6415	383 
6416	109 
6417	129 
6418	101 
6419	65 
6420	328 
6421	173 
6422	389 
6423	75 
6424	398 
6425	20 
6426	105 
6427	195 
6428	90 
6429	325 
6430	318 
6431	218 
6432	133 
6433	133 
6434	188 
6435	334 
6436	371 
6437	224 
6438	105 
6439	392 
6440	164 
6441	9 
6442	170 
6443	64 
6444	294 
6445	47 
6446	105 
6447	277 
6448	318 
6449	158 
6450	250 
6451	315 
6452	247 
6453	220 
6454	340 
6455	25 
6456	364 
6457	134 
6458	348 
6459	280 
6460	75 
6461	119 
6462	173 
6463	250 
6464	343 
6465	1 
6466	294 
6467	242 
6468	317 
6469	323 
6470	133 
6471	127 
6472	286 
6473	227 
6474	213 
6475	176 
6476	32 
6477	213 
6478	75 
6479	224 
6480	4 
6481	323 
6482	5 
6483	84 
6484	8 
6485	292 
6486	163 
6487	328 
6488	340 
6489	213 
6490	77 
6491	308 
6492	211 
6493	391 
6494	73 
6495	63 
6496	64 
6497	70 
6498	124 
6499	358 
6500	249 
6501	44 
6502	205 
6503	387 
6504	370 
6505	268 
6506	276 
6507	182 
6508	139 
6509	188 
6510	351 
6511	243 
6512	6 
6513	353 
6514	27 
6515	184 
6516	7 
6517	311 
6518	149 
6519	99 
6520	316 
6521	333 
6522	80 
6523	110 
6524	14 
6525	94 
6526	184 
6527	119 
6528	255 
6529	207 
6530	9 
6531	383 
6532	323 
6533	387 
6534	361 
6535	110 
6536	97 
6537	41 
6538	88 
6539	313 
6540	20 
6541	152 
6542	108 
6543	7 
6544	307 
6545	348 
6546	256 
6547	58 
6548	371 
6549	19 
6550	208 
6551	79 
6552	188 
6553	177 
6554	130 
6555	164 
6556	164 
6557	344 
6558	244 
6559	108 
6560	315 
6561	370 
6562	240 
6563	325 
6564	216 
6565	113 
6566	126 
6567	85 
6568	243 
6569	361 
6570	73 
6571	133 
6572	346 
6573	90 
6574	14 
6575	127 
6576	309 
6577	250 
6578	379 
6579	309 
6580	145 
6581	350 
6582	69 
6583	153 
6584	73 
6585	301 
6586	74 
6587	291 
6588	370 
6589	30 
6590	308 
6591	139 
6592	250 
6593	280 
6594	185 
6595	321 
6596	127 
6597	14 
6598	350 
6599	263 
6600	250 
6601	227 
6602	355 
6603	97 
6604	184 
6605	127 
6606	110 
6607	166 
6608	213 
6609	94 
6610	383 
6611	68 
6612	65 
6613	186 
6614	217 
6615	15 
6616	53 
6617	71 
6618	143 
6619	213 
6620	189 
6621	345 
6622	366 
6623	370 
6624	312 
6625	139 
6626	97 
6627	4 
6628	215 
6629	240 
6630	277 
6631	63 
6632	309 
6633	380 
6634	352 
6635	228 
6636	134 
6637	388 
6638	29 
6639	201 
6640	236 
6641	16 
6642	326 
6643	62 
6644	79 
6645	130 
6646	2 
6647	164 
6648	101 
6649	119 
6650	125 
6651	47 
6652	265 
6653	211 
6654	143 
6655	192 
6656	205 
6657	62 
6658	125 
6659	254 
6660	172 
6661	140 
6662	70 
6663	298 
6664	170 
6665	316 
6666	45 
6667	327 
6668	301 
6669	62 
6670	301 
6671	81 
6672	27 
6673	210 
6674	70 
6675	183 
6676	63 
6677	103 
6678	241 
6679	69 
6680	30 
6681	194 
6682	296 
6683	278 
6684	189 
6685	298 
6686	350 
6687	325 
6688	258 
6689	6 
6690	391 
6691	240 
6692	346 
6693	259 
6694	118 
6695	297 
6696	318 
6697	41 
6698	170 
6699	141 
6700	371 
6701	357 
6702	124 
6703	111 
6704	21 
6705	227 
6706	356 
6707	124 
6708	250 
6709	149 
6710	230 
6711	152 
6712	28 
6713	247 
6714	63 
6715	342 
6716	176 
6717	390 
6718	346 
6719	15 
6720	6 
6721	346 
6722	356 
6723	276 
6724	62 
6725	352 
6726	86 
6727	312 
6728	80 
6729	183 
6730	123 
6731	124 
6732	252 
6733	142 
6734	270 
6735	375 
6736	151 
6737	112 
6738	22 
6739	239 
6740	34 
6741	206 
6742	298 
6743	353 
6744	154 
6745	358 
6746	296 
6747	121 
6748	250 
6749	294 
6750	218 
6751	77 
6752	179 
6753	58 
6754	91 
6755	332 
6756	255 
6757	242 
6758	142 
6759	183 
6760	244 
6761	29 
6762	42 
6763	338 
6764	350 
6765	82 
6766	63 
6767	7 
6768	187 
6769	74 
6770	47 
6771	171 
6772	131 
6773	295 
6774	355 
6775	348 
6776	146 
6777	350 
6778	132 
6779	6 
6780	273 
6781	133 
6782	175 
6783	170 
6784	107 
6785	141 
6786	296 
6787	122 
6788	309 
6789	14 
6790	145 
6791	130 
6792	6 
6793	173 
6794	260 
6795	250 
6796	321 
6797	184 
6798	19 
6799	87 
6800	97 
6801	379 
6802	259 
6803	95 
6804	238 
6805	250 
6806	218 
6807	202 
6808	386 
6809	153 
6810	72 
6811	108 
6812	77 
6813	325 
6814	370 
6815	23 
6816	313 
6817	207 
6818	8 
6819	73 
6820	350 
6821	157 
6822	323 
6823	15 
6824	23 
6825	213 
6826	173 
6827	350 
6828	77 
6829	201 
6830	58 
6831	291 
6832	342 
6833	73 
6834	64 
6835	132 
6836	50 
6837	58 
6838	259 
6839	184 
6840	391 
6841	31 
6842	131 
6843	72 
6844	227 
6845	295 
6846	130 
6847	391 
6848	277 
6849	36 
6850	283 
6851	177 
6852	319 
6853	367 
6854	236 
6855	346 
6856	343 
6857	167 
6858	247 
6859	383 
6860	364 
6861	191 
6862	124 
6863	328 
6864	316 
6865	372 
6866	247 
6867	174 
6868	223 
6869	120 
6870	236 
6871	18 
6872	205 
6873	31 
6874	72 
6875	70 
6876	264 
6877	47 
6878	355 
6879	389 
6880	77 
6881	126 
6882	183 
6883	170 
6884	97 
6885	176 
6886	119 
6887	152 
6888	384 
6889	241 
6890	63 
6891	217 
6892	164 
6893	252 
6894	105 
6895	308 
6896	292 
6897	191 
6898	316 
6899	108 
6900	326 
6901	351 
6902	152 
6903	227 
6904	217 
6905	8 
6906	127 
6907	318 
6908	31 
6909	262 
6910	57 
6911	177 
6912	227 
6913	122 
6914	154 
6915	7 
6916	356 
6917	173 
6918	29 
6919	202 
6920	27 
6921	212 
6922	182 
6923	122 
6924	3 
6925	242 
6926	250 
6927	292 
6928	334 
6929	345 
6930	209 
6931	345 
6932	306 
6933	7 
6934	94 
6935	256 
6936	142 
6937	126 
6938	397 
6939	94 
6940	298 
6941	342 
6942	358 
6943	355 
6944	135 
6945	296 
6946	387 
6947	184 
6948	95 
6949	294 
6950	30 
6951	124 
6952	7 
6953	383 
6954	173 
6955	323 
6956	345 
6957	306 
6958	391 
6959	354 
6960	249 
6961	306 
6962	292 
6963	367 
6964	351 
6965	271 
6966	318 
6967	380 
6968	85 
6969	252 
6970	30 
6971	45 
6972	309 
6973	300 
6974	126 
6975	143 
6976	124 
6977	372 
6978	297 
6979	90 
6980	70 
6981	121 
6982	227 
6983	105 
6984	94 
6985	247 
6986	276 
6987	82 
6988	354 
6989	236 
6990	346 
6991	8 
6992	342 
6993	201 
6994	68 
6995	49 
6996	94 
6997	207 
6998	331 
6999	239 
7000	343 
7001	245 
7002	244 
7003	163 
7004	164 
7005	268 
7006	280 
7007	41 
7008	223 
7009	331 
7010	371 
7011	303 
7012	292 
7013	381 
7014	166 
7015	84 
7016	141 
7017	202 
7018	367 
7019	380 
7020	65 
7021	94 
7022	276 
7023	277 
7024	379 
7025	97 
7026	22 
7027	95 
7028	40 
7029	368 
7030	95 
7031	29 
7032	7 
7033	40 
7034	306 
7035	154 
7036	258 
7037	336 
7038	48 
7039	364 
7040	84 
7041	4 
7042	227 
7043	126 
7044	319 
7045	121 
7046	37 
7047	70 
7048	15 
7049	350 
7050	34 
7051	189 
7052	36 
7053	295 
7054	100 
7055	167 
7056	86 
7057	209 
7058	57 
7059	4 
7060	323 
7061	87 
7062	67 
7063	300 
7064	58 
7065	195 
7066	269 
7067	36 
7068	88 
7069	381 
7070	109 
7071	84 
7072	1 
7073	364 
7074	293 
7075	183 
7076	45 
7077	364 
7078	316 
7079	67 
7080	222 
7081	94 
7082	98 
7083	177 
7084	294 
7085	282 
7086	368 
7087	308 
7088	308 
7089	134 
7090	315 
7091	117 
7092	228 
7093	134 
7094	378 
7095	41 
7096	3 
7097	143 
7098	379 
7099	104 
7100	312 
7101	134 
7102	238 
7103	273 
7104	383 
7105	315 
7106	164 
7107	357 
7108	84 
7109	347 
7110	4 
7111	217 
7112	358 
7113	184 
7114	79 
7115	316 
7116	384 
7117	236 
7118	307 
7119	141 
7120	157 
7121	87 
7122	94 
7123	140 
7124	125 
7125	337 
7126	139 
7127	22 
7128	367 
7129	44 
7130	372 
7131	108 
7132	357 
7133	67 
7134	192 
7135	86 
7136	370 
7137	157 
7138	118 
7139	294 
7140	32 
7141	11 
7142	95 
7143	124 
7144	128 
7145	361 
7146	94 
7147	327 
7148	367 
7149	16 
7150	29 
7151	325 
7152	28 
7153	105 
7154	276 
7155	100 
7156	95 
7157	218 
7158	319 
7159	270 
7160	338 
7161	94 
7162	7 
7163	328 
7164	235 
7165	364 
7166	346 
7167	303 
7168	30 
7169	65 
7170	7 
7171	133 
7172	242 
7173	344 
7174	315 
7175	69 
7176	163 
7177	392 
7178	392 
7179	213 
7180	1 
7181	15 
7182	79 
7183	207 
7184	172 
7185	243 
7186	384 
7187	75 
7188	318 
7189	238 
7190	386 
7191	216 
7192	84 
7193	250 
7194	306 
7195	389 
7196	118 
7197	343 
7198	240 
7199	247 
7200	48 
7201	390 
7202	389 
7203	283 
7204	346 
7205	211 
7206	332 
7207	64 
7208	94 
7209	309 
7210	28 
7211	343 
7212	170 
7213	108 
7214	369 
7215	361 
7216	301 
7217	305 
7218	21 
7219	346 
7220	118 
7221	63 
7222	16 
7223	395 
7224	386 
7225	30 
7226	141 
7227	242 
7228	350 
7229	126 
7230	105 
7231	188 
7232	79 
7233	257 
7234	45 
7235	29 
7236	116 
7237	47 
7238	70 
7239	15 
7240	94 
7241	386 
7242	368 
7243	35 
7244	38 
7245	214 
7246	375 
7247	258 
7248	44 
7249	254 
7250	153 
7251	178 
7252	351 
7253	70 
7254	42 
7255	344 
7256	173 
7257	227 
7258	344 
7259	30 
7260	207 
7261	38 
7262	348 
7263	111 
7264	358 
7265	252 
7266	214 
7267	216 
7268	97 
7269	360 
7270	240 
7271	244 
7272	368 
7273	371 
7274	139 
7275	111 
7276	292 
7277	236 
7278	1 
7279	207 
7280	383 
7281	238 
7282	188 
7283	310 
7284	34 
7285	290 
7286	97 
7287	315 
7288	42 
7289	322 
7290	206 
7291	337 
7292	298 
7293	360 
7294	238 
7295	345 
7296	14 
7297	14 
7298	107 
7299	44 
7300	312 
7301	276 
7302	72 
7303	176 
7304	301 
7305	80 
7306	351 
7307	178 
7308	398 
7309	306 
7310	334 
7311	209 
7312	398 
7313	4 
7314	316 
7315	119 
7316	173 
7317	88 
7318	278 
7319	154 
7320	326 
7321	255 
7322	270 
7323	315 
7324	346 
7325	247 
7326	18 
7327	380 
7328	65 
7329	110 
7330	126 
7331	44 
7332	326 
7333	298 
7334	207 
7335	379 
7336	41 
7337	90 
7338	348 
7339	189 
7340	53 
7341	15 
7342	278 
7343	108 
7344	56 
7345	22 
7346	133 
7347	36 
7348	316 
7349	347 
7350	53 
7351	316 
7352	306 
7353	127 
7354	8 
7355	298 
7356	77 
7357	108 
7358	49 
7359	200 
7360	325 
7361	62 
7362	188 
7363	297 
7364	277 
7365	64 
7366	47 
7367	94 
7368	305 
7369	202 
7370	334 
7371	236 
7372	325 
7373	118 
7374	68 
7375	7 
7376	278 
7377	303 
7378	331 
7379	119 
7380	101 
7381	182 
7382	252 
7383	45 
7384	351 
7385	173 
7386	353 
7387	86 
7388	323 
7389	29 
7390	122 
7391	252 
7392	250 
7393	7 
7394	298 
7395	124 
7396	296 
7397	278 
7398	322 
7399	65 
7400	254 
7401	383 
7402	50 
7403	31 
7404	310 
7405	259 
7406	55 
7407	44 
7408	255 
7409	205 
7410	306 
7411	43 
7412	236 
7413	247 
7414	170 
7415	64 
7416	172 
7417	64 
7418	292 
7419	375 
7420	238 
7421	201 
7422	167 
7423	112 
7424	223 
7425	170 
7426	140 
7427	34 
7428	386 
7429	42 
7430	384 
7431	389 
7432	100 
7433	342 
7434	331 
7435	278 
7436	123 
7437	126 
7438	85 
7439	7 
7440	287 
7441	23 
7442	84 
7443	67 
7444	259 
7445	167 
7446	105 
7447	27 
7448	19 
7449	177 
7450	170 
7451	87 
7452	48 
7453	123 
7454	87 
7455	57 
7456	155 
7457	164 
7458	230 
7459	259 
7460	48 
7461	295 
7462	40 
7463	127 
7464	277 
7465	212 
7466	264 
7467	339 
7468	65 
7469	156 
7470	132 
7471	112 
7472	121 
7473	184 
7474	131 
7475	291 
7476	278 
7477	134 
7478	112 
7479	239 
7480	139 
7481	84 
7482	67 
7483	46 
7484	100 
7485	47 
7486	334 
7487	338 
7488	360 
7489	277 
7490	371 
7491	170 
7492	378 
7493	45 
7494	262 
7495	179 
7496	72 
7497	84 
7498	1 
7499	87 
7500	294 
7501	108 
7502	312 
7503	9 
7504	75 
7505	200 
7506	65 
7507	367 
7508	124 
7509	380 
7510	249 
7511	45 
7512	250 
7513	88 
7514	236 
7515	127 
7516	238 
7517	311 
7518	62 
7519	185 
7520	108 
7521	135 
7522	353 
7523	69 
7524	370 
7525	70 
7526	123 
7527	326 
7528	108 
7529	283 
7530	240 
7531	108 
7532	290 
7533	37 
7534	173 
7535	37 
7536	63 
7537	94 
7538	124 
7539	116 
7540	130 
7541	79 
7542	287 
7543	202 
7544	307 
7545	264 
7546	178 
7547	240 
7548	68 
7549	310 
7550	88 
7551	177 
7552	154 
7553	133 
7554	127 
7555	134 
7556	131 
7557	295 
7558	277 
7559	278 
7560	386 
7561	360 
7562	141 
7563	44 
7564	206 
7565	347 
7566	173 
7567	194 
7568	242 
7569	201 
7570	152 
7571	191 
7572	205 
7573	352 
7574	264 
7575	352 
7576	68 
7577	341 
7578	29 
7579	356 
7580	87 
7581	75 
7582	127 
7583	228 
7584	383 
7585	122 
7586	184 
7587	62 
7588	346 
7589	347 
7590	207 
7591	110 
7592	187 
7593	346 
7594	167 
7595	202 
7596	121 
7597	315 
7598	63 
7599	62 
7600	352 
7601	293 
7602	15 
7603	348 
7604	337 
7605	227 
7606	300 
7607	149 
7608	84 
7609	350 
7610	183 
7611	254 
7612	127 
7613	42 
7614	295 
7615	264 
7616	346 
7617	77 
7618	391 
7619	50 
7620	141 
7621	222 
7622	306 
7623	23 
7624	44 
7625	45 
7626	386 
7627	379 
7628	121 
7629	398 
7630	387 
7631	141 
7632	149 
7633	309 
7634	311 
7635	65 
7636	53 
7637	277 
7638	345 
7639	364 
7640	127 
7641	143 
7642	209 
7643	62 
7644	14 
7645	383 
7646	277 
7647	62 
7648	355 
7649	95 
7650	358 
7651	262 
7652	157 
7653	191 
7654	183 
7655	213 
7656	126 
7657	236 
7658	360 
7659	201 
7660	364 
7661	331 
7662	176 
7663	379 
7664	310 
7665	370 
7666	255 
7667	15 
7668	149 
7669	292 
7670	101 
7671	337 
7672	353 
7673	178 
7674	141 
7675	264 
7676	240 
7677	202 
7678	154 
7679	310 
7680	87 
7681	252 
7682	247 
7683	227 
7684	130 
7685	321 
7686	242 
7687	58 
7688	291 
7689	345 
7690	164 
7691	108 
7692	214 
7693	105 
7694	178 
7695	1 
7696	292 
7697	324 
7698	209 
7699	189 
7700	191 
7701	309 
7702	108 
7703	309 
7704	105 
7705	310 
7706	379 
7707	124 
7708	14 
7709	260 
7710	9 
7711	209 
7712	111 
7713	171 
7714	259 
7715	334 
7716	352 
7717	15 
7718	346 
7719	149 
7720	63 
7721	121 
7722	29 
7723	312 
7724	310 
7725	369 
7726	111 
7727	295 
7728	277 
7729	388 
7730	383 
7731	273 
7732	306 
7733	179 
7734	116 
7735	108 
7736	226 
7737	250 
7738	278 
7739	295 
7740	262 
7741	342 
7742	50 
7743	245 
7744	309 
7745	134 
7746	18 
7747	23 
7748	290 
7749	386 
7750	2 
7751	243 
7752	88 
7753	75 
7754	343 
7755	31 
7756	214 
7757	182 
7758	361 
7759	110 
7760	286 
7761	35 
7762	97 
7763	111 
7764	316 
7765	124 
7766	209 
7767	157 
7768	128 
7769	308 
7770	134 
7771	15 
7772	139 
7773	381 
7774	99 
7775	126 
7776	216 
7777	124 
7778	392 
7779	295 
7780	250 
7781	378 
7782	126 
7783	309 
7784	369 
7785	133 
7786	279 
7787	338 
7788	294 
7789	173 
7790	1 
7791	264 
7792	337 
7793	45 
7794	371 
7795	315 
7796	378 
7797	369 
7798	116 
7799	139 
7800	325 
7801	213 
7802	173 
7803	328 
7804	324 
7805	87 
7806	255 
7807	22 
7808	87 
7809	247 
7810	364 
7811	122 
7812	20 
7813	348 
7814	65 
7815	242 
7816	191 
7817	19 
7818	290 
7819	166 
7820	294 
7821	143 
7822	371 
7823	250 
7824	277 
7825	45 
7826	14 
7827	95 
7828	341 
7829	279 
7830	368 
7831	286 
7832	341 
7833	323 
7834	227 
7835	213 
7836	252 
7837	34 
7838	307 
7839	142 
7840	62 
7841	298 
7842	345 
7843	95 
7844	16 
7845	179 
7846	292 
7847	298 
7848	36 
7849	130 
7850	346 
7851	323 
7852	88 
7853	157 
7854	8 
7855	40 
7856	27 
7857	97 
7858	77 
7859	227 
7860	39 
7861	239 
7862	130 
7863	173 
7864	364 
7865	309 
7866	8 
7867	23 
7868	13 
7869	257 
7870	123 
7871	74 
7872	213 
7873	15 
7874	62 
7875	355 
7876	166 
7877	36 
7878	338 
7879	315 
7880	201 
7881	152 
7882	88 
7883	98 
7884	62 
7885	200 
7886	323 
7887	170 
7888	48 
7889	388 
7890	49 
7891	280 
7892	188 
7893	354 
7894	344 
7895	325 
7896	367 
7897	135 
7898	103 
7899	316 
7900	23 
7901	218 
7902	216 
7903	154 
7904	276 
7905	205 
7906	21 
7907	350 
7908	337 
7909	391 
7910	50 
7911	244 
7912	325 
7913	315 
7914	56 
7915	228 
7916	242 
7917	300 
7918	108 
7919	236 
7920	202 
7921	123 
7922	264 
7923	327 
7924	235 
7925	226 
7926	74 
7927	53 
7928	156 
7929	135 
7930	189 
7931	235 
7932	326 
7933	350 
7934	155 
7935	312 
7936	395 
7937	30 
7938	97 
7939	230 
7940	20 
7941	331 
7942	218 
7943	40 
7944	353 
7945	345 
7946	118 
7947	351 
7948	179 
7949	390 
7950	337 
7951	155 
7952	191 
7953	236 
7954	103 
7955	79 
7956	370 
7957	77 
7958	191 
7959	274 
7960	218 
7961	379 
7962	355 
7963	277 
7964	356 
7965	57 
7966	200 
7967	36 
7968	105 
7969	35 
7970	371 
7971	158 
7972	111 
7973	255 
7974	323 
7975	202 
7976	1 
7977	290 
7978	65 
7979	46 
7980	87 
7981	247 
7982	158 
7983	212 
7984	167 
7985	84 
7986	176 
7987	154 
7988	238 
7989	356 
7990	143 
7991	192 
7992	218 
7993	333 
7994	28 
7995	170 
7996	398 
7997	118 
7998	74 
7999	245 
8000	140 
8001	279 
8002	45 
8003	383 
8004	371 
8005	364 
8006	218 
8007	230 
8008	358 
8009	277 
8010	371 
8011	173 
8012	244 
8013	239 
8014	179 
8015	390 
8016	22 
8017	323 
8018	68 
8019	260 
8020	5 
8021	291 
8022	245 
8023	65 
8024	72 
8025	379 
8026	268 
8027	126 
8028	206 
8029	5 
8030	357 
8031	287 
8032	290 
8033	200 
8034	88 
8035	230 
8036	358 
8037	352 
8038	155 
8039	177 
8040	94 
8041	327 
8042	212 
8043	249 
8044	41 
8045	371 
8046	209 
8047	126 
8048	95 
8049	123 
8050	309 
8051	64 
8052	57 
8053	11 
8054	183 
8055	44 
8056	346 
8057	69 
8058	73 
8059	110 
8060	49 
8061	18 
8062	280 
8063	47 
8064	11 
8065	94 
8066	279 
8067	338 
8068	36 
8069	62 
8070	298 
8071	390 
8072	218 
8073	383 
8074	383 
8075	70 
8076	313 
8077	75 
8078	201 
8079	327 
8080	250 
8081	16 
8082	250 
8083	236 
8084	308 
8085	216 
8086	1 
8087	351 
8088	139 
8089	350 
8090	101 
8091	84 
8092	127 
8093	35 
8094	35 
8095	242 
8096	347 
8097	384 
8098	264 
8099	12 
8100	44 
8101	163 
8102	166 
8103	386 
8104	247 
8105	326 
8106	244 
8107	149 
8108	363 
8109	279 
8110	65 
8111	259 
8112	389 
8113	171 
8114	206 
8115	255 
8116	97 
8117	379 
8118	298 
8119	240 
8120	268 
8121	351 
8122	391 
8123	291 
8124	118 
8125	301 
8126	97 
8127	308 
8128	16 
8129	176 
8130	243 
8131	342 
8132	346 
8133	170 
8134	67 
8135	63 
8136	156 
8137	361 
8138	111 
8139	58 
8140	295 
8141	389 
8142	348 
8143	127 
8144	371 
8145	86 
8146	122 
8147	279 
8148	79 
8149	94 
8150	286 
8151	178 
8152	240 
8153	68 
8154	250 
8155	84 
8156	230 
8157	379 
8158	383 
8159	21 
8160	105 
8161	12 
8162	157 
8163	13 
8164	74 
8165	242 
8166	313 
8167	313 
8168	323 
8169	245 
8170	154 
8171	99 
8172	11 
8173	240 
8174	387 
8175	121 
8176	125 
8177	363 
8178	381 
8179	154 
8180	309 
8181	155 
8182	389 
8183	43 
8184	240 
8185	235 
8186	154 
8187	255 
8188	95 
8189	277 
8190	20 
8191	238 
8192	286 
8193	348 
8194	355 
8195	384 
8196	127 
8197	354 
8198	45 
8199	217 
8200	50 
8201	22 
8202	380 
8203	292 
8204	139 
8205	357 
8206	378 
8207	127 
8208	360 
8209	44 
8210	227 
8211	46 
8212	157 
8213	238 
8214	312 
8215	46 
8216	379 
8217	230 
8218	295 
8219	98 
8220	29 
8221	331 
8222	372 
8223	230 
8224	262 
8225	43 
8226	242 
8227	105 
8228	372 
8229	141 
8230	123 
8231	63 
8232	84 
8233	124 
8234	292 
8235	55 
8236	354 
8237	50 
8238	383 
8239	268 
8240	143 
8241	316 
8242	77 
8243	316 
8244	119 
8245	363 
8246	255 
8247	134 
8248	139 
8249	226 
8250	391 
8251	23 
8252	69 
8253	61 
8254	353 
8255	371 
8256	14 
8257	110 
8258	290 
8259	189 
8260	321 
8261	388 
8262	88 
8263	273 
8264	77 
8265	126 
8266	368 
8267	280 
8268	112 
8269	184 
8270	239 
8271	342 
8272	375 
8273	126 
8274	47 
8275	290 
8276	334 
8277	216 
8278	94 
8279	70 
8280	123 
8281	223 
8282	247 
8283	155 
8284	262 
8285	124 
8286	342 
8287	184 
8288	247 
8289	315 
8290	1 
8291	238 
8292	154 
8293	65 
8294	139 
8295	100 
8296	369 
8297	173 
8298	345 
8299	378 
8300	97 
8301	241 
8302	312 
8303	41 
8304	364 
8305	379 
8306	360 
8307	141 
8308	346 
8309	116 
8310	40 
8311	18 
8312	256 
8313	280 
8314	139 
8315	116 
8316	123 
8317	43 
8318	338 
8319	2 
8320	392 
8321	259 
8322	239 
8323	21 
8324	295 
8325	386 
8326	173 
8327	95 
8328	383 
8329	361 
8330	108 
8331	238 
8332	290 
8333	134 
8334	331 
8335	240 
8336	257 
8337	214 
8338	44 
8339	202 
8340	333 
8341	295 
8342	239 
8343	389 
8344	331 
8345	244 
8346	62 
8347	80 
8348	217 
8349	312 
8350	77 
8351	103 
8352	277 
8353	342 
8354	103 
8355	139 
8356	20 
8357	116 
8358	18 
8359	134 
8360	297 
8361	306 
8362	297 
8363	325 
8364	242 
8365	86 
8366	235 
8367	252 
8368	306 
8369	11 
8370	31 
8371	128 
8372	97 
8373	291 
8374	80 
8375	318 
8376	247 
8377	122 
8378	97 
8379	292 
8380	270 
8381	170 
8382	127 
8383	58 
8384	256 
8385	358 
8386	40 
8387	367 
8388	292 
8389	310 
8390	350 
8391	74 
8392	344 
8393	45 
8394	44 
8395	294 
8396	346 
8397	245 
8398	350 
8399	252 
8400	318 
8401	335 
8402	1 
8403	309 
8404	383 
8405	97 
8406	152 
8407	276 
8408	84 
8409	122 
8410	391 
8411	37 
8412	75 
8413	214 
8414	240 
8415	350 
8416	170 
8417	42 
8418	295 
8419	386 
8420	141 
8421	63 
8422	184 
8423	69 
8424	337 
8425	252 
8426	14 
8427	100 
8428	154 
8429	133 
8430	28 
8431	290 
8432	358 
8433	325 
8434	84 
8435	260 
8436	167 
8437	14 
8438	337 
8439	122 
8440	361 
8441	23 
8442	176 
8443	308 
8444	130 
8445	112 
8446	111 
8447	383 
8448	75 
8449	121 
8450	238 
8451	252 
8452	80 
8453	173 
8454	164 
8455	123 
8456	72 
8457	80 
8458	306 
8459	18 
8460	139 
8461	279 
8462	245 
8463	149 
8464	141 
8465	63 
8466	370 
8467	360 
8468	143 
8469	247 
8470	292 
8471	139 
8472	211 
8473	179 
8474	227 
8475	294 
8476	45 
8477	133 
8478	259 
8479	44 
8480	132 
8481	79 
8482	173 
8483	173 
8484	242 
8485	44 
8486	201 
8487	72 
8488	383 
8489	227 
8490	217 
8491	80 
8492	335 
8493	98 
8494	173 
8495	309 
8496	315 
8497	364 
8498	323 
8499	22 
8500	126 
8501	139 
8502	291 
8503	209 
8504	205 
8505	226 
8506	386 
8507	63 
8508	8 
8509	34 
8510	73 
8511	345 
8512	305 
8513	5 
8514	65 
8515	8 
8516	155 
8517	101 
8518	291 
8519	213 
8520	72 
8521	227 
8522	121 
8523	305 
8524	124 
8525	296 
8526	337 
8527	260 
8528	63 
8529	235 
8530	46 
8531	99 
8532	130 
8533	240 
8534	82 
8535	97 
8536	154 
8537	213 
8538	16 
8539	173 
8540	358 
8541	22 
8542	386 
8543	280 
8544	100 
8545	392 
8546	127 
8547	21 
8548	209 
8549	370 
8550	80 
8551	58 
8552	5 
8553	65 
8554	295 
8555	95 
8556	44 
8557	63 
8558	34 
8559	247 
8560	260 
8561	23 
8562	381 
8563	256 
8564	387 
8565	205 
8566	36 
8567	298 
8568	305 
8569	88 
8570	57 
8571	67 
8572	1 
8573	82 
8574	297 
8575	295 
8576	101 
8577	125 
8578	337 
8579	370 
8580	346 
8581	244 
8582	80 
8583	94 
8584	63 
8585	119 
8586	170 
8587	183 
8588	157 
8589	139 
8590	298 
8591	290 
8592	105 
8593	4 
8594	351 
8595	267 
8596	364 
8597	7 
8598	87 
8599	65 
8600	207 
8601	242 
8602	40 
8603	305 
8604	125 
8605	188 
8606	8 
8607	279 
8608	207 
8609	164 
8610	305 
8611	238 
8612	157 
8613	383 
8614	125 
8615	128 
8616	139 
8617	157 
8618	116 
8619	375 
8620	69 
8621	124 
8622	121 
8623	240 
8624	44 
8625	84 
8626	29 
8627	42 
8628	143 
8629	371 
8630	243 
8631	124 
8632	64 
8633	268 
8634	335 
8635	371 
8636	86 
8637	57 
8638	363 
8639	226 
8640	118 
8641	125 
8642	337 
8643	291 
8644	8 
8645	23 
8646	97 
8647	202 
8648	124 
8649	358 
8650	202 
8651	119 
8652	64 
8653	173 
8654	171 
8655	249 
8656	141 
8657	295 
8658	355 
8659	227 
8660	367 
8661	31 
8662	68 
8663	164 
8664	84 
8665	86 
8666	361 
8667	64 
8668	171 
8669	157 
8670	154 
8671	384 
8672	243 
8673	86 
8674	230 
8675	326 
8676	250 
8677	20 
8678	64 
8679	35 
8680	206 
8681	183 
8682	57 
8683	74 
8684	265 
8685	273 
8686	334 
8687	260 
8688	227 
8689	86 
8690	371 
8691	372 
8692	27 
8693	123 
8694	69 
8695	70 
8696	361 
8697	111 
8698	371 
8699	383 
8700	350 
8701	323 
8702	242 
8703	294 
8704	149 
8705	127 
8706	344 
8707	345 
8708	140 
8709	361 
8710	294 
8711	11 
8712	223 
8713	11 
8714	2 
8715	105 
8716	192 
8717	116 
8718	41 
8719	177 
8720	77 
8721	301 
8722	227 
8723	244 
8724	315 
8725	381 
8726	205 
8727	214 
8728	48 
8729	45 
8730	164 
8731	44 
8732	124 
8733	183 
8734	69 
8735	227 
8736	313 
8737	335 
8738	335 
8739	128 
8740	62 
8741	152 
8742	296 
8743	65 
8744	64 
8745	130 
8746	247 
8747	105 
8748	379 
8749	325 
8750	134 
8751	22 
8752	255 
8753	140 
8754	21 
8755	294 
8756	306 
8757	383 
8758	75 
8759	157 
8760	238 
8761	15 
8762	31 
8763	14 
8764	228 
8765	127 
8766	7 
8767	20 
8768	323 
8769	337 
8770	354 
8771	316 
8772	155 
8773	278 
8774	379 
8775	40 
8776	47 
8777	273 
8778	323 
8779	217 
8780	63 
8781	16 
8782	62 
8783	292 
8784	292 
8785	335 
8786	209 
8787	375 
8788	35 
8789	294 
8790	143 
8791	346 
8792	97 
8793	354 
8794	316 
8795	74 
8796	345 
8797	384 
8798	73 
8799	242 
8800	354 
8801	69 
8802	301 
8803	313 
8804	345 
8805	348 
8806	62 
8807	22 
8808	86 
8809	62 
8810	62 
8811	49 
8812	345 
8813	337 
8814	122 
8815	290 
8816	98 
8817	213 
8818	127 
8819	315 
8820	41 
8821	44 
8822	46 
8823	127 
8824	308 
8825	61 
8826	205 
8827	255 
8828	316 
8829	292 
8830	388 
8831	242 
8832	105 
8833	252 
8834	370 
8835	379 
8836	345 
8837	209 
8838	264 
8839	367 
8840	183 
8841	80 
8842	152 
8843	166 
8844	42 
8845	167 
8846	209 
8847	100 
8848	141 
8849	21 
8850	41 
8851	170 
8852	326 
8853	391 
8854	2 
8855	223 
8856	132 
8857	116 
8858	79 
8859	67 
8860	75 
8861	139 
8862	119 
8863	11 
8864	49 
8865	264 
8866	378 
8867	37 
8868	386 
8869	256 
8870	127 
8871	176 
8872	72 
8873	310 
8874	372 
8875	254 
8876	124 
8877	306 
8878	188 
8879	276 
8880	110 
8881	141 
8882	73 
8883	124 
8884	167 
8885	15 
8886	19 
8887	87 
8888	116 
8889	295 
8890	334 
8891	240 
8892	252 
8893	252 
8894	226 
8895	255 
8896	326 
8897	356 
8898	68 
8899	355 
8900	236 
8901	27 
8902	345 
8903	37 
8904	170 
8905	20 
8906	338 
8907	122 
8908	209 
8909	105 
8910	57 
8911	213 
8912	250 
8913	95 
8914	291 
8915	273 
8916	342 
8917	23 
8918	101 
8919	34 
8920	154 
8921	41 
8922	244 
8923	313 
8924	75 
8925	84 
8926	95 
8927	119 
8928	227 
8929	132 
8930	40 
8931	240 
8932	63 
8933	337 
8934	65 
8935	238 
8936	292 
8937	36 
8938	110 
8939	27 
8940	306 
8941	42 
8942	216 
8943	116 
8944	41 
8945	124 
8946	345 
8947	127 
8948	158 
8949	132 
8950	75 
8951	70 
8952	386 
8953	132 
8954	192 
8955	346 
8956	16 
8957	18 
8958	46 
8959	250 
8960	306 
8961	49 
8962	383 
8963	334 
8964	87 
8965	239 
8966	205 
8967	290 
8968	250 
8969	63 
8970	337 
8971	99 
8972	63 
8973	346 
8974	158 
8975	242 
8976	126 
8977	239 
8978	312 
8979	105 
8980	305 
8981	252 
8982	97 
8983	176 
8984	325 
8985	315 
8986	20 
8987	345 
8988	8 
8989	375 
8990	36 
8991	386 
8992	209 
8993	323 
8994	70 
8995	184 
8996	80 
8997	262 
8998	101 
8999	216 
9000	235 
9001	268 
9002	384 
9003	80 
9004	368 
9005	245 
9006	326 
9007	80 
9008	35 
9009	230 
9010	49 
9011	63 
9012	97 
9013	41 
9014	337 
9015	277 
9016	264 
9017	141 
9018	264 
9019	350 
9020	354 
9021	207 
9022	155 
9023	326 
9024	381 
9025	318 
9026	363 
9027	345 
9028	125 
9029	316 
9030	111 
9031	132 
9032	4 
9033	158 
9034	127 
9035	27 
9036	342 
9037	250 
9038	4 
9039	326 
9040	132 
9041	313 
9042	23 
9043	95 
9044	68 
9045	379 
9046	290 
9047	209 
9048	386 
9049	110 
9050	371 
9051	157 
9052	252 
9053	308 
9054	292 
9055	73 
9056	192 
9057	213 
9058	350 
9059	345 
9060	191 
9061	262 
9062	88 
9063	354 
9064	315 
9065	126 
9066	152 
9067	61 
9068	254 
9069	118 
9070	331 
9071	345 
9072	130 
9073	18 
9074	201 
9075	350 
9076	123 
9077	15 
9078	345 
9079	264 
9080	108 
9081	77 
9082	141 
9083	4 
9084	167 
9085	57 
9086	29 
9087	211 
9088	295 
9089	273 
9090	306 
9091	141 
9092	228 
9093	238 
9094	95 
9095	105 
9096	72 
9097	245 
9098	123 
9099	351 
9100	306 
9101	371 
9102	141 
9103	130 
9104	239 
9105	157 
9106	130 
9107	207 
9108	310 
9109	290 
9110	358 
9111	240 
9112	16 
9113	36 
9114	217 
9115	1 
9116	213 
9117	256 
9118	110 
9119	164 
9120	313 
9121	40 
9122	378 
9123	184 
9124	350 
9125	74 
9126	48 
9127	49 
9128	47 
9129	348 
9130	309 
9131	252 
9132	126 
9133	36 
9134	149 
9135	111 
9136	352 
9137	8 
9138	123 
9139	74 
9140	256 
9141	298 
9142	370 
9143	323 
9144	14 
9145	309 
9146	124 
9147	84 
9148	8 
9149	157 
9150	207 
9151	250 
9152	252 
9153	97 
9154	370 
9155	134 
9156	309 
9157	16 
9158	249 
9159	236 
9160	77 
9161	108 
9162	62 
9163	64 
9164	37 
9165	124 
9166	130 
9167	238 
9168	363 
9169	370 
9170	348 
9171	154 
9172	94 
9173	164 
9174	87 
9175	255 
9176	103 
9177	240 
9178	65 
9179	88 
9180	167 
9181	350 
9182	309 
9183	36 
9184	15 
9185	134 
9186	205 
9187	143 
9188	297 
9189	86 
9190	103 
9191	227 
9192	40 
9193	139 
9194	44 
9195	306 
9196	139 
9197	15 
9198	184 
9199	239 
9200	213 
9201	87 
9202	249 
9203	298 
9204	310 
9205	306 
9206	70 
9207	48 
9208	264 
9209	80 
9210	179 
9211	388 
9212	239 
9213	132 
9214	378 
9215	346 
9216	170 
9217	312 
9218	295 
9219	183 
9220	242 
9221	73 
9222	342 
9223	47 
9224	227 
9225	74 
9226	49 
9227	228 
9228	79 
9229	217 
9230	50 
9231	135 
9232	334 
9233	315 
9234	189 
9235	201 
9236	15 
9237	22 
9238	367 
9239	334 
9240	154 
9241	238 
9242	143 
9243	240 
9244	345 
9245	105 
9246	308 
9247	298 
9248	306 
9249	105 
9250	65 
9251	73 
9252	206 
9253	316 
9254	326 
9255	371 
9256	34 
9257	14 
9258	99 
9259	379 
9260	279 
9261	88 
9262	123 
9263	306 
9264	18 
9265	34 
9266	18 
9267	361 
9268	143 
9269	68 
9270	48 
9271	95 
9272	62 
9273	294 
9274	122 
9275	370 
9276	223 
9277	227 
9278	305 
9279	368 
9280	123 
9281	95 
9282	11 
9283	108 
9284	264 
9285	298 
9286	94 
9287	7 
9288	184 
9289	236 
9290	250 
9291	305 
9292	216 
9293	134 
9294	22 
9295	242 
9296	45 
9297	351 
9298	351 
9299	183 
9300	255 
9301	173 
9302	15 
9303	334 
9304	189 
9305	206 
9306	119 
9307	306 
9308	84 
9309	88 
9310	298 
9311	63 
9312	44 
9313	379 
9314	342 
9315	383 
9316	370 
9317	268 
9318	228 
9319	350 
9320	65 
9321	127 
9322	318 
9323	391 
9324	273 
9325	306 
9326	97 
9327	62 
9328	44 
9329	249 
9330	141 
9331	49 
9332	154 
9333	350 
9334	264 
9335	69 
9336	250 
9337	157 
9338	358 
9339	149 
9340	75 
9341	119 
9342	84 
9343	292 
9344	121 
9345	255 
9346	99 
9347	240 
9348	316 
9349	353 
9350	127 
9351	99 
9352	353 
9353	313 
9354	75 
9355	371 
9356	133 
9357	75 
9358	250 
9359	250 
9360	11 
9361	309 
9362	291 
9363	86 
9364	155 
9365	247 
9366	63 
9367	69 
9368	315 
9369	164 
9370	94 
9371	11 
9372	291 
9373	149 
9374	40 
9375	297 
9376	315 
9377	63 
9378	348 
9379	262 
9380	389 
9381	14 
9382	23 
9383	325 
9384	316 
9385	384 
9386	334 
9387	64 
9388	44 
9389	337 
9390	122 
9391	63 
9392	259 
9393	170 
9394	205 
9395	383 
9396	216 
9397	227 
9398	355 
9399	370 
9400	298 
9401	242 
9402	356 
9403	244 
9404	29 
9405	209 
9406	206 
9407	240 
9408	94 
9409	383 
9410	358 
9411	342 
9412	84 
9413	236 
9414	240 
9415	63 
9416	255 
9417	74 
9418	70 
9419	308 
9420	179 
9421	99 
9422	105 
9423	141 
9424	46 
9425	345 
9426	127 
9427	355 
9428	7 
9429	23 
9430	217 
9431	57 
9432	236 
9433	262 
9434	111 
9435	68 
9436	99 
9437	346 
9438	15 
9439	143 
9440	277 
9441	35 
9442	62 
9443	23 
9444	64 
9445	50 
9446	20 
9447	331 
9448	310 
9449	297 
9450	344 
9451	351 
9452	354 
9453	116 
9454	255 
9455	63 
9456	67 
9457	262 
9458	315 
9459	290 
9460	354 
9461	357 
9462	367 
9463	230 
9464	22 
9465	127 
9466	383 
9467	316 
9468	298 
9469	141 
9470	236 
9471	250 
9472	348 
9473	207 
9474	310 
9475	18 
9476	73 
9477	230 
9478	152 
9479	305 
9480	323 
9481	139 
9482	352 
9483	18 
9484	18 
9485	363 
9486	290 
9487	334 
9488	290 
9489	94 
9490	352 
9491	209 
9492	389 
9493	250 
9494	262 
9495	379 
9496	351 
9497	47 
9498	164 
9499	273 
9500	306 
9501	40 
9502	239 
9503	62 
9504	183 
9505	47 
9506	65 
9507	22 
9508	15 
9509	230 
9510	316 
9511	97 
9512	124 
9513	143 
9514	94 
9515	121 
9516	355 
9517	331 
9518	40 
9519	209 
9520	154 
9521	294 
9522	164 
9523	154 
9524	298 
9525	323 
9526	201 
9527	88 
9528	121 
9529	7 
9530	202 
9531	111 
9532	130 
9533	124 
9534	122 
9535	345 
9536	124 
9537	356 
9538	152 
9539	70 
9540	20 
9541	312 
9542	298 
9543	62 
9544	134 
9545	130 
9546	342 
9547	383 
9548	77 
9549	126 
9550	184 
9551	309 
9552	247 
9553	309 
9554	312 
9555	173 
9556	189 
9557	213 
9558	18 
9559	316 
9560	352 
9561	209 
9562	77 
9563	357 
9564	323 
9565	133 
9566	116 
9567	342 
9568	170 
9569	207 
9570	108 
9571	209 
9572	124 
9573	337 
9574	126 
9575	48 
9576	40 
9577	188 
9578	20 
9579	8 
9580	65 
9581	379 
9582	95 
9583	23 
9584	306 
9585	157 
9586	40 
9587	262 
9588	44 
9589	259 
9590	350 
9591	164 
9592	139 
9593	238 
9594	298 
9595	119 
9596	7 
9597	292 
9598	1 
9599	11 
9600	240 
9601	47 
9602	29 
9603	298 
9604	298 
9605	48 
9606	7 
9607	345 
9608	173 
9609	312 
9610	23 
9611	183 
9612	45 
9613	19 
9614	290 
9615	97 
9616	62 
9617	305 
9618	350 
9619	116 
9620	65 
9621	130 
9622	350 
9623	133 
9624	116 
9625	205 
9626	268 
9627	386 
9628	15 
9629	315 
9630	236 
9631	250 
9632	316 
9633	15 
9634	338 
9635	273 
9636	111 
9637	255 
9638	348 
9639	47 
9640	331 
9641	130 
9642	262 
9643	239 
9644	309 
9645	264 
9646	29 
9647	133 
9648	247 
9649	345 
9650	250 
9651	342 
9652	213 
9653	255 
9654	40 
9655	44 
9656	11 
9657	240 
9658	315 
9659	250 
9660	389 
9661	252 
9662	45 
9663	126 
9664	308 
9665	130 
9666	240 
9667	8 
9668	277 
9669	62 
9670	69 
9671	139 
9672	361 
9673	73 
9674	74 
9675	358 
9676	325 
9677	383 
9678	325 
9679	364 
9680	386 
9681	88 
9682	242 
9683	22 
9684	64 
9685	23 
9686	384 
9687	94 
9688	309 
9689	86 
9690	16 
9691	298 
9692	44 
9693	80 
9694	290 
9695	124 
9696	64 
9697	316 
9698	118 
9699	8 
9700	143 
9701	348 
9702	323 
9703	247 
9704	164 
9705	157 
9706	64 
9707	227 
9708	371 
9709	371 
9710	325 
9711	318 
9712	262 
9713	124 
9714	201 
9715	305 
9716	84 
9717	252 
9718	35 
9719	68 
9720	370 
9721	370 
9722	122 
9723	87 
9724	309 
9725	205 
9726	370 
9727	255 
9728	295 
9729	386 
9730	75 
9731	242 
9732	308 
9733	124 
9734	389 
9735	40 
9736	290 
9737	15 
9738	295 
9739	290 
9740	346 
9741	370 
9742	143 
9743	250 
9744	157 
9745	84 
9746	309 
9747	309 
9748	11 
9749	134 
9750	308 
9751	75 
9752	242 
9753	331 
9754	29 
9755	207 
9756	183 
9757	216 
9758	119 
9759	331 
9760	240 
9761	379 
9762	294 
9763	358 
9764	164 
9765	348 
9766	74 
9767	124 
9768	152 
9769	306 
9770	77 
9771	298 
9772	67 
9773	383 
9774	306 
9775	348 
9776	316 
9777	361 
9778	295 
9779	84 
9780	80 
9781	316 
9782	119 
9783	139 
9784	379 
9785	14 
9786	352 
9787	94 
9788	123 
9789	294 
9790	183 
9791	47 
9792	105 
9793	130 
9794	277 
9795	8 
9796	15 
9797	386 
9798	157 
9799	264 
9800	239 
9801	290 
9802	292 
9803	40 
9804	86 
9805	123 
9806	238 
9807	77 
9808	23 
9809	8 
9810	247 
9811	63 
9812	170 
9813	348 
9814	306 
9815	213 
9816	358 
9817	130 
9818	63 
9819	383 
9820	124 
9821	240 
9822	44 
9823	386 
9824	80 
9825	348 
9826	134 
9827	391 
9828	130 
9829	130 
9830	383 
9831	68 
9832	273 
9833	371 
9834	383 
9835	122 
9836	337 
9837	358 
9838	141 
9839	294 
9840	130 
9841	67 
9842	170 
9843	306 
9844	240 
9845	94 
9846	239 
9847	244 
9848	295 
9849	370 
9850	141 
9851	63 
9852	188 
9853	298 
9854	183 
9855	239 
9856	164 
9857	250 
9858	386 
9859	143 
9860	357 
9861	87 
9862	316 
9863	389 
9864	111 
9865	337 
9866	290 
9867	370 
9868	264 
9869	22 
9870	127 
9871	386 
9872	236 
9873	358 
9874	357 
9875	315 
9876	250 
9877	64 
9878	8 
9879	68 
9880	315 
9881	170 
9882	309 
9883	143 
9884	379 
9885	127 
9886	124 
9887	323 
9888	188 
9889	389 
9890	240 
9891	277 
9892	247 
9893	111 
9894	116 
9895	47 
9896	346 
9897	216 
9898	316 
9899	88 
9900	346 
9901	7 
9902	348 
9903	345 
9904	345 
9905	346 
9906	290 
9907	236 
9908	239 
9909	22 
9910	133 
9911	45 
9912	14 
9913	95 
9914	259 
9915	65 
9916	1 
9917	45 
9918	164 
9919	306 
9920	45 
9921	255 
9922	77 
9923	345 
9924	63 
9925	97 
9926	242 
9927	95 
9928	164 
9929	205 
9930	87 
9931	242 
9932	259 
9933	87 
9934	139 
9935	351 
9936	227 
9937	306 
9938	309 
9939	277 
9940	40 
9941	127 
9942	294 
9943	348 
9944	22 
9945	315 
9946	44 
9947	183 
9948	170 
9949	45 
9950	345 
9951	239 
9952	63 
9953	316 
9954	97 
9955	238 
9956	357 
9957	346 
9958	316 
9959	386 
9960	255 
9961	323 
9962	294 
9963	383 
9964	130 
9965	316 
9966	259 
9967	337 
9968	236 
9969	236 
9970	357 
9971	350 
9972	70 
9973	247 
9974	337 
9975	350 
9976	44 
9977	357 
9978	139 
9979	170 
9980	111 
9981	292 
9982	127 
9983	130 
9984	309 
9985	133 
9986	111 
9987	238 
9988	316 
9989	63 
9990	139 
9991	94 
9992	238 
9993	345 
9994	141 
9995	348 
9996	116 
9997	14 
9998	7 
9999	15 
10000	250 
