1	185 
2	32 
3	110 
4	11 
5	341 
6	256 
7	53 
8	171 
9	70 
10	321 
11	246 
12	381 
13	130 
14	356 
15	378 
16	264 
17	367 
18	336 
19	113 
20	208 
21	31 
22	301 
23	113 
24	178 
25	323 
26	208 
27	294 
28	147 
29	80 
30	62 
31	336 
32	246 
33	16 
34	109 
35	179 
36	223 
37	109 
38	206 
39	257 
40	204 
41	177 
42	34 
43	369 
44	320 
45	216 
46	104 
47	370 
48	136 
49	327 
50	310 
51	278 
52	331 
53	156 
54	279 
55	249 
56	110 
57	45 
58	58 
59	306 
60	288 
61	6 
62	69 
63	165 
64	157 
65	15 
66	24 
67	143 
68	37 
69	180 
70	38 
71	187 
72	36 
73	244 
74	137 
75	35 
76	104 
77	35 
78	370 
79	145 
80	81 
81	214 
82	19 
83	313 
84	47 
85	326 
86	233 
87	134 
88	360 
89	187 
90	235 
91	162 
92	296 
93	2 
94	226 
95	378 
96	337 
97	58 
98	293 
99	187 
100	355 
101	149 
102	215 
103	249 
104	73 
105	111 
106	228 
107	51 
108	158 
109	279 
110	216 
111	215 
112	262 
113	127 
114	139 
115	286 
116	185 
117	4 
118	187 
119	351 
120	223 
121	350 
122	212 
123	187 
124	321 
125	204 
126	94 
127	145 
128	165 
129	159 
130	80 
131	195 
132	54 
133	178 
134	47 
135	298 
136	243 
137	182 
138	269 
139	37 
140	127 
141	266 
142	181 
143	116 
144	105 
145	193 
146	360 
147	90 
148	208 
149	36 
150	151 
151	353 
152	46 
153	221 
154	131 
155	53 
156	125 
157	193 
158	214 
159	290 
160	334 
161	59 
162	51 
163	31 
164	164 
165	310 
166	357 
167	98 
168	263 
169	72 
170	290 
171	161 
172	317 
173	128 
174	220 
175	210 
176	95 
177	2 
178	373 
179	344 
180	51 
181	232 
182	315 
183	187 
184	237 
185	227 
186	244 
187	19 
188	66 
189	167 
190	136 
191	232 
192	15 
193	308 
194	190 
195	53 
196	182 
197	137 
198	178 
199	359 
200	254 
201	191 
202	229 
203	99 
204	76 
205	269 
206	21 
207	110 
208	111 
209	308 
210	238 
211	36 
212	301 
213	245 
214	252 
215	315 
216	335 
217	3 
218	317 
219	263 
220	44 
221	290 
222	51 
223	150 
224	370 
225	16 
226	365 
227	379 
228	200 
229	28 
230	21 
231	122 
232	16 
233	55 
234	38 
235	160 
236	15 
237	335 
238	236 
239	159 
240	194 
241	138 
242	373 
243	116 
244	43 
245	300 
246	303 
247	49 
248	210 
249	71 
250	44 
251	343 
252	53 
253	368 
254	320 
255	301 
256	257 
257	333 
258	103 
259	355 
260	243 
261	4 
262	1 
263	49 
264	18 
265	149 
266	235 
267	71 
268	364 
269	176 
270	371 
271	222 
272	262 
273	12 
274	91 
275	372 
276	122 
277	71 
278	284 
279	164 
280	290 
281	77 
282	128 
283	355 
284	125 
285	100 
286	262 
287	380 
288	101 
289	42 
290	16 
291	249 
292	302 
293	48 
294	51 
295	199 
296	240 
297	318 
298	319 
299	4 
300	351 
301	296 
302	276 
303	180 
304	291 
305	188 
306	164 
307	299 
308	96 
309	248 
310	126 
311	220 
312	305 
313	62 
314	373 
315	365 
316	37 
317	249 
318	146 
319	30 
320	362 
321	94 
322	131 
323	275 
324	48 
325	262 
326	374 
327	176 
328	357 
329	18 
330	59 
331	327 
332	38 
333	327 
334	213 
335	255 
336	184 
337	335 
338	100 
339	18 
340	341 
341	57 
342	349 
343	264 
344	104 
345	43 
346	246 
347	135 
348	286 
349	134 
350	182 
351	39 
352	294 
353	308 
354	15 
355	232 
356	166 
357	162 
358	99 
359	14 
360	278 
361	128 
362	180 
363	9 
364	5 
365	202 
366	167 
367	269 
368	233 
369	214 
370	213 
371	217 
372	308 
373	43 
374	186 
375	355 
376	380 
377	2 
378	207 
379	167 
380	329 
381	1 
382	272 
383	101 
384	24 
385	133 
386	98 
387	171 
388	244 
389	167 
390	182 
391	176 
392	215 
393	371 
394	261 
395	265 
396	246 
397	100 
398	376 
399	57 
400	249 
401	108 
402	207 
403	15 
404	243 
405	182 
406	89 
407	371 
408	173 
409	188 
410	339 
411	365 
412	57 
413	131 
414	326 
415	125 
416	40 
417	323 
418	226 
419	72 
420	253 
421	108 
422	155 
423	75 
424	37 
425	284 
426	306 
427	162 
428	1 
429	137 
430	132 
431	159 
432	317 
433	185 
434	51 
435	184 
436	20 
437	54 
438	326 
439	145 
440	227 
441	339 
442	261 
443	373 
444	149 
445	261 
446	227 
447	232 
448	166 
449	206 
450	22 
451	208 
452	156 
453	196 
454	348 
455	44 
456	355 
457	170 
458	57 
459	105 
460	44 
461	32 
462	210 
463	326 
464	2 
465	184 
466	281 
467	55 
468	341 
469	215 
470	243 
471	365 
472	200 
473	225 
474	26 
475	261 
476	49 
477	194 
478	105 
479	370 
480	371 
481	213 
482	373 
483	343 
484	9 
485	258 
486	170 
487	360 
488	278 
489	270 
490	49 
491	9 
492	174 
493	333 
494	117 
495	362 
496	156 
497	371 
498	330 
499	306 
500	9 
501	213 
502	82 
503	204 
504	215 
505	153 
506	187 
507	291 
508	208 
509	341 
510	15 
511	284 
512	5 
513	200 
514	233 
515	5 
516	289 
517	154 
518	225 
519	213 
520	313 
521	202 
522	31 
523	355 
524	19 
525	64 
526	59 
527	375 
528	126 
529	336 
530	209 
531	326 
532	376 
533	5 
534	348 
535	273 
536	231 
537	32 
538	260 
539	365 
540	225 
541	32 
542	193 
543	296 
544	155 
545	278 
546	136 
547	321 
548	341 
549	227 
550	261 
551	38 
552	271 
553	194 
554	1 
555	26 
556	125 
557	114 
558	151 
559	5 
560	370 
561	355 
562	12 
563	214 
564	113 
565	308 
566	248 
567	223 
568	329 
569	306 
570	227 
571	377 
572	22 
573	315 
574	209 
575	332 
576	36 
577	288 
578	326 
579	12 
580	279 
581	191 
582	319 
583	201 
584	155 
585	10 
586	124 
587	287 
588	81 
589	181 
590	224 
591	27 
592	155 
593	199 
594	305 
595	227 
596	173 
597	291 
598	219 
599	94 
600	313 
601	179 
602	191 
603	366 
604	341 
605	145 
606	225 
607	119 
608	135 
609	145 
610	375 
611	363 
612	2 
613	35 
614	302 
615	263 
616	60 
617	283 
618	164 
619	57 
620	190 
621	157 
622	199 
623	77 
624	151 
625	318 
626	79 
627	126 
628	10 
629	320 
630	357 
631	98 
632	142 
633	35 
634	224 
635	255 
636	334 
637	270 
638	44 
639	345 
640	341 
641	250 
642	191 
643	278 
644	105 
645	214 
646	317 
647	153 
648	158 
649	36 
650	350 
651	132 
652	116 
653	336 
654	55 
655	36 
656	11 
657	264 
658	190 
659	100 
660	201 
661	35 
662	39 
663	197 
664	286 
665	127 
666	371 
667	183 
668	73 
669	289 
670	161 
671	232 
672	257 
673	133 
674	89 
675	243 
676	268 
677	239 
678	63 
679	182 
680	209 
681	141 
682	242 
683	314 
684	194 
685	64 
686	293 
687	232 
688	7 
689	4 
690	231 
691	227 
692	170 
693	159 
694	130 
695	212 
696	308 
697	291 
698	21 
699	246 
700	258 
701	55 
702	319 
703	193 
704	58 
705	225 
706	350 
707	276 
708	45 
709	30 
710	239 
711	212 
712	336 
713	92 
714	170 
715	51 
716	174 
717	242 
718	288 
719	224 
720	169 
721	283 
722	20 
723	210 
724	373 
725	121 
726	200 
727	333 
728	105 
729	167 
730	2 
731	225 
732	320 
733	342 
734	347 
735	108 
736	91 
737	30 
738	167 
739	120 
740	317 
741	321 
742	172 
743	35 
744	4 
745	199 
746	279 
747	79 
748	203 
749	34 
750	194 
751	260 
752	155 
753	187 
754	35 
755	164 
756	343 
757	76 
758	350 
759	274 
760	236 
761	228 
762	170 
763	54 
764	337 
765	53 
766	142 
767	47 
768	146 
769	289 
770	266 
771	243 
772	368 
773	284 
774	375 
775	49 
776	196 
777	241 
778	308 
779	287 
780	80 
781	359 
782	143 
783	168 
784	378 
785	34 
786	308 
787	60 
788	195 
789	33 
790	174 
791	273 
792	381 
793	9 
794	16 
795	83 
796	322 
797	107 
798	118 
799	341 
800	326 
801	291 
802	244 
803	183 
804	361 
805	254 
806	215 
807	244 
808	282 
809	296 
810	354 
811	181 
812	346 
813	43 
814	131 
815	303 
816	16 
817	101 
818	47 
819	64 
820	146 
821	249 
822	12 
823	185 
824	132 
825	118 
826	167 
827	153 
828	264 
829	207 
830	47 
831	47 
832	214 
833	95 
834	207 
835	83 
836	251 
837	174 
838	251 
839	287 
840	314 
841	218 
842	187 
843	235 
844	44 
845	38 
846	187 
847	179 
848	230 
849	328 
850	295 
851	201 
852	316 
853	177 
854	138 
855	2 
856	194 
857	373 
858	311 
859	206 
860	124 
861	90 
862	292 
863	157 
864	248 
865	335 
866	290 
867	34 
868	336 
869	370 
870	341 
871	303 
872	341 
873	103 
874	105 
875	365 
876	64 
877	202 
878	89 
879	356 
880	73 
881	341 
882	259 
883	104 
884	291 
885	213 
886	265 
887	290 
888	216 
889	145 
890	366 
891	25 
892	76 
893	18 
894	128 
895	85 
896	125 
897	328 
898	19 
899	26 
900	29 
901	145 
902	315 
903	316 
904	250 
905	290 
906	106 
907	217 
908	342 
909	232 
910	286 
911	61 
912	76 
913	62 
914	341 
915	290 
916	292 
917	210 
918	75 
919	136 
920	180 
921	164 
922	229 
923	232 
924	286 
925	199 
926	16 
927	119 
928	223 
929	34 
930	43 
931	347 
932	9 
933	269 
934	88 
935	106 
936	113 
937	185 
938	40 
939	61 
940	224 
941	268 
942	71 
943	77 
944	208 
945	82 
946	357 
947	223 
948	365 
949	272 
950	360 
951	284 
952	231 
953	235 
954	268 
955	43 
956	94 
957	2 
958	240 
959	172 
960	199 
961	74 
962	300 
963	156 
964	2 
965	71 
966	181 
967	173 
968	230 
969	331 
970	19 
971	113 
972	236 
973	43 
974	279 
975	172 
976	136 
977	322 
978	189 
979	166 
980	215 
981	355 
982	331 
983	92 
984	172 
985	156 
986	243 
987	375 
988	148 
989	235 
990	57 
991	228 
992	138 
993	381 
994	237 
995	356 
996	335 
997	206 
998	225 
999	223 
1000	29 
1001	254 
1002	346 
1003	347 
1004	381 
1005	155 
1006	232 
1007	374 
1008	230 
1009	303 
1010	43 
1011	180 
1012	100 
1013	178 
1014	49 
1015	373 
1016	166 
1017	5 
1018	324 
1019	354 
1020	283 
1021	16 
1022	341 
1023	2 
1024	250 
1025	171 
1026	373 
1027	187 
1028	143 
1029	94 
1030	331 
1031	151 
1032	148 
1033	47 
1034	99 
1035	187 
1036	284 
1037	153 
1038	62 
1039	69 
1040	341 
1041	171 
1042	149 
1043	326 
1044	12 
1045	25 
1046	51 
1047	166 
1048	4 
1049	109 
1050	330 
1051	208 
1052	32 
1053	80 
1054	54 
1055	247 
1056	45 
1057	233 
1058	2 
1059	355 
1060	56 
1061	303 
1062	71 
1063	127 
1064	29 
1065	110 
1066	250 
1067	92 
1068	132 
1069	187 
1070	302 
1071	136 
1072	155 
1073	82 
1074	319 
1075	175 
1076	234 
1077	263 
1078	309 
1079	2 
1080	271 
1081	375 
1082	374 
1083	6 
1084	313 
1085	180 
1086	187 
1087	363 
1088	180 
1089	71 
1090	28 
1091	233 
1092	43 
1093	113 
1094	119 
1095	326 
1096	316 
1097	158 
1098	31 
1099	2 
1100	333 
1101	227 
1102	308 
1103	238 
1104	346 
1105	248 
1106	115 
1107	326 
1108	128 
1109	105 
1110	46 
1111	211 
1112	232 
1113	222 
1114	159 
1115	132 
1116	205 
1117	110 
1118	267 
1119	250 
1120	353 
1121	301 
1122	156 
1123	284 
1124	151 
1125	341 
1126	136 
1127	307 
1128	148 
1129	32 
1130	327 
1131	87 
1132	22 
1133	209 
1134	328 
1135	197 
1136	381 
1137	156 
1138	101 
1139	366 
1140	98 
1141	236 
1142	276 
1143	187 
1144	121 
1145	51 
1146	128 
1147	328 
1148	306 
1149	173 
1150	308 
1151	131 
1152	306 
1153	320 
1154	273 
1155	128 
1156	38 
1157	197 
1158	115 
1159	362 
1160	350 
1161	54 
1162	189 
1163	184 
1164	38 
1165	100 
1166	64 
1167	243 
1168	241 
1169	65 
1170	122 
1171	59 
1172	48 
1173	330 
1174	156 
1175	322 
1176	286 
1177	217 
1178	373 
1179	364 
1180	65 
1181	211 
1182	176 
1183	199 
1184	135 
1185	194 
1186	47 
1187	306 
1188	192 
1189	262 
1190	381 
1191	320 
1192	345 
1193	116 
1194	178 
1195	249 
1196	367 
1197	83 
1198	165 
1199	295 
1200	250 
1201	59 
1202	292 
1203	11 
1204	179 
1205	113 
1206	264 
1207	41 
1208	56 
1209	327 
1210	102 
1211	70 
1212	278 
1213	262 
1214	200 
1215	162 
1216	110 
1217	308 
1218	306 
1219	130 
1220	105 
1221	235 
1222	22 
1223	203 
1224	306 
1225	198 
1226	116 
1227	281 
1228	243 
1229	338 
1230	272 
1231	355 
1232	158 
1233	98 
1234	164 
1235	187 
1236	194 
1237	162 
1238	156 
1239	274 
1240	18 
1241	208 
1242	318 
1243	167 
1244	146 
1245	125 
1246	327 
1247	162 
1248	342 
1249	184 
1250	51 
1251	290 
1252	264 
1253	169 
1254	250 
1255	243 
1256	65 
1257	220 
1258	307 
1259	172 
1260	173 
1261	285 
1262	290 
1263	105 
1264	200 
1265	286 
1266	377 
1267	145 
1268	59 
1269	68 
1270	232 
1271	105 
1272	264 
1273	153 
1274	181 
1275	297 
1276	326 
1277	92 
1278	125 
1279	370 
1280	335 
1281	357 
1282	1 
1283	306 
1284	373 
1285	217 
1286	309 
1287	355 
1288	59 
1289	12 
1290	229 
1291	86 
1292	124 
1293	4 
1294	229 
1295	223 
1296	294 
1297	184 
1298	80 
1299	84 
1300	319 
1301	142 
1302	84 
1303	47 
1304	247 
1305	343 
1306	125 
1307	128 
1308	227 
1309	73 
1310	290 
1311	357 
1312	199 
1313	181 
1314	82 
1315	124 
1316	373 
1317	43 
1318	39 
1319	249 
1320	229 
1321	183 
1322	243 
1323	151 
1324	292 
1325	135 
1326	355 
1327	75 
1328	370 
1329	51 
1330	369 
1331	178 
1332	278 
1333	34 
1334	27 
1335	159 
1336	64 
1337	41 
1338	257 
1339	287 
1340	362 
1341	145 
1342	243 
1343	184 
1344	181 
1345	84 
1346	110 
1347	81 
1348	215 
1349	126 
1350	309 
1351	105 
1352	138 
1353	121 
1354	200 
1355	287 
1356	315 
1357	278 
1358	380 
1359	246 
1360	229 
1361	24 
1362	334 
1363	263 
1364	188 
1365	153 
1366	350 
1367	205 
1368	81 
1369	38 
1370	262 
1371	15 
1372	315 
1373	175 
1374	51 
1375	279 
1376	345 
1377	265 
1378	153 
1379	39 
1380	305 
1381	144 
1382	146 
1383	58 
1384	37 
1385	251 
1386	379 
1387	236 
1388	82 
1389	114 
1390	353 
1391	340 
1392	223 
1393	167 
1394	351 
1395	364 
1396	74 
1397	74 
1398	235 
1399	349 
1400	165 
1401	329 
1402	341 
1403	37 
1404	125 
1405	255 
1406	137 
1407	128 
1408	104 
1409	350 
1410	303 
1411	115 
1412	38 
1413	71 
1414	231 
1415	368 
1416	14 
1417	113 
1418	376 
1419	371 
1420	59 
1421	138 
1422	156 
1423	278 
1424	212 
1425	373 
1426	232 
1427	245 
1428	315 
1429	62 
1430	292 
1431	363 
1432	376 
1433	142 
1434	151 
1435	159 
1436	166 
1437	296 
1438	99 
1439	290 
1440	143 
1441	365 
1442	210 
1443	329 
1444	35 
1445	146 
1446	77 
1447	162 
1448	202 
1449	250 
1450	80 
1451	263 
1452	257 
1453	79 
1454	84 
1455	191 
1456	82 
1457	171 
1458	267 
1459	106 
1460	334 
1461	256 
1462	81 
1463	76 
1464	109 
1465	15 
1466	346 
1467	46 
1468	167 
1469	6 
1470	91 
1471	16 
1472	116 
1473	339 
1474	120 
1475	34 
1476	259 
1477	99 
1478	151 
1479	308 
1480	226 
1481	254 
1482	180 
1483	34 
1484	154 
1485	56 
1486	212 
1487	131 
1488	60 
1489	135 
1490	256 
1491	67 
1492	16 
1493	324 
1494	150 
1495	31 
1496	352 
1497	1 
1498	191 
1499	59 
1500	205 
1501	105 
1502	260 
1503	106 
1504	306 
1505	377 
1506	99 
1507	131 
1508	175 
1509	172 
1510	252 
1511	243 
1512	144 
1513	197 
1514	168 
1515	311 
1516	302 
1517	284 
1518	318 
1519	290 
1520	322 
1521	39 
1522	49 
1523	340 
1524	304 
1525	370 
1526	335 
1527	341 
1528	1 
1529	86 
1530	2 
1531	328 
1532	243 
1533	367 
1534	207 
1535	258 
1536	167 
1537	151 
1538	297 
1539	93 
1540	354 
1541	308 
1542	151 
1543	24 
1544	136 
1545	69 
1546	236 
1547	92 
1548	148 
1549	1 
1550	285 
1551	204 
1552	311 
1553	106 
1554	180 
1555	163 
1556	12 
1557	13 
1558	145 
1559	265 
1560	306 
1561	123 
1562	16 
1563	182 
1564	331 
1565	117 
1566	208 
1567	130 
1568	62 
1569	121 
1570	227 
1571	243 
1572	41 
1573	42 
1574	363 
1575	172 
1576	57 
1577	69 
1578	102 
1579	16 
1580	34 
1581	347 
1582	9 
1583	93 
1584	303 
1585	100 
1586	97 
1587	333 
1588	372 
1589	43 
1590	140 
1591	169 
1592	34 
1593	58 
1594	163 
1595	236 
1596	356 
1597	369 
1598	194 
1599	326 
1600	36 
1601	291 
1602	213 
1603	137 
1604	16 
1605	374 
1606	37 
1607	246 
1608	290 
1609	298 
1610	26 
1611	76 
1612	228 
1613	371 
1614	315 
1615	82 
1616	212 
1617	346 
1618	169 
1619	188 
1620	136 
1621	181 
1622	169 
1623	169 
1624	296 
1625	72 
1626	167 
1627	359 
1628	309 
1629	100 
1630	13 
1631	34 
1632	355 
1633	227 
1634	69 
1635	272 
1636	374 
1637	88 
1638	51 
1639	252 
1640	318 
1641	158 
1642	377 
1643	6 
1644	322 
1645	350 
1646	162 
1647	93 
1648	217 
1649	64 
1650	306 
1651	357 
1652	321 
1653	136 
1654	227 
1655	187 
1656	337 
1657	291 
1658	320 
1659	321 
1660	101 
1661	225 
1662	307 
1663	355 
1664	169 
1665	362 
1666	295 
1667	267 
1668	109 
1669	305 
1670	131 
1671	86 
1672	134 
1673	213 
1674	208 
1675	155 
1676	341 
1677	348 
1678	80 
1679	96 
1680	64 
1681	265 
1682	296 
1683	122 
1684	2 
1685	132 
1686	199 
1687	92 
1688	57 
1689	355 
1690	306 
1691	373 
1692	6 
1693	81 
1694	231 
1695	44 
1696	345 
1697	308 
1698	207 
1699	358 
1700	233 
1701	346 
1702	12 
1703	187 
1704	70 
1705	123 
1706	172 
1707	302 
1708	141 
1709	308 
1710	87 
1711	155 
1712	2 
1713	291 
1714	62 
1715	204 
1716	373 
1717	356 
1718	186 
1719	126 
1720	213 
1721	95 
1722	264 
1723	330 
1724	170 
1725	91 
1726	40 
1727	372 
1728	122 
1729	137 
1730	97 
1731	82 
1732	145 
1733	49 
1734	240 
1735	277 
1736	39 
1737	355 
1738	164 
1739	34 
1740	64 
1741	22 
1742	125 
1743	32 
1744	278 
1745	299 
1746	297 
1747	181 
1748	320 
1749	341 
1750	191 
1751	139 
1752	243 
1753	22 
1754	230 
1755	41 
1756	286 
1757	79 
1758	262 
1759	49 
1760	134 
1761	287 
1762	364 
1763	332 
1764	232 
1765	131 
1766	103 
1767	354 
1768	54 
1769	333 
1770	199 
1771	356 
1772	33 
1773	210 
1774	53 
1775	210 
1776	152 
1777	344 
1778	376 
1779	355 
1780	191 
1781	356 
1782	369 
1783	41 
1784	66 
1785	336 
1786	322 
1787	309 
1788	136 
1789	52 
1790	362 
1791	39 
1792	64 
1793	341 
1794	324 
1795	265 
1796	17 
1797	140 
1798	72 
1799	263 
1800	78 
1801	148 
1802	326 
1803	307 
1804	60 
1805	225 
1806	39 
1807	327 
1808	49 
1809	76 
1810	162 
1811	9 
1812	165 
1813	206 
1814	307 
1815	103 
1816	341 
1817	73 
1818	27 
1819	379 
1820	341 
1821	5 
1822	197 
1823	242 
1824	317 
1825	128 
1826	36 
1827	16 
1828	210 
1829	34 
1830	273 
1831	139 
1832	77 
1833	1 
1834	356 
1835	44 
1836	22 
1837	223 
1838	56 
1839	190 
1840	318 
1841	187 
1842	134 
1843	296 
1844	355 
1845	67 
1846	25 
1847	308 
1848	193 
1849	59 
1850	111 
1851	2 
1852	338 
1853	321 
1854	298 
1855	290 
1856	100 
1857	26 
1858	105 
1859	31 
1860	78 
1861	48 
1862	81 
1863	127 
1864	281 
1865	151 
1866	356 
1867	305 
1868	262 
1869	179 
1870	328 
1871	230 
1872	156 
1873	14 
1874	327 
1875	118 
1876	216 
1877	32 
1878	365 
1879	203 
1880	328 
1881	165 
1882	215 
1883	137 
1884	15 
1885	373 
1886	39 
1887	250 
1888	270 
1889	158 
1890	51 
1891	169 
1892	290 
1893	241 
1894	154 
1895	169 
1896	133 
1897	356 
1898	256 
1899	59 
1900	10 
1901	68 
1902	368 
1903	213 
1904	225 
1905	79 
1906	355 
1907	124 
1908	37 
1909	290 
1910	180 
1911	232 
1912	217 
1913	289 
1914	137 
1915	230 
1916	211 
1917	312 
1918	137 
1919	243 
1920	341 
1921	291 
1922	213 
1923	208 
1924	305 
1925	115 
1926	39 
1927	74 
1928	157 
1929	188 
1930	73 
1931	194 
1932	130 
1933	63 
1934	165 
1935	355 
1936	376 
1937	307 
1938	275 
1939	273 
1940	181 
1941	261 
1942	194 
1943	156 
1944	290 
1945	59 
1946	184 
1947	281 
1948	284 
1949	241 
1950	365 
1951	255 
1952	262 
1953	158 
1954	343 
1955	195 
1956	308 
1957	208 
1958	277 
1959	183 
1960	369 
1961	322 
1962	376 
1963	100 
1964	233 
1965	84 
1966	277 
1967	49 
1968	77 
1969	369 
1970	200 
1971	51 
1972	295 
1973	141 
1974	233 
1975	287 
1976	132 
1977	252 
1978	95 
1979	171 
1980	287 
1981	18 
1982	34 
1983	252 
1984	222 
1985	204 
1986	44 
1987	339 
1988	185 
1989	82 
1990	139 
1991	121 
1992	40 
1993	208 
1994	300 
1995	303 
1996	243 
1997	120 
1998	340 
1999	179 
2000	323 
2001	45 
2002	162 
2003	229 
2004	156 
2005	190 
2006	381 
2007	169 
2008	355 
2009	350 
2010	5 
2011	327 
2012	365 
2013	214 
2014	209 
2015	321 
2016	121 
2017	374 
2018	93 
2019	293 
2020	116 
2021	250 
2022	129 
2023	213 
2024	152 
2025	131 
2026	182 
2027	168 
2028	129 
2029	355 
2030	356 
2031	41 
2032	258 
2033	107 
2034	42 
2035	335 
2036	217 
2037	70 
2038	100 
2039	158 
2040	6 
2041	237 
2042	42 
2043	106 
2044	212 
2045	375 
2046	368 
2047	320 
2048	246 
2049	249 
2050	363 
2051	379 
2052	14 
2053	301 
2054	156 
2055	12 
2056	47 
2057	366 
2058	37 
2059	314 
2060	41 
2061	291 
2062	374 
2063	272 
2064	281 
2065	344 
2066	50 
2067	30 
2068	53 
2069	155 
2070	161 
2071	317 
2072	365 
2073	268 
2074	339 
2075	198 
2076	298 
2077	56 
2078	191 
2079	27 
2080	264 
2081	283 
2082	259 
2083	352 
2084	330 
2085	244 
2086	213 
2087	252 
2088	31 
2089	123 
2090	51 
2091	185 
2092	203 
2093	77 
2094	200 
2095	370 
2096	22 
2097	4 
2098	326 
2099	4 
2100	90 
2101	162 
2102	136 
2103	223 
2104	350 
2105	108 
2106	3 
2107	371 
2108	151 
2109	236 
2110	76 
2111	95 
2112	320 
2113	109 
2114	237 
2115	283 
2116	29 
2117	275 
2118	200 
2119	232 
2120	228 
2121	64 
2122	85 
2123	61 
2124	65 
2125	76 
2126	200 
2127	357 
2128	154 
2129	76 
2130	194 
2131	117 
2132	36 
2133	34 
2134	11 
2135	241 
2136	5 
2137	199 
2138	290 
2139	365 
2140	83 
2141	271 
2142	31 
2143	32 
2144	365 
2145	244 
2146	236 
2147	53 
2148	12 
2149	349 
2150	110 
2151	31 
2152	134 
2153	8 
2154	113 
2155	102 
2156	167 
2157	370 
2158	94 
2159	10 
2160	244 
2161	278 
2162	187 
2163	281 
2164	201 
2165	167 
2166	68 
2167	246 
2168	271 
2169	290 
2170	199 
2171	168 
2172	278 
2173	51 
2174	264 
2175	231 
2176	105 
2177	225 
2178	315 
2179	314 
2180	132 
2181	150 
2182	18 
2183	37 
2184	262 
2185	147 
2186	228 
2187	88 
2188	51 
2189	308 
2190	285 
2191	29 
2192	178 
2193	244 
2194	165 
2195	159 
2196	307 
2197	198 
2198	118 
2199	4 
2200	106 
2201	129 
2202	329 
2203	352 
2204	35 
2205	2 
2206	327 
2207	210 
2208	160 
2209	241 
2210	308 
2211	167 
2212	276 
2213	34 
2214	361 
2215	136 
2216	311 
2217	121 
2218	8 
2219	4 
2220	32 
2221	16 
2222	191 
2223	2 
2224	317 
2225	18 
2226	100 
2227	38 
2228	85 
2229	89 
2230	37 
2231	248 
2232	163 
2233	63 
2234	205 
2235	312 
2236	303 
2237	100 
2238	123 
2239	36 
2240	372 
2241	238 
2242	58 
2243	291 
2244	355 
2245	159 
2246	213 
2247	215 
2248	108 
2249	360 
2250	36 
2251	16 
2252	67 
2253	181 
2254	178 
2255	64 
2256	151 
2257	241 
2258	276 
2259	356 
2260	167 
2261	15 
2262	93 
2263	267 
2264	73 
2265	8 
2266	290 
2267	250 
2268	46 
2269	105 
2270	78 
2271	289 
2272	248 
2273	116 
2274	238 
2275	293 
2276	254 
2277	1 
2278	130 
2279	93 
2280	49 
2281	284 
2282	41 
2283	103 
2284	195 
2285	231 
2286	145 
2287	19 
2288	287 
2289	53 
2290	136 
2291	99 
2292	44 
2293	142 
2294	12 
2295	93 
2296	231 
2297	164 
2298	121 
2299	59 
2300	94 
2301	274 
2302	135 
2303	87 
2304	41 
2305	94 
2306	42 
2307	41 
2308	58 
2309	306 
2310	341 
2311	59 
2312	314 
2313	44 
2314	2 
2315	337 
2316	153 
2317	19 
2318	81 
2319	366 
2320	2 
2321	180 
2322	372 
2323	341 
2324	142 
2325	183 
2326	361 
2327	122 
2328	347 
2329	47 
2330	153 
2331	289 
2332	348 
2333	38 
2334	221 
2335	381 
2336	198 
2337	35 
2338	329 
2339	9 
2340	329 
2341	287 
2342	307 
2343	307 
2344	265 
2345	112 
2346	316 
2347	339 
2348	367 
2349	373 
2350	100 
2351	9 
2352	28 
2353	368 
2354	6 
2355	181 
2356	51 
2357	278 
2358	199 
2359	54 
2360	262 
2361	65 
2362	315 
2363	374 
2364	191 
2365	313 
2366	330 
2367	310 
2368	324 
2369	290 
2370	171 
2371	57 
2372	362 
2373	249 
2374	326 
2375	108 
2376	90 
2377	181 
2378	133 
2379	370 
2380	16 
2381	347 
2382	15 
2383	166 
2384	279 
2385	147 
2386	196 
2387	356 
2388	51 
2389	234 
2390	377 
2391	293 
2392	38 
2393	212 
2394	120 
2395	262 
2396	178 
2397	146 
2398	18 
2399	156 
2400	322 
2401	366 
2402	47 
2403	255 
2404	262 
2405	137 
2406	120 
2407	180 
2408	308 
2409	140 
2410	265 
2411	226 
2412	61 
2413	49 
2414	87 
2415	151 
2416	358 
2417	133 
2418	51 
2419	284 
2420	115 
2421	342 
2422	319 
2423	196 
2424	89 
2425	137 
2426	354 
2427	178 
2428	107 
2429	360 
2430	234 
2431	151 
2432	214 
2433	184 
2434	211 
2435	158 
2436	373 
2437	278 
2438	296 
2439	215 
2440	138 
2441	364 
2442	120 
2443	276 
2444	133 
2445	59 
2446	356 
2447	127 
2448	371 
2449	246 
2450	252 
2451	183 
2452	287 
2453	225 
2454	85 
2455	130 
2456	378 
2457	309 
2458	276 
2459	169 
2460	28 
2461	136 
2462	269 
2463	328 
2464	287 
2465	163 
2466	259 
2467	55 
2468	2 
2469	298 
2470	238 
2471	7 
2472	210 
2473	138 
2474	137 
2475	128 
2476	187 
2477	50 
2478	213 
2479	239 
2480	51 
2481	118 
2482	221 
2483	326 
2484	284 
2485	215 
2486	376 
2487	339 
2488	357 
2489	150 
2490	289 
2491	185 
2492	279 
2493	371 
2494	228 
2495	354 
2496	246 
2497	166 
2498	109 
2499	138 
2500	263 
2501	109 
2502	5 
2503	51 
2504	49 
2505	199 
2506	234 
2507	243 
2508	187 
2509	171 
2510	250 
2511	327 
2512	241 
2513	211 
2514	282 
2515	152 
2516	65 
2517	34 
2518	180 
2519	322 
2520	265 
2521	19 
2522	380 
2523	18 
2524	47 
2525	25 
2526	27 
2527	203 
2528	362 
2529	350 
2530	113 
2531	332 
2532	58 
2533	335 
2534	317 
2535	141 
2536	125 
2537	276 
2538	355 
2539	18 
2540	123 
2541	372 
2542	18 
2543	275 
2544	33 
2545	274 
2546	98 
2547	284 
2548	218 
2549	3 
2550	381 
2551	365 
2552	37 
2553	375 
2554	67 
2555	249 
2556	45 
2557	163 
2558	209 
2559	15 
2560	327 
2561	5 
2562	341 
2563	185 
2564	36 
2565	357 
2566	132 
2567	337 
2568	79 
2569	248 
2570	238 
2571	154 
2572	172 
2573	170 
2574	237 
2575	177 
2576	155 
2577	47 
2578	252 
2579	280 
2580	207 
2581	148 
2582	328 
2583	339 
2584	118 
2585	184 
2586	278 
2587	16 
2588	373 
2589	357 
2590	137 
2591	106 
2592	278 
2593	199 
2594	182 
2595	165 
2596	30 
2597	312 
2598	131 
2599	164 
2600	51 
2601	79 
2602	243 
2603	31 
2604	13 
2605	271 
2606	194 
2607	241 
2608	295 
2609	153 
2610	344 
2611	371 
2612	182 
2613	370 
2614	9 
2615	213 
2616	336 
2617	263 
2618	200 
2619	279 
2620	14 
2621	287 
2622	203 
2623	12 
2624	182 
2625	291 
2626	33 
2627	81 
2628	164 
2629	138 
2630	323 
2631	234 
2632	156 
2633	29 
2634	54 
2635	77 
2636	167 
2637	373 
2638	59 
2639	379 
2640	22 
2641	27 
2642	161 
2643	2 
2644	371 
2645	79 
2646	155 
2647	319 
2648	9 
2649	308 
2650	97 
2651	181 
2652	308 
2653	299 
2654	111 
2655	214 
2656	273 
2657	97 
2658	183 
2659	204 
2660	144 
2661	191 
2662	372 
2663	103 
2664	303 
2665	172 
2666	231 
2667	322 
2668	322 
2669	237 
2670	151 
2671	333 
2672	39 
2673	91 
2674	8 
2675	354 
2676	337 
2677	213 
2678	155 
2679	22 
2680	169 
2681	130 
2682	327 
2683	100 
2684	343 
2685	144 
2686	151 
2687	156 
2688	255 
2689	311 
2690	128 
2691	52 
2692	329 
2693	60 
2694	49 
2695	314 
2696	191 
2697	135 
2698	196 
2699	350 
2700	50 
2701	258 
2702	180 
2703	274 
2704	322 
2705	91 
2706	189 
2707	199 
2708	3 
2709	322 
2710	241 
2711	156 
2712	100 
2713	306 
2714	50 
2715	356 
2716	181 
2717	142 
2718	193 
2719	94 
2720	370 
2721	302 
2722	188 
2723	146 
2724	316 
2725	248 
2726	202 
2727	370 
2728	93 
2729	230 
2730	235 
2731	23 
2732	11 
2733	252 
2734	350 
2735	31 
2736	151 
2737	209 
2738	18 
2739	347 
2740	7 
2741	364 
2742	175 
2743	311 
2744	194 
2745	239 
2746	198 
2747	208 
2748	264 
2749	43 
2750	314 
2751	194 
2752	332 
2753	263 
2754	288 
2755	333 
2756	180 
2757	377 
2758	279 
2759	355 
2760	363 
2761	168 
2762	209 
2763	253 
2764	213 
2765	297 
2766	328 
2767	200 
2768	44 
2769	213 
2770	261 
2771	212 
2772	31 
2773	297 
2774	278 
2775	94 
2776	96 
2777	214 
2778	258 
2779	118 
2780	179 
2781	182 
2782	47 
2783	44 
2784	115 
2785	3 
2786	167 
2787	220 
2788	364 
2789	175 
2790	331 
2791	327 
2792	317 
2793	36 
2794	363 
2795	137 
2796	230 
2797	27 
2798	190 
2799	171 
2800	270 
2801	246 
2802	66 
2803	21 
2804	47 
2805	291 
2806	232 
2807	100 
2808	325 
2809	125 
2810	120 
2811	212 
2812	16 
2813	31 
2814	298 
2815	68 
2816	170 
2817	164 
2818	337 
2819	301 
2820	337 
2821	141 
2822	201 
2823	323 
2824	241 
2825	19 
2826	356 
2827	181 
2828	38 
2829	278 
2830	9 
2831	174 
2832	199 
2833	129 
2834	132 
2835	357 
2836	36 
2837	246 
2838	289 
2839	64 
2840	128 
2841	287 
2842	126 
2843	278 
2844	37 
2845	44 
2846	18 
2847	214 
2848	223 
2849	341 
2850	80 
2851	335 
2852	194 
2853	184 
2854	232 
2855	340 
2856	100 
2857	281 
2858	219 
2859	100 
2860	60 
2861	247 
2862	23 
2863	182 
2864	1 
2865	131 
2866	321 
2867	132 
2868	130 
2869	331 
2870	15 
2871	14 
2872	374 
2873	134 
2874	131 
2875	47 
2876	76 
2877	165 
2878	179 
2879	7 
2880	240 
2881	301 
2882	362 
2883	173 
2884	38 
2885	137 
2886	248 
2887	165 
2888	326 
2889	223 
2890	359 
2891	47 
2892	46 
2893	322 
2894	291 
2895	119 
2896	5 
2897	32 
2898	227 
2899	285 
2900	112 
2901	65 
2902	191 
2903	8 
2904	8 
2905	213 
2906	308 
2907	376 
2908	9 
2909	132 
2910	36 
2911	128 
2912	123 
2913	57 
2914	181 
2915	307 
2916	288 
2917	347 
2918	139 
2919	184 
2920	281 
2921	178 
2922	122 
2923	218 
2924	329 
2925	261 
2926	212 
2927	179 
2928	344 
2929	158 
2930	215 
2931	264 
2932	131 
2933	53 
2934	195 
2935	121 
2936	339 
2937	49 
2938	136 
2939	243 
2940	257 
2941	27 
2942	1 
2943	1 
2944	348 
2945	225 
2946	155 
2947	70 
2948	98 
2949	45 
2950	47 
2951	171 
2952	250 
2953	215 
2954	128 
2955	11 
2956	335 
2957	192 
2958	291 
2959	200 
2960	280 
2961	36 
2962	279 
2963	373 
2964	246 
2965	320 
2966	116 
2967	199 
2968	232 
2969	229 
2970	131 
2971	313 
2972	355 
2973	291 
2974	103 
2975	325 
2976	315 
2977	289 
2978	205 
2979	185 
2980	327 
2981	2 
2982	58 
2983	275 
2984	29 
2985	381 
2986	137 
2987	81 
2988	119 
2989	44 
2990	296 
2991	73 
2992	13 
2993	371 
2994	280 
2995	28 
2996	330 
2997	293 
2998	166 
2999	210 
3000	47 
3001	378 
3002	165 
3003	186 
3004	335 
3005	187 
3006	253 
3007	217 
3008	200 
3009	373 
3010	133 
3011	305 
3012	16 
3013	243 
3014	210 
3015	295 
3016	249 
3017	299 
3018	194 
3019	177 
3020	94 
3021	137 
3022	16 
3023	205 
3024	359 
3025	77 
3026	332 
3027	246 
3028	222 
3029	344 
3030	49 
3031	59 
3032	145 
3033	142 
3034	320 
3035	192 
3036	305 
3037	66 
3038	65 
3039	208 
3040	14 
3041	82 
3042	227 
3043	339 
3044	306 
3045	151 
3046	295 
3047	364 
3048	151 
3049	41 
3050	351 
3051	166 
3052	125 
3053	227 
3054	275 
3055	324 
3056	199 
3057	177 
3058	208 
3059	306 
3060	214 
3061	242 
3062	183 
3063	341 
3064	205 
3065	67 
3066	212 
3067	67 
3068	231 
3069	82 
3070	292 
3071	325 
3072	73 
3073	321 
3074	359 
3075	107 
3076	68 
3077	36 
3078	205 
3079	19 
3080	223 
3081	353 
3082	193 
3083	336 
3084	200 
3085	142 
3086	31 
3087	81 
3088	225 
3089	25 
3090	328 
3091	263 
3092	280 
3093	165 
3094	73 
3095	104 
3096	31 
3097	34 
3098	76 
3099	248 
3100	32 
3101	327 
3102	15 
3103	234 
3104	330 
3105	34 
3106	145 
3107	145 
3108	158 
3109	12 
3110	258 
3111	290 
3112	156 
3113	203 
3114	163 
3115	34 
3116	378 
3117	283 
3118	147 
3119	216 
3120	141 
3121	136 
3122	41 
3123	194 
3124	64 
3125	146 
3126	112 
3127	214 
3128	176 
3129	287 
3130	358 
3131	164 
3132	31 
3133	16 
3134	209 
3135	335 
3136	62 
3137	15 
3138	155 
3139	341 
3140	1 
3141	170 
3142	76 
3143	79 
3144	128 
3145	350 
3146	271 
3147	38 
3148	132 
3149	325 
3150	220 
3151	290 
3152	104 
3153	84 
3154	200 
3155	172 
3156	73 
3157	169 
3158	27 
3159	100 
3160	153 
3161	165 
3162	191 
3163	220 
3164	11 
3165	315 
3166	200 
3167	164 
3168	231 
3169	334 
3170	117 
3171	183 
3172	199 
3173	16 
3174	104 
3175	345 
3176	294 
3177	193 
3178	306 
3179	273 
3180	107 
3181	233 
3182	355 
3183	264 
3184	132 
3185	263 
3186	27 
3187	112 
3188	208 
3189	296 
3190	337 
3191	121 
3192	297 
3193	166 
3194	356 
3195	102 
3196	98 
3197	317 
3198	342 
3199	158 
3200	336 
3201	328 
3202	104 
3203	47 
3204	23 
3205	15 
3206	250 
3207	301 
3208	11 
3209	265 
3210	61 
3211	321 
3212	159 
3213	326 
3214	177 
3215	180 
3216	328 
3217	183 
3218	355 
3219	39 
3220	165 
3221	132 
3222	86 
3223	107 
3224	77 
3225	327 
3226	163 
3227	163 
3228	361 
3229	225 
3230	76 
3231	34 
3232	274 
3233	39 
3234	210 
3235	116 
3236	75 
3237	351 
3238	361 
3239	231 
3240	156 
3241	280 
3242	16 
3243	93 
3244	223 
3245	170 
3246	308 
3247	291 
3248	165 
3249	248 
3250	132 
3251	360 
3252	265 
3253	243 
3254	131 
3255	249 
3256	372 
3257	155 
3258	39 
3259	356 
3260	289 
3261	248 
3262	136 
3263	260 
3264	121 
3265	158 
3266	84 
3267	125 
3268	55 
3269	120 
3270	359 
3271	163 
3272	72 
3273	16 
3274	2 
3275	344 
3276	111 
3277	206 
3278	308 
3279	274 
3280	229 
3281	369 
3282	91 
3283	306 
3284	208 
3285	49 
3286	321 
3287	88 
3288	127 
3289	217 
3290	110 
3291	308 
3292	35 
3293	315 
3294	357 
3295	264 
3296	82 
3297	243 
3298	241 
3299	141 
3300	219 
3301	304 
3302	58 
3303	266 
3304	341 
3305	63 
3306	127 
3307	209 
3308	293 
3309	350 
3310	194 
3311	114 
3312	131 
3313	131 
3314	246 
3315	105 
3316	213 
3317	359 
3318	374 
3319	273 
3320	141 
3321	194 
3322	178 
3323	334 
3324	104 
3325	47 
3326	157 
3327	166 
3328	49 
3329	29 
3330	339 
3331	57 
3332	300 
3333	347 
3334	26 
3335	163 
3336	217 
3337	43 
3338	243 
3339	282 
3340	160 
3341	50 
3342	328 
3343	267 
3344	346 
3345	270 
3346	144 
3347	341 
3348	11 
3349	108 
3350	18 
3351	106 
3352	305 
3353	241 
3354	142 
3355	341 
3356	153 
3357	178 
3358	66 
3359	54 
3360	1 
3361	221 
3362	336 
3363	185 
3364	44 
3365	352 
3366	125 
3367	202 
3368	264 
3369	165 
3370	33 
3371	157 
3372	61 
3373	184 
3374	167 
3375	98 
3376	196 
3377	159 
3378	151 
3379	38 
3380	345 
3381	106 
3382	213 
3383	102 
3384	102 
3385	68 
3386	244 
3387	307 
3388	245 
3389	269 
3390	268 
3391	50 
3392	266 
3393	44 
3394	1 
3395	51 
3396	9 
3397	259 
3398	267 
3399	303 
3400	338 
3401	365 
3402	178 
3403	80 
3404	173 
3405	322 
3406	99 
3407	355 
3408	267 
3409	308 
3410	223 
3411	21 
3412	142 
3413	184 
3414	175 
3415	361 
3416	151 
3417	45 
3418	369 
3419	260 
3420	326 
3421	120 
3422	304 
3423	219 
3424	38 
3425	302 
3426	65 
3427	2 
3428	233 
3429	285 
3430	182 
3431	35 
3432	214 
3433	178 
3434	190 
3435	327 
3436	58 
3437	359 
3438	15 
3439	100 
3440	100 
3441	58 
3442	345 
3443	281 
3444	279 
3445	151 
3446	231 
3447	296 
3448	58 
3449	182 
3450	23 
3451	44 
3452	215 
3453	263 
3454	81 
3455	64 
3456	142 
3457	250 
3458	137 
3459	326 
3460	289 
3461	307 
3462	214 
3463	169 
3464	152 
3465	358 
3466	200 
3467	208 
3468	33 
3469	218 
3470	4 
3471	238 
3472	70 
3473	199 
3474	9 
3475	158 
3476	352 
3477	56 
3478	258 
3479	152 
3480	363 
3481	9 
3482	218 
3483	341 
3484	38 
3485	48 
3486	15 
3487	193 
3488	78 
3489	213 
3490	311 
3491	310 
3492	356 
3493	259 
3494	94 
3495	245 
3496	54 
3497	337 
3498	136 
3499	185 
3500	351 
3501	381 
3502	284 
3503	293 
3504	37 
3505	326 
3506	129 
3507	207 
3508	125 
3509	115 
3510	130 
3511	371 
3512	203 
3513	12 
3514	257 
3515	93 
3516	287 
3517	354 
3518	356 
3519	248 
3520	18 
3521	99 
3522	41 
3523	55 
3524	373 
3525	158 
3526	155 
3527	266 
3528	223 
3529	226 
3530	348 
3531	205 
3532	243 
3533	100 
3534	14 
3535	290 
3536	294 
3537	376 
3538	294 
3539	248 
3540	334 
3541	305 
3542	5 
3543	199 
3544	221 
3545	279 
3546	15 
3547	32 
3548	15 
3549	101 
3550	245 
3551	110 
3552	92 
3553	67 
3554	104 
3555	69 
3556	160 
3557	65 
3558	258 
3559	295 
3560	172 
3561	227 
3562	41 
3563	317 
3564	212 
3565	65 
3566	340 
3567	303 
3568	216 
3569	257 
3570	307 
3571	200 
3572	112 
3573	301 
3574	191 
3575	132 
3576	301 
3577	195 
3578	183 
3579	294 
3580	353 
3581	228 
3582	212 
3583	350 
3584	132 
3585	243 
3586	210 
3587	244 
3588	371 
3589	221 
3590	338 
3591	41 
3592	200 
3593	142 
3594	172 
3595	112 
3596	16 
3597	58 
3598	317 
3599	39 
3600	319 
3601	226 
3602	186 
3603	57 
3604	295 
3605	162 
3606	357 
3607	356 
3608	49 
3609	356 
3610	142 
3611	293 
3612	316 
3613	165 
3614	205 
3615	92 
3616	153 
3617	169 
3618	134 
3619	159 
3620	34 
3621	338 
3622	264 
3623	89 
3624	345 
3625	326 
3626	350 
3627	99 
3628	117 
3629	262 
3630	180 
3631	208 
3632	354 
3633	170 
3634	287 
3635	198 
3636	256 
3637	308 
3638	153 
3639	265 
3640	72 
3641	145 
3642	154 
3643	173 
3644	44 
3645	166 
3646	187 
3647	233 
3648	72 
3649	116 
3650	89 
3651	276 
3652	102 
3653	290 
3654	121 
3655	106 
3656	86 
3657	146 
3658	136 
3659	73 
3660	161 
3661	178 
3662	105 
3663	156 
3664	54 
3665	19 
3666	57 
3667	114 
3668	271 
3669	75 
3670	37 
3671	304 
3672	47 
3673	62 
3674	165 
3675	237 
3676	85 
3677	215 
3678	190 
3679	113 
3680	316 
3681	182 
3682	81 
3683	326 
3684	332 
3685	259 
3686	208 
3687	14 
3688	200 
3689	76 
3690	14 
3691	285 
3692	181 
3693	241 
3694	302 
3695	334 
3696	94 
3697	112 
3698	47 
3699	34 
3700	120 
3701	191 
3702	53 
3703	4 
3704	28 
3705	54 
3706	282 
3707	191 
3708	374 
3709	192 
3710	167 
3711	31 
3712	19 
3713	26 
3714	183 
3715	48 
3716	24 
3717	213 
3718	228 
3719	37 
3720	289 
3721	81 
3722	198 
3723	98 
3724	44 
3725	265 
3726	365 
3727	341 
3728	153 
3729	342 
3730	1 
3731	35 
3732	150 
3733	291 
3734	59 
3735	352 
3736	34 
3737	277 
3738	153 
3739	26 
3740	365 
3741	159 
3742	91 
3743	5 
3744	331 
3745	280 
3746	128 
3747	170 
3748	91 
3749	174 
3750	370 
3751	284 
3752	322 
3753	187 
3754	214 
3755	371 
3756	41 
3757	162 
3758	366 
3759	323 
3760	363 
3761	52 
3762	233 
3763	81 
3764	133 
3765	373 
3766	147 
3767	231 
3768	271 
3769	364 
3770	131 
3771	87 
3772	243 
3773	70 
3774	295 
3775	22 
3776	271 
3777	158 
3778	32 
3779	168 
3780	287 
3781	326 
3782	36 
3783	140 
3784	144 
3785	297 
3786	300 
3787	186 
3788	16 
3789	138 
3790	237 
3791	159 
3792	207 
3793	54 
3794	366 
3795	322 
3796	344 
3797	76 
3798	248 
3799	251 
3800	290 
3801	47 
3802	200 
3803	56 
3804	185 
3805	246 
3806	26 
3807	349 
3808	130 
3809	139 
3810	151 
3811	290 
3812	281 
3813	163 
3814	14 
3815	1 
3816	3 
3817	120 
3818	177 
3819	279 
3820	381 
3821	194 
3822	326 
3823	18 
3824	165 
3825	365 
3826	191 
3827	331 
3828	4 
3829	317 
3830	333 
3831	141 
3832	187 
3833	44 
3834	228 
3835	159 
3836	35 
3837	212 
3838	2 
3839	322 
3840	194 
3841	262 
3842	153 
3843	180 
3844	279 
3845	156 
3846	78 
3847	76 
3848	251 
3849	294 
3850	100 
3851	241 
3852	361 
3853	157 
3854	267 
3855	105 
3856	90 
3857	90 
3858	244 
3859	165 
3860	308 
3861	76 
3862	18 
3863	252 
3864	308 
3865	25 
3866	222 
3867	328 
3868	53 
3869	119 
3870	230 
3871	149 
3872	212 
3873	46 
3874	322 
3875	187 
3876	344 
3877	239 
3878	22 
3879	265 
3880	210 
3881	230 
3882	36 
3883	307 
3884	121 
3885	246 
3886	22 
3887	305 
3888	310 
3889	200 
3890	299 
3891	215 
3892	205 
3893	141 
3894	105 
3895	200 
3896	44 
3897	106 
3898	5 
3899	290 
3900	182 
3901	355 
3902	67 
3903	76 
3904	136 
3905	257 
3906	19 
3907	273 
3908	35 
3909	37 
3910	264 
3911	100 
3912	346 
3913	38 
3914	363 
3915	190 
3916	153 
3917	60 
3918	42 
3919	381 
3920	117 
3921	110 
3922	125 
3923	294 
3924	60 
3925	259 
3926	205 
3927	180 
3928	373 
3929	39 
3930	47 
3931	166 
3932	215 
3933	278 
3934	50 
3935	70 
3936	100 
3937	277 
3938	353 
3939	256 
3940	291 
3941	319 
3942	34 
3943	237 
3944	376 
3945	208 
3946	365 
3947	265 
3948	152 
3949	170 
3950	29 
3951	249 
3952	356 
3953	273 
3954	2 
3955	124 
3956	36 
3957	73 
3958	76 
3959	371 
3960	172 
3961	337 
3962	138 
3963	106 
3964	306 
3965	106 
3966	223 
3967	51 
3968	26 
3969	257 
3970	141 
3971	70 
3972	99 
3973	145 
3974	364 
3975	36 
3976	356 
3977	239 
3978	290 
3979	249 
3980	106 
3981	357 
3982	64 
3983	164 
3984	316 
3985	284 
3986	289 
3987	182 
3988	178 
3989	317 
3990	39 
3991	341 
3992	180 
3993	262 
3994	44 
3995	326 
3996	370 
3997	304 
3998	64 
3999	243 
4000	319 
4001	143 
4002	59 
4003	244 
4004	113 
4005	245 
4006	23 
4007	223 
4008	154 
4009	178 
4010	373 
4011	59 
4012	105 
4013	338 
4014	132 
4015	309 
4016	194 
4017	294 
4018	356 
4019	133 
4020	239 
4021	156 
4022	320 
4023	3 
4024	159 
4025	2 
4026	151 
4027	177 
4028	236 
4029	263 
4030	98 
4031	144 
4032	159 
4033	18 
4034	60 
4035	38 
4036	286 
4037	357 
4038	212 
4039	121 
4040	349 
4041	39 
4042	290 
4043	248 
4044	180 
4045	246 
4046	18 
4047	1 
4048	137 
4049	368 
4050	331 
4051	374 
4052	303 
4053	13 
4054	178 
4055	304 
4056	8 
4057	65 
4058	132 
4059	58 
4060	131 
4061	337 
4062	186 
4063	5 
4064	246 
4065	124 
4066	52 
4067	244 
4068	53 
4069	131 
4070	65 
4071	98 
4072	331 
4073	231 
4074	145 
4075	276 
4076	241 
4077	358 
4078	301 
4079	99 
4080	78 
4081	121 
4082	242 
4083	322 
4084	109 
4085	169 
4086	199 
4087	169 
4088	35 
4089	255 
4090	363 
4091	87 
4092	59 
4093	366 
4094	132 
4095	288 
4096	215 
4097	14 
4098	160 
4099	272 
4100	130 
4101	13 
4102	194 
4103	167 
4104	121 
4105	264 
4106	305 
4107	343 
4108	359 
4109	290 
4110	123 
4111	276 
4112	288 
4113	291 
4114	59 
4115	248 
4116	281 
4117	35 
4118	1 
4119	137 
4120	204 
4121	372 
4122	367 
4123	326 
4124	306 
4125	194 
4126	265 
4127	34 
4128	111 
4129	218 
4130	248 
4131	156 
4132	200 
4133	24 
4134	193 
4135	76 
4136	174 
4137	58 
4138	157 
4139	34 
4140	381 
4141	133 
4142	117 
4143	156 
4144	89 
4145	40 
4146	305 
4147	86 
4148	124 
4149	88 
4150	163 
4151	16 
4152	16 
4153	129 
4154	320 
4155	208 
4156	237 
4157	291 
4158	367 
4159	187 
4160	132 
4161	200 
4162	151 
4163	11 
4164	124 
4165	240 
4166	120 
4167	131 
4168	151 
4169	304 
4170	240 
4171	156 
4172	156 
4173	71 
4174	303 
4175	51 
4176	239 
4177	277 
4178	41 
4179	27 
4180	209 
4181	223 
4182	287 
4183	34 
4184	187 
4185	105 
4186	259 
4187	51 
4188	181 
4189	257 
4190	370 
4191	210 
4192	208 
4193	166 
4194	331 
4195	100 
4196	142 
4197	379 
4198	305 
4199	120 
4200	9 
4201	316 
4202	169 
4203	324 
4204	16 
4205	206 
4206	181 
4207	359 
4208	56 
4209	19 
4210	236 
4211	183 
4212	354 
4213	213 
4214	355 
4215	153 
4216	233 
4217	31 
4218	373 
4219	63 
4220	293 
4221	116 
4222	51 
4223	18 
4224	352 
4225	273 
4226	361 
4227	261 
4228	95 
4229	240 
4230	103 
4231	26 
4232	254 
4233	88 
4234	2 
4235	287 
4236	9 
4237	166 
4238	145 
4239	107 
4240	151 
4241	32 
4242	228 
4243	1 
4244	10 
4245	41 
4246	291 
4247	314 
4248	182 
4249	278 
4250	2 
4251	350 
4252	38 
4253	335 
4254	44 
4255	9 
4256	328 
4257	150 
4258	7 
4259	304 
4260	142 
4261	216 
4262	194 
4263	14 
4264	228 
4265	59 
4266	27 
4267	67 
4268	161 
4269	134 
4270	211 
4271	100 
4272	253 
4273	106 
4274	306 
4275	182 
4276	247 
4277	369 
4278	250 
4279	187 
4280	339 
4281	98 
4282	227 
4283	317 
4284	168 
4285	38 
4286	62 
4287	105 
4288	178 
4289	209 
4290	367 
4291	159 
4292	153 
4293	137 
4294	372 
4295	3 
4296	369 
4297	169 
4298	132 
4299	128 
4300	210 
4301	182 
4302	47 
4303	335 
4304	113 
4305	326 
4306	45 
4307	70 
4308	36 
4309	276 
4310	2 
4311	253 
4312	10 
4313	290 
4314	17 
4315	63 
4316	265 
4317	263 
4318	198 
4319	299 
4320	197 
4321	32 
4322	130 
4323	132 
4324	228 
4325	262 
4326	264 
4327	319 
4328	241 
4329	350 
4330	241 
4331	317 
4332	98 
4333	57 
4334	320 
4335	178 
4336	173 
4337	327 
4338	81 
4339	57 
4340	177 
4341	5 
4342	244 
4343	10 
4344	15 
4345	12 
4346	125 
4347	90 
4348	192 
4349	183 
4350	355 
4351	157 
4352	7 
4353	236 
4354	143 
4355	210 
4356	326 
4357	170 
4358	113 
4359	94 
4360	355 
4361	125 
4362	373 
4363	194 
4364	133 
4365	67 
4366	14 
4367	40 
4368	186 
4369	35 
4370	300 
4371	231 
4372	122 
4373	27 
4374	218 
4375	156 
4376	13 
4377	59 
4378	212 
4379	370 
4380	288 
4381	100 
4382	136 
4383	354 
4384	178 
4385	331 
4386	75 
4387	137 
4388	169 
4389	138 
4390	200 
4391	140 
4392	350 
4393	307 
4394	30 
4395	153 
4396	286 
4397	93 
4398	44 
4399	155 
4400	370 
4401	64 
4402	66 
4403	310 
4404	151 
4405	219 
4406	44 
4407	271 
4408	356 
4409	199 
4410	76 
4411	367 
4412	293 
4413	44 
4414	200 
4415	322 
4416	328 
4417	7 
4418	277 
4419	271 
4420	122 
4421	49 
4422	334 
4423	92 
4424	196 
4425	12 
4426	273 
4427	59 
4428	185 
4429	16 
4430	215 
4431	132 
4432	233 
4433	185 
4434	278 
4435	190 
4436	149 
4437	244 
4438	88 
4439	213 
4440	79 
4441	182 
4442	25 
4443	141 
4444	133 
4445	248 
4446	99 
4447	64 
4448	57 
4449	251 
4450	22 
4451	242 
4452	86 
4453	110 
4454	360 
4455	243 
4456	31 
4457	357 
4458	324 
4459	186 
4460	348 
4461	315 
4462	269 
4463	91 
4464	244 
4465	18 
4466	94 
4467	187 
4468	220 
4469	331 
4470	199 
4471	51 
4472	67 
4473	92 
4474	22 
4475	288 
4476	159 
4477	170 
4478	137 
4479	293 
4480	137 
4481	65 
4482	127 
4483	339 
4484	341 
4485	360 
4486	207 
4487	186 
4488	20 
4489	287 
4490	322 
4491	200 
4492	106 
4493	275 
4494	167 
4495	317 
4496	51 
4497	49 
4498	97 
4499	51 
4500	131 
4501	224 
4502	210 
4503	341 
4504	89 
4505	295 
4506	249 
4507	308 
4508	322 
4509	78 
4510	240 
4511	31 
4512	103 
4513	112 
4514	285 
4515	211 
4516	194 
4517	342 
4518	2 
4519	89 
4520	193 
4521	156 
4522	13 
4523	248 
4524	165 
4525	274 
4526	53 
4527	40 
4528	263 
4529	346 
4530	1 
4531	3 
4532	314 
4533	109 
4534	337 
4535	128 
4536	187 
4537	192 
4538	51 
4539	210 
4540	363 
4541	44 
4542	164 
4543	362 
4544	22 
4545	44 
4546	154 
4547	76 
4548	21 
4549	54 
4550	119 
4551	360 
4552	167 
4553	173 
4554	331 
4555	314 
4556	36 
4557	291 
4558	206 
4559	36 
4560	122 
4561	43 
4562	339 
4563	108 
4564	169 
4565	350 
4566	131 
4567	372 
4568	172 
4569	213 
4570	249 
4571	16 
4572	128 
4573	313 
4574	244 
4575	142 
4576	151 
4577	231 
4578	216 
4579	338 
4580	128 
4581	153 
4582	304 
4583	80 
4584	187 
4585	214 
4586	134 
4587	172 
4588	339 
4589	314 
4590	260 
4591	241 
4592	308 
4593	264 
4594	210 
4595	137 
4596	80 
4597	296 
4598	74 
4599	151 
4600	160 
4601	223 
4602	357 
4603	365 
4604	373 
4605	78 
4606	15 
4607	175 
4608	166 
4609	32 
4610	367 
4611	70 
4612	304 
4613	33 
4614	191 
4615	50 
4616	102 
4617	20 
4618	19 
4619	35 
4620	341 
4621	274 
4622	76 
4623	313 
4624	225 
4625	39 
4626	78 
4627	307 
4628	158 
4629	74 
4630	14 
4631	367 
4632	328 
4633	305 
4634	239 
4635	141 
4636	266 
4637	9 
4638	4 
4639	169 
4640	165 
4641	78 
4642	59 
4643	214 
4644	369 
4645	64 
4646	121 
4647	158 
4648	124 
4649	89 
4650	349 
4651	333 
4652	20 
4653	169 
4654	181 
4655	2 
4656	321 
4657	192 
4658	143 
4659	109 
4660	35 
4661	204 
4662	128 
4663	89 
4664	291 
4665	59 
4666	126 
4667	258 
4668	128 
4669	151 
4670	10 
4671	197 
4672	4 
4673	208 
4674	243 
4675	5 
4676	165 
4677	373 
4678	307 
4679	250 
4680	142 
4681	155 
4682	42 
4683	167 
4684	187 
4685	137 
4686	232 
4687	304 
4688	165 
4689	65 
4690	343 
4691	51 
4692	58 
4693	4 
4694	16 
4695	45 
4696	241 
4697	194 
4698	215 
4699	374 
4700	165 
4701	23 
4702	328 
4703	5 
4704	334 
4705	151 
4706	291 
4707	120 
4708	262 
4709	56 
4710	9 
4711	104 
4712	341 
4713	243 
4714	373 
4715	350 
4716	319 
4717	196 
4718	153 
4719	159 
4720	105 
4721	344 
4722	338 
4723	178 
4724	341 
4725	243 
4726	278 
4727	5 
4728	74 
4729	250 
4730	278 
4731	43 
4732	77 
4733	82 
4734	104 
4735	125 
4736	373 
4737	60 
4738	135 
4739	59 
4740	305 
4741	47 
4742	9 
4743	279 
4744	215 
4745	381 
4746	31 
4747	360 
4748	284 
4749	128 
4750	60 
4751	56 
4752	122 
4753	191 
4754	3 
4755	221 
4756	180 
4757	21 
4758	105 
4759	276 
4760	222 
4761	35 
4762	195 
4763	44 
4764	155 
4765	225 
4766	120 
4767	147 
4768	142 
4769	175 
4770	214 
4771	231 
4772	358 
4773	128 
4774	255 
4775	295 
4776	341 
4777	291 
4778	126 
4779	208 
4780	301 
4781	165 
4782	312 
4783	94 
4784	125 
4785	116 
4786	186 
4787	116 
4788	376 
4789	241 
4790	30 
4791	290 
4792	260 
4793	180 
4794	276 
4795	42 
4796	236 
4797	83 
4798	22 
4799	261 
4800	76 
4801	44 
4802	224 
4803	365 
4804	153 
4805	309 
4806	340 
4807	306 
4808	57 
4809	229 
4810	142 
4811	159 
4812	294 
4813	344 
4814	227 
4815	268 
4816	186 
4817	38 
4818	225 
4819	52 
4820	295 
4821	77 
4822	373 
4823	226 
4824	191 
4825	291 
4826	294 
4827	278 
4828	4 
4829	284 
4830	37 
4831	16 
4832	172 
4833	114 
4834	41 
4835	58 
4836	369 
4837	346 
4838	76 
4839	4 
4840	354 
4841	131 
4842	320 
4843	144 
4844	308 
4845	208 
4846	315 
4847	302 
4848	315 
4849	243 
4850	227 
4851	86 
4852	96 
4853	312 
4854	250 
4855	173 
4856	54 
4857	322 
4858	102 
4859	82 
4860	253 
4861	38 
4862	87 
4863	265 
4864	121 
4865	278 
4866	366 
4867	34 
4868	180 
4869	140 
4870	20 
4871	316 
4872	132 
4873	375 
4874	168 
4875	169 
4876	290 
4877	244 
4878	329 
4879	146 
4880	244 
4881	278 
4882	349 
4883	142 
4884	225 
4885	269 
4886	293 
4887	149 
4888	29 
4889	317 
4890	131 
4891	337 
4892	142 
4893	225 
4894	169 
4895	2 
4896	6 
4897	304 
4898	60 
4899	336 
4900	5 
4901	131 
4902	307 
4903	190 
4904	295 
4905	16 
4906	153 
4907	381 
4908	196 
4909	104 
4910	239 
4911	105 
4912	36 
4913	172 
4914	11 
4915	29 
4916	137 
4917	94 
4918	178 
4919	350 
4920	216 
4921	313 
4922	2 
4923	362 
4924	132 
4925	350 
4926	128 
4927	43 
4928	280 
4929	49 
4930	290 
4931	76 
4932	258 
4933	187 
4934	119 
4935	85 
4936	337 
4937	114 
4938	210 
4939	51 
4940	305 
4941	101 
4942	38 
4943	194 
4944	162 
4945	182 
4946	296 
4947	252 
4948	165 
4949	52 
4950	364 
4951	97 
4952	302 
4953	140 
4954	243 
4955	113 
4956	199 
4957	210 
4958	211 
4959	222 
4960	130 
4961	314 
4962	172 
4963	366 
4964	356 
4965	117 
4966	244 
4967	49 
4968	327 
4969	296 
4970	169 
4971	128 
4972	208 
4973	232 
4974	309 
4975	216 
4976	309 
4977	233 
4978	227 
4979	293 
4980	326 
4981	248 
4982	89 
4983	44 
4984	340 
4985	54 
4986	63 
4987	257 
4988	283 
4989	147 
4990	356 
4991	155 
4992	281 
4993	180 
4994	65 
4995	359 
4996	356 
4997	314 
4998	313 
4999	136 
5000	36 
5001	314 
5002	187 
5003	356 
5004	4 
5005	261 
5006	131 
5007	159 
5008	321 
5009	231 
5010	115 
5011	331 
5012	223 
5013	199 
5014	263 
5015	281 
5016	282 
5017	98 
5018	38 
5019	205 
5020	9 
5021	126 
5022	290 
5023	353 
5024	300 
5025	75 
5026	60 
5027	3 
5028	359 
5029	306 
5030	354 
5031	131 
5032	156 
5033	178 
5034	274 
5035	132 
5036	10 
5037	229 
5038	153 
5039	367 
5040	56 
5041	22 
5042	117 
5043	228 
5044	31 
5045	185 
5046	98 
5047	30 
5048	370 
5049	76 
5050	243 
5051	213 
5052	38 
5053	17 
5054	373 
5055	264 
5056	122 
5057	367 
5058	339 
5059	318 
5060	290 
5061	25 
5062	149 
5063	119 
5064	286 
5065	52 
5066	35 
5067	76 
5068	134 
5069	16 
5070	107 
5071	325 
5072	144 
5073	132 
5074	104 
5075	241 
5076	293 
5077	12 
5078	327 
5079	270 
5080	343 
5081	314 
5082	9 
5083	186 
5084	134 
5085	37 
5086	230 
5087	38 
5088	279 
5089	247 
5090	343 
5091	354 
5092	312 
5093	31 
5094	39 
5095	39 
5096	216 
5097	31 
5098	133 
5099	83 
5100	60 
5101	2 
5102	305 
5103	124 
5104	276 
5105	125 
5106	36 
5107	345 
5108	270 
5109	331 
5110	100 
5111	219 
5112	231 
5113	226 
5114	82 
5115	94 
5116	60 
5117	142 
5118	153 
5119	159 
5120	342 
5121	39 
5122	151 
5123	316 
5124	201 
5125	340 
5126	60 
5127	113 
5128	145 
5129	14 
5130	9 
5131	373 
5132	16 
5133	167 
5134	118 
5135	155 
5136	359 
5137	36 
5138	199 
5139	164 
5140	73 
5141	145 
5142	113 
5143	303 
5144	190 
5145	132 
5146	130 
5147	177 
5148	381 
5149	289 
5150	339 
5151	283 
5152	320 
5153	212 
5154	214 
5155	308 
5156	128 
5157	105 
5158	217 
5159	214 
5160	9 
5161	368 
5162	357 
5163	290 
5164	354 
5165	252 
5166	13 
5167	353 
5168	326 
5169	16 
5170	309 
5171	32 
5172	315 
5173	191 
5174	98 
5175	210 
5176	132 
5177	122 
5178	312 
5179	98 
5180	257 
5181	172 
5182	49 
5183	349 
5184	166 
5185	278 
5186	302 
5187	81 
5188	301 
5189	241 
5190	131 
5191	185 
5192	133 
5193	328 
5194	222 
5195	282 
5196	165 
5197	358 
5198	338 
5199	121 
5200	18 
5201	353 
5202	309 
5203	293 
5204	241 
5205	41 
5206	306 
5207	290 
5208	217 
5209	159 
5210	171 
5211	215 
5212	36 
5213	159 
5214	163 
5215	236 
5216	132 
5217	200 
5218	4 
5219	253 
5220	92 
5221	208 
5222	209 
5223	167 
5224	17 
5225	307 
5226	34 
5227	62 
5228	372 
5229	307 
5230	240 
5231	34 
5232	380 
5233	321 
5234	370 
5235	366 
5236	116 
5237	317 
5238	307 
5239	100 
5240	268 
5241	103 
5242	97 
5243	330 
5244	122 
5245	124 
5246	250 
5247	187 
5248	282 
5249	16 
5250	310 
5251	142 
5252	142 
5253	25 
5254	130 
5255	65 
5256	51 
5257	367 
5258	230 
5259	200 
5260	132 
5261	96 
5262	38 
5263	47 
5264	165 
5265	117 
5266	161 
5267	77 
5268	15 
5269	16 
5270	119 
5271	381 
5272	170 
5273	10 
5274	31 
5275	367 
5276	344 
5277	375 
5278	265 
5279	188 
5280	116 
5281	176 
5282	171 
5283	142 
5284	278 
5285	257 
5286	138 
5287	193 
5288	341 
5289	145 
5290	107 
5291	250 
5292	163 
5293	16 
5294	36 
5295	97 
5296	92 
5297	21 
5298	97 
5299	12 
5300	264 
5301	9 
5302	67 
5303	346 
5304	371 
5305	213 
5306	243 
5307	369 
5308	122 
5309	352 
5310	201 
5311	56 
5312	16 
5313	10 
5314	165 
5315	216 
5316	108 
5317	19 
5318	324 
5319	196 
5320	83 
5321	300 
5322	38 
5323	34 
5324	295 
5325	215 
5326	182 
5327	49 
5328	134 
5329	283 
5330	269 
5331	305 
5332	280 
5333	196 
5334	274 
5335	64 
5336	47 
5337	365 
5338	155 
5339	153 
5340	264 
5341	4 
5342	320 
5343	39 
5344	264 
5345	258 
5346	189 
5347	208 
5348	77 
5349	327 
5350	38 
5351	334 
5352	88 
5353	119 
5354	122 
5355	30 
5356	105 
5357	264 
5358	208 
5359	373 
5360	225 
5361	75 
5362	243 
5363	337 
5364	200 
5365	376 
5366	117 
5367	172 
5368	208 
5369	168 
5370	184 
5371	280 
5372	37 
5373	51 
5374	295 
5375	224 
5376	135 
5377	115 
5378	338 
5379	123 
5380	178 
5381	191 
5382	12 
5383	325 
5384	295 
5385	265 
5386	34 
5387	248 
5388	191 
5389	69 
5390	62 
5391	92 
5392	65 
5393	180 
5394	42 
5395	189 
5396	100 
5397	94 
5398	307 
5399	158 
5400	184 
5401	53 
5402	370 
5403	257 
5404	302 
5405	158 
5406	223 
5407	291 
5408	360 
5409	325 
5410	157 
5411	232 
5412	276 
5413	57 
5414	113 
5415	232 
5416	208 
5417	171 
5418	244 
5419	242 
5420	355 
5421	22 
5422	224 
5423	159 
5424	167 
5425	216 
5426	98 
5427	17 
5428	191 
5429	356 
5430	64 
5431	358 
5432	344 
5433	184 
5434	39 
5435	112 
5436	182 
5437	289 
5438	373 
5439	200 
5440	245 
5441	11 
5442	200 
5443	167 
5444	35 
5445	27 
5446	336 
5447	105 
5448	185 
5449	169 
5450	354 
5451	133 
5452	119 
5453	49 
5454	309 
5455	224 
5456	97 
5457	200 
5458	294 
5459	328 
5460	82 
5461	199 
5462	246 
5463	338 
5464	200 
5465	81 
5466	365 
5467	250 
5468	85 
5469	369 
5470	9 
5471	337 
5472	326 
5473	264 
5474	186 
5475	311 
5476	286 
5477	192 
5478	335 
5479	194 
5480	374 
5481	197 
5482	136 
5483	207 
5484	172 
5485	105 
5486	33 
5487	153 
5488	259 
5489	128 
5490	294 
5491	15 
5492	266 
5493	22 
5494	19 
5495	105 
5496	314 
5497	82 
5498	228 
5499	217 
5500	29 
5501	81 
5502	144 
5503	154 
5504	165 
5505	250 
5506	18 
5507	182 
5508	93 
5509	341 
5510	5 
5511	227 
5512	304 
5513	145 
5514	137 
5515	258 
5516	31 
5517	19 
5518	22 
5519	163 
5520	187 
5521	252 
5522	373 
5523	165 
5524	354 
5525	78 
5526	304 
5527	212 
5528	317 
5529	12 
5530	251 
5531	315 
5532	210 
5533	311 
5534	238 
5535	210 
5536	8 
5537	184 
5538	166 
5539	41 
5540	47 
5541	27 
5542	199 
5543	137 
5544	294 
5545	319 
5546	369 
5547	81 
5548	34 
5549	318 
5550	163 
5551	301 
5552	114 
5553	112 
5554	116 
5555	349 
5556	30 
5557	9 
5558	369 
5559	97 
5560	225 
5561	96 
5562	116 
5563	113 
5564	210 
5565	35 
5566	18 
5567	223 
5568	110 
5569	132 
5570	10 
5571	199 
5572	144 
5573	151 
5574	140 
5575	369 
5576	205 
5577	69 
5578	279 
5579	278 
5580	248 
5581	219 
5582	62 
5583	165 
5584	284 
5585	365 
5586	171 
5587	247 
5588	77 
5589	246 
5590	11 
5591	381 
5592	240 
5593	235 
5594	178 
5595	356 
5596	210 
5597	122 
5598	297 
5599	87 
5600	100 
5601	374 
5602	280 
5603	116 
5604	284 
5605	75 
5606	346 
5607	350 
5608	19 
5609	325 
5610	266 
5611	179 
5612	168 
5613	307 
5614	5 
5615	243 
5616	51 
5617	137 
5618	189 
5619	182 
5620	301 
5621	212 
5622	213 
5623	153 
5624	369 
5625	128 
5626	309 
5627	251 
5628	18 
5629	243 
5630	317 
5631	337 
5632	328 
5633	322 
5634	73 
5635	320 
5636	221 
5637	12 
5638	244 
5639	103 
5640	96 
5641	57 
5642	275 
5643	281 
5644	75 
5645	104 
5646	279 
5647	235 
5648	162 
5649	359 
5650	15 
5651	21 
5652	335 
5653	110 
5654	83 
5655	221 
5656	113 
5657	65 
5658	81 
5659	305 
5660	308 
5661	248 
5662	105 
5663	49 
5664	244 
5665	243 
5666	339 
5667	33 
5668	194 
5669	287 
5670	320 
5671	113 
5672	178 
5673	278 
5674	103 
5675	159 
5676	350 
5677	131 
5678	154 
5679	326 
5680	343 
5681	100 
5682	373 
5683	185 
5684	380 
5685	284 
5686	341 
5687	35 
5688	135 
5689	145 
5690	82 
5691	324 
5692	328 
5693	178 
5694	306 
5695	305 
5696	200 
5697	142 
5698	179 
5699	165 
5700	344 
5701	19 
5702	76 
5703	320 
5704	339 
5705	47 
5706	137 
5707	278 
5708	315 
5709	321 
5710	89 
5711	243 
5712	308 
5713	194 
5714	41 
5715	371 
5716	147 
5717	208 
5718	121 
5719	60 
5720	240 
5721	36 
5722	221 
5723	326 
5724	244 
5725	322 
5726	16 
5727	311 
5728	16 
5729	346 
5730	279 
5731	199 
5732	213 
5733	290 
5734	229 
5735	348 
5736	153 
5737	232 
5738	327 
5739	274 
5740	9 
5741	17 
5742	360 
5743	194 
5744	78 
5745	339 
5746	208 
5747	182 
5748	364 
5749	128 
5750	178 
5751	365 
5752	307 
5753	165 
5754	265 
5755	191 
5756	285 
5757	191 
5758	320 
5759	300 
5760	373 
5761	265 
5762	221 
5763	327 
5764	241 
5765	13 
5766	102 
5767	154 
5768	365 
5769	164 
5770	305 
5771	76 
5772	369 
5773	225 
5774	211 
5775	262 
5776	356 
5777	276 
5778	182 
5779	209 
5780	304 
5781	97 
5782	60 
5783	291 
5784	306 
5785	153 
5786	105 
5787	69 
5788	137 
5789	47 
5790	353 
5791	39 
5792	54 
5793	309 
5794	41 
5795	158 
5796	202 
5797	339 
5798	85 
5799	286 
5800	31 
5801	184 
5802	4 
5803	76 
5804	31 
5805	64 
5806	346 
5807	2 
5808	343 
5809	157 
5810	44 
5811	12 
5812	182 
5813	290 
5814	125 
5815	310 
5816	125 
5817	101 
5818	322 
5819	55 
5820	109 
5821	228 
5822	177 
5823	331 
5824	371 
5825	31 
5826	336 
5827	321 
5828	67 
5829	22 
5830	301 
5831	105 
5832	380 
5833	307 
5834	324 
5835	50 
5836	179 
5837	243 
5838	31 
5839	255 
5840	339 
5841	194 
5842	369 
5843	327 
5844	305 
5845	181 
5846	113 
5847	128 
5848	39 
5849	269 
5850	359 
5851	16 
5852	286 
5853	376 
5854	308 
5855	317 
5856	282 
5857	45 
5858	212 
5859	327 
5860	36 
5861	328 
5862	225 
5863	15 
5864	356 
5865	320 
5866	50 
5867	215 
5868	201 
5869	157 
5870	161 
5871	244 
5872	59 
5873	246 
5874	59 
5875	189 
5876	320 
5877	180 
5878	158 
5879	178 
5880	178 
5881	39 
5882	83 
5883	200 
5884	76 
5885	40 
5886	47 
5887	232 
5888	80 
5889	354 
5890	187 
5891	370 
5892	191 
5893	49 
5894	276 
5895	156 
5896	109 
5897	138 
5898	17 
5899	20 
5900	128 
5901	243 
5902	315 
5903	128 
5904	194 
5905	100 
5906	81 
5907	169 
5908	177 
5909	169 
5910	215 
5911	319 
5912	291 
5913	223 
5914	357 
5915	178 
5916	181 
5917	156 
5918	94 
5919	175 
5920	252 
5921	33 
5922	13 
5923	199 
5924	326 
5925	338 
5926	221 
5927	266 
5928	49 
5929	200 
5930	177 
5931	356 
5932	53 
5933	328 
5934	231 
5935	124 
5936	153 
5937	199 
5938	283 
5939	373 
5940	194 
5941	355 
5942	137 
5943	255 
5944	17 
5945	241 
5946	52 
5947	105 
5948	35 
5949	36 
5950	215 
5951	70 
5952	355 
5953	130 
5954	169 
5955	159 
5956	250 
5957	206 
5958	204 
5959	308 
5960	25 
5961	29 
5962	290 
5963	81 
5964	289 
5965	9 
5966	144 
5967	304 
5968	1 
5969	162 
5970	217 
5971	47 
5972	156 
5973	213 
5974	247 
5975	324 
5976	182 
5977	121 
5978	17 
5979	19 
5980	41 
5981	290 
5982	305 
5983	357 
5984	350 
5985	308 
5986	247 
5987	156 
5988	365 
5989	54 
5990	134 
5991	232 
5992	200 
5993	330 
5994	284 
5995	100 
5996	303 
5997	307 
5998	363 
5999	309 
6000	365 
6001	130 
6002	293 
6003	57 
6004	5 
6005	199 
6006	114 
6007	374 
6008	191 
6009	358 
6010	41 
6011	151 
6012	6 
6013	121 
6014	241 
6015	327 
6016	338 
6017	172 
6018	363 
6019	164 
6020	130 
6021	280 
6022	69 
6023	327 
6024	284 
6025	306 
6026	105 
6027	125 
6028	142 
6029	354 
6030	315 
6031	128 
6032	336 
6033	204 
6034	355 
6035	356 
6036	98 
6037	364 
6038	121 
6039	104 
6040	159 
6041	199 
6042	221 
6043	264 
6044	302 
6045	56 
6046	357 
6047	101 
6048	75 
6049	334 
6050	78 
6051	364 
6052	227 
6053	54 
6054	84 
6055	359 
6056	306 
6057	278 
6058	44 
6059	86 
6060	35 
6061	93 
6062	196 
6063	98 
6064	9 
6065	216 
6066	333 
6067	294 
6068	100 
6069	334 
6070	59 
6071	22 
6072	339 
6073	355 
6074	210 
6075	287 
6076	331 
6077	315 
6078	317 
6079	346 
6080	171 
6081	36 
6082	160 
6083	326 
6084	100 
6085	76 
6086	336 
6087	369 
6088	73 
6089	153 
6090	105 
6091	9 
6092	30 
6093	212 
6094	128 
6095	39 
6096	303 
6097	14 
6098	210 
6099	14 
6100	213 
6101	331 
6102	185 
6103	27 
6104	367 
6105	58 
6106	202 
6107	122 
6108	80 
6109	189 
6110	322 
6111	165 
6112	181 
6113	334 
6114	348 
6115	153 
6116	196 
6117	145 
6118	373 
6119	34 
6120	283 
6121	207 
6122	179 
6123	39 
6124	320 
6125	251 
6126	345 
6127	136 
6128	328 
6129	171 
6130	104 
6131	306 
6132	131 
6133	172 
6134	354 
6135	178 
6136	78 
6137	15 
6138	235 
6139	244 
6140	33 
6141	191 
6142	23 
6143	181 
6144	263 
6145	287 
6146	253 
6147	305 
6148	40 
6149	18 
6150	122 
6151	355 
6152	187 
6153	85 
6154	38 
6155	27 
6156	90 
6157	34 
6158	244 
6159	119 
6160	145 
6161	279 
6162	112 
6163	158 
6164	329 
6165	213 
6166	211 
6167	365 
6168	210 
6169	106 
6170	257 
6171	202 
6172	127 
6173	17 
6174	306 
6175	249 
6176	284 
6177	231 
6178	2 
6179	372 
6180	19 
6181	325 
6182	110 
6183	72 
6184	257 
6185	36 
6186	320 
6187	187 
6188	321 
6189	355 
6190	117 
6191	116 
6192	17 
6193	376 
6194	60 
6195	212 
6196	43 
6197	11 
6198	83 
6199	291 
6200	246 
6201	9 
6202	271 
6203	97 
6204	161 
6205	165 
6206	47 
6207	105 
6208	200 
6209	187 
6210	343 
6211	229 
6212	141 
6213	194 
6214	76 
6215	105 
6216	128 
6217	232 
6218	324 
6219	51 
6220	187 
6221	136 
6222	78 
6223	146 
6224	320 
6225	214 
6226	279 
6227	159 
6228	367 
6229	310 
6230	53 
6231	263 
6232	7 
6233	12 
6234	165 
6235	380 
6236	116 
6237	76 
6238	354 
6239	197 
6240	365 
6241	275 
6242	375 
6243	316 
6244	320 
6245	244 
6246	217 
6247	356 
6248	261 
6249	18 
6250	172 
6251	261 
6252	350 
6253	149 
6254	137 
6255	22 
6256	199 
6257	1 
6258	94 
6259	269 
6260	373 
6261	87 
6262	119 
6263	194 
6264	320 
6265	263 
6266	38 
6267	157 
6268	199 
6269	178 
6270	44 
6271	303 
6272	306 
6273	253 
6274	266 
6275	370 
6276	314 
6277	376 
6278	258 
6279	178 
6280	355 
6281	33 
6282	132 
6283	279 
6284	178 
6285	369 
6286	186 
6287	380 
6288	368 
6289	246 
6290	136 
6291	243 
6292	155 
6293	182 
6294	229 
6295	36 
6296	113 
6297	354 
6298	324 
6299	308 
6300	278 
6301	23 
6302	162 
6303	103 
6304	336 
6305	306 
6306	373 
6307	99 
6308	265 
6309	227 
6310	171 
6311	290 
6312	199 
6313	344 
6314	167 
6315	283 
6316	118 
6317	224 
6318	279 
6319	261 
6320	304 
6321	96 
6322	328 
6323	186 
6324	173 
6325	362 
6326	365 
6327	145 
6328	120 
6329	354 
6330	303 
6331	10 
6332	81 
6333	284 
6334	353 
6335	210 
6336	349 
6337	230 
6338	370 
6339	182 
6340	35 
6341	125 
6342	305 
6343	186 
6344	208 
6345	161 
6346	22 
6347	39 
6348	82 
6349	200 
6350	315 
6351	145 
6352	371 
6353	64 
6354	16 
6355	136 
6356	265 
6357	155 
6358	44 
6359	81 
6360	136 
6361	31 
6362	305 
6363	107 
6364	5 
6365	290 
6366	92 
6367	7 
6368	381 
6369	36 
6370	79 
6371	149 
6372	125 
6373	112 
6374	327 
6375	153 
6376	284 
6377	113 
6378	15 
6379	215 
6380	274 
6381	291 
6382	364 
6383	193 
6384	210 
6385	64 
6386	126 
6387	138 
6388	375 
6389	69 
6390	156 
6391	104 
6392	54 
6393	303 
6394	165 
6395	214 
6396	284 
6397	158 
6398	231 
6399	1 
6400	22 
6401	138 
6402	263 
6403	355 
6404	106 
6405	165 
6406	177 
6407	199 
6408	82 
6409	121 
6410	264 
6411	159 
6412	271 
6413	167 
6414	104 
6415	10 
6416	2 
6417	84 
6418	223 
6419	88 
6420	341 
6421	67 
6422	173 
6423	20 
6424	191 
6425	92 
6426	214 
6427	348 
6428	151 
6429	128 
6430	237 
6431	11 
6432	355 
6433	137 
6434	357 
6435	355 
6436	49 
6437	32 
6438	338 
6439	238 
6440	151 
6441	380 
6442	161 
6443	370 
6444	303 
6445	295 
6446	19 
6447	183 
6448	16 
6449	380 
6450	159 
6451	197 
6452	322 
6453	18 
6454	329 
6455	167 
6456	121 
6457	16 
6458	327 
6459	264 
6460	82 
6461	161 
6462	362 
6463	227 
6464	195 
6465	132 
6466	146 
6467	23 
6468	356 
6469	70 
6470	327 
6471	168 
6472	59 
6473	196 
6474	119 
6475	1 
6476	101 
6477	71 
6478	137 
6479	15 
6480	339 
6481	322 
6482	45 
6483	71 
6484	232 
6485	195 
6486	331 
6487	293 
6488	179 
6489	210 
6490	132 
6491	94 
6492	186 
6493	293 
6494	217 
6495	137 
6496	31 
6497	287 
6498	54 
6499	366 
6500	333 
6501	170 
6502	47 
6503	194 
6504	118 
6505	349 
6506	333 
6507	13 
6508	373 
6509	82 
6510	1 
6511	324 
6512	252 
6513	290 
6514	157 
6515	30 
6516	295 
6517	76 
6518	171 
6519	100 
6520	96 
6521	138 
6522	56 
6523	243 
6524	90 
6525	120 
6526	137 
6527	93 
6528	214 
6529	368 
6530	211 
6531	356 
6532	258 
6533	76 
6534	131 
6535	137 
6536	166 
6537	100 
6538	357 
6539	263 
6540	213 
6541	381 
6542	155 
6543	106 
6544	155 
6545	291 
6546	211 
6547	142 
6548	328 
6549	81 
6550	168 
6551	355 
6552	368 
6553	285 
6554	128 
6555	328 
6556	153 
6557	13 
6558	121 
6559	96 
6560	210 
6561	260 
6562	359 
6563	210 
6564	173 
6565	36 
6566	291 
6567	47 
6568	70 
6569	264 
6570	97 
6571	60 
6572	284 
6573	39 
6574	130 
6575	20 
6576	3 
6577	35 
6578	165 
6579	181 
6580	72 
6581	291 
6582	144 
6583	301 
6584	336 
6585	54 
6586	243 
6587	276 
6588	2 
6589	327 
6590	304 
6591	182 
6592	17 
6593	98 
6594	170 
6595	304 
6596	116 
6597	60 
6598	204 
6599	276 
6600	341 
6601	335 
6602	199 
6603	308 
6604	145 
6605	230 
6606	195 
6607	302 
6608	373 
6609	326 
6610	264 
6611	224 
6612	349 
6613	163 
6614	103 
6615	186 
6616	154 
6617	90 
6618	274 
6619	262 
6620	347 
6621	16 
6622	185 
6623	302 
6624	260 
6625	127 
6626	214 
6627	101 
6628	47 
6629	175 
6630	165 
6631	248 
6632	44 
6633	185 
6634	30 
6635	10 
6636	8 
6637	125 
6638	290 
6639	145 
6640	76 
6641	262 
6642	178 
6643	3 
6644	151 
6645	92 
6646	369 
6647	221 
6648	211 
6649	37 
6650	322 
6651	376 
6652	121 
6653	9 
6654	35 
6655	160 
6656	39 
6657	231 
6658	130 
6659	75 
6660	326 
6661	326 
6662	49 
6663	176 
6664	98 
6665	156 
6666	145 
6667	44 
6668	144 
6669	113 
6670	13 
6671	137 
6672	1 
6673	236 
6674	2 
6675	157 
6676	75 
6677	87 
6678	167 
6679	296 
6680	284 
6681	15 
6682	186 
6683	31 
6684	369 
6685	369 
6686	250 
6687	265 
6688	189 
6689	22 
6690	186 
6691	305 
6692	167 
6693	210 
6694	47 
6695	78 
6696	76 
6697	13 
6698	333 
6699	371 
6700	295 
6701	169 
6702	102 
6703	172 
6704	291 
6705	375 
6706	32 
6707	26 
6708	88 
6709	51 
6710	9 
6711	120 
6712	196 
6713	100 
6714	326 
6715	263 
6716	162 
6717	145 
6718	374 
6719	346 
6720	31 
6721	142 
6722	329 
6723	294 
6724	130 
6725	265 
6726	177 
6727	158 
6728	244 
6729	118 
6730	39 
6731	100 
6732	110 
6733	300 
6734	116 
6735	169 
6736	112 
6737	194 
6738	244 
6739	132 
6740	163 
6741	142 
6742	169 
6743	10 
6744	178 
6745	51 
6746	373 
6747	76 
6748	330 
6749	316 
6750	93 
6751	349 
6752	250 
6753	215 
6754	156 
6755	53 
6756	286 
6757	213 
6758	285 
6759	274 
6760	49 
6761	187 
6762	32 
6763	16 
6764	341 
6765	232 
6766	317 
6767	151 
6768	229 
6769	9 
6770	31 
6771	326 
6772	345 
6773	107 
6774	131 
6775	104 
6776	138 
6777	208 
6778	130 
6779	381 
6780	275 
6781	5 
6782	2 
6783	22 
6784	335 
6785	291 
6786	36 
6787	22 
6788	125 
6789	231 
6790	279 
6791	370 
6792	196 
6793	58 
6794	32 
6795	334 
6796	337 
6797	278 
6798	315 
6799	78 
6800	200 
6801	303 
6802	336 
6803	133 
6804	22 
6805	22 
6806	324 
6807	117 
6808	260 
6809	72 
6810	199 
6811	248 
6812	284 
6813	120 
6814	119 
6815	151 
6816	102 
6817	169 
6818	64 
6819	258 
6820	16 
6821	31 
6822	211 
6823	54 
6824	344 
6825	250 
6826	159 
6827	375 
6828	122 
6829	176 
6830	308 
6831	22 
6832	295 
6833	67 
6834	289 
6835	217 
6836	3 
6837	154 
6838	357 
6839	30 
6840	15 
6841	370 
6842	60 
6843	249 
6844	34 
6845	136 
6846	190 
6847	348 
6848	166 
6849	322 
6850	159 
6851	20 
6852	315 
6853	11 
6854	328 
6855	36 
6856	275 
6857	103 
6858	191 
6859	100 
6860	105 
6861	18 
6862	356 
6863	260 
6864	8 
6865	250 
6866	70 
6867	11 
6868	131 
6869	365 
6870	328 
6871	227 
6872	239 
6873	306 
6874	286 
6875	200 
6876	62 
6877	245 
6878	47 
6879	381 
6880	363 
6881	35 
6882	355 
6883	39 
6884	364 
6885	166 
6886	344 
6887	213 
6888	359 
6889	304 
6890	244 
6891	126 
6892	94 
6893	372 
6894	304 
6895	304 
6896	355 
6897	169 
6898	336 
6899	371 
6900	16 
6901	180 
6902	9 
6903	344 
6904	169 
6905	76 
6906	6 
6907	244 
6908	175 
6909	207 
6910	249 
6911	105 
6912	113 
6913	70 
6914	34 
6915	9 
6916	350 
6917	231 
6918	116 
6919	322 
6920	5 
6921	15 
6922	18 
6923	355 
6924	326 
6925	4 
6926	262 
6927	369 
6928	365 
6929	365 
6930	287 
6931	266 
6932	381 
6933	278 
6934	138 
6935	305 
6936	40 
6937	13 
6938	62 
6939	142 
6940	359 
6941	337 
6942	293 
6943	166 
6944	366 
6945	106 
6946	264 
6947	65 
6948	341 
6949	1 
6950	181 
6951	258 
6952	264 
6953	365 
6954	355 
6955	362 
6956	248 
6957	357 
6958	35 
6959	186 
6960	182 
6961	80 
6962	290 
6963	236 
6964	142 
6965	225 
6966	294 
6967	252 
6968	49 
6969	171 
6970	164 
6971	156 
6972	183 
6973	167 
6974	317 
6975	357 
6976	136 
6977	47 
6978	92 
6979	214 
6980	180 
6981	274 
6982	113 
6983	303 
6984	62 
6985	279 
6986	5 
6987	306 
6988	184 
6989	106 
6990	244 
6991	64 
6992	164 
6993	136 
6994	16 
6995	200 
6996	232 
6997	306 
6998	276 
6999	167 
7000	380 
7001	34 
7002	169 
7003	130 
7004	196 
7005	165 
7006	1 
7007	70 
7008	133 
7009	308 
7010	100 
7011	315 
7012	231 
7013	306 
7014	291 
7015	49 
7016	304 
7017	35 
7018	43 
7019	58 
7020	15 
7021	44 
7022	103 
7023	34 
7024	60 
7025	163 
7026	200 
7027	45 
7028	331 
7029	58 
7030	326 
7031	105 
7032	169 
7033	37 
7034	265 
7035	137 
7036	195 
7037	122 
7038	109 
7039	306 
7040	184 
7041	265 
7042	11 
7043	291 
7044	355 
7045	371 
7046	76 
7047	208 
7048	105 
7049	202 
7050	58 
7051	227 
7052	199 
7053	289 
7054	11 
7055	146 
7056	306 
7057	214 
7058	105 
7059	341 
7060	350 
7061	151 
7062	195 
7063	253 
7064	145 
7065	213 
7066	210 
7067	246 
7068	127 
7069	365 
7070	164 
7071	180 
7072	363 
7073	194 
7074	307 
7075	38 
7076	47 
7077	248 
7078	208 
7079	264 
7080	179 
7081	64 
7082	116 
7083	232 
7084	296 
7085	145 
7086	183 
7087	159 
7088	86 
7089	112 
7090	125 
7091	274 
7092	51 
7093	77 
7094	257 
7095	36 
7096	92 
7097	62 
7098	146 
7099	326 
7100	225 
7101	126 
7102	35 
7103	278 
7104	326 
7105	185 
7106	19 
7107	159 
7108	160 
7109	142 
7110	34 
7111	97 
7112	153 
7113	41 
7114	363 
7115	169 
7116	374 
7117	326 
7118	159 
7119	373 
7120	4 
7121	364 
7122	253 
7123	337 
7124	200 
7125	88 
7126	264 
7127	49 
7128	279 
7129	51 
7130	245 
7131	15 
7132	253 
7133	213 
7134	364 
7135	9 
7136	245 
7137	238 
7138	17 
7139	172 
7140	11 
7141	317 
7142	133 
7143	51 
7144	316 
7145	133 
7146	376 
7147	193 
7148	341 
7149	356 
7150	373 
7151	125 
7152	117 
7153	357 
7154	122 
7155	22 
7156	375 
7157	142 
7158	365 
7159	186 
7160	350 
7161	156 
7162	365 
7163	248 
7164	317 
7165	191 
7166	171 
7167	22 
7168	291 
7169	248 
7170	212 
7171	177 
7172	284 
7173	230 
7174	105 
7175	210 
7176	184 
7177	194 
7178	295 
7179	32 
7180	245 
7181	373 
7182	239 
7183	229 
7184	304 
7185	115 
7186	166 
7187	1 
7188	371 
7189	179 
7190	22 
7191	241 
7192	291 
7193	39 
7194	221 
7195	76 
7196	208 
7197	56 
7198	36 
7199	356 
7200	35 
7201	355 
7202	202 
7203	22 
7204	243 
7205	223 
7206	40 
7207	213 
7208	370 
7209	249 
7210	45 
7211	33 
7212	343 
7213	303 
7214	327 
7215	212 
7216	110 
7217	306 
7218	194 
7219	281 
7220	202 
7221	373 
7222	176 
7223	199 
7224	195 
7225	356 
7226	327 
7227	238 
7228	317 
7229	213 
7230	9 
7231	182 
7232	98 
7233	64 
7234	137 
7235	357 
7236	58 
7237	155 
7238	49 
7239	16 
7240	276 
7241	117 
7242	231 
7243	194 
7244	191 
7245	162 
7246	155 
7247	371 
7248	263 
7249	182 
7250	31 
7251	341 
7252	12 
7253	355 
7254	265 
7255	118 
7256	160 
7257	278 
7258	36 
7259	83 
7260	98 
7261	293 
7262	12 
7263	62 
7264	241 
7265	173 
7266	31 
7267	194 
7268	265 
7269	151 
7270	133 
7271	39 
7272	58 
7273	244 
7274	191 
7275	308 
7276	159 
7277	290 
7278	355 
7279	128 
7280	231 
7281	326 
7282	134 
7283	31 
7284	199 
7285	281 
7286	31 
7287	182 
7288	137 
7289	249 
7290	359 
7291	128 
7292	335 
7293	5 
7294	102 
7295	53 
7296	225 
7297	224 
7298	249 
7299	236 
7300	339 
7301	151 
7302	274 
7303	132 
7304	185 
7305	320 
7306	286 
7307	301 
7308	354 
7309	304 
7310	102 
7311	365 
7312	314 
7313	120 
7314	106 
7315	128 
7316	341 
7317	296 
7318	138 
7319	9 
7320	334 
7321	180 
7322	284 
7323	11 
7324	338 
7325	141 
7326	296 
7327	104 
7328	19 
7329	160 
7330	137 
7331	245 
7332	350 
7333	368 
7334	337 
7335	248 
7336	355 
7337	83 
7338	213 
7339	160 
7340	59 
7341	339 
7342	217 
7343	250 
7344	159 
7345	175 
7346	225 
7347	39 
7348	53 
7349	163 
7350	303 
7351	286 
7352	296 
7353	176 
7354	322 
7355	153 
7356	64 
7357	56 
7358	229 
7359	124 
7360	359 
7361	94 
7362	376 
7363	96 
7364	166 
7365	369 
7366	125 
7367	250 
7368	67 
7369	224 
7370	101 
7371	208 
7372	193 
7373	165 
7374	285 
7375	32 
7376	121 
7377	212 
7378	29 
7379	171 
7380	120 
7381	364 
7382	131 
7383	357 
7384	159 
7385	49 
7386	359 
7387	176 
7388	116 
7389	229 
7390	232 
7391	138 
7392	117 
7393	263 
7394	76 
7395	22 
7396	258 
7397	306 
7398	208 
7399	77 
7400	300 
7401	243 
7402	10 
7403	250 
7404	58 
7405	6 
7406	291 
7407	212 
7408	211 
7409	232 
7410	97 
7411	208 
7412	207 
7413	121 
7414	82 
7415	181 
7416	178 
7417	81 
7418	338 
7419	78 
7420	30 
7421	291 
7422	372 
7423	153 
7424	233 
7425	39 
7426	223 
7427	137 
7428	348 
7429	128 
7430	8 
7431	343 
7432	213 
7433	27 
7434	326 
7435	303 
7436	283 
7437	304 
7438	328 
7439	350 
7440	320 
7441	257 
7442	137 
7443	86 
7444	237 
7445	153 
7446	110 
7447	205 
7448	9 
7449	214 
7450	244 
7451	322 
7452	49 
7453	306 
7454	65 
7455	137 
7456	180 
7457	121 
7458	1 
7459	202 
7460	229 
7461	131 
7462	171 
7463	81 
7464	65 
7465	18 
7466	246 
7467	363 
7468	1 
7469	365 
7470	181 
7471	321 
7472	263 
7473	291 
7474	262 
7475	156 
7476	9 
7477	187 
7478	326 
7479	118 
7480	187 
7481	6 
7482	81 
7483	36 
7484	151 
7485	159 
7486	106 
7487	180 
7488	229 
7489	121 
7490	16 
7491	249 
7492	142 
7493	290 
7494	9 
7495	326 
7496	131 
7497	78 
7498	194 
7499	338 
7500	221 
7501	213 
7502	113 
7503	364 
7504	113 
7505	210 
7506	200 
7507	2 
7508	86 
7509	113 
7510	239 
7511	16 
7512	187 
7513	125 
7514	329 
7515	103 
7516	92 
7517	212 
7518	15 
7519	9 
7520	246 
7521	54 
7522	301 
7523	181 
7524	49 
7525	159 
7526	12 
7527	69 
7528	59 
7529	223 
7530	363 
7531	94 
7532	329 
7533	124 
7534	261 
7535	34 
7536	221 
7537	263 
7538	142 
7539	26 
7540	151 
7541	258 
7542	22 
7543	327 
7544	205 
7545	159 
7546	295 
7547	15 
7548	303 
7549	200 
7550	177 
7551	353 
7552	15 
7553	10 
7554	104 
7555	81 
7556	193 
7557	47 
7558	2 
7559	172 
7560	350 
7561	357 
7562	263 
7563	44 
7564	9 
7565	314 
7566	128 
7567	18 
7568	205 
7569	207 
7570	81 
7571	125 
7572	287 
7573	109 
7574	213 
7575	35 
7576	172 
7577	172 
7578	195 
7579	341 
7580	265 
7581	280 
7582	261 
7583	368 
7584	365 
7585	356 
7586	348 
7587	207 
7588	169 
7589	240 
7590	71 
7591	181 
7592	131 
7593	16 
7594	101 
7595	172 
7596	4 
7597	223 
7598	165 
7599	104 
7600	62 
7601	98 
7602	1 
7603	221 
7604	60 
7605	287 
7606	356 
7607	374 
7608	327 
7609	155 
7610	16 
7611	296 
7612	169 
7613	97 
7614	329 
7615	38 
7616	290 
7617	183 
7618	70 
7619	171 
7620	8 
7621	328 
7622	20 
7623	227 
7624	53 
7625	181 
7626	170 
7627	295 
7628	363 
7629	232 
7630	100 
7631	2 
7632	185 
7633	341 
7634	47 
7635	83 
7636	227 
7637	79 
7638	36 
7639	304 
7640	2 
7641	100 
7642	34 
7643	328 
7644	374 
7645	76 
7646	224 
7647	381 
7648	47 
7649	200 
7650	145 
7651	162 
7652	56 
7653	365 
7654	324 
7655	49 
7656	328 
7657	180 
7658	36 
7659	308 
7660	64 
7661	205 
7662	248 
7663	96 
7664	156 
7665	365 
7666	180 
7667	2 
7668	375 
7669	375 
7670	80 
7671	79 
7672	258 
7673	14 
7674	283 
7675	17 
7676	306 
7677	102 
7678	362 
7679	208 
7680	134 
7681	326 
7682	266 
7683	329 
7684	131 
7685	96 
7686	231 
7687	243 
7688	125 
7689	284 
7690	291 
7691	47 
7692	100 
7693	51 
7694	344 
7695	266 
7696	116 
7697	82 
7698	9 
7699	41 
7700	182 
7701	31 
7702	258 
7703	30 
7704	193 
7705	96 
7706	20 
7707	118 
7708	354 
7709	102 
7710	329 
7711	98 
7712	104 
7713	263 
7714	82 
7715	49 
7716	12 
7717	157 
7718	227 
7719	349 
7720	283 
7721	178 
7722	199 
7723	136 
7724	165 
7725	306 
7726	145 
7727	120 
7728	336 
7729	177 
7730	184 
7731	100 
7732	17 
7733	199 
7734	369 
7735	212 
7736	117 
7737	233 
7738	246 
7739	1 
7740	306 
7741	327 
7742	182 
7743	321 
7744	121 
7745	213 
7746	228 
7747	13 
7748	246 
7749	355 
7750	172 
7751	302 
7752	200 
7753	262 
7754	196 
7755	30 
7756	58 
7757	18 
7758	250 
7759	307 
7760	160 
7761	15 
7762	2 
7763	179 
7764	17 
7765	70 
7766	172 
7767	327 
7768	65 
7769	366 
7770	320 
7771	58 
7772	355 
7773	145 
7774	56 
7775	225 
7776	41 
7777	130 
7778	75 
7779	78 
7780	22 
7781	336 
7782	208 
7783	184 
7784	339 
7785	314 
7786	155 
7787	373 
7788	154 
7789	92 
7790	79 
7791	165 
7792	166 
7793	169 
7794	136 
7795	187 
7796	304 
7797	121 
7798	5 
7799	279 
7800	164 
7801	279 
7802	105 
7803	328 
7804	217 
7805	49 
7806	32 
7807	365 
7808	223 
7809	350 
7810	82 
7811	326 
7812	245 
7813	314 
7814	307 
7815	231 
7816	335 
7817	304 
7818	167 
7819	339 
7820	263 
7821	64 
7822	22 
7823	248 
7824	145 
7825	104 
7826	321 
7827	275 
7828	142 
7829	173 
7830	5 
7831	22 
7832	212 
7833	210 
7834	371 
7835	278 
7836	185 
7837	231 
7838	2 
7839	34 
7840	172 
7841	381 
7842	180 
7843	366 
7844	18 
7845	308 
7846	200 
7847	287 
7848	155 
7849	159 
7850	22 
7851	82 
7852	295 
7853	345 
7854	202 
7855	279 
7856	183 
7857	345 
7858	181 
7859	158 
7860	286 
7861	227 
7862	132 
7863	141 
7864	291 
7865	250 
7866	12 
7867	83 
7868	113 
7869	209 
7870	49 
7871	37 
7872	159 
7873	2 
7874	109 
7875	346 
7876	248 
7877	349 
7878	44 
7879	269 
7880	153 
7881	173 
7882	372 
7883	301 
7884	357 
7885	86 
7886	109 
7887	373 
7888	6 
7889	162 
7890	60 
7891	241 
7892	93 
7893	301 
7894	286 
7895	244 
7896	180 
7897	233 
7898	138 
7899	166 
7900	195 
7901	64 
7902	343 
7903	304 
7904	328 
7905	194 
7906	364 
7907	94 
7908	36 
7909	329 
7910	76 
7911	82 
7912	227 
7913	172 
7914	250 
7915	156 
7916	105 
7917	246 
7918	81 
7919	216 
7920	121 
7921	321 
7922	328 
7923	253 
7924	39 
7925	271 
7926	100 
7927	141 
7928	199 
7929	36 
7930	317 
7931	2 
7932	130 
7933	39 
7934	263 
7935	317 
7936	141 
7937	212 
7938	216 
7939	293 
7940	166 
7941	137 
7942	157 
7943	309 
7944	89 
7945	44 
7946	177 
7947	237 
7948	165 
7949	233 
7950	131 
7951	185 
7952	199 
7953	116 
7954	228 
7955	324 
7956	243 
7957	132 
7958	339 
7959	142 
7960	41 
7961	22 
7962	65 
7963	208 
7964	41 
7965	47 
7966	194 
7967	339 
7968	263 
7969	199 
7970	326 
7971	54 
7972	308 
7973	210 
7974	314 
7975	308 
7976	223 
7977	214 
7978	205 
7979	122 
7980	276 
7981	166 
7982	303 
7983	356 
7984	54 
7985	141 
7986	290 
7987	217 
7988	155 
7989	58 
7990	71 
7991	290 
7992	278 
7993	237 
7994	296 
7995	36 
7996	241 
7997	329 
7998	275 
7999	223 
8000	290 
8001	183 
8002	294 
8003	376 
8004	78 
8005	70 
8006	309 
8007	376 
8008	278 
8009	142 
8010	5 
8011	364 
8012	130 
8013	182 
8014	208 
8015	214 
8016	321 
8017	3 
8018	54 
8019	355 
8020	151 
8021	185 
8022	364 
8023	93 
8024	64 
8025	144 
8026	373 
8027	67 
8028	339 
8029	51 
8030	319 
8031	166 
8032	244 
8033	241 
8034	337 
8035	165 
8036	53 
8037	356 
8038	356 
8039	216 
8040	269 
8041	144 
8042	308 
8043	137 
8044	36 
8045	159 
8046	160 
8047	368 
8048	137 
8049	169 
8050	372 
8051	266 
8052	214 
8053	19 
8054	30 
8055	156 
8056	181 
8057	184 
8058	34 
8059	31 
8060	295 
8061	178 
8062	34 
8063	244 
8064	258 
8065	3 
8066	106 
8067	26 
8068	145 
8069	327 
8070	15 
8071	35 
8072	227 
8073	36 
8074	37 
8075	39 
8076	232 
8077	44 
8078	210 
8079	258 
8080	317 
8081	125 
8082	77 
8083	341 
8084	110 
8085	34 
8086	296 
8087	308 
8088	58 
8089	100 
8090	5 
8091	49 
8092	151 
8093	248 
8094	104 
8095	156 
8096	354 
8097	110 
8098	167 
8099	370 
8100	191 
8101	36 
8102	328 
8103	265 
8104	155 
8105	16 
8106	320 
8107	337 
8108	227 
8109	109 
8110	165 
8111	223 
8112	246 
8113	224 
8114	156 
8115	283 
8116	109 
8117	10 
8118	5 
8119	38 
8120	125 
8121	82 
8122	113 
8123	248 
8124	374 
8125	193 
8126	307 
8127	241 
8128	328 
8129	169 
8130	54 
8131	54 
8132	359 
8133	223 
8134	335 
8135	210 
8136	304 
8137	246 
8138	65 
8139	151 
8140	223 
8141	112 
8142	334 
8143	180 
8144	195 
8145	180 
8146	308 
8147	319 
8148	89 
8149	314 
8150	326 
8151	228 
8152	133 
8153	18 
8154	39 
8155	26 
8156	355 
8157	356 
8158	205 
8159	41 
8160	344 
8161	27 
8162	31 
8163	146 
8164	102 
8165	39 
8166	243 
8167	100 
8168	207 
8169	36 
8170	170 
8171	78 
8172	53 
8173	5 
8174	179 
8175	350 
8176	5 
8177	338 
8178	326 
8179	258 
8180	213 
8181	1 
8182	29 
8183	2 
8184	132 
8185	205 
8186	262 
8187	18 
8188	307 
8189	180 
8190	177 
8191	252 
8192	27 
8193	337 
8194	213 
8195	36 
8196	82 
8197	13 
8198	275 
8199	99 
8200	32 
8201	109 
8202	34 
8203	291 
8204	49 
8205	284 
8206	102 
8207	336 
8208	274 
8209	181 
8210	3 
8211	39 
8212	19 
8213	314 
8214	178 
8215	141 
8216	31 
8217	113 
8218	177 
8219	335 
8220	350 
8221	80 
8222	279 
8223	39 
8224	304 
8225	317 
8226	291 
8227	308 
8228	296 
8229	309 
8230	185 
8231	31 
8232	290 
8233	283 
8234	216 
8235	322 
8236	4 
8237	337 
8238	116 
8239	341 
8240	274 
8241	165 
8242	372 
8243	132 
8244	262 
8245	51 
8246	178 
8247	159 
8248	349 
8249	317 
8250	76 
8251	133 
8252	263 
8253	263 
8254	16 
8255	225 
8256	26 
8257	121 
8258	172 
8259	132 
8260	291 
8261	223 
8262	38 
8263	233 
8264	116 
8265	11 
8266	116 
8267	185 
8268	331 
8269	113 
8270	14 
8271	366 
8272	65 
8273	181 
8274	348 
8275	261 
8276	137 
8277	70 
8278	263 
8279	5 
8280	37 
8281	15 
8282	281 
8283	159 
8284	266 
8285	316 
8286	265 
8287	81 
8288	58 
8289	131 
8290	109 
8291	172 
8292	199 
8293	243 
8294	76 
8295	193 
8296	177 
8297	195 
8298	315 
8299	317 
8300	215 
8301	132 
8302	182 
8303	105 
8304	207 
8305	331 
8306	100 
8307	137 
8308	306 
8309	16 
8310	125 
8311	356 
8312	317 
8313	279 
8314	193 
8315	199 
8316	295 
8317	276 
8318	37 
8319	296 
8320	369 
8321	213 
8322	119 
8323	184 
8324	370 
8325	307 
8326	100 
8327	271 
8328	246 
8329	213 
8330	5 
8331	199 
8332	158 
8333	62 
8334	224 
8335	355 
8336	10 
8337	18 
8338	212 
8339	326 
8340	158 
8341	199 
8342	41 
8343	4 
8344	248 
8345	237 
8346	210 
8347	47 
8348	142 
8349	303 
8350	319 
8351	252 
8352	128 
8353	154 
8354	263 
8355	27 
8356	370 
8357	80 
8358	58 
8359	65 
8360	362 
8361	290 
8362	165 
8363	301 
8364	319 
8365	12 
8366	308 
8367	257 
8368	155 
8369	98 
8370	51 
8371	326 
8372	196 
8373	271 
8374	308 
8375	243 
8376	159 
8377	341 
8378	5 
8379	159 
8380	60 
8381	321 
8382	15 
8383	224 
8384	171 
8385	41 
8386	102 
8387	36 
8388	34 
8389	15 
8390	210 
8391	343 
8392	128 
8393	113 
8394	211 
8395	172 
8396	10 
8397	182 
8398	36 
8399	35 
8400	248 
8401	22 
8402	210 
8403	185 
8404	137 
8405	346 
8406	371 
8407	47 
8408	153 
8409	337 
8410	236 
8411	223 
8412	307 
8413	17 
8414	373 
8415	19 
8416	145 
8417	49 
8418	105 
8419	151 
8420	73 
8421	200 
8422	172 
8423	217 
8424	31 
8425	151 
8426	231 
8427	180 
8428	376 
8429	36 
8430	44 
8431	369 
8432	16 
8433	151 
8434	289 
8435	327 
8436	262 
8437	3 
8438	366 
8439	116 
8440	38 
8441	170 
8442	181 
8443	34 
8444	200 
8445	306 
8446	3 
8447	36 
8448	243 
8449	236 
8450	187 
8451	177 
8452	98 
8453	231 
8454	137 
8455	326 
8456	322 
8457	184 
8458	252 
8459	263 
8460	156 
8461	145 
8462	59 
8463	221 
8464	5 
8465	98 
8466	104 
8467	296 
8468	187 
8469	281 
8470	169 
8471	15 
8472	153 
8473	53 
8474	357 
8475	120 
8476	105 
8477	186 
8478	301 
8479	105 
8480	131 
8481	237 
8482	225 
8483	194 
8484	213 
8485	70 
8486	122 
8487	278 
8488	137 
8489	287 
8490	153 
8491	13 
8492	169 
8493	78 
8494	142 
8495	125 
8496	370 
8497	284 
8498	328 
8499	130 
8500	32 
8501	308 
8502	278 
8503	15 
8504	154 
8505	76 
8506	262 
8507	92 
8508	65 
8509	374 
8510	355 
8511	356 
8512	124 
8513	322 
8514	141 
8515	306 
8516	290 
8517	153 
8518	155 
8519	365 
8520	252 
8521	236 
8522	92 
8523	329 
8524	132 
8525	81 
8526	343 
8527	17 
8528	32 
8529	278 
8530	47 
8531	70 
8532	16 
8533	53 
8534	35 
8535	244 
8536	166 
8537	216 
8538	181 
8539	381 
8540	223 
8541	94 
8542	132 
8543	76 
8544	321 
8545	248 
8546	121 
8547	307 
8548	306 
8549	290 
8550	262 
8551	9 
8552	37 
8553	287 
8554	56 
8555	98 
8556	18 
8557	44 
8558	364 
8559	181 
8560	211 
8561	124 
8562	53 
8563	317 
8564	97 
8565	338 
8566	154 
8567	341 
8568	295 
8569	290 
8570	104 
8571	307 
8572	376 
8573	157 
8574	208 
8575	155 
8576	58 
8577	34 
8578	158 
8579	291 
8580	5 
8581	124 
8582	47 
8583	145 
8584	170 
8585	308 
8586	13 
8587	36 
8588	375 
8589	178 
8590	106 
8591	64 
8592	373 
8593	94 
8594	210 
8595	331 
8596	365 
8597	381 
8598	233 
8599	67 
8600	200 
8601	18 
8602	306 
8603	336 
8604	278 
8605	306 
8606	47 
8607	357 
8608	343 
8609	363 
8610	47 
8611	180 
8612	65 
8613	36 
8614	53 
8615	22 
8616	16 
8617	105 
8618	162 
8619	262 
8620	31 
8621	212 
8622	73 
8623	58 
8624	22 
8625	159 
8626	92 
8627	2 
8628	153 
8629	373 
8630	106 
8631	243 
8632	136 
8633	47 
8634	131 
8635	15 
8636	291 
8637	166 
8638	102 
8639	307 
8640	244 
8641	243 
8642	279 
8643	350 
8644	164 
8645	232 
8646	287 
8647	287 
8648	373 
8649	373 
8650	373 
8651	16 
8652	156 
8653	207 
8654	317 
8655	104 
8656	370 
8657	370 
8658	76 
8659	381 
8660	370 
8661	76 
8662	370 
8663	289 
8664	180 
8665	137 
8666	141 
8667	363 
8668	172 
8669	371 
8670	2 
8671	290 
8672	104 
8673	336 
8674	169 
8675	128 
8676	305 
8677	376 
8678	47 
8679	104 
8680	338 
8681	44 
8682	62 
8683	371 
8684	138 
8685	65 
8686	290 
8687	106 
8688	258 
8689	16 
8690	322 
8691	155 
8692	14 
8693	317 
8694	80 
8695	244 
8696	154 
8697	109 
8698	187 
8699	306 
8700	357 
8701	10 
8702	376 
8703	355 
8704	34 
8705	362 
8706	359 
8707	241 
8708	151 
8709	278 
8710	328 
8711	243 
8712	191 
8713	381 
8714	137 
8715	100 
8716	16 
8717	109 
8718	38 
8719	59 
8720	301 
8721	151 
8722	322 
8723	187 
8724	306 
8725	381 
8726	81 
8727	15 
8728	151 
8729	264 
8730	179 
8731	187 
8732	155 
8733	167 
8734	2 
8735	276 
8736	113 
8737	374 
8738	105 
8739	338 
8740	145 
8741	32 
8742	137 
8743	244 
8744	278 
8745	306 
8746	341 
8747	315 
8748	57 
8749	162 
8750	178 
8751	36 
8752	359 
8753	344 
8754	2 
8755	164 
8756	362 
8757	106 
8758	317 
8759	32 
8760	354 
8761	110 
8762	359 
8763	208 
8764	92 
8765	49 
8766	306 
8767	274 
8768	138 
8769	31 
8770	243 
8771	305 
8772	293 
8773	357 
8774	31 
8775	184 
8776	34 
8777	122 
8778	370 
8779	356 
8780	105 
8781	212 
8782	373 
8783	208 
8784	191 
8785	308 
8786	217 
8787	158 
8788	184 
8789	178 
8790	205 
8791	1 
8792	339 
8793	344 
8794	337 
8795	130 
8796	156 
8797	54 
8798	49 
8799	321 
8800	181 
8801	5 
8802	131 
8803	81 
8804	315 
8805	370 
8806	76 
8807	200 
8808	369 
8809	164 
8810	236 
8811	158 
8812	284 
8813	227 
8814	130 
8815	249 
8816	15 
8817	151 
8818	113 
8819	343 
8820	80 
8821	59 
8822	306 
8823	165 
8824	125 
8825	350 
8826	307 
8827	284 
8828	100 
8829	169 
8830	232 
8831	191 
8832	196 
8833	355 
8834	70 
8835	196 
8836	227 
8837	105 
8838	12 
8839	180 
8840	215 
8841	322 
8842	5 
8843	164 
8844	196 
8845	328 
8846	243 
8847	2 
8848	10 
8849	167 
8850	133 
8851	314 
8852	337 
8853	236 
8854	164 
8855	328 
8856	57 
8857	137 
8858	105 
8859	184 
8860	81 
8861	355 
8862	124 
8863	262 
8864	287 
8865	151 
8866	34 
8867	124 
8868	309 
8869	187 
8870	15 
8871	291 
8872	328 
8873	9 
8874	5 
8875	15 
8876	250 
8877	32 
8878	53 
8879	363 
8880	381 
8881	180 
8882	92 
8883	3 
8884	155 
8885	362 
8886	324 
8887	303 
8888	372 
8889	324 
8890	5 
8891	278 
8892	165 
8893	244 
8894	213 
8895	344 
8896	350 
8897	58 
8898	78 
8899	304 
8900	80 
8901	317 
8902	186 
8903	276 
8904	102 
8905	376 
8906	187 
8907	322 
8908	328 
8909	326 
8910	232 
8911	182 
8912	165 
8913	309 
8914	205 
8915	186 
8916	60 
8917	244 
8918	155 
8919	13 
8920	159 
8921	212 
8922	151 
8923	182 
8924	3 
8925	172 
8926	369 
8927	105 
8928	265 
8929	44 
8930	182 
8931	58 
8932	363 
8933	328 
8934	105 
8935	37 
8936	116 
8937	324 
8938	320 
8939	182 
8940	130 
8941	196 
8942	155 
8943	317 
8944	307 
8945	170 
8946	155 
8947	374 
8948	212 
8949	373 
8950	244 
8951	365 
8952	369 
8953	212 
8954	41 
8955	304 
8956	354 
8957	362 
8958	304 
8959	16 
8960	317 
8961	327 
8962	9 
8963	94 
8964	350 
8965	227 
8966	215 
8967	225 
8968	213 
8969	58 
8970	339 
8971	182 
8972	98 
8973	370 
8974	214 
8975	284 
8976	70 
8977	373 
8978	212 
8979	328 
8980	213 
8981	194 
8982	264 
8983	9 
8984	44 
8985	262 
8986	41 
8987	122 
8988	205 
8989	328 
8990	178 
8991	132 
8992	287 
8993	181 
8994	321 
8995	248 
8996	322 
8997	243 
8998	338 
8999	18 
9000	308 
9001	2 
9002	131 
9003	100 
9004	169 
9005	295 
9006	365 
9007	36 
9008	184 
9009	49 
9010	350 
9011	120 
9012	291 
9013	328 
9014	213 
9015	231 
9016	22 
9017	100 
9018	76 
9019	359 
9020	19 
9021	322 
9022	104 
9023	328 
9024	381 
9025	105 
9026	10 
9027	357 
9028	44 
9029	287 
9030	18 
9031	225 
9032	172 
9033	212 
9034	329 
9035	34 
9036	341 
9037	225 
9038	37 
9039	232 
9040	132 
9041	102 
9042	337 
9043	10 
9044	142 
9045	213 
9046	341 
9047	187 
9048	185 
9049	80 
9050	214 
9051	215 
9052	210 
9053	14 
9054	32 
9055	125 
9056	106 
9057	339 
9058	295 
9059	295 
9060	155 
9061	181 
9062	357 
9063	322 
9064	76 
9065	217 
9066	131 
9067	321 
9068	258 
9069	78 
9070	171 
9071	128 
9072	105 
9073	145 
9074	278 
9075	39 
9076	290 
9077	252 
9078	35 
9079	181 
9080	49 
9081	371 
9082	355 
9083	164 
9084	369 
9085	156 
9086	252 
9087	350 
9088	65 
9089	339 
9090	34 
9091	164 
9092	166 
9093	243 
9094	369 
9095	217 
9096	354 
9097	153 
9098	64 
9099	362 
9100	64 
9101	196 
9102	31 
9103	62 
9104	47 
9105	9 
9106	212 
9107	57 
9108	181 
9109	34 
9110	41 
9111	215 
9112	1 
9113	4 
9114	57 
9115	223 
9116	359 
9117	305 
9118	34 
9119	76 
9120	105 
9121	306 
9122	278 
9123	155 
9124	110 
9125	336 
9126	41 
9127	227 
9128	362 
9129	264 
9130	2 
9131	16 
9132	208 
9133	98 
9134	250 
9135	284 
9136	1 
9137	290 
9138	307 
9139	9 
9140	301 
9141	296 
9142	322 
9143	210 
9144	165 
9145	212 
9146	31 
9147	322 
9148	376 
9149	36 
9150	145 
9151	113 
9152	210 
9153	44 
9154	120 
9155	171 
9156	34 
9157	151 
9158	51 
9159	376 
9160	153 
9161	92 
9162	365 
9163	279 
9164	336 
9165	54 
9166	301 
9167	62 
9168	213 
9169	337 
9170	307 
9171	137 
9172	322 
9173	321 
9174	241 
9175	335 
9176	44 
9177	110 
9178	322 
9179	82 
9180	350 
9181	376 
9182	22 
9183	363 
9184	185 
9185	185 
9186	2 
9187	187 
9188	364 
9189	122 
9190	369 
9191	9 
9192	293 
9193	172 
9194	137 
9195	47 
9196	304 
9197	244 
9198	35 
9199	187 
9200	65 
9201	178 
9202	102 
9203	54 
9204	231 
9205	178 
9206	102 
9207	287 
9208	376 
9209	241 
9210	178 
9211	279 
9212	304 
9213	47 
9214	78 
9215	133 
9216	137 
9217	335 
9218	172 
9219	122 
9220	1 
9221	38 
9222	250 
9223	241 
9224	249 
9225	327 
9226	357 
9227	359 
9228	246 
9229	47 
9230	82 
9231	327 
9232	356 
9233	131 
9234	178 
9235	350 
9236	243 
9237	369 
9238	328 
9239	304 
9240	301 
9241	187 
9242	18 
9243	291 
9244	109 
9245	169 
9246	243 
9247	94 
9248	241 
9249	250 
9250	165 
9251	287 
9252	2 
9253	100 
9254	104 
9255	308 
9256	166 
9257	205 
9258	181 
9259	32 
9260	249 
9261	169 
9262	263 
9263	116 
9264	1 
9265	171 
9266	205 
9267	241 
9268	278 
9269	306 
9270	125 
9271	60 
9272	110 
9273	356 
9274	370 
9275	38 
9276	248 
9277	15 
9278	151 
9279	19 
9280	185 
9281	105 
9282	295 
9283	305 
9284	210 
9285	116 
9286	105 
9287	208 
9288	287 
9289	151 
9290	109 
9291	191 
9292	131 
9293	151 
9294	327 
9295	210 
9296	98 
9297	132 
9298	113 
9299	339 
9300	243 
9301	81 
9302	105 
9303	36 
9304	151 
9305	167 
9306	308 
9307	31 
9308	102 
9309	131 
9310	250 
9311	258 
9312	98 
9313	15 
9314	54 
9315	373 
9316	131 
9317	341 
9318	180 
9319	32 
9320	36 
9321	200 
9322	328 
9323	155 
9324	350 
9325	70 
9326	171 
9327	32 
9328	213 
9329	110 
9330	264 
9331	100 
9332	295 
9333	156 
9334	326 
9335	159 
9336	262 
9337	328 
9338	142 
9339	81 
9340	136 
9341	125 
9342	214 
9343	373 
9344	278 
9345	125 
9346	38 
9347	182 
9348	365 
9349	153 
9350	264 
9351	138 
9352	128 
9353	250 
9354	304 
9355	306 
9356	200 
9357	106 
9358	248 
9359	180 
9360	354 
9361	105 
9362	371 
9363	263 
9364	31 
9365	32 
9366	208 
9367	336 
9368	279 
9369	307 
9370	295 
9371	371 
9372	371 
9373	169 
9374	326 
9375	376 
9376	208 
9377	225 
9378	249 
9379	98 
9380	64 
9381	92 
9382	314 
9383	60 
9384	369 
9385	339 
9386	82 
9387	165 
9388	243 
9389	137 
9390	246 
9391	167 
9392	98 
9393	200 
9394	34 
9395	153 
9396	322 
9397	373 
9398	59 
9399	291 
9400	130 
9401	278 
9402	231 
9403	212 
9404	38 
9405	9 
9406	200 
9407	315 
9408	181 
9409	2 
9410	185 
9411	262 
9412	258 
9413	167 
9414	121 
9415	22 
9416	371 
9417	132 
9418	121 
9419	231 
9420	232 
9421	214 
9422	2 
9423	278 
9424	306 
9425	322 
9426	22 
9427	151 
9428	328 
9429	182 
9430	243 
9431	243 
9432	194 
9433	341 
9434	208 
9435	105 
9436	60 
9437	51 
9438	326 
9439	182 
9440	35 
9441	341 
9442	308 
9443	322 
9444	250 
9445	59 
9446	365 
9447	36 
9448	306 
9449	291 
9450	213 
9451	376 
9452	169 
9453	355 
9454	307 
9455	166 
9456	169 
9457	305 
9458	178 
9459	262 
9460	341 
9461	223 
9462	100 
9463	100 
9464	341 
9465	365 
9466	284 
9467	322 
9468	291 
9469	180 
9470	2 
9471	214 
9472	213 
9473	18 
9474	98 
9475	194 
9476	359 
9477	38 
9478	59 
9479	106 
9480	159 
9481	172 
9482	151 
9483	106 
9484	76 
9485	291 
9486	49 
9487	320 
9488	369 
9489	355 
9490	159 
9491	151 
9492	284 
9493	128 
9494	16 
9495	315 
9496	250 
9497	181 
9498	244 
9499	182 
9500	371 
9501	354 
9502	291 
9503	158 
9504	262 
9505	213 
9506	100 
9507	81 
9508	132 
9509	308 
9510	258 
9511	137 
9512	317 
9513	128 
9514	9 
9515	9 
9516	210 
9517	187 
9518	125 
9519	32 
9520	321 
9521	22 
9522	54 
9523	180 
9524	354 
9525	41 
9526	182 
9527	279 
9528	337 
9529	258 
9530	225 
9531	105 
9532	132 
9533	208 
9534	47 
9535	182 
9536	284 
9537	185 
9538	248 
9539	290 
9540	81 
9541	327 
9542	303 
9543	181 
9544	182 
9545	167 
9546	47 
9547	31 
9548	35 
9549	105 
9550	208 
9551	370 
9552	371 
9553	359 
9554	241 
9555	100 
9556	370 
9557	287 
9558	337 
9559	116 
9560	243 
9561	178 
9562	214 
9563	326 
9564	142 
9565	208 
9566	181 
9567	128 
9568	265 
9569	248 
9570	15 
9571	137 
9572	328 
9573	182 
9574	290 
9575	376 
9576	38 
9577	106 
9578	169 
9579	305 
9580	187 
9581	76 
9582	1 
9583	194 
9584	145 
9585	373 
9586	287 
9587	4 
9588	35 
9589	326 
9590	19 
9591	169 
9592	264 
9593	231 
9594	47 
9595	371 
9596	373 
9597	341 
9598	212 
9599	373 
9600	350 
9601	9 
9602	49 
9603	178 
9604	328 
9605	200 
9606	376 
9607	31 
9608	51 
9609	248 
9610	244 
9611	290 
9612	199 
9613	337 
9614	356 
9615	241 
9616	51 
9617	295 
9618	194 
9619	34 
9620	16 
9621	223 
9622	145 
9623	9 
9624	145 
9625	191 
9626	306 
9627	212 
9628	151 
9629	308 
9630	18 
9631	121 
9632	187 
9633	98 
9634	326 
9635	151 
9636	54 
9637	151 
9638	9 
9639	60 
9640	326 
9641	60 
9642	137 
9643	200 
9644	339 
9645	169 
9646	178 
9647	339 
9648	199 
9649	16 
9650	215 
9651	322 
9652	1 
9653	306 
9654	290 
9655	15 
9656	287 
9657	208 
9658	320 
9659	262 
9660	194 
9661	145 
9662	317 
9663	341 
9664	326 
9665	125 
9666	151 
9667	166 
9668	291 
9669	34 
9670	264 
9671	159 
9672	41 
9673	241 
9674	191 
9675	208 
9676	51 
9677	210 
9678	47 
9679	153 
9680	243 
9681	243 
9682	100 
9683	328 
9684	2 
9685	44 
9686	369 
9687	241 
9688	65 
9689	214 
9690	231 
9691	215 
9692	278 
9693	376 
9694	191 
9695	131 
9696	155 
9697	337 
9698	248 
9699	36 
9700	64 
9701	5 
9702	357 
9703	155 
9704	136 
9705	100 
9706	248 
9707	370 
9708	373 
9709	159 
9710	32 
9711	290 
9712	145 
9713	113 
9714	159 
9715	295 
9716	100 
9717	356 
9718	350 
9719	328 
9720	307 
9721	22 
9722	187 
9723	49 
9724	381 
9725	165 
9726	136 
9727	291 
9728	106 
9729	306 
9730	208 
9731	116 
9732	128 
9733	370 
9734	373 
9735	339 
9736	326 
9737	250 
9738	125 
9739	151 
9740	246 
9741	187 
9742	264 
9743	159 
9744	181 
9745	155 
9746	49 
9747	15 
9748	128 
9749	39 
9750	341 
9751	159 
9752	244 
9753	263 
9754	337 
9755	305 
9756	180 
9757	36 
9758	64 
9759	341 
9760	200 
9761	156 
9762	376 
9763	208 
9764	167 
9765	81 
9766	227 
9767	76 
9768	304 
9769	214 
9770	291 
9771	34 
9772	2 
9773	231 
9774	38 
9775	306 
9776	49 
9777	131 
9778	231 
9779	227 
9780	151 
9781	145 
9782	166 
9783	49 
9784	128 
9785	187 
9786	178 
9787	194 
9788	125 
9789	328 
9790	128 
9791	18 
9792	165 
9793	243 
9794	1 
9795	306 
9796	326 
9797	208 
9798	49 
9799	166 
9800	34 
9801	373 
9802	231 
9803	191 
9804	49 
9805	128 
9806	337 
9807	232 
9808	187 
9809	151 
9810	320 
9811	145 
9812	35 
9813	35 
9814	307 
9815	165 
9816	327 
9817	339 
9818	248 
9819	248 
9820	232 
9821	328 
9822	44 
9823	214 
9824	328 
9825	180 
9826	153 
9827	264 
9828	39 
9829	355 
9830	341 
9831	22 
9832	225 
9833	210 
9834	116 
9835	191 
9836	306 
9837	225 
9838	16 
9839	180 
9840	5 
9841	284 
9842	136 
9843	232 
9844	187 
9845	15 
9846	36 
9847	159 
9848	328 
9849	22 
9850	153 
9851	105 
9852	47 
9853	373 
9854	159 
9855	31 
9856	178 
9857	16 
9858	248 
9859	41 
9860	210 
9861	210 
9862	244 
9863	341 
9864	100 
9865	290 
9866	199 
9867	167 
9868	128 
9869	208 
9870	327 
9871	32 
9872	248 
9873	262 
9874	278 
9875	355 
9876	341 
9877	81 
9878	287 
9879	181 
9880	350 
9881	182 
9882	36 
9883	1 
9884	191 
9885	244 
9886	208 
9887	153 
9888	165 
9889	5 
9890	105 
9891	244 
9892	290 
9893	244 
9894	22 
9895	18 
9896	9 
9897	365 
9898	248 
9899	213 
9900	132 
9901	165 
9902	243 
9903	34 
9904	278 
9905	244 
9906	178 
9907	291 
9908	9 
9909	49 
9910	128 
9911	35 
9912	370 
9913	208 
9914	355 
9915	31 
9916	128 
9917	81 
9918	100 
9919	22 
9920	156 
9921	142 
9922	187 
9923	100 
9924	187 
9925	355 
9926	172 
9927	38 
9928	159 
9929	155 
9930	44 
9931	128 
9932	39 
9933	153 
9934	131 
9935	322 
9936	105 
9937	244 
9938	1 
9939	308 
9940	290 
9941	232 
9942	100 
9943	199 
9944	131 
9945	284 
9946	187 
9947	322 
9948	248 
9949	373 
9950	326 
9951	31 
9952	169 
9953	287 
9954	35 
9955	180 
9956	132 
9957	178 
9958	306 
9959	155 
9960	9 
9961	5 
9962	278 
9963	100 
9964	327 
9965	34 
9966	159 
9967	132 
9968	2 
9969	18 
9970	18 
9971	194 
9972	180 
9973	15 
9974	100 
9975	306 
9976	137 
9977	317 
9978	151 
9979	213 
9980	200 
9981	9 
9982	137 
9983	278 
9984	142 
9985	16 
9986	243 
9987	35 
9988	100 
9989	244 
9990	181 
9991	244 
9992	131 
9993	9 
9994	22 
9995	341 
9996	100 
9997	15 
9998	165 
9999	328 
10000	49 
