1	211 
2	188 
3	232 
4	330 
5	165 
6	253 
7	24 
8	23 
9	302 
10	59 
11	191 
12	340 
13	190 
14	273 
15	243 
16	288 
17	237 
18	307 
19	111 
20	253 
21	276 
22	52 
23	92 
24	171 
25	84 
26	148 
27	18 
28	36 
29	242 
30	228 
31	64 
32	212 
33	224 
34	271 
35	93 
36	252 
37	202 
38	252 
39	178 
40	121 
41	199 
42	182 
43	260 
44	198 
45	29 
46	163 
47	24 
48	114 
49	94 
50	126 
51	13 
52	56 
53	335 
54	15 
55	111 
56	135 
57	342 
58	278 
59	20 
60	299 
61	131 
62	119 
63	30 
64	1 
65	337 
66	155 
67	122 
68	259 
69	205 
70	89 
71	299 
72	175 
73	209 
74	139 
75	278 
76	247 
77	217 
78	337 
79	171 
80	94 
81	243 
82	127 
83	248 
84	119 
85	74 
86	205 
87	90 
88	314 
89	190 
90	16 
91	71 
92	294 
93	76 
94	124 
95	252 
96	254 
97	188 
98	292 
99	100 
100	338 
101	97 
102	134 
103	187 
104	32 
105	201 
106	329 
107	200 
108	188 
109	323 
110	291 
111	83 
112	212 
113	16 
114	198 
115	77 
116	102 
117	77 
118	177 
119	186 
120	55 
121	205 
122	166 
123	333 
124	344 
125	16 
126	93 
127	266 
128	269 
129	120 
130	116 
131	35 
132	254 
133	133 
134	139 
135	287 
136	100 
137	295 
138	139 
139	283 
140	45 
141	262 
142	281 
143	101 
144	300 
145	118 
146	140 
147	151 
148	322 
149	229 
150	164 
151	299 
152	91 
153	206 
154	203 
155	263 
156	302 
157	164 
158	209 
159	195 
160	313 
161	211 
162	350 
163	343 
164	48 
165	82 
166	288 
167	62 
168	10 
169	267 
170	240 
171	339 
172	8 
173	185 
174	283 
175	224 
176	300 
177	238 
178	102 
179	265 
180	269 
181	27 
182	91 
183	309 
184	286 
185	282 
186	147 
187	31 
188	173 
189	84 
190	243 
191	75 
192	265 
193	295 
194	313 
195	282 
196	1 
197	125 
198	287 
199	216 
200	292 
201	86 
202	342 
203	112 
204	210 
205	216 
206	102 
207	44 
208	348 
209	195 
210	236 
211	91 
212	24 
213	9 
214	72 
215	20 
216	49 
217	221 
218	157 
219	335 
220	316 
221	35 
222	192 
223	247 
224	29 
225	57 
226	34 
227	54 
228	103 
229	260 
230	78 
231	25 
232	59 
233	61 
234	4 
235	7 
236	123 
237	134 
238	111 
239	121 
240	249 
241	15 
242	94 
243	326 
244	199 
245	113 
246	43 
247	34 
248	84 
249	211 
250	105 
251	25 
252	67 
253	271 
254	327 
255	345 
256	220 
257	108 
258	84 
259	61 
260	36 
261	44 
262	238 
263	115 
264	156 
265	196 
266	26 
267	279 
268	280 
269	296 
270	295 
271	259 
272	201 
273	230 
274	140 
275	54 
276	208 
277	219 
278	38 
279	227 
280	28 
281	41 
282	220 
283	302 
284	229 
285	282 
286	336 
287	152 
288	30 
289	287 
290	35 
291	46 
292	195 
293	298 
294	342 
295	96 
296	272 
297	26 
298	219 
299	235 
300	282 
301	158 
302	222 
303	74 
304	235 
305	126 
306	90 
307	224 
308	344 
309	143 
310	230 
311	257 
312	99 
313	149 
314	249 
315	218 
316	83 
317	122 
318	344 
319	8 
320	251 
321	85 
322	36 
323	238 
324	23 
325	155 
326	293 
327	329 
328	76 
329	137 
330	157 
331	162 
332	184 
333	306 
334	132 
335	149 
336	198 
337	55 
338	274 
339	1 
340	33 
341	182 
342	291 
343	34 
344	256 
345	230 
346	119 
347	3 
348	91 
349	261 
350	187 
351	50 
352	199 
353	65 
354	332 
355	68 
356	37 
357	40 
358	8 
359	302 
360	10 
361	322 
362	300 
363	91 
364	148 
365	349 
366	239 
367	258 
368	282 
369	180 
370	300 
371	45 
372	238 
373	161 
374	320 
375	16 
376	188 
377	153 
378	40 
379	96 
380	333 
381	84 
382	265 
383	246 
384	182 
385	183 
386	12 
387	129 
388	89 
389	15 
390	47 
391	267 
392	98 
393	304 
394	323 
395	285 
396	133 
397	237 
398	277 
399	302 
400	32 
401	280 
402	200 
403	226 
404	282 
405	109 
406	309 
407	80 
408	344 
409	157 
410	184 
411	156 
412	271 
413	268 
414	156 
415	318 
416	75 
417	78 
418	57 
419	128 
420	260 
421	152 
422	206 
423	230 
424	29 
425	68 
426	59 
427	183 
428	312 
429	84 
430	2 
431	273 
432	249 
433	60 
434	231 
435	229 
436	133 
437	163 
438	46 
439	327 
440	41 
441	220 
442	280 
443	319 
444	109 
445	62 
446	133 
447	113 
448	135 
449	60 
450	310 
451	331 
452	213 
453	180 
454	289 
455	19 
456	80 
457	230 
458	249 
459	182 
460	149 
461	6 
462	51 
463	248 
464	185 
465	45 
466	224 
467	28 
468	331 
469	244 
470	331 
471	302 
472	178 
473	309 
474	70 
475	127 
476	101 
477	184 
478	274 
479	349 
480	148 
481	273 
482	312 
483	99 
484	90 
485	13 
486	114 
487	267 
488	313 
489	132 
490	325 
491	41 
492	90 
493	230 
494	100 
495	287 
496	272 
497	304 
498	140 
499	249 
500	294 
501	343 
502	175 
503	109 
504	24 
505	126 
506	229 
507	215 
508	261 
509	75 
510	142 
511	327 
512	33 
513	225 
514	309 
515	122 
516	146 
517	7 
518	63 
519	238 
520	35 
521	113 
522	315 
523	57 
524	159 
525	152 
526	339 
527	37 
528	80 
529	170 
530	321 
531	212 
532	162 
533	290 
534	128 
535	103 
536	120 
537	342 
538	143 
539	162 
540	334 
541	116 
542	72 
543	267 
544	295 
545	274 
546	116 
547	100 
548	186 
549	146 
550	86 
551	173 
552	135 
553	21 
554	46 
555	65 
556	159 
557	19 
558	104 
559	57 
560	102 
561	5 
562	310 
563	95 
564	13 
565	242 
566	304 
567	222 
568	179 
569	323 
570	140 
571	103 
572	333 
573	90 
574	301 
575	178 
576	239 
577	71 
578	103 
579	143 
580	77 
581	319 
582	297 
583	164 
584	138 
585	82 
586	155 
587	316 
588	90 
589	225 
590	72 
591	308 
592	341 
593	206 
594	233 
595	16 
596	39 
597	183 
598	234 
599	111 
600	87 
601	148 
602	284 
603	59 
604	190 
605	248 
606	239 
607	230 
608	55 
609	336 
610	294 
611	197 
612	154 
613	128 
614	194 
615	244 
616	309 
617	64 
618	13 
619	307 
620	2 
621	92 
622	224 
623	24 
624	56 
625	69 
626	216 
627	272 
628	350 
629	327 
630	276 
631	234 
632	208 
633	268 
634	217 
635	181 
636	268 
637	87 
638	134 
639	69 
640	113 
641	338 
642	127 
643	9 
644	31 
645	141 
646	275 
647	167 
648	301 
649	349 
650	262 
651	331 
652	119 
653	83 
654	192 
655	286 
656	344 
657	338 
658	98 
659	44 
660	339 
661	312 
662	35 
663	110 
664	255 
665	334 
666	330 
667	252 
668	197 
669	204 
670	150 
671	179 
672	148 
673	82 
674	75 
675	50 
676	198 
677	204 
678	177 
679	308 
680	273 
681	16 
682	163 
683	264 
684	342 
685	96 
686	280 
687	2 
688	335 
689	341 
690	110 
691	144 
692	142 
693	39 
694	330 
695	138 
696	263 
697	117 
698	99 
699	298 
700	269 
701	190 
702	220 
703	18 
704	349 
705	66 
706	84 
707	208 
708	341 
709	7 
710	125 
711	58 
712	100 
713	257 
714	177 
715	181 
716	79 
717	93 
718	207 
719	79 
720	115 
721	109 
722	56 
723	191 
724	304 
725	68 
726	155 
727	254 
728	236 
729	183 
730	266 
731	233 
732	60 
733	124 
734	5 
735	335 
736	349 
737	57 
738	33 
739	286 
740	311 
741	49 
742	348 
743	132 
744	327 
745	154 
746	350 
747	164 
748	349 
749	189 
750	320 
751	244 
752	48 
753	80 
754	271 
755	91 
756	334 
757	237 
758	29 
759	264 
760	86 
761	101 
762	247 
763	139 
764	189 
765	238 
766	168 
767	319 
768	142 
769	87 
770	38 
771	75 
772	316 
773	172 
774	183 
775	165 
776	243 
777	313 
778	93 
779	293 
780	227 
781	334 
782	153 
783	283 
784	257 
785	279 
786	162 
787	254 
788	174 
789	337 
790	85 
791	321 
792	248 
793	139 
794	158 
795	186 
796	68 
797	236 
798	131 
799	122 
800	80 
801	303 
802	154 
803	193 
804	58 
805	340 
806	9 
807	13 
808	51 
809	43 
810	132 
811	331 
812	85 
813	178 
814	342 
815	204 
816	122 
817	155 
818	84 
819	304 
820	141 
821	292 
822	133 
823	249 
824	130 
825	305 
826	285 
827	286 
828	209 
829	242 
830	293 
831	309 
832	196 
833	58 
834	27 
835	331 
836	346 
837	327 
838	196 
839	87 
840	197 
841	225 
842	54 
843	144 
844	123 
845	243 
846	204 
847	272 
848	118 
849	159 
850	23 
851	80 
852	25 
853	50 
854	299 
855	294 
856	73 
857	153 
858	153 
859	270 
860	268 
861	173 
862	282 
863	159 
864	106 
865	268 
866	161 
867	121 
868	249 
869	176 
870	149 
871	289 
872	315 
873	349 
874	147 
875	116 
876	193 
877	280 
878	282 
879	54 
880	253 
881	134 
882	175 
883	160 
884	323 
885	89 
886	8 
887	277 
888	223 
889	301 
890	65 
891	238 
892	319 
893	47 
894	193 
895	169 
896	303 
897	284 
898	199 
899	249 
900	258 
901	318 
902	262 
903	169 
904	265 
905	124 
906	250 
907	60 
908	232 
909	76 
910	42 
911	79 
912	82 
913	273 
914	97 
915	311 
916	23 
917	271 
918	5 
919	153 
920	184 
921	156 
922	178 
923	196 
924	266 
925	11 
926	94 
927	341 
928	332 
929	163 
930	188 
931	163 
932	168 
933	288 
934	95 
935	219 
936	185 
937	262 
938	85 
939	37 
940	336 
941	236 
942	36 
943	151 
944	313 
945	193 
946	203 
947	320 
948	192 
949	161 
950	42 
951	65 
952	182 
953	2 
954	279 
955	83 
956	283 
957	228 
958	312 
959	299 
960	292 
961	117 
962	95 
963	296 
964	117 
965	110 
966	332 
967	316 
968	115 
969	321 
970	141 
971	165 
972	52 
973	307 
974	229 
975	139 
976	294 
977	294 
978	267 
979	253 
980	307 
981	222 
982	285 
983	213 
984	208 
985	153 
986	189 
987	192 
988	187 
989	82 
990	84 
991	245 
992	105 
993	104 
994	195 
995	108 
996	215 
997	170 
998	255 
999	37 
1000	2 
1001	277 
1002	189 
1003	243 
1004	334 
1005	143 
1006	301 
1007	124 
1008	72 
1009	120 
1010	12 
1011	244 
1012	149 
1013	45 
1014	339 
1015	150 
1016	238 
1017	263 
1018	245 
1019	345 
1020	20 
1021	221 
1022	140 
1023	67 
1024	148 
1025	199 
1026	321 
1027	91 
1028	155 
1029	34 
1030	91 
1031	324 
1032	223 
1033	294 
1034	53 
1035	273 
1036	237 
1037	102 
1038	254 
1039	336 
1040	167 
1041	189 
1042	322 
1043	96 
1044	280 
1045	223 
1046	77 
1047	269 
1048	297 
1049	115 
1050	263 
1051	294 
1052	318 
1053	324 
1054	18 
1055	283 
1056	40 
1057	311 
1058	320 
1059	250 
1060	272 
1061	217 
1062	328 
1063	123 
1064	46 
1065	136 
1066	171 
1067	165 
1068	250 
1069	134 
1070	34 
1071	323 
1072	303 
1073	327 
1074	332 
1075	17 
1076	150 
1077	37 
1078	140 
1079	182 
1080	347 
1081	3 
1082	115 
1083	40 
1084	308 
1085	299 
1086	94 
1087	221 
1088	124 
1089	103 
1090	239 
1091	121 
1092	192 
1093	176 
1094	128 
1095	123 
1096	295 
1097	179 
1098	71 
1099	244 
1100	38 
1101	250 
1102	215 
1103	308 
1104	155 
1105	238 
1106	272 
1107	188 
1108	3 
1109	315 
1110	142 
1111	10 
1112	298 
1113	168 
1114	323 
1115	44 
1116	260 
1117	129 
1118	182 
1119	153 
1120	326 
1121	9 
1122	222 
1123	270 
1124	96 
1125	50 
1126	229 
1127	89 
1128	344 
1129	169 
1130	174 
1131	150 
1132	319 
1133	246 
1134	34 
1135	277 
1136	115 
1137	139 
1138	128 
1139	221 
1140	30 
1141	60 
1142	148 
1143	59 
1144	334 
1145	12 
1146	309 
1147	321 
1148	190 
1149	158 
1150	184 
1151	14 
1152	40 
1153	6 
1154	114 
1155	21 
1156	11 
1157	183 
1158	18 
1159	227 
1160	329 
1161	32 
1162	39 
1163	329 
1164	309 
1165	169 
1166	300 
1167	278 
1168	75 
1169	201 
1170	299 
1171	149 
1172	54 
1173	34 
1174	339 
1175	87 
1176	133 
1177	40 
1178	270 
1179	148 
1180	319 
1181	73 
1182	71 
1183	153 
1184	219 
1185	16 
1186	140 
1187	52 
1188	155 
1189	313 
1190	66 
1191	194 
1192	133 
1193	37 
1194	67 
1195	43 
1196	50 
1197	326 
1198	184 
1199	71 
1200	76 
1201	222 
1202	92 
1203	330 
1204	115 
1205	13 
1206	181 
1207	58 
1208	231 
1209	112 
1210	182 
1211	250 
1212	10 
1213	172 
1214	259 
1215	342 
1216	217 
1217	23 
1218	316 
1219	207 
1220	201 
1221	2 
1222	220 
1223	275 
1224	68 
1225	246 
1226	311 
1227	350 
1228	212 
1229	334 
1230	140 
1231	135 
1232	334 
1233	200 
1234	218 
1235	86 
1236	270 
1237	225 
1238	335 
1239	114 
1240	49 
1241	332 
1242	216 
1243	15 
1244	28 
1245	12 
1246	253 
1247	143 
1248	273 
1249	120 
1250	191 
1251	191 
1252	179 
1253	332 
1254	103 
1255	157 
1256	170 
1257	184 
1258	249 
1259	61 
1260	320 
1261	88 
1262	146 
1263	168 
1264	126 
1265	15 
1266	41 
1267	174 
1268	267 
1269	324 
1270	48 
1271	30 
1272	286 
1273	112 
1274	272 
1275	303 
1276	291 
1277	82 
1278	132 
1279	262 
1280	281 
1281	207 
1282	296 
1283	252 
1284	291 
1285	244 
1286	273 
1287	261 
1288	301 
1289	279 
1290	324 
1291	201 
1292	337 
1293	94 
1294	227 
1295	252 
1296	79 
1297	249 
1298	332 
1299	237 
1300	112 
1301	23 
1302	26 
1303	162 
1304	113 
1305	306 
1306	343 
1307	222 
1308	83 
1309	79 
1310	232 
1311	88 
1312	235 
1313	207 
1314	312 
1315	55 
1316	230 
1317	178 
1318	30 
1319	176 
1320	72 
1321	273 
1322	155 
1323	165 
1324	213 
1325	181 
1326	191 
1327	34 
1328	65 
1329	204 
1330	122 
1331	5 
1332	328 
1333	338 
1334	200 
1335	272 
1336	137 
1337	330 
1338	251 
1339	48 
1340	303 
1341	83 
1342	160 
1343	43 
1344	173 
1345	270 
1346	64 
1347	51 
1348	307 
1349	130 
1350	130 
1351	91 
1352	336 
1353	290 
1354	329 
1355	157 
1356	253 
1357	89 
1358	206 
1359	305 
1360	65 
1361	153 
1362	163 
1363	255 
1364	133 
1365	195 
1366	181 
1367	51 
1368	341 
1369	115 
1370	168 
1371	156 
1372	176 
1373	58 
1374	44 
1375	152 
1376	189 
1377	27 
1378	109 
1379	325 
1380	292 
1381	179 
1382	300 
1383	111 
1384	259 
1385	162 
1386	324 
1387	291 
1388	21 
1389	311 
1390	222 
1391	25 
1392	226 
1393	203 
1394	111 
1395	25 
1396	63 
1397	70 
1398	284 
1399	349 
1400	87 
1401	321 
1402	103 
1403	219 
1404	21 
1405	321 
1406	110 
1407	62 
1408	190 
1409	302 
1410	254 
1411	291 
1412	176 
1413	275 
1414	86 
1415	43 
1416	142 
1417	22 
1418	132 
1419	106 
1420	54 
1421	129 
1422	107 
1423	5 
1424	281 
1425	318 
1426	246 
1427	129 
1428	243 
1429	107 
1430	51 
1431	105 
1432	177 
1433	283 
1434	266 
1435	195 
1436	131 
1437	149 
1438	334 
1439	300 
1440	7 
1441	100 
1442	64 
1443	203 
1444	86 
1445	254 
1446	126 
1447	208 
1448	79 
1449	327 
1450	297 
1451	288 
1452	215 
1453	42 
1454	74 
1455	265 
1456	247 
1457	205 
1458	284 
1459	87 
1460	49 
1461	40 
1462	51 
1463	228 
1464	120 
1465	196 
1466	4 
1467	161 
1468	222 
1469	225 
1470	201 
1471	43 
1472	106 
1473	43 
1474	259 
1475	21 
1476	337 
1477	76 
1478	85 
1479	85 
1480	245 
1481	261 
1482	200 
1483	145 
1484	44 
1485	44 
1486	87 
1487	12 
1488	240 
1489	61 
1490	120 
1491	297 
1492	229 
1493	330 
1494	167 
1495	172 
1496	73 
1497	203 
1498	193 
1499	35 
1500	184 
1501	262 
1502	312 
1503	120 
1504	179 
1505	338 
1506	339 
1507	212 
1508	234 
1509	64 
1510	258 
1511	206 
1512	198 
1513	72 
1514	37 
1515	237 
1516	223 
1517	199 
1518	122 
1519	30 
1520	90 
1521	73 
1522	143 
1523	95 
1524	140 
1525	277 
1526	68 
1527	69 
1528	88 
1529	125 
1530	31 
1531	44 
1532	328 
1533	68 
1534	227 
1535	136 
1536	127 
1537	340 
1538	46 
1539	78 
1540	257 
1541	66 
1542	269 
1543	349 
1544	6 
1545	266 
1546	343 
1547	279 
1548	298 
1549	197 
1550	134 
1551	8 
1552	337 
1553	175 
1554	144 
1555	121 
1556	137 
1557	160 
1558	339 
1559	95 
1560	177 
1561	214 
1562	158 
1563	292 
1564	222 
1565	282 
1566	331 
1567	132 
1568	59 
1569	21 
1570	283 
1571	66 
1572	291 
1573	28 
1574	302 
1575	142 
1576	163 
1577	40 
1578	264 
1579	37 
1580	346 
1581	237 
1582	176 
1583	73 
1584	121 
1585	62 
1586	251 
1587	16 
1588	51 
1589	117 
1590	223 
1591	202 
1592	103 
1593	216 
1594	33 
1595	286 
1596	43 
1597	283 
1598	89 
1599	133 
1600	349 
1601	42 
1602	228 
1603	333 
1604	228 
1605	54 
1606	275 
1607	149 
1608	276 
1609	178 
1610	44 
1611	96 
1612	101 
1613	138 
1614	23 
1615	158 
1616	208 
1617	346 
1618	172 
1619	99 
1620	277 
1621	99 
1622	71 
1623	123 
1624	293 
1625	9 
1626	166 
1627	294 
1628	227 
1629	275 
1630	256 
1631	223 
1632	166 
1633	128 
1634	343 
1635	48 
1636	191 
1637	56 
1638	259 
1639	128 
1640	105 
1641	345 
1642	97 
1643	70 
1644	285 
1645	85 
1646	88 
1647	10 
1648	109 
1649	100 
1650	134 
1651	267 
1652	248 
1653	218 
1654	301 
1655	32 
1656	58 
1657	197 
1658	288 
1659	157 
1660	27 
1661	296 
1662	314 
1663	198 
1664	312 
1665	27 
1666	141 
1667	61 
1668	72 
1669	97 
1670	146 
1671	221 
1672	87 
1673	238 
1674	86 
1675	314 
1676	329 
1677	252 
1678	162 
1679	214 
1680	11 
1681	116 
1682	326 
1683	185 
1684	96 
1685	322 
1686	131 
1687	50 
1688	32 
1689	193 
1690	39 
1691	2 
1692	231 
1693	193 
1694	202 
1695	173 
1696	54 
1697	47 
1698	171 
1699	345 
1700	78 
1701	33 
1702	323 
1703	35 
1704	300 
1705	197 
1706	305 
1707	58 
1708	23 
1709	297 
1710	42 
1711	209 
1712	123 
1713	28 
1714	97 
1715	168 
1716	8 
1717	265 
1718	319 
1719	209 
1720	52 
1721	346 
1722	237 
1723	103 
1724	198 
1725	84 
1726	337 
1727	127 
1728	161 
1729	162 
1730	31 
1731	37 
1732	27 
1733	225 
1734	34 
1735	155 
1736	48 
1737	190 
1738	322 
1739	298 
1740	55 
1741	3 
1742	140 
1743	275 
1744	328 
1745	197 
1746	166 
1747	35 
1748	20 
1749	15 
1750	18 
1751	319 
1752	29 
1753	91 
1754	82 
1755	217 
1756	130 
1757	168 
1758	13 
1759	245 
1760	235 
1761	38 
1762	160 
1763	31 
1764	229 
1765	187 
1766	230 
1767	209 
1768	11 
1769	303 
1770	314 
1771	99 
1772	235 
1773	197 
1774	39 
1775	31 
1776	339 
1777	176 
1778	274 
1779	22 
1780	130 
1781	64 
1782	159 
1783	346 
1784	192 
1785	17 
1786	105 
1787	211 
1788	157 
1789	153 
1790	65 
1791	348 
1792	25 
1793	69 
1794	177 
1795	311 
1796	146 
1797	324 
1798	86 
1799	139 
1800	54 
1801	297 
1802	176 
1803	217 
1804	85 
1805	17 
1806	122 
1807	211 
1808	274 
1809	166 
1810	305 
1811	253 
1812	194 
1813	191 
1814	165 
1815	54 
1816	225 
1817	324 
1818	211 
1819	234 
1820	20 
1821	181 
1822	233 
1823	221 
1824	183 
1825	329 
1826	57 
1827	117 
1828	243 
1829	140 
1830	210 
1831	236 
1832	110 
1833	209 
1834	14 
1835	123 
1836	124 
1837	70 
1838	305 
1839	257 
1840	276 
1841	43 
1842	281 
1843	243 
1844	108 
1845	149 
1846	284 
1847	276 
1848	254 
1849	136 
1850	3 
1851	182 
1852	224 
1853	186 
1854	280 
1855	123 
1856	320 
1857	289 
1858	295 
1859	323 
1860	279 
1861	183 
1862	347 
1863	295 
1864	187 
1865	192 
1866	262 
1867	215 
1868	310 
1869	170 
1870	83 
1871	53 
1872	9 
1873	331 
1874	282 
1875	325 
1876	292 
1877	85 
1878	100 
1879	97 
1880	333 
1881	15 
1882	34 
1883	22 
1884	250 
1885	136 
1886	78 
1887	115 
1888	252 
1889	45 
1890	83 
1891	36 
1892	137 
1893	72 
1894	55 
1895	213 
1896	66 
1897	157 
1898	338 
1899	265 
1900	94 
1901	127 
1902	65 
1903	216 
1904	191 
1905	192 
1906	179 
1907	87 
1908	82 
1909	167 
1910	275 
1911	14 
1912	118 
1913	119 
1914	315 
1915	5 
1916	315 
1917	248 
1918	204 
1919	313 
1920	255 
1921	51 
1922	242 
1923	52 
1924	16 
1925	239 
1926	15 
1927	147 
1928	40 
1929	312 
1930	268 
1931	326 
1932	174 
1933	292 
1934	50 
1935	236 
1936	200 
1937	304 
1938	130 
1939	207 
1940	17 
1941	243 
1942	262 
1943	37 
1944	55 
1945	148 
1946	12 
1947	265 
1948	32 
1949	94 
1950	187 
1951	132 
1952	72 
1953	259 
1954	251 
1955	195 
1956	237 
1957	299 
1958	293 
1959	66 
1960	123 
1961	281 
1962	47 
1963	325 
1964	324 
1965	278 
1966	103 
1967	236 
1968	71 
1969	156 
1970	288 
1971	321 
1972	221 
1973	337 
1974	139 
1975	19 
1976	106 
1977	74 
1978	41 
1979	67 
1980	325 
1981	10 
1982	345 
1983	103 
1984	94 
1985	240 
1986	143 
1987	79 
1988	202 
1989	45 
1990	181 
1991	130 
1992	175 
1993	347 
1994	158 
1995	12 
1996	256 
1997	335 
1998	181 
1999	294 
2000	245 
2001	180 
2002	308 
2003	219 
2004	313 
2005	8 
2006	18 
2007	326 
2008	192 
2009	245 
2010	63 
2011	169 
2012	181 
2013	44 
2014	80 
2015	7 
2016	59 
2017	135 
2018	268 
2019	15 
2020	81 
2021	345 
2022	152 
2023	108 
2024	232 
2025	153 
2026	349 
2027	10 
2028	242 
2029	331 
2030	245 
2031	213 
2032	43 
2033	137 
2034	264 
2035	245 
2036	194 
2037	49 
2038	75 
2039	253 
2040	293 
2041	114 
2042	56 
2043	129 
2044	211 
2045	144 
2046	109 
2047	10 
2048	188 
2049	276 
2050	196 
2051	255 
2052	143 
2053	59 
2054	152 
2055	187 
2056	79 
2057	173 
2058	94 
2059	294 
2060	119 
2061	39 
2062	258 
2063	136 
2064	308 
2065	336 
2066	34 
2067	232 
2068	135 
2069	256 
2070	252 
2071	96 
2072	242 
2073	225 
2074	5 
2075	212 
2076	300 
2077	260 
2078	92 
2079	60 
2080	205 
2081	145 
2082	164 
2083	316 
2084	92 
2085	31 
2086	32 
2087	63 
2088	20 
2089	52 
2090	305 
2091	5 
2092	339 
2093	19 
2094	95 
2095	279 
2096	231 
2097	91 
2098	253 
2099	114 
2100	204 
2101	134 
2102	109 
2103	298 
2104	310 
2105	19 
2106	26 
2107	349 
2108	242 
2109	201 
2110	340 
2111	312 
2112	97 
2113	175 
2114	12 
2115	97 
2116	63 
2117	236 
2118	158 
2119	104 
2120	81 
2121	224 
2122	348 
2123	162 
2124	30 
2125	234 
2126	63 
2127	35 
2128	318 
2129	301 
2130	28 
2131	251 
2132	258 
2133	115 
2134	10 
2135	245 
2136	342 
2137	143 
2138	223 
2139	123 
2140	322 
2141	34 
2142	127 
2143	129 
2144	129 
2145	263 
2146	304 
2147	304 
2148	233 
2149	163 
2150	330 
2151	255 
2152	347 
2153	23 
2154	225 
2155	52 
2156	100 
2157	254 
2158	124 
2159	111 
2160	176 
2161	281 
2162	283 
2163	325 
2164	159 
2165	89 
2166	207 
2167	131 
2168	90 
2169	310 
2170	122 
2171	316 
2172	177 
2173	253 
2174	27 
2175	215 
2176	110 
2177	74 
2178	32 
2179	46 
2180	161 
2181	348 
2182	81 
2183	174 
2184	335 
2185	278 
2186	310 
2187	98 
2188	237 
2189	186 
2190	265 
2191	153 
2192	308 
2193	70 
2194	177 
2195	13 
2196	223 
2197	51 
2198	296 
2199	343 
2200	282 
2201	82 
2202	23 
2203	303 
2204	233 
2205	142 
2206	300 
2207	96 
2208	226 
2209	293 
2210	18 
2211	55 
2212	323 
2213	297 
2214	289 
2215	182 
2216	28 
2217	68 
2218	195 
2219	172 
2220	30 
2221	74 
2222	126 
2223	167 
2224	223 
2225	1 
2226	103 
2227	331 
2228	342 
2229	49 
2230	62 
2231	17 
2232	234 
2233	276 
2234	257 
2235	9 
2236	179 
2237	82 
2238	321 
2239	346 
2240	163 
2241	149 
2242	14 
2243	163 
2244	279 
2245	130 
2246	176 
2247	335 
2248	343 
2249	74 
2250	77 
2251	262 
2252	316 
2253	111 
2254	292 
2255	299 
2256	249 
2257	103 
2258	203 
2259	47 
2260	340 
2261	270 
2262	52 
2263	260 
2264	308 
2265	217 
2266	148 
2267	30 
2268	46 
2269	61 
2270	167 
2271	126 
2272	270 
2273	80 
2274	340 
2275	271 
2276	173 
2277	168 
2278	43 
2279	7 
2280	193 
2281	66 
2282	141 
2283	171 
2284	213 
2285	69 
2286	102 
2287	305 
2288	8 
2289	72 
2290	269 
2291	174 
2292	41 
2293	266 
2294	112 
2295	309 
2296	103 
2297	59 
2298	44 
2299	121 
2300	253 
2301	296 
2302	67 
2303	141 
2304	129 
2305	126 
2306	301 
2307	237 
2308	147 
2309	195 
2310	273 
2311	89 
2312	159 
2313	158 
2314	289 
2315	328 
2316	91 
2317	107 
2318	202 
2319	41 
2320	267 
2321	24 
2322	85 
2323	142 
2324	145 
2325	280 
2326	75 
2327	206 
2328	45 
2329	219 
2330	141 
2331	216 
2332	329 
2333	13 
2334	47 
2335	336 
2336	24 
2337	47 
2338	298 
2339	297 
2340	71 
2341	333 
2342	114 
2343	206 
2344	186 
2345	345 
2346	66 
2347	303 
2348	68 
2349	275 
2350	98 
2351	321 
2352	307 
2353	272 
2354	212 
2355	328 
2356	333 
2357	333 
2358	181 
2359	267 
2360	80 
2361	82 
2362	206 
2363	238 
2364	246 
2365	188 
2366	257 
2367	307 
2368	58 
2369	244 
2370	5 
2371	301 
2372	338 
2373	89 
2374	171 
2375	295 
2376	304 
2377	258 
2378	240 
2379	339 
2380	314 
2381	36 
2382	137 
2383	9 
2384	6 
2385	219 
2386	79 
2387	202 
2388	177 
2389	69 
2390	310 
2391	288 
2392	190 
2393	262 
2394	61 
2395	83 
2396	142 
2397	78 
2398	345 
2399	36 
2400	182 
2401	244 
2402	268 
2403	168 
2404	263 
2405	127 
2406	74 
2407	177 
2408	6 
2409	78 
2410	238 
2411	346 
2412	262 
2413	39 
2414	200 
2415	242 
2416	148 
2417	118 
2418	18 
2419	261 
2420	301 
2421	217 
2422	133 
2423	109 
2424	344 
2425	157 
2426	276 
2427	183 
2428	315 
2429	46 
2430	292 
2431	249 
2432	348 
2433	299 
2434	61 
2435	144 
2436	274 
2437	348 
2438	318 
2439	171 
2440	165 
2441	282 
2442	250 
2443	101 
2444	99 
2445	56 
2446	116 
2447	249 
2448	183 
2449	262 
2450	319 
2451	240 
2452	122 
2453	1 
2454	101 
2455	256 
2456	48 
2457	279 
2458	290 
2459	143 
2460	314 
2461	133 
2462	155 
2463	43 
2464	137 
2465	339 
2466	287 
2467	162 
2468	91 
2469	5 
2470	349 
2471	106 
2472	20 
2473	169 
2474	297 
2475	114 
2476	169 
2477	119 
2478	154 
2479	293 
2480	302 
2481	348 
2482	154 
2483	169 
2484	176 
2485	213 
2486	294 
2487	208 
2488	192 
2489	170 
2490	12 
2491	274 
2492	233 
2493	42 
2494	338 
2495	100 
2496	94 
2497	72 
2498	27 
2499	297 
2500	231 
2501	342 
2502	132 
2503	1 
2504	229 
2505	174 
2506	247 
2507	209 
2508	64 
2509	112 
2510	221 
2511	265 
2512	52 
2513	98 
2514	204 
2515	251 
2516	164 
2517	202 
2518	269 
2519	142 
2520	68 
2521	144 
2522	192 
2523	223 
2524	100 
2525	240 
2526	263 
2527	73 
2528	129 
2529	334 
2530	314 
2531	317 
2532	326 
2533	124 
2534	191 
2535	142 
2536	134 
2537	43 
2538	203 
2539	235 
2540	175 
2541	207 
2542	218 
2543	78 
2544	160 
2545	178 
2546	108 
2547	273 
2548	241 
2549	191 
2550	87 
2551	25 
2552	45 
2553	154 
2554	210 
2555	72 
2556	144 
2557	74 
2558	159 
2559	199 
2560	138 
2561	136 
2562	148 
2563	233 
2564	244 
2565	197 
2566	218 
2567	14 
2568	160 
2569	173 
2570	63 
2571	128 
2572	50 
2573	287 
2574	105 
2575	165 
2576	219 
2577	177 
2578	131 
2579	313 
2580	239 
2581	24 
2582	133 
2583	291 
2584	221 
2585	129 
2586	176 
2587	109 
2588	240 
2589	19 
2590	22 
2591	138 
2592	159 
2593	164 
2594	216 
2595	44 
2596	311 
2597	17 
2598	178 
2599	304 
2600	196 
2601	55 
2602	81 
2603	347 
2604	318 
2605	216 
2606	270 
2607	146 
2608	218 
2609	316 
2610	145 
2611	346 
2612	306 
2613	118 
2614	342 
2615	102 
2616	178 
2617	200 
2618	227 
2619	72 
2620	93 
2621	203 
2622	10 
2623	60 
2624	72 
2625	221 
2626	301 
2627	83 
2628	346 
2629	296 
2630	309 
2631	316 
2632	287 
2633	40 
2634	266 
2635	57 
2636	35 
2637	60 
2638	232 
2639	343 
2640	225 
2641	187 
2642	161 
2643	331 
2644	3 
2645	79 
2646	320 
2647	233 
2648	184 
2649	275 
2650	176 
2651	93 
2652	185 
2653	1 
2654	313 
2655	127 
2656	78 
2657	93 
2658	155 
2659	303 
2660	100 
2661	207 
2662	298 
2663	227 
2664	275 
2665	145 
2666	117 
2667	261 
2668	209 
2669	293 
2670	150 
2671	155 
2672	28 
2673	196 
2674	247 
2675	330 
2676	320 
2677	125 
2678	228 
2679	209 
2680	104 
2681	132 
2682	241 
2683	176 
2684	12 
2685	146 
2686	20 
2687	276 
2688	69 
2689	48 
2690	29 
2691	203 
2692	11 
2693	297 
2694	11 
2695	112 
2696	213 
2697	339 
2698	125 
2699	326 
2700	128 
2701	303 
2702	141 
2703	242 
2704	193 
2705	66 
2706	118 
2707	136 
2708	296 
2709	189 
2710	95 
2711	210 
2712	162 
2713	275 
2714	129 
2715	277 
2716	307 
2717	244 
2718	108 
2719	231 
2720	46 
2721	273 
2722	166 
2723	190 
2724	171 
2725	73 
2726	33 
2727	337 
2728	54 
2729	227 
2730	38 
2731	93 
2732	142 
2733	306 
2734	226 
2735	220 
2736	16 
2737	218 
2738	321 
2739	101 
2740	186 
2741	83 
2742	301 
2743	279 
2744	72 
2745	142 
2746	167 
2747	323 
2748	340 
2749	122 
2750	254 
2751	117 
2752	318 
2753	75 
2754	104 
2755	276 
2756	288 
2757	134 
2758	92 
2759	140 
2760	96 
2761	242 
2762	175 
2763	164 
2764	91 
2765	299 
2766	333 
2767	16 
2768	195 
2769	212 
2770	38 
2771	137 
2772	18 
2773	145 
2774	89 
2775	19 
2776	91 
2777	208 
2778	107 
2779	332 
2780	234 
2781	123 
2782	289 
2783	113 
2784	157 
2785	229 
2786	192 
2787	166 
2788	105 
2789	342 
2790	156 
2791	340 
2792	214 
2793	309 
2794	98 
2795	161 
2796	206 
2797	136 
2798	340 
2799	38 
2800	140 
2801	304 
2802	258 
2803	189 
2804	305 
2805	117 
2806	255 
2807	89 
2808	187 
2809	92 
2810	71 
2811	195 
2812	251 
2813	69 
2814	31 
2815	59 
2816	188 
2817	199 
2818	263 
2819	310 
2820	20 
2821	314 
2822	150 
2823	343 
2824	247 
2825	290 
2826	136 
2827	223 
2828	270 
2829	35 
2830	270 
2831	148 
2832	78 
2833	1 
2834	257 
2835	162 
2836	7 
2837	107 
2838	9 
2839	271 
2840	250 
2841	67 
2842	46 
2843	53 
2844	334 
2845	212 
2846	254 
2847	322 
2848	171 
2849	94 
2850	226 
2851	63 
2852	268 
2853	190 
2854	150 
2855	161 
2856	38 
2857	43 
2858	307 
2859	205 
2860	167 
2861	13 
2862	253 
2863	350 
2864	131 
2865	340 
2866	196 
2867	77 
2868	60 
2869	40 
2870	54 
2871	178 
2872	41 
2873	212 
2874	294 
2875	90 
2876	188 
2877	237 
2878	137 
2879	98 
2880	1 
2881	286 
2882	137 
2883	304 
2884	242 
2885	344 
2886	301 
2887	108 
2888	227 
2889	348 
2890	310 
2891	337 
2892	188 
2893	285 
2894	138 
2895	257 
2896	192 
2897	125 
2898	10 
2899	319 
2900	341 
2901	148 
2902	326 
2903	335 
2904	337 
2905	79 
2906	196 
2907	74 
2908	41 
2909	149 
2910	92 
2911	190 
2912	233 
2913	143 
2914	232 
2915	310 
2916	1 
2917	86 
2918	50 
2919	335 
2920	86 
2921	128 
2922	303 
2923	147 
2924	261 
2925	80 
2926	236 
2927	266 
2928	203 
2929	173 
2930	15 
2931	48 
2932	337 
2933	96 
2934	16 
2935	318 
2936	154 
2937	190 
2938	225 
2939	292 
2940	245 
2941	53 
2942	141 
2943	159 
2944	158 
2945	149 
2946	99 
2947	252 
2948	285 
2949	348 
2950	77 
2951	347 
2952	86 
2953	56 
2954	197 
2955	338 
2956	174 
2957	4 
2958	139 
2959	19 
2960	342 
2961	164 
2962	194 
2963	292 
2964	330 
2965	45 
2966	241 
2967	324 
2968	239 
2969	80 
2970	5 
2971	50 
2972	272 
2973	193 
2974	189 
2975	72 
2976	282 
2977	298 
2978	165 
2979	306 
2980	18 
2981	62 
2982	345 
2983	287 
2984	286 
2985	39 
2986	319 
2987	156 
2988	36 
2989	268 
2990	322 
2991	290 
2992	205 
2993	90 
2994	213 
2995	45 
2996	230 
2997	20 
2998	94 
2999	204 
3000	318 
3001	37 
3002	219 
3003	113 
3004	317 
3005	244 
3006	60 
3007	87 
3008	331 
3009	324 
3010	88 
3011	318 
3012	11 
3013	337 
3014	227 
3015	281 
3016	38 
3017	344 
3018	179 
3019	191 
3020	9 
3021	244 
3022	22 
3023	27 
3024	122 
3025	135 
3026	279 
3027	310 
3028	61 
3029	156 
3030	210 
3031	64 
3032	302 
3033	320 
3034	84 
3035	121 
3036	308 
3037	261 
3038	230 
3039	138 
3040	220 
3041	91 
3042	136 
3043	319 
3044	119 
3045	66 
3046	147 
3047	238 
3048	153 
3049	77 
3050	299 
3051	284 
3052	27 
3053	312 
3054	216 
3055	147 
3056	49 
3057	251 
3058	119 
3059	148 
3060	309 
3061	20 
3062	336 
3063	28 
3064	169 
3065	63 
3066	203 
3067	330 
3068	104 
3069	48 
3070	38 
3071	84 
3072	142 
3073	51 
3074	291 
3075	189 
3076	263 
3077	345 
3078	18 
3079	160 
3080	236 
3081	272 
3082	29 
3083	268 
3084	25 
3085	103 
3086	113 
3087	129 
3088	75 
3089	31 
3090	301 
3091	151 
3092	203 
3093	240 
3094	279 
3095	328 
3096	159 
3097	193 
3098	165 
3099	155 
3100	88 
3101	144 
3102	64 
3103	46 
3104	314 
3105	289 
3106	194 
3107	224 
3108	263 
3109	230 
3110	324 
3111	126 
3112	105 
3113	325 
3114	109 
3115	202 
3116	24 
3117	13 
3118	350 
3119	160 
3120	317 
3121	272 
3122	49 
3123	73 
3124	200 
3125	333 
3126	306 
3127	302 
3128	63 
3129	106 
3130	64 
3131	152 
3132	232 
3133	127 
3134	4 
3135	1 
3136	56 
3137	72 
3138	306 
3139	61 
3140	94 
3141	336 
3142	220 
3143	78 
3144	252 
3145	43 
3146	101 
3147	81 
3148	253 
3149	276 
3150	9 
3151	245 
3152	162 
3153	162 
3154	280 
3155	39 
3156	184 
3157	323 
3158	90 
3159	157 
3160	2 
3161	251 
3162	303 
3163	130 
3164	73 
3165	259 
3166	112 
3167	251 
3168	200 
3169	222 
3170	125 
3171	225 
3172	324 
3173	295 
3174	40 
3175	38 
3176	3 
3177	65 
3178	51 
3179	12 
3180	294 
3181	168 
3182	325 
3183	346 
3184	283 
3185	151 
3186	296 
3187	93 
3188	232 
3189	304 
3190	285 
3191	220 
3192	282 
3193	56 
3194	47 
3195	28 
3196	244 
3197	293 
3198	159 
3199	260 
3200	82 
3201	50 
3202	137 
3203	36 
3204	154 
3205	315 
3206	246 
3207	298 
3208	184 
3209	248 
3210	184 
3211	298 
3212	185 
3213	348 
3214	61 
3215	137 
3216	20 
3217	317 
3218	258 
3219	33 
3220	126 
3221	187 
3222	301 
3223	253 
3224	151 
3225	178 
3226	291 
3227	197 
3228	77 
3229	184 
3230	61 
3231	193 
3232	330 
3233	52 
3234	134 
3235	173 
3236	326 
3237	271 
3238	99 
3239	328 
3240	125 
3241	192 
3242	45 
3243	10 
3244	63 
3245	320 
3246	36 
3247	77 
3248	194 
3249	341 
3250	325 
3251	71 
3252	271 
3253	159 
3254	216 
3255	132 
3256	212 
3257	58 
3258	278 
3259	191 
3260	215 
3261	145 
3262	127 
3263	345 
3264	131 
3265	203 
3266	311 
3267	321 
3268	168 
3269	88 
3270	36 
3271	313 
3272	345 
3273	283 
3274	108 
3275	208 
3276	232 
3277	146 
3278	294 
3279	26 
3280	121 
3281	343 
3282	196 
3283	340 
3284	61 
3285	209 
3286	342 
3287	204 
3288	187 
3289	325 
3290	225 
3291	22 
3292	74 
3293	127 
3294	101 
3295	296 
3296	89 
3297	189 
3298	297 
3299	217 
3300	20 
3301	181 
3302	235 
3303	95 
3304	304 
3305	233 
3306	17 
3307	120 
3308	316 
3309	185 
3310	271 
3311	8 
3312	193 
3313	207 
3314	154 
3315	67 
3316	187 
3317	139 
3318	46 
3319	112 
3320	251 
3321	157 
3322	49 
3323	259 
3324	267 
3325	125 
3326	92 
3327	121 
3328	284 
3329	124 
3330	175 
3331	323 
3332	189 
3333	306 
3334	95 
3335	9 
3336	180 
3337	118 
3338	2 
3339	271 
3340	152 
3341	202 
3342	216 
3343	235 
3344	177 
3345	60 
3346	99 
3347	236 
3348	125 
3349	39 
3350	306 
3351	208 
3352	240 
3353	294 
3354	81 
3355	117 
3356	106 
3357	156 
3358	170 
3359	18 
3360	289 
3361	104 
3362	57 
3363	143 
3364	161 
3365	13 
3366	55 
3367	231 
3368	60 
3369	327 
3370	85 
3371	88 
3372	27 
3373	34 
3374	222 
3375	128 
3376	124 
3377	258 
3378	292 
3379	238 
3380	270 
3381	252 
3382	151 
3383	99 
3384	171 
3385	140 
3386	195 
3387	138 
3388	117 
3389	346 
3390	276 
3391	164 
3392	204 
3393	263 
3394	269 
3395	331 
3396	223 
3397	36 
3398	151 
3399	31 
3400	200 
3401	304 
3402	66 
3403	164 
3404	39 
3405	146 
3406	208 
3407	189 
3408	311 
3409	198 
3410	285 
3411	170 
3412	126 
3413	298 
3414	270 
3415	6 
3416	84 
3417	174 
3418	179 
3419	79 
3420	76 
3421	300 
3422	309 
3423	293 
3424	121 
3425	163 
3426	3 
3427	246 
3428	189 
3429	230 
3430	111 
3431	176 
3432	262 
3433	150 
3434	239 
3435	97 
3436	345 
3437	315 
3438	340 
3439	66 
3440	306 
3441	274 
3442	30 
3443	128 
3444	176 
3445	4 
3446	86 
3447	116 
3448	180 
3449	257 
3450	131 
3451	42 
3452	234 
3453	48 
3454	51 
3455	337 
3456	184 
3457	337 
3458	348 
3459	71 
3460	206 
3461	168 
3462	98 
3463	129 
3464	256 
3465	214 
3466	117 
3467	99 
3468	284 
3469	97 
3470	336 
3471	192 
3472	323 
3473	31 
3474	328 
3475	130 
3476	113 
3477	263 
3478	105 
3479	106 
3480	225 
3481	123 
3482	124 
3483	112 
3484	81 
3485	314 
3486	192 
3487	220 
3488	82 
3489	113 
3490	56 
3491	281 
3492	303 
3493	274 
3494	57 
3495	58 
3496	190 
3497	68 
3498	245 
3499	153 
3500	167 
3501	3 
3502	51 
3503	337 
3504	12 
3505	95 
3506	116 
3507	174 
3508	221 
3509	263 
3510	214 
3511	179 
3512	323 
3513	158 
3514	258 
3515	93 
3516	328 
3517	278 
3518	185 
3519	21 
3520	290 
3521	12 
3522	145 
3523	92 
3524	47 
3525	298 
3526	171 
3527	185 
3528	313 
3529	347 
3530	2 
3531	330 
3532	100 
3533	314 
3534	245 
3535	161 
3536	170 
3537	126 
3538	333 
3539	213 
3540	34 
3541	54 
3542	276 
3543	77 
3544	100 
3545	130 
3546	25 
3547	346 
3548	150 
3549	83 
3550	288 
3551	63 
3552	261 
3553	14 
3554	179 
3555	239 
3556	19 
3557	32 
3558	287 
3559	330 
3560	167 
3561	114 
3562	181 
3563	135 
3564	164 
3565	69 
3566	78 
3567	250 
3568	312 
3569	205 
3570	87 
3571	38 
3572	88 
3573	310 
3574	176 
3575	60 
3576	17 
3577	315 
3578	295 
3579	16 
3580	50 
3581	175 
3582	207 
3583	175 
3584	213 
3585	62 
3586	303 
3587	269 
3588	133 
3589	24 
3590	295 
3591	32 
3592	345 
3593	135 
3594	208 
3595	298 
3596	265 
3597	306 
3598	41 
3599	184 
3600	216 
3601	81 
3602	154 
3603	310 
3604	1 
3605	126 
3606	33 
3607	56 
3608	91 
3609	191 
3610	327 
3611	277 
3612	327 
3613	158 
3614	281 
3615	325 
3616	166 
3617	252 
3618	270 
3619	102 
3620	153 
3621	98 
3622	209 
3623	242 
3624	324 
3625	52 
3626	104 
3627	195 
3628	135 
3629	53 
3630	195 
3631	245 
3632	172 
3633	294 
3634	317 
3635	86 
3636	108 
3637	141 
3638	177 
3639	123 
3640	155 
3641	270 
3642	30 
3643	328 
3644	259 
3645	5 
3646	327 
3647	35 
3648	197 
3649	165 
3650	26 
3651	260 
3652	299 
3653	221 
3654	243 
3655	12 
3656	70 
3657	53 
3658	347 
3659	179 
3660	349 
3661	195 
3662	26 
3663	4 
3664	227 
3665	230 
3666	264 
3667	303 
3668	210 
3669	180 
3670	231 
3671	311 
3672	170 
3673	213 
3674	346 
3675	206 
3676	139 
3677	65 
3678	239 
3679	277 
3680	281 
3681	194 
3682	139 
3683	214 
3684	138 
3685	268 
3686	24 
3687	49 
3688	246 
3689	94 
3690	160 
3691	223 
3692	223 
3693	124 
3694	206 
3695	89 
3696	78 
3697	170 
3698	166 
3699	285 
3700	26 
3701	50 
3702	181 
3703	140 
3704	218 
3705	200 
3706	268 
3707	284 
3708	33 
3709	189 
3710	25 
3711	256 
3712	210 
3713	53 
3714	311 
3715	121 
3716	218 
3717	124 
3718	149 
3719	157 
3720	181 
3721	77 
3722	86 
3723	311 
3724	43 
3725	189 
3726	289 
3727	118 
3728	119 
3729	182 
3730	247 
3731	132 
3732	42 
3733	341 
3734	291 
3735	228 
3736	128 
3737	314 
3738	227 
3739	350 
3740	284 
3741	55 
3742	224 
3743	282 
3744	20 
3745	13 
3746	85 
3747	139 
3748	317 
3749	73 
3750	141 
3751	72 
3752	137 
3753	255 
3754	186 
3755	99 
3756	81 
3757	310 
3758	316 
3759	15 
3760	101 
3761	181 
3762	17 
3763	166 
3764	311 
3765	262 
3766	33 
3767	263 
3768	350 
3769	22 
3770	269 
3771	11 
3772	109 
3773	349 
3774	304 
3775	138 
3776	247 
3777	223 
3778	156 
3779	164 
3780	209 
3781	78 
3782	123 
3783	251 
3784	135 
3785	321 
3786	284 
3787	258 
3788	194 
3789	199 
3790	111 
3791	29 
3792	333 
3793	19 
3794	152 
3795	137 
3796	132 
3797	9 
3798	257 
3799	257 
3800	131 
3801	266 
3802	260 
3803	269 
3804	115 
3805	139 
3806	220 
3807	271 
3808	329 
3809	12 
3810	173 
3811	101 
3812	340 
3813	322 
3814	211 
3815	304 
3816	208 
3817	69 
3818	292 
3819	164 
3820	266 
3821	128 
3822	221 
3823	350 
3824	123 
3825	60 
3826	218 
3827	18 
3828	241 
3829	21 
3830	282 
3831	1 
3832	236 
3833	295 
3834	219 
3835	279 
3836	73 
3837	282 
3838	29 
3839	189 
3840	246 
3841	347 
3842	215 
3843	252 
3844	53 
3845	110 
3846	147 
3847	107 
3848	259 
3849	207 
3850	263 
3851	350 
3852	106 
3853	230 
3854	93 
3855	96 
3856	166 
3857	173 
3858	247 
3859	166 
3860	166 
3861	216 
3862	105 
3863	228 
3864	265 
3865	238 
3866	246 
3867	296 
3868	126 
3869	20 
3870	139 
3871	226 
3872	138 
3873	300 
3874	79 
3875	201 
3876	29 
3877	224 
3878	347 
3879	333 
3880	238 
3881	269 
3882	221 
3883	320 
3884	71 
3885	292 
3886	16 
3887	100 
3888	18 
3889	119 
3890	94 
3891	11 
3892	76 
3893	287 
3894	4 
3895	233 
3896	196 
3897	133 
3898	161 
3899	303 
3900	314 
3901	147 
3902	70 
3903	214 
3904	257 
3905	43 
3906	55 
3907	137 
3908	201 
3909	184 
3910	175 
3911	256 
3912	258 
3913	292 
3914	160 
3915	206 
3916	226 
3917	146 
3918	6 
3919	308 
3920	194 
3921	267 
3922	92 
3923	19 
3924	3 
3925	239 
3926	276 
3927	331 
3928	334 
3929	232 
3930	308 
3931	312 
3932	229 
3933	176 
3934	233 
3935	118 
3936	98 
3937	9 
3938	27 
3939	186 
3940	303 
3941	31 
3942	301 
3943	321 
3944	208 
3945	201 
3946	13 
3947	34 
3948	319 
3949	289 
3950	266 
3951	235 
3952	33 
3953	42 
3954	92 
3955	248 
3956	260 
3957	164 
3958	318 
3959	344 
3960	350 
3961	331 
3962	141 
3963	166 
3964	247 
3965	279 
3966	244 
3967	265 
3968	168 
3969	81 
3970	160 
3971	305 
3972	248 
3973	83 
3974	317 
3975	130 
3976	302 
3977	219 
3978	25 
3979	234 
3980	147 
3981	73 
3982	123 
3983	332 
3984	52 
3985	206 
3986	139 
3987	334 
3988	17 
3989	162 
3990	204 
3991	55 
3992	236 
3993	123 
3994	201 
3995	4 
3996	301 
3997	125 
3998	271 
3999	31 
4000	344 
4001	122 
4002	112 
4003	138 
4004	158 
4005	263 
4006	237 
4007	254 
4008	280 
4009	344 
4010	296 
4011	87 
4012	146 
4013	328 
4014	117 
4015	304 
4016	71 
4017	82 
4018	319 
4019	65 
4020	92 
4021	198 
4022	116 
4023	25 
4024	4 
4025	154 
4026	341 
4027	267 
4028	86 
4029	148 
4030	185 
4031	255 
4032	286 
4033	84 
4034	118 
4035	323 
4036	212 
4037	269 
4038	35 
4039	51 
4040	223 
4041	50 
4042	174 
4043	322 
4044	338 
4045	235 
4046	135 
4047	154 
4048	28 
4049	202 
4050	16 
4051	319 
4052	16 
4053	347 
4054	244 
4055	172 
4056	167 
4057	112 
4058	192 
4059	244 
4060	333 
4061	195 
4062	343 
4063	207 
4064	60 
4065	197 
4066	156 
4067	110 
4068	97 
4069	106 
4070	300 
4071	320 
4072	95 
4073	204 
4074	214 
4075	238 
4076	241 
4077	171 
4078	200 
4079	215 
4080	30 
4081	282 
4082	70 
4083	250 
4084	5 
4085	338 
4086	90 
4087	347 
4088	230 
4089	313 
4090	104 
4091	139 
4092	67 
4093	271 
4094	98 
4095	118 
4096	248 
4097	38 
4098	345 
4099	325 
4100	244 
4101	306 
4102	4 
4103	52 
4104	153 
4105	314 
4106	317 
4107	266 
4108	298 
4109	59 
4110	192 
4111	40 
4112	220 
4113	10 
4114	314 
4115	50 
4116	19 
4117	304 
4118	316 
4119	216 
4120	336 
4121	318 
4122	176 
4123	271 
4124	78 
4125	307 
4126	3 
4127	53 
4128	256 
4129	178 
4130	10 
4131	51 
4132	241 
4133	83 
4134	222 
4135	176 
4136	276 
4137	248 
4138	9 
4139	261 
4140	161 
4141	220 
4142	297 
4143	25 
4144	10 
4145	289 
4146	1 
4147	228 
4148	113 
4149	336 
4150	171 
4151	252 
4152	257 
4153	209 
4154	109 
4155	295 
4156	241 
4157	10 
4158	269 
4159	295 
4160	168 
4161	209 
4162	267 
4163	87 
4164	232 
4165	3 
4166	209 
4167	228 
4168	239 
4169	339 
4170	39 
4171	294 
4172	194 
4173	78 
4174	270 
4175	215 
4176	223 
4177	175 
4178	95 
4179	173 
4180	330 
4181	168 
4182	62 
4183	274 
4184	282 
4185	303 
4186	70 
4187	312 
4188	329 
4189	332 
4190	42 
4191	320 
4192	219 
4193	74 
4194	237 
4195	315 
4196	138 
4197	345 
4198	273 
4199	328 
4200	84 
4201	108 
4202	13 
4203	182 
4204	26 
4205	299 
4206	221 
4207	96 
4208	110 
4209	286 
4210	202 
4211	252 
4212	208 
4213	102 
4214	107 
4215	139 
4216	18 
4217	231 
4218	70 
4219	129 
4220	122 
4221	37 
4222	166 
4223	38 
4224	161 
4225	140 
4226	150 
4227	211 
4228	204 
4229	193 
4230	261 
4231	176 
4232	38 
4233	239 
4234	50 
4235	28 
4236	74 
4237	344 
4238	291 
4239	350 
4240	319 
4241	341 
4242	255 
4243	2 
4244	112 
4245	235 
4246	67 
4247	287 
4248	316 
4249	235 
4250	224 
4251	186 
4252	205 
4253	164 
4254	308 
4255	299 
4256	301 
4257	124 
4258	84 
4259	179 
4260	53 
4261	261 
4262	150 
4263	249 
4264	34 
4265	200 
4266	322 
4267	108 
4268	10 
4269	283 
4270	107 
4271	254 
4272	260 
4273	315 
4274	138 
4275	233 
4276	185 
4277	296 
4278	308 
4279	314 
4280	245 
4281	75 
4282	116 
4283	180 
4284	25 
4285	187 
4286	152 
4287	194 
4288	130 
4289	340 
4290	305 
4291	265 
4292	69 
4293	79 
4294	120 
4295	309 
4296	72 
4297	189 
4298	281 
4299	264 
4300	107 
4301	105 
4302	49 
4303	236 
4304	259 
4305	327 
4306	93 
4307	336 
4308	91 
4309	257 
4310	306 
4311	173 
4312	213 
4313	297 
4314	79 
4315	74 
4316	320 
4317	157 
4318	296 
4319	85 
4320	313 
4321	86 
4322	337 
4323	130 
4324	116 
4325	59 
4326	176 
4327	212 
4328	240 
4329	110 
4330	206 
4331	107 
4332	135 
4333	171 
4334	147 
4335	146 
4336	337 
4337	215 
4338	177 
4339	31 
4340	33 
4341	183 
4342	86 
4343	197 
4344	36 
4345	30 
4346	327 
4347	289 
4348	25 
4349	41 
4350	95 
4351	192 
4352	334 
4353	150 
4354	215 
4355	57 
4356	191 
4357	88 
4358	125 
4359	105 
4360	22 
4361	179 
4362	82 
4363	62 
4364	151 
4365	21 
4366	226 
4367	20 
4368	111 
4369	330 
4370	295 
4371	220 
4372	47 
4373	205 
4374	27 
4375	135 
4376	317 
4377	17 
4378	22 
4379	289 
4380	111 
4381	343 
4382	232 
4383	80 
4384	333 
4385	315 
4386	27 
4387	109 
4388	42 
4389	312 
4390	329 
4391	66 
4392	341 
4393	324 
4394	47 
4395	83 
4396	320 
4397	273 
4398	289 
4399	233 
4400	328 
4401	163 
4402	118 
4403	336 
4404	343 
4405	144 
4406	108 
4407	285 
4408	229 
4409	247 
4410	279 
4411	152 
4412	349 
4413	265 
4414	227 
4415	297 
4416	199 
4417	139 
4418	278 
4419	57 
4420	89 
4421	159 
4422	342 
4423	247 
4424	304 
4425	335 
4426	56 
4427	7 
4428	312 
4429	219 
4430	163 
4431	137 
4432	332 
4433	326 
4434	8 
4435	340 
4436	304 
4437	240 
4438	289 
4439	73 
4440	166 
4441	303 
4442	285 
4443	190 
4444	41 
4445	183 
4446	319 
4447	28 
4448	287 
4449	229 
4450	62 
4451	323 
4452	172 
4453	51 
4454	281 
4455	251 
4456	189 
4457	132 
4458	166 
4459	101 
4460	222 
4461	213 
4462	277 
4463	58 
4464	162 
4465	23 
4466	26 
4467	246 
4468	2 
4469	324 
4470	108 
4471	21 
4472	147 
4473	32 
4474	80 
4475	174 
4476	153 
4477	175 
4478	37 
4479	223 
4480	110 
4481	41 
4482	51 
4483	68 
4484	24 
4485	59 
4486	88 
4487	139 
4488	10 
4489	118 
4490	183 
4491	142 
4492	69 
4493	243 
4494	133 
4495	217 
4496	104 
4497	254 
4498	63 
4499	164 
4500	334 
4501	332 
4502	67 
4503	134 
4504	259 
4505	199 
4506	131 
4507	313 
4508	305 
4509	138 
4510	212 
4511	189 
4512	272 
4513	264 
4514	301 
4515	144 
4516	59 
4517	126 
4518	315 
4519	162 
4520	241 
4521	289 
4522	350 
4523	3 
4524	218 
4525	316 
4526	326 
4527	22 
4528	180 
4529	275 
4530	199 
4531	296 
4532	213 
4533	123 
4534	21 
4535	316 
4536	282 
4537	223 
4538	202 
4539	92 
4540	246 
4541	279 
4542	108 
4543	275 
4544	162 
4545	86 
4546	252 
4547	87 
4548	321 
4549	95 
4550	219 
4551	279 
4552	310 
4553	343 
4554	201 
4555	139 
4556	147 
4557	97 
4558	239 
4559	340 
4560	200 
4561	193 
4562	17 
4563	227 
4564	267 
4565	211 
4566	37 
4567	280 
4568	10 
4569	165 
4570	129 
4571	266 
4572	254 
4573	270 
4574	115 
4575	24 
4576	251 
4577	301 
4578	343 
4579	48 
4580	144 
4581	167 
4582	296 
4583	346 
4584	110 
4585	43 
4586	223 
4587	110 
4588	150 
4589	245 
4590	279 
4591	2 
4592	185 
4593	64 
4594	192 
4595	166 
4596	177 
4597	156 
4598	4 
4599	55 
4600	336 
4601	114 
4602	28 
4603	349 
4604	42 
4605	2 
4606	83 
4607	226 
4608	43 
4609	104 
4610	69 
4611	169 
4612	62 
4613	269 
4614	131 
4615	191 
4616	296 
4617	50 
4618	95 
4619	151 
4620	284 
4621	169 
4622	330 
4623	128 
4624	45 
4625	110 
4626	235 
4627	121 
4628	116 
4629	328 
4630	10 
4631	263 
4632	99 
4633	24 
4634	205 
4635	214 
4636	273 
4637	108 
4638	31 
4639	261 
4640	132 
4641	343 
4642	41 
4643	121 
4644	50 
4645	73 
4646	27 
4647	120 
4648	265 
4649	142 
4650	98 
4651	99 
4652	267 
4653	300 
4654	235 
4655	55 
4656	217 
4657	77 
4658	24 
4659	28 
4660	27 
4661	275 
4662	64 
4663	164 
4664	40 
4665	170 
4666	272 
4667	177 
4668	13 
4669	341 
4670	280 
4671	211 
4672	267 
4673	75 
4674	9 
4675	273 
4676	93 
4677	7 
4678	240 
4679	286 
4680	108 
4681	150 
4682	154 
4683	187 
4684	131 
4685	150 
4686	347 
4687	11 
4688	125 
4689	73 
4690	275 
4691	24 
4692	169 
4693	241 
4694	118 
4695	315 
4696	348 
4697	65 
4698	67 
4699	29 
4700	120 
4701	281 
4702	141 
4703	329 
4704	21 
4705	234 
4706	90 
4707	250 
4708	3 
4709	234 
4710	256 
4711	231 
4712	75 
4713	64 
4714	131 
4715	338 
4716	77 
4717	262 
4718	336 
4719	238 
4720	344 
4721	67 
4722	64 
4723	125 
4724	50 
4725	301 
4726	112 
4727	145 
4728	15 
4729	118 
4730	161 
4731	274 
4732	288 
4733	328 
4734	246 
4735	285 
4736	63 
4737	229 
4738	333 
4739	2 
4740	161 
4741	2 
4742	132 
4743	160 
4744	116 
4745	60 
4746	197 
4747	89 
4748	340 
4749	296 
4750	4 
4751	139 
4752	194 
4753	306 
4754	326 
4755	224 
4756	30 
4757	282 
4758	336 
4759	326 
4760	320 
4761	164 
4762	20 
4763	256 
4764	245 
4765	43 
4766	153 
4767	183 
4768	28 
4769	148 
4770	348 
4771	263 
4772	287 
4773	42 
4774	313 
4775	211 
4776	201 
4777	52 
4778	118 
4779	291 
4780	275 
4781	198 
4782	97 
4783	236 
4784	74 
4785	308 
4786	280 
4787	341 
4788	138 
4789	93 
4790	277 
4791	251 
4792	250 
4793	152 
4794	290 
4795	184 
4796	194 
4797	252 
4798	224 
4799	151 
4800	320 
4801	6 
4802	39 
4803	207 
4804	26 
4805	225 
4806	161 
4807	154 
4808	41 
4809	46 
4810	195 
4811	159 
4812	171 
4813	283 
4814	111 
4815	300 
4816	236 
4817	156 
4818	308 
4819	142 
4820	19 
4821	338 
4822	228 
4823	141 
4824	74 
4825	258 
4826	325 
4827	141 
4828	164 
4829	293 
4830	250 
4831	105 
4832	186 
4833	143 
4834	130 
4835	161 
4836	22 
4837	136 
4838	217 
4839	54 
4840	185 
4841	104 
4842	260 
4843	295 
4844	193 
4845	76 
4846	328 
4847	171 
4848	286 
4849	324 
4850	75 
4851	59 
4852	197 
4853	222 
4854	92 
4855	23 
4856	290 
4857	45 
4858	90 
4859	278 
4860	338 
4861	29 
4862	40 
4863	101 
4864	45 
4865	344 
4866	167 
4867	55 
4868	151 
4869	125 
4870	115 
4871	289 
4872	145 
4873	189 
4874	136 
4875	211 
4876	199 
4877	180 
4878	159 
4879	86 
4880	109 
4881	133 
4882	153 
4883	122 
4884	272 
4885	177 
4886	41 
4887	199 
4888	123 
4889	183 
4890	129 
4891	293 
4892	140 
4893	222 
4894	81 
4895	333 
4896	44 
4897	277 
4898	107 
4899	42 
4900	4 
4901	96 
4902	237 
4903	204 
4904	223 
4905	49 
4906	336 
4907	327 
4908	114 
4909	302 
4910	193 
4911	17 
4912	259 
4913	54 
4914	22 
4915	143 
4916	173 
4917	24 
4918	143 
4919	288 
4920	141 
4921	271 
4922	198 
4923	222 
4924	107 
4925	30 
4926	22 
4927	39 
4928	77 
4929	347 
4930	41 
4931	44 
4932	55 
4933	268 
4934	205 
4935	88 
4936	304 
4937	296 
4938	144 
4939	145 
4940	117 
4941	26 
4942	220 
4943	107 
4944	209 
4945	118 
4946	73 
4947	157 
4948	134 
4949	23 
4950	67 
4951	122 
4952	340 
4953	65 
4954	335 
4955	165 
4956	178 
4957	148 
4958	103 
4959	280 
4960	106 
4961	290 
4962	159 
4963	337 
4964	33 
4965	50 
4966	285 
4967	95 
4968	39 
4969	119 
4970	240 
4971	300 
4972	154 
4973	46 
4974	70 
4975	71 
4976	63 
4977	67 
4978	159 
4979	251 
4980	133 
4981	122 
4982	248 
4983	90 
4984	179 
4985	88 
4986	40 
4987	279 
4988	15 
4989	338 
4990	235 
4991	199 
4992	147 
4993	45 
4994	244 
4995	36 
4996	15 
4997	271 
4998	12 
4999	164 
5000	321 
5001	218 
5002	4 
5003	29 
5004	6 
5005	104 
5006	97 
5007	181 
5008	284 
5009	131 
5010	173 
5011	227 
5012	255 
5013	65 
5014	6 
5015	26 
5016	221 
5017	346 
5018	300 
5019	54 
5020	307 
5021	263 
5022	337 
5023	117 
5024	50 
5025	188 
5026	308 
5027	286 
5028	8 
5029	245 
5030	134 
5031	188 
5032	258 
5033	197 
5034	22 
5035	134 
5036	200 
5037	76 
5038	134 
5039	32 
5040	312 
5041	220 
5042	55 
5043	1 
5044	113 
5045	204 
5046	118 
5047	293 
5048	145 
5049	181 
5050	244 
5051	98 
5052	156 
5053	64 
5054	16 
5055	241 
5056	349 
5057	14 
5058	141 
5059	309 
5060	328 
5061	259 
5062	178 
5063	71 
5064	202 
5065	130 
5066	202 
5067	241 
5068	307 
5069	113 
5070	326 
5071	205 
5072	12 
5073	89 
5074	175 
5075	76 
5076	305 
5077	99 
5078	34 
5079	243 
5080	307 
5081	70 
5082	117 
5083	311 
5084	10 
5085	51 
5086	80 
5087	173 
5088	345 
5089	17 
5090	204 
5091	244 
5092	317 
5093	297 
5094	196 
5095	154 
5096	10 
5097	161 
5098	53 
5099	113 
5100	156 
5101	185 
5102	318 
5103	116 
5104	320 
5105	236 
5106	293 
5107	172 
5108	190 
5109	238 
5110	167 
5111	43 
5112	195 
5113	85 
5114	150 
5115	350 
5116	100 
5117	56 
5118	169 
5119	8 
5120	112 
5121	207 
5122	148 
5123	84 
5124	297 
5125	222 
5126	42 
5127	289 
5128	321 
5129	119 
5130	202 
5131	315 
5132	199 
5133	65 
5134	33 
5135	76 
5136	75 
5137	219 
5138	80 
5139	211 
5140	44 
5141	304 
5142	68 
5143	169 
5144	68 
5145	241 
5146	70 
5147	11 
5148	175 
5149	100 
5150	86 
5151	80 
5152	71 
5153	300 
5154	343 
5155	269 
5156	120 
5157	327 
5158	287 
5159	195 
5160	232 
5161	39 
5162	162 
5163	170 
5164	289 
5165	11 
5166	41 
5167	325 
5168	66 
5169	114 
5170	307 
5171	121 
5172	132 
5173	107 
5174	92 
5175	280 
5176	31 
5177	190 
5178	224 
5179	97 
5180	315 
5181	348 
5182	168 
5183	156 
5184	26 
5185	97 
5186	228 
5187	282 
5188	186 
5189	128 
5190	62 
5191	126 
5192	291 
5193	243 
5194	132 
5195	55 
5196	35 
5197	280 
5198	182 
5199	335 
5200	59 
5201	126 
5202	35 
5203	296 
5204	121 
5205	14 
5206	302 
5207	50 
5208	22 
5209	174 
5210	225 
5211	98 
5212	225 
5213	145 
5214	97 
5215	49 
5216	222 
5217	53 
5218	201 
5219	67 
5220	170 
5221	47 
5222	241 
5223	201 
5224	340 
5225	151 
5226	19 
5227	278 
5228	98 
5229	157 
5230	183 
5231	94 
5232	288 
5233	326 
5234	278 
5235	256 
5236	309 
5237	68 
5238	294 
5239	184 
5240	65 
5241	318 
5242	227 
5243	24 
5244	344 
5245	334 
5246	102 
5247	95 
5248	198 
5249	238 
5250	14 
5251	238 
5252	30 
5253	153 
5254	113 
5255	258 
5256	301 
5257	145 
5258	125 
5259	207 
5260	51 
5261	313 
5262	260 
5263	118 
5264	199 
5265	38 
5266	324 
5267	47 
5268	233 
5269	258 
5270	341 
5271	198 
5272	154 
5273	23 
5274	338 
5275	299 
5276	102 
5277	224 
5278	317 
5279	341 
5280	284 
5281	340 
5282	162 
5283	53 
5284	104 
5285	259 
5286	163 
5287	229 
5288	318 
5289	156 
5290	139 
5291	112 
5292	245 
5293	71 
5294	50 
5295	83 
5296	327 
5297	150 
5298	64 
5299	172 
5300	25 
5301	48 
5302	116 
5303	12 
5304	255 
5305	134 
5306	115 
5307	242 
5308	244 
5309	186 
5310	252 
5311	173 
5312	61 
5313	182 
5314	196 
5315	256 
5316	308 
5317	25 
5318	334 
5319	25 
5320	186 
5321	126 
5322	119 
5323	274 
5324	248 
5325	228 
5326	52 
5327	8 
5328	288 
5329	44 
5330	341 
5331	291 
5332	39 
5333	152 
5334	208 
5335	274 
5336	152 
5337	136 
5338	71 
5339	234 
5340	255 
5341	149 
5342	340 
5343	232 
5344	186 
5345	315 
5346	149 
5347	21 
5348	286 
5349	288 
5350	201 
5351	101 
5352	185 
5353	213 
5354	158 
5355	208 
5356	126 
5357	335 
5358	261 
5359	247 
5360	218 
5361	185 
5362	315 
5363	205 
5364	301 
5365	76 
5366	242 
5367	4 
5368	268 
5369	266 
5370	185 
5371	46 
5372	221 
5373	336 
5374	184 
5375	319 
5376	255 
5377	263 
5378	237 
5379	282 
5380	79 
5381	309 
5382	117 
5383	84 
5384	80 
5385	284 
5386	213 
5387	269 
5388	344 
5389	313 
5390	200 
5391	234 
5392	134 
5393	37 
5394	96 
5395	271 
5396	149 
5397	154 
5398	350 
5399	317 
5400	331 
5401	139 
5402	135 
5403	287 
5404	124 
5405	272 
5406	88 
5407	286 
5408	248 
5409	322 
5410	175 
5411	329 
5412	15 
5413	37 
5414	116 
5415	219 
5416	301 
5417	301 
5418	93 
5419	45 
5420	96 
5421	257 
5422	146 
5423	11 
5424	121 
5425	229 
5426	34 
5427	95 
5428	15 
5429	255 
5430	345 
5431	277 
5432	5 
5433	229 
5434	52 
5435	139 
5436	135 
5437	256 
5438	260 
5439	26 
5440	8 
5441	30 
5442	145 
5443	300 
5444	314 
5445	255 
5446	157 
5447	46 
5448	79 
5449	118 
5450	270 
5451	49 
5452	283 
5453	11 
5454	289 
5455	143 
5456	112 
5457	315 
5458	286 
5459	303 
5460	328 
5461	282 
5462	93 
5463	167 
5464	332 
5465	26 
5466	43 
5467	127 
5468	204 
5469	279 
5470	339 
5471	23 
5472	174 
5473	126 
5474	235 
5475	199 
5476	78 
5477	278 
5478	309 
5479	233 
5480	166 
5481	211 
5482	287 
5483	241 
5484	19 
5485	81 
5486	252 
5487	217 
5488	198 
5489	318 
5490	180 
5491	144 
5492	299 
5493	19 
5494	115 
5495	107 
5496	301 
5497	90 
5498	317 
5499	283 
5500	1 
5501	281 
5502	23 
5503	48 
5504	88 
5505	269 
5506	248 
5507	144 
5508	111 
5509	232 
5510	117 
5511	36 
5512	233 
5513	318 
5514	193 
5515	200 
5516	72 
5517	42 
5518	184 
5519	237 
5520	73 
5521	147 
5522	251 
5523	332 
5524	23 
5525	116 
5526	2 
5527	239 
5528	175 
5529	57 
5530	62 
5531	278 
5532	332 
5533	184 
5534	184 
5535	6 
5536	135 
5537	255 
5538	337 
5539	244 
5540	302 
5541	207 
5542	195 
5543	281 
5544	183 
5545	163 
5546	250 
5547	203 
5548	11 
5549	325 
5550	344 
5551	228 
5552	190 
5553	259 
5554	183 
5555	136 
5556	174 
5557	162 
5558	23 
5559	203 
5560	51 
5561	47 
5562	269 
5563	193 
5564	137 
5565	85 
5566	109 
5567	200 
5568	32 
5569	135 
5570	42 
5571	145 
5572	300 
5573	228 
5574	61 
5575	147 
5576	233 
5577	256 
5578	209 
5579	262 
5580	112 
5581	95 
5582	305 
5583	331 
5584	40 
5585	96 
5586	80 
5587	30 
5588	154 
5589	172 
5590	334 
5591	16 
5592	234 
5593	165 
5594	228 
5595	168 
5596	304 
5597	42 
5598	114 
5599	151 
5600	159 
5601	252 
5602	143 
5603	246 
5604	170 
5605	258 
5606	265 
5607	289 
5608	125 
5609	200 
5610	210 
5611	274 
5612	245 
5613	175 
5614	40 
5615	253 
5616	173 
5617	139 
5618	248 
5619	88 
5620	34 
5621	255 
5622	297 
5623	192 
5624	253 
5625	283 
5626	187 
5627	53 
5628	212 
5629	37 
5630	148 
5631	242 
5632	322 
5633	163 
5634	122 
5635	57 
5636	218 
5637	325 
5638	78 
5639	291 
5640	83 
5641	266 
5642	49 
5643	255 
5644	247 
5645	120 
5646	279 
5647	80 
5648	279 
5649	72 
5650	69 
5651	255 
5652	219 
5653	192 
5654	3 
5655	326 
5656	20 
5657	121 
5658	124 
5659	79 
5660	187 
5661	207 
5662	255 
5663	38 
5664	140 
5665	17 
5666	195 
5667	200 
5668	270 
5669	350 
5670	334 
5671	107 
5672	63 
5673	186 
5674	263 
5675	272 
5676	147 
5677	111 
5678	93 
5679	344 
5680	239 
5681	335 
5682	68 
5683	24 
5684	219 
5685	237 
5686	119 
5687	334 
5688	195 
5689	65 
5690	264 
5691	304 
5692	280 
5693	214 
5694	184 
5695	236 
5696	248 
5697	224 
5698	163 
5699	95 
5700	282 
5701	294 
5702	66 
5703	127 
5704	87 
5705	315 
5706	71 
5707	320 
5708	238 
5709	104 
5710	127 
5711	189 
5712	209 
5713	331 
5714	34 
5715	315 
5716	243 
5717	212 
5718	247 
5719	92 
5720	184 
5721	257 
5722	71 
5723	208 
5724	185 
5725	22 
5726	167 
5727	281 
5728	104 
5729	283 
5730	263 
5731	195 
5732	61 
5733	235 
5734	348 
5735	296 
5736	75 
5737	282 
5738	182 
5739	77 
5740	131 
5741	239 
5742	130 
5743	83 
5744	236 
5745	231 
5746	4 
5747	66 
5748	114 
5749	100 
5750	94 
5751	80 
5752	5 
5753	280 
5754	159 
5755	180 
5756	149 
5757	36 
5758	187 
5759	199 
5760	2 
5761	336 
5762	263 
5763	190 
5764	256 
5765	169 
5766	153 
5767	78 
5768	43 
5769	19 
5770	241 
5771	334 
5772	160 
5773	325 
5774	253 
5775	218 
5776	74 
5777	84 
5778	194 
5779	58 
5780	237 
5781	15 
5782	200 
5783	202 
5784	145 
5785	262 
5786	209 
5787	101 
5788	200 
5789	133 
5790	104 
5791	140 
5792	348 
5793	152 
5794	113 
5795	217 
5796	289 
5797	296 
5798	217 
5799	110 
5800	247 
5801	128 
5802	260 
5803	188 
5804	200 
5805	210 
5806	53 
5807	264 
5808	226 
5809	109 
5810	238 
5811	116 
5812	278 
5813	91 
5814	329 
5815	238 
5816	280 
5817	258 
5818	228 
5819	272 
5820	272 
5821	96 
5822	277 
5823	320 
5824	33 
5825	67 
5826	73 
5827	71 
5828	170 
5829	303 
5830	10 
5831	147 
5832	20 
5833	70 
5834	5 
5835	306 
5836	83 
5837	231 
5838	3 
5839	75 
5840	62 
5841	1 
5842	49 
5843	317 
5844	81 
5845	18 
5846	205 
5847	348 
5848	149 
5849	95 
5850	64 
5851	148 
5852	3 
5853	78 
5854	238 
5855	59 
5856	59 
5857	56 
5858	127 
5859	131 
5860	266 
5861	7 
5862	76 
5863	311 
5864	163 
5865	69 
5866	174 
5867	17 
5868	205 
5869	291 
5870	131 
5871	302 
5872	253 
5873	113 
5874	68 
5875	121 
5876	30 
5877	131 
5878	281 
5879	194 
5880	215 
5881	22 
5882	234 
5883	174 
5884	145 
5885	252 
5886	325 
5887	244 
5888	69 
5889	281 
5890	291 
5891	328 
5892	114 
5893	262 
5894	280 
5895	317 
5896	175 
5897	110 
5898	18 
5899	113 
5900	146 
5901	7 
5902	267 
5903	284 
5904	189 
5905	45 
5906	145 
5907	294 
5908	185 
5909	20 
5910	5 
5911	52 
5912	264 
5913	232 
5914	175 
5915	136 
5916	249 
5917	17 
5918	282 
5919	277 
5920	165 
5921	176 
5922	201 
5923	243 
5924	158 
5925	178 
5926	172 
5927	328 
5928	270 
5929	313 
5930	211 
5931	154 
5932	52 
5933	294 
5934	54 
5935	308 
5936	189 
5937	185 
5938	194 
5939	174 
5940	329 
5941	183 
5942	339 
5943	288 
5944	5 
5945	25 
5946	238 
5947	107 
5948	205 
5949	248 
5950	246 
5951	10 
5952	173 
5953	278 
5954	242 
5955	243 
5956	29 
5957	40 
5958	7 
5959	189 
5960	279 
5961	214 
5962	42 
5963	307 
5964	123 
5965	294 
5966	81 
5967	290 
5968	144 
5969	244 
5970	113 
5971	313 
5972	96 
5973	241 
5974	88 
5975	88 
5976	238 
5977	144 
5978	348 
5979	245 
5980	337 
5981	102 
5982	282 
5983	320 
5984	260 
5985	5 
5986	315 
5987	101 
5988	149 
5989	158 
5990	245 
5991	32 
5992	215 
5993	131 
5994	217 
5995	348 
5996	158 
5997	256 
5998	44 
5999	81 
6000	193 
6001	246 
6002	241 
6003	341 
6004	137 
6005	148 
6006	247 
6007	234 
6008	304 
6009	231 
6010	244 
6011	207 
6012	346 
6013	244 
6014	246 
6015	219 
6016	215 
6017	202 
6018	199 
6019	57 
6020	32 
6021	93 
6022	301 
6023	37 
6024	29 
6025	325 
6026	34 
6027	261 
6028	63 
6029	332 
6030	143 
6031	348 
6032	4 
6033	248 
6034	69 
6035	264 
6036	35 
6037	289 
6038	51 
6039	124 
6040	211 
6041	125 
6042	164 
6043	196 
6044	39 
6045	80 
6046	62 
6047	185 
6048	201 
6049	289 
6050	246 
6051	200 
6052	183 
6053	302 
6054	187 
6055	199 
6056	86 
6057	280 
6058	164 
6059	165 
6060	198 
6061	146 
6062	104 
6063	52 
6064	236 
6065	290 
6066	188 
6067	195 
6068	21 
6069	144 
6070	318 
6071	224 
6072	68 
6073	345 
6074	67 
6075	105 
6076	340 
6077	107 
6078	22 
6079	263 
6080	162 
6081	39 
6082	240 
6083	282 
6084	343 
6085	173 
6086	124 
6087	5 
6088	306 
6089	335 
6090	117 
6091	119 
6092	255 
6093	57 
6094	338 
6095	278 
6096	111 
6097	190 
6098	124 
6099	203 
6100	16 
6101	249 
6102	50 
6103	282 
6104	52 
6105	211 
6106	104 
6107	335 
6108	42 
6109	223 
6110	174 
6111	309 
6112	186 
6113	198 
6114	105 
6115	3 
6116	87 
6117	22 
6118	212 
6119	51 
6120	76 
6121	101 
6122	282 
6123	115 
6124	101 
6125	17 
6126	302 
6127	288 
6128	173 
6129	47 
6130	303 
6131	274 
6132	258 
6133	241 
6134	307 
6135	211 
6136	66 
6137	321 
6138	234 
6139	10 
6140	153 
6141	226 
6142	90 
6143	336 
6144	234 
6145	54 
6146	301 
6147	234 
6148	96 
6149	114 
6150	7 
6151	169 
6152	140 
6153	91 
6154	350 
6155	190 
6156	35 
6157	311 
6158	110 
6159	202 
6160	243 
6161	130 
6162	40 
6163	283 
6164	5 
6165	215 
6166	172 
6167	109 
6168	340 
6169	184 
6170	210 
6171	135 
6172	29 
6173	304 
6174	70 
6175	240 
6176	176 
6177	318 
6178	235 
6179	289 
6180	266 
6181	262 
6182	132 
6183	219 
6184	158 
6185	210 
6186	178 
6187	240 
6188	240 
6189	78 
6190	334 
6191	81 
6192	163 
6193	101 
6194	80 
6195	90 
6196	9 
6197	63 
6198	21 
6199	236 
6200	268 
6201	159 
6202	345 
6203	22 
6204	123 
6205	284 
6206	176 
6207	67 
6208	245 
6209	304 
6210	240 
6211	224 
6212	248 
6213	151 
6214	17 
6215	123 
6216	320 
6217	199 
6218	37 
6219	263 
6220	86 
6221	2 
6222	50 
6223	102 
6224	39 
6225	287 
6226	210 
6227	335 
6228	229 
6229	320 
6230	328 
6231	301 
6232	253 
6233	296 
6234	175 
6235	339 
6236	249 
6237	64 
6238	332 
6239	110 
6240	332 
6241	252 
6242	84 
6243	48 
6244	170 
6245	290 
6246	61 
6247	199 
6248	128 
6249	328 
6250	335 
6251	286 
6252	140 
6253	293 
6254	42 
6255	221 
6256	35 
6257	116 
6258	237 
6259	126 
6260	251 
6261	296 
6262	130 
6263	31 
6264	188 
6265	200 
6266	139 
6267	277 
6268	24 
6269	30 
6270	115 
6271	198 
6272	209 
6273	67 
6274	260 
6275	262 
6276	333 
6277	248 
6278	115 
6279	58 
6280	71 
6281	1 
6282	176 
6283	123 
6284	280 
6285	336 
6286	10 
6287	146 
6288	260 
6289	188 
6290	21 
6291	40 
6292	56 
6293	148 
6294	208 
6295	35 
6296	102 
6297	46 
6298	290 
6299	239 
6300	239 
6301	215 
6302	326 
6303	281 
6304	110 
6305	91 
6306	338 
6307	258 
6308	233 
6309	192 
6310	62 
6311	212 
6312	210 
6313	26 
6314	306 
6315	164 
6316	221 
6317	274 
6318	151 
6319	341 
6320	253 
6321	64 
6322	23 
6323	303 
6324	178 
6325	318 
6326	131 
6327	199 
6328	301 
6329	107 
6330	126 
6331	168 
6332	69 
6333	277 
6334	125 
6335	350 
6336	49 
6337	62 
6338	57 
6339	311 
6340	123 
6341	306 
6342	229 
6343	282 
6344	71 
6345	87 
6346	304 
6347	277 
6348	73 
6349	192 
6350	128 
6351	62 
6352	97 
6353	182 
6354	154 
6355	255 
6356	111 
6357	40 
6358	97 
6359	95 
6360	264 
6361	29 
6362	16 
6363	58 
6364	21 
6365	36 
6366	231 
6367	29 
6368	196 
6369	71 
6370	38 
6371	339 
6372	152 
6373	182 
6374	326 
6375	317 
6376	93 
6377	219 
6378	56 
6379	75 
6380	249 
6381	95 
6382	58 
6383	263 
6384	293 
6385	253 
6386	214 
6387	35 
6388	320 
6389	160 
6390	302 
6391	8 
6392	253 
6393	329 
6394	11 
6395	172 
6396	322 
6397	205 
6398	208 
6399	242 
6400	274 
6401	193 
6402	226 
6403	81 
6404	102 
6405	337 
6406	158 
6407	42 
6408	31 
6409	322 
6410	136 
6411	274 
6412	67 
6413	165 
6414	336 
6415	87 
6416	196 
6417	149 
6418	336 
6419	347 
6420	347 
6421	339 
6422	62 
6423	337 
6424	158 
6425	90 
6426	146 
6427	187 
6428	172 
6429	143 
6430	170 
6431	304 
6432	94 
6433	189 
6434	31 
6435	14 
6436	39 
6437	6 
6438	6 
6439	195 
6440	147 
6441	189 
6442	119 
6443	266 
6444	270 
6445	101 
6446	79 
6447	87 
6448	268 
6449	350 
6450	56 
6451	212 
6452	131 
6453	164 
6454	107 
6455	210 
6456	184 
6457	77 
6458	56 
6459	239 
6460	9 
6461	94 
6462	320 
6463	76 
6464	278 
6465	215 
6466	104 
6467	69 
6468	121 
6469	106 
6470	109 
6471	1 
6472	221 
6473	152 
6474	318 
6475	243 
6476	114 
6477	327 
6478	174 
6479	68 
6480	301 
6481	51 
6482	137 
6483	226 
6484	281 
6485	245 
6486	71 
6487	229 
6488	238 
6489	146 
6490	208 
6491	189 
6492	77 
6493	88 
6494	267 
6495	69 
6496	49 
6497	154 
6498	338 
6499	7 
6500	271 
6501	87 
6502	105 
6503	47 
6504	173 
6505	101 
6506	338 
6507	30 
6508	9 
6509	44 
6510	260 
6511	94 
6512	136 
6513	346 
6514	54 
6515	145 
6516	217 
6517	258 
6518	322 
6519	58 
6520	110 
6521	215 
6522	162 
6523	238 
6524	211 
6525	58 
6526	1 
6527	202 
6528	279 
6529	201 
6530	244 
6531	333 
6532	288 
6533	283 
6534	263 
6535	85 
6536	248 
6537	58 
6538	348 
6539	86 
6540	244 
6541	334 
6542	123 
6543	290 
6544	50 
6545	38 
6546	172 
6547	56 
6548	274 
6549	203 
6550	294 
6551	130 
6552	126 
6553	88 
6554	165 
6555	209 
6556	338 
6557	309 
6558	34 
6559	205 
6560	180 
6561	189 
6562	106 
6563	123 
6564	48 
6565	126 
6566	307 
6567	246 
6568	188 
6569	143 
6570	104 
6571	71 
6572	32 
6573	174 
6574	174 
6575	67 
6576	302 
6577	62 
6578	201 
6579	317 
6580	78 
6581	16 
6582	10 
6583	284 
6584	208 
6585	253 
6586	94 
6587	180 
6588	260 
6589	176 
6590	287 
6591	147 
6592	140 
6593	345 
6594	78 
6595	328 
6596	189 
6597	214 
6598	229 
6599	176 
6600	46 
6601	86 
6602	188 
6603	83 
6604	246 
6605	109 
6606	302 
6607	34 
6608	20 
6609	102 
6610	341 
6611	172 
6612	274 
6613	256 
6614	199 
6615	68 
6616	251 
6617	347 
6618	22 
6619	203 
6620	44 
6621	189 
6622	205 
6623	185 
6624	190 
6625	183 
6626	231 
6627	236 
6628	288 
6629	91 
6630	198 
6631	348 
6632	77 
6633	274 
6634	193 
6635	66 
6636	7 
6637	87 
6638	49 
6639	46 
6640	218 
6641	266 
6642	72 
6643	9 
6644	188 
6645	226 
6646	14 
6647	54 
6648	165 
6649	3 
6650	31 
6651	334 
6652	43 
6653	239 
6654	288 
6655	333 
6656	123 
6657	97 
6658	242 
6659	217 
6660	124 
6661	274 
6662	320 
6663	339 
6664	302 
6665	2 
6666	250 
6667	235 
6668	203 
6669	303 
6670	56 
6671	317 
6672	311 
6673	46 
6674	72 
6675	45 
6676	123 
6677	259 
6678	164 
6679	289 
6680	313 
6681	74 
6682	337 
6683	229 
6684	326 
6685	207 
6686	178 
6687	350 
6688	271 
6689	6 
6690	192 
6691	244 
6692	58 
6693	61 
6694	334 
6695	204 
6696	339 
6697	238 
6698	98 
6699	119 
6700	208 
6701	183 
6702	283 
6703	306 
6704	1 
6705	311 
6706	348 
6707	200 
6708	205 
6709	5 
6710	235 
6711	259 
6712	274 
6713	136 
6714	139 
6715	322 
6716	226 
6717	104 
6718	218 
6719	294 
6720	7 
6721	252 
6722	234 
6723	294 
6724	338 
6725	241 
6726	126 
6727	348 
6728	97 
6729	84 
6730	102 
6731	302 
6732	304 
6733	205 
6734	249 
6735	259 
6736	88 
6737	238 
6738	161 
6739	74 
6740	66 
6741	101 
6742	322 
6743	350 
6744	284 
6745	221 
6746	233 
6747	287 
6748	214 
6749	217 
6750	224 
6751	116 
6752	239 
6753	317 
6754	228 
6755	105 
6756	74 
6757	91 
6758	176 
6759	46 
6760	348 
6761	146 
6762	189 
6763	194 
6764	346 
6765	263 
6766	43 
6767	214 
6768	168 
6769	253 
6770	76 
6771	332 
6772	149 
6773	100 
6774	151 
6775	281 
6776	231 
6777	256 
6778	208 
6779	4 
6780	235 
6781	40 
6782	270 
6783	229 
6784	304 
6785	128 
6786	183 
6787	269 
6788	278 
6789	116 
6790	30 
6791	8 
6792	199 
6793	6 
6794	253 
6795	238 
6796	329 
6797	105 
6798	61 
6799	36 
6800	182 
6801	262 
6802	5 
6803	329 
6804	327 
6805	62 
6806	335 
6807	210 
6808	183 
6809	207 
6810	91 
6811	164 
6812	180 
6813	4 
6814	81 
6815	233 
6816	46 
6817	169 
6818	168 
6819	261 
6820	154 
6821	261 
6822	79 
6823	198 
6824	11 
6825	40 
6826	32 
6827	200 
6828	219 
6829	84 
6830	72 
6831	340 
6832	240 
6833	100 
6834	123 
6835	337 
6836	45 
6837	172 
6838	315 
6839	120 
6840	32 
6841	180 
6842	50 
6843	95 
6844	107 
6845	115 
6846	226 
6847	153 
6848	286 
6849	208 
6850	173 
6851	322 
6852	278 
6853	61 
6854	198 
6855	337 
6856	215 
6857	110 
6858	61 
6859	130 
6860	37 
6861	147 
6862	214 
6863	48 
6864	169 
6865	174 
6866	332 
6867	202 
6868	239 
6869	204 
6870	278 
6871	250 
6872	287 
6873	20 
6874	264 
6875	83 
6876	243 
6877	251 
6878	10 
6879	53 
6880	199 
6881	322 
6882	130 
6883	253 
6884	175 
6885	54 
6886	98 
6887	237 
6888	63 
6889	293 
6890	14 
6891	271 
6892	211 
6893	74 
6894	293 
6895	229 
6896	269 
6897	329 
6898	121 
6899	203 
6900	66 
6901	188 
6902	291 
6903	333 
6904	16 
6905	282 
6906	172 
6907	347 
6908	313 
6909	339 
6910	71 
6911	143 
6912	77 
6913	167 
6914	270 
6915	35 
6916	200 
6917	144 
6918	335 
6919	210 
6920	70 
6921	16 
6922	300 
6923	307 
6924	77 
6925	161 
6926	85 
6927	102 
6928	72 
6929	277 
6930	119 
6931	332 
6932	168 
6933	38 
6934	130 
6935	283 
6936	194 
6937	10 
6938	172 
6939	315 
6940	272 
6941	228 
6942	294 
6943	119 
6944	278 
6945	87 
6946	167 
6947	315 
6948	48 
6949	152 
6950	277 
6951	169 
6952	164 
6953	248 
6954	78 
6955	52 
6956	266 
6957	317 
6958	146 
6959	202 
6960	311 
6961	210 
6962	40 
6963	145 
6964	194 
6965	23 
6966	8 
6967	124 
6968	18 
6969	294 
6970	123 
6971	279 
6972	48 
6973	236 
6974	259 
6975	242 
6976	174 
6977	229 
6978	203 
6979	346 
6980	124 
6981	81 
6982	168 
6983	61 
6984	266 
6985	247 
6986	250 
6987	327 
6988	106 
6989	205 
6990	346 
6991	341 
6992	106 
6993	159 
6994	247 
6995	44 
6996	74 
6997	70 
6998	127 
6999	57 
7000	268 
7001	26 
7002	78 
7003	274 
7004	344 
7005	126 
7006	172 
7007	205 
7008	144 
7009	131 
7010	152 
7011	87 
7012	123 
7013	85 
7014	338 
7015	14 
7016	43 
7017	247 
7018	127 
7019	194 
7020	291 
7021	236 
7022	111 
7023	226 
7024	196 
7025	58 
7026	39 
7027	8 
7028	188 
7029	6 
7030	49 
7031	148 
7032	193 
7033	302 
7034	194 
7035	248 
7036	105 
7037	32 
7038	44 
7039	26 
7040	280 
7041	52 
7042	219 
7043	229 
7044	333 
7045	293 
7046	253 
7047	146 
7048	233 
7049	140 
7050	86 
7051	61 
7052	105 
7053	251 
7054	180 
7055	79 
7056	104 
7057	259 
7058	320 
7059	57 
7060	231 
7061	7 
7062	47 
7063	10 
7064	183 
7065	194 
7066	283 
7067	285 
7068	10 
7069	277 
7070	263 
7071	30 
7072	50 
7073	255 
7074	242 
7075	281 
7076	57 
7077	137 
7078	114 
7079	116 
7080	6 
7081	159 
7082	20 
7083	196 
7084	170 
7085	5 
7086	241 
7087	196 
7088	62 
7089	123 
7090	260 
7091	289 
7092	38 
7093	259 
7094	169 
7095	251 
7096	147 
7097	72 
7098	104 
7099	125 
7100	215 
7101	38 
7102	29 
7103	158 
7104	173 
7105	245 
7106	290 
7107	100 
7108	231 
7109	98 
7110	279 
7111	327 
7112	317 
7113	208 
7114	264 
7115	307 
7116	48 
7117	290 
7118	238 
7119	85 
7120	209 
7121	127 
7122	63 
7123	229 
7124	182 
7125	18 
7126	154 
7127	136 
7128	8 
7129	98 
7130	32 
7131	11 
7132	62 
7133	338 
7134	154 
7135	348 
7136	185 
7137	320 
7138	210 
7139	94 
7140	301 
7141	149 
7142	125 
7143	270 
7144	219 
7145	67 
7146	215 
7147	140 
7148	237 
7149	232 
7150	194 
7151	165 
7152	238 
7153	259 
7154	52 
7155	115 
7156	149 
7157	79 
7158	247 
7159	320 
7160	75 
7161	151 
7162	307 
7163	267 
7164	139 
7165	255 
7166	91 
7167	285 
7168	76 
7169	148 
7170	40 
7171	3 
7172	239 
7173	214 
7174	176 
7175	136 
7176	102 
7177	250 
7178	78 
7179	344 
7180	244 
7181	300 
7182	94 
7183	115 
7184	137 
7185	131 
7186	100 
7187	248 
7188	72 
7189	192 
7190	198 
7191	96 
7192	210 
7193	49 
7194	125 
7195	128 
7196	344 
7197	72 
7198	52 
7199	217 
7200	71 
7201	233 
7202	231 
7203	293 
7204	210 
7205	219 
7206	72 
7207	98 
7208	183 
7209	118 
7210	144 
7211	94 
7212	32 
7213	305 
7214	288 
7215	124 
7216	256 
7217	209 
7218	347 
7219	200 
7220	272 
7221	48 
7222	169 
7223	61 
7224	136 
7225	102 
7226	267 
7227	87 
7228	235 
7229	182 
7230	3 
7231	244 
7232	53 
7233	218 
7234	22 
7235	32 
7236	242 
7237	196 
7238	290 
7239	47 
7240	183 
7241	210 
7242	307 
7243	159 
7244	301 
7245	16 
7246	47 
7247	35 
7248	211 
7249	241 
7250	239 
7251	148 
7252	172 
7253	105 
7254	241 
7255	119 
7256	104 
7257	192 
7258	300 
7259	39 
7260	98 
7261	305 
7262	329 
7263	67 
7264	329 
7265	84 
7266	119 
7267	98 
7268	106 
7269	318 
7270	167 
7271	9 
7272	178 
7273	232 
7274	167 
7275	63 
7276	7 
7277	217 
7278	249 
7279	165 
7280	6 
7281	183 
7282	33 
7283	151 
7284	120 
7285	123 
7286	232 
7287	274 
7288	97 
7289	105 
7290	149 
7291	250 
7292	296 
7293	161 
7294	152 
7295	264 
7296	334 
7297	16 
7298	322 
7299	334 
7300	232 
7301	29 
7302	232 
7303	346 
7304	6 
7305	267 
7306	87 
7307	111 
7308	37 
7309	126 
7310	37 
7311	4 
7312	305 
7313	320 
7314	161 
7315	252 
7316	218 
7317	293 
7318	271 
7319	14 
7320	346 
7321	211 
7322	34 
7323	127 
7324	294 
7325	247 
7326	83 
7327	249 
7328	75 
7329	30 
7330	217 
7331	125 
7332	102 
7333	284 
7334	26 
7335	106 
7336	336 
7337	10 
7338	87 
7339	153 
7340	45 
7341	1 
7342	11 
7343	43 
7344	346 
7345	29 
7346	148 
7347	322 
7348	40 
7349	180 
7350	57 
7351	250 
7352	193 
7353	226 
7354	196 
7355	229 
7356	85 
7357	7 
7358	72 
7359	127 
7360	193 
7361	137 
7362	348 
7363	21 
7364	285 
7365	173 
7366	151 
7367	290 
7368	100 
7369	162 
7370	172 
7371	200 
7372	174 
7373	272 
7374	139 
7375	245 
7376	204 
7377	344 
7378	285 
7379	140 
7380	160 
7381	235 
7382	332 
7383	10 
7384	139 
7385	170 
7386	97 
7387	320 
7388	101 
7389	111 
7390	284 
7391	282 
7392	244 
7393	115 
7394	151 
7395	290 
7396	148 
7397	255 
7398	37 
7399	120 
7400	6 
7401	229 
7402	241 
7403	256 
7404	219 
7405	289 
7406	35 
7407	33 
7408	49 
7409	207 
7410	285 
7411	147 
7412	341 
7413	124 
7414	279 
7415	329 
7416	188 
7417	304 
7418	21 
7419	199 
7420	301 
7421	304 
7422	148 
7423	140 
7424	196 
7425	136 
7426	244 
7427	8 
7428	198 
7429	151 
7430	30 
7431	101 
7432	4 
7433	270 
7434	85 
7435	130 
7436	111 
7437	94 
7438	85 
7439	50 
7440	338 
7441	318 
7442	335 
7443	72 
7444	339 
7445	70 
7446	160 
7447	207 
7448	239 
7449	232 
7450	320 
7451	32 
7452	251 
7453	167 
7454	11 
7455	350 
7456	182 
7457	85 
7458	204 
7459	139 
7460	341 
7461	131 
7462	289 
7463	290 
7464	120 
7465	160 
7466	250 
7467	43 
7468	48 
7469	48 
7470	14 
7471	84 
7472	305 
7473	151 
7474	146 
7475	75 
7476	70 
7477	266 
7478	11 
7479	101 
7480	218 
7481	306 
7482	303 
7483	199 
7484	121 
7485	267 
7486	193 
7487	6 
7488	278 
7489	62 
7490	114 
7491	178 
7492	50 
7493	267 
7494	48 
7495	203 
7496	29 
7497	152 
7498	20 
7499	267 
7500	247 
7501	178 
7502	344 
7503	53 
7504	21 
7505	131 
7506	180 
7507	242 
7508	147 
7509	21 
7510	48 
7511	94 
7512	88 
7513	170 
7514	9 
7515	102 
7516	279 
7517	173 
7518	7 
7519	281 
7520	268 
7521	14 
7522	264 
7523	252 
7524	38 
7525	339 
7526	195 
7527	192 
7528	126 
7529	244 
7530	42 
7531	72 
7532	75 
7533	81 
7534	218 
7535	338 
7536	318 
7537	23 
7538	151 
7539	127 
7540	283 
7541	131 
7542	328 
7543	263 
7544	111 
7545	33 
7546	272 
7547	21 
7548	259 
7549	58 
7550	268 
7551	344 
7552	111 
7553	131 
7554	131 
7555	33 
7556	287 
7557	98 
7558	178 
7559	231 
7560	85 
7561	231 
7562	30 
7563	39 
7564	293 
7565	338 
7566	131 
7567	201 
7568	63 
7569	256 
7570	320 
7571	315 
7572	76 
7573	215 
7574	57 
7575	302 
7576	329 
7577	113 
7578	14 
7579	127 
7580	144 
7581	23 
7582	104 
7583	284 
7584	296 
7585	154 
7586	277 
7587	20 
7588	34 
7589	40 
7590	120 
7591	247 
7592	186 
7593	84 
7594	186 
7595	241 
7596	288 
7597	344 
7598	256 
7599	119 
7600	22 
7601	100 
7602	219 
7603	95 
7604	184 
7605	100 
7606	207 
7607	278 
7608	186 
7609	151 
7610	280 
7611	218 
7612	16 
7613	315 
7614	169 
7615	214 
7616	42 
7617	266 
7618	307 
7619	51 
7620	270 
7621	85 
7622	161 
7623	23 
7624	151 
7625	189 
7626	198 
7627	30 
7628	8 
7629	113 
7630	170 
7631	335 
7632	183 
7633	271 
7634	215 
7635	184 
7636	136 
7637	277 
7638	8 
7639	170 
7640	263 
7641	279 
7642	36 
7643	215 
7644	183 
7645	45 
7646	38 
7647	79 
7648	253 
7649	288 
7650	148 
7651	239 
7652	214 
7653	277 
7654	45 
7655	252 
7656	79 
7657	91 
7658	291 
7659	281 
7660	169 
7661	49 
7662	14 
7663	195 
7664	160 
7665	192 
7666	283 
7667	249 
7668	260 
7669	261 
7670	160 
7671	244 
7672	154 
7673	52 
7674	346 
7675	211 
7676	186 
7677	199 
7678	217 
7679	184 
7680	258 
7681	51 
7682	127 
7683	338 
7684	281 
7685	280 
7686	115 
7687	4 
7688	116 
7689	279 
7690	328 
7691	268 
7692	131 
7693	268 
7694	16 
7695	237 
7696	239 
7697	11 
7698	201 
7699	281 
7700	200 
7701	149 
7702	36 
7703	34 
7704	136 
7705	347 
7706	51 
7707	193 
7708	29 
7709	151 
7710	192 
7711	208 
7712	88 
7713	228 
7714	334 
7715	39 
7716	195 
7717	149 
7718	283 
7719	205 
7720	45 
7721	121 
7722	42 
7723	106 
7724	264 
7725	97 
7726	79 
7727	226 
7728	252 
7729	304 
7730	286 
7731	42 
7732	30 
7733	237 
7734	6 
7735	76 
7736	250 
7737	332 
7738	165 
7739	67 
7740	315 
7741	328 
7742	61 
7743	277 
7744	214 
7745	248 
7746	250 
7747	136 
7748	268 
7749	196 
7750	305 
7751	245 
7752	139 
7753	26 
7754	307 
7755	33 
7756	259 
7757	255 
7758	154 
7759	260 
7760	294 
7761	249 
7762	48 
7763	285 
7764	288 
7765	164 
7766	252 
7767	173 
7768	33 
7769	123 
7770	270 
7771	88 
7772	151 
7773	144 
7774	71 
7775	32 
7776	289 
7777	268 
7778	288 
7779	123 
7780	338 
7781	207 
7782	285 
7783	58 
7784	231 
7785	167 
7786	251 
7787	192 
7788	238 
7789	78 
7790	147 
7791	337 
7792	137 
7793	178 
7794	305 
7795	45 
7796	249 
7797	214 
7798	172 
7799	8 
7800	115 
7801	346 
7802	337 
7803	286 
7804	223 
7805	218 
7806	304 
7807	180 
7808	38 
7809	202 
7810	115 
7811	226 
7812	296 
7813	249 
7814	311 
7815	104 
7816	240 
7817	70 
7818	267 
7819	208 
7820	266 
7821	4 
7822	240 
7823	121 
7824	261 
7825	61 
7826	37 
7827	258 
7828	333 
7829	229 
7830	300 
7831	4 
7832	121 
7833	311 
7834	62 
7835	120 
7836	7 
7837	335 
7838	223 
7839	261 
7840	144 
7841	18 
7842	180 
7843	118 
7844	287 
7845	199 
7846	313 
7847	183 
7848	158 
7849	70 
7850	278 
7851	289 
7852	260 
7853	173 
7854	270 
7855	11 
7856	255 
7857	75 
7858	348 
7859	274 
7860	6 
7861	111 
7862	284 
7863	57 
7864	58 
7865	113 
7866	194 
7867	211 
7868	247 
7869	98 
7870	221 
7871	205 
7872	148 
7873	334 
7874	291 
7875	281 
7876	1 
7877	236 
7878	7 
7879	217 
7880	311 
7881	186 
7882	149 
7883	214 
7884	76 
7885	305 
7886	170 
7887	240 
7888	239 
7889	50 
7890	86 
7891	229 
7892	296 
7893	278 
7894	113 
7895	84 
7896	105 
7897	270 
7898	61 
7899	36 
7900	118 
7901	268 
7902	14 
7903	210 
7904	185 
7905	215 
7906	348 
7907	38 
7908	215 
7909	219 
7910	165 
7911	87 
7912	305 
7913	118 
7914	98 
7915	158 
7916	315 
7917	149 
7918	200 
7919	35 
7920	83 
7921	228 
7922	70 
7923	194 
7924	336 
7925	14 
7926	87 
7927	78 
7928	334 
7929	70 
7930	303 
7931	167 
7932	63 
7933	223 
7934	288 
7935	333 
7936	195 
7937	228 
7938	184 
7939	264 
7940	91 
7941	100 
7942	283 
7943	148 
7944	306 
7945	137 
7946	242 
7947	304 
7948	121 
7949	47 
7950	124 
7951	315 
7952	249 
7953	167 
7954	95 
7955	130 
7956	165 
7957	184 
7958	255 
7959	70 
7960	114 
7961	63 
7962	158 
7963	111 
7964	6 
7965	169 
7966	148 
7967	194 
7968	32 
7969	200 
7970	23 
7971	287 
7972	270 
7973	105 
7974	239 
7975	244 
7976	106 
7977	290 
7978	305 
7979	311 
7980	180 
7981	258 
7982	158 
7983	97 
7984	53 
7985	36 
7986	194 
7987	210 
7988	172 
7989	139 
7990	290 
7991	286 
7992	32 
7993	38 
7994	239 
7995	84 
7996	193 
7997	38 
7998	260 
7999	127 
8000	127 
8001	239 
8002	281 
8003	104 
8004	300 
8005	203 
8006	201 
8007	214 
8008	114 
8009	218 
8010	147 
8011	198 
8012	84 
8013	332 
8014	86 
8015	320 
8016	333 
8017	294 
8018	26 
8019	50 
8020	106 
8021	272 
8022	338 
8023	43 
8024	296 
8025	114 
8026	165 
8027	315 
8028	274 
8029	23 
8030	186 
8031	195 
8032	123 
8033	255 
8034	337 
8035	300 
8036	139 
8037	165 
8038	290 
8039	231 
8040	244 
8041	79 
8042	328 
8043	72 
8044	105 
8045	268 
8046	40 
8047	226 
8048	240 
8049	315 
8050	173 
8051	350 
8052	284 
8053	97 
8054	184 
8055	261 
8056	160 
8057	205 
8058	217 
8059	332 
8060	244 
8061	214 
8062	139 
8063	116 
8064	167 
8065	286 
8066	218 
8067	231 
8068	149 
8069	189 
8070	120 
8071	104 
8072	45 
8073	85 
8074	33 
8075	18 
8076	91 
8077	209 
8078	22 
8079	71 
8080	40 
8081	239 
8082	152 
8083	178 
8084	174 
8085	348 
8086	270 
8087	315 
8088	151 
8089	48 
8090	294 
8091	115 
8092	249 
8093	50 
8094	75 
8095	91 
8096	241 
8097	114 
8098	111 
8099	243 
8100	291 
8101	320 
8102	35 
8103	209 
8104	79 
8105	53 
8106	184 
8107	337 
8108	337 
8109	91 
8110	315 
8111	61 
8112	84 
8113	38 
8114	261 
8115	124 
8116	32 
8117	100 
8118	271 
8119	344 
8120	149 
8121	91 
8122	47 
8123	34 
8124	173 
8125	140 
8126	203 
8127	139 
8128	61 
8129	223 
8130	7 
8131	61 
8132	139 
8133	5 
8134	242 
8135	176 
8136	261 
8137	279 
8138	237 
8139	7 
8140	215 
8141	36 
8142	72 
8143	58 
8144	229 
8145	207 
8146	287 
8147	344 
8148	75 
8149	36 
8150	194 
8151	251 
8152	284 
8153	170 
8154	48 
8155	26 
8156	43 
8157	301 
8158	61 
8159	18 
8160	231 
8161	290 
8162	296 
8163	201 
8164	51 
8165	42 
8166	288 
8167	201 
8168	120 
8169	35 
8170	270 
8171	229 
8172	210 
8173	18 
8174	36 
8175	260 
8176	279 
8177	87 
8178	160 
8179	195 
8180	154 
8181	192 
8182	67 
8183	153 
8184	293 
8185	121 
8186	344 
8187	264 
8188	348 
8189	95 
8190	20 
8191	264 
8192	318 
8193	106 
8194	148 
8195	87 
8196	52 
8197	160 
8198	219 
8199	84 
8200	277 
8201	199 
8202	113 
8203	139 
8204	106 
8205	42 
8206	14 
8207	270 
8208	305 
8209	259 
8210	289 
8211	192 
8212	208 
8213	248 
8214	272 
8215	337 
8216	334 
8217	149 
8218	332 
8219	267 
8220	148 
8221	290 
8222	350 
8223	149 
8224	199 
8225	344 
8226	236 
8227	291 
8228	114 
8229	332 
8230	18 
8231	154 
8232	147 
8233	149 
8234	186 
8235	315 
8236	170 
8237	61 
8238	242 
8239	186 
8240	243 
8241	335 
8242	95 
8243	124 
8244	120 
8245	153 
8246	274 
8247	37 
8248	200 
8249	14 
8250	124 
8251	184 
8252	286 
8253	291 
8254	250 
8255	296 
8256	239 
8257	14 
8258	302 
8259	32 
8260	127 
8261	76 
8262	149 
8263	71 
8264	63 
8265	344 
8266	169 
8267	223 
8268	286 
8269	189 
8270	113 
8271	35 
8272	169 
8273	18 
8274	162 
8275	81 
8276	72 
8277	98 
8278	300 
8279	50 
8280	165 
8281	243 
8282	34 
8283	199 
8284	22 
8285	284 
8286	344 
8287	259 
8288	274 
8289	152 
8290	48 
8291	81 
8292	202 
8293	332 
8294	57 
8295	199 
8296	173 
8297	205 
8298	184 
8299	1 
8300	22 
8301	48 
8302	318 
8303	291 
8304	286 
8305	261 
8306	71 
8307	51 
8308	127 
8309	42 
8310	270 
8311	333 
8312	306 
8313	67 
8314	223 
8315	264 
8316	53 
8317	249 
8318	277 
8319	318 
8320	237 
8321	43 
8322	205 
8323	30 
8324	53 
8325	194 
8326	114 
8327	202 
8328	152 
8329	169 
8330	48 
8331	154 
8332	301 
8333	248 
8334	348 
8335	30 
8336	4 
8337	350 
8338	280 
8339	126 
8340	344 
8341	306 
8342	7 
8343	186 
8344	340 
8345	350 
8346	111 
8347	57 
8348	126 
8349	124 
8350	83 
8351	293 
8352	226 
8353	249 
8354	170 
8355	278 
8356	76 
8357	184 
8358	219 
8359	148 
8360	154 
8361	264 
8362	148 
8363	70 
8364	305 
8365	162 
8366	91 
8367	287 
8368	338 
8369	33 
8370	272 
8371	76 
8372	280 
8373	147 
8374	288 
8375	116 
8376	207 
8377	201 
8378	39 
8379	271 
8380	57 
8381	244 
8382	238 
8383	120 
8384	261 
8385	131 
8386	334 
8387	70 
8388	282 
8389	147 
8390	152 
8391	285 
8392	121 
8393	91 
8394	283 
8395	281 
8396	18 
8397	115 
8398	244 
8399	334 
8400	183 
8401	50 
8402	347 
8403	289 
8404	208 
8405	347 
8406	148 
8407	123 
8408	219 
8409	334 
8410	70 
8411	106 
8412	294 
8413	264 
8414	247 
8415	20 
8416	20 
8417	274 
8418	348 
8419	58 
8420	203 
8421	23 
8422	40 
8423	173 
8424	76 
8425	268 
8426	260 
8427	347 
8428	124 
8429	346 
8430	271 
8431	127 
8432	226 
8433	5 
8434	301 
8435	337 
8436	274 
8437	62 
8438	23 
8439	305 
8440	249 
8441	209 
8442	10 
8443	318 
8444	194 
8445	287 
8446	154 
8447	264 
8448	81 
8449	245 
8450	301 
8451	33 
8452	192 
8453	50 
8454	203 
8455	180 
8456	228 
8457	118 
8458	165 
8459	219 
8460	104 
8461	214 
8462	285 
8463	305 
8464	260 
8465	305 
8466	38 
8467	169 
8468	116 
8469	180 
8470	346 
8471	306 
8472	79 
8473	140 
8474	215 
8475	7 
8476	255 
8477	162 
8478	5 
8479	237 
8480	202 
8481	114 
8482	281 
8483	58 
8484	39 
8485	85 
8486	249 
8487	53 
8488	200 
8489	50 
8490	290 
8491	261 
8492	226 
8493	214 
8494	271 
8495	245 
8496	274 
8497	272 
8498	183 
8499	152 
8500	160 
8501	202 
8502	26 
8503	202 
8504	219 
8505	221 
8506	84 
8507	85 
8508	245 
8509	4 
8510	335 
8511	199 
8512	344 
8513	250 
8514	271 
8515	5 
8516	113 
8517	76 
8518	48 
8519	229 
8520	126 
8521	85 
8522	346 
8523	22 
8524	85 
8525	270 
8526	10 
8527	291 
8528	237 
8529	1 
8530	286 
8531	249 
8532	131 
8533	127 
8534	152 
8535	106 
8536	305 
8537	328 
8538	268 
8539	118 
8540	350 
8541	199 
8542	123 
8543	22 
8544	165 
8545	193 
8546	40 
8547	85 
8548	126 
8549	86 
8550	199 
8551	219 
8552	255 
8553	253 
8554	337 
8555	1 
8556	250 
8557	285 
8558	286 
8559	253 
8560	208 
8561	164 
8562	195 
8563	10 
8564	83 
8565	215 
8566	95 
8567	16 
8568	189 
8569	335 
8570	151 
8571	239 
8572	347 
8573	296 
8574	14 
8575	221 
8576	61 
8577	286 
8578	160 
8579	344 
8580	189 
8581	131 
8582	214 
8583	26 
8584	169 
8585	183 
8586	201 
8587	219 
8588	30 
8589	38 
8590	347 
8591	287 
8592	48 
8593	193 
8594	285 
8595	221 
8596	253 
8597	127 
8598	300 
8599	180 
8600	348 
8601	242 
8602	111 
8603	147 
8604	226 
8605	255 
8606	111 
8607	288 
8608	186 
8609	26 
8610	151 
8611	253 
8612	214 
8613	221 
8614	120 
8615	264 
8616	285 
8617	279 
8618	94 
8619	242 
8620	148 
8621	209 
8622	34 
8623	228 
8624	272 
8625	282 
8626	91 
8627	35 
8628	286 
8629	147 
8630	16 
8631	131 
8632	152 
8633	260 
8634	205 
8635	115 
8636	288 
8637	271 
8638	23 
8639	4 
8640	71 
8641	337 
8642	306 
8643	126 
8644	348 
8645	350 
8646	291 
8647	14 
8648	205 
8649	208 
8650	169 
8651	72 
8652	42 
8653	228 
8654	169 
8655	267 
8656	270 
8657	85 
8658	289 
8659	200 
8660	263 
8661	86 
8662	287 
8663	151 
8664	79 
8665	165 
8666	42 
8667	127 
8668	282 
8669	184 
8670	205 
8671	221 
8672	334 
8673	334 
8674	85 
8675	147 
8676	91 
8677	333 
8678	32 
8679	180 
8680	113 
8681	40 
8682	38 
8683	344 
8684	124 
8685	337 
8686	1 
8687	199 
8688	58 
8689	272 
8690	289 
8691	245 
8692	194 
8693	43 
8694	5 
8695	106 
8696	350 
8697	72 
8698	239 
8699	38 
8700	240 
8701	57 
8702	306 
8703	282 
8704	124 
8705	162 
8706	30 
8707	53 
8708	328 
8709	195 
8710	223 
8711	131 
8712	242 
8713	164 
8714	140 
8715	43 
8716	162 
8717	215 
8718	244 
8719	198 
8720	118 
8721	111 
8722	47 
8723	106 
8724	238 
8725	284 
8726	6 
8727	183 
8728	350 
8729	173 
8730	169 
8731	22 
8732	337 
8733	200 
8734	58 
8735	252 
8736	86 
8737	35 
8738	5 
8739	338 
8740	183 
8741	86 
8742	10 
8743	344 
8744	30 
8745	22 
8746	236 
8747	208 
8748	208 
8749	76 
8750	301 
8751	306 
8752	62 
8753	20 
8754	290 
8755	279 
8756	165 
8757	198 
8758	255 
8759	131 
8760	81 
8761	30 
8762	116 
8763	221 
8764	346 
8765	58 
8766	169 
8767	48 
8768	61 
8769	226 
8770	5 
8771	147 
8772	91 
8773	347 
8774	236 
8775	152 
8776	111 
8777	350 
8778	283 
8779	7 
8780	7 
8781	53 
8782	5 
8783	240 
8784	226 
8785	34 
8786	71 
8787	123 
8788	301 
8789	249 
8790	205 
8791	301 
8792	346 
8793	193 
8794	221 
8795	214 
8796	160 
8797	350 
8798	91 
8799	105 
8800	249 
8801	183 
8802	48 
8803	263 
8804	131 
8805	333 
8806	86 
8807	289 
8808	57 
8809	165 
8810	301 
8811	296 
8812	344 
8813	344 
8814	151 
8815	91 
8816	152 
8817	4 
8818	139 
8819	228 
8820	286 
8821	285 
8822	195 
8823	162 
8824	347 
8825	288 
8826	228 
8827	95 
8828	53 
8829	337 
8830	249 
8831	289 
8832	180 
8833	131 
8834	318 
8835	226 
8836	294 
8837	198 
8838	202 
8839	288 
8840	84 
8841	81 
8842	333 
8843	139 
8844	268 
8845	71 
8846	115 
8847	229 
8848	194 
8849	192 
8850	165 
8851	239 
8852	270 
8853	79 
8854	154 
8855	91 
8856	229 
8857	289 
8858	105 
8859	176 
8860	1 
8861	337 
8862	26 
8863	71 
8864	236 
8865	22 
8866	192 
8867	72 
8868	127 
8869	149 
8870	76 
8871	238 
8872	306 
8873	35 
8874	294 
8875	226 
8876	120 
8877	127 
8878	160 
8879	33 
8880	282 
8881	209 
8882	47 
8883	42 
8884	86 
8885	180 
8886	289 
8887	100 
8888	176 
8889	81 
8890	289 
8891	260 
8892	184 
8893	151 
8894	113 
8895	320 
8896	348 
8897	23 
8898	184 
8899	209 
8900	47 
8901	255 
8902	183 
8903	148 
8904	124 
8905	30 
8906	348 
8907	270 
8908	305 
8909	315 
8910	116 
8911	347 
8912	120 
8913	244 
8914	208 
8915	306 
8916	238 
8917	4 
8918	76 
8919	243 
8920	347 
8921	305 
8922	215 
8923	57 
8924	123 
8925	245 
8926	271 
8927	147 
8928	33 
8929	270 
8930	53 
8931	26 
8932	105 
8933	162 
8934	346 
8935	274 
8936	219 
8937	47 
8938	264 
8939	149 
8940	219 
8941	318 
8942	105 
8943	304 
8944	4 
8945	10 
8946	209 
8947	42 
8948	305 
8949	33 
8950	127 
8951	14 
8952	193 
8953	180 
8954	85 
8955	126 
8956	315 
8957	274 
8958	263 
8959	131 
8960	304 
8961	244 
8962	229 
8963	270 
8964	120 
8965	229 
8966	281 
8967	184 
8968	173 
8969	111 
8970	176 
8971	16 
8972	274 
8973	245 
8974	338 
8975	162 
8976	43 
8977	115 
8978	320 
8979	124 
8980	42 
8981	106 
8982	274 
8983	198 
8984	315 
8985	252 
8986	189 
8987	14 
8988	76 
8989	47 
8990	38 
8991	30 
8992	176 
8993	264 
8994	226 
8995	81 
8996	95 
8997	106 
8998	209 
8999	334 
9000	195 
9001	209 
9002	53 
9003	263 
9004	94 
9005	140 
9006	250 
9007	337 
9008	183 
9009	280 
9010	30 
9011	193 
9012	57 
9013	249 
9014	76 
9015	288 
9016	123 
9017	101 
9018	148 
9019	277 
9020	43 
9021	282 
9022	148 
9023	147 
9024	243 
9025	195 
9026	240 
9027	194 
9028	176 
9029	62 
9030	152 
9031	195 
9032	51 
9033	200 
9034	240 
9035	176 
9036	51 
9037	30 
9038	209 
9039	346 
9040	26 
9041	286 
9042	288 
9043	318 
9044	86 
9045	86 
9046	51 
9047	101 
9048	263 
9049	305 
9050	101 
9051	337 
9052	264 
9053	85 
9054	87 
9055	127 
9056	1 
9057	154 
9058	344 
9059	176 
9060	250 
9061	264 
9062	123 
9063	184 
9064	270 
9065	71 
9066	164 
9067	221 
9068	194 
9069	272 
9070	285 
9071	127 
9072	43 
9073	189 
9074	61 
9075	240 
9076	301 
9077	243 
9078	199 
9079	192 
9080	106 
9081	131 
9082	318 
9083	300 
9084	81 
9085	173 
9086	328 
9087	4 
9088	154 
9089	304 
9090	32 
9091	101 
9092	40 
9093	14 
9094	43 
9095	176 
9096	208 
9097	40 
9098	284 
9099	149 
9100	238 
9101	6 
9102	270 
9103	279 
9104	71 
9105	198 
9106	4 
9107	280 
9108	71 
9109	264 
9110	160 
9111	173 
9112	127 
9113	123 
9114	71 
9115	306 
9116	34 
9117	282 
9118	198 
9119	22 
9120	147 
9121	243 
9122	43 
9123	344 
9124	249 
9125	281 
9126	14 
9127	120 
9128	62 
9129	189 
9130	301 
9131	38 
9132	284 
9133	250 
9134	289 
9135	334 
9136	277 
9137	289 
9138	160 
9139	94 
9140	106 
9141	219 
9142	87 
9143	162 
9144	165 
9145	14 
9146	264 
9147	215 
9148	244 
9149	164 
9150	126 
9151	154 
9152	244 
9153	61 
9154	240 
9155	40 
9156	111 
9157	285 
9158	115 
9159	104 
9160	221 
9161	350 
9162	289 
9163	274 
9164	194 
9165	91 
9166	127 
9167	57 
9168	30 
9169	53 
9170	344 
9171	126 
9172	219 
9173	255 
9174	10 
9175	40 
9176	239 
9177	263 
9178	14 
9179	94 
9180	195 
9181	229 
9182	176 
9183	348 
9184	42 
9185	14 
9186	165 
9187	250 
9188	272 
9189	160 
9190	249 
9191	300 
9192	42 
9193	81 
9194	346 
9195	264 
9196	270 
9197	33 
9198	115 
9199	62 
9200	5 
9201	236 
9202	91 
9203	284 
9204	271 
9205	72 
9206	294 
9207	57 
9208	252 
9209	200 
9210	120 
9211	48 
9212	22 
9213	164 
9214	124 
9215	294 
9216	284 
9217	252 
9218	239 
9219	228 
9220	165 
9221	169 
9222	350 
9223	115 
9224	252 
9225	350 
9226	240 
9227	253 
9228	180 
9229	280 
9230	294 
9231	286 
9232	50 
9233	287 
9234	165 
9235	344 
9236	123 
9237	189 
9238	10 
9239	315 
9240	199 
9241	318 
9242	192 
9243	272 
9244	193 
9245	1 
9246	165 
9247	318 
9248	223 
9249	169 
9250	337 
9251	195 
9252	238 
9253	101 
9254	94 
9255	260 
9256	86 
9257	279 
9258	245 
9259	294 
9260	350 
9261	208 
9262	35 
9263	253 
9264	104 
9265	53 
9266	115 
9267	22 
9268	199 
9269	81 
9270	22 
9271	239 
9272	120 
9273	1 
9274	127 
9275	76 
9276	184 
9277	236 
9278	238 
9279	347 
9280	193 
9281	205 
9282	32 
9283	81 
9284	43 
9285	6 
9286	180 
9287	173 
9288	116 
9289	198 
9290	290 
9291	205 
9292	154 
9293	279 
9294	94 
9295	126 
9296	72 
9297	4 
9298	72 
9299	192 
9300	189 
9301	285 
9302	57 
9303	30 
9304	33 
9305	198 
9306	152 
9307	47 
9308	228 
9309	242 
9310	126 
9311	42 
9312	270 
9313	194 
9314	61 
9315	101 
9316	347 
9317	5 
9318	208 
9319	47 
9320	53 
9321	344 
9322	183 
9323	244 
9324	95 
9325	242 
9326	42 
9327	32 
9328	320 
9329	115 
9330	205 
9331	193 
9332	243 
9333	344 
9334	301 
9335	184 
9336	337 
9337	274 
9338	305 
9339	202 
9340	194 
9341	6 
9342	243 
9343	209 
9344	337 
9345	195 
9346	229 
9347	116 
9348	147 
9349	5 
9350	131 
9351	199 
9352	47 
9353	272 
9354	289 
9355	294 
9356	139 
9357	139 
9358	236 
9359	199 
9360	42 
9361	1 
9362	173 
9363	290 
9364	10 
9365	221 
9366	272 
9367	242 
9368	350 
9369	318 
9370	38 
9371	72 
9372	40 
9373	208 
9374	162 
9375	193 
9376	126 
9377	120 
9378	184 
9379	337 
9380	255 
9381	285 
9382	53 
9383	208 
9384	315 
9385	76 
9386	274 
9387	148 
9388	244 
9389	192 
9390	127 
9391	148 
9392	334 
9393	6 
9394	280 
9395	61 
9396	86 
9397	47 
9398	215 
9399	147 
9400	184 
9401	151 
9402	101 
9403	219 
9404	192 
9405	85 
9406	173 
9407	274 
9408	264 
9409	33 
9410	85 
9411	288 
9412	71 
9413	287 
9414	195 
9415	111 
9416	208 
9417	76 
9418	306 
9419	6 
9420	282 
9421	162 
9422	223 
9423	47 
9424	6 
9425	259 
9426	123 
9427	287 
9428	223 
9429	263 
9430	57 
9431	236 
9432	288 
9433	42 
9434	242 
9435	315 
9436	281 
9437	61 
9438	127 
9439	208 
9440	281 
9441	51 
9442	296 
9443	285 
9444	202 
9445	263 
9446	173 
9447	259 
9448	183 
9449	154 
9450	183 
9451	152 
9452	147 
9453	42 
9454	61 
9455	219 
9456	43 
9457	286 
9458	91 
9459	198 
9460	184 
9461	215 
9462	290 
9463	111 
9464	263 
9465	223 
9466	202 
9467	205 
9468	229 
9469	200 
9470	164 
9471	346 
9472	306 
9473	263 
9474	215 
9475	6 
9476	288 
9477	243 
9478	328 
9479	263 
9480	243 
9481	285 
9482	116 
9483	255 
9484	284 
9485	290 
9486	284 
9487	124 
9488	192 
9489	81 
9490	47 
9491	282 
9492	271 
9493	10 
9494	51 
9495	192 
9496	215 
9497	192 
9498	320 
9499	344 
9500	272 
9501	183 
9502	176 
9503	111 
9504	180 
9505	151 
9506	255 
9507	337 
9508	282 
9509	320 
9510	272 
9511	183 
9512	32 
9513	219 
9514	22 
9515	294 
9516	347 
9517	315 
9518	288 
9519	162 
9520	33 
9521	287 
9522	202 
9523	160 
9524	151 
9525	72 
9526	139 
9527	301 
9528	274 
9529	198 
9530	148 
9531	239 
9532	228 
9533	116 
9534	290 
9535	91 
9536	160 
9537	249 
9538	228 
9539	104 
9540	151 
9541	334 
9542	344 
9543	126 
9544	304 
9545	209 
9546	51 
9547	86 
9548	348 
9549	124 
9550	38 
9551	229 
9552	255 
9553	162 
9554	219 
9555	315 
9556	101 
9557	151 
9558	301 
9559	38 
9560	288 
9561	259 
9562	22 
9563	1 
9564	202 
9565	152 
9566	33 
9567	236 
9568	149 
9569	151 
9570	200 
9571	304 
9572	243 
9573	151 
9574	43 
9575	131 
9576	164 
9577	124 
9578	115 
9579	124 
9580	42 
9581	252 
9582	219 
9583	289 
9584	61 
9585	219 
9586	209 
9587	162 
9588	338 
9589	285 
9590	173 
9591	149 
9592	152 
9593	111 
9594	101 
9595	42 
9596	152 
9597	223 
9598	164 
9599	350 
9600	40 
9601	48 
9602	296 
9603	304 
9604	71 
9605	48 
9606	149 
9607	40 
9608	43 
9609	255 
9610	40 
9611	183 
9612	264 
9613	154 
9614	315 
9615	228 
9616	259 
9617	38 
9618	229 
9619	71 
9620	328 
9621	334 
9622	72 
9623	6 
9624	87 
9625	176 
9626	127 
9627	274 
9628	245 
9629	38 
9630	328 
9631	306 
9632	183 
9633	33 
9634	4 
9635	48 
9636	320 
9637	38 
9638	127 
9639	148 
9640	259 
9641	338 
9642	149 
9643	238 
9644	337 
9645	198 
9646	289 
9647	4 
9648	281 
9649	194 
9650	296 
9651	199 
9652	71 
9653	131 
9654	189 
9655	346 
9656	116 
9657	5 
9658	151 
9659	32 
9660	184 
9661	71 
9662	30 
9663	285 
9664	208 
9665	208 
9666	95 
9667	61 
9668	184 
9669	348 
9670	288 
9671	252 
9672	180 
9673	22 
9674	5 
9675	286 
9676	236 
9677	57 
9678	173 
9679	123 
9680	272 
9681	249 
9682	252 
9683	101 
9684	200 
9685	160 
9686	263 
9687	215 
9688	5 
9689	71 
9690	164 
9691	42 
9692	71 
9693	10 
9694	245 
9695	288 
9696	151 
9697	123 
9698	344 
9699	162 
9700	180 
9701	72 
9702	271 
9703	126 
9704	192 
9705	180 
9706	42 
9707	32 
9708	274 
9709	169 
9710	86 
9711	219 
9712	76 
9713	315 
9714	282 
9715	149 
9716	348 
9717	286 
9718	169 
9719	208 
9720	320 
9721	149 
9722	252 
9723	173 
9724	85 
9725	40 
9726	228 
9727	255 
9728	160 
9729	252 
9730	281 
9731	215 
9732	264 
9733	43 
9734	86 
9735	318 
9736	162 
9737	270 
9738	239 
9739	328 
9740	151 
9741	284 
9742	152 
9743	338 
9744	259 
9745	346 
9746	281 
9747	126 
9748	318 
9749	184 
9750	304 
9751	259 
9752	229 
9753	71 
9754	249 
9755	223 
9756	320 
9757	259 
9758	344 
9759	271 
9760	127 
9761	200 
9762	289 
9763	71 
9764	306 
9765	72 
9766	255 
9767	33 
9768	320 
9769	40 
9770	87 
9771	194 
9772	50 
9773	270 
9774	32 
9775	47 
9776	255 
9777	139 
9778	126 
9779	124 
9780	76 
9781	304 
9782	215 
9783	195 
9784	38 
9785	115 
9786	47 
9787	51 
9788	252 
9789	274 
9790	328 
9791	208 
9792	40 
9793	4 
9794	176 
9795	281 
9796	131 
9797	192 
9798	76 
9799	1 
9800	149 
9801	30 
9802	236 
9803	57 
9804	111 
9805	304 
9806	282 
9807	184 
9808	50 
9809	48 
9810	194 
9811	346 
9812	131 
9813	228 
9814	40 
9815	264 
9816	124 
9817	162 
9818	176 
9819	1 
9820	282 
9821	176 
9822	348 
9823	263 
9824	274 
9825	199 
9826	274 
9827	180 
9828	165 
9829	272 
9830	271 
9831	193 
9832	40 
9833	164 
9834	334 
9835	126 
9836	87 
9837	165 
9838	124 
9839	40 
9840	173 
9841	320 
9842	147 
9843	152 
9844	244 
9845	165 
9846	209 
9847	111 
9848	205 
9849	219 
9850	86 
9851	239 
9852	346 
9853	48 
9854	123 
9855	255 
9856	279 
9857	208 
9858	229 
9859	315 
9860	289 
9861	346 
9862	162 
9863	205 
9864	198 
9865	346 
9866	238 
9867	238 
9868	48 
9869	282 
9870	281 
9871	337 
9872	215 
9873	200 
9874	263 
9875	200 
9876	149 
9877	43 
9878	47 
9879	294 
9880	148 
9881	238 
9882	123 
9883	263 
9884	76 
9885	43 
9886	165 
9887	126 
9888	33 
9889	208 
9890	270 
9891	180 
9892	255 
9893	245 
9894	76 
9895	296 
9896	318 
9897	350 
9898	43 
9899	255 
9900	289 
9901	91 
9902	282 
9903	208 
9904	328 
9905	249 
9906	238 
9907	50 
9908	124 
9909	193 
9910	38 
9911	72 
9912	315 
9913	180 
9914	279 
9915	245 
9916	149 
9917	272 
9918	40 
9919	32 
9920	165 
9921	4 
9922	270 
9923	38 
9924	42 
9925	123 
9926	183 
9927	71 
9928	76 
9929	30 
9930	57 
9931	301 
9932	85 
9933	205 
9934	30 
9935	76 
9936	274 
9937	51 
9938	252 
9939	205 
9940	288 
9941	200 
9942	180 
9943	57 
9944	154 
9945	334 
9946	154 
9947	192 
9948	344 
9949	239 
9950	289 
9951	274 
9952	209 
9953	148 
9954	270 
9955	147 
9956	348 
9957	152 
9958	195 
9959	346 
9960	304 
9961	76 
9962	4 
9963	86 
9964	86 
9965	205 
9966	294 
9967	236 
9968	180 
9969	165 
9970	315 
9971	183 
9972	334 
9973	208 
9974	255 
9975	334 
9976	124 
9977	38 
9978	229 
9979	42 
9980	4 
9981	154 
9982	244 
9983	229 
9984	111 
9985	274 
9986	198 
9987	315 
9988	294 
9989	229 
9990	223 
9991	270 
9992	131 
9993	238 
9994	176 
9995	238 
9996	1 
9997	245 
9998	271 
9999	263 
10000	346 
