1	23 
2	280 
3	276 
4	356 
5	46 
6	182 
7	422 
8	269 
9	162 
10	435 
11	225 
12	311 
13	404 
14	251 
15	376 
16	18 
17	239 
18	167 
19	434 
20	434 
21	96 
22	27 
23	282 
24	120 
25	333 
26	447 
27	97 
28	98 
29	477 
30	64 
31	251 
32	25 
33	135 
34	174 
35	397 
36	445 
37	480 
38	468 
39	444 
40	73 
41	166 
42	21 
43	427 
44	370 
45	345 
46	201 
47	184 
48	241 
49	138 
50	141 
51	405 
52	386 
53	146 
54	92 
55	365 
56	88 
57	318 
58	91 
59	146 
60	398 
61	207 
62	258 
63	325 
64	239 
65	346 
66	117 
67	391 
68	91 
69	94 
70	21 
71	3 
72	256 
73	334 
74	234 
75	220 
76	412 
77	138 
78	319 
79	182 
80	326 
81	310 
82	247 
83	281 
84	81 
85	151 
86	64 
87	364 
88	366 
89	48 
90	225 
91	438 
92	206 
93	102 
94	44 
95	369 
96	30 
97	473 
98	225 
99	220 
100	198 
101	235 
102	143 
103	277 
104	472 
105	461 
106	429 
107	147 
108	452 
109	405 
110	296 
111	57 
112	146 
113	82 
114	196 
115	66 
116	171 
117	266 
118	348 
119	115 
120	321 
121	296 
122	176 
123	396 
124	106 
125	454 
126	314 
127	450 
128	349 
129	269 
130	250 
131	482 
132	386 
133	297 
134	37 
135	339 
136	470 
137	94 
138	435 
139	308 
140	215 
141	110 
142	164 
143	290 
144	472 
145	64 
146	246 
147	33 
148	205 
149	101 
150	327 
151	83 
152	299 
153	319 
154	280 
155	347 
156	371 
157	1 
158	462 
159	167 
160	360 
161	156 
162	110 
163	366 
164	463 
165	8 
166	452 
167	350 
168	425 
169	460 
170	345 
171	40 
172	162 
173	410 
174	482 
175	398 
176	176 
177	315 
178	52 
179	324 
180	55 
181	83 
182	129 
183	233 
184	121 
185	312 
186	86 
187	435 
188	406 
189	119 
190	185 
191	364 
192	296 
193	159 
194	214 
195	383 
196	194 
197	267 
198	433 
199	83 
200	133 
201	211 
202	311 
203	249 
204	98 
205	44 
206	414 
207	413 
208	302 
209	426 
210	317 
211	221 
212	306 
213	316 
214	131 
215	402 
216	148 
217	112 
218	248 
219	467 
220	3 
221	113 
222	321 
223	292 
224	281 
225	16 
226	33 
227	85 
228	293 
229	240 
230	84 
231	361 
232	439 
233	4 
234	32 
235	468 
236	416 
237	448 
238	298 
239	74 
240	466 
241	302 
242	340 
243	83 
244	250 
245	380 
246	283 
247	375 
248	201 
249	301 
250	485 
251	473 
252	241 
253	360 
254	395 
255	381 
256	8 
257	371 
258	214 
259	295 
260	336 
261	381 
262	10 
263	104 
264	342 
265	236 
266	400 
267	397 
268	454 
269	477 
270	349 
271	186 
272	275 
273	443 
274	374 
275	223 
276	200 
277	128 
278	43 
279	20 
280	382 
281	379 
282	273 
283	10 
284	316 
285	228 
286	463 
287	52 
288	451 
289	464 
290	57 
291	17 
292	183 
293	125 
294	312 
295	403 
296	247 
297	301 
298	388 
299	108 
300	249 
301	6 
302	57 
303	386 
304	400 
305	372 
306	17 
307	188 
308	203 
309	190 
310	366 
311	188 
312	328 
313	78 
314	476 
315	161 
316	115 
317	299 
318	177 
319	27 
320	330 
321	115 
322	262 
323	225 
324	10 
325	329 
326	291 
327	329 
328	52 
329	124 
330	428 
331	479 
332	289 
333	378 
334	230 
335	34 
336	232 
337	193 
338	321 
339	83 
340	101 
341	277 
342	82 
343	121 
344	121 
345	1 
346	142 
347	465 
348	448 
349	163 
350	209 
351	337 
352	170 
353	374 
354	422 
355	173 
356	352 
357	197 
358	119 
359	169 
360	328 
361	308 
362	465 
363	297 
364	124 
365	402 
366	149 
367	248 
368	358 
369	60 
370	195 
371	433 
372	147 
373	372 
374	52 
375	51 
376	345 
377	104 
378	298 
379	26 
380	97 
381	380 
382	25 
383	69 
384	485 
385	199 
386	95 
387	333 
388	202 
389	135 
390	261 
391	208 
392	330 
393	368 
394	13 
395	449 
396	53 
397	195 
398	318 
399	264 
400	393 
401	368 
402	360 
403	346 
404	253 
405	342 
406	173 
407	225 
408	347 
409	338 
410	141 
411	97 
412	420 
413	396 
414	25 
415	7 
416	9 
417	100 
418	53 
419	399 
420	472 
421	352 
422	156 
423	21 
424	161 
425	226 
426	178 
427	122 
428	403 
429	20 
430	197 
431	124 
432	20 
433	49 
434	192 
435	288 
436	305 
437	275 
438	187 
439	16 
440	375 
441	51 
442	309 
443	105 
444	113 
445	246 
446	72 
447	1 
448	370 
449	473 
450	24 
451	143 
452	409 
453	100 
454	146 
455	337 
456	53 
457	112 
458	460 
459	413 
460	18 
461	124 
462	124 
463	81 
464	106 
465	265 
466	347 
467	271 
468	275 
469	115 
470	391 
471	485 
472	345 
473	28 
474	326 
475	389 
476	93 
477	214 
478	239 
479	17 
480	27 
481	420 
482	372 
483	86 
484	352 
485	157 
486	282 
487	333 
488	229 
489	107 
490	474 
491	53 
492	399 
493	167 
494	469 
495	66 
496	90 
497	280 
498	68 
499	33 
500	387 
501	25 
502	2 
503	94 
504	326 
505	57 
506	22 
507	154 
508	264 
509	104 
510	238 
511	450 
512	181 
513	44 
514	256 
515	459 
516	478 
517	349 
518	339 
519	53 
520	263 
521	225 
522	443 
523	428 
524	268 
525	370 
526	53 
527	323 
528	121 
529	450 
530	447 
531	275 
532	438 
533	144 
534	228 
535	103 
536	34 
537	194 
538	342 
539	393 
540	107 
541	408 
542	22 
543	384 
544	202 
545	259 
546	431 
547	47 
548	59 
549	398 
550	45 
551	202 
552	30 
553	20 
554	382 
555	207 
556	252 
557	258 
558	474 
559	133 
560	282 
561	373 
562	57 
563	426 
564	245 
565	381 
566	105 
567	443 
568	217 
569	391 
570	113 
571	76 
572	248 
573	346 
574	291 
575	6 
576	176 
577	277 
578	375 
579	336 
580	394 
581	457 
582	238 
583	134 
584	39 
585	143 
586	471 
587	343 
588	18 
589	428 
590	387 
591	226 
592	36 
593	75 
594	44 
595	48 
596	140 
597	416 
598	85 
599	438 
600	354 
601	77 
602	171 
603	26 
604	127 
605	198 
606	202 
607	337 
608	253 
609	484 
610	222 
611	433 
612	249 
613	121 
614	337 
615	186 
616	455 
617	263 
618	228 
619	21 
620	434 
621	419 
622	300 
623	63 
624	160 
625	106 
626	319 
627	358 
628	106 
629	322 
630	17 
631	201 
632	97 
633	232 
634	353 
635	45 
636	338 
637	168 
638	138 
639	72 
640	294 
641	11 
642	198 
643	445 
644	357 
645	226 
646	426 
647	481 
648	238 
649	89 
650	343 
651	432 
652	267 
653	252 
654	16 
655	92 
656	42 
657	103 
658	248 
659	184 
660	25 
661	241 
662	85 
663	284 
664	453 
665	129 
666	117 
667	46 
668	111 
669	228 
670	480 
671	33 
672	307 
673	392 
674	389 
675	277 
676	170 
677	90 
678	192 
679	100 
680	327 
681	157 
682	18 
683	288 
684	148 
685	230 
686	190 
687	200 
688	258 
689	265 
690	241 
691	410 
692	98 
693	141 
694	26 
695	484 
696	61 
697	332 
698	448 
699	150 
700	22 
701	463 
702	425 
703	2 
704	73 
705	361 
706	193 
707	258 
708	476 
709	283 
710	416 
711	198 
712	227 
713	207 
714	328 
715	269 
716	182 
717	372 
718	476 
719	401 
720	50 
721	467 
722	124 
723	49 
724	195 
725	231 
726	470 
727	404 
728	188 
729	402 
730	380 
731	345 
732	230 
733	210 
734	422 
735	475 
736	285 
737	13 
738	262 
739	247 
740	141 
741	278 
742	34 
743	111 
744	272 
745	94 
746	92 
747	315 
748	356 
749	102 
750	73 
751	174 
752	250 
753	264 
754	77 
755	150 
756	394 
757	199 
758	150 
759	381 
760	386 
761	449 
762	284 
763	60 
764	448 
765	377 
766	283 
767	261 
768	271 
769	210 
770	36 
771	333 
772	177 
773	396 
774	285 
775	104 
776	337 
777	107 
778	231 
779	191 
780	372 
781	95 
782	359 
783	454 
784	310 
785	18 
786	289 
787	218 
788	110 
789	48 
790	312 
791	127 
792	427 
793	38 
794	290 
795	172 
796	297 
797	148 
798	250 
799	104 
800	8 
801	23 
802	281 
803	386 
804	432 
805	382 
806	268 
807	58 
808	76 
809	231 
810	438 
811	345 
812	473 
813	431 
814	470 
815	200 
816	376 
817	107 
818	8 
819	240 
820	298 
821	49 
822	281 
823	395 
824	193 
825	331 
826	218 
827	423 
828	206 
829	467 
830	469 
831	171 
832	395 
833	319 
834	325 
835	474 
836	78 
837	366 
838	477 
839	208 
840	23 
841	75 
842	353 
843	430 
844	141 
845	93 
846	329 
847	103 
848	398 
849	258 
850	378 
851	281 
852	177 
853	478 
854	10 
855	432 
856	300 
857	4 
858	47 
859	226 
860	117 
861	165 
862	183 
863	361 
864	355 
865	80 
866	400 
867	445 
868	13 
869	320 
870	384 
871	328 
872	57 
873	84 
874	417 
875	175 
876	104 
877	16 
878	235 
879	267 
880	201 
881	207 
882	466 
883	305 
884	218 
885	450 
886	377 
887	232 
888	210 
889	206 
890	36 
891	130 
892	449 
893	353 
894	286 
895	450 
896	271 
897	3 
898	141 
899	437 
900	232 
901	350 
902	370 
903	217 
904	86 
905	70 
906	470 
907	366 
908	402 
909	58 
910	98 
911	186 
912	61 
913	171 
914	210 
915	348 
916	374 
917	93 
918	323 
919	201 
920	200 
921	438 
922	197 
923	216 
924	22 
925	135 
926	315 
927	176 
928	29 
929	322 
930	330 
931	124 
932	394 
933	240 
934	383 
935	139 
936	58 
937	243 
938	479 
939	473 
940	314 
941	239 
942	318 
943	75 
944	150 
945	457 
946	421 
947	421 
948	33 
949	75 
950	252 
951	17 
952	472 
953	316 
954	298 
955	117 
956	292 
957	305 
958	182 
959	369 
960	283 
961	180 
962	437 
963	267 
964	171 
965	377 
966	215 
967	321 
968	178 
969	69 
970	276 
971	133 
972	466 
973	150 
974	347 
975	185 
976	412 
977	171 
978	245 
979	199 
980	150 
981	324 
982	163 
983	414 
984	452 
985	244 
986	148 
987	401 
988	128 
989	229 
990	107 
991	25 
992	238 
993	123 
994	354 
995	385 
996	60 
997	139 
998	437 
999	198 
1000	332 
1001	40 
1002	399 
1003	84 
1004	379 
1005	372 
1006	16 
1007	221 
1008	180 
1009	165 
1010	4 
1011	428 
1012	123 
1013	277 
1014	158 
1015	387 
1016	161 
1017	9 
1018	47 
1019	117 
1020	407 
1021	315 
1022	397 
1023	452 
1024	460 
1025	421 
1026	252 
1027	341 
1028	80 
1029	34 
1030	419 
1031	331 
1032	269 
1033	338 
1034	458 
1035	69 
1036	285 
1037	248 
1038	268 
1039	33 
1040	64 
1041	351 
1042	76 
1043	192 
1044	170 
1045	27 
1046	431 
1047	361 
1048	112 
1049	128 
1050	361 
1051	345 
1052	372 
1053	400 
1054	409 
1055	99 
1056	478 
1057	178 
1058	483 
1059	70 
1060	87 
1061	70 
1062	263 
1063	72 
1064	382 
1065	386 
1066	319 
1067	237 
1068	465 
1069	147 
1070	32 
1071	135 
1072	385 
1073	400 
1074	187 
1075	132 
1076	56 
1077	264 
1078	344 
1079	333 
1080	102 
1081	220 
1082	204 
1083	334 
1084	268 
1085	159 
1086	352 
1087	364 
1088	313 
1089	449 
1090	66 
1091	36 
1092	6 
1093	427 
1094	478 
1095	424 
1096	114 
1097	17 
1098	132 
1099	104 
1100	280 
1101	4 
1102	272 
1103	485 
1104	18 
1105	70 
1106	183 
1107	252 
1108	164 
1109	370 
1110	371 
1111	57 
1112	43 
1113	210 
1114	113 
1115	97 
1116	191 
1117	38 
1118	288 
1119	416 
1120	311 
1121	448 
1122	25 
1123	225 
1124	76 
1125	386 
1126	437 
1127	31 
1128	81 
1129	215 
1130	290 
1131	133 
1132	151 
1133	92 
1134	198 
1135	314 
1136	57 
1137	171 
1138	260 
1139	143 
1140	86 
1141	287 
1142	181 
1143	300 
1144	379 
1145	427 
1146	72 
1147	7 
1148	435 
1149	305 
1150	23 
1151	415 
1152	440 
1153	177 
1154	143 
1155	125 
1156	155 
1157	33 
1158	218 
1159	280 
1160	346 
1161	200 
1162	262 
1163	338 
1164	133 
1165	148 
1166	45 
1167	462 
1168	240 
1169	423 
1170	410 
1171	312 
1172	464 
1173	380 
1174	335 
1175	316 
1176	338 
1177	65 
1178	357 
1179	432 
1180	35 
1181	408 
1182	456 
1183	224 
1184	155 
1185	186 
1186	247 
1187	27 
1188	281 
1189	125 
1190	78 
1191	413 
1192	353 
1193	96 
1194	165 
1195	130 
1196	219 
1197	306 
1198	85 
1199	428 
1200	161 
1201	210 
1202	156 
1203	258 
1204	219 
1205	458 
1206	168 
1207	418 
1208	35 
1209	368 
1210	238 
1211	356 
1212	465 
1213	263 
1214	44 
1215	5 
1216	467 
1217	55 
1218	43 
1219	3 
1220	247 
1221	372 
1222	442 
1223	45 
1224	160 
1225	176 
1226	247 
1227	274 
1228	76 
1229	80 
1230	213 
1231	107 
1232	405 
1233	473 
1234	83 
1235	458 
1236	399 
1237	245 
1238	125 
1239	305 
1240	78 
1241	120 
1242	246 
1243	375 
1244	150 
1245	118 
1246	203 
1247	113 
1248	109 
1249	20 
1250	467 
1251	295 
1252	4 
1253	67 
1254	77 
1255	66 
1256	68 
1257	451 
1258	447 
1259	320 
1260	208 
1261	458 
1262	144 
1263	67 
1264	40 
1265	278 
1266	233 
1267	77 
1268	42 
1269	235 
1270	267 
1271	346 
1272	382 
1273	357 
1274	429 
1275	118 
1276	269 
1277	177 
1278	430 
1279	446 
1280	172 
1281	474 
1282	186 
1283	306 
1284	35 
1285	416 
1286	221 
1287	1 
1288	382 
1289	201 
1290	435 
1291	468 
1292	23 
1293	452 
1294	144 
1295	165 
1296	223 
1297	369 
1298	376 
1299	71 
1300	269 
1301	115 
1302	310 
1303	137 
1304	250 
1305	95 
1306	152 
1307	244 
1308	354 
1309	364 
1310	169 
1311	60 
1312	139 
1313	103 
1314	5 
1315	245 
1316	361 
1317	367 
1318	80 
1319	395 
1320	228 
1321	54 
1322	155 
1323	382 
1324	219 
1325	269 
1326	336 
1327	64 
1328	465 
1329	451 
1330	471 
1331	312 
1332	189 
1333	119 
1334	168 
1335	3 
1336	317 
1337	421 
1338	238 
1339	222 
1340	83 
1341	190 
1342	397 
1343	373 
1344	3 
1345	463 
1346	452 
1347	361 
1348	26 
1349	336 
1350	22 
1351	37 
1352	118 
1353	382 
1354	324 
1355	154 
1356	295 
1357	280 
1358	76 
1359	30 
1360	383 
1361	262 
1362	87 
1363	215 
1364	374 
1365	27 
1366	453 
1367	255 
1368	422 
1369	172 
1370	130 
1371	16 
1372	108 
1373	241 
1374	257 
1375	322 
1376	82 
1377	445 
1378	457 
1379	431 
1380	335 
1381	450 
1382	324 
1383	170 
1384	148 
1385	45 
1386	88 
1387	99 
1388	161 
1389	400 
1390	442 
1391	31 
1392	480 
1393	364 
1394	375 
1395	440 
1396	208 
1397	416 
1398	67 
1399	151 
1400	397 
1401	416 
1402	210 
1403	168 
1404	145 
1405	352 
1406	39 
1407	161 
1408	268 
1409	173 
1410	60 
1411	234 
1412	223 
1413	244 
1414	96 
1415	179 
1416	347 
1417	137 
1418	260 
1419	126 
1420	18 
1421	374 
1422	404 
1423	485 
1424	101 
1425	334 
1426	160 
1427	48 
1428	388 
1429	252 
1430	343 
1431	129 
1432	258 
1433	485 
1434	479 
1435	184 
1436	304 
1437	115 
1438	78 
1439	170 
1440	123 
1441	417 
1442	138 
1443	149 
1444	86 
1445	276 
1446	468 
1447	159 
1448	451 
1449	221 
1450	211 
1451	314 
1452	281 
1453	442 
1454	321 
1455	6 
1456	83 
1457	111 
1458	87 
1459	397 
1460	350 
1461	395 
1462	130 
1463	69 
1464	138 
1465	344 
1466	52 
1467	365 
1468	78 
1469	56 
1470	89 
1471	452 
1472	28 
1473	178 
1474	285 
1475	362 
1476	281 
1477	133 
1478	441 
1479	396 
1480	190 
1481	197 
1482	214 
1483	145 
1484	289 
1485	24 
1486	464 
1487	239 
1488	355 
1489	134 
1490	4 
1491	55 
1492	42 
1493	13 
1494	457 
1495	289 
1496	93 
1497	234 
1498	254 
1499	411 
1500	483 
1501	229 
1502	268 
1503	87 
1504	382 
1505	172 
1506	135 
1507	237 
1508	207 
1509	35 
1510	79 
1511	366 
1512	294 
1513	316 
1514	311 
1515	10 
1516	433 
1517	321 
1518	69 
1519	48 
1520	261 
1521	293 
1522	106 
1523	331 
1524	45 
1525	77 
1526	192 
1527	432 
1528	344 
1529	338 
1530	226 
1531	2 
1532	356 
1533	262 
1534	47 
1535	230 
1536	259 
1537	214 
1538	424 
1539	320 
1540	327 
1541	442 
1542	93 
1543	260 
1544	77 
1545	62 
1546	252 
1547	40 
1548	439 
1549	426 
1550	337 
1551	131 
1552	30 
1553	309 
1554	154 
1555	395 
1556	384 
1557	8 
1558	404 
1559	80 
1560	160 
1561	233 
1562	268 
1563	61 
1564	356 
1565	484 
1566	237 
1567	217 
1568	94 
1569	178 
1570	460 
1571	283 
1572	356 
1573	437 
1574	211 
1575	276 
1576	244 
1577	148 
1578	160 
1579	304 
1580	400 
1581	446 
1582	207 
1583	263 
1584	14 
1585	423 
1586	193 
1587	473 
1588	93 
1589	45 
1590	297 
1591	323 
1592	88 
1593	68 
1594	407 
1595	242 
1596	181 
1597	232 
1598	320 
1599	349 
1600	98 
1601	407 
1602	387 
1603	459 
1604	416 
1605	8 
1606	459 
1607	68 
1608	195 
1609	276 
1610	208 
1611	292 
1612	271 
1613	158 
1614	262 
1615	446 
1616	218 
1617	86 
1618	453 
1619	103 
1620	160 
1621	342 
1622	220 
1623	381 
1624	385 
1625	406 
1626	31 
1627	7 
1628	73 
1629	131 
1630	140 
1631	351 
1632	483 
1633	78 
1634	162 
1635	115 
1636	110 
1637	398 
1638	397 
1639	363 
1640	96 
1641	62 
1642	485 
1643	145 
1644	457 
1645	46 
1646	131 
1647	283 
1648	278 
1649	254 
1650	173 
1651	214 
1652	356 
1653	404 
1654	423 
1655	157 
1656	213 
1657	204 
1658	385 
1659	151 
1660	199 
1661	209 
1662	389 
1663	157 
1664	254 
1665	99 
1666	131 
1667	485 
1668	305 
1669	71 
1670	271 
1671	47 
1672	416 
1673	443 
1674	193 
1675	385 
1676	13 
1677	292 
1678	202 
1679	335 
1680	97 
1681	125 
1682	215 
1683	246 
1684	457 
1685	123 
1686	206 
1687	32 
1688	465 
1689	145 
1690	274 
1691	21 
1692	51 
1693	401 
1694	19 
1695	318 
1696	86 
1697	27 
1698	224 
1699	353 
1700	254 
1701	482 
1702	281 
1703	270 
1704	70 
1705	447 
1706	423 
1707	417 
1708	57 
1709	306 
1710	169 
1711	366 
1712	302 
1713	470 
1714	119 
1715	405 
1716	87 
1717	75 
1718	227 
1719	113 
1720	27 
1721	216 
1722	129 
1723	360 
1724	131 
1725	211 
1726	320 
1727	58 
1728	119 
1729	290 
1730	160 
1731	60 
1732	226 
1733	322 
1734	246 
1735	288 
1736	167 
1737	332 
1738	59 
1739	3 
1740	311 
1741	390 
1742	368 
1743	145 
1744	17 
1745	84 
1746	222 
1747	161 
1748	428 
1749	399 
1750	459 
1751	310 
1752	143 
1753	26 
1754	117 
1755	225 
1756	260 
1757	266 
1758	164 
1759	287 
1760	253 
1761	341 
1762	384 
1763	346 
1764	290 
1765	471 
1766	87 
1767	326 
1768	108 
1769	479 
1770	216 
1771	423 
1772	442 
1773	219 
1774	403 
1775	358 
1776	62 
1777	25 
1778	274 
1779	335 
1780	83 
1781	27 
1782	133 
1783	145 
1784	250 
1785	28 
1786	111 
1787	220 
1788	72 
1789	260 
1790	249 
1791	348 
1792	415 
1793	128 
1794	241 
1795	264 
1796	339 
1797	324 
1798	255 
1799	105 
1800	335 
1801	434 
1802	408 
1803	351 
1804	429 
1805	393 
1806	290 
1807	124 
1808	12 
1809	83 
1810	308 
1811	360 
1812	469 
1813	220 
1814	419 
1815	306 
1816	89 
1817	186 
1818	51 
1819	308 
1820	351 
1821	479 
1822	185 
1823	308 
1824	169 
1825	12 
1826	425 
1827	172 
1828	313 
1829	59 
1830	152 
1831	376 
1832	445 
1833	471 
1834	199 
1835	169 
1836	451 
1837	348 
1838	264 
1839	76 
1840	105 
1841	83 
1842	142 
1843	157 
1844	329 
1845	315 
1846	207 
1847	480 
1848	289 
1849	115 
1850	284 
1851	161 
1852	36 
1853	26 
1854	237 
1855	415 
1856	62 
1857	293 
1858	116 
1859	378 
1860	47 
1861	360 
1862	116 
1863	445 
1864	117 
1865	261 
1866	53 
1867	302 
1868	408 
1869	206 
1870	277 
1871	322 
1872	163 
1873	273 
1874	428 
1875	39 
1876	83 
1877	348 
1878	132 
1879	115 
1880	108 
1881	75 
1882	74 
1883	55 
1884	245 
1885	292 
1886	480 
1887	163 
1888	392 
1889	123 
1890	67 
1891	224 
1892	32 
1893	115 
1894	24 
1895	270 
1896	174 
1897	434 
1898	378 
1899	6 
1900	474 
1901	165 
1902	83 
1903	55 
1904	91 
1905	151 
1906	323 
1907	286 
1908	50 
1909	179 
1910	106 
1911	109 
1912	339 
1913	214 
1914	235 
1915	331 
1916	450 
1917	25 
1918	37 
1919	255 
1920	295 
1921	115 
1922	14 
1923	158 
1924	235 
1925	295 
1926	95 
1927	25 
1928	196 
1929	104 
1930	27 
1931	377 
1932	371 
1933	88 
1934	34 
1935	309 
1936	333 
1937	228 
1938	116 
1939	344 
1940	272 
1941	28 
1942	115 
1943	204 
1944	366 
1945	449 
1946	114 
1947	255 
1948	389 
1949	311 
1950	234 
1951	189 
1952	205 
1953	101 
1954	89 
1955	373 
1956	315 
1957	10 
1958	130 
1959	363 
1960	156 
1961	212 
1962	305 
1963	460 
1964	235 
1965	173 
1966	435 
1967	370 
1968	366 
1969	249 
1970	74 
1971	260 
1972	34 
1973	142 
1974	109 
1975	484 
1976	455 
1977	344 
1978	466 
1979	388 
1980	265 
1981	4 
1982	165 
1983	269 
1984	409 
1985	290 
1986	380 
1987	54 
1988	128 
1989	299 
1990	351 
1991	362 
1992	189 
1993	448 
1994	69 
1995	79 
1996	220 
1997	407 
1998	56 
1999	394 
2000	399 
2001	108 
2002	139 
2003	436 
2004	118 
2005	298 
2006	112 
2007	111 
2008	266 
2009	77 
2010	163 
2011	53 
2012	30 
2013	240 
2014	75 
2015	310 
2016	254 
2017	154 
2018	168 
2019	199 
2020	54 
2021	379 
2022	370 
2023	430 
2024	287 
2025	353 
2026	208 
2027	52 
2028	145 
2029	116 
2030	373 
2031	315 
2032	43 
2033	108 
2034	234 
2035	82 
2036	151 
2037	296 
2038	211 
2039	364 
2040	456 
2041	118 
2042	73 
2043	332 
2044	484 
2045	473 
2046	90 
2047	304 
2048	129 
2049	473 
2050	378 
2051	292 
2052	468 
2053	235 
2054	332 
2055	376 
2056	369 
2057	308 
2058	169 
2059	276 
2060	333 
2061	354 
2062	135 
2063	194 
2064	87 
2065	106 
2066	448 
2067	17 
2068	20 
2069	219 
2070	155 
2071	171 
2072	475 
2073	95 
2074	278 
2075	229 
2076	475 
2077	391 
2078	199 
2079	213 
2080	292 
2081	301 
2082	165 
2083	194 
2084	320 
2085	134 
2086	149 
2087	337 
2088	255 
2089	159 
2090	83 
2091	57 
2092	327 
2093	242 
2094	153 
2095	130 
2096	201 
2097	84 
2098	120 
2099	476 
2100	127 
2101	436 
2102	217 
2103	42 
2104	74 
2105	130 
2106	85 
2107	451 
2108	23 
2109	362 
2110	11 
2111	293 
2112	109 
2113	179 
2114	301 
2115	360 
2116	463 
2117	236 
2118	137 
2119	349 
2120	164 
2121	407 
2122	37 
2123	455 
2124	103 
2125	460 
2126	285 
2127	435 
2128	146 
2129	273 
2130	100 
2131	178 
2132	134 
2133	155 
2134	84 
2135	70 
2136	171 
2137	68 
2138	196 
2139	8 
2140	403 
2141	119 
2142	390 
2143	17 
2144	448 
2145	47 
2146	306 
2147	477 
2148	264 
2149	81 
2150	374 
2151	197 
2152	109 
2153	167 
2154	226 
2155	485 
2156	343 
2157	397 
2158	46 
2159	198 
2160	208 
2161	98 
2162	478 
2163	391 
2164	406 
2165	348 
2166	159 
2167	55 
2168	204 
2169	41 
2170	177 
2171	292 
2172	5 
2173	401 
2174	5 
2175	147 
2176	367 
2177	460 
2178	481 
2179	207 
2180	484 
2181	72 
2182	187 
2183	231 
2184	297 
2185	227 
2186	233 
2187	84 
2188	15 
2189	184 
2190	68 
2191	317 
2192	130 
2193	284 
2194	288 
2195	159 
2196	129 
2197	217 
2198	70 
2199	23 
2200	170 
2201	102 
2202	178 
2203	112 
2204	194 
2205	131 
2206	373 
2207	461 
2208	362 
2209	485 
2210	207 
2211	181 
2212	125 
2213	57 
2214	411 
2215	355 
2216	359 
2217	303 
2218	427 
2219	366 
2220	135 
2221	479 
2222	60 
2223	90 
2224	21 
2225	160 
2226	482 
2227	259 
2228	376 
2229	233 
2230	141 
2231	113 
2232	199 
2233	249 
2234	19 
2235	332 
2236	277 
2237	76 
2238	236 
2239	190 
2240	365 
2241	16 
2242	12 
2243	432 
2244	144 
2245	352 
2246	242 
2247	431 
2248	343 
2249	122 
2250	255 
2251	394 
2252	17 
2253	5 
2254	97 
2255	17 
2256	225 
2257	319 
2258	283 
2259	304 
2260	385 
2261	164 
2262	176 
2263	395 
2264	191 
2265	61 
2266	373 
2267	342 
2268	382 
2269	193 
2270	222 
2271	460 
2272	462 
2273	375 
2274	247 
2275	331 
2276	46 
2277	191 
2278	472 
2279	184 
2280	248 
2281	287 
2282	191 
2283	131 
2284	196 
2285	478 
2286	6 
2287	424 
2288	320 
2289	26 
2290	173 
2291	82 
2292	381 
2293	209 
2294	465 
2295	326 
2296	291 
2297	462 
2298	415 
2299	313 
2300	216 
2301	101 
2302	380 
2303	284 
2304	29 
2305	109 
2306	32 
2307	448 
2308	377 
2309	380 
2310	286 
2311	289 
2312	253 
2313	180 
2314	347 
2315	129 
2316	107 
2317	68 
2318	400 
2319	5 
2320	453 
2321	96 
2322	5 
2323	65 
2324	339 
2325	458 
2326	104 
2327	431 
2328	176 
2329	215 
2330	356 
2331	238 
2332	269 
2333	323 
2334	202 
2335	311 
2336	184 
2337	65 
2338	253 
2339	364 
2340	395 
2341	423 
2342	118 
2343	351 
2344	141 
2345	341 
2346	20 
2347	381 
2348	19 
2349	57 
2350	397 
2351	270 
2352	65 
2353	232 
2354	89 
2355	99 
2356	406 
2357	214 
2358	135 
2359	338 
2360	394 
2361	25 
2362	32 
2363	136 
2364	411 
2365	67 
2366	204 
2367	221 
2368	283 
2369	158 
2370	61 
2371	27 
2372	478 
2373	331 
2374	484 
2375	211 
2376	481 
2377	65 
2378	108 
2379	403 
2380	126 
2381	171 
2382	449 
2383	102 
2384	81 
2385	351 
2386	81 
2387	17 
2388	276 
2389	388 
2390	324 
2391	359 
2392	270 
2393	14 
2394	479 
2395	352 
2396	1 
2397	250 
2398	421 
2399	437 
2400	10 
2401	394 
2402	384 
2403	142 
2404	390 
2405	382 
2406	183 
2407	34 
2408	318 
2409	294 
2410	162 
2411	342 
2412	341 
2413	384 
2414	33 
2415	40 
2416	152 
2417	221 
2418	58 
2419	157 
2420	129 
2421	403 
2422	309 
2423	15 
2424	182 
2425	166 
2426	458 
2427	407 
2428	253 
2429	420 
2430	250 
2431	167 
2432	221 
2433	127 
2434	26 
2435	265 
2436	11 
2437	23 
2438	27 
2439	26 
2440	117 
2441	122 
2442	335 
2443	366 
2444	62 
2445	295 
2446	464 
2447	317 
2448	416 
2449	224 
2450	469 
2451	431 
2452	142 
2453	343 
2454	244 
2455	329 
2456	31 
2457	306 
2458	91 
2459	298 
2460	382 
2461	396 
2462	406 
2463	292 
2464	187 
2465	75 
2466	331 
2467	118 
2468	98 
2469	105 
2470	174 
2471	402 
2472	212 
2473	273 
2474	125 
2475	175 
2476	91 
2477	346 
2478	314 
2479	71 
2480	74 
2481	26 
2482	315 
2483	242 
2484	354 
2485	350 
2486	315 
2487	119 
2488	232 
2489	144 
2490	309 
2491	34 
2492	95 
2493	104 
2494	330 
2495	132 
2496	127 
2497	132 
2498	313 
2499	458 
2500	338 
2501	1 
2502	325 
2503	165 
2504	199 
2505	401 
2506	69 
2507	317 
2508	298 
2509	45 
2510	413 
2511	48 
2512	471 
2513	460 
2514	342 
2515	249 
2516	324 
2517	329 
2518	336 
2519	131 
2520	121 
2521	343 
2522	242 
2523	343 
2524	326 
2525	38 
2526	261 
2527	37 
2528	471 
2529	136 
2530	341 
2531	193 
2532	159 
2533	260 
2534	236 
2535	370 
2536	178 
2537	464 
2538	477 
2539	93 
2540	306 
2541	254 
2542	12 
2543	322 
2544	419 
2545	315 
2546	191 
2547	47 
2548	373 
2549	144 
2550	353 
2551	19 
2552	420 
2553	152 
2554	318 
2555	259 
2556	289 
2557	93 
2558	410 
2559	165 
2560	240 
2561	433 
2562	228 
2563	138 
2564	285 
2565	179 
2566	266 
2567	7 
2568	22 
2569	261 
2570	399 
2571	129 
2572	319 
2573	368 
2574	410 
2575	197 
2576	366 
2577	124 
2578	219 
2579	219 
2580	281 
2581	180 
2582	133 
2583	177 
2584	354 
2585	250 
2586	129 
2587	23 
2588	395 
2589	443 
2590	377 
2591	426 
2592	405 
2593	451 
2594	218 
2595	251 
2596	349 
2597	316 
2598	234 
2599	91 
2600	287 
2601	402 
2602	89 
2603	174 
2604	417 
2605	300 
2606	260 
2607	466 
2608	118 
2609	269 
2610	424 
2611	186 
2612	383 
2613	74 
2614	330 
2615	385 
2616	300 
2617	242 
2618	322 
2619	389 
2620	409 
2621	194 
2622	378 
2623	9 
2624	139 
2625	359 
2626	313 
2627	129 
2628	460 
2629	89 
2630	166 
2631	328 
2632	59 
2633	317 
2634	64 
2635	170 
2636	376 
2637	338 
2638	178 
2639	317 
2640	382 
2641	180 
2642	23 
2643	317 
2644	1 
2645	65 
2646	247 
2647	291 
2648	15 
2649	176 
2650	412 
2651	368 
2652	96 
2653	405 
2654	145 
2655	418 
2656	421 
2657	118 
2658	464 
2659	458 
2660	135 
2661	151 
2662	371 
2663	215 
2664	340 
2665	160 
2666	306 
2667	45 
2668	191 
2669	42 
2670	413 
2671	44 
2672	212 
2673	467 
2674	216 
2675	114 
2676	2 
2677	407 
2678	394 
2679	155 
2680	325 
2681	90 
2682	456 
2683	124 
2684	481 
2685	334 
2686	209 
2687	251 
2688	320 
2689	363 
2690	102 
2691	271 
2692	421 
2693	96 
2694	402 
2695	19 
2696	368 
2697	360 
2698	254 
2699	161 
2700	362 
2701	323 
2702	250 
2703	327 
2704	152 
2705	30 
2706	283 
2707	358 
2708	300 
2709	271 
2710	215 
2711	303 
2712	407 
2713	323 
2714	54 
2715	423 
2716	179 
2717	59 
2718	468 
2719	444 
2720	209 
2721	269 
2722	439 
2723	164 
2724	244 
2725	221 
2726	118 
2727	269 
2728	461 
2729	239 
2730	371 
2731	472 
2732	34 
2733	29 
2734	425 
2735	255 
2736	319 
2737	303 
2738	461 
2739	336 
2740	50 
2741	425 
2742	468 
2743	357 
2744	22 
2745	213 
2746	417 
2747	458 
2748	77 
2749	351 
2750	83 
2751	195 
2752	11 
2753	340 
2754	468 
2755	193 
2756	382 
2757	380 
2758	224 
2759	3 
2760	48 
2761	89 
2762	457 
2763	299 
2764	302 
2765	151 
2766	59 
2767	83 
2768	439 
2769	191 
2770	63 
2771	185 
2772	162 
2773	253 
2774	433 
2775	196 
2776	59 
2777	205 
2778	2 
2779	404 
2780	351 
2781	377 
2782	111 
2783	147 
2784	122 
2785	128 
2786	186 
2787	435 
2788	204 
2789	47 
2790	57 
2791	54 
2792	438 
2793	91 
2794	335 
2795	335 
2796	218 
2797	262 
2798	387 
2799	358 
2800	407 
2801	313 
2802	205 
2803	33 
2804	44 
2805	423 
2806	24 
2807	135 
2808	448 
2809	51 
2810	430 
2811	142 
2812	330 
2813	159 
2814	149 
2815	111 
2816	191 
2817	122 
2818	226 
2819	314 
2820	412 
2821	357 
2822	266 
2823	244 
2824	61 
2825	151 
2826	449 
2827	124 
2828	433 
2829	359 
2830	320 
2831	316 
2832	212 
2833	192 
2834	9 
2835	14 
2836	120 
2837	338 
2838	392 
2839	376 
2840	133 
2841	376 
2842	31 
2843	139 
2844	156 
2845	83 
2846	355 
2847	280 
2848	419 
2849	5 
2850	448 
2851	52 
2852	15 
2853	73 
2854	356 
2855	240 
2856	343 
2857	84 
2858	300 
2859	348 
2860	47 
2861	79 
2862	292 
2863	473 
2864	180 
2865	255 
2866	234 
2867	5 
2868	81 
2869	216 
2870	84 
2871	257 
2872	385 
2873	392 
2874	445 
2875	129 
2876	455 
2877	357 
2878	132 
2879	411 
2880	165 
2881	454 
2882	327 
2883	418 
2884	279 
2885	410 
2886	477 
2887	42 
2888	422 
2889	396 
2890	71 
2891	426 
2892	162 
2893	353 
2894	96 
2895	221 
2896	425 
2897	204 
2898	6 
2899	367 
2900	429 
2901	279 
2902	191 
2903	420 
2904	71 
2905	49 
2906	271 
2907	400 
2908	460 
2909	160 
2910	102 
2911	312 
2912	344 
2913	124 
2914	204 
2915	221 
2916	394 
2917	212 
2918	397 
2919	418 
2920	14 
2921	211 
2922	110 
2923	39 
2924	42 
2925	122 
2926	284 
2927	440 
2928	482 
2929	340 
2930	141 
2931	351 
2932	253 
2933	37 
2934	216 
2935	158 
2936	78 
2937	267 
2938	164 
2939	135 
2940	358 
2941	446 
2942	365 
2943	330 
2944	164 
2945	64 
2946	409 
2947	325 
2948	267 
2949	142 
2950	44 
2951	159 
2952	265 
2953	380 
2954	169 
2955	471 
2956	426 
2957	392 
2958	6 
2959	155 
2960	351 
2961	35 
2962	429 
2963	474 
2964	409 
2965	216 
2966	48 
2967	146 
2968	324 
2969	156 
2970	320 
2971	442 
2972	260 
2973	2 
2974	59 
2975	340 
2976	91 
2977	35 
2978	316 
2979	63 
2980	342 
2981	243 
2982	81 
2983	339 
2984	103 
2985	132 
2986	312 
2987	398 
2988	477 
2989	167 
2990	412 
2991	134 
2992	377 
2993	408 
2994	149 
2995	213 
2996	454 
2997	187 
2998	161 
2999	437 
3000	439 
3001	64 
3002	373 
3003	63 
3004	87 
3005	468 
3006	181 
3007	30 
3008	200 
3009	344 
3010	80 
3011	251 
3012	17 
3013	190 
3014	412 
3015	209 
3016	444 
3017	298 
3018	362 
3019	200 
3020	179 
3021	369 
3022	265 
3023	206 
3024	205 
3025	42 
3026	223 
3027	128 
3028	257 
3029	391 
3030	226 
3031	276 
3032	400 
3033	396 
3034	273 
3035	365 
3036	440 
3037	41 
3038	243 
3039	357 
3040	415 
3041	463 
3042	329 
3043	469 
3044	34 
3045	116 
3046	397 
3047	257 
3048	156 
3049	357 
3050	408 
3051	383 
3052	467 
3053	368 
3054	77 
3055	39 
3056	482 
3057	480 
3058	64 
3059	298 
3060	445 
3061	80 
3062	180 
3063	377 
3064	46 
3065	101 
3066	162 
3067	50 
3068	183 
3069	462 
3070	199 
3071	17 
3072	231 
3073	229 
3074	420 
3075	285 
3076	236 
3077	253 
3078	133 
3079	117 
3080	391 
3081	453 
3082	163 
3083	477 
3084	1 
3085	169 
3086	288 
3087	157 
3088	433 
3089	123 
3090	390 
3091	205 
3092	41 
3093	263 
3094	139 
3095	27 
3096	243 
3097	58 
3098	360 
3099	50 
3100	282 
3101	300 
3102	194 
3103	464 
3104	447 
3105	136 
3106	423 
3107	112 
3108	203 
3109	240 
3110	482 
3111	134 
3112	279 
3113	481 
3114	106 
3115	154 
3116	360 
3117	145 
3118	46 
3119	72 
3120	334 
3121	44 
3122	384 
3123	114 
3124	170 
3125	253 
3126	63 
3127	195 
3128	239 
3129	101 
3130	76 
3131	432 
3132	304 
3133	393 
3134	118 
3135	187 
3136	285 
3137	134 
3138	114 
3139	221 
3140	458 
3141	176 
3142	271 
3143	479 
3144	87 
3145	112 
3146	447 
3147	331 
3148	442 
3149	51 
3150	220 
3151	171 
3152	177 
3153	216 
3154	323 
3155	6 
3156	330 
3157	230 
3158	279 
3159	137 
3160	172 
3161	66 
3162	231 
3163	243 
3164	425 
3165	299 
3166	477 
3167	400 
3168	442 
3169	422 
3170	159 
3171	165 
3172	25 
3173	11 
3174	291 
3175	448 
3176	156 
3177	248 
3178	470 
3179	120 
3180	282 
3181	463 
3182	308 
3183	217 
3184	65 
3185	356 
3186	318 
3187	123 
3188	390 
3189	112 
3190	325 
3191	397 
3192	269 
3193	251 
3194	207 
3195	429 
3196	91 
3197	101 
3198	455 
3199	388 
3200	7 
3201	292 
3202	9 
3203	309 
3204	262 
3205	463 
3206	462 
3207	121 
3208	2 
3209	483 
3210	276 
3211	52 
3212	121 
3213	207 
3214	350 
3215	33 
3216	211 
3217	89 
3218	170 
3219	14 
3220	55 
3221	405 
3222	313 
3223	396 
3224	389 
3225	236 
3226	282 
3227	403 
3228	79 
3229	120 
3230	423 
3231	51 
3232	170 
3233	77 
3234	152 
3235	142 
3236	445 
3237	222 
3238	387 
3239	265 
3240	206 
3241	398 
3242	88 
3243	13 
3244	176 
3245	347 
3246	79 
3247	329 
3248	476 
3249	333 
3250	316 
3251	266 
3252	46 
3253	475 
3254	155 
3255	71 
3256	230 
3257	173 
3258	456 
3259	70 
3260	196 
3261	400 
3262	420 
3263	297 
3264	2 
3265	129 
3266	144 
3267	167 
3268	334 
3269	243 
3270	2 
3271	483 
3272	298 
3273	355 
3274	101 
3275	222 
3276	255 
3277	462 
3278	279 
3279	83 
3280	288 
3281	109 
3282	411 
3283	200 
3284	165 
3285	106 
3286	417 
3287	371 
3288	272 
3289	23 
3290	309 
3291	435 
3292	358 
3293	425 
3294	37 
3295	476 
3296	73 
3297	478 
3298	40 
3299	417 
3300	80 
3301	473 
3302	11 
3303	332 
3304	367 
3305	295 
3306	394 
3307	271 
3308	254 
3309	436 
3310	365 
3311	426 
3312	93 
3313	41 
3314	286 
3315	367 
3316	209 
3317	115 
3318	275 
3319	48 
3320	294 
3321	33 
3322	151 
3323	49 
3324	83 
3325	419 
3326	485 
3327	118 
3328	323 
3329	471 
3330	450 
3331	293 
3332	417 
3333	237 
3334	116 
3335	457 
3336	416 
3337	55 
3338	12 
3339	429 
3340	144 
3341	407 
3342	356 
3343	113 
3344	391 
3345	181 
3346	286 
3347	153 
3348	475 
3349	415 
3350	91 
3351	79 
3352	177 
3353	363 
3354	359 
3355	367 
3356	383 
3357	20 
3358	109 
3359	473 
3360	456 
3361	173 
3362	171 
3363	402 
3364	99 
3365	6 
3366	276 
3367	409 
3368	284 
3369	423 
3370	153 
3371	432 
3372	35 
3373	444 
3374	397 
3375	169 
3376	49 
3377	29 
3378	482 
3379	470 
3380	121 
3381	83 
3382	212 
3383	316 
3384	309 
3385	447 
3386	475 
3387	66 
3388	21 
3389	423 
3390	409 
3391	171 
3392	116 
3393	47 
3394	89 
3395	111 
3396	132 
3397	382 
3398	350 
3399	410 
3400	481 
3401	13 
3402	199 
3403	22 
3404	138 
3405	355 
3406	437 
3407	61 
3408	40 
3409	21 
3410	146 
3411	445 
3412	50 
3413	172 
3414	315 
3415	153 
3416	289 
3417	25 
3418	453 
3419	99 
3420	275 
3421	52 
3422	188 
3423	151 
3424	326 
3425	455 
3426	23 
3427	81 
3428	480 
3429	260 
3430	391 
3431	413 
3432	441 
3433	278 
3434	62 
3435	308 
3436	180 
3437	468 
3438	342 
3439	461 
3440	133 
3441	95 
3442	108 
3443	129 
3444	92 
3445	118 
3446	6 
3447	437 
3448	461 
3449	453 
3450	427 
3451	462 
3452	397 
3453	407 
3454	474 
3455	485 
3456	139 
3457	434 
3458	426 
3459	152 
3460	401 
3461	440 
3462	261 
3463	286 
3464	42 
3465	123 
3466	9 
3467	377 
3468	337 
3469	276 
3470	382 
3471	287 
3472	157 
3473	354 
3474	332 
3475	19 
3476	200 
3477	221 
3478	14 
3479	17 
3480	46 
3481	90 
3482	54 
3483	422 
3484	244 
3485	483 
3486	481 
3487	152 
3488	476 
3489	271 
3490	399 
3491	482 
3492	95 
3493	382 
3494	42 
3495	264 
3496	187 
3497	58 
3498	469 
3499	50 
3500	229 
3501	40 
3502	279 
3503	275 
3504	72 
3505	360 
3506	20 
3507	364 
3508	25 
3509	62 
3510	316 
3511	176 
3512	270 
3513	255 
3514	348 
3515	117 
3516	243 
3517	75 
3518	103 
3519	93 
3520	192 
3521	418 
3522	39 
3523	303 
3524	128 
3525	243 
3526	35 
3527	376 
3528	422 
3529	459 
3530	104 
3531	376 
3532	26 
3533	95 
3534	268 
3535	408 
3536	222 
3537	483 
3538	251 
3539	113 
3540	49 
3541	274 
3542	122 
3543	241 
3544	138 
3545	255 
3546	234 
3547	61 
3548	172 
3549	167 
3550	172 
3551	400 
3552	199 
3553	205 
3554	307 
3555	127 
3556	450 
3557	111 
3558	37 
3559	439 
3560	264 
3561	370 
3562	310 
3563	111 
3564	9 
3565	375 
3566	63 
3567	61 
3568	227 
3569	170 
3570	407 
3571	89 
3572	176 
3573	44 
3574	295 
3575	15 
3576	394 
3577	231 
3578	146 
3579	147 
3580	81 
3581	55 
3582	397 
3583	44 
3584	302 
3585	418 
3586	46 
3587	192 
3588	151 
3589	29 
3590	453 
3591	266 
3592	103 
3593	82 
3594	341 
3595	104 
3596	237 
3597	257 
3598	411 
3599	485 
3600	388 
3601	47 
3602	276 
3603	160 
3604	19 
3605	106 
3606	399 
3607	461 
3608	437 
3609	385 
3610	188 
3611	49 
3612	233 
3613	154 
3614	59 
3615	427 
3616	224 
3617	348 
3618	189 
3619	342 
3620	272 
3621	158 
3622	223 
3623	51 
3624	351 
3625	367 
3626	297 
3627	108 
3628	46 
3629	126 
3630	328 
3631	101 
3632	419 
3633	217 
3634	78 
3635	50 
3636	462 
3637	266 
3638	243 
3639	187 
3640	85 
3641	158 
3642	412 
3643	149 
3644	363 
3645	248 
3646	129 
3647	380 
3648	237 
3649	278 
3650	58 
3651	369 
3652	416 
3653	145 
3654	42 
3655	472 
3656	229 
3657	209 
3658	53 
3659	77 
3660	102 
3661	229 
3662	45 
3663	88 
3664	178 
3665	280 
3666	224 
3667	445 
3668	205 
3669	324 
3670	441 
3671	420 
3672	182 
3673	316 
3674	50 
3675	408 
3676	415 
3677	388 
3678	88 
3679	412 
3680	44 
3681	264 
3682	94 
3683	393 
3684	307 
3685	359 
3686	143 
3687	184 
3688	384 
3689	50 
3690	457 
3691	132 
3692	421 
3693	380 
3694	13 
3695	75 
3696	367 
3697	72 
3698	367 
3699	400 
3700	430 
3701	182 
3702	342 
3703	62 
3704	339 
3705	143 
3706	351 
3707	466 
3708	315 
3709	398 
3710	76 
3711	73 
3712	47 
3713	116 
3714	356 
3715	340 
3716	475 
3717	436 
3718	141 
3719	310 
3720	111 
3721	235 
3722	159 
3723	393 
3724	96 
3725	161 
3726	188 
3727	351 
3728	334 
3729	394 
3730	3 
3731	152 
3732	276 
3733	392 
3734	146 
3735	424 
3736	444 
3737	171 
3738	136 
3739	129 
3740	149 
3741	424 
3742	438 
3743	468 
3744	326 
3745	338 
3746	315 
3747	246 
3748	331 
3749	89 
3750	363 
3751	462 
3752	366 
3753	434 
3754	278 
3755	286 
3756	304 
3757	105 
3758	383 
3759	212 
3760	400 
3761	261 
3762	126 
3763	313 
3764	480 
3765	20 
3766	404 
3767	398 
3768	233 
3769	263 
3770	397 
3771	144 
3772	419 
3773	158 
3774	466 
3775	32 
3776	14 
3777	254 
3778	469 
3779	470 
3780	421 
3781	315 
3782	269 
3783	89 
3784	374 
3785	128 
3786	267 
3787	130 
3788	24 
3789	98 
3790	442 
3791	202 
3792	282 
3793	195 
3794	26 
3795	403 
3796	380 
3797	153 
3798	189 
3799	257 
3800	212 
3801	334 
3802	294 
3803	459 
3804	430 
3805	278 
3806	47 
3807	89 
3808	66 
3809	57 
3810	442 
3811	45 
3812	143 
3813	454 
3814	66 
3815	10 
3816	436 
3817	294 
3818	340 
3819	355 
3820	304 
3821	24 
3822	213 
3823	278 
3824	461 
3825	121 
3826	292 
3827	93 
3828	379 
3829	189 
3830	294 
3831	223 
3832	315 
3833	243 
3834	233 
3835	140 
3836	242 
3837	369 
3838	259 
3839	39 
3840	481 
3841	414 
3842	456 
3843	172 
3844	50 
3845	263 
3846	399 
3847	470 
3848	185 
3849	292 
3850	77 
3851	274 
3852	404 
3853	299 
3854	197 
3855	151 
3856	367 
3857	411 
3858	418 
3859	31 
3860	358 
3861	304 
3862	360 
3863	161 
3864	5 
3865	66 
3866	393 
3867	466 
3868	334 
3869	72 
3870	338 
3871	280 
3872	297 
3873	251 
3874	427 
3875	253 
3876	99 
3877	164 
3878	471 
3879	75 
3880	66 
3881	410 
3882	456 
3883	126 
3884	378 
3885	14 
3886	408 
3887	190 
3888	304 
3889	50 
3890	387 
3891	285 
3892	264 
3893	437 
3894	152 
3895	175 
3896	446 
3897	217 
3898	257 
3899	25 
3900	466 
3901	351 
3902	63 
3903	192 
3904	85 
3905	183 
3906	42 
3907	404 
3908	480 
3909	213 
3910	131 
3911	127 
3912	327 
3913	399 
3914	147 
3915	182 
3916	271 
3917	43 
3918	273 
3919	26 
3920	15 
3921	113 
3922	117 
3923	222 
3924	378 
3925	255 
3926	423 
3927	426 
3928	319 
3929	203 
3930	454 
3931	87 
3932	296 
3933	149 
3934	328 
3935	64 
3936	296 
3937	7 
3938	73 
3939	295 
3940	293 
3941	179 
3942	374 
3943	443 
3944	448 
3945	126 
3946	109 
3947	25 
3948	353 
3949	378 
3950	172 
3951	355 
3952	472 
3953	371 
3954	403 
3955	9 
3956	441 
3957	341 
3958	120 
3959	462 
3960	373 
3961	407 
3962	1 
3963	160 
3964	436 
3965	37 
3966	295 
3967	471 
3968	167 
3969	56 
3970	296 
3971	212 
3972	351 
3973	276 
3974	102 
3975	284 
3976	241 
3977	293 
3978	248 
3979	136 
3980	189 
3981	316 
3982	55 
3983	110 
3984	180 
3985	347 
3986	23 
3987	124 
3988	460 
3989	427 
3990	2 
3991	274 
3992	165 
3993	285 
3994	157 
3995	111 
3996	133 
3997	321 
3998	117 
3999	199 
4000	310 
4001	455 
4002	281 
4003	151 
4004	269 
4005	256 
4006	301 
4007	22 
4008	9 
4009	133 
4010	318 
4011	344 
4012	310 
4013	72 
4014	57 
4015	445 
4016	336 
4017	443 
4018	422 
4019	23 
4020	293 
4021	461 
4022	265 
4023	379 
4024	79 
4025	110 
4026	62 
4027	450 
4028	144 
4029	207 
4030	257 
4031	227 
4032	342 
4033	423 
4034	224 
4035	131 
4036	269 
4037	420 
4038	267 
4039	61 
4040	167 
4041	294 
4042	204 
4043	62 
4044	326 
4045	94 
4046	9 
4047	74 
4048	103 
4049	166 
4050	315 
4051	441 
4052	200 
4053	92 
4054	376 
4055	393 
4056	204 
4057	456 
4058	246 
4059	279 
4060	137 
4061	313 
4062	218 
4063	342 
4064	261 
4065	196 
4066	7 
4067	23 
4068	237 
4069	161 
4070	180 
4071	26 
4072	166 
4073	316 
4074	5 
4075	413 
4076	347 
4077	230 
4078	445 
4079	113 
4080	217 
4081	296 
4082	342 
4083	61 
4084	390 
4085	434 
4086	338 
4087	261 
4088	259 
4089	168 
4090	118 
4091	254 
4092	65 
4093	281 
4094	460 
4095	81 
4096	424 
4097	175 
4098	315 
4099	227 
4100	341 
4101	146 
4102	301 
4103	235 
4104	455 
4105	26 
4106	64 
4107	188 
4108	191 
4109	222 
4110	402 
4111	216 
4112	280 
4113	192 
4114	445 
4115	194 
4116	339 
4117	440 
4118	221 
4119	344 
4120	370 
4121	414 
4122	162 
4123	320 
4124	406 
4125	81 
4126	147 
4127	420 
4128	204 
4129	75 
4130	27 
4131	375 
4132	257 
4133	189 
4134	146 
4135	185 
4136	30 
4137	259 
4138	135 
4139	104 
4140	480 
4141	441 
4142	127 
4143	328 
4144	105 
4145	456 
4146	214 
4147	168 
4148	401 
4149	482 
4150	124 
4151	234 
4152	441 
4153	427 
4154	50 
4155	12 
4156	304 
4157	158 
4158	55 
4159	307 
4160	433 
4161	242 
4162	176 
4163	265 
4164	406 
4165	206 
4166	316 
4167	468 
4168	6 
4169	203 
4170	394 
4171	38 
4172	426 
4173	237 
4174	5 
4175	13 
4176	387 
4177	438 
4178	460 
4179	317 
4180	444 
4181	177 
4182	25 
4183	288 
4184	411 
4185	269 
4186	118 
4187	185 
4188	284 
4189	323 
4190	439 
4191	128 
4192	71 
4193	22 
4194	202 
4195	379 
4196	134 
4197	231 
4198	279 
4199	195 
4200	206 
4201	90 
4202	115 
4203	112 
4204	309 
4205	184 
4206	424 
4207	325 
4208	397 
4209	362 
4210	153 
4211	472 
4212	110 
4213	185 
4214	249 
4215	459 
4216	55 
4217	342 
4218	447 
4219	401 
4220	373 
4221	365 
4222	362 
4223	168 
4224	104 
4225	38 
4226	46 
4227	99 
4228	98 
4229	209 
4230	412 
4231	68 
4232	24 
4233	49 
4234	14 
4235	316 
4236	199 
4237	63 
4238	137 
4239	117 
4240	177 
4241	189 
4242	464 
4243	1 
4244	467 
4245	292 
4246	376 
4247	36 
4248	172 
4249	221 
4250	165 
4251	161 
4252	354 
4253	450 
4254	54 
4255	409 
4256	360 
4257	55 
4258	292 
4259	357 
4260	104 
4261	50 
4262	307 
4263	176 
4264	256 
4265	403 
4266	147 
4267	90 
4268	92 
4269	349 
4270	75 
4271	79 
4272	336 
4273	120 
4274	450 
4275	303 
4276	226 
4277	325 
4278	292 
4279	434 
4280	302 
4281	261 
4282	3 
4283	39 
4284	89 
4285	79 
4286	245 
4287	409 
4288	469 
4289	264 
4290	459 
4291	23 
4292	341 
4293	271 
4294	94 
4295	90 
4296	405 
4297	288 
4298	39 
4299	206 
4300	230 
4301	131 
4302	146 
4303	82 
4304	229 
4305	365 
4306	74 
4307	263 
4308	294 
4309	233 
4310	59 
4311	425 
4312	176 
4313	398 
4314	261 
4315	44 
4316	302 
4317	196 
4318	363 
4319	126 
4320	10 
4321	90 
4322	164 
4323	359 
4324	222 
4325	230 
4326	40 
4327	468 
4328	326 
4329	373 
4330	56 
4331	236 
4332	266 
4333	81 
4334	380 
4335	156 
4336	459 
4337	336 
4338	276 
4339	136 
4340	380 
4341	56 
4342	111 
4343	272 
4344	363 
4345	432 
4346	430 
4347	23 
4348	164 
4349	44 
4350	380 
4351	264 
4352	453 
4353	406 
4354	27 
4355	190 
4356	223 
4357	454 
4358	113 
4359	166 
4360	246 
4361	241 
4362	83 
4363	270 
4364	26 
4365	430 
4366	162 
4367	195 
4368	391 
4369	326 
4370	47 
4371	338 
4372	90 
4373	203 
4374	165 
4375	101 
4376	246 
4377	33 
4378	398 
4379	396 
4380	373 
4381	440 
4382	61 
4383	6 
4384	396 
4385	302 
4386	466 
4387	477 
4388	380 
4389	482 
4390	442 
4391	41 
4392	152 
4393	333 
4394	183 
4395	36 
4396	363 
4397	64 
4398	261 
4399	170 
4400	170 
4401	181 
4402	257 
4403	21 
4404	419 
4405	296 
4406	306 
4407	122 
4408	270 
4409	380 
4410	120 
4411	111 
4412	427 
4413	19 
4414	468 
4415	48 
4416	272 
4417	446 
4418	187 
4419	76 
4420	197 
4421	52 
4422	261 
4423	167 
4424	278 
4425	146 
4426	313 
4427	89 
4428	419 
4429	254 
4430	266 
4431	339 
4432	359 
4433	206 
4434	291 
4435	388 
4436	435 
4437	343 
4438	288 
4439	254 
4440	246 
4441	483 
4442	314 
4443	174 
4444	71 
4445	5 
4446	58 
4447	355 
4448	430 
4449	358 
4450	106 
4451	328 
4452	291 
4453	389 
4454	374 
4455	85 
4456	382 
4457	85 
4458	417 
4459	430 
4460	42 
4461	41 
4462	98 
4463	280 
4464	33 
4465	416 
4466	222 
4467	169 
4468	28 
4469	75 
4470	400 
4471	47 
4472	320 
4473	29 
4474	144 
4475	46 
4476	324 
4477	324 
4478	367 
4479	218 
4480	175 
4481	102 
4482	453 
4483	23 
4484	287 
4485	462 
4486	36 
4487	44 
4488	33 
4489	360 
4490	61 
4491	94 
4492	316 
4493	285 
4494	411 
4495	392 
4496	301 
4497	403 
4498	207 
4499	265 
4500	394 
4501	41 
4502	274 
4503	420 
4504	442 
4505	354 
4506	174 
4507	339 
4508	246 
4509	271 
4510	297 
4511	259 
4512	132 
4513	99 
4514	156 
4515	353 
4516	266 
4517	461 
4518	291 
4519	476 
4520	483 
4521	101 
4522	383 
4523	347 
4524	178 
4525	273 
4526	153 
4527	369 
4528	326 
4529	310 
4530	472 
4531	373 
4532	407 
4533	338 
4534	456 
4535	397 
4536	351 
4537	94 
4538	466 
4539	20 
4540	82 
4541	228 
4542	341 
4543	213 
4544	21 
4545	359 
4546	404 
4547	184 
4548	27 
4549	404 
4550	278 
4551	483 
4552	291 
4553	413 
4554	366 
4555	347 
4556	285 
4557	174 
4558	270 
4559	25 
4560	89 
4561	216 
4562	390 
4563	154 
4564	477 
4565	246 
4566	149 
4567	112 
4568	124 
4569	165 
4570	22 
4571	28 
4572	256 
4573	147 
4574	59 
4575	280 
4576	164 
4577	117 
4578	57 
4579	153 
4580	374 
4581	349 
4582	450 
4583	307 
4584	371 
4585	279 
4586	179 
4587	301 
4588	188 
4589	263 
4590	239 
4591	239 
4592	450 
4593	417 
4594	272 
4595	134 
4596	415 
4597	75 
4598	136 
4599	313 
4600	37 
4601	218 
4602	329 
4603	77 
4604	2 
4605	126 
4606	389 
4607	326 
4608	266 
4609	137 
4610	276 
4611	359 
4612	174 
4613	266 
4614	199 
4615	373 
4616	241 
4617	11 
4618	450 
4619	244 
4620	379 
4621	418 
4622	167 
4623	296 
4624	116 
4625	143 
4626	449 
4627	164 
4628	13 
4629	209 
4630	255 
4631	419 
4632	110 
4633	37 
4634	402 
4635	292 
4636	187 
4637	41 
4638	67 
4639	231 
4640	17 
4641	77 
4642	354 
4643	71 
4644	402 
4645	434 
4646	205 
4647	85 
4648	334 
4649	58 
4650	183 
4651	418 
4652	37 
4653	25 
4654	313 
4655	45 
4656	299 
4657	384 
4658	437 
4659	205 
4660	298 
4661	240 
4662	287 
4663	375 
4664	176 
4665	439 
4666	161 
4667	319 
4668	206 
4669	321 
4670	147 
4671	149 
4672	114 
4673	38 
4674	393 
4675	39 
4676	263 
4677	236 
4678	110 
4679	347 
4680	267 
4681	106 
4682	147 
4683	29 
4684	81 
4685	282 
4686	57 
4687	144 
4688	326 
4689	466 
4690	5 
4691	29 
4692	222 
4693	194 
4694	74 
4695	115 
4696	323 
4697	264 
4698	7 
4699	136 
4700	424 
4701	382 
4702	437 
4703	468 
4704	393 
4705	117 
4706	459 
4707	414 
4708	153 
4709	429 
4710	295 
4711	312 
4712	242 
4713	39 
4714	197 
4715	190 
4716	367 
4717	227 
4718	105 
4719	448 
4720	91 
4721	353 
4722	372 
4723	343 
4724	315 
4725	165 
4726	36 
4727	206 
4728	28 
4729	338 
4730	113 
4731	253 
4732	449 
4733	326 
4734	96 
4735	317 
4736	284 
4737	450 
4738	394 
4739	36 
4740	189 
4741	144 
4742	181 
4743	473 
4744	455 
4745	99 
4746	456 
4747	131 
4748	283 
4749	209 
4750	71 
4751	41 
4752	439 
4753	321 
4754	360 
4755	122 
4756	349 
4757	82 
4758	331 
4759	294 
4760	98 
4761	267 
4762	260 
4763	285 
4764	380 
4765	88 
4766	11 
4767	129 
4768	371 
4769	114 
4770	475 
4771	209 
4772	440 
4773	298 
4774	326 
4775	293 
4776	287 
4777	475 
4778	365 
4779	440 
4780	56 
4781	270 
4782	333 
4783	59 
4784	229 
4785	485 
4786	56 
4787	65 
4788	358 
4789	459 
4790	280 
4791	388 
4792	120 
4793	341 
4794	235 
4795	103 
4796	195 
4797	472 
4798	61 
4799	422 
4800	410 
4801	396 
4802	410 
4803	313 
4804	105 
4805	349 
4806	117 
4807	7 
4808	112 
4809	237 
4810	388 
4811	265 
4812	225 
4813	130 
4814	126 
4815	481 
4816	110 
4817	176 
4818	75 
4819	294 
4820	264 
4821	128 
4822	390 
4823	449 
4824	102 
4825	20 
4826	120 
4827	38 
4828	108 
4829	203 
4830	203 
4831	272 
4832	348 
4833	39 
4834	439 
4835	284 
4836	113 
4837	154 
4838	369 
4839	40 
4840	20 
4841	269 
4842	429 
4843	276 
4844	57 
4845	68 
4846	385 
4847	375 
4848	246 
4849	353 
4850	146 
4851	317 
4852	269 
4853	63 
4854	391 
4855	379 
4856	444 
4857	169 
4858	180 
4859	445 
4860	166 
4861	354 
4862	236 
4863	114 
4864	327 
4865	249 
4866	325 
4867	66 
4868	265 
4869	230 
4870	476 
4871	325 
4872	108 
4873	461 
4874	143 
4875	205 
4876	19 
4877	224 
4878	394 
4879	32 
4880	331 
4881	47 
4882	399 
4883	223 
4884	244 
4885	157 
4886	216 
4887	152 
4888	122 
4889	15 
4890	334 
4891	399 
4892	112 
4893	483 
4894	264 
4895	124 
4896	450 
4897	1 
4898	358 
4899	12 
4900	447 
4901	108 
4902	423 
4903	382 
4904	156 
4905	209 
4906	120 
4907	11 
4908	379 
4909	223 
4910	20 
4911	429 
4912	426 
4913	212 
4914	243 
4915	275 
4916	317 
4917	228 
4918	203 
4919	147 
4920	450 
4921	139 
4922	400 
4923	400 
4924	344 
4925	94 
4926	44 
4927	453 
4928	446 
4929	273 
4930	256 
4931	302 
4932	458 
4933	400 
4934	401 
4935	299 
4936	190 
4937	181 
4938	371 
4939	459 
4940	382 
4941	436 
4942	67 
4943	109 
4944	171 
4945	167 
4946	323 
4947	469 
4948	74 
4949	12 
4950	398 
4951	145 
4952	95 
4953	17 
4954	120 
4955	176 
4956	224 
4957	353 
4958	276 
4959	192 
4960	301 
4961	134 
4962	457 
4963	75 
4964	354 
4965	442 
4966	212 
4967	391 
4968	61 
4969	33 
4970	259 
4971	485 
4972	369 
4973	135 
4974	317 
4975	415 
4976	89 
4977	450 
4978	146 
4979	5 
4980	326 
4981	82 
4982	403 
4983	418 
4984	370 
4985	413 
4986	362 
4987	197 
4988	271 
4989	413 
4990	204 
4991	398 
4992	37 
4993	416 
4994	15 
4995	68 
4996	152 
4997	41 
4998	170 
4999	20 
5000	264 
5001	273 
5002	468 
5003	218 
5004	288 
5005	184 
5006	137 
5007	372 
5008	140 
5009	275 
5010	294 
5011	163 
5012	478 
5013	176 
5014	261 
5015	411 
5016	213 
5017	83 
5018	134 
5019	448 
5020	260 
5021	3 
5022	433 
5023	453 
5024	224 
5025	467 
5026	280 
5027	475 
5028	355 
5029	102 
5030	422 
5031	203 
5032	358 
5033	240 
5034	135 
5035	28 
5036	350 
5037	264 
5038	109 
5039	273 
5040	77 
5041	464 
5042	295 
5043	167 
5044	174 
5045	394 
5046	137 
5047	133 
5048	251 
5049	473 
5050	341 
5051	426 
5052	31 
5053	1 
5054	380 
5055	460 
5056	221 
5057	26 
5058	317 
5059	179 
5060	307 
5061	204 
5062	24 
5063	256 
5064	292 
5065	275 
5066	118 
5067	320 
5068	287 
5069	231 
5070	422 
5071	460 
5072	56 
5073	151 
5074	297 
5075	327 
5076	160 
5077	469 
5078	438 
5079	176 
5080	380 
5081	130 
5082	172 
5083	280 
5084	12 
5085	82 
5086	224 
5087	269 
5088	327 
5089	415 
5090	249 
5091	204 
5092	292 
5093	140 
5094	317 
5095	112 
5096	143 
5097	163 
5098	427 
5099	227 
5100	390 
5101	216 
5102	196 
5103	202 
5104	414 
5105	376 
5106	267 
5107	133 
5108	467 
5109	272 
5110	482 
5111	413 
5112	126 
5113	435 
5114	134 
5115	405 
5116	98 
5117	376 
5118	83 
5119	462 
5120	42 
5121	401 
5122	113 
5123	179 
5124	124 
5125	228 
5126	112 
5127	281 
5128	341 
5129	126 
5130	299 
5131	145 
5132	273 
5133	192 
5134	244 
5135	472 
5136	350 
5137	255 
5138	22 
5139	282 
5140	482 
5141	475 
5142	331 
5143	164 
5144	343 
5145	166 
5146	395 
5147	248 
5148	443 
5149	235 
5150	340 
5151	44 
5152	480 
5153	275 
5154	471 
5155	110 
5156	63 
5157	32 
5158	1 
5159	240 
5160	25 
5161	326 
5162	462 
5163	62 
5164	464 
5165	24 
5166	50 
5167	196 
5168	114 
5169	233 
5170	118 
5171	67 
5172	426 
5173	45 
5174	105 
5175	360 
5176	462 
5177	302 
5178	103 
5179	67 
5180	154 
5181	383 
5182	295 
5183	20 
5184	120 
5185	395 
5186	162 
5187	334 
5188	437 
5189	264 
5190	270 
5191	100 
5192	59 
5193	145 
5194	115 
5195	237 
5196	112 
5197	127 
5198	292 
5199	44 
5200	247 
5201	316 
5202	168 
5203	240 
5204	24 
5205	259 
5206	2 
5207	296 
5208	349 
5209	64 
5210	153 
5211	435 
5212	42 
5213	320 
5214	371 
5215	145 
5216	127 
5217	93 
5218	145 
5219	226 
5220	477 
5221	74 
5222	482 
5223	120 
5224	71 
5225	37 
5226	411 
5227	400 
5228	393 
5229	224 
5230	192 
5231	408 
5232	128 
5233	57 
5234	225 
5235	388 
5236	436 
5237	64 
5238	111 
5239	313 
5240	93 
5241	264 
5242	436 
5243	64 
5244	459 
5245	429 
5246	375 
5247	265 
5248	20 
5249	296 
5250	453 
5251	38 
5252	75 
5253	483 
5254	444 
5255	427 
5256	301 
5257	439 
5258	476 
5259	243 
5260	299 
5261	96 
5262	481 
5263	171 
5264	162 
5265	187 
5266	462 
5267	136 
5268	103 
5269	205 
5270	206 
5271	288 
5272	453 
5273	163 
5274	45 
5275	181 
5276	245 
5277	414 
5278	181 
5279	175 
5280	56 
5281	106 
5282	291 
5283	440 
5284	485 
5285	104 
5286	165 
5287	482 
5288	223 
5289	243 
5290	259 
5291	406 
5292	265 
5293	117 
5294	362 
5295	15 
5296	22 
5297	1 
5298	368 
5299	146 
5300	466 
5301	124 
5302	340 
5303	77 
5304	132 
5305	478 
5306	81 
5307	64 
5308	189 
5309	416 
5310	456 
5311	264 
5312	59 
5313	92 
5314	340 
5315	13 
5316	445 
5317	118 
5318	350 
5319	326 
5320	253 
5321	63 
5322	259 
5323	121 
5324	226 
5325	437 
5326	38 
5327	64 
5328	304 
5329	52 
5330	205 
5331	366 
5332	118 
5333	174 
5334	366 
5335	282 
5336	408 
5337	292 
5338	158 
5339	168 
5340	137 
5341	440 
5342	271 
5343	47 
5344	13 
5345	260 
5346	415 
5347	226 
5348	122 
5349	325 
5350	51 
5351	116 
5352	318 
5353	29 
5354	160 
5355	166 
5356	2 
5357	240 
5358	202 
5359	318 
5360	42 
5361	57 
5362	188 
5363	359 
5364	117 
5365	106 
5366	236 
5367	350 
5368	196 
5369	333 
5370	331 
5371	168 
5372	108 
5373	415 
5374	223 
5375	282 
5376	245 
5377	39 
5378	474 
5379	64 
5380	411 
5381	165 
5382	118 
5383	100 
5384	167 
5385	168 
5386	84 
5387	253 
5388	395 
5389	31 
5390	443 
5391	275 
5392	468 
5393	82 
5394	67 
5395	163 
5396	269 
5397	269 
5398	293 
5399	448 
5400	436 
5401	225 
5402	376 
5403	372 
5404	406 
5405	209 
5406	228 
5407	427 
5408	368 
5409	424 
5410	103 
5411	310 
5412	282 
5413	453 
5414	67 
5415	301 
5416	423 
5417	66 
5418	118 
5419	389 
5420	404 
5421	175 
5422	459 
5423	462 
5424	13 
5425	122 
5426	200 
5427	158 
5428	44 
5429	212 
5430	303 
5431	304 
5432	373 
5433	344 
5434	38 
5435	441 
5436	246 
5437	251 
5438	57 
5439	444 
5440	347 
5441	391 
5442	105 
5443	320 
5444	1 
5445	195 
5446	281 
5447	117 
5448	200 
5449	373 
5450	94 
5451	479 
5452	185 
5453	165 
5454	341 
5455	25 
5456	338 
5457	62 
5458	200 
5459	479 
5460	24 
5461	317 
5462	319 
5463	439 
5464	340 
5465	135 
5466	23 
5467	51 
5468	73 
5469	255 
5470	310 
5471	359 
5472	179 
5473	12 
5474	376 
5475	343 
5476	92 
5477	15 
5478	133 
5479	139 
5480	338 
5481	473 
5482	398 
5483	2 
5484	384 
5485	42 
5486	100 
5487	405 
5488	460 
5489	99 
5490	323 
5491	365 
5492	445 
5493	270 
5494	292 
5495	445 
5496	383 
5497	117 
5498	420 
5499	426 
5500	203 
5501	341 
5502	34 
5503	57 
5504	380 
5505	464 
5506	324 
5507	314 
5508	181 
5509	177 
5510	32 
5511	416 
5512	12 
5513	136 
5514	339 
5515	341 
5516	20 
5517	165 
5518	136 
5519	394 
5520	419 
5521	384 
5522	133 
5523	400 
5524	17 
5525	282 
5526	348 
5527	144 
5528	400 
5529	260 
5530	249 
5531	17 
5532	446 
5533	167 
5534	172 
5535	269 
5536	11 
5537	478 
5538	319 
5539	480 
5540	474 
5541	162 
5542	104 
5543	213 
5544	31 
5545	303 
5546	167 
5547	118 
5548	382 
5549	38 
5550	320 
5551	61 
5552	140 
5553	115 
5554	383 
5555	130 
5556	56 
5557	343 
5558	283 
5559	397 
5560	216 
5561	38 
5562	370 
5563	444 
5564	401 
5565	171 
5566	190 
5567	41 
5568	275 
5569	202 
5570	380 
5571	146 
5572	443 
5573	323 
5574	227 
5575	281 
5576	55 
5577	298 
5578	156 
5579	29 
5580	380 
5581	169 
5582	359 
5583	312 
5584	226 
5585	25 
5586	383 
5587	6 
5588	423 
5589	88 
5590	132 
5591	114 
5592	448 
5593	302 
5594	111 
5595	113 
5596	192 
5597	304 
5598	241 
5599	130 
5600	222 
5601	58 
5602	466 
5603	199 
5604	291 
5605	28 
5606	393 
5607	159 
5608	17 
5609	209 
5610	11 
5611	338 
5612	169 
5613	447 
5614	310 
5615	61 
5616	17 
5617	68 
5618	121 
5619	30 
5620	82 
5621	89 
5622	482 
5623	28 
5624	231 
5625	356 
5626	341 
5627	375 
5628	111 
5629	368 
5630	157 
5631	205 
5632	32 
5633	256 
5634	168 
5635	13 
5636	185 
5637	392 
5638	206 
5639	353 
5640	222 
5641	46 
5642	101 
5643	36 
5644	356 
5645	43 
5646	292 
5647	213 
5648	271 
5649	230 
5650	419 
5651	274 
5652	160 
5653	31 
5654	114 
5655	423 
5656	183 
5657	3 
5658	202 
5659	11 
5660	442 
5661	370 
5662	375 
5663	28 
5664	221 
5665	397 
5666	42 
5667	64 
5668	216 
5669	180 
5670	298 
5671	185 
5672	324 
5673	246 
5674	455 
5675	261 
5676	222 
5677	460 
5678	241 
5679	411 
5680	95 
5681	427 
5682	38 
5683	124 
5684	183 
5685	115 
5686	350 
5687	429 
5688	68 
5689	325 
5690	24 
5691	286 
5692	304 
5693	32 
5694	156 
5695	313 
5696	283 
5697	423 
5698	259 
5699	448 
5700	279 
5701	200 
5702	91 
5703	38 
5704	326 
5705	359 
5706	356 
5707	28 
5708	394 
5709	392 
5710	382 
5711	283 
5712	180 
5713	146 
5714	91 
5715	221 
5716	28 
5717	247 
5718	416 
5719	480 
5720	471 
5721	462 
5722	37 
5723	355 
5724	256 
5725	280 
5726	146 
5727	158 
5728	207 
5729	279 
5730	263 
5731	280 
5732	39 
5733	151 
5734	387 
5735	54 
5736	442 
5737	390 
5738	261 
5739	134 
5740	128 
5741	239 
5742	296 
5743	205 
5744	218 
5745	375 
5746	209 
5747	483 
5748	261 
5749	128 
5750	140 
5751	62 
5752	64 
5753	270 
5754	454 
5755	96 
5756	353 
5757	362 
5758	205 
5759	225 
5760	24 
5761	40 
5762	446 
5763	270 
5764	25 
5765	270 
5766	230 
5767	454 
5768	373 
5769	2 
5770	373 
5771	341 
5772	340 
5773	47 
5774	152 
5775	478 
5776	292 
5777	424 
5778	40 
5779	122 
5780	41 
5781	315 
5782	116 
5783	362 
5784	192 
5785	380 
5786	99 
5787	239 
5788	310 
5789	320 
5790	422 
5791	483 
5792	164 
5793	455 
5794	360 
5795	318 
5796	199 
5797	183 
5798	98 
5799	159 
5800	73 
5801	358 
5802	222 
5803	62 
5804	96 
5805	58 
5806	485 
5807	68 
5808	344 
5809	42 
5810	104 
5811	398 
5812	153 
5813	160 
5814	310 
5815	23 
5816	51 
5817	261 
5818	341 
5819	243 
5820	43 
5821	207 
5822	216 
5823	118 
5824	188 
5825	251 
5826	226 
5827	353 
5828	64 
5829	103 
5830	355 
5831	338 
5832	132 
5833	192 
5834	348 
5835	98 
5836	405 
5837	460 
5838	181 
5839	247 
5840	29 
5841	96 
5842	92 
5843	168 
5844	282 
5845	447 
5846	307 
5847	133 
5848	422 
5849	476 
5850	287 
5851	260 
5852	295 
5853	380 
5854	129 
5855	202 
5856	333 
5857	92 
5858	327 
5859	94 
5860	467 
5861	223 
5862	156 
5863	368 
5864	74 
5865	3 
5866	81 
5867	134 
5868	199 
5869	320 
5870	180 
5871	321 
5872	213 
5873	293 
5874	392 
5875	95 
5876	39 
5877	56 
5878	271 
5879	140 
5880	249 
5881	64 
5882	154 
5883	191 
5884	243 
5885	297 
5886	34 
5887	129 
5888	259 
5889	467 
5890	98 
5891	116 
5892	333 
5893	168 
5894	182 
5895	116 
5896	266 
5897	239 
5898	485 
5899	401 
5900	55 
5901	146 
5902	477 
5903	236 
5904	131 
5905	441 
5906	485 
5907	255 
5908	429 
5909	440 
5910	48 
5911	30 
5912	137 
5913	144 
5914	371 
5915	172 
5916	389 
5917	57 
5918	188 
5919	163 
5920	223 
5921	15 
5922	31 
5923	410 
5924	299 
5925	316 
5926	291 
5927	479 
5928	285 
5929	374 
5930	30 
5931	274 
5932	64 
5933	440 
5934	287 
5935	406 
5936	292 
5937	375 
5938	75 
5939	137 
5940	284 
5941	55 
5942	137 
5943	441 
5944	314 
5945	196 
5946	371 
5947	133 
5948	382 
5949	167 
5950	261 
5951	205 
5952	453 
5953	55 
5954	169 
5955	143 
5956	47 
5957	172 
5958	92 
5959	433 
5960	200 
5961	50 
5962	113 
5963	108 
5964	483 
5965	189 
5966	394 
5967	221 
5968	61 
5969	462 
5970	111 
5971	187 
5972	464 
5973	467 
5974	105 
5975	241 
5976	316 
5977	74 
5978	135 
5979	406 
5980	227 
5981	146 
5982	469 
5983	134 
5984	405 
5985	51 
5986	176 
5987	202 
5988	71 
5989	411 
5990	184 
5991	281 
5992	240 
5993	350 
5994	54 
5995	331 
5996	117 
5997	158 
5998	47 
5999	227 
6000	433 
6001	298 
6002	95 
6003	276 
6004	284 
6005	405 
6006	415 
6007	31 
6008	224 
6009	254 
6010	98 
6011	251 
6012	283 
6013	245 
6014	51 
6015	254 
6016	170 
6017	101 
6018	342 
6019	91 
6020	1 
6021	343 
6022	62 
6023	74 
6024	102 
6025	137 
6026	437 
6027	365 
6028	376 
6029	393 
6030	154 
6031	112 
6032	400 
6033	406 
6034	221 
6035	266 
6036	358 
6037	454 
6038	351 
6039	340 
6040	410 
6041	373 
6042	347 
6043	409 
6044	272 
6045	359 
6046	356 
6047	246 
6048	413 
6049	341 
6050	56 
6051	404 
6052	151 
6053	458 
6054	48 
6055	482 
6056	75 
6057	218 
6058	418 
6059	441 
6060	383 
6061	398 
6062	6 
6063	167 
6064	13 
6065	479 
6066	310 
6067	350 
6068	199 
6069	476 
6070	467 
6071	280 
6072	105 
6073	1 
6074	326 
6075	77 
6076	302 
6077	225 
6078	116 
6079	429 
6080	403 
6081	405 
6082	200 
6083	40 
6084	372 
6085	95 
6086	84 
6087	307 
6088	62 
6089	296 
6090	84 
6091	296 
6092	239 
6093	321 
6094	326 
6095	435 
6096	480 
6097	12 
6098	231 
6099	275 
6100	254 
6101	231 
6102	115 
6103	209 
6104	103 
6105	376 
6106	140 
6107	340 
6108	440 
6109	2 
6110	105 
6111	275 
6112	241 
6113	223 
6114	312 
6115	111 
6116	301 
6117	256 
6118	411 
6119	64 
6120	474 
6121	429 
6122	477 
6123	137 
6124	83 
6125	113 
6126	182 
6127	99 
6128	165 
6129	320 
6130	331 
6131	402 
6132	251 
6133	438 
6134	241 
6135	399 
6136	241 
6137	192 
6138	45 
6139	213 
6140	461 
6141	414 
6142	172 
6143	180 
6144	207 
6145	426 
6146	54 
6147	67 
6148	312 
6149	124 
6150	485 
6151	177 
6152	426 
6153	177 
6154	411 
6155	12 
6156	17 
6157	24 
6158	237 
6159	137 
6160	176 
6161	392 
6162	167 
6163	351 
6164	189 
6165	402 
6166	57 
6167	146 
6168	443 
6169	319 
6170	117 
6171	468 
6172	380 
6173	454 
6174	218 
6175	33 
6176	302 
6177	3 
6178	255 
6179	464 
6180	120 
6181	398 
6182	99 
6183	176 
6184	117 
6185	132 
6186	462 
6187	354 
6188	395 
6189	115 
6190	175 
6191	71 
6192	390 
6193	20 
6194	287 
6195	351 
6196	84 
6197	360 
6198	321 
6199	443 
6200	286 
6201	440 
6202	360 
6203	418 
6204	275 
6205	51 
6206	321 
6207	285 
6208	175 
6209	302 
6210	389 
6211	102 
6212	400 
6213	453 
6214	112 
6215	145 
6216	13 
6217	32 
6218	134 
6219	405 
6220	478 
6221	383 
6222	92 
6223	407 
6224	415 
6225	270 
6226	222 
6227	43 
6228	43 
6229	226 
6230	281 
6231	76 
6232	256 
6233	120 
6234	477 
6235	169 
6236	393 
6237	133 
6238	216 
6239	74 
6240	151 
6241	189 
6242	158 
6243	159 
6244	222 
6245	288 
6246	228 
6247	269 
6248	269 
6249	400 
6250	184 
6251	13 
6252	133 
6253	95 
6254	54 
6255	443 
6256	154 
6257	25 
6258	292 
6259	478 
6260	120 
6261	283 
6262	297 
6263	312 
6264	433 
6265	216 
6266	405 
6267	38 
6268	447 
6269	416 
6270	444 
6271	2 
6272	473 
6273	144 
6274	30 
6275	411 
6276	459 
6277	71 
6278	456 
6279	28 
6280	286 
6281	128 
6282	272 
6283	5 
6284	46 
6285	185 
6286	175 
6287	363 
6288	261 
6289	474 
6290	22 
6291	393 
6292	243 
6293	467 
6294	456 
6295	185 
6296	274 
6297	426 
6298	362 
6299	276 
6300	371 
6301	362 
6302	288 
6303	20 
6304	239 
6305	261 
6306	343 
6307	81 
6308	333 
6309	264 
6310	99 
6311	437 
6312	28 
6313	401 
6314	83 
6315	1 
6316	351 
6317	402 
6318	443 
6319	62 
6320	202 
6321	366 
6322	246 
6323	184 
6324	294 
6325	394 
6326	25 
6327	61 
6328	292 
6329	442 
6330	389 
6331	442 
6332	101 
6333	339 
6334	263 
6335	353 
6336	365 
6337	294 
6338	371 
6339	122 
6340	392 
6341	46 
6342	310 
6343	363 
6344	475 
6345	178 
6346	90 
6347	474 
6348	469 
6349	214 
6350	261 
6351	483 
6352	209 
6353	98 
6354	145 
6355	192 
6356	27 
6357	455 
6358	13 
6359	223 
6360	281 
6361	334 
6362	131 
6363	162 
6364	118 
6365	170 
6366	387 
6367	26 
6368	199 
6369	295 
6370	176 
6371	279 
6372	435 
6373	462 
6374	135 
6375	3 
6376	410 
6377	205 
6378	43 
6379	263 
6380	373 
6381	44 
6382	75 
6383	411 
6384	281 
6385	317 
6386	162 
6387	339 
6388	479 
6389	397 
6390	164 
6391	284 
6392	281 
6393	267 
6394	358 
6395	48 
6396	325 
6397	12 
6398	389 
6399	443 
6400	392 
6401	206 
6402	133 
6403	473 
6404	464 
6405	441 
6406	437 
6407	132 
6408	83 
6409	88 
6410	297 
6411	66 
6412	408 
6413	182 
6414	325 
6415	350 
6416	331 
6417	239 
6418	167 
6419	468 
6420	40 
6421	453 
6422	240 
6423	467 
6424	185 
6425	323 
6426	469 
6427	91 
6428	307 
6429	26 
6430	113 
6431	338 
6432	360 
6433	296 
6434	469 
6435	420 
6436	360 
6437	222 
6438	61 
6439	439 
6440	36 
6441	51 
6442	415 
6443	13 
6444	178 
6445	282 
6446	351 
6447	167 
6448	360 
6449	76 
6450	184 
6451	74 
6452	90 
6453	321 
6454	288 
6455	274 
6456	442 
6457	342 
6458	468 
6459	158 
6460	128 
6461	246 
6462	320 
6463	419 
6464	204 
6465	397 
6466	213 
6467	387 
6468	291 
6469	22 
6470	42 
6471	307 
6472	91 
6473	411 
6474	117 
6475	469 
6476	166 
6477	137 
6478	183 
6479	440 
6480	340 
6481	334 
6482	286 
6483	202 
6484	254 
6485	207 
6486	382 
6487	409 
6488	440 
6489	355 
6490	315 
6491	11 
6492	320 
6493	124 
6494	372 
6495	90 
6496	402 
6497	437 
6498	81 
6499	271 
6500	380 
6501	472 
6502	23 
6503	482 
6504	321 
6505	310 
6506	36 
6507	239 
6508	474 
6509	473 
6510	347 
6511	95 
6512	31 
6513	129 
6514	292 
6515	383 
6516	166 
6517	129 
6518	390 
6519	405 
6520	314 
6521	196 
6522	146 
6523	373 
6524	333 
6525	405 
6526	251 
6527	422 
6528	2 
6529	91 
6530	118 
6531	406 
6532	395 
6533	102 
6534	294 
6535	442 
6536	407 
6537	169 
6538	382 
6539	441 
6540	126 
6541	182 
6542	81 
6543	126 
6544	301 
6545	419 
6546	95 
6547	450 
6548	404 
6549	132 
6550	471 
6551	362 
6552	394 
6553	411 
6554	136 
6555	265 
6556	427 
6557	120 
6558	271 
6559	468 
6560	331 
6561	100 
6562	480 
6563	90 
6564	171 
6565	36 
6566	315 
6567	226 
6568	271 
6569	466 
6570	456 
6571	363 
6572	450 
6573	176 
6574	315 
6575	135 
6576	140 
6577	416 
6578	115 
6579	407 
6580	256 
6581	256 
6582	406 
6583	33 
6584	28 
6585	475 
6586	478 
6587	383 
6588	81 
6589	315 
6590	437 
6591	77 
6592	115 
6593	52 
6594	46 
6595	96 
6596	274 
6597	27 
6598	55 
6599	6 
6600	339 
6601	178 
6602	239 
6603	303 
6604	316 
6605	26 
6606	59 
6607	71 
6608	471 
6609	184 
6610	453 
6611	455 
6612	122 
6613	285 
6614	228 
6615	209 
6616	444 
6617	3 
6618	454 
6619	180 
6620	227 
6621	376 
6622	373 
6623	274 
6624	455 
6625	100 
6626	422 
6627	216 
6628	209 
6629	307 
6630	218 
6631	467 
6632	1 
6633	303 
6634	161 
6635	195 
6636	124 
6637	387 
6638	310 
6639	359 
6640	288 
6641	422 
6642	167 
6643	54 
6644	282 
6645	212 
6646	416 
6647	54 
6648	343 
6649	112 
6650	171 
6651	131 
6652	313 
6653	295 
6654	101 
6655	321 
6656	342 
6657	467 
6658	438 
6659	37 
6660	269 
6661	105 
6662	445 
6663	482 
6664	124 
6665	480 
6666	245 
6667	71 
6668	416 
6669	12 
6670	409 
6671	313 
6672	224 
6673	13 
6674	81 
6675	175 
6676	301 
6677	36 
6678	158 
6679	105 
6680	209 
6681	351 
6682	279 
6683	387 
6684	30 
6685	152 
6686	88 
6687	448 
6688	162 
6689	286 
6690	427 
6691	383 
6692	176 
6693	319 
6694	453 
6695	442 
6696	56 
6697	27 
6698	302 
6699	42 
6700	450 
6701	402 
6702	353 
6703	227 
6704	312 
6705	225 
6706	315 
6707	6 
6708	209 
6709	461 
6710	133 
6711	392 
6712	199 
6713	372 
6714	214 
6715	156 
6716	482 
6717	77 
6718	362 
6719	199 
6720	468 
6721	473 
6722	400 
6723	380 
6724	402 
6725	444 
6726	158 
6727	30 
6728	166 
6729	469 
6730	43 
6731	165 
6732	202 
6733	373 
6734	37 
6735	438 
6736	280 
6737	468 
6738	394 
6739	312 
6740	296 
6741	348 
6742	182 
6743	170 
6744	39 
6745	245 
6746	246 
6747	226 
6748	103 
6749	57 
6750	390 
6751	351 
6752	331 
6753	269 
6754	171 
6755	372 
6756	96 
6757	259 
6758	88 
6759	167 
6760	390 
6761	43 
6762	104 
6763	276 
6764	380 
6765	136 
6766	3 
6767	439 
6768	350 
6769	315 
6770	124 
6771	281 
6772	271 
6773	152 
6774	58 
6775	292 
6776	71 
6777	343 
6778	240 
6779	392 
6780	390 
6781	310 
6782	387 
6783	307 
6784	375 
6785	206 
6786	478 
6787	393 
6788	25 
6789	122 
6790	241 
6791	75 
6792	477 
6793	218 
6794	156 
6795	151 
6796	33 
6797	373 
6798	448 
6799	485 
6800	339 
6801	298 
6802	348 
6803	166 
6804	483 
6805	380 
6806	314 
6807	467 
6808	192 
6809	353 
6810	461 
6811	171 
6812	171 
6813	117 
6814	214 
6815	165 
6816	350 
6817	13 
6818	178 
6819	478 
6820	313 
6821	408 
6822	420 
6823	118 
6824	185 
6825	317 
6826	122 
6827	362 
6828	13 
6829	116 
6830	91 
6831	189 
6832	405 
6833	422 
6834	269 
6835	365 
6836	394 
6837	100 
6838	446 
6839	20 
6840	418 
6841	164 
6842	245 
6843	473 
6844	292 
6845	263 
6846	43 
6847	350 
6848	144 
6849	59 
6850	167 
6851	145 
6852	440 
6853	76 
6854	156 
6855	271 
6856	178 
6857	218 
6858	298 
6859	103 
6860	1 
6861	100 
6862	100 
6863	58 
6864	57 
6865	36 
6866	196 
6867	47 
6868	340 
6869	480 
6870	410 
6871	251 
6872	375 
6873	54 
6874	214 
6875	225 
6876	58 
6877	175 
6878	354 
6879	240 
6880	44 
6881	52 
6882	439 
6883	339 
6884	101 
6885	214 
6886	317 
6887	260 
6888	226 
6889	104 
6890	446 
6891	176 
6892	485 
6893	292 
6894	196 
6895	91 
6896	355 
6897	286 
6898	455 
6899	427 
6900	171 
6901	479 
6902	382 
6903	71 
6904	56 
6905	427 
6906	103 
6907	443 
6908	331 
6909	342 
6910	61 
6911	133 
6912	271 
6913	37 
6914	5 
6915	195 
6916	315 
6917	117 
6918	226 
6919	416 
6920	5 
6921	116 
6922	356 
6923	264 
6924	342 
6925	320 
6926	3 
6927	144 
6928	206 
6929	205 
6930	395 
6931	280 
6932	121 
6933	34 
6934	48 
6935	310 
6936	380 
6937	265 
6938	99 
6939	34 
6940	129 
6941	120 
6942	341 
6943	459 
6944	59 
6945	390 
6946	480 
6947	144 
6948	182 
6949	122 
6950	479 
6951	479 
6952	113 
6953	6 
6954	68 
6955	37 
6956	314 
6957	323 
6958	59 
6959	84 
6960	106 
6961	427 
6962	168 
6963	182 
6964	31 
6965	315 
6966	350 
6967	418 
6968	263 
6969	88 
6970	122 
6971	414 
6972	392 
6973	95 
6974	118 
6975	283 
6976	214 
6977	11 
6978	55 
6979	480 
6980	42 
6981	90 
6982	116 
6983	477 
6984	100 
6985	5 
6986	444 
6987	380 
6988	263 
6989	375 
6990	225 
6991	102 
6992	121 
6993	319 
6994	333 
6995	371 
6996	103 
6997	366 
6998	397 
6999	448 
7000	178 
7001	353 
7002	466 
7003	189 
7004	333 
7005	313 
7006	408 
7007	325 
7008	353 
7009	254 
7010	341 
7011	453 
7012	189 
7013	266 
7014	443 
7015	296 
7016	473 
7017	304 
7018	43 
7019	450 
7020	400 
7021	450 
7022	423 
7023	91 
7024	461 
7025	440 
7026	240 
7027	25 
7028	334 
7029	202 
7030	303 
7031	13 
7032	351 
7033	408 
7034	397 
7035	338 
7036	314 
7037	88 
7038	255 
7039	446 
7040	59 
7041	45 
7042	64 
7043	199 
7044	218 
7045	134 
7046	395 
7047	88 
7048	398 
7049	445 
7050	284 
7051	331 
7052	83 
7053	280 
7054	106 
7055	438 
7056	391 
7057	168 
7058	200 
7059	165 
7060	31 
7061	172 
7062	158 
7063	77 
7064	231 
7065	344 
7066	88 
7067	241 
7068	118 
7069	477 
7070	339 
7071	467 
7072	350 
7073	405 
7074	26 
7075	196 
7076	124 
7077	77 
7078	45 
7079	17 
7080	71 
7081	446 
7082	382 
7083	126 
7084	82 
7085	440 
7086	42 
7087	398 
7088	58 
7089	302 
7090	40 
7091	100 
7092	382 
7093	166 
7094	342 
7095	161 
7096	280 
7097	315 
7098	279 
7099	118 
7100	42 
7101	383 
7102	256 
7103	440 
7104	339 
7105	358 
7106	61 
7107	145 
7108	263 
7109	105 
7110	280 
7111	341 
7112	37 
7113	62 
7114	302 
7115	147 
7116	221 
7117	399 
7118	366 
7119	416 
7120	302 
7121	66 
7122	405 
7123	255 
7124	360 
7125	343 
7126	116 
7127	40 
7128	57 
7129	455 
7130	231 
7131	376 
7132	446 
7133	245 
7134	181 
7135	169 
7136	182 
7137	169 
7138	30 
7139	246 
7140	414 
7141	353 
7142	326 
7143	117 
7144	274 
7145	343 
7146	132 
7147	5 
7148	158 
7149	354 
7150	106 
7151	189 
7152	207 
7153	479 
7154	288 
7155	77 
7156	192 
7157	303 
7158	416 
7159	105 
7160	275 
7161	251 
7162	251 
7163	43 
7164	292 
7165	168 
7166	312 
7167	473 
7168	283 
7169	17 
7170	326 
7171	243 
7172	480 
7173	254 
7174	205 
7175	175 
7176	433 
7177	51 
7178	99 
7179	397 
7180	462 
7181	156 
7182	204 
7183	390 
7184	416 
7185	83 
7186	195 
7187	411 
7188	145 
7189	317 
7190	399 
7191	42 
7192	66 
7193	348 
7194	255 
7195	117 
7196	159 
7197	118 
7198	152 
7199	222 
7200	13 
7201	362 
7202	27 
7203	66 
7204	438 
7205	103 
7206	113 
7207	339 
7208	310 
7209	196 
7210	323 
7211	23 
7212	269 
7213	169 
7214	164 
7215	241 
7216	407 
7217	146 
7218	47 
7219	303 
7220	206 
7221	71 
7222	76 
7223	411 
7224	103 
7225	117 
7226	160 
7227	169 
7228	398 
7229	286 
7230	382 
7231	314 
7232	382 
7233	34 
7234	307 
7235	438 
7236	176 
7237	285 
7238	74 
7239	485 
7240	224 
7241	192 
7242	147 
7243	12 
7244	343 
7245	482 
7246	292 
7247	103 
7248	202 
7249	440 
7250	323 
7251	279 
7252	115 
7253	316 
7254	284 
7255	182 
7256	373 
7257	414 
7258	477 
7259	137 
7260	140 
7261	274 
7262	20 
7263	115 
7264	444 
7265	355 
7266	371 
7267	144 
7268	366 
7269	5 
7270	243 
7271	38 
7272	183 
7273	83 
7274	298 
7275	307 
7276	43 
7277	468 
7278	152 
7279	152 
7280	44 
7281	31 
7282	316 
7283	462 
7284	95 
7285	189 
7286	177 
7287	177 
7288	159 
7289	1 
7290	313 
7291	402 
7292	271 
7293	391 
7294	255 
7295	342 
7296	276 
7297	81 
7298	169 
7299	343 
7300	279 
7301	438 
7302	264 
7303	469 
7304	303 
7305	359 
7306	288 
7307	333 
7308	348 
7309	265 
7310	189 
7311	129 
7312	444 
7313	375 
7314	303 
7315	462 
7316	405 
7317	427 
7318	1 
7319	435 
7320	295 
7321	166 
7322	99 
7323	263 
7324	415 
7325	113 
7326	464 
7327	213 
7328	246 
7329	120 
7330	310 
7331	143 
7332	151 
7333	55 
7334	75 
7335	50 
7336	189 
7337	478 
7338	468 
7339	223 
7340	265 
7341	25 
7342	461 
7343	103 
7344	112 
7345	206 
7346	169 
7347	39 
7348	146 
7349	365 
7350	183 
7351	126 
7352	36 
7353	284 
7354	448 
7355	27 
7356	303 
7357	165 
7358	341 
7359	415 
7360	382 
7361	382 
7362	243 
7363	120 
7364	17 
7365	143 
7366	315 
7367	45 
7368	17 
7369	453 
7370	420 
7371	285 
7372	164 
7373	202 
7374	62 
7375	256 
7376	57 
7377	382 
7378	382 
7379	279 
7380	261 
7381	339 
7382	276 
7383	464 
7384	464 
7385	288 
7386	294 
7387	102 
7388	464 
7389	71 
7390	325 
7391	117 
7392	409 
7393	6 
7394	274 
7395	323 
7396	480 
7397	146 
7398	294 
7399	46 
7400	99 
7401	420 
7402	323 
7403	363 
7404	400 
7405	121 
7406	438 
7407	36 
7408	295 
7409	320 
7410	23 
7411	450 
7412	126 
7413	422 
7414	254 
7415	409 
7416	468 
7417	314 
7418	189 
7419	380 
7420	373 
7421	359 
7422	359 
7423	38 
7424	134 
7425	205 
7426	122 
7427	140 
7428	422 
7429	387 
7430	282 
7431	101 
7432	339 
7433	321 
7434	453 
7435	414 
7436	164 
7437	317 
7438	469 
7439	6 
7440	68 
7441	414 
7442	115 
7443	462 
7444	128 
7445	314 
7446	204 
7447	326 
7448	170 
7449	294 
7450	96 
7451	405 
7452	77 
7453	136 
7454	302 
7455	170 
7456	59 
7457	158 
7458	414 
7459	400 
7460	376 
7461	224 
7462	76 
7463	135 
7464	359 
7465	245 
7466	420 
7467	189 
7468	316 
7469	171 
7470	439 
7471	405 
7472	420 
7473	99 
7474	68 
7475	271 
7476	315 
7477	33 
7478	365 
7479	57 
7480	440 
7481	196 
7482	36 
7483	362 
7484	176 
7485	58 
7486	95 
7487	260 
7488	103 
7489	12 
7490	393 
7491	175 
7492	189 
7493	473 
7494	11 
7495	223 
7496	359 
7497	59 
7498	296 
7499	341 
7500	275 
7501	175 
7502	455 
7503	477 
7504	66 
7505	390 
7506	435 
7507	414 
7508	344 
7509	134 
7510	255 
7511	27 
7512	167 
7513	118 
7514	265 
7515	485 
7516	37 
7517	152 
7518	121 
7519	265 
7520	168 
7521	147 
7522	20 
7523	89 
7524	77 
7525	81 
7526	477 
7527	43 
7528	408 
7529	143 
7530	218 
7531	46 
7532	168 
7533	442 
7534	68 
7535	132 
7536	108 
7537	136 
7538	380 
7539	485 
7540	2 
7541	450 
7542	285 
7543	398 
7544	77 
7545	468 
7546	433 
7547	433 
7548	5 
7549	295 
7550	414 
7551	241 
7552	195 
7553	98 
7554	397 
7555	480 
7556	182 
7557	39 
7558	442 
7559	321 
7560	320 
7561	108 
7562	113 
7563	392 
7564	286 
7565	359 
7566	466 
7567	156 
7568	480 
7569	122 
7570	36 
7571	260 
7572	106 
7573	74 
7574	482 
7575	167 
7576	284 
7577	25 
7578	103 
7579	151 
7580	407 
7581	161 
7582	459 
7583	343 
7584	169 
7585	185 
7586	260 
7587	105 
7588	104 
7589	117 
7590	440 
7591	371 
7592	68 
7593	64 
7594	170 
7595	373 
7596	43 
7597	340 
7598	31 
7599	259 
7600	473 
7601	136 
7602	391 
7603	265 
7604	192 
7605	298 
7606	11 
7607	259 
7608	195 
7609	167 
7610	152 
7611	365 
7612	47 
7613	416 
7614	196 
7615	344 
7616	239 
7617	44 
7618	170 
7619	140 
7620	47 
7621	115 
7622	286 
7623	313 
7624	25 
7625	442 
7626	145 
7627	276 
7628	395 
7629	100 
7630	168 
7631	339 
7632	166 
7633	52 
7634	183 
7635	462 
7636	26 
7637	341 
7638	45 
7639	100 
7640	143 
7641	243 
7642	320 
7643	117 
7644	450 
7645	224 
7646	111 
7647	344 
7648	45 
7649	26 
7650	294 
7651	89 
7652	166 
7653	116 
7654	98 
7655	1 
7656	71 
7657	444 
7658	331 
7659	195 
7660	216 
7661	225 
7662	456 
7663	145 
7664	466 
7665	122 
7666	52 
7667	175 
7668	387 
7669	245 
7670	225 
7671	245 
7672	145 
7673	437 
7674	355 
7675	395 
7676	3 
7677	45 
7678	137 
7679	108 
7680	246 
7681	189 
7682	117 
7683	11 
7684	340 
7685	246 
7686	261 
7687	255 
7688	409 
7689	459 
7690	284 
7691	47 
7692	433 
7693	479 
7694	134 
7695	33 
7696	466 
7697	20 
7698	427 
7699	202 
7700	241 
7701	6 
7702	164 
7703	183 
7704	122 
7705	180 
7706	398 
7707	96 
7708	27 
7709	353 
7710	205 
7711	359 
7712	128 
7713	38 
7714	175 
7715	116 
7716	450 
7717	12 
7718	116 
7719	101 
7720	251 
7721	411 
7722	323 
7723	362 
7724	55 
7725	395 
7726	274 
7727	20 
7728	292 
7729	469 
7730	224 
7731	61 
7732	100 
7733	338 
7734	395 
7735	280 
7736	263 
7737	200 
7738	375 
7739	58 
7740	316 
7741	366 
7742	131 
7743	1 
7744	442 
7745	120 
7746	151 
7747	96 
7748	167 
7749	366 
7750	206 
7751	57 
7752	144 
7753	185 
7754	6 
7755	298 
7756	11 
7757	479 
7758	132 
7759	241 
7760	479 
7761	81 
7762	101 
7763	442 
7764	180 
7765	280 
7766	113 
7767	243 
7768	90 
7769	402 
7770	321 
7771	351 
7772	416 
7773	23 
7774	456 
7775	408 
7776	59 
7777	175 
7778	161 
7779	415 
7780	207 
7781	485 
7782	100 
7783	365 
7784	442 
7785	298 
7786	344 
7787	83 
7788	101 
7789	400 
7790	131 
7791	243 
7792	459 
7793	183 
7794	47 
7795	281 
7796	98 
7797	423 
7798	391 
7799	460 
7800	411 
7801	11 
7802	133 
7803	399 
7804	112 
7805	241 
7806	37 
7807	317 
7808	326 
7809	264 
7810	170 
7811	464 
7812	239 
7813	136 
7814	182 
7815	74 
7816	158 
7817	245 
7818	320 
7819	28 
7820	402 
7821	460 
7822	11 
7823	146 
7824	437 
7825	467 
7826	44 
7827	466 
7828	382 
7829	160 
7830	226 
7831	192 
7832	95 
7833	392 
7834	402 
7835	284 
7836	467 
7837	326 
7838	371 
7839	411 
7840	265 
7841	315 
7842	222 
7843	460 
7844	269 
7845	269 
7846	5 
7847	317 
7848	164 
7849	423 
7850	263 
7851	13 
7852	339 
7853	280 
7854	464 
7855	39 
7856	36 
7857	25 
7858	478 
7859	192 
7860	222 
7861	108 
7862	128 
7863	20 
7864	38 
7865	28 
7866	288 
7867	296 
7868	185 
7869	263 
7870	323 
7871	75 
7872	58 
7873	136 
7874	453 
7875	11 
7876	398 
7877	17 
7878	51 
7879	271 
7880	295 
7881	284 
7882	485 
7883	169 
7884	455 
7885	391 
7886	468 
7887	165 
7888	98 
7889	450 
7890	466 
7891	37 
7892	59 
7893	225 
7894	326 
7895	399 
7896	71 
7897	409 
7898	136 
7899	122 
7900	51 
7901	52 
7902	68 
7903	140 
7904	176 
7905	52 
7906	167 
7907	323 
7908	440 
7909	477 
7910	90 
7911	52 
7912	126 
7913	468 
7914	164 
7915	292 
7916	415 
7917	120 
7918	64 
7919	302 
7920	152 
7921	116 
7922	134 
7923	414 
7924	271 
7925	422 
7926	112 
7927	285 
7928	33 
7929	259 
7930	156 
7931	225 
7932	176 
7933	59 
7934	478 
7935	51 
7936	38 
7937	182 
7938	126 
7939	172 
7940	45 
7941	313 
7942	183 
7943	362 
7944	224 
7945	106 
7946	101 
7947	199 
7948	317 
7949	398 
7950	182 
7951	42 
7952	89 
7953	239 
7954	445 
7955	209 
7956	96 
7957	26 
7958	395 
7959	45 
7960	216 
7961	359 
7962	6 
7963	28 
7964	46 
7965	316 
7966	245 
7967	363 
7968	62 
7969	285 
7970	275 
7971	39 
7972	74 
7973	106 
7974	23 
7975	165 
7976	423 
7977	36 
7978	164 
7979	131 
7980	296 
7981	340 
7982	363 
7983	359 
7984	218 
7985	240 
7986	360 
7987	442 
7988	414 
7989	479 
7990	11 
7991	456 
7992	453 
7993	151 
7994	246 
7995	66 
7996	58 
7997	23 
7998	265 
7999	338 
8000	400 
8001	269 
8002	353 
8003	477 
8004	11 
8005	12 
8006	383 
8007	320 
8008	483 
8009	68 
8010	128 
8011	117 
8012	55 
8013	75 
8014	382 
8015	359 
8016	206 
8017	456 
8018	415 
8019	359 
8020	397 
8021	166 
8022	185 
8023	66 
8024	133 
8025	276 
8026	151 
8027	172 
8028	140 
8029	36 
8030	296 
8031	383 
8032	131 
8033	392 
8034	462 
8035	216 
8036	313 
8037	285 
8038	315 
8039	440 
8040	113 
8041	27 
8042	433 
8043	414 
8044	314 
8045	209 
8046	132 
8047	133 
8048	59 
8049	120 
8050	216 
8051	422 
8052	469 
8053	106 
8054	140 
8055	420 
8056	445 
8057	395 
8058	281 
8059	81 
8060	202 
8061	33 
8062	350 
8063	351 
8064	158 
8065	255 
8066	444 
8067	75 
8068	37 
8069	209 
8070	183 
8071	298 
8072	442 
8073	61 
8074	11 
8075	265 
8076	375 
8077	341 
8078	246 
8079	171 
8080	243 
8081	344 
8082	251 
8083	276 
8084	371 
8085	81 
8086	239 
8087	209 
8088	402 
8089	460 
8090	209 
8091	25 
8092	89 
8093	156 
8094	437 
8095	448 
8096	382 
8097	166 
8098	58 
8099	196 
8100	445 
8101	415 
8102	380 
8103	165 
8104	120 
8105	359 
8106	129 
8107	363 
8108	98 
8109	375 
8110	189 
8111	281 
8112	294 
8113	100 
8114	200 
8115	158 
8116	46 
8117	415 
8118	343 
8119	314 
8120	81 
8121	152 
8122	42 
8123	402 
8124	443 
8125	363 
8126	479 
8127	225 
8128	302 
8129	75 
8130	223 
8131	288 
8132	363 
8133	342 
8134	313 
8135	254 
8136	156 
8137	81 
8138	338 
8139	390 
8140	128 
8141	456 
8142	57 
8143	241 
8144	118 
8145	128 
8146	394 
8147	409 
8148	397 
8149	68 
8150	124 
8151	52 
8152	331 
8153	224 
8154	166 
8155	28 
8156	423 
8157	246 
8158	408 
8159	118 
8160	140 
8161	105 
8162	405 
8163	281 
8164	260 
8165	81 
8166	124 
8167	444 
8168	221 
8169	77 
8170	314 
8171	223 
8172	310 
8173	438 
8174	169 
8175	438 
8176	68 
8177	296 
8178	33 
8179	438 
8180	167 
8181	171 
8182	108 
8183	57 
8184	28 
8185	222 
8186	408 
8187	176 
8188	376 
8189	477 
8190	408 
8191	64 
8192	317 
8193	455 
8194	409 
8195	479 
8196	274 
8197	296 
8198	467 
8199	225 
8200	462 
8201	284 
8202	26 
8203	371 
8204	373 
8205	355 
8206	68 
8207	172 
8208	224 
8209	392 
8210	189 
8211	27 
8212	331 
8213	371 
8214	23 
8215	362 
8216	275 
8217	43 
8218	170 
8219	1 
8220	274 
8221	185 
8222	261 
8223	426 
8224	416 
8225	246 
8226	64 
8227	255 
8228	455 
8229	52 
8230	274 
8231	409 
8232	122 
8233	342 
8234	387 
8235	71 
8236	64 
8237	288 
8238	124 
8239	438 
8240	134 
8241	414 
8242	320 
8243	443 
8244	168 
8245	295 
8246	453 
8247	42 
8248	407 
8249	66 
8250	43 
8251	383 
8252	17 
8253	365 
8254	477 
8255	245 
8256	288 
8257	168 
8258	450 
8259	478 
8260	1 
8261	261 
8262	38 
8263	52 
8264	269 
8265	402 
8266	437 
8267	246 
8268	450 
8269	455 
8270	122 
8271	359 
8272	77 
8273	445 
8274	246 
8275	387 
8276	6 
8277	245 
8278	122 
8279	363 
8280	355 
8281	392 
8282	170 
8283	469 
8284	450 
8285	137 
8286	380 
8287	455 
8288	450 
8289	103 
8290	437 
8291	103 
8292	223 
8293	216 
8294	317 
8295	120 
8296	140 
8297	314 
8298	164 
8299	355 
8300	246 
8301	365 
8302	444 
8303	342 
8304	392 
8305	340 
8306	466 
8307	423 
8308	276 
8309	13 
8310	45 
8311	224 
8312	124 
8313	156 
8314	199 
8315	42 
8316	263 
8317	422 
8318	218 
8319	151 
8320	280 
8321	365 
8322	444 
8323	246 
8324	167 
8325	427 
8326	99 
8327	170 
8328	189 
8329	47 
8330	265 
8331	288 
8332	479 
8333	71 
8334	20 
8335	133 
8336	387 
8337	427 
8338	151 
8339	317 
8340	42 
8341	255 
8342	310 
8343	467 
8344	415 
8345	407 
8346	408 
8347	320 
8348	276 
8349	288 
8350	394 
8351	355 
8352	392 
8353	118 
8354	395 
8355	240 
8356	5 
8357	315 
8358	395 
8359	146 
8360	350 
8361	222 
8362	83 
8363	466 
8364	294 
8365	405 
8366	241 
8367	460 
8368	480 
8369	209 
8370	313 
8371	261 
8372	241 
8373	407 
8374	12 
8375	169 
8376	402 
8377	459 
8378	355 
8379	74 
8380	398 
8381	170 
8382	105 
8383	91 
8384	166 
8385	241 
8386	405 
8387	387 
8388	479 
8389	415 
8390	340 
8391	216 
8392	390 
8393	453 
8394	382 
8395	387 
8396	462 
8397	376 
8398	338 
8399	189 
8400	218 
8401	44 
8402	222 
8403	323 
8404	33 
8405	124 
8406	263 
8407	294 
8408	171 
8409	479 
8410	260 
8411	5 
8412	448 
8413	288 
8414	37 
8415	438 
8416	46 
8417	344 
8418	17 
8419	226 
8420	1 
8421	26 
8422	342 
8423	280 
8424	108 
8425	13 
8426	38 
8427	17 
8428	427 
8429	351 
8430	225 
8431	271 
8432	169 
8433	355 
8434	17 
8435	321 
8436	280 
8437	296 
8438	271 
8439	478 
8440	6 
8441	58 
8442	284 
8443	479 
8444	467 
8445	387 
8446	469 
8447	320 
8448	276 
8449	269 
8450	111 
8451	52 
8452	38 
8453	261 
8454	146 
8455	216 
8456	55 
8457	192 
8458	480 
8459	105 
8460	321 
8461	166 
8462	344 
8463	414 
8464	46 
8465	132 
8466	437 
8467	169 
8468	26 
8469	464 
8470	409 
8471	284 
8472	33 
8473	42 
8474	47 
8475	183 
8476	11 
8477	375 
8478	360 
8479	271 
8480	33 
8481	338 
8482	169 
8483	295 
8484	103 
8485	132 
8486	255 
8487	170 
8488	44 
8489	415 
8490	411 
8491	118 
8492	394 
8493	265 
8494	376 
8495	33 
8496	331 
8497	350 
8498	479 
8499	317 
8500	362 
8501	477 
8502	423 
8503	209 
8504	189 
8505	261 
8506	89 
8507	216 
8508	37 
8509	221 
8510	226 
8511	135 
8512	275 
8513	395 
8514	218 
8515	209 
8516	95 
8517	77 
8518	44 
8519	62 
8520	375 
8521	414 
8522	482 
8523	137 
8524	422 
8525	365 
8526	423 
8527	285 
8528	144 
8529	45 
8530	205 
8531	11 
8532	23 
8533	298 
8534	104 
8535	450 
8536	438 
8537	42 
8538	38 
8539	382 
8540	362 
8541	295 
8542	339 
8543	302 
8544	464 
8545	264 
8546	20 
8547	473 
8548	468 
8549	363 
8550	225 
8551	405 
8552	104 
8553	202 
8554	226 
8555	158 
8556	89 
8557	216 
8558	255 
8559	405 
8560	255 
8561	392 
8562	39 
8563	116 
8564	466 
8565	128 
8566	132 
8567	116 
8568	103 
8569	45 
8570	269 
8571	255 
8572	135 
8573	185 
8574	71 
8575	168 
8576	223 
8577	25 
8578	313 
8579	455 
8580	33 
8581	376 
8582	362 
8583	466 
8584	390 
8585	265 
8586	440 
8587	442 
8588	152 
8589	313 
8590	246 
8591	275 
8592	225 
8593	62 
8594	129 
8595	108 
8596	183 
8597	397 
8598	276 
8599	466 
8600	89 
8601	423 
8602	263 
8603	115 
8604	185 
8605	64 
8606	216 
8607	416 
8608	115 
8609	261 
8610	183 
8611	416 
8612	223 
8613	165 
8614	483 
8615	315 
8616	483 
8617	167 
8618	363 
8619	89 
8620	176 
8621	135 
8622	390 
8623	453 
8624	467 
8625	480 
8626	75 
8627	120 
8628	483 
8629	58 
8630	344 
8631	223 
8632	64 
8633	243 
8634	313 
8635	344 
8636	422 
8637	118 
8638	326 
8639	331 
8640	25 
8641	440 
8642	116 
8643	292 
8644	13 
8645	156 
8646	113 
8647	321 
8648	11 
8649	137 
8650	115 
8651	284 
8652	221 
8653	128 
8654	192 
8655	376 
8656	261 
8657	226 
8658	25 
8659	339 
8660	440 
8661	326 
8662	221 
8663	61 
8664	55 
8665	246 
8666	298 
8667	122 
8668	45 
8669	408 
8670	341 
8671	91 
8672	455 
8673	46 
8674	1 
8675	269 
8676	260 
8677	189 
8678	342 
8679	245 
8680	128 
8681	128 
8682	448 
8683	263 
8684	55 
8685	222 
8686	62 
8687	302 
8688	44 
8689	75 
8690	68 
8691	140 
8692	221 
8693	355 
8694	176 
8695	205 
8696	394 
8697	158 
8698	264 
8699	341 
8700	105 
8701	375 
8702	118 
8703	83 
8704	408 
8705	243 
8706	245 
8707	120 
8708	57 
8709	39 
8710	264 
8711	33 
8712	466 
8713	221 
8714	91 
8715	326 
8716	260 
8717	280 
8718	416 
8719	260 
8720	115 
8721	104 
8722	140 
8723	23 
8724	1 
8725	27 
8726	405 
8727	316 
8728	269 
8729	310 
8730	55 
8731	23 
8732	269 
8733	71 
8734	151 
8735	158 
8736	316 
8737	313 
8738	483 
8739	176 
8740	480 
8741	170 
8742	103 
8743	363 
8744	118 
8745	398 
8746	326 
8747	221 
8748	113 
8749	222 
8750	360 
8751	353 
8752	363 
8753	17 
8754	68 
8755	61 
8756	423 
8757	362 
8758	423 
8759	478 
8760	467 
8761	468 
8762	189 
8763	23 
8764	292 
8765	140 
8766	313 
8767	108 
8768	468 
8769	140 
8770	416 
8771	416 
8772	363 
8773	280 
8774	375 
8775	442 
8776	344 
8777	137 
8778	164 
8779	342 
8780	341 
8781	146 
8782	120 
8783	140 
8784	462 
8785	437 
8786	243 
8787	400 
8788	285 
8789	285 
8790	218 
8791	339 
8792	164 
8793	20 
8794	485 
8795	295 
8796	453 
8797	344 
8798	380 
8799	360 
8800	106 
8801	117 
8802	281 
8803	260 
8804	285 
8805	366 
8806	321 
8807	46 
8808	132 
8809	135 
8810	437 
8811	343 
8812	363 
8813	438 
8814	479 
8815	366 
8816	124 
8817	445 
8818	366 
8819	25 
8820	395 
8821	395 
8822	11 
8823	164 
8824	20 
8825	271 
8826	108 
8827	460 
8828	158 
8829	58 
8830	137 
8831	151 
8832	415 
8833	442 
8834	317 
8835	199 
8836	315 
8837	276 
8838	315 
8839	455 
8840	415 
8841	27 
8842	264 
8843	146 
8844	144 
8845	225 
8846	395 
8847	243 
8848	199 
8849	13 
8850	397 
8851	479 
8852	245 
8853	104 
8854	156 
8855	477 
8856	158 
8857	415 
8858	320 
8859	245 
8860	442 
8861	58 
8862	221 
8863	44 
8864	397 
8865	44 
8866	246 
8867	241 
8868	144 
8869	140 
8870	483 
8871	295 
8872	222 
8873	462 
8874	359 
8875	168 
8876	468 
8877	11 
8878	170 
8879	380 
8880	281 
8881	224 
8882	11 
8883	483 
8884	33 
8885	261 
8886	61 
8887	416 
8888	241 
8889	366 
8890	129 
8891	416 
8892	442 
8893	261 
8894	39 
8895	20 
8896	437 
8897	170 
8898	165 
8899	17 
8900	104 
8901	38 
8902	264 
8903	39 
8904	225 
8905	276 
8906	216 
8907	133 
8908	156 
8909	39 
8910	165 
8911	129 
8912	192 
8913	462 
8914	209 
8915	117 
8916	359 
8917	265 
8918	168 
8919	205 
8920	26 
8921	380 
8922	137 
8923	366 
8924	440 
8925	45 
8926	169 
8927	466 
8928	137 
8929	26 
8930	205 
8931	225 
8932	414 
8933	260 
8934	104 
8935	42 
8936	402 
8937	455 
8938	380 
8939	152 
8940	363 
8941	113 
8942	133 
8943	411 
8944	284 
8945	483 
8946	42 
8947	366 
8948	146 
8949	263 
8950	382 
8951	20 
8952	479 
8953	105 
8954	116 
8955	246 
8956	310 
8957	427 
8958	310 
8959	171 
8960	483 
8961	284 
8962	117 
8963	25 
8964	245 
8965	221 
8966	422 
8967	295 
8968	26 
8969	165 
8970	338 
8971	438 
8972	442 
8973	288 
8974	6 
8975	11 
8976	331 
8977	331 
8978	151 
8979	414 
8980	115 
8981	442 
8982	11 
8983	77 
8984	362 
8985	75 
8986	222 
8987	245 
8988	326 
8989	243 
8990	158 
8991	416 
8992	479 
8993	42 
8994	113 
8995	326 
8996	222 
8997	221 
8998	276 
8999	338 
9000	375 
9001	376 
9002	376 
9003	341 
9004	344 
9005	416 
9006	132 
9007	113 
9008	120 
9009	105 
9010	427 
9011	42 
9012	376 
9013	42 
9014	105 
9015	47 
9016	376 
9017	375 
9018	315 
9019	133 
9020	108 
9021	415 
9022	104 
9023	397 
9024	405 
9025	118 
9026	144 
9027	17 
9028	343 
9029	473 
9030	468 
9031	363 
9032	260 
9033	117 
9034	414 
9035	414 
9036	473 
9037	151 
9038	47 
9039	226 
9040	477 
9041	108 
9042	453 
9043	437 
9044	176 
9045	320 
9046	353 
9047	170 
9048	302 
9049	241 
9050	68 
9051	33 
9052	246 
9053	302 
9054	423 
9055	75 
9056	226 
9057	1 
9058	265 
9059	209 
9060	363 
9061	423 
9062	61 
9063	11 
9064	45 
9065	402 
9066	23 
9067	71 
9068	402 
9069	313 
9070	338 
9071	360 
9072	295 
9073	199 
9074	437 
9075	57 
9076	323 
9077	395 
9078	246 
9079	295 
9080	156 
9081	20 
9082	416 
9083	45 
9084	156 
9085	438 
9086	106 
9087	27 
9088	359 
9089	37 
9090	23 
9091	342 
9092	104 
9093	129 
9094	376 
9095	132 
9096	246 
9097	23 
9098	295 
9099	106 
9100	437 
9101	209 
9102	156 
9103	106 
9104	264 
9105	77 
9106	176 
9107	302 
9108	169 
9109	158 
9110	414 
9111	263 
9112	466 
9113	46 
9114	295 
9115	423 
9116	118 
9117	344 
9118	192 
9119	113 
9120	241 
9121	103 
9122	27 
9123	320 
9124	169 
9125	169 
9126	68 
9127	292 
9128	81 
9129	151 
9130	104 
9131	59 
9132	164 
9133	26 
9134	158 
9135	20 
9136	375 
9137	1 
9138	483 
9139	71 
9140	120 
9141	395 
9142	414 
9143	25 
9144	241 
9145	243 
9146	477 
9147	209 
9148	81 
9149	344 
9150	276 
9151	225 
9152	108 
9153	37 
9154	105 
9155	164 
9156	442 
9157	118 
9158	411 
9159	171 
9160	271 
9161	255 
9162	285 
9163	411 
9164	351 
9165	42 
9166	339 
9167	423 
9168	209 
9169	479 
9170	405 
9171	269 
9172	375 
9173	226 
9174	261 
9175	400 
9176	128 
9177	382 
9178	363 
9179	209 
9180	363 
9181	106 
9182	245 
9183	264 
9184	362 
9185	437 
9186	351 
9187	47 
9188	339 
9189	165 
9190	479 
9191	260 
9192	168 
9193	116 
9194	483 
9195	397 
9196	263 
9197	310 
9198	105 
9199	106 
9200	115 
9201	26 
9202	467 
9203	156 
9204	156 
9205	360 
9206	323 
9207	427 
9208	373 
9209	411 
9210	68 
9211	373 
9212	477 
9213	11 
9214	260 
9215	255 
9216	17 
9217	380 
9218	105 
9219	453 
9220	246 
9221	89 
9222	280 
9223	323 
9224	37 
9225	363 
9226	146 
9227	331 
9228	395 
9229	108 
9230	115 
9231	395 
9232	477 
9233	323 
9234	176 
9235	241 
9236	480 
9237	416 
9238	363 
9239	128 
9240	479 
9241	165 
9242	316 
9243	479 
9244	264 
9245	113 
9246	466 
9247	382 
9248	411 
9249	133 
9250	462 
9251	408 
9252	339 
9253	116 
9254	415 
9255	189 
9256	129 
9257	408 
9258	169 
9259	64 
9260	243 
9261	375 
9262	146 
9263	397 
9264	89 
9265	285 
9266	113 
9267	485 
9268	169 
9269	165 
9270	414 
9271	108 
9272	104 
9273	165 
9274	146 
9275	339 
9276	363 
9277	104 
9278	442 
9279	124 
9280	450 
9281	45 
9282	122 
9283	11 
9284	380 
9285	68 
9286	246 
9287	480 
9288	264 
9289	455 
9290	13 
9291	26 
9292	167 
9293	395 
9294	479 
9295	427 
9296	261 
9297	400 
9298	117 
9299	351 
9300	302 
9301	81 
9302	405 
9303	89 
9304	402 
9305	13 
9306	453 
9307	376 
9308	395 
9309	302 
9310	351 
9311	42 
9312	189 
9313	468 
9314	344 
9315	37 
9316	264 
9317	366 
9318	164 
9319	133 
9320	261 
9321	323 
9322	23 
9323	189 
9324	176 
9325	276 
9326	169 
9327	331 
9328	411 
9329	44 
9330	339 
9331	156 
9332	199 
9333	246 
9334	317 
9335	295 
9336	269 
9337	362 
9338	106 
9339	360 
9340	106 
9341	405 
9342	395 
9343	156 
9344	108 
9345	221 
9346	81 
9347	415 
9348	408 
9349	400 
9350	176 
9351	146 
9352	13 
9353	339 
9354	209 
9355	89 
9356	89 
9357	33 
9358	199 
9359	176 
9360	302 
9361	33 
9362	280 
9363	455 
9364	408 
9365	466 
9366	151 
9367	450 
9368	269 
9369	284 
9370	265 
9371	117 
9372	344 
9373	146 
9374	117 
9375	1 
9376	376 
9377	400 
9378	316 
9379	116 
9380	117 
9381	326 
9382	116 
9383	246 
9384	331 
9385	151 
9386	302 
9387	243 
9388	400 
9389	373 
9390	64 
9391	442 
9392	423 
9393	284 
9394	485 
9395	241 
9396	133 
9397	317 
9398	167 
9399	1 
9400	341 
9401	382 
9402	27 
9403	209 
9404	316 
9405	397 
9406	169 
9407	442 
9408	265 
9409	75 
9410	129 
9411	359 
9412	167 
9413	485 
9414	158 
9415	479 
9416	209 
9417	261 
9418	169 
9419	302 
9420	105 
9421	151 
9422	226 
9423	260 
9424	75 
9425	26 
9426	176 
9427	462 
9428	416 
9429	17 
9430	411 
9431	341 
9432	241 
9433	117 
9434	402 
9435	265 
9436	20 
9437	453 
9438	264 
9439	485 
9440	264 
9441	116 
9442	442 
9443	317 
9444	209 
9445	225 
9446	366 
9447	241 
9448	89 
9449	344 
9450	400 
9451	263 
9452	171 
9453	71 
9454	338 
9455	408 
9456	45 
9457	199 
9458	189 
9459	455 
9460	455 
9461	20 
9462	359 
9463	118 
9464	115 
9465	209 
9466	338 
9467	416 
9468	124 
9469	44 
9470	380 
9471	366 
9472	466 
9473	408 
9474	280 
9475	416 
9476	317 
9477	344 
9478	341 
9479	75 
9480	226 
9481	320 
9482	57 
9483	170 
9484	440 
9485	264 
9486	89 
9487	423 
9488	269 
9489	17 
9490	416 
9491	169 
9492	415 
9493	373 
9494	366 
9495	468 
9496	158 
9497	209 
9498	226 
9499	295 
9500	115 
9501	402 
9502	199 
9503	284 
9504	246 
9505	171 
9506	124 
9507	83 
9508	411 
9509	466 
9510	171 
9511	156 
9512	33 
9513	13 
9514	164 
9515	382 
9516	269 
9517	57 
9518	83 
9519	176 
9520	255 
9521	402 
9522	221 
9523	45 
9524	176 
9525	23 
9526	408 
9527	104 
9528	408 
9529	176 
9530	292 
9531	44 
9532	271 
9533	226 
9534	44 
9535	25 
9536	339 
9537	11 
9538	11 
9539	450 
9540	221 
9541	13 
9542	363 
9543	411 
9544	302 
9545	164 
9546	243 
9547	485 
9548	113 
9549	271 
9550	485 
9551	146 
9552	479 
9553	295 
9554	64 
9555	115 
9556	189 
9557	313 
9558	11 
9559	317 
9560	320 
9561	269 
9562	265 
9563	33 
9564	453 
9565	269 
9566	260 
9567	81 
9568	20 
9569	118 
9570	408 
9571	326 
9572	199 
9573	45 
9574	13 
9575	276 
9576	373 
9577	317 
9578	103 
9579	462 
9580	169 
9581	284 
9582	395 
9583	209 
9584	241 
9585	442 
9586	359 
9587	47 
9588	156 
9589	280 
9590	423 
9591	151 
9592	351 
9593	17 
9594	453 
9595	341 
9596	167 
9597	13 
9598	264 
9599	366 
9600	83 
9601	243 
9602	351 
9603	89 
9604	338 
9605	271 
9606	133 
9607	416 
9608	455 
9609	455 
9610	264 
9611	57 
9612	260 
9613	339 
9614	338 
9615	437 
9616	450 
9617	416 
9618	341 
9619	416 
9620	164 
9621	42 
9622	176 
9623	380 
9624	104 
9625	302 
9626	120 
9627	341 
9628	89 
9629	118 
9630	13 
9631	408 
9632	1 
9633	317 
9634	167 
9635	408 
9636	117 
9637	302 
9638	42 
9639	11 
9640	260 
9641	33 
9642	11 
9643	280 
9644	113 
9645	167 
9646	42 
9647	442 
9648	44 
9649	280 
9650	83 
9651	442 
9652	1 
9653	199 
9654	42 
9655	241 
9656	405 
9657	397 
9658	64 
9659	25 
9660	45 
9661	400 
9662	265 
9663	411 
9664	455 
9665	442 
9666	363 
9667	169 
9668	437 
9669	462 
9670	103 
9671	302 
9672	25 
9673	158 
9674	317 
9675	280 
9676	284 
9677	271 
9678	261 
9679	199 
9680	26 
9681	265 
9682	326 
9683	359 
9684	246 
9685	408 
9686	151 
9687	189 
9688	165 
9689	302 
9690	176 
9691	462 
9692	485 
9693	75 
9694	453 
9695	395 
9696	17 
9697	45 
9698	284 
9699	113 
9700	264 
9701	351 
9702	103 
9703	416 
9704	209 
9705	11 
9706	118 
9707	455 
9708	164 
9709	64 
9710	405 
9711	400 
9712	450 
9713	351 
9714	485 
9715	395 
9716	158 
9717	81 
9718	395 
9719	89 
9720	75 
9721	351 
9722	158 
9723	124 
9724	146 
9725	395 
9726	400 
9727	455 
9728	33 
9729	339 
9730	260 
9731	81 
9732	81 
9733	260 
9734	455 
9735	75 
9736	261 
9737	376 
9738	479 
9739	479 
9740	292 
9741	164 
9742	89 
9743	156 
9744	411 
9745	376 
9746	124 
9747	164 
9748	189 
9749	25 
9750	1 
9751	209 
9752	199 
9753	284 
9754	33 
9755	167 
9756	146 
9757	315 
9758	450 
9759	320 
9760	42 
9761	395 
9762	363 
9763	81 
9764	26 
9765	26 
9766	264 
9767	117 
9768	11 
9769	408 
9770	382 
9771	453 
9772	1 
9773	317 
9774	359 
9775	284 
9776	165 
9777	156 
9778	120 
9779	118 
9780	264 
9781	284 
9782	376 
9783	453 
9784	450 
9785	57 
9786	169 
9787	382 
9788	103 
9789	450 
9790	117 
9791	189 
9792	462 
9793	405 
9794	339 
9795	455 
9796	260 
9797	397 
9798	363 
9799	450 
9800	117 
9801	453 
9802	167 
9803	280 
9804	261 
9805	169 
9806	75 
9807	151 
9808	351 
9809	485 
9810	320 
9811	408 
9812	380 
9813	261 
9814	276 
9815	120 
9816	284 
9817	120 
9818	26 
9819	416 
9820	292 
9821	468 
9822	269 
9823	246 
9824	151 
9825	158 
9826	302 
9827	1 
9828	380 
9829	339 
9830	380 
9831	376 
9832	260 
9833	246 
9834	115 
9835	124 
9836	169 
9837	302 
9838	189 
9839	189 
9840	317 
9841	1 
9842	156 
9843	33 
9844	376 
9845	376 
9846	284 
9847	26 
9848	423 
9849	317 
9850	376 
9851	292 
9852	479 
9853	113 
9854	395 
9855	25 
9856	450 
9857	400 
9858	411 
9859	485 
9860	118 
9861	423 
9862	276 
9863	261 
9864	113 
9865	189 
9866	151 
9867	57 
9868	416 
9869	264 
9870	269 
9871	302 
9872	485 
9873	11 
9874	103 
9875	57 
9876	292 
9877	33 
9878	320 
9879	468 
9880	442 
9881	120 
9882	57 
9883	302 
9884	442 
9885	292 
9886	261 
9887	176 
9888	26 
9889	64 
9890	260 
9891	411 
9892	113 
9893	320 
9894	120 
9895	395 
9896	479 
9897	103 
9898	26 
9899	292 
9900	376 
9901	380 
9902	317 
9903	241 
9904	75 
9905	11 
9906	276 
9907	397 
9908	326 
9909	382 
9910	264 
9911	276 
9912	209 
9913	246 
9914	158 
9915	158 
9916	189 
9917	302 
9918	276 
9919	292 
9920	453 
9921	261 
9922	326 
9923	400 
9924	339 
9925	468 
9926	450 
9927	103 
9928	209 
9929	25 
9930	146 
9931	260 
9932	81 
9933	246 
9934	260 
9935	315 
9936	57 
9937	397 
9938	151 
9939	280 
9940	339 
9941	376 
9942	320 
9943	33 
9944	462 
9945	302 
9946	479 
9947	339 
9948	442 
9949	395 
9950	326 
9951	485 
9952	25 
9953	326 
9954	17 
9955	261 
9956	81 
9957	189 
9958	146 
9959	479 
9960	462 
9961	26 
9962	113 
9963	411 
9964	57 
9965	167 
9966	269 
9967	453 
9968	380 
9969	33 
9970	158 
9971	1 
9972	17 
9973	42 
9974	169 
9975	453 
9976	57 
9977	11 
9978	25 
9979	450 
9980	317 
9981	167 
9982	118 
9983	1 
9984	57 
9985	382 
9986	320 
9987	453 
9988	176 
9989	117 
9990	269 
9991	167 
9992	302 
9993	380 
9994	264 
9995	479 
9996	117 
9997	33 
9998	176 
9999	209 
10000	416 
