1	173 
2	214 
3	179 
4	84 
5	288 
6	116 
7	219 
8	28 
9	168 
10	334 
11	71 
12	178 
13	289 
14	65 
15	121 
16	3 
17	327 
18	244 
19	99 
20	293 
21	258 
22	220 
23	16 
24	273 
25	90 
26	71 
27	21 
28	115 
29	46 
30	175 
31	54 
32	327 
33	93 
34	11 
35	32 
36	2 
37	334 
38	183 
39	143 
40	74 
41	177 
42	311 
43	286 
44	226 
45	235 
46	64 
47	89 
48	150 
49	145 
50	271 
51	329 
52	98 
53	39 
54	54 
55	123 
56	163 
57	217 
58	26 
59	186 
60	337 
61	133 
62	307 
63	45 
64	214 
65	42 
66	81 
67	332 
68	108 
69	62 
70	96 
71	77 
72	281 
73	71 
74	331 
75	209 
76	154 
77	136 
78	265 
79	328 
80	265 
81	279 
82	215 
83	71 
84	82 
85	273 
86	280 
87	95 
88	232 
89	315 
90	179 
91	139 
92	292 
93	201 
94	16 
95	201 
96	131 
97	72 
98	124 
99	245 
100	104 
101	162 
102	228 
103	65 
104	155 
105	4 
106	135 
107	191 
108	32 
109	112 
110	36 
111	241 
112	176 
113	275 
114	116 
115	286 
116	296 
117	159 
118	108 
119	327 
120	83 
121	175 
122	94 
123	53 
124	125 
125	213 
126	1 
127	170 
128	184 
129	107 
130	192 
131	324 
132	240 
133	194 
134	281 
135	133 
136	307 
137	245 
138	162 
139	127 
140	57 
141	1 
142	289 
143	106 
144	95 
145	7 
146	115 
147	219 
148	164 
149	74 
150	90 
151	264 
152	188 
153	268 
154	53 
155	218 
156	333 
157	92 
158	173 
159	164 
160	191 
161	150 
162	211 
163	326 
164	162 
165	267 
166	325 
167	316 
168	25 
169	313 
170	139 
171	5 
172	324 
173	124 
174	152 
175	161 
176	82 
177	42 
178	243 
179	207 
180	50 
181	193 
182	251 
183	82 
184	40 
185	245 
186	128 
187	292 
188	325 
189	160 
190	198 
191	74 
192	111 
193	129 
194	251 
195	15 
196	209 
197	1 
198	331 
199	79 
200	23 
201	100 
202	199 
203	67 
204	29 
205	165 
206	322 
207	148 
208	82 
209	307 
210	155 
211	277 
212	289 
213	162 
214	331 
215	104 
216	111 
217	230 
218	25 
219	73 
220	183 
221	303 
222	226 
223	259 
224	257 
225	112 
226	243 
227	40 
228	282 
229	88 
230	201 
231	134 
232	232 
233	192 
234	315 
235	305 
236	133 
237	113 
238	314 
239	157 
240	194 
241	123 
242	123 
243	205 
244	25 
245	217 
246	79 
247	255 
248	188 
249	156 
250	159 
251	231 
252	132 
253	178 
254	128 
255	44 
256	229 
257	42 
258	136 
259	24 
260	40 
261	202 
262	281 
263	8 
264	32 
265	251 
266	80 
267	148 
268	12 
269	19 
270	32 
271	143 
272	125 
273	241 
274	129 
275	42 
276	12 
277	284 
278	334 
279	252 
280	31 
281	220 
282	324 
283	125 
284	321 
285	217 
286	43 
287	292 
288	95 
289	232 
290	258 
291	288 
292	304 
293	202 
294	282 
295	32 
296	105 
297	175 
298	59 
299	319 
300	251 
301	299 
302	329 
303	222 
304	335 
305	18 
306	263 
307	46 
308	167 
309	251 
310	306 
311	317 
312	334 
313	65 
314	107 
315	13 
316	44 
317	220 
318	16 
319	250 
320	274 
321	155 
322	59 
323	223 
324	182 
325	117 
326	85 
327	110 
328	274 
329	276 
330	120 
331	138 
332	29 
333	151 
334	127 
335	153 
336	139 
337	333 
338	271 
339	73 
340	113 
341	244 
342	265 
343	317 
344	338 
345	280 
346	285 
347	57 
348	85 
349	181 
350	18 
351	231 
352	53 
353	295 
354	125 
355	327 
356	213 
357	305 
358	227 
359	235 
360	27 
361	9 
362	7 
363	101 
364	272 
365	173 
366	29 
367	333 
368	129 
369	255 
370	146 
371	335 
372	329 
373	123 
374	36 
375	110 
376	261 
377	272 
378	200 
379	220 
380	6 
381	335 
382	298 
383	249 
384	81 
385	64 
386	93 
387	260 
388	266 
389	164 
390	180 
391	165 
392	53 
393	282 
394	271 
395	305 
396	103 
397	62 
398	331 
399	30 
400	170 
401	148 
402	201 
403	46 
404	143 
405	233 
406	276 
407	316 
408	183 
409	42 
410	310 
411	264 
412	33 
413	40 
414	174 
415	289 
416	226 
417	42 
418	103 
419	223 
420	306 
421	20 
422	208 
423	277 
424	1 
425	313 
426	233 
427	275 
428	73 
429	117 
430	331 
431	107 
432	12 
433	231 
434	87 
435	90 
436	286 
437	162 
438	254 
439	258 
440	234 
441	233 
442	178 
443	88 
444	268 
445	65 
446	123 
447	171 
448	326 
449	32 
450	321 
451	304 
452	225 
453	119 
454	251 
455	152 
456	203 
457	66 
458	34 
459	214 
460	295 
461	298 
462	51 
463	151 
464	139 
465	122 
466	44 
467	262 
468	266 
469	46 
470	24 
471	6 
472	215 
473	284 
474	121 
475	151 
476	328 
477	329 
478	307 
479	295 
480	17 
481	143 
482	289 
483	31 
484	163 
485	52 
486	186 
487	187 
488	82 
489	183 
490	89 
491	217 
492	225 
493	263 
494	168 
495	297 
496	112 
497	61 
498	131 
499	97 
500	178 
501	90 
502	239 
503	287 
504	49 
505	33 
506	22 
507	269 
508	137 
509	280 
510	261 
511	4 
512	81 
513	105 
514	17 
515	127 
516	273 
517	2 
518	280 
519	302 
520	265 
521	224 
522	28 
523	104 
524	157 
525	78 
526	224 
527	209 
528	23 
529	295 
530	214 
531	244 
532	204 
533	93 
534	125 
535	102 
536	52 
537	180 
538	161 
539	299 
540	320 
541	226 
542	239 
543	60 
544	307 
545	56 
546	192 
547	231 
548	55 
549	330 
550	223 
551	228 
552	60 
553	322 
554	333 
555	34 
556	130 
557	190 
558	290 
559	152 
560	87 
561	3 
562	219 
563	39 
564	179 
565	20 
566	13 
567	214 
568	72 
569	174 
570	57 
571	192 
572	281 
573	262 
574	229 
575	81 
576	306 
577	228 
578	306 
579	66 
580	309 
581	16 
582	338 
583	212 
584	41 
585	202 
586	167 
587	312 
588	333 
589	73 
590	126 
591	237 
592	294 
593	8 
594	312 
595	36 
596	53 
597	8 
598	67 
599	176 
600	46 
601	152 
602	123 
603	124 
604	251 
605	135 
606	98 
607	301 
608	14 
609	129 
610	156 
611	188 
612	224 
613	330 
614	180 
615	235 
616	258 
617	281 
618	241 
619	194 
620	82 
621	112 
622	217 
623	257 
624	206 
625	133 
626	293 
627	243 
628	201 
629	322 
630	301 
631	140 
632	292 
633	263 
634	124 
635	176 
636	165 
637	26 
638	136 
639	154 
640	155 
641	85 
642	258 
643	142 
644	240 
645	292 
646	87 
647	163 
648	122 
649	325 
650	90 
651	62 
652	96 
653	53 
654	287 
655	10 
656	207 
657	320 
658	268 
659	330 
660	16 
661	53 
662	304 
663	307 
664	239 
665	77 
666	131 
667	241 
668	290 
669	88 
670	32 
671	34 
672	180 
673	107 
674	236 
675	78 
676	47 
677	193 
678	21 
679	79 
680	89 
681	152 
682	288 
683	116 
684	39 
685	101 
686	24 
687	233 
688	138 
689	324 
690	175 
691	287 
692	101 
693	162 
694	169 
695	285 
696	141 
697	158 
698	160 
699	179 
700	140 
701	330 
702	321 
703	163 
704	296 
705	267 
706	264 
707	302 
708	237 
709	89 
710	136 
711	238 
712	175 
713	250 
714	252 
715	62 
716	260 
717	224 
718	338 
719	81 
720	16 
721	12 
722	299 
723	9 
724	245 
725	78 
726	201 
727	183 
728	199 
729	140 
730	165 
731	122 
732	314 
733	157 
734	230 
735	133 
736	109 
737	57 
738	114 
739	125 
740	26 
741	110 
742	224 
743	140 
744	199 
745	77 
746	215 
747	212 
748	323 
749	231 
750	191 
751	113 
752	144 
753	116 
754	72 
755	304 
756	210 
757	42 
758	217 
759	129 
760	139 
761	48 
762	326 
763	328 
764	66 
765	86 
766	304 
767	327 
768	296 
769	106 
770	83 
771	59 
772	193 
773	330 
774	251 
775	116 
776	215 
777	328 
778	80 
779	182 
780	203 
781	2 
782	311 
783	52 
784	166 
785	50 
786	294 
787	105 
788	105 
789	288 
790	213 
791	5 
792	180 
793	224 
794	271 
795	221 
796	200 
797	212 
798	245 
799	213 
800	295 
801	214 
802	207 
803	222 
804	294 
805	196 
806	207 
807	86 
808	145 
809	264 
810	224 
811	233 
812	221 
813	243 
814	36 
815	253 
816	31 
817	303 
818	319 
819	218 
820	49 
821	96 
822	58 
823	333 
824	143 
825	59 
826	157 
827	137 
828	285 
829	158 
830	105 
831	135 
832	136 
833	256 
834	56 
835	332 
836	318 
837	12 
838	318 
839	213 
840	69 
841	8 
842	223 
843	139 
844	118 
845	34 
846	43 
847	163 
848	272 
849	290 
850	108 
851	315 
852	113 
853	75 
854	136 
855	174 
856	172 
857	238 
858	307 
859	119 
860	35 
861	223 
862	258 
863	97 
864	52 
865	137 
866	15 
867	205 
868	46 
869	170 
870	98 
871	260 
872	189 
873	297 
874	192 
875	49 
876	40 
877	213 
878	192 
879	95 
880	142 
881	291 
882	140 
883	179 
884	191 
885	58 
886	20 
887	1 
888	82 
889	232 
890	8 
891	82 
892	71 
893	111 
894	145 
895	115 
896	303 
897	95 
898	278 
899	144 
900	191 
901	63 
902	202 
903	219 
904	78 
905	301 
906	212 
907	127 
908	50 
909	129 
910	209 
911	70 
912	35 
913	303 
914	301 
915	174 
916	104 
917	227 
918	335 
919	48 
920	325 
921	298 
922	108 
923	89 
924	238 
925	12 
926	91 
927	36 
928	29 
929	190 
930	174 
931	236 
932	46 
933	27 
934	49 
935	86 
936	180 
937	220 
938	203 
939	147 
940	106 
941	295 
942	248 
943	56 
944	13 
945	330 
946	181 
947	115 
948	189 
949	150 
950	170 
951	332 
952	314 
953	105 
954	292 
955	239 
956	80 
957	218 
958	303 
959	149 
960	72 
961	80 
962	105 
963	205 
964	9 
965	194 
966	85 
967	270 
968	29 
969	311 
970	276 
971	253 
972	24 
973	216 
974	91 
975	69 
976	287 
977	180 
978	213 
979	233 
980	307 
981	190 
982	317 
983	333 
984	151 
985	308 
986	67 
987	206 
988	127 
989	244 
990	276 
991	61 
992	230 
993	79 
994	197 
995	280 
996	198 
997	174 
998	306 
999	242 
1000	230 
1001	203 
1002	24 
1003	68 
1004	123 
1005	221 
1006	85 
1007	62 
1008	332 
1009	181 
1010	23 
1011	78 
1012	266 
1013	198 
1014	205 
1015	233 
1016	242 
1017	155 
1018	236 
1019	217 
1020	110 
1021	129 
1022	51 
1023	248 
1024	117 
1025	25 
1026	335 
1027	198 
1028	177 
1029	58 
1030	192 
1031	238 
1032	6 
1033	191 
1034	311 
1035	110 
1036	293 
1037	65 
1038	150 
1039	245 
1040	180 
1041	60 
1042	159 
1043	332 
1044	185 
1045	97 
1046	140 
1047	329 
1048	3 
1049	321 
1050	232 
1051	227 
1052	238 
1053	41 
1054	26 
1055	73 
1056	316 
1057	186 
1058	155 
1059	187 
1060	91 
1061	179 
1062	14 
1063	309 
1064	86 
1065	172 
1066	184 
1067	239 
1068	71 
1069	124 
1070	59 
1071	182 
1072	82 
1073	276 
1074	157 
1075	63 
1076	210 
1077	169 
1078	266 
1079	193 
1080	52 
1081	50 
1082	141 
1083	162 
1084	257 
1085	82 
1086	331 
1087	90 
1088	153 
1089	164 
1090	151 
1091	1 
1092	38 
1093	321 
1094	206 
1095	42 
1096	335 
1097	252 
1098	155 
1099	54 
1100	129 
1101	267 
1102	32 
1103	20 
1104	94 
1105	7 
1106	208 
1107	120 
1108	111 
1109	38 
1110	79 
1111	171 
1112	297 
1113	146 
1114	259 
1115	129 
1116	161 
1117	102 
1118	315 
1119	1 
1120	296 
1121	257 
1122	45 
1123	282 
1124	127 
1125	119 
1126	279 
1127	330 
1128	104 
1129	23 
1130	281 
1131	153 
1132	71 
1133	114 
1134	243 
1135	105 
1136	191 
1137	9 
1138	125 
1139	309 
1140	165 
1141	8 
1142	297 
1143	228 
1144	263 
1145	42 
1146	117 
1147	287 
1148	36 
1149	86 
1150	228 
1151	228 
1152	5 
1153	121 
1154	228 
1155	126 
1156	307 
1157	105 
1158	162 
1159	263 
1160	112 
1161	42 
1162	172 
1163	125 
1164	42 
1165	83 
1166	55 
1167	171 
1168	33 
1169	239 
1170	80 
1171	240 
1172	52 
1173	78 
1174	36 
1175	147 
1176	32 
1177	281 
1178	126 
1179	252 
1180	118 
1181	90 
1182	251 
1183	141 
1184	291 
1185	222 
1186	331 
1187	25 
1188	239 
1189	238 
1190	33 
1191	337 
1192	23 
1193	301 
1194	278 
1195	263 
1196	34 
1197	26 
1198	16 
1199	151 
1200	69 
1201	167 
1202	104 
1203	121 
1204	32 
1205	36 
1206	264 
1207	131 
1208	115 
1209	27 
1210	78 
1211	314 
1212	280 
1213	264 
1214	319 
1215	132 
1216	243 
1217	243 
1218	68 
1219	26 
1220	259 
1221	98 
1222	113 
1223	95 
1224	131 
1225	193 
1226	8 
1227	292 
1228	276 
1229	61 
1230	150 
1231	174 
1232	210 
1233	27 
1234	168 
1235	243 
1236	72 
1237	241 
1238	108 
1239	208 
1240	73 
1241	249 
1242	31 
1243	229 
1244	141 
1245	2 
1246	131 
1247	30 
1248	261 
1249	45 
1250	194 
1251	197 
1252	113 
1253	117 
1254	53 
1255	179 
1256	46 
1257	135 
1258	81 
1259	174 
1260	157 
1261	129 
1262	180 
1263	243 
1264	106 
1265	336 
1266	281 
1267	277 
1268	109 
1269	315 
1270	243 
1271	81 
1272	72 
1273	222 
1274	207 
1275	331 
1276	115 
1277	149 
1278	310 
1279	69 
1280	135 
1281	298 
1282	263 
1283	100 
1284	245 
1285	18 
1286	130 
1287	264 
1288	158 
1289	62 
1290	311 
1291	228 
1292	141 
1293	294 
1294	223 
1295	288 
1296	173 
1297	248 
1298	177 
1299	23 
1300	249 
1301	261 
1302	238 
1303	329 
1304	192 
1305	265 
1306	106 
1307	171 
1308	299 
1309	335 
1310	323 
1311	72 
1312	264 
1313	5 
1314	153 
1315	186 
1316	187 
1317	327 
1318	157 
1319	257 
1320	317 
1321	136 
1322	216 
1323	229 
1324	153 
1325	157 
1326	217 
1327	258 
1328	282 
1329	59 
1330	313 
1331	199 
1332	71 
1333	61 
1334	298 
1335	153 
1336	35 
1337	252 
1338	172 
1339	162 
1340	33 
1341	226 
1342	140 
1343	293 
1344	228 
1345	63 
1346	123 
1347	243 
1348	174 
1349	210 
1350	65 
1351	317 
1352	34 
1353	210 
1354	252 
1355	252 
1356	251 
1357	291 
1358	236 
1359	13 
1360	185 
1361	3 
1362	229 
1363	53 
1364	97 
1365	56 
1366	89 
1367	80 
1368	322 
1369	184 
1370	307 
1371	97 
1372	222 
1373	255 
1374	305 
1375	13 
1376	68 
1377	33 
1378	102 
1379	170 
1380	211 
1381	326 
1382	169 
1383	250 
1384	212 
1385	139 
1386	63 
1387	288 
1388	39 
1389	305 
1390	213 
1391	90 
1392	306 
1393	314 
1394	137 
1395	68 
1396	68 
1397	204 
1398	19 
1399	191 
1400	63 
1401	205 
1402	245 
1403	78 
1404	144 
1405	154 
1406	292 
1407	308 
1408	174 
1409	10 
1410	203 
1411	110 
1412	273 
1413	296 
1414	148 
1415	254 
1416	326 
1417	331 
1418	65 
1419	47 
1420	328 
1421	1 
1422	44 
1423	76 
1424	215 
1425	335 
1426	171 
1427	74 
1428	253 
1429	232 
1430	35 
1431	211 
1432	83 
1433	274 
1434	82 
1435	239 
1436	274 
1437	180 
1438	306 
1439	80 
1440	103 
1441	119 
1442	210 
1443	136 
1444	216 
1445	338 
1446	136 
1447	215 
1448	195 
1449	127 
1450	321 
1451	252 
1452	187 
1453	84 
1454	31 
1455	160 
1456	202 
1457	155 
1458	34 
1459	168 
1460	140 
1461	70 
1462	29 
1463	278 
1464	163 
1465	123 
1466	53 
1467	18 
1468	330 
1469	235 
1470	223 
1471	162 
1472	212 
1473	267 
1474	212 
1475	47 
1476	279 
1477	310 
1478	314 
1479	242 
1480	334 
1481	318 
1482	330 
1483	217 
1484	96 
1485	55 
1486	45 
1487	73 
1488	106 
1489	182 
1490	273 
1491	71 
1492	99 
1493	130 
1494	42 
1495	299 
1496	47 
1497	70 
1498	132 
1499	250 
1500	138 
1501	32 
1502	264 
1503	275 
1504	186 
1505	115 
1506	186 
1507	257 
1508	91 
1509	234 
1510	322 
1511	150 
1512	270 
1513	135 
1514	286 
1515	36 
1516	289 
1517	180 
1518	95 
1519	118 
1520	306 
1521	58 
1522	114 
1523	187 
1524	288 
1525	278 
1526	25 
1527	108 
1528	172 
1529	9 
1530	326 
1531	87 
1532	63 
1533	284 
1534	223 
1535	251 
1536	296 
1537	73 
1538	145 
1539	158 
1540	47 
1541	14 
1542	172 
1543	198 
1544	16 
1545	51 
1546	51 
1547	56 
1548	200 
1549	116 
1550	177 
1551	208 
1552	160 
1553	327 
1554	333 
1555	331 
1556	21 
1557	85 
1558	42 
1559	320 
1560	186 
1561	219 
1562	240 
1563	198 
1564	95 
1565	180 
1566	253 
1567	149 
1568	321 
1569	268 
1570	114 
1571	197 
1572	3 
1573	36 
1574	179 
1575	66 
1576	181 
1577	141 
1578	135 
1579	278 
1580	298 
1581	289 
1582	85 
1583	285 
1584	106 
1585	236 
1586	156 
1587	164 
1588	57 
1589	327 
1590	98 
1591	292 
1592	331 
1593	171 
1594	281 
1595	157 
1596	322 
1597	204 
1598	37 
1599	42 
1600	113 
1601	112 
1602	45 
1603	222 
1604	246 
1605	149 
1606	108 
1607	222 
1608	87 
1609	17 
1610	162 
1611	131 
1612	246 
1613	181 
1614	186 
1615	55 
1616	288 
1617	172 
1618	313 
1619	183 
1620	238 
1621	122 
1622	291 
1623	186 
1624	210 
1625	212 
1626	86 
1627	196 
1628	199 
1629	40 
1630	227 
1631	136 
1632	309 
1633	81 
1634	179 
1635	82 
1636	125 
1637	235 
1638	61 
1639	82 
1640	11 
1641	232 
1642	67 
1643	62 
1644	274 
1645	141 
1646	319 
1647	217 
1648	76 
1649	172 
1650	218 
1651	325 
1652	44 
1653	189 
1654	145 
1655	67 
1656	141 
1657	309 
1658	244 
1659	287 
1660	57 
1661	28 
1662	106 
1663	8 
1664	312 
1665	4 
1666	336 
1667	195 
1668	180 
1669	90 
1670	281 
1671	306 
1672	256 
1673	207 
1674	309 
1675	195 
1676	225 
1677	27 
1678	251 
1679	74 
1680	3 
1681	172 
1682	253 
1683	135 
1684	41 
1685	52 
1686	61 
1687	6 
1688	15 
1689	292 
1690	67 
1691	191 
1692	275 
1693	222 
1694	201 
1695	86 
1696	96 
1697	232 
1698	305 
1699	288 
1700	140 
1701	296 
1702	272 
1703	231 
1704	124 
1705	84 
1706	279 
1707	211 
1708	196 
1709	111 
1710	165 
1711	123 
1712	248 
1713	137 
1714	268 
1715	232 
1716	1 
1717	57 
1718	235 
1719	243 
1720	237 
1721	94 
1722	152 
1723	313 
1724	298 
1725	14 
1726	261 
1727	15 
1728	65 
1729	101 
1730	52 
1731	265 
1732	298 
1733	141 
1734	146 
1735	313 
1736	186 
1737	188 
1738	204 
1739	274 
1740	108 
1741	304 
1742	229 
1743	201 
1744	235 
1745	261 
1746	269 
1747	260 
1748	66 
1749	5 
1750	216 
1751	108 
1752	243 
1753	106 
1754	246 
1755	278 
1756	324 
1757	247 
1758	296 
1759	288 
1760	198 
1761	32 
1762	288 
1763	260 
1764	108 
1765	186 
1766	123 
1767	292 
1768	60 
1769	197 
1770	50 
1771	78 
1772	25 
1773	283 
1774	32 
1775	44 
1776	90 
1777	90 
1778	290 
1779	8 
1780	96 
1781	234 
1782	170 
1783	330 
1784	38 
1785	44 
1786	197 
1787	32 
1788	95 
1789	193 
1790	198 
1791	297 
1792	179 
1793	166 
1794	239 
1795	109 
1796	130 
1797	53 
1798	288 
1799	259 
1800	279 
1801	247 
1802	306 
1803	26 
1804	303 
1805	192 
1806	238 
1807	190 
1808	13 
1809	6 
1810	211 
1811	239 
1812	160 
1813	214 
1814	243 
1815	317 
1816	194 
1817	303 
1818	75 
1819	81 
1820	16 
1821	278 
1822	330 
1823	98 
1824	306 
1825	121 
1826	121 
1827	307 
1828	53 
1829	198 
1830	43 
1831	239 
1832	222 
1833	313 
1834	168 
1835	106 
1836	96 
1837	229 
1838	186 
1839	6 
1840	281 
1841	310 
1842	77 
1843	243 
1844	228 
1845	265 
1846	145 
1847	152 
1848	186 
1849	141 
1850	120 
1851	334 
1852	26 
1853	194 
1854	304 
1855	200 
1856	32 
1857	53 
1858	141 
1859	47 
1860	214 
1861	283 
1862	307 
1863	92 
1864	140 
1865	155 
1866	179 
1867	7 
1868	158 
1869	169 
1870	2 
1871	274 
1872	15 
1873	244 
1874	64 
1875	164 
1876	205 
1877	304 
1878	277 
1879	86 
1880	177 
1881	107 
1882	230 
1883	187 
1884	49 
1885	143 
1886	304 
1887	123 
1888	42 
1889	38 
1890	288 
1891	38 
1892	148 
1893	169 
1894	337 
1895	76 
1896	336 
1897	268 
1898	318 
1899	30 
1900	274 
1901	75 
1902	337 
1903	135 
1904	113 
1905	48 
1906	166 
1907	180 
1908	121 
1909	119 
1910	61 
1911	81 
1912	303 
1913	141 
1914	171 
1915	85 
1916	106 
1917	58 
1918	144 
1919	163 
1920	27 
1921	302 
1922	134 
1923	59 
1924	221 
1925	23 
1926	125 
1927	316 
1928	136 
1929	195 
1930	109 
1931	151 
1932	1 
1933	158 
1934	172 
1935	144 
1936	76 
1937	293 
1938	36 
1939	141 
1940	298 
1941	186 
1942	304 
1943	44 
1944	338 
1945	216 
1946	292 
1947	141 
1948	279 
1949	279 
1950	231 
1951	90 
1952	29 
1953	165 
1954	40 
1955	216 
1956	63 
1957	69 
1958	289 
1959	119 
1960	77 
1961	224 
1962	38 
1963	103 
1964	325 
1965	280 
1966	123 
1967	225 
1968	60 
1969	326 
1970	134 
1971	213 
1972	15 
1973	92 
1974	280 
1975	303 
1976	152 
1977	172 
1978	48 
1979	275 
1980	92 
1981	106 
1982	147 
1983	110 
1984	238 
1985	159 
1986	333 
1987	275 
1988	108 
1989	256 
1990	321 
1991	334 
1992	149 
1993	120 
1994	13 
1995	331 
1996	156 
1997	163 
1998	37 
1999	160 
2000	69 
2001	324 
2002	275 
2003	192 
2004	57 
2005	82 
2006	237 
2007	221 
2008	198 
2009	287 
2010	38 
2011	316 
2012	101 
2013	63 
2014	233 
2015	185 
2016	293 
2017	274 
2018	87 
2019	338 
2020	135 
2021	128 
2022	242 
2023	101 
2024	135 
2025	265 
2026	323 
2027	123 
2028	309 
2029	73 
2030	125 
2031	82 
2032	233 
2033	215 
2034	65 
2035	241 
2036	86 
2037	150 
2038	306 
2039	317 
2040	216 
2041	151 
2042	176 
2043	251 
2044	327 
2045	200 
2046	16 
2047	198 
2048	93 
2049	125 
2050	254 
2051	176 
2052	262 
2053	224 
2054	183 
2055	286 
2056	268 
2057	277 
2058	174 
2059	177 
2060	167 
2061	309 
2062	280 
2063	104 
2064	205 
2065	161 
2066	280 
2067	272 
2068	258 
2069	189 
2070	174 
2071	219 
2072	38 
2073	201 
2074	287 
2075	253 
2076	297 
2077	306 
2078	266 
2079	165 
2080	118 
2081	207 
2082	12 
2083	90 
2084	2 
2085	179 
2086	230 
2087	170 
2088	175 
2089	289 
2090	45 
2091	331 
2092	209 
2093	66 
2094	19 
2095	313 
2096	161 
2097	222 
2098	114 
2099	85 
2100	148 
2101	82 
2102	200 
2103	162 
2104	199 
2105	181 
2106	81 
2107	171 
2108	100 
2109	56 
2110	5 
2111	304 
2112	109 
2113	8 
2114	208 
2115	132 
2116	83 
2117	279 
2118	87 
2119	255 
2120	143 
2121	263 
2122	285 
2123	57 
2124	138 
2125	226 
2126	294 
2127	61 
2128	111 
2129	210 
2130	299 
2131	77 
2132	247 
2133	26 
2134	333 
2135	28 
2136	93 
2137	271 
2138	255 
2139	290 
2140	74 
2141	13 
2142	185 
2143	115 
2144	219 
2145	11 
2146	221 
2147	91 
2148	274 
2149	153 
2150	75 
2151	174 
2152	311 
2153	40 
2154	113 
2155	69 
2156	149 
2157	274 
2158	53 
2159	233 
2160	282 
2161	128 
2162	140 
2163	267 
2164	60 
2165	184 
2166	44 
2167	81 
2168	258 
2169	253 
2170	165 
2171	24 
2172	314 
2173	41 
2174	247 
2175	32 
2176	275 
2177	87 
2178	259 
2179	76 
2180	69 
2181	230 
2182	175 
2183	232 
2184	238 
2185	271 
2186	148 
2187	90 
2188	153 
2189	150 
2190	23 
2191	52 
2192	326 
2193	35 
2194	174 
2195	142 
2196	237 
2197	191 
2198	267 
2199	134 
2200	155 
2201	25 
2202	179 
2203	155 
2204	44 
2205	144 
2206	253 
2207	81 
2208	40 
2209	40 
2210	153 
2211	275 
2212	68 
2213	33 
2214	69 
2215	305 
2216	285 
2217	96 
2218	155 
2219	206 
2220	324 
2221	85 
2222	94 
2223	179 
2224	323 
2225	18 
2226	239 
2227	106 
2228	239 
2229	106 
2230	32 
2231	330 
2232	232 
2233	252 
2234	79 
2235	52 
2236	209 
2237	13 
2238	321 
2239	148 
2240	153 
2241	292 
2242	67 
2243	191 
2244	286 
2245	225 
2246	164 
2247	64 
2248	203 
2249	102 
2250	317 
2251	187 
2252	15 
2253	166 
2254	267 
2255	177 
2256	91 
2257	158 
2258	170 
2259	306 
2260	65 
2261	172 
2262	40 
2263	272 
2264	217 
2265	332 
2266	87 
2267	37 
2268	312 
2269	130 
2270	127 
2271	119 
2272	47 
2273	168 
2274	124 
2275	306 
2276	232 
2277	295 
2278	218 
2279	117 
2280	110 
2281	87 
2282	49 
2283	295 
2284	112 
2285	91 
2286	253 
2287	174 
2288	261 
2289	63 
2290	145 
2291	42 
2292	32 
2293	39 
2294	307 
2295	257 
2296	42 
2297	3 
2298	330 
2299	321 
2300	279 
2301	139 
2302	171 
2303	7 
2304	304 
2305	303 
2306	91 
2307	96 
2308	222 
2309	44 
2310	274 
2311	246 
2312	157 
2313	72 
2314	303 
2315	122 
2316	131 
2317	220 
2318	297 
2319	27 
2320	77 
2321	306 
2322	281 
2323	200 
2324	138 
2325	164 
2326	17 
2327	293 
2328	3 
2329	61 
2330	154 
2331	243 
2332	157 
2333	162 
2334	23 
2335	40 
2336	10 
2337	205 
2338	262 
2339	184 
2340	165 
2341	225 
2342	129 
2343	212 
2344	101 
2345	332 
2346	263 
2347	249 
2348	68 
2349	65 
2350	32 
2351	234 
2352	90 
2353	68 
2354	173 
2355	174 
2356	301 
2357	63 
2358	63 
2359	89 
2360	90 
2361	117 
2362	23 
2363	231 
2364	319 
2365	142 
2366	131 
2367	134 
2368	314 
2369	15 
2370	171 
2371	84 
2372	313 
2373	84 
2374	13 
2375	5 
2376	308 
2377	26 
2378	189 
2379	166 
2380	76 
2381	316 
2382	136 
2383	274 
2384	323 
2385	192 
2386	189 
2387	254 
2388	117 
2389	79 
2390	228 
2391	183 
2392	117 
2393	142 
2394	63 
2395	162 
2396	153 
2397	324 
2398	319 
2399	198 
2400	101 
2401	69 
2402	22 
2403	127 
2404	8 
2405	243 
2406	282 
2407	111 
2408	42 
2409	114 
2410	134 
2411	278 
2412	171 
2413	243 
2414	241 
2415	33 
2416	238 
2417	102 
2418	68 
2419	333 
2420	8 
2421	68 
2422	81 
2423	249 
2424	280 
2425	77 
2426	83 
2427	258 
2428	295 
2429	187 
2430	76 
2431	30 
2432	280 
2433	23 
2434	253 
2435	63 
2436	214 
2437	59 
2438	101 
2439	238 
2440	160 
2441	196 
2442	61 
2443	234 
2444	104 
2445	317 
2446	294 
2447	227 
2448	297 
2449	248 
2450	264 
2451	153 
2452	338 
2453	97 
2454	131 
2455	87 
2456	266 
2457	241 
2458	1 
2459	256 
2460	20 
2461	7 
2462	156 
2463	18 
2464	306 
2465	57 
2466	228 
2467	283 
2468	275 
2469	188 
2470	289 
2471	30 
2472	99 
2473	228 
2474	57 
2475	183 
2476	299 
2477	236 
2478	227 
2479	71 
2480	171 
2481	331 
2482	110 
2483	124 
2484	149 
2485	146 
2486	2 
2487	198 
2488	93 
2489	159 
2490	262 
2491	308 
2492	288 
2493	97 
2494	265 
2495	257 
2496	317 
2497	233 
2498	5 
2499	3 
2500	108 
2501	29 
2502	25 
2503	283 
2504	165 
2505	60 
2506	195 
2507	231 
2508	157 
2509	36 
2510	302 
2511	78 
2512	172 
2513	309 
2514	43 
2515	298 
2516	253 
2517	236 
2518	156 
2519	40 
2520	170 
2521	262 
2522	97 
2523	217 
2524	36 
2525	329 
2526	210 
2527	34 
2528	271 
2529	136 
2530	274 
2531	57 
2532	148 
2533	305 
2534	125 
2535	85 
2536	222 
2537	224 
2538	232 
2539	245 
2540	93 
2541	68 
2542	71 
2543	117 
2544	102 
2545	48 
2546	71 
2547	101 
2548	256 
2549	266 
2550	128 
2551	277 
2552	62 
2553	221 
2554	263 
2555	180 
2556	260 
2557	53 
2558	138 
2559	286 
2560	131 
2561	164 
2562	37 
2563	45 
2564	276 
2565	25 
2566	155 
2567	298 
2568	73 
2569	78 
2570	256 
2571	3 
2572	283 
2573	55 
2574	62 
2575	130 
2576	53 
2577	218 
2578	264 
2579	242 
2580	171 
2581	96 
2582	193 
2583	214 
2584	172 
2585	36 
2586	78 
2587	106 
2588	234 
2589	191 
2590	209 
2591	323 
2592	7 
2593	245 
2594	39 
2595	308 
2596	289 
2597	43 
2598	25 
2599	256 
2600	274 
2601	151 
2602	276 
2603	129 
2604	323 
2605	127 
2606	152 
2607	165 
2608	65 
2609	128 
2610	2 
2611	126 
2612	333 
2613	159 
2614	54 
2615	80 
2616	300 
2617	211 
2618	63 
2619	239 
2620	69 
2621	80 
2622	165 
2623	159 
2624	132 
2625	253 
2626	233 
2627	48 
2628	317 
2629	78 
2630	227 
2631	181 
2632	74 
2633	284 
2634	271 
2635	123 
2636	162 
2637	70 
2638	189 
2639	52 
2640	6 
2641	47 
2642	269 
2643	48 
2644	16 
2645	29 
2646	177 
2647	62 
2648	123 
2649	331 
2650	180 
2651	179 
2652	335 
2653	117 
2654	164 
2655	138 
2656	122 
2657	287 
2658	236 
2659	181 
2660	45 
2661	337 
2662	90 
2663	135 
2664	125 
2665	35 
2666	237 
2667	241 
2668	29 
2669	49 
2670	305 
2671	36 
2672	298 
2673	167 
2674	306 
2675	170 
2676	130 
2677	328 
2678	126 
2679	230 
2680	131 
2681	57 
2682	218 
2683	98 
2684	168 
2685	294 
2686	163 
2687	3 
2688	211 
2689	203 
2690	51 
2691	303 
2692	254 
2693	250 
2694	42 
2695	59 
2696	279 
2697	314 
2698	36 
2699	36 
2700	197 
2701	90 
2702	284 
2703	140 
2704	87 
2705	28 
2706	283 
2707	224 
2708	291 
2709	112 
2710	123 
2711	307 
2712	163 
2713	330 
2714	56 
2715	155 
2716	273 
2717	260 
2718	277 
2719	94 
2720	86 
2721	173 
2722	86 
2723	293 
2724	66 
2725	122 
2726	279 
2727	99 
2728	274 
2729	194 
2730	43 
2731	119 
2732	160 
2733	152 
2734	240 
2735	147 
2736	31 
2737	4 
2738	178 
2739	51 
2740	208 
2741	255 
2742	331 
2743	82 
2744	303 
2745	330 
2746	114 
2747	64 
2748	132 
2749	26 
2750	288 
2751	133 
2752	309 
2753	263 
2754	166 
2755	179 
2756	196 
2757	308 
2758	195 
2759	64 
2760	109 
2761	174 
2762	104 
2763	198 
2764	38 
2765	148 
2766	228 
2767	131 
2768	292 
2769	211 
2770	65 
2771	6 
2772	171 
2773	2 
2774	54 
2775	113 
2776	258 
2777	239 
2778	164 
2779	155 
2780	161 
2781	174 
2782	236 
2783	105 
2784	311 
2785	53 
2786	204 
2787	182 
2788	233 
2789	11 
2790	258 
2791	20 
2792	187 
2793	143 
2794	181 
2795	159 
2796	125 
2797	25 
2798	7 
2799	251 
2800	170 
2801	158 
2802	100 
2803	296 
2804	131 
2805	270 
2806	268 
2807	198 
2808	81 
2809	175 
2810	221 
2811	142 
2812	110 
2813	80 
2814	306 
2815	11 
2816	98 
2817	25 
2818	214 
2819	200 
2820	237 
2821	154 
2822	116 
2823	117 
2824	319 
2825	85 
2826	114 
2827	203 
2828	321 
2829	64 
2830	218 
2831	178 
2832	157 
2833	174 
2834	326 
2835	9 
2836	182 
2837	125 
2838	219 
2839	153 
2840	61 
2841	7 
2842	316 
2843	147 
2844	227 
2845	131 
2846	104 
2847	252 
2848	185 
2849	70 
2850	334 
2851	214 
2852	213 
2853	227 
2854	71 
2855	86 
2856	215 
2857	238 
2858	8 
2859	169 
2860	30 
2861	338 
2862	143 
2863	85 
2864	251 
2865	210 
2866	228 
2867	197 
2868	135 
2869	83 
2870	248 
2871	1 
2872	129 
2873	235 
2874	95 
2875	74 
2876	299 
2877	127 
2878	125 
2879	280 
2880	90 
2881	228 
2882	100 
2883	220 
2884	196 
2885	251 
2886	290 
2887	282 
2888	331 
2889	86 
2890	187 
2891	224 
2892	74 
2893	147 
2894	32 
2895	283 
2896	333 
2897	201 
2898	265 
2899	14 
2900	73 
2901	251 
2902	10 
2903	254 
2904	256 
2905	112 
2906	321 
2907	289 
2908	191 
2909	259 
2910	311 
2911	259 
2912	330 
2913	322 
2914	151 
2915	117 
2916	298 
2917	108 
2918	15 
2919	270 
2920	163 
2921	61 
2922	160 
2923	244 
2924	146 
2925	69 
2926	22 
2927	138 
2928	90 
2929	274 
2930	111 
2931	45 
2932	55 
2933	144 
2934	1 
2935	56 
2936	123 
2937	184 
2938	50 
2939	3 
2940	337 
2941	34 
2942	104 
2943	230 
2944	221 
2945	328 
2946	34 
2947	44 
2948	162 
2949	202 
2950	162 
2951	42 
2952	151 
2953	156 
2954	13 
2955	81 
2956	230 
2957	159 
2958	35 
2959	108 
2960	107 
2961	287 
2962	102 
2963	295 
2964	176 
2965	232 
2966	155 
2967	287 
2968	103 
2969	212 
2970	131 
2971	165 
2972	138 
2973	305 
2974	4 
2975	320 
2976	215 
2977	125 
2978	172 
2979	293 
2980	42 
2981	154 
2982	90 
2983	87 
2984	303 
2985	170 
2986	294 
2987	280 
2988	238 
2989	206 
2990	57 
2991	318 
2992	230 
2993	190 
2994	103 
2995	205 
2996	98 
2997	254 
2998	57 
2999	30 
3000	43 
3001	218 
3002	215 
3003	213 
3004	167 
3005	20 
3006	169 
3007	221 
3008	185 
3009	14 
3010	5 
3011	245 
3012	257 
3013	20 
3014	263 
3015	61 
3016	249 
3017	87 
3018	80 
3019	319 
3020	292 
3021	119 
3022	131 
3023	244 
3024	120 
3025	194 
3026	89 
3027	70 
3028	312 
3029	219 
3030	78 
3031	69 
3032	194 
3033	126 
3034	260 
3035	234 
3036	156 
3037	338 
3038	197 
3039	108 
3040	93 
3041	127 
3042	263 
3043	189 
3044	220 
3045	117 
3046	125 
3047	14 
3048	303 
3049	128 
3050	31 
3051	187 
3052	312 
3053	228 
3054	63 
3055	118 
3056	155 
3057	171 
3058	45 
3059	54 
3060	55 
3061	199 
3062	81 
3063	21 
3064	266 
3065	308 
3066	13 
3067	20 
3068	129 
3069	244 
3070	65 
3071	239 
3072	22 
3073	119 
3074	147 
3075	105 
3076	305 
3077	281 
3078	32 
3079	214 
3080	230 
3081	24 
3082	233 
3083	87 
3084	261 
3085	31 
3086	49 
3087	116 
3088	20 
3089	302 
3090	66 
3091	90 
3092	52 
3093	106 
3094	103 
3095	243 
3096	251 
3097	298 
3098	1 
3099	251 
3100	176 
3101	290 
3102	23 
3103	331 
3104	278 
3105	230 
3106	247 
3107	98 
3108	189 
3109	299 
3110	158 
3111	86 
3112	123 
3113	279 
3114	76 
3115	26 
3116	213 
3117	37 
3118	257 
3119	109 
3120	314 
3121	241 
3122	127 
3123	143 
3124	338 
3125	176 
3126	140 
3127	195 
3128	22 
3129	202 
3130	32 
3131	206 
3132	286 
3133	297 
3134	139 
3135	190 
3136	80 
3137	104 
3138	59 
3139	194 
3140	190 
3141	297 
3142	126 
3143	1 
3144	171 
3145	86 
3146	104 
3147	321 
3148	280 
3149	210 
3150	126 
3151	106 
3152	18 
3153	306 
3154	286 
3155	113 
3156	278 
3157	265 
3158	336 
3159	17 
3160	29 
3161	240 
3162	246 
3163	112 
3164	9 
3165	73 
3166	334 
3167	17 
3168	63 
3169	256 
3170	170 
3171	315 
3172	20 
3173	76 
3174	186 
3175	208 
3176	197 
3177	127 
3178	37 
3179	22 
3180	63 
3181	17 
3182	318 
3183	160 
3184	208 
3185	210 
3186	193 
3187	213 
3188	153 
3189	316 
3190	121 
3191	293 
3192	157 
3193	53 
3194	278 
3195	326 
3196	89 
3197	274 
3198	281 
3199	119 
3200	261 
3201	24 
3202	52 
3203	146 
3204	250 
3205	90 
3206	103 
3207	9 
3208	44 
3209	29 
3210	93 
3211	43 
3212	230 
3213	119 
3214	73 
3215	259 
3216	219 
3217	73 
3218	54 
3219	232 
3220	337 
3221	241 
3222	180 
3223	36 
3224	297 
3225	176 
3226	86 
3227	279 
3228	80 
3229	45 
3230	272 
3231	207 
3232	108 
3233	311 
3234	234 
3235	57 
3236	123 
3237	109 
3238	79 
3239	96 
3240	64 
3241	180 
3242	109 
3243	259 
3244	217 
3245	166 
3246	253 
3247	79 
3248	329 
3249	168 
3250	61 
3251	245 
3252	308 
3253	201 
3254	148 
3255	182 
3256	272 
3257	1 
3258	183 
3259	338 
3260	298 
3261	288 
3262	149 
3263	142 
3264	36 
3265	19 
3266	326 
3267	62 
3268	298 
3269	123 
3270	107 
3271	41 
3272	104 
3273	272 
3274	41 
3275	125 
3276	288 
3277	28 
3278	258 
3279	86 
3280	334 
3281	188 
3282	165 
3283	81 
3284	263 
3285	186 
3286	38 
3287	310 
3288	165 
3289	140 
3290	200 
3291	191 
3292	50 
3293	149 
3294	306 
3295	289 
3296	264 
3297	189 
3298	167 
3299	55 
3300	290 
3301	66 
3302	334 
3303	154 
3304	84 
3305	218 
3306	37 
3307	49 
3308	153 
3309	258 
3310	4 
3311	137 
3312	51 
3313	57 
3314	43 
3315	215 
3316	105 
3317	183 
3318	258 
3319	303 
3320	136 
3321	230 
3322	172 
3323	268 
3324	43 
3325	73 
3326	258 
3327	83 
3328	183 
3329	251 
3330	165 
3331	336 
3332	51 
3333	239 
3334	68 
3335	13 
3336	224 
3337	196 
3338	113 
3339	239 
3340	68 
3341	195 
3342	60 
3343	228 
3344	245 
3345	153 
3346	214 
3347	239 
3348	3 
3349	18 
3350	159 
3351	106 
3352	187 
3353	302 
3354	79 
3355	131 
3356	130 
3357	171 
3358	272 
3359	60 
3360	23 
3361	49 
3362	101 
3363	135 
3364	316 
3365	122 
3366	284 
3367	198 
3368	155 
3369	246 
3370	229 
3371	321 
3372	37 
3373	81 
3374	274 
3375	39 
3376	336 
3377	263 
3378	102 
3379	250 
3380	213 
3381	171 
3382	174 
3383	210 
3384	57 
3385	287 
3386	133 
3387	280 
3388	207 
3389	212 
3390	30 
3391	86 
3392	270 
3393	241 
3394	274 
3395	320 
3396	127 
3397	193 
3398	192 
3399	246 
3400	146 
3401	180 
3402	88 
3403	102 
3404	165 
3405	215 
3406	316 
3407	53 
3408	333 
3409	76 
3410	103 
3411	25 
3412	120 
3413	99 
3414	242 
3415	108 
3416	176 
3417	96 
3418	105 
3419	28 
3420	283 
3421	15 
3422	53 
3423	194 
3424	135 
3425	258 
3426	137 
3427	231 
3428	59 
3429	79 
3430	29 
3431	10 
3432	317 
3433	161 
3434	23 
3435	325 
3436	278 
3437	111 
3438	213 
3439	230 
3440	40 
3441	49 
3442	203 
3443	292 
3444	324 
3445	337 
3446	271 
3447	141 
3448	51 
3449	117 
3450	303 
3451	162 
3452	68 
3453	66 
3454	122 
3455	96 
3456	43 
3457	65 
3458	212 
3459	280 
3460	140 
3461	125 
3462	208 
3463	142 
3464	239 
3465	198 
3466	39 
3467	239 
3468	77 
3469	96 
3470	219 
3471	130 
3472	171 
3473	141 
3474	188 
3475	186 
3476	303 
3477	192 
3478	279 
3479	113 
3480	212 
3481	88 
3482	180 
3483	264 
3484	251 
3485	281 
3486	79 
3487	318 
3488	113 
3489	36 
3490	133 
3491	337 
3492	317 
3493	70 
3494	34 
3495	216 
3496	328 
3497	292 
3498	81 
3499	117 
3500	245 
3501	232 
3502	130 
3503	156 
3504	71 
3505	208 
3506	136 
3507	108 
3508	280 
3509	291 
3510	36 
3511	85 
3512	187 
3513	309 
3514	148 
3515	289 
3516	107 
3517	75 
3518	292 
3519	292 
3520	249 
3521	96 
3522	261 
3523	253 
3524	332 
3525	107 
3526	68 
3527	133 
3528	286 
3529	289 
3530	280 
3531	318 
3532	278 
3533	111 
3534	21 
3535	111 
3536	33 
3537	98 
3538	154 
3539	329 
3540	289 
3541	3 
3542	153 
3543	327 
3544	119 
3545	73 
3546	292 
3547	172 
3548	224 
3549	161 
3550	171 
3551	197 
3552	59 
3553	239 
3554	91 
3555	48 
3556	21 
3557	252 
3558	125 
3559	79 
3560	146 
3561	170 
3562	132 
3563	48 
3564	41 
3565	216 
3566	153 
3567	152 
3568	262 
3569	309 
3570	3 
3571	147 
3572	97 
3573	130 
3574	130 
3575	57 
3576	245 
3577	245 
3578	45 
3579	288 
3580	78 
3581	308 
3582	228 
3583	174 
3584	146 
3585	306 
3586	106 
3587	41 
3588	136 
3589	320 
3590	103 
3591	180 
3592	77 
3593	74 
3594	238 
3595	44 
3596	153 
3597	264 
3598	326 
3599	33 
3600	119 
3601	123 
3602	314 
3603	100 
3604	332 
3605	6 
3606	321 
3607	223 
3608	119 
3609	324 
3610	300 
3611	10 
3612	23 
3613	112 
3614	77 
3615	326 
3616	280 
3617	282 
3618	226 
3619	79 
3620	42 
3621	20 
3622	80 
3623	79 
3624	233 
3625	26 
3626	104 
3627	78 
3628	189 
3629	336 
3630	313 
3631	185 
3632	261 
3633	91 
3634	321 
3635	79 
3636	148 
3637	292 
3638	38 
3639	326 
3640	7 
3641	259 
3642	273 
3643	119 
3644	103 
3645	189 
3646	128 
3647	274 
3648	158 
3649	197 
3650	67 
3651	261 
3652	78 
3653	22 
3654	157 
3655	130 
3656	335 
3657	90 
3658	53 
3659	24 
3660	33 
3661	265 
3662	232 
3663	296 
3664	304 
3665	202 
3666	265 
3667	230 
3668	90 
3669	231 
3670	136 
3671	100 
3672	230 
3673	105 
3674	66 
3675	164 
3676	280 
3677	265 
3678	138 
3679	100 
3680	137 
3681	191 
3682	9 
3683	330 
3684	79 
3685	275 
3686	250 
3687	282 
3688	223 
3689	250 
3690	195 
3691	242 
3692	157 
3693	209 
3694	67 
3695	322 
3696	219 
3697	310 
3698	112 
3699	32 
3700	88 
3701	281 
3702	330 
3703	311 
3704	172 
3705	134 
3706	191 
3707	165 
3708	277 
3709	251 
3710	87 
3711	13 
3712	39 
3713	99 
3714	98 
3715	292 
3716	304 
3717	333 
3718	40 
3719	324 
3720	294 
3721	176 
3722	243 
3723	127 
3724	40 
3725	230 
3726	111 
3727	122 
3728	166 
3729	92 
3730	85 
3731	322 
3732	112 
3733	285 
3734	157 
3735	288 
3736	247 
3737	288 
3738	284 
3739	96 
3740	171 
3741	151 
3742	11 
3743	129 
3744	8 
3745	56 
3746	226 
3747	290 
3748	253 
3749	236 
3750	62 
3751	138 
3752	12 
3753	208 
3754	205 
3755	113 
3756	69 
3757	161 
3758	199 
3759	183 
3760	306 
3761	185 
3762	53 
3763	196 
3764	211 
3765	63 
3766	76 
3767	151 
3768	156 
3769	106 
3770	230 
3771	247 
3772	326 
3773	250 
3774	47 
3775	228 
3776	134 
3777	68 
3778	170 
3779	217 
3780	287 
3781	331 
3782	233 
3783	10 
3784	129 
3785	46 
3786	298 
3787	122 
3788	147 
3789	277 
3790	160 
3791	319 
3792	83 
3793	186 
3794	160 
3795	233 
3796	75 
3797	10 
3798	63 
3799	69 
3800	39 
3801	119 
3802	278 
3803	249 
3804	1 
3805	332 
3806	160 
3807	187 
3808	179 
3809	167 
3810	58 
3811	217 
3812	221 
3813	129 
3814	157 
3815	204 
3816	179 
3817	1 
3818	90 
3819	66 
3820	286 
3821	127 
3822	3 
3823	199 
3824	86 
3825	130 
3826	213 
3827	4 
3828	50 
3829	215 
3830	133 
3831	317 
3832	182 
3833	153 
3834	66 
3835	140 
3836	62 
3837	197 
3838	2 
3839	335 
3840	320 
3841	263 
3842	63 
3843	103 
3844	300 
3845	87 
3846	34 
3847	120 
3848	19 
3849	56 
3850	228 
3851	304 
3852	235 
3853	227 
3854	40 
3855	51 
3856	136 
3857	185 
3858	35 
3859	86 
3860	305 
3861	106 
3862	198 
3863	288 
3864	215 
3865	25 
3866	252 
3867	288 
3868	287 
3869	87 
3870	61 
3871	225 
3872	204 
3873	215 
3874	151 
3875	182 
3876	185 
3877	336 
3878	84 
3879	179 
3880	17 
3881	220 
3882	229 
3883	34 
3884	29 
3885	123 
3886	183 
3887	23 
3888	251 
3889	221 
3890	239 
3891	219 
3892	235 
3893	159 
3894	7 
3895	73 
3896	99 
3897	292 
3898	324 
3899	29 
3900	241 
3901	12 
3902	331 
3903	320 
3904	172 
3905	237 
3906	121 
3907	146 
3908	239 
3909	151 
3910	135 
3911	65 
3912	333 
3913	227 
3914	119 
3915	285 
3916	159 
3917	2 
3918	244 
3919	304 
3920	157 
3921	312 
3922	313 
3923	59 
3924	269 
3925	124 
3926	160 
3927	287 
3928	160 
3929	86 
3930	18 
3931	3 
3932	249 
3933	278 
3934	54 
3935	95 
3936	304 
3937	222 
3938	76 
3939	287 
3940	214 
3941	306 
3942	222 
3943	252 
3944	23 
3945	267 
3946	331 
3947	201 
3948	60 
3949	71 
3950	116 
3951	183 
3952	36 
3953	299 
3954	136 
3955	27 
3956	58 
3957	108 
3958	131 
3959	307 
3960	99 
3961	293 
3962	243 
3963	10 
3964	183 
3965	38 
3966	135 
3967	159 
3968	79 
3969	337 
3970	228 
3971	278 
3972	185 
3973	170 
3974	237 
3975	59 
3976	333 
3977	180 
3978	105 
3979	26 
3980	129 
3981	244 
3982	148 
3983	73 
3984	222 
3985	93 
3986	15 
3987	172 
3988	21 
3989	205 
3990	188 
3991	16 
3992	192 
3993	27 
3994	336 
3995	211 
3996	98 
3997	170 
3998	228 
3999	129 
4000	219 
4001	244 
4002	179 
4003	121 
4004	213 
4005	50 
4006	185 
4007	47 
4008	310 
4009	319 
4010	292 
4011	108 
4012	191 
4013	312 
4014	296 
4015	189 
4016	118 
4017	323 
4018	12 
4019	114 
4020	30 
4021	187 
4022	129 
4023	198 
4024	129 
4025	88 
4026	90 
4027	234 
4028	221 
4029	90 
4030	148 
4031	270 
4032	306 
4033	253 
4034	192 
4035	27 
4036	305 
4037	262 
4038	308 
4039	279 
4040	301 
4041	235 
4042	317 
4043	318 
4044	267 
4045	165 
4046	117 
4047	82 
4048	66 
4049	296 
4050	168 
4051	220 
4052	8 
4053	74 
4054	306 
4055	93 
4056	136 
4057	249 
4058	20 
4059	4 
4060	90 
4061	111 
4062	81 
4063	105 
4064	100 
4065	241 
4066	66 
4067	291 
4068	315 
4069	210 
4070	280 
4071	78 
4072	237 
4073	105 
4074	141 
4075	263 
4076	228 
4077	221 
4078	23 
4079	17 
4080	302 
4081	273 
4082	310 
4083	271 
4084	8 
4085	184 
4086	192 
4087	119 
4088	243 
4089	22 
4090	35 
4091	298 
4092	190 
4093	106 
4094	235 
4095	61 
4096	53 
4097	292 
4098	212 
4099	85 
4100	269 
4101	291 
4102	309 
4103	194 
4104	155 
4105	254 
4106	212 
4107	47 
4108	68 
4109	157 
4110	4 
4111	122 
4112	106 
4113	123 
4114	119 
4115	21 
4116	144 
4117	131 
4118	126 
4119	108 
4120	23 
4121	30 
4122	112 
4123	162 
4124	263 
4125	154 
4126	279 
4127	41 
4128	14 
4129	2 
4130	169 
4131	219 
4132	15 
4133	170 
4134	141 
4135	210 
4136	26 
4137	298 
4138	183 
4139	106 
4140	168 
4141	241 
4142	109 
4143	35 
4144	94 
4145	114 
4146	275 
4147	163 
4148	215 
4149	209 
4150	251 
4151	174 
4152	285 
4153	227 
4154	123 
4155	43 
4156	183 
4157	247 
4158	86 
4159	167 
4160	326 
4161	323 
4162	280 
4163	169 
4164	304 
4165	155 
4166	246 
4167	82 
4168	219 
4169	62 
4170	252 
4171	170 
4172	291 
4173	114 
4174	203 
4175	119 
4176	302 
4177	331 
4178	179 
4179	19 
4180	165 
4181	333 
4182	75 
4183	138 
4184	224 
4185	245 
4186	183 
4187	142 
4188	1 
4189	285 
4190	224 
4191	203 
4192	77 
4193	3 
4194	84 
4195	300 
4196	278 
4197	191 
4198	230 
4199	162 
4200	61 
4201	25 
4202	7 
4203	284 
4204	328 
4205	38 
4206	251 
4207	202 
4208	2 
4209	11 
4210	39 
4211	148 
4212	248 
4213	1 
4214	141 
4215	266 
4216	108 
4217	245 
4218	84 
4219	137 
4220	252 
4221	57 
4222	208 
4223	291 
4224	261 
4225	306 
4226	298 
4227	317 
4228	202 
4229	40 
4230	223 
4231	176 
4232	163 
4233	331 
4234	191 
4235	280 
4236	192 
4237	243 
4238	267 
4239	266 
4240	48 
4241	92 
4242	209 
4243	322 
4244	86 
4245	318 
4246	192 
4247	336 
4248	187 
4249	204 
4250	8 
4251	310 
4252	244 
4253	175 
4254	215 
4255	178 
4256	118 
4257	141 
4258	264 
4259	165 
4260	89 
4261	25 
4262	188 
4263	275 
4264	108 
4265	125 
4266	173 
4267	232 
4268	90 
4269	318 
4270	40 
4271	315 
4272	252 
4273	212 
4274	179 
4275	111 
4276	120 
4277	70 
4278	162 
4279	324 
4280	222 
4281	201 
4282	65 
4283	211 
4284	250 
4285	104 
4286	202 
4287	334 
4288	277 
4289	337 
4290	172 
4291	331 
4292	76 
4293	35 
4294	76 
4295	84 
4296	260 
4297	318 
4298	114 
4299	334 
4300	77 
4301	109 
4302	159 
4303	284 
4304	219 
4305	63 
4306	63 
4307	40 
4308	275 
4309	305 
4310	221 
4311	29 
4312	198 
4313	175 
4314	26 
4315	53 
4316	287 
4317	314 
4318	235 
4319	148 
4320	17 
4321	303 
4322	235 
4323	61 
4324	128 
4325	280 
4326	26 
4327	42 
4328	254 
4329	225 
4330	182 
4331	217 
4332	60 
4333	56 
4334	58 
4335	63 
4336	213 
4337	122 
4338	296 
4339	180 
4340	131 
4341	256 
4342	175 
4343	271 
4344	241 
4345	284 
4346	202 
4347	255 
4348	261 
4349	279 
4350	53 
4351	30 
4352	286 
4353	274 
4354	293 
4355	38 
4356	50 
4357	192 
4358	183 
4359	116 
4360	334 
4361	172 
4362	130 
4363	287 
4364	89 
4365	324 
4366	50 
4367	28 
4368	179 
4369	108 
4370	123 
4371	13 
4372	86 
4373	112 
4374	103 
4375	246 
4376	66 
4377	306 
4378	284 
4379	80 
4380	62 
4381	298 
4382	239 
4383	330 
4384	144 
4385	171 
4386	85 
4387	120 
4388	106 
4389	241 
4390	180 
4391	244 
4392	85 
4393	68 
4394	186 
4395	61 
4396	213 
4397	298 
4398	222 
4399	258 
4400	191 
4401	81 
4402	220 
4403	144 
4404	119 
4405	251 
4406	172 
4407	258 
4408	293 
4409	318 
4410	275 
4411	79 
4412	40 
4413	148 
4414	5 
4415	292 
4416	157 
4417	180 
4418	243 
4419	293 
4420	297 
4421	230 
4422	169 
4423	280 
4424	311 
4425	32 
4426	174 
4427	203 
4428	75 
4429	2 
4430	325 
4431	28 
4432	62 
4433	290 
4434	305 
4435	246 
4436	141 
4437	296 
4438	274 
4439	2 
4440	228 
4441	248 
4442	163 
4443	76 
4444	18 
4445	292 
4446	75 
4447	140 
4448	55 
4449	96 
4450	234 
4451	300 
4452	190 
4453	88 
4454	247 
4455	36 
4456	77 
4457	326 
4458	11 
4459	238 
4460	329 
4461	205 
4462	250 
4463	221 
4464	298 
4465	118 
4466	311 
4467	129 
4468	66 
4469	221 
4470	235 
4471	242 
4472	105 
4473	171 
4474	232 
4475	228 
4476	290 
4477	171 
4478	80 
4479	22 
4480	173 
4481	99 
4482	125 
4483	306 
4484	116 
4485	56 
4486	172 
4487	86 
4488	22 
4489	325 
4490	215 
4491	143 
4492	104 
4493	171 
4494	222 
4495	87 
4496	198 
4497	219 
4498	33 
4499	17 
4500	224 
4501	309 
4502	302 
4503	27 
4504	312 
4505	10 
4506	270 
4507	56 
4508	230 
4509	171 
4510	47 
4511	123 
4512	242 
4513	78 
4514	52 
4515	87 
4516	80 
4517	141 
4518	91 
4519	223 
4520	111 
4521	125 
4522	173 
4523	280 
4524	89 
4525	148 
4526	131 
4527	75 
4528	104 
4529	103 
4530	234 
4531	113 
4532	212 
4533	313 
4534	71 
4535	49 
4536	241 
4537	304 
4538	90 
4539	71 
4540	321 
4541	316 
4542	96 
4543	324 
4544	145 
4545	23 
4546	86 
4547	262 
4548	337 
4549	55 
4550	95 
4551	19 
4552	269 
4553	304 
4554	208 
4555	94 
4556	77 
4557	264 
4558	96 
4559	9 
4560	286 
4561	243 
4562	19 
4563	136 
4564	285 
4565	19 
4566	165 
4567	85 
4568	326 
4569	174 
4570	317 
4571	32 
4572	215 
4573	213 
4574	228 
4575	105 
4576	262 
4577	269 
4578	24 
4579	213 
4580	82 
4581	180 
4582	95 
4583	156 
4584	1 
4585	203 
4586	42 
4587	87 
4588	204 
4589	330 
4590	65 
4591	224 
4592	256 
4593	173 
4594	32 
4595	278 
4596	305 
4597	260 
4598	89 
4599	300 
4600	16 
4601	58 
4602	251 
4603	269 
4604	324 
4605	328 
4606	224 
4607	157 
4608	247 
4609	105 
4610	229 
4611	309 
4612	224 
4613	242 
4614	265 
4615	269 
4616	54 
4617	125 
4618	49 
4619	192 
4620	120 
4621	14 
4622	96 
4623	75 
4624	185 
4625	292 
4626	228 
4627	82 
4628	61 
4629	38 
4630	193 
4631	263 
4632	133 
4633	313 
4634	226 
4635	112 
4636	132 
4637	187 
4638	38 
4639	292 
4640	11 
4641	165 
4642	95 
4643	293 
4644	35 
4645	155 
4646	36 
4647	105 
4648	215 
4649	282 
4650	163 
4651	104 
4652	197 
4653	246 
4654	62 
4655	289 
4656	2 
4657	198 
4658	239 
4659	38 
4660	191 
4661	303 
4662	36 
4663	41 
4664	241 
4665	77 
4666	283 
4667	79 
4668	55 
4669	188 
4670	289 
4671	134 
4672	213 
4673	225 
4674	42 
4675	126 
4676	185 
4677	152 
4678	270 
4679	21 
4680	78 
4681	81 
4682	124 
4683	145 
4684	315 
4685	305 
4686	62 
4687	106 
4688	228 
4689	239 
4690	164 
4691	146 
4692	305 
4693	206 
4694	162 
4695	114 
4696	155 
4697	51 
4698	155 
4699	272 
4700	253 
4701	99 
4702	219 
4703	68 
4704	306 
4705	131 
4706	290 
4707	298 
4708	23 
4709	125 
4710	335 
4711	292 
4712	240 
4713	222 
4714	184 
4715	196 
4716	14 
4717	3 
4718	170 
4719	86 
4720	226 
4721	302 
4722	308 
4723	2 
4724	78 
4725	21 
4726	330 
4727	335 
4728	112 
4729	219 
4730	112 
4731	192 
4732	1 
4733	226 
4734	64 
4735	186 
4736	326 
4737	243 
4738	30 
4739	73 
4740	140 
4741	53 
4742	274 
4743	190 
4744	304 
4745	42 
4746	260 
4747	185 
4748	160 
4749	280 
4750	240 
4751	252 
4752	205 
4753	242 
4754	171 
4755	186 
4756	154 
4757	258 
4758	156 
4759	201 
4760	285 
4761	189 
4762	254 
4763	131 
4764	19 
4765	319 
4766	96 
4767	112 
4768	333 
4769	237 
4770	118 
4771	140 
4772	280 
4773	20 
4774	274 
4775	160 
4776	278 
4777	213 
4778	5 
4779	293 
4780	13 
4781	172 
4782	256 
4783	93 
4784	298 
4785	170 
4786	256 
4787	286 
4788	134 
4789	135 
4790	158 
4791	195 
4792	126 
4793	228 
4794	270 
4795	171 
4796	44 
4797	124 
4798	242 
4799	42 
4800	263 
4801	52 
4802	69 
4803	273 
4804	230 
4805	32 
4806	52 
4807	129 
4808	98 
4809	245 
4810	116 
4811	311 
4812	279 
4813	54 
4814	206 
4815	274 
4816	331 
4817	85 
4818	215 
4819	114 
4820	78 
4821	80 
4822	304 
4823	85 
4824	269 
4825	232 
4826	38 
4827	1 
4828	238 
4829	90 
4830	128 
4831	283 
4832	26 
4833	239 
4834	311 
4835	52 
4836	331 
4837	61 
4838	57 
4839	155 
4840	86 
4841	264 
4842	266 
4843	143 
4844	20 
4845	55 
4846	306 
4847	324 
4848	307 
4849	172 
4850	287 
4851	90 
4852	264 
4853	156 
4854	157 
4855	73 
4856	204 
4857	178 
4858	197 
4859	287 
4860	187 
4861	38 
4862	195 
4863	36 
4864	23 
4865	24 
4866	86 
4867	9 
4868	235 
4869	94 
4870	243 
4871	106 
4872	29 
4873	176 
4874	259 
4875	279 
4876	241 
4877	285 
4878	303 
4879	65 
4880	298 
4881	264 
4882	133 
4883	136 
4884	159 
4885	288 
4886	126 
4887	333 
4888	194 
4889	21 
4890	269 
4891	42 
4892	285 
4893	235 
4894	47 
4895	64 
4896	61 
4897	53 
4898	238 
4899	235 
4900	25 
4901	90 
4902	227 
4903	313 
4904	338 
4905	12 
4906	114 
4907	324 
4908	261 
4909	120 
4910	96 
4911	40 
4912	104 
4913	306 
4914	103 
4915	98 
4916	166 
4917	59 
4918	313 
4919	20 
4920	287 
4921	183 
4922	78 
4923	213 
4924	108 
4925	165 
4926	302 
4927	279 
4928	273 
4929	57 
4930	233 
4931	42 
4932	313 
4933	203 
4934	196 
4935	262 
4936	37 
4937	220 
4938	2 
4939	210 
4940	288 
4941	201 
4942	333 
4943	173 
4944	303 
4945	131 
4946	28 
4947	87 
4948	49 
4949	37 
4950	239 
4951	137 
4952	78 
4953	263 
4954	263 
4955	172 
4956	90 
4957	251 
4958	275 
4959	36 
4960	18 
4961	88 
4962	269 
4963	106 
4964	14 
4965	253 
4966	79 
4967	56 
4968	273 
4969	29 
4970	164 
4971	263 
4972	328 
4973	238 
4974	202 
4975	83 
4976	142 
4977	111 
4978	206 
4979	111 
4980	227 
4981	133 
4982	325 
4983	183 
4984	123 
4985	64 
4986	328 
4987	122 
4988	42 
4989	96 
4990	204 
4991	100 
4992	32 
4993	127 
4994	153 
4995	225 
4996	156 
4997	287 
4998	131 
4999	184 
5000	133 
5001	156 
5002	47 
5003	124 
5004	234 
5005	125 
5006	106 
5007	246 
5008	219 
5009	127 
5010	16 
5011	233 
5012	257 
5013	206 
5014	241 
5015	85 
5016	157 
5017	256 
5018	310 
5019	37 
5020	111 
5021	132 
5022	127 
5023	301 
5024	197 
5025	184 
5026	185 
5027	98 
5028	313 
5029	275 
5030	269 
5031	333 
5032	217 
5033	225 
5034	253 
5035	158 
5036	225 
5037	38 
5038	213 
5039	43 
5040	266 
5041	173 
5042	48 
5043	156 
5044	1 
5045	217 
5046	23 
5047	239 
5048	118 
5049	114 
5050	240 
5051	91 
5052	132 
5053	295 
5054	62 
5055	58 
5056	4 
5057	151 
5058	25 
5059	71 
5060	235 
5061	20 
5062	166 
5063	338 
5064	283 
5065	4 
5066	24 
5067	231 
5068	298 
5069	49 
5070	3 
5071	292 
5072	154 
5073	154 
5074	197 
5075	26 
5076	40 
5077	261 
5078	288 
5079	241 
5080	194 
5081	90 
5082	330 
5083	57 
5084	16 
5085	135 
5086	326 
5087	123 
5088	61 
5089	58 
5090	334 
5091	287 
5092	130 
5093	78 
5094	25 
5095	320 
5096	253 
5097	33 
5098	243 
5099	82 
5100	123 
5101	196 
5102	330 
5103	85 
5104	24 
5105	255 
5106	173 
5107	246 
5108	41 
5109	61 
5110	143 
5111	198 
5112	2 
5113	286 
5114	37 
5115	171 
5116	292 
5117	319 
5118	262 
5119	176 
5120	112 
5121	225 
5122	260 
5123	213 
5124	140 
5125	251 
5126	29 
5127	38 
5128	312 
5129	266 
5130	281 
5131	143 
5132	135 
5133	111 
5134	164 
5135	236 
5136	192 
5137	92 
5138	320 
5139	306 
5140	264 
5141	156 
5142	85 
5143	47 
5144	312 
5145	136 
5146	8 
5147	178 
5148	174 
5149	254 
5150	274 
5151	184 
5152	52 
5153	318 
5154	281 
5155	229 
5156	275 
5157	138 
5158	228 
5159	270 
5160	195 
5161	165 
5162	14 
5163	38 
5164	26 
5165	198 
5166	265 
5167	106 
5168	84 
5169	335 
5170	287 
5171	166 
5172	313 
5173	176 
5174	108 
5175	2 
5176	12 
5177	165 
5178	4 
5179	304 
5180	259 
5181	220 
5182	162 
5183	191 
5184	11 
5185	71 
5186	205 
5187	15 
5188	127 
5189	148 
5190	198 
5191	185 
5192	171 
5193	145 
5194	301 
5195	275 
5196	94 
5197	245 
5198	235 
5199	81 
5200	8 
5201	78 
5202	265 
5203	235 
5204	111 
5205	335 
5206	262 
5207	237 
5208	333 
5209	103 
5210	106 
5211	288 
5212	5 
5213	180 
5214	213 
5215	155 
5216	95 
5217	69 
5218	85 
5219	210 
5220	309 
5221	232 
5222	191 
5223	210 
5224	135 
5225	172 
5226	273 
5227	26 
5228	157 
5229	167 
5230	297 
5231	305 
5232	275 
5233	194 
5234	213 
5235	15 
5236	330 
5237	234 
5238	187 
5239	130 
5240	234 
5241	146 
5242	253 
5243	105 
5244	21 
5245	167 
5246	73 
5247	238 
5248	224 
5249	190 
5250	228 
5251	157 
5252	171 
5253	58 
5254	198 
5255	198 
5256	255 
5257	134 
5258	155 
5259	140 
5260	310 
5261	332 
5262	221 
5263	21 
5264	201 
5265	52 
5266	151 
5267	305 
5268	194 
5269	230 
5270	264 
5271	68 
5272	37 
5273	212 
5274	62 
5275	73 
5276	56 
5277	251 
5278	89 
5279	153 
5280	81 
5281	212 
5282	57 
5283	53 
5284	171 
5285	208 
5286	99 
5287	42 
5288	40 
5289	258 
5290	331 
5291	156 
5292	63 
5293	26 
5294	63 
5295	313 
5296	239 
5297	42 
5298	198 
5299	210 
5300	296 
5301	267 
5302	219 
5303	302 
5304	178 
5305	286 
5306	160 
5307	159 
5308	303 
5309	252 
5310	278 
5311	151 
5312	7 
5313	329 
5314	253 
5315	174 
5316	234 
5317	292 
5318	81 
5319	26 
5320	53 
5321	23 
5322	164 
5323	264 
5324	254 
5325	244 
5326	146 
5327	171 
5328	279 
5329	238 
5330	193 
5331	308 
5332	221 
5333	331 
5334	47 
5335	224 
5336	84 
5337	120 
5338	71 
5339	240 
5340	148 
5341	122 
5342	317 
5343	330 
5344	290 
5345	267 
5346	284 
5347	263 
5348	57 
5349	201 
5350	191 
5351	219 
5352	36 
5353	206 
5354	8 
5355	85 
5356	73 
5357	279 
5358	299 
5359	283 
5360	9 
5361	24 
5362	87 
5363	112 
5364	281 
5365	307 
5366	38 
5367	311 
5368	191 
5369	155 
5370	135 
5371	132 
5372	337 
5373	206 
5374	183 
5375	90 
5376	127 
5377	32 
5378	319 
5379	236 
5380	174 
5381	173 
5382	7 
5383	118 
5384	233 
5385	30 
5386	63 
5387	232 
5388	41 
5389	203 
5390	108 
5391	138 
5392	242 
5393	193 
5394	22 
5395	245 
5396	10 
5397	205 
5398	190 
5399	138 
5400	53 
5401	217 
5402	44 
5403	26 
5404	179 
5405	328 
5406	241 
5407	312 
5408	321 
5409	153 
5410	309 
5411	160 
5412	201 
5413	186 
5414	29 
5415	180 
5416	264 
5417	317 
5418	38 
5419	297 
5420	80 
5421	262 
5422	264 
5423	330 
5424	310 
5425	79 
5426	160 
5427	213 
5428	56 
5429	178 
5430	167 
5431	318 
5432	248 
5433	65 
5434	155 
5435	153 
5436	68 
5437	162 
5438	280 
5439	70 
5440	171 
5441	278 
5442	125 
5443	42 
5444	142 
5445	215 
5446	244 
5447	192 
5448	203 
5449	171 
5450	81 
5451	311 
5452	243 
5453	127 
5454	217 
5455	81 
5456	38 
5457	62 
5458	176 
5459	127 
5460	160 
5461	90 
5462	159 
5463	263 
5464	210 
5465	287 
5466	93 
5467	130 
5468	106 
5469	86 
5470	219 
5471	324 
5472	320 
5473	160 
5474	261 
5475	330 
5476	82 
5477	331 
5478	57 
5479	311 
5480	59 
5481	225 
5482	333 
5483	138 
5484	3 
5485	87 
5486	106 
5487	87 
5488	180 
5489	114 
5490	56 
5491	231 
5492	319 
5493	245 
5494	255 
5495	94 
5496	23 
5497	68 
5498	255 
5499	321 
5500	3 
5501	90 
5502	308 
5503	83 
5504	32 
5505	122 
5506	248 
5507	195 
5508	240 
5509	195 
5510	320 
5511	86 
5512	10 
5513	35 
5514	194 
5515	187 
5516	310 
5517	286 
5518	26 
5519	224 
5520	186 
5521	68 
5522	88 
5523	326 
5524	74 
5525	333 
5526	201 
5527	22 
5528	93 
5529	160 
5530	251 
5531	99 
5532	307 
5533	292 
5534	257 
5535	153 
5536	40 
5537	41 
5538	90 
5539	86 
5540	120 
5541	21 
5542	226 
5543	87 
5544	180 
5545	217 
5546	224 
5547	218 
5548	171 
5549	1 
5550	128 
5551	204 
5552	243 
5553	78 
5554	306 
5555	142 
5556	132 
5557	269 
5558	194 
5559	318 
5560	334 
5561	292 
5562	159 
5563	129 
5564	95 
5565	127 
5566	235 
5567	213 
5568	83 
5569	211 
5570	54 
5571	116 
5572	83 
5573	326 
5574	122 
5575	333 
5576	219 
5577	95 
5578	155 
5579	288 
5580	123 
5581	36 
5582	306 
5583	286 
5584	65 
5585	92 
5586	333 
5587	49 
5588	74 
5589	272 
5590	187 
5591	252 
5592	16 
5593	172 
5594	27 
5595	95 
5596	300 
5597	231 
5598	7 
5599	165 
5600	275 
5601	1 
5602	258 
5603	257 
5604	24 
5605	92 
5606	24 
5607	227 
5608	171 
5609	315 
5610	242 
5611	98 
5612	43 
5613	232 
5614	135 
5615	19 
5616	8 
5617	264 
5618	16 
5619	311 
5620	285 
5621	214 
5622	253 
5623	129 
5624	184 
5625	103 
5626	224 
5627	37 
5628	151 
5629	71 
5630	179 
5631	98 
5632	104 
5633	25 
5634	180 
5635	238 
5636	79 
5637	13 
5638	90 
5639	326 
5640	303 
5641	49 
5642	251 
5643	96 
5644	157 
5645	258 
5646	242 
5647	204 
5648	49 
5649	314 
5650	94 
5651	275 
5652	136 
5653	302 
5654	172 
5655	2 
5656	86 
5657	100 
5658	297 
5659	260 
5660	2 
5661	43 
5662	43 
5663	145 
5664	2 
5665	20 
5666	106 
5667	130 
5668	330 
5669	321 
5670	88 
5671	248 
5672	95 
5673	106 
5674	220 
5675	8 
5676	321 
5677	265 
5678	66 
5679	26 
5680	63 
5681	198 
5682	296 
5683	40 
5684	296 
5685	278 
5686	127 
5687	86 
5688	42 
5689	11 
5690	208 
5691	331 
5692	228 
5693	265 
5694	321 
5695	117 
5696	211 
5697	87 
5698	267 
5699	203 
5700	167 
5701	280 
5702	326 
5703	138 
5704	226 
5705	105 
5706	212 
5707	329 
5708	305 
5709	286 
5710	192 
5711	232 
5712	241 
5713	206 
5714	79 
5715	98 
5716	76 
5717	255 
5718	265 
5719	325 
5720	264 
5721	267 
5722	171 
5723	13 
5724	286 
5725	92 
5726	274 
5727	237 
5728	316 
5729	320 
5730	242 
5731	300 
5732	228 
5733	2 
5734	232 
5735	162 
5736	250 
5737	128 
5738	145 
5739	246 
5740	120 
5741	335 
5742	130 
5743	2 
5744	1 
5745	11 
5746	185 
5747	138 
5748	38 
5749	214 
5750	225 
5751	198 
5752	40 
5753	83 
5754	274 
5755	99 
5756	81 
5757	265 
5758	47 
5759	240 
5760	156 
5761	194 
5762	61 
5763	278 
5764	154 
5765	331 
5766	239 
5767	79 
5768	204 
5769	201 
5770	105 
5771	263 
5772	96 
5773	250 
5774	132 
5775	232 
5776	93 
5777	22 
5778	282 
5779	174 
5780	288 
5781	127 
5782	259 
5783	309 
5784	82 
5785	278 
5786	88 
5787	25 
5788	321 
5789	79 
5790	338 
5791	313 
5792	243 
5793	65 
5794	297 
5795	167 
5796	219 
5797	85 
5798	105 
5799	153 
5800	136 
5801	1 
5802	180 
5803	49 
5804	44 
5805	329 
5806	1 
5807	265 
5808	236 
5809	253 
5810	316 
5811	19 
5812	179 
5813	160 
5814	141 
5815	110 
5816	313 
5817	239 
5818	129 
5819	297 
5820	316 
5821	81 
5822	213 
5823	193 
5824	329 
5825	321 
5826	258 
5827	257 
5828	258 
5829	10 
5830	306 
5831	193 
5832	261 
5833	243 
5834	131 
5835	212 
5836	215 
5837	135 
5838	256 
5839	315 
5840	179 
5841	47 
5842	228 
5843	185 
5844	274 
5845	307 
5846	305 
5847	282 
5848	104 
5849	57 
5850	57 
5851	286 
5852	65 
5853	114 
5854	82 
5855	269 
5856	36 
5857	301 
5858	289 
5859	53 
5860	201 
5861	43 
5862	57 
5863	70 
5864	40 
5865	174 
5866	120 
5867	326 
5868	262 
5869	194 
5870	116 
5871	53 
5872	108 
5873	321 
5874	37 
5875	131 
5876	201 
5877	214 
5878	301 
5879	56 
5880	47 
5881	39 
5882	324 
5883	157 
5884	38 
5885	26 
5886	49 
5887	275 
5888	330 
5889	54 
5890	5 
5891	38 
5892	230 
5893	318 
5894	26 
5895	2 
5896	4 
5897	257 
5898	213 
5899	32 
5900	330 
5901	214 
5902	21 
5903	225 
5904	95 
5905	108 
5906	138 
5907	93 
5908	96 
5909	331 
5910	305 
5911	331 
5912	264 
5913	171 
5914	287 
5915	131 
5916	224 
5917	235 
5918	1 
5919	106 
5920	86 
5921	300 
5922	42 
5923	155 
5924	114 
5925	95 
5926	53 
5927	180 
5928	94 
5929	183 
5930	52 
5931	111 
5932	214 
5933	255 
5934	201 
5935	111 
5936	323 
5937	267 
5938	248 
5939	41 
5940	74 
5941	198 
5942	326 
5943	320 
5944	157 
5945	293 
5946	165 
5947	27 
5948	320 
5949	63 
5950	124 
5951	215 
5952	330 
5953	163 
5954	117 
5955	85 
5956	288 
5957	125 
5958	334 
5959	92 
5960	274 
5961	125 
5962	14 
5963	174 
5964	279 
5965	47 
5966	143 
5967	171 
5968	243 
5969	1 
5970	80 
5971	62 
5972	180 
5973	10 
5974	319 
5975	221 
5976	68 
5977	242 
5978	39 
5979	241 
5980	320 
5981	280 
5982	239 
5983	211 
5984	285 
5985	83 
5986	162 
5987	87 
5988	264 
5989	112 
5990	100 
5991	226 
5992	83 
5993	248 
5994	282 
5995	261 
5996	330 
5997	334 
5998	279 
5999	87 
6000	183 
6001	87 
6002	205 
6003	92 
6004	334 
6005	29 
6006	306 
6007	281 
6008	266 
6009	337 
6010	8 
6011	269 
6012	224 
6013	57 
6014	2 
6015	129 
6016	317 
6017	166 
6018	293 
6019	197 
6020	129 
6021	185 
6022	15 
6023	114 
6024	79 
6025	151 
6026	159 
6027	211 
6028	25 
6029	135 
6030	141 
6031	4 
6032	287 
6033	296 
6034	203 
6035	15 
6036	308 
6037	90 
6038	45 
6039	83 
6040	132 
6041	320 
6042	57 
6043	145 
6044	156 
6045	233 
6046	264 
6047	82 
6048	260 
6049	309 
6050	290 
6051	78 
6052	10 
6053	130 
6054	176 
6055	39 
6056	69 
6057	50 
6058	242 
6059	138 
6060	303 
6061	281 
6062	258 
6063	5 
6064	325 
6065	79 
6066	19 
6067	141 
6068	194 
6069	302 
6070	1 
6071	41 
6072	178 
6073	224 
6074	96 
6075	263 
6076	264 
6077	184 
6078	11 
6079	323 
6080	136 
6081	22 
6082	204 
6083	13 
6084	279 
6085	153 
6086	156 
6087	113 
6088	234 
6089	160 
6090	281 
6091	110 
6092	32 
6093	290 
6094	190 
6095	256 
6096	215 
6097	244 
6098	148 
6099	68 
6100	79 
6101	104 
6102	273 
6103	70 
6104	231 
6105	111 
6106	157 
6107	50 
6108	60 
6109	22 
6110	78 
6111	15 
6112	275 
6113	100 
6114	297 
6115	3 
6116	57 
6117	79 
6118	292 
6119	289 
6120	86 
6121	23 
6122	245 
6123	117 
6124	198 
6125	178 
6126	258 
6127	54 
6128	297 
6129	202 
6130	263 
6131	191 
6132	258 
6133	133 
6134	92 
6135	49 
6136	55 
6137	66 
6138	304 
6139	136 
6140	130 
6141	25 
6142	326 
6143	213 
6144	30 
6145	48 
6146	240 
6147	263 
6148	122 
6149	251 
6150	132 
6151	13 
6152	252 
6153	96 
6154	26 
6155	155 
6156	94 
6157	125 
6158	317 
6159	315 
6160	202 
6161	288 
6162	174 
6163	112 
6164	311 
6165	256 
6166	174 
6167	265 
6168	101 
6169	280 
6170	225 
6171	183 
6172	61 
6173	108 
6174	275 
6175	239 
6176	292 
6177	36 
6178	337 
6179	185 
6180	33 
6181	298 
6182	186 
6183	231 
6184	54 
6185	53 
6186	203 
6187	83 
6188	201 
6189	192 
6190	36 
6191	47 
6192	106 
6193	101 
6194	314 
6195	106 
6196	194 
6197	263 
6198	82 
6199	89 
6200	215 
6201	69 
6202	174 
6203	270 
6204	53 
6205	228 
6206	103 
6207	282 
6208	217 
6209	187 
6210	308 
6211	125 
6212	87 
6213	151 
6214	60 
6215	153 
6216	63 
6217	323 
6218	306 
6219	228 
6220	39 
6221	157 
6222	164 
6223	157 
6224	248 
6225	281 
6226	169 
6227	315 
6228	101 
6229	263 
6230	174 
6231	191 
6232	87 
6233	21 
6234	164 
6235	38 
6236	125 
6237	116 
6238	278 
6239	49 
6240	156 
6241	5 
6242	41 
6243	246 
6244	215 
6245	110 
6246	25 
6247	326 
6248	105 
6249	301 
6250	113 
6251	33 
6252	125 
6253	113 
6254	13 
6255	258 
6256	55 
6257	214 
6258	323 
6259	236 
6260	198 
6261	130 
6262	230 
6263	198 
6264	135 
6265	125 
6266	40 
6267	280 
6268	2 
6269	48 
6270	8 
6271	138 
6272	252 
6273	292 
6274	253 
6275	281 
6276	70 
6277	301 
6278	82 
6279	23 
6280	104 
6281	73 
6282	179 
6283	81 
6284	272 
6285	133 
6286	192 
6287	265 
6288	324 
6289	172 
6290	151 
6291	77 
6292	53 
6293	304 
6294	330 
6295	66 
6296	3 
6297	319 
6298	325 
6299	23 
6300	156 
6301	201 
6302	309 
6303	83 
6304	156 
6305	224 
6306	195 
6307	202 
6308	55 
6309	303 
6310	205 
6311	79 
6312	159 
6313	81 
6314	288 
6315	304 
6316	153 
6317	298 
6318	241 
6319	123 
6320	179 
6321	270 
6322	32 
6323	21 
6324	334 
6325	57 
6326	143 
6327	165 
6328	183 
6329	211 
6330	225 
6331	242 
6332	286 
6333	174 
6334	335 
6335	263 
6336	270 
6337	29 
6338	215 
6339	288 
6340	333 
6341	330 
6342	169 
6343	210 
6344	157 
6345	112 
6346	178 
6347	132 
6348	160 
6349	243 
6350	275 
6351	233 
6352	174 
6353	2 
6354	318 
6355	96 
6356	307 
6357	315 
6358	270 
6359	230 
6360	300 
6361	106 
6362	324 
6363	38 
6364	185 
6365	245 
6366	269 
6367	130 
6368	260 
6369	32 
6370	101 
6371	245 
6372	135 
6373	96 
6374	292 
6375	280 
6376	89 
6377	145 
6378	85 
6379	241 
6380	201 
6381	145 
6382	133 
6383	32 
6384	73 
6385	90 
6386	214 
6387	253 
6388	272 
6389	106 
6390	326 
6391	187 
6392	282 
6393	242 
6394	298 
6395	171 
6396	300 
6397	296 
6398	257 
6399	99 
6400	289 
6401	264 
6402	8 
6403	42 
6404	282 
6405	228 
6406	250 
6407	29 
6408	156 
6409	104 
6410	230 
6411	1 
6412	112 
6413	246 
6414	191 
6415	309 
6416	305 
6417	306 
6418	288 
6419	303 
6420	334 
6421	60 
6422	169 
6423	132 
6424	202 
6425	98 
6426	155 
6427	81 
6428	323 
6429	281 
6430	192 
6431	263 
6432	1 
6433	114 
6434	77 
6435	176 
6436	232 
6437	138 
6438	220 
6439	68 
6440	10 
6441	227 
6442	265 
6443	66 
6444	267 
6445	334 
6446	307 
6447	37 
6448	326 
6449	331 
6450	238 
6451	230 
6452	35 
6453	83 
6454	189 
6455	75 
6456	162 
6457	131 
6458	70 
6459	300 
6460	174 
6461	82 
6462	133 
6463	219 
6464	119 
6465	162 
6466	62 
6467	49 
6468	130 
6469	125 
6470	47 
6471	325 
6472	33 
6473	329 
6474	330 
6475	111 
6476	321 
6477	264 
6478	174 
6479	103 
6480	73 
6481	180 
6482	238 
6483	330 
6484	286 
6485	171 
6486	131 
6487	55 
6488	298 
6489	288 
6490	170 
6491	228 
6492	131 
6493	193 
6494	119 
6495	40 
6496	10 
6497	104 
6498	220 
6499	130 
6500	90 
6501	22 
6502	206 
6503	235 
6504	224 
6505	25 
6506	77 
6507	251 
6508	171 
6509	226 
6510	247 
6511	208 
6512	45 
6513	265 
6514	180 
6515	70 
6516	251 
6517	330 
6518	251 
6519	205 
6520	5 
6521	42 
6522	85 
6523	183 
6524	213 
6525	263 
6526	153 
6527	260 
6528	258 
6529	222 
6530	173 
6531	23 
6532	70 
6533	66 
6534	30 
6535	13 
6536	98 
6537	242 
6538	258 
6539	68 
6540	304 
6541	292 
6542	141 
6543	245 
6544	65 
6545	245 
6546	307 
6547	330 
6548	70 
6549	155 
6550	35 
6551	129 
6552	302 
6553	280 
6554	165 
6555	255 
6556	192 
6557	156 
6558	198 
6559	331 
6560	238 
6561	230 
6562	274 
6563	304 
6564	82 
6565	82 
6566	187 
6567	63 
6568	232 
6569	288 
6570	265 
6571	57 
6572	62 
6573	169 
6574	332 
6575	89 
6576	191 
6577	231 
6578	165 
6579	233 
6580	236 
6581	332 
6582	93 
6583	243 
6584	316 
6585	231 
6586	42 
6587	85 
6588	174 
6589	278 
6590	105 
6591	212 
6592	301 
6593	256 
6594	10 
6595	259 
6596	198 
6597	218 
6598	93 
6599	85 
6600	202 
6601	230 
6602	42 
6603	261 
6604	191 
6605	263 
6606	66 
6607	26 
6608	171 
6609	153 
6610	215 
6611	143 
6612	68 
6613	94 
6614	282 
6615	103 
6616	296 
6617	235 
6618	311 
6619	333 
6620	264 
6621	87 
6622	305 
6623	48 
6624	205 
6625	79 
6626	25 
6627	75 
6628	25 
6629	243 
6630	74 
6631	239 
6632	329 
6633	280 
6634	314 
6635	57 
6636	333 
6637	213 
6638	178 
6639	171 
6640	285 
6641	108 
6642	201 
6643	119 
6644	68 
6645	323 
6646	65 
6647	307 
6648	148 
6649	176 
6650	264 
6651	44 
6652	86 
6653	190 
6654	63 
6655	310 
6656	235 
6657	201 
6658	258 
6659	85 
6660	300 
6661	60 
6662	180 
6663	89 
6664	136 
6665	33 
6666	265 
6667	33 
6668	162 
6669	292 
6670	288 
6671	166 
6672	332 
6673	3 
6674	172 
6675	130 
6676	260 
6677	170 
6678	155 
6679	13 
6680	230 
6681	165 
6682	169 
6683	330 
6684	111 
6685	19 
6686	333 
6687	125 
6688	261 
6689	60 
6690	68 
6691	235 
6692	131 
6693	80 
6694	174 
6695	114 
6696	122 
6697	49 
6698	38 
6699	234 
6700	251 
6701	180 
6702	71 
6703	217 
6704	286 
6705	66 
6706	116 
6707	81 
6708	23 
6709	292 
6710	127 
6711	106 
6712	98 
6713	47 
6714	228 
6715	25 
6716	85 
6717	211 
6718	80 
6719	105 
6720	41 
6721	174 
6722	185 
6723	3 
6724	60 
6725	155 
6726	225 
6727	14 
6728	307 
6729	25 
6730	79 
6731	14 
6732	29 
6733	301 
6734	338 
6735	89 
6736	326 
6737	159 
6738	32 
6739	160 
6740	3 
6741	36 
6742	242 
6743	203 
6744	235 
6745	269 
6746	245 
6747	192 
6748	98 
6749	228 
6750	280 
6751	42 
6752	251 
6753	192 
6754	2 
6755	26 
6756	180 
6757	214 
6758	81 
6759	172 
6760	224 
6761	286 
6762	301 
6763	85 
6764	69 
6765	230 
6766	8 
6767	186 
6768	117 
6769	79 
6770	293 
6771	243 
6772	245 
6773	131 
6774	201 
6775	83 
6776	221 
6777	160 
6778	288 
6779	48 
6780	127 
6781	281 
6782	190 
6783	263 
6784	300 
6785	82 
6786	111 
6787	280 
6788	93 
6789	157 
6790	1 
6791	21 
6792	171 
6793	13 
6794	320 
6795	129 
6796	98 
6797	45 
6798	228 
6799	125 
6800	235 
6801	157 
6802	122 
6803	73 
6804	230 
6805	250 
6806	251 
6807	304 
6808	42 
6809	292 
6810	160 
6811	138 
6812	95 
6813	334 
6814	104 
6815	218 
6816	330 
6817	185 
6818	141 
6819	133 
6820	226 
6821	157 
6822	281 
6823	39 
6824	238 
6825	38 
6826	65 
6827	259 
6828	8 
6829	251 
6830	212 
6831	169 
6832	129 
6833	68 
6834	334 
6835	321 
6836	244 
6837	62 
6838	263 
6839	132 
6840	61 
6841	37 
6842	156 
6843	279 
6844	288 
6845	130 
6846	215 
6847	306 
6848	174 
6849	289 
6850	219 
6851	68 
6852	183 
6853	263 
6854	219 
6855	252 
6856	145 
6857	326 
6858	55 
6859	213 
6860	38 
6861	131 
6862	123 
6863	213 
6864	123 
6865	129 
6866	85 
6867	39 
6868	77 
6869	96 
6870	140 
6871	198 
6872	129 
6873	62 
6874	78 
6875	202 
6876	43 
6877	217 
6878	79 
6879	73 
6880	22 
6881	129 
6882	169 
6883	258 
6884	131 
6885	157 
6886	300 
6887	133 
6888	338 
6889	166 
6890	252 
6891	53 
6892	70 
6893	218 
6894	39 
6895	281 
6896	234 
6897	242 
6898	138 
6899	165 
6900	164 
6901	243 
6902	233 
6903	94 
6904	162 
6905	251 
6906	279 
6907	103 
6908	205 
6909	330 
6910	246 
6911	275 
6912	166 
6913	123 
6914	198 
6915	140 
6916	47 
6917	122 
6918	123 
6919	125 
6920	286 
6921	242 
6922	4 
6923	75 
6924	23 
6925	212 
6926	314 
6927	111 
6928	201 
6929	71 
6930	279 
6931	16 
6932	236 
6933	261 
6934	306 
6935	95 
6936	230 
6937	135 
6938	148 
6939	246 
6940	218 
6941	143 
6942	36 
6943	52 
6944	201 
6945	243 
6946	61 
6947	70 
6948	7 
6949	125 
6950	240 
6951	242 
6952	39 
6953	305 
6954	79 
6955	219 
6956	38 
6957	85 
6958	286 
6959	198 
6960	40 
6961	171 
6962	233 
6963	131 
6964	125 
6965	194 
6966	240 
6967	329 
6968	123 
6969	235 
6970	125 
6971	26 
6972	235 
6973	304 
6974	227 
6975	195 
6976	75 
6977	108 
6978	117 
6979	39 
6980	280 
6981	292 
6982	217 
6983	183 
6984	60 
6985	256 
6986	263 
6987	258 
6988	306 
6989	338 
6990	89 
6991	251 
6992	201 
6993	14 
6994	280 
6995	37 
6996	215 
6997	129 
6998	164 
6999	186 
7000	169 
7001	14 
7002	25 
7003	5 
7004	79 
7005	305 
7006	23 
7007	55 
7008	120 
7009	171 
7010	36 
7011	217 
7012	285 
7013	258 
7014	79 
7015	25 
7016	80 
7017	215 
7018	165 
7019	69 
7020	245 
7021	42 
7022	87 
7023	308 
7024	54 
7025	238 
7026	61 
7027	236 
7028	219 
7029	25 
7030	240 
7031	112 
7032	279 
7033	81 
7034	122 
7035	57 
7036	138 
7037	71 
7038	306 
7039	54 
7040	171 
7041	132 
7042	25 
7043	282 
7044	212 
7045	78 
7046	76 
7047	186 
7048	85 
7049	274 
7050	113 
7051	324 
7052	239 
7053	69 
7054	179 
7055	68 
7056	319 
7057	111 
7058	274 
7059	62 
7060	280 
7061	66 
7062	292 
7063	148 
7064	76 
7065	57 
7066	90 
7067	1 
7068	331 
7069	301 
7070	314 
7071	85 
7072	156 
7073	73 
7074	297 
7075	68 
7076	25 
7077	186 
7078	306 
7079	68 
7080	105 
7081	43 
7082	7 
7083	235 
7084	63 
7085	306 
7086	120 
7087	79 
7088	251 
7089	274 
7090	238 
7091	219 
7092	160 
7093	215 
7094	170 
7095	317 
7096	213 
7097	123 
7098	98 
7099	226 
7100	162 
7101	278 
7102	21 
7103	10 
7104	263 
7105	274 
7106	221 
7107	52 
7108	63 
7109	311 
7110	242 
7111	89 
7112	247 
7113	162 
7114	189 
7115	52 
7116	68 
7117	275 
7118	264 
7119	162 
7120	305 
7121	179 
7122	192 
7123	172 
7124	133 
7125	131 
7126	213 
7127	247 
7128	62 
7129	242 
7130	218 
7131	120 
7132	244 
7133	4 
7134	230 
7135	95 
7136	35 
7137	140 
7138	65 
7139	311 
7140	300 
7141	187 
7142	221 
7143	69 
7144	106 
7145	122 
7146	258 
7147	108 
7148	287 
7149	122 
7150	44 
7151	211 
7152	204 
7153	239 
7154	333 
7155	89 
7156	43 
7157	119 
7158	8 
7159	76 
7160	24 
7161	269 
7162	245 
7163	192 
7164	98 
7165	208 
7166	131 
7167	32 
7168	95 
7169	3 
7170	178 
7171	260 
7172	228 
7173	179 
7174	245 
7175	61 
7176	264 
7177	281 
7178	145 
7179	105 
7180	141 
7181	129 
7182	260 
7183	258 
7184	47 
7185	214 
7186	106 
7187	219 
7188	287 
7189	227 
7190	317 
7191	252 
7192	292 
7193	338 
7194	44 
7195	21 
7196	247 
7197	193 
7198	250 
7199	213 
7200	130 
7201	298 
7202	288 
7203	80 
7204	53 
7205	95 
7206	335 
7207	93 
7208	213 
7209	32 
7210	2 
7211	221 
7212	26 
7213	96 
7214	95 
7215	274 
7216	70 
7217	49 
7218	87 
7219	202 
7220	279 
7221	280 
7222	2 
7223	163 
7224	264 
7225	148 
7226	5 
7227	178 
7228	324 
7229	96 
7230	251 
7231	274 
7232	280 
7233	63 
7234	75 
7235	239 
7236	265 
7237	135 
7238	120 
7239	285 
7240	96 
7241	280 
7242	170 
7243	320 
7244	162 
7245	205 
7246	54 
7247	326 
7248	224 
7249	202 
7250	49 
7251	119 
7252	193 
7253	195 
7254	165 
7255	201 
7256	111 
7257	76 
7258	169 
7259	52 
7260	153 
7261	319 
7262	187 
7263	26 
7264	293 
7265	171 
7266	334 
7267	274 
7268	170 
7269	66 
7270	257 
7271	321 
7272	269 
7273	227 
7274	113 
7275	14 
7276	334 
7277	319 
7278	264 
7279	78 
7280	132 
7281	33 
7282	57 
7283	38 
7284	314 
7285	8 
7286	87 
7287	79 
7288	55 
7289	105 
7290	208 
7291	93 
7292	79 
7293	208 
7294	145 
7295	247 
7296	140 
7297	54 
7298	287 
7299	4 
7300	165 
7301	68 
7302	61 
7303	245 
7304	170 
7305	81 
7306	305 
7307	71 
7308	71 
7309	228 
7310	79 
7311	129 
7312	160 
7313	326 
7314	280 
7315	225 
7316	90 
7317	289 
7318	233 
7319	274 
7320	306 
7321	114 
7322	79 
7323	32 
7324	316 
7325	87 
7326	247 
7327	235 
7328	281 
7329	218 
7330	228 
7331	263 
7332	190 
7333	117 
7334	261 
7335	185 
7336	83 
7337	131 
7338	298 
7339	117 
7340	301 
7341	301 
7342	172 
7343	66 
7344	57 
7345	282 
7346	247 
7347	32 
7348	32 
7349	47 
7350	311 
7351	61 
7352	129 
7353	77 
7354	171 
7355	317 
7356	2 
7357	292 
7358	244 
7359	141 
7360	257 
7361	250 
7362	289 
7363	73 
7364	25 
7365	8 
7366	306 
7367	187 
7368	278 
7369	135 
7370	222 
7371	171 
7372	245 
7373	63 
7374	8 
7375	160 
7376	90 
7377	57 
7378	132 
7379	313 
7380	33 
7381	219 
7382	251 
7383	156 
7384	165 
7385	221 
7386	333 
7387	141 
7388	130 
7389	105 
7390	52 
7391	82 
7392	70 
7393	155 
7394	198 
7395	145 
7396	201 
7397	41 
7398	145 
7399	250 
7400	33 
7401	303 
7402	66 
7403	162 
7404	77 
7405	14 
7406	187 
7407	293 
7408	338 
7409	300 
7410	227 
7411	296 
7412	251 
7413	232 
7414	162 
7415	316 
7416	151 
7417	86 
7418	78 
7419	22 
7420	205 
7421	68 
7422	157 
7423	127 
7424	257 
7425	157 
7426	245 
7427	80 
7428	159 
7429	90 
7430	307 
7431	257 
7432	269 
7433	65 
7434	221 
7435	52 
7436	43 
7437	212 
7438	169 
7439	33 
7440	194 
7441	153 
7442	212 
7443	238 
7444	238 
7445	245 
7446	143 
7447	148 
7448	135 
7449	179 
7450	78 
7451	329 
7452	103 
7453	95 
7454	326 
7455	174 
7456	318 
7457	125 
7458	288 
7459	171 
7460	185 
7461	280 
7462	240 
7463	313 
7464	275 
7465	298 
7466	230 
7467	7 
7468	304 
7469	52 
7470	245 
7471	33 
7472	66 
7473	234 
7474	242 
7475	311 
7476	179 
7477	264 
7478	225 
7479	37 
7480	232 
7481	95 
7482	307 
7483	143 
7484	2 
7485	297 
7486	103 
7487	38 
7488	256 
7489	114 
7490	324 
7491	42 
7492	26 
7493	171 
7494	286 
7495	171 
7496	297 
7497	214 
7498	162 
7499	333 
7500	83 
7501	25 
7502	42 
7503	176 
7504	96 
7505	250 
7506	164 
7507	180 
7508	179 
7509	25 
7510	263 
7511	252 
7512	1 
7513	162 
7514	151 
7515	25 
7516	210 
7517	93 
7518	160 
7519	22 
7520	42 
7521	224 
7522	235 
7523	85 
7524	257 
7525	37 
7526	129 
7527	37 
7528	93 
7529	71 
7530	117 
7531	174 
7532	180 
7533	36 
7534	36 
7535	81 
7536	130 
7537	76 
7538	313 
7539	89 
7540	228 
7541	194 
7542	239 
7543	186 
7544	85 
7545	68 
7546	300 
7547	198 
7548	135 
7549	218 
7550	201 
7551	190 
7552	33 
7553	333 
7554	130 
7555	87 
7556	286 
7557	23 
7558	49 
7559	236 
7560	314 
7561	96 
7562	185 
7563	274 
7564	125 
7565	8 
7566	292 
7567	82 
7568	274 
7569	245 
7570	57 
7571	26 
7572	68 
7573	317 
7574	258 
7575	90 
7576	98 
7577	53 
7578	243 
7579	333 
7580	235 
7581	304 
7582	37 
7583	163 
7584	22 
7585	57 
7586	227 
7587	151 
7588	221 
7589	133 
7590	234 
7591	127 
7592	303 
7593	82 
7594	80 
7595	220 
7596	296 
7597	85 
7598	190 
7599	61 
7600	10 
7601	235 
7602	40 
7603	155 
7604	314 
7605	8 
7606	104 
7607	83 
7608	239 
7609	263 
7610	171 
7611	261 
7612	282 
7613	280 
7614	22 
7615	214 
7616	307 
7617	296 
7618	292 
7619	293 
7620	70 
7621	198 
7622	296 
7623	280 
7624	231 
7625	62 
7626	208 
7627	8 
7628	256 
7629	303 
7630	333 
7631	16 
7632	1 
7633	37 
7634	320 
7635	178 
7636	222 
7637	195 
7638	2 
7639	243 
7640	301 
7641	211 
7642	63 
7643	304 
7644	307 
7645	304 
7646	56 
7647	25 
7648	289 
7649	130 
7650	122 
7651	57 
7652	153 
7653	287 
7654	298 
7655	155 
7656	138 
7657	66 
7658	151 
7659	193 
7660	304 
7661	68 
7662	16 
7663	197 
7664	300 
7665	85 
7666	33 
7667	321 
7668	305 
7669	117 
7670	309 
7671	264 
7672	95 
7673	23 
7674	239 
7675	220 
7676	111 
7677	127 
7678	219 
7679	305 
7680	63 
7681	241 
7682	141 
7683	122 
7684	317 
7685	224 
7686	256 
7687	85 
7688	61 
7689	307 
7690	135 
7691	225 
7692	280 
7693	191 
7694	326 
7695	288 
7696	96 
7697	230 
7698	247 
7699	326 
7700	111 
7701	241 
7702	85 
7703	198 
7704	76 
7705	25 
7706	71 
7707	133 
7708	165 
7709	63 
7710	111 
7711	253 
7712	141 
7713	106 
7714	330 
7715	16 
7716	307 
7717	2 
7718	326 
7719	164 
7720	179 
7721	87 
7722	239 
7723	203 
7724	201 
7725	190 
7726	96 
7727	233 
7728	228 
7729	324 
7730	172 
7731	148 
7732	250 
7733	230 
7734	38 
7735	244 
7736	52 
7737	260 
7738	274 
7739	205 
7740	39 
7741	25 
7742	297 
7743	56 
7744	96 
7745	194 
7746	224 
7747	10 
7748	5 
7749	24 
7750	211 
7751	313 
7752	274 
7753	330 
7754	205 
7755	178 
7756	86 
7757	169 
7758	53 
7759	40 
7760	85 
7761	136 
7762	25 
7763	96 
7764	71 
7765	239 
7766	305 
7767	220 
7768	14 
7769	286 
7770	224 
7771	79 
7772	300 
7773	197 
7774	133 
7775	73 
7776	292 
7777	292 
7778	297 
7779	81 
7780	298 
7781	108 
7782	304 
7783	3 
7784	191 
7785	113 
7786	54 
7787	232 
7788	194 
7789	123 
7790	117 
7791	76 
7792	263 
7793	170 
7794	93 
7795	82 
7796	98 
7797	311 
7798	303 
7799	33 
7800	218 
7801	82 
7802	96 
7803	93 
7804	256 
7805	105 
7806	127 
7807	230 
7808	53 
7809	89 
7810	264 
7811	57 
7812	96 
7813	326 
7814	217 
7815	230 
7816	129 
7817	26 
7818	251 
7819	32 
7820	5 
7821	303 
7822	90 
7823	282 
7824	329 
7825	198 
7826	8 
7827	228 
7828	203 
7829	172 
7830	16 
7831	292 
7832	224 
7833	307 
7834	1 
7835	60 
7836	129 
7837	43 
7838	222 
7839	96 
7840	198 
7841	208 
7842	25 
7843	176 
7844	83 
7845	87 
7846	79 
7847	70 
7848	215 
7849	106 
7850	306 
7851	258 
7852	106 
7853	49 
7854	54 
7855	111 
7856	10 
7857	215 
7858	307 
7859	85 
7860	338 
7861	42 
7862	244 
7863	263 
7864	219 
7865	81 
7866	191 
7867	23 
7868	193 
7869	235 
7870	221 
7871	117 
7872	145 
7873	215 
7874	83 
7875	214 
7876	69 
7877	317 
7878	60 
7879	286 
7880	89 
7881	73 
7882	53 
7883	157 
7884	292 
7885	219 
7886	191 
7887	214 
7888	47 
7889	66 
7890	164 
7891	194 
7892	162 
7893	26 
7894	217 
7895	334 
7896	122 
7897	169 
7898	140 
7899	24 
7900	53 
7901	274 
7902	238 
7903	313 
7904	214 
7905	231 
7906	24 
7907	63 
7908	162 
7909	202 
7910	278 
7911	208 
7912	85 
7913	221 
7914	172 
7915	265 
7916	44 
7917	264 
7918	203 
7919	49 
7920	264 
7921	25 
7922	191 
7923	231 
7924	90 
7925	86 
7926	151 
7927	164 
7928	298 
7929	68 
7930	215 
7931	164 
7932	279 
7933	280 
7934	214 
7935	130 
7936	280 
7937	140 
7938	247 
7939	83 
7940	275 
7941	304 
7942	311 
7943	98 
7944	98 
7945	279 
7946	243 
7947	285 
7948	334 
7949	82 
7950	157 
7951	193 
7952	111 
7953	330 
7954	42 
7955	70 
7956	68 
7957	165 
7958	136 
7959	113 
7960	1 
7961	69 
7962	47 
7963	265 
7964	239 
7965	73 
7966	90 
7967	57 
7968	198 
7969	138 
7970	120 
7971	190 
7972	215 
7973	80 
7974	108 
7975	1 
7976	214 
7977	129 
7978	274 
7979	321 
7980	220 
7981	318 
7982	247 
7983	280 
7984	264 
7985	242 
7986	77 
7987	214 
7988	286 
7989	21 
7990	289 
7991	256 
7992	300 
7993	151 
7994	241 
7995	192 
7996	39 
7997	78 
7998	192 
7999	187 
8000	198 
8001	79 
8002	40 
8003	70 
8004	217 
8005	297 
8006	98 
8007	278 
8008	151 
8009	212 
8010	194 
8011	42 
8012	215 
8013	16 
8014	179 
8015	80 
8016	1 
8017	178 
8018	297 
8019	62 
8020	3 
8021	90 
8022	66 
8023	311 
8024	213 
8025	108 
8026	104 
8027	238 
8028	112 
8029	123 
8030	218 
8031	256 
8032	186 
8033	24 
8034	187 
8035	165 
8036	169 
8037	111 
8038	241 
8039	215 
8040	131 
8041	198 
8042	228 
8043	85 
8044	264 
8045	40 
8046	165 
8047	129 
8048	113 
8049	111 
8050	172 
8051	61 
8052	1 
8053	122 
8054	228 
8055	285 
8056	112 
8057	138 
8058	140 
8059	186 
8060	289 
8061	53 
8062	120 
8063	42 
8064	279 
8065	39 
8066	220 
8067	321 
8068	220 
8069	210 
8070	185 
8071	33 
8072	218 
8073	213 
8074	264 
8075	313 
8076	192 
8077	178 
8078	286 
8079	321 
8080	96 
8081	73 
8082	122 
8083	217 
8084	217 
8085	324 
8086	171 
8087	331 
8088	264 
8089	203 
8090	222 
8091	186 
8092	179 
8093	313 
8094	176 
8095	170 
8096	304 
8097	265 
8098	143 
8099	185 
8100	76 
8101	235 
8102	43 
8103	193 
8104	40 
8105	193 
8106	47 
8107	239 
8108	286 
8109	145 
8110	210 
8111	25 
8112	26 
8113	252 
8114	105 
8115	80 
8116	333 
8117	193 
8118	274 
8119	140 
8120	264 
8121	306 
8122	210 
8123	252 
8124	37 
8125	179 
8126	221 
8127	324 
8128	39 
8129	192 
8130	203 
8131	174 
8132	136 
8133	232 
8134	243 
8135	309 
8136	306 
8137	76 
8138	292 
8139	180 
8140	105 
8141	293 
8142	219 
8143	279 
8144	281 
8145	183 
8146	165 
8147	42 
8148	76 
8149	307 
8150	85 
8151	215 
8152	179 
8153	32 
8154	16 
8155	3 
8156	151 
8157	334 
8158	93 
8159	66 
8160	85 
8161	180 
8162	3 
8163	244 
8164	298 
8165	278 
8166	303 
8167	194 
8168	307 
8169	140 
8170	26 
8171	153 
8172	53 
8173	231 
8174	230 
8175	179 
8176	78 
8177	82 
8178	53 
8179	77 
8180	61 
8181	274 
8182	49 
8183	42 
8184	281 
8185	334 
8186	245 
8187	127 
8188	213 
8189	82 
8190	83 
8191	242 
8192	155 
8193	156 
8194	296 
8195	333 
8196	130 
8197	305 
8198	279 
8199	220 
8200	297 
8201	85 
8202	114 
8203	25 
8204	212 
8205	198 
8206	303 
8207	73 
8208	247 
8209	78 
8210	285 
8211	1 
8212	104 
8213	156 
8214	285 
8215	303 
8216	111 
8217	201 
8218	57 
8219	90 
8220	42 
8221	112 
8222	125 
8223	87 
8224	108 
8225	292 
8226	317 
8227	297 
8228	292 
8229	300 
8230	297 
8231	241 
8232	145 
8233	222 
8234	90 
8235	140 
8236	40 
8237	148 
8238	63 
8239	169 
8240	296 
8241	187 
8242	192 
8243	16 
8244	321 
8245	3 
8246	80 
8247	127 
8248	282 
8249	321 
8250	192 
8251	3 
8252	104 
8253	141 
8254	280 
8255	235 
8256	279 
8257	138 
8258	241 
8259	127 
8260	43 
8261	98 
8262	217 
8263	82 
8264	105 
8265	160 
8266	157 
8267	307 
8268	307 
8269	242 
8270	224 
8271	288 
8272	201 
8273	170 
8274	68 
8275	324 
8276	274 
8277	247 
8278	148 
8279	87 
8280	292 
8281	86 
8282	224 
8283	122 
8284	119 
8285	53 
8286	238 
8287	87 
8288	40 
8289	330 
8290	187 
8291	221 
8292	304 
8293	286 
8294	263 
8295	198 
8296	191 
8297	279 
8298	98 
8299	63 
8300	225 
8301	157 
8302	13 
8303	77 
8304	256 
8305	130 
8306	40 
8307	230 
8308	53 
8309	131 
8310	165 
8311	42 
8312	324 
8313	279 
8314	53 
8315	176 
8316	214 
8317	145 
8318	79 
8319	42 
8320	127 
8321	13 
8322	239 
8323	247 
8324	174 
8325	253 
8326	330 
8327	202 
8328	135 
8329	219 
8330	193 
8331	131 
8332	114 
8333	148 
8334	25 
8335	155 
8336	261 
8337	65 
8338	225 
8339	321 
8340	10 
8341	247 
8342	219 
8343	289 
8344	156 
8345	16 
8346	317 
8347	179 
8348	63 
8349	192 
8350	40 
8351	278 
8352	333 
8353	33 
8354	136 
8355	180 
8356	230 
8357	242 
8358	130 
8359	289 
8360	66 
8361	53 
8362	251 
8363	208 
8364	85 
8365	297 
8366	263 
8367	309 
8368	187 
8369	80 
8370	192 
8371	307 
8372	2 
8373	221 
8374	213 
8375	80 
8376	96 
8377	180 
8378	156 
8379	298 
8380	330 
8381	176 
8382	303 
8383	77 
8384	36 
8385	95 
8386	82 
8387	278 
8388	232 
8389	38 
8390	330 
8391	212 
8392	203 
8393	16 
8394	127 
8395	247 
8396	230 
8397	242 
8398	213 
8399	76 
8400	235 
8401	39 
8402	136 
8403	8 
8404	252 
8405	66 
8406	293 
8407	194 
8408	108 
8409	68 
8410	29 
8411	330 
8412	263 
8413	148 
8414	26 
8415	201 
8416	256 
8417	186 
8418	39 
8419	288 
8420	108 
8421	39 
8422	241 
8423	230 
8424	162 
8425	106 
8426	180 
8427	174 
8428	256 
8429	330 
8430	138 
8431	82 
8432	105 
8433	193 
8434	174 
8435	247 
8436	26 
8437	25 
8438	123 
8439	131 
8440	258 
8441	141 
8442	71 
8443	130 
8444	26 
8445	63 
8446	87 
8447	232 
8448	296 
8449	326 
8450	261 
8451	29 
8452	261 
8453	42 
8454	164 
8455	170 
8456	98 
8457	25 
8458	281 
8459	156 
8460	138 
8461	3 
8462	191 
8463	2 
8464	90 
8465	104 
8466	37 
8467	106 
8468	279 
8469	112 
8470	164 
8471	49 
8472	90 
8473	157 
8474	36 
8475	192 
8476	258 
8477	136 
8478	40 
8479	239 
8480	247 
8481	98 
8482	222 
8483	39 
8484	127 
8485	174 
8486	78 
8487	298 
8488	52 
8489	309 
8490	16 
8491	43 
8492	98 
8493	8 
8494	324 
8495	71 
8496	172 
8497	221 
8498	130 
8499	253 
8500	83 
8501	235 
8502	164 
8503	104 
8504	43 
8505	331 
8506	26 
8507	180 
8508	263 
8509	47 
8510	186 
8511	117 
8512	230 
8513	141 
8514	8 
8515	293 
8516	330 
8517	242 
8518	305 
8519	194 
8520	296 
8521	224 
8522	155 
8523	135 
8524	105 
8525	49 
8526	297 
8527	68 
8528	129 
8529	157 
8530	136 
8531	306 
8532	326 
8533	77 
8534	129 
8535	186 
8536	103 
8537	313 
8538	303 
8539	265 
8540	68 
8541	321 
8542	122 
8543	131 
8544	157 
8545	264 
8546	324 
8547	37 
8548	303 
8549	233 
8550	131 
8551	247 
8552	78 
8553	279 
8554	151 
8555	164 
8556	239 
8557	208 
8558	264 
8559	96 
8560	26 
8561	79 
8562	104 
8563	228 
8564	298 
8565	304 
8566	140 
8567	123 
8568	155 
8569	103 
8570	263 
8571	241 
8572	235 
8573	224 
8574	258 
8575	247 
8576	292 
8577	208 
8578	135 
8579	38 
8580	263 
8581	123 
8582	279 
8583	42 
8584	77 
8585	68 
8586	247 
8587	135 
8588	23 
8589	194 
8590	82 
8591	53 
8592	304 
8593	49 
8594	305 
8595	242 
8596	8 
8597	47 
8598	85 
8599	258 
8600	43 
8601	238 
8602	98 
8603	1 
8604	174 
8605	141 
8606	133 
8607	292 
8608	23 
8609	287 
8610	135 
8611	287 
8612	230 
8613	233 
8614	26 
8615	162 
8616	247 
8617	187 
8618	104 
8619	8 
8620	217 
8621	85 
8622	148 
8623	239 
8624	141 
8625	65 
8626	235 
8627	247 
8628	279 
8629	53 
8630	98 
8631	113 
8632	125 
8633	29 
8634	171 
8635	114 
8636	111 
8637	185 
8638	108 
8639	1 
8640	171 
8641	82 
8642	311 
8643	83 
8644	263 
8645	131 
8646	38 
8647	326 
8648	32 
8649	324 
8650	198 
8651	53 
8652	212 
8653	36 
8654	306 
8655	32 
8656	245 
8657	281 
8658	174 
8659	133 
8660	85 
8661	53 
8662	73 
8663	241 
8664	113 
8665	98 
8666	194 
8667	49 
8668	39 
8669	221 
8670	264 
8671	98 
8672	29 
8673	65 
8674	119 
8675	95 
8676	40 
8677	123 
8678	198 
8679	85 
8680	219 
8681	174 
8682	52 
8683	39 
8684	324 
8685	251 
8686	304 
8687	212 
8688	247 
8689	90 
8690	241 
8691	36 
8692	23 
8693	129 
8694	288 
8695	222 
8696	125 
8697	210 
8698	239 
8699	307 
8700	186 
8701	198 
8702	297 
8703	217 
8704	136 
8705	241 
8706	23 
8707	13 
8708	61 
8709	130 
8710	275 
8711	224 
8712	106 
8713	141 
8714	288 
8715	334 
8716	313 
8717	224 
8718	317 
8719	131 
8720	38 
8721	201 
8722	286 
8723	157 
8724	42 
8725	49 
8726	331 
8727	136 
8728	160 
8729	112 
8730	71 
8731	86 
8732	317 
8733	252 
8734	253 
8735	261 
8736	221 
8737	87 
8738	1 
8739	105 
8740	251 
8741	106 
8742	155 
8743	57 
8744	156 
8745	306 
8746	16 
8747	68 
8748	53 
8749	287 
8750	68 
8751	23 
8752	170 
8753	73 
8754	104 
8755	221 
8756	274 
8757	162 
8758	71 
8759	180 
8760	141 
8761	53 
8762	279 
8763	238 
8764	130 
8765	326 
8766	191 
8767	1 
8768	37 
8769	232 
8770	62 
8771	122 
8772	305 
8773	251 
8774	263 
8775	222 
8776	123 
8777	261 
8778	221 
8779	185 
8780	183 
8781	239 
8782	165 
8783	245 
8784	40 
8785	108 
8786	23 
8787	52 
8788	235 
8789	65 
8790	214 
8791	131 
8792	108 
8793	71 
8794	252 
8795	129 
8796	86 
8797	251 
8798	201 
8799	213 
8800	326 
8801	243 
8802	114 
8803	119 
8804	119 
8805	13 
8806	278 
8807	317 
8808	233 
8809	275 
8810	153 
8811	57 
8812	95 
8813	321 
8814	129 
8815	47 
8816	117 
8817	136 
8818	221 
8819	8 
8820	165 
8821	165 
8822	170 
8823	235 
8824	26 
8825	3 
8826	306 
8827	95 
8828	53 
8829	129 
8830	224 
8831	98 
8832	238 
8833	38 
8834	298 
8835	33 
8836	156 
8837	230 
8838	62 
8839	26 
8840	131 
8841	247 
8842	265 
8843	228 
8844	38 
8845	217 
8846	114 
8847	81 
8848	287 
8849	172 
8850	180 
8851	52 
8852	82 
8853	122 
8854	180 
8855	264 
8856	39 
8857	238 
8858	334 
8859	305 
8860	201 
8861	265 
8862	40 
8863	217 
8864	29 
8865	112 
8866	95 
8867	33 
8868	148 
8869	156 
8870	164 
8871	235 
8872	80 
8873	263 
8874	68 
8875	1 
8876	233 
8877	313 
8878	117 
8879	331 
8880	333 
8881	183 
8882	274 
8883	90 
8884	307 
8885	85 
8886	8 
8887	228 
8888	140 
8889	130 
8890	198 
8891	275 
8892	228 
8893	127 
8894	26 
8895	180 
8896	65 
8897	263 
8898	187 
8899	125 
8900	42 
8901	148 
8902	119 
8903	201 
8904	112 
8905	281 
8906	313 
8907	125 
8908	36 
8909	16 
8910	233 
8911	141 
8912	313 
8913	304 
8914	40 
8915	151 
8916	57 
8917	245 
8918	296 
8919	334 
8920	68 
8921	117 
8922	148 
8923	238 
8924	40 
8925	221 
8926	63 
8927	239 
8928	251 
8929	304 
8930	279 
8931	125 
8932	287 
8933	83 
8934	2 
8935	105 
8936	307 
8937	201 
8938	122 
8939	155 
8940	228 
8941	305 
8942	239 
8943	140 
8944	305 
8945	96 
8946	242 
8947	80 
8948	275 
8949	26 
8950	138 
8951	253 
8952	130 
8953	263 
8954	288 
8955	157 
8956	307 
8957	298 
8958	212 
8959	191 
8960	42 
8961	82 
8962	156 
8963	108 
8964	140 
8965	105 
8966	288 
8967	258 
8968	95 
8969	242 
8970	228 
8971	331 
8972	63 
8973	247 
8974	245 
8975	151 
8976	304 
8977	130 
8978	8 
8979	261 
8980	304 
8981	25 
8982	87 
8983	160 
8984	292 
8985	129 
8986	66 
8987	228 
8988	326 
8989	1 
8990	264 
8991	136 
8992	280 
8993	140 
8994	90 
8995	274 
8996	87 
8997	307 
8998	297 
8999	278 
9000	135 
9001	2 
9002	334 
9003	1 
9004	187 
9005	78 
9006	26 
9007	306 
9008	303 
9009	228 
9010	215 
9011	61 
9012	130 
9013	174 
9014	136 
9015	65 
9016	217 
9017	105 
9018	119 
9019	52 
9020	62 
9021	194 
9022	165 
9023	65 
9024	306 
9025	292 
9026	186 
9027	307 
9028	243 
9029	298 
9030	194 
9031	274 
9032	125 
9033	198 
9034	252 
9035	104 
9036	111 
9037	245 
9038	245 
9039	212 
9040	138 
9041	95 
9042	263 
9043	81 
9044	85 
9045	129 
9046	71 
9047	183 
9048	251 
9049	87 
9050	79 
9051	130 
9052	3 
9053	65 
9054	304 
9055	224 
9056	8 
9057	40 
9058	105 
9059	162 
9060	253 
9061	258 
9062	286 
9063	251 
9064	198 
9065	174 
9066	57 
9067	125 
9068	172 
9069	151 
9070	238 
9071	90 
9072	214 
9073	313 
9074	42 
9075	224 
9076	136 
9077	81 
9078	123 
9079	52 
9080	156 
9081	251 
9082	106 
9083	23 
9084	219 
9085	82 
9086	61 
9087	23 
9088	73 
9089	2 
9090	215 
9091	68 
9092	185 
9093	53 
9094	68 
9095	174 
9096	252 
9097	25 
9098	253 
9099	32 
9100	303 
9101	112 
9102	82 
9103	180 
9104	279 
9105	125 
9106	62 
9107	253 
9108	127 
9109	235 
9110	79 
9111	87 
9112	141 
9113	108 
9114	230 
9115	90 
9116	63 
9117	258 
9118	303 
9119	162 
9120	305 
9121	331 
9122	258 
9123	108 
9124	183 
9125	66 
9126	230 
9127	307 
9128	214 
9129	38 
9130	174 
9131	192 
9132	165 
9133	86 
9134	151 
9135	165 
9136	52 
9137	47 
9138	53 
9139	214 
9140	23 
9141	280 
9142	247 
9143	155 
9144	104 
9145	232 
9146	90 
9147	212 
9148	95 
9149	221 
9150	170 
9151	180 
9152	183 
9153	194 
9154	213 
9155	123 
9156	141 
9157	243 
9158	61 
9159	221 
9160	183 
9161	239 
9162	98 
9163	306 
9164	96 
9165	125 
9166	87 
9167	179 
9168	243 
9169	252 
9170	183 
9171	153 
9172	326 
9173	62 
9174	136 
9175	25 
9176	238 
9177	334 
9178	141 
9179	228 
9180	136 
9181	135 
9182	119 
9183	65 
9184	25 
9185	213 
9186	212 
9187	96 
9188	61 
9189	288 
9190	191 
9191	8 
9192	52 
9193	326 
9194	122 
9195	326 
9196	42 
9197	104 
9198	61 
9199	263 
9200	140 
9201	170 
9202	265 
9203	221 
9204	213 
9205	279 
9206	162 
9207	243 
9208	47 
9209	40 
9210	191 
9211	1 
9212	135 
9213	111 
9214	3 
9215	129 
9216	25 
9217	232 
9218	165 
9219	239 
9220	279 
9221	306 
9222	32 
9223	78 
9224	47 
9225	162 
9226	264 
9227	305 
9228	130 
9229	106 
9230	286 
9231	214 
9232	36 
9233	297 
9234	1 
9235	80 
9236	106 
9237	151 
9238	330 
9239	2 
9240	306 
9241	198 
9242	252 
9243	40 
9244	331 
9245	292 
9246	165 
9247	155 
9248	49 
9249	148 
9250	243 
9251	286 
9252	333 
9253	297 
9254	228 
9255	331 
9256	82 
9257	263 
9258	228 
9259	247 
9260	112 
9261	334 
9262	68 
9263	49 
9264	187 
9265	253 
9266	80 
9267	215 
9268	162 
9269	264 
9270	105 
9271	38 
9272	183 
9273	279 
9274	279 
9275	108 
9276	66 
9277	292 
9278	213 
9279	307 
9280	155 
9281	78 
9282	286 
9283	106 
9284	171 
9285	245 
9286	292 
9287	186 
9288	162 
9289	230 
9290	68 
9291	321 
9292	191 
9293	242 
9294	214 
9295	201 
9296	125 
9297	281 
9298	38 
9299	140 
9300	52 
9301	306 
9302	224 
9303	251 
9304	217 
9305	313 
9306	326 
9307	119 
9308	280 
9309	213 
9310	215 
9311	130 
9312	258 
9313	57 
9314	304 
9315	263 
9316	251 
9317	62 
9318	306 
9319	38 
9320	129 
9321	65 
9322	221 
9323	26 
9324	95 
9325	179 
9326	232 
9327	112 
9328	232 
9329	108 
9330	129 
9331	174 
9332	62 
9333	165 
9334	85 
9335	251 
9336	130 
9337	243 
9338	155 
9339	281 
9340	123 
9341	186 
9342	52 
9343	26 
9344	305 
9345	61 
9346	123 
9347	87 
9348	127 
9349	201 
9350	82 
9351	239 
9352	119 
9353	111 
9354	174 
9355	105 
9356	38 
9357	239 
9358	123 
9359	162 
9360	131 
9361	162 
9362	183 
9363	68 
9364	243 
9365	281 
9366	49 
9367	148 
9368	78 
9369	112 
9370	157 
9371	238 
9372	79 
9373	95 
9374	187 
9375	224 
9376	23 
9377	281 
9378	131 
9379	125 
9380	232 
9381	85 
9382	63 
9383	238 
9384	148 
9385	198 
9386	105 
9387	127 
9388	96 
9389	221 
9390	187 
9391	78 
9392	53 
9393	62 
9394	136 
9395	2 
9396	127 
9397	52 
9398	165 
9399	221 
9400	68 
9401	326 
9402	131 
9403	85 
9404	174 
9405	243 
9406	180 
9407	263 
9408	87 
9409	127 
9410	242 
9411	95 
9412	241 
9413	155 
9414	25 
9415	280 
9416	38 
9417	274 
9418	215 
9419	321 
9420	80 
9421	85 
9422	224 
9423	127 
9424	141 
9425	127 
9426	165 
9427	106 
9428	80 
9429	40 
9430	112 
9431	238 
9432	281 
9433	78 
9434	96 
9435	105 
9436	331 
9437	191 
9438	79 
9439	333 
9440	239 
9441	192 
9442	192 
9443	333 
9444	219 
9445	123 
9446	251 
9447	155 
9448	251 
9449	191 
9450	198 
9451	87 
9452	38 
9453	32 
9454	201 
9455	251 
9456	235 
9457	87 
9458	2 
9459	171 
9460	219 
9461	85 
9462	243 
9463	68 
9464	274 
9465	213 
9466	65 
9467	239 
9468	186 
9469	194 
9470	148 
9471	232 
9472	331 
9473	306 
9474	230 
9475	40 
9476	217 
9477	148 
9478	230 
9479	26 
9480	241 
9481	79 
9482	165 
9483	129 
9484	274 
9485	106 
9486	280 
9487	303 
9488	192 
9489	333 
9490	174 
9491	123 
9492	238 
9493	79 
9494	303 
9495	108 
9496	53 
9497	179 
9498	281 
9499	238 
9500	213 
9501	258 
9502	68 
9503	298 
9504	105 
9505	32 
9506	187 
9507	162 
9508	288 
9509	108 
9510	306 
9511	82 
9512	171 
9513	179 
9514	63 
9515	183 
9516	135 
9517	221 
9518	174 
9519	111 
9520	157 
9521	123 
9522	274 
9523	87 
9524	228 
9525	162 
9526	96 
9527	281 
9528	81 
9529	8 
9530	258 
9531	279 
9532	213 
9533	280 
9534	258 
9535	108 
9536	155 
9537	85 
9538	131 
9539	288 
9540	213 
9541	213 
9542	326 
9543	85 
9544	305 
9545	187 
9546	333 
9547	82 
9548	148 
9549	198 
9550	155 
9551	292 
9552	219 
9553	32 
9554	165 
9555	125 
9556	174 
9557	106 
9558	87 
9559	108 
9560	232 
9561	330 
9562	281 
9563	38 
9564	85 
9565	192 
9566	53 
9567	111 
9568	263 
9569	96 
9570	280 
9571	274 
9572	274 
9573	130 
9574	307 
9575	87 
9576	263 
9577	148 
9578	186 
9579	245 
9580	258 
9581	306 
9582	172 
9583	228 
9584	68 
9585	8 
9586	79 
9587	288 
9588	219 
9589	8 
9590	79 
9591	258 
9592	191 
9593	125 
9594	304 
9595	230 
9596	174 
9597	78 
9598	333 
9599	228 
9600	105 
9601	180 
9602	155 
9603	232 
9604	172 
9605	82 
9606	57 
9607	221 
9608	131 
9609	98 
9610	162 
9611	157 
9612	213 
9613	180 
9614	63 
9615	191 
9616	304 
9617	82 
9618	53 
9619	219 
9620	141 
9621	306 
9622	86 
9623	148 
9624	274 
9625	258 
9626	264 
9627	174 
9628	25 
9629	26 
9630	251 
9631	57 
9632	85 
9633	136 
9634	330 
9635	165 
9636	165 
9637	32 
9638	157 
9639	258 
9640	192 
9641	263 
9642	264 
9643	192 
9644	8 
9645	25 
9646	280 
9647	63 
9648	280 
9649	235 
9650	307 
9651	81 
9652	304 
9653	32 
9654	125 
9655	333 
9656	224 
9657	281 
9658	251 
9659	129 
9660	8 
9661	228 
9662	230 
9663	90 
9664	57 
9665	263 
9666	85 
9667	292 
9668	307 
9669	304 
9670	245 
9671	105 
9672	264 
9673	87 
9674	42 
9675	26 
9676	79 
9677	81 
9678	1 
9679	331 
9680	108 
9681	1 
9682	23 
9683	239 
9684	292 
9685	172 
9686	304 
9687	280 
9688	264 
9689	53 
9690	129 
9691	213 
9692	180 
9693	40 
9694	251 
9695	86 
9696	96 
9697	165 
9698	23 
9699	264 
9700	280 
9701	280 
9702	157 
9703	230 
9704	81 
9705	201 
9706	79 
9707	57 
9708	198 
9709	42 
9710	57 
9711	87 
9712	288 
9713	333 
9714	258 
9715	292 
9716	157 
9717	174 
9718	42 
9719	26 
9720	179 
9721	279 
9722	239 
9723	239 
9724	215 
9725	68 
9726	288 
9727	213 
9728	215 
9729	40 
9730	68 
9731	292 
9732	307 
9733	307 
9734	82 
9735	243 
9736	333 
9737	106 
9738	235 
9739	179 
9740	239 
9741	26 
9742	258 
9743	131 
9744	224 
9745	238 
9746	331 
9747	245 
9748	174 
9749	213 
9750	279 
9751	213 
9752	245 
9753	63 
9754	26 
9755	243 
9756	123 
9757	292 
9758	201 
9759	264 
9760	224 
9761	191 
9762	171 
9763	40 
9764	42 
9765	263 
9766	238 
9767	171 
9768	326 
9769	228 
9770	201 
9771	263 
9772	243 
9773	230 
9774	130 
9775	106 
9776	32 
9777	79 
9778	198 
9779	219 
9780	245 
9781	191 
9782	108 
9783	243 
9784	326 
9785	180 
9786	215 
9787	79 
9788	279 
9789	68 
9790	57 
9791	157 
9792	174 
9793	125 
9794	90 
9795	264 
9796	213 
9797	191 
9798	1 
9799	57 
9800	57 
9801	108 
9802	57 
9803	326 
9804	179 
9805	57 
9806	201 
9807	171 
9808	131 
9809	38 
9810	171 
9811	68 
9812	87 
9813	131 
9814	57 
9815	38 
9816	251 
9817	96 
9818	228 
9819	279 
9820	32 
9821	180 
9822	38 
9823	87 
9824	238 
9825	32 
9826	130 
9827	215 
9828	228 
9829	129 
9830	79 
9831	165 
9832	157 
9833	180 
9834	326 
9835	125 
9836	38 
9837	26 
9838	213 
9839	90 
9840	171 
9841	230 
9842	40 
9843	40 
9844	235 
9845	79 
9846	87 
9847	292 
9848	292 
9849	131 
9850	105 
9851	105 
9852	330 
9853	171 
9854	8 
9855	174 
9856	174 
9857	105 
9858	264 
9859	264 
9860	274 
9861	239 
9862	263 
9863	90 
9864	129 
9865	251 
9866	38 
9867	326 
9868	85 
9869	230 
9870	125 
9871	130 
9872	274 
9873	165 
9874	87 
9875	280 
9876	106 
9877	326 
9878	96 
9879	85 
9880	263 
9881	63 
9882	171 
9883	263 
9884	251 
9885	90 
9886	82 
9887	105 
9888	326 
9889	213 
9890	243 
9891	251 
9892	129 
9893	263 
9894	42 
9895	228 
9896	87 
9897	87 
9898	106 
9899	63 
9900	38 
9901	96 
9902	63 
9903	165 
9904	68 
9905	162 
9906	82 
9907	251 
9908	171 
9909	26 
9910	38 
9911	162 
9912	85 
9913	105 
9914	85 
9915	213 
9916	38 
9917	131 
9918	57 
9919	79 
9920	32 
9921	239 
9922	25 
9923	258 
9924	123 
9925	230 
9926	258 
9927	162 
9928	53 
9929	125 
9930	130 
9931	165 
9932	130 
9933	258 
9934	243 
9935	106 
9936	108 
9937	68 
9938	87 
9939	40 
9940	274 
9941	129 
9942	79 
9943	87 
9944	274 
9945	230 
9946	40 
9947	90 
9948	279 
9949	129 
9950	38 
9951	230 
9952	174 
9953	42 
9954	68 
9955	243 
9956	79 
9957	32 
9958	90 
9959	96 
9960	264 
9961	162 
9962	171 
9963	306 
9964	251 
9965	157 
9966	96 
9967	228 
9968	180 
9969	87 
9970	82 
9971	68 
9972	174 
9973	326 
9974	32 
9975	174 
9976	243 
9977	279 
9978	174 
9979	87 
9980	53 
9981	280 
9982	85 
9983	198 
9984	162 
9985	162 
9986	1 
9987	79 
9988	85 
9989	230 
9990	213 
9991	32 
9992	32 
9993	230 
9994	106 
9995	171 
9996	53 
9997	263 
9998	25 
9999	1 
10000	279 
