1	24 
2	284 
3	196 
4	10 
5	148 
6	1 
7	232 
8	232 
9	43 
10	199 
11	27 
12	80 
13	135 
14	141 
15	194 
16	191 
17	64 
18	236 
19	224 
20	89 
21	83 
22	227 
23	240 
24	258 
25	133 
26	225 
27	280 
28	26 
29	23 
30	69 
31	7 
32	144 
33	15 
34	104 
35	177 
36	283 
37	151 
38	51 
39	281 
40	78 
41	284 
42	45 
43	9 
44	234 
45	160 
46	285 
47	275 
48	99 
49	9 
50	176 
51	222 
52	66 
53	186 
54	118 
55	81 
56	219 
57	33 
58	53 
59	185 
60	73 
61	273 
62	245 
63	97 
64	223 
65	140 
66	201 
67	121 
68	137 
69	68 
70	293 
71	28 
72	176 
73	136 
74	68 
75	222 
76	160 
77	70 
78	15 
79	182 
80	276 
81	130 
82	191 
83	236 
84	261 
85	276 
86	33 
87	191 
88	242 
89	285 
90	240 
91	59 
92	19 
93	275 
94	8 
95	96 
96	9 
97	126 
98	182 
99	294 
100	179 
101	151 
102	27 
103	94 
104	81 
105	265 
106	298 
107	116 
108	232 
109	228 
110	90 
111	293 
112	146 
113	276 
114	280 
115	79 
116	125 
117	202 
118	67 
119	89 
120	236 
121	282 
122	160 
123	232 
124	243 
125	93 
126	233 
127	186 
128	221 
129	53 
130	188 
131	244 
132	179 
133	88 
134	49 
135	9 
136	201 
137	191 
138	67 
139	195 
140	120 
141	29 
142	99 
143	138 
144	252 
145	149 
146	125 
147	219 
148	157 
149	27 
150	289 
151	288 
152	78 
153	135 
154	174 
155	27 
156	285 
157	70 
158	186 
159	99 
160	155 
161	296 
162	65 
163	286 
164	278 
165	49 
166	41 
167	43 
168	99 
169	274 
170	164 
171	104 
172	229 
173	171 
174	216 
175	118 
176	109 
177	60 
178	240 
179	216 
180	296 
181	289 
182	3 
183	160 
184	175 
185	96 
186	133 
187	119 
188	171 
189	27 
190	102 
191	120 
192	30 
193	1 
194	107 
195	266 
196	276 
197	216 
198	33 
199	289 
200	82 
201	278 
202	36 
203	171 
204	205 
205	291 
206	23 
207	246 
208	248 
209	171 
210	141 
211	205 
212	133 
213	220 
214	105 
215	214 
216	195 
217	216 
218	175 
219	283 
220	164 
221	6 
222	247 
223	7 
224	293 
225	138 
226	141 
227	225 
228	79 
229	264 
230	123 
231	45 
232	190 
233	157 
234	137 
235	22 
236	110 
237	19 
238	259 
239	186 
240	259 
241	35 
242	237 
243	34 
244	81 
245	70 
246	40 
247	284 
248	171 
249	29 
250	164 
251	95 
252	115 
253	114 
254	197 
255	227 
256	132 
257	160 
258	238 
259	214 
260	221 
261	293 
262	10 
263	95 
264	1 
265	97 
266	280 
267	196 
268	221 
269	7 
270	32 
271	53 
272	154 
273	116 
274	128 
275	276 
276	147 
277	288 
278	49 
279	113 
280	23 
281	259 
282	67 
283	204 
284	227 
285	118 
286	143 
287	9 
288	70 
289	159 
290	225 
291	188 
292	69 
293	23 
294	119 
295	86 
296	251 
297	259 
298	294 
299	68 
300	141 
301	252 
302	294 
303	20 
304	274 
305	79 
306	214 
307	197 
308	232 
309	167 
310	225 
311	117 
312	275 
313	139 
314	65 
315	165 
316	194 
317	110 
318	240 
319	174 
320	18 
321	247 
322	107 
323	103 
324	73 
325	104 
326	232 
327	167 
328	162 
329	44 
330	77 
331	276 
332	127 
333	130 
334	118 
335	240 
336	113 
337	63 
338	75 
339	284 
340	66 
341	231 
342	192 
343	297 
344	30 
345	240 
346	293 
347	280 
348	99 
349	44 
350	6 
351	154 
352	21 
353	227 
354	50 
355	155 
356	229 
357	284 
358	287 
359	286 
360	246 
361	123 
362	219 
363	234 
364	66 
365	239 
366	45 
367	104 
368	146 
369	197 
370	126 
371	286 
372	109 
373	291 
374	74 
375	43 
376	105 
377	43 
378	201 
379	266 
380	164 
381	296 
382	250 
383	176 
384	271 
385	211 
386	242 
387	89 
388	45 
389	18 
390	199 
391	12 
392	74 
393	195 
394	107 
395	46 
396	171 
397	78 
398	254 
399	30 
400	264 
401	20 
402	115 
403	164 
404	297 
405	19 
406	224 
407	278 
408	15 
409	222 
410	217 
411	229 
412	298 
413	118 
414	222 
415	241 
416	264 
417	120 
418	293 
419	18 
420	22 
421	251 
422	79 
423	160 
424	5 
425	215 
426	60 
427	32 
428	226 
429	275 
430	195 
431	99 
432	263 
433	219 
434	160 
435	1 
436	155 
437	191 
438	155 
439	27 
440	74 
441	6 
442	267 
443	176 
444	3 
445	227 
446	41 
447	78 
448	27 
449	260 
450	191 
451	99 
452	3 
453	235 
454	170 
455	261 
456	230 
457	263 
458	101 
459	254 
460	220 
461	221 
462	38 
463	63 
464	36 
465	219 
466	214 
467	164 
468	107 
469	28 
470	103 
471	233 
472	69 
473	9 
474	276 
475	17 
476	259 
477	109 
478	200 
479	85 
480	79 
481	118 
482	111 
483	251 
484	197 
485	131 
486	149 
487	79 
488	70 
489	177 
490	240 
491	21 
492	186 
493	102 
494	282 
495	66 
496	259 
497	139 
498	171 
499	22 
500	102 
501	175 
502	214 
503	179 
504	44 
505	135 
506	74 
507	105 
508	111 
509	214 
510	34 
511	285 
512	284 
513	79 
514	43 
515	205 
516	44 
517	102 
518	70 
519	219 
520	219 
521	171 
522	285 
523	92 
524	171 
525	216 
526	224 
527	183 
528	239 
529	280 
530	292 
531	243 
532	102 
533	202 
534	115 
535	35 
536	168 
537	177 
538	164 
539	255 
540	155 
541	197 
542	249 
543	172 
544	236 
545	96 
546	219 
547	64 
548	240 
549	47 
550	19 
551	221 
552	154 
553	22 
554	119 
555	160 
556	77 
557	164 
558	110 
559	1 
560	151 
561	61 
562	191 
563	284 
564	141 
565	114 
566	12 
567	240 
568	246 
569	152 
570	204 
571	24 
572	181 
573	297 
574	197 
575	142 
576	195 
577	82 
578	15 
579	15 
580	274 
581	146 
582	285 
583	99 
584	93 
585	76 
586	141 
587	123 
588	109 
589	258 
590	168 
591	44 
592	268 
593	37 
594	210 
595	210 
596	45 
597	298 
598	219 
599	219 
600	226 
601	5 
602	206 
603	149 
604	55 
605	10 
606	290 
607	219 
608	16 
609	224 
610	225 
611	176 
612	151 
613	116 
614	2 
615	276 
616	19 
617	270 
618	265 
619	83 
620	193 
621	225 
622	161 
623	167 
624	115 
625	259 
626	230 
627	198 
628	193 
629	33 
630	119 
631	98 
632	280 
633	160 
634	149 
635	164 
636	6 
637	168 
638	216 
639	159 
640	297 
641	74 
642	22 
643	15 
644	160 
645	27 
646	88 
647	260 
648	236 
649	100 
650	50 
651	129 
652	267 
653	199 
654	181 
655	212 
656	48 
657	83 
658	171 
659	34 
660	46 
661	38 
662	17 
663	270 
664	285 
665	24 
666	145 
667	190 
668	36 
669	82 
670	260 
671	225 
672	282 
673	99 
674	294 
675	82 
676	288 
677	70 
678	295 
679	243 
680	257 
681	69 
682	179 
683	82 
684	242 
685	216 
686	70 
687	101 
688	30 
689	243 
690	227 
691	150 
692	2 
693	284 
694	141 
695	117 
696	293 
697	233 
698	7 
699	59 
700	247 
701	196 
702	214 
703	130 
704	136 
705	199 
706	82 
707	206 
708	285 
709	177 
710	102 
711	140 
712	286 
713	23 
714	69 
715	23 
716	171 
717	36 
718	219 
719	5 
720	286 
721	209 
722	49 
723	128 
724	250 
725	266 
726	171 
727	20 
728	163 
729	216 
730	177 
731	172 
732	285 
733	222 
734	102 
735	1 
736	214 
737	141 
738	13 
739	24 
740	102 
741	240 
742	244 
743	27 
744	225 
745	252 
746	160 
747	287 
748	29 
749	163 
750	1 
751	70 
752	74 
753	284 
754	235 
755	99 
756	293 
757	179 
758	209 
759	23 
760	200 
761	124 
762	217 
763	146 
764	177 
765	50 
766	174 
767	250 
768	240 
769	96 
770	253 
771	16 
772	145 
773	53 
774	264 
775	264 
776	33 
777	229 
778	143 
779	253 
780	224 
781	147 
782	279 
783	298 
784	296 
785	78 
786	198 
787	19 
788	154 
789	276 
790	84 
791	163 
792	178 
793	3 
794	129 
795	81 
796	279 
797	160 
798	118 
799	197 
800	297 
801	109 
802	260 
803	42 
804	137 
805	160 
806	297 
807	191 
808	289 
809	37 
810	96 
811	84 
812	24 
813	44 
814	281 
815	123 
816	79 
817	82 
818	240 
819	264 
820	74 
821	22 
822	179 
823	224 
824	20 
825	259 
826	1 
827	195 
828	120 
829	191 
830	1 
831	121 
832	257 
833	16 
834	57 
835	117 
836	108 
837	205 
838	60 
839	175 
840	203 
841	183 
842	22 
843	281 
844	288 
845	31 
846	272 
847	99 
848	292 
849	102 
850	223 
851	212 
852	268 
853	98 
854	246 
855	160 
856	171 
857	160 
858	68 
859	213 
860	133 
861	39 
862	156 
863	179 
864	116 
865	284 
866	254 
867	266 
868	15 
869	18 
870	155 
871	55 
872	179 
873	58 
874	82 
875	138 
876	108 
877	39 
878	15 
879	35 
880	74 
881	192 
882	40 
883	87 
884	141 
885	15 
886	73 
887	76 
888	220 
889	191 
890	192 
891	88 
892	71 
893	208 
894	249 
895	57 
896	196 
897	113 
898	165 
899	64 
900	67 
901	87 
902	16 
903	210 
904	144 
905	95 
906	44 
907	40 
908	135 
909	245 
910	268 
911	168 
912	197 
913	240 
914	53 
915	138 
916	264 
917	236 
918	79 
919	289 
920	122 
921	160 
922	99 
923	219 
924	70 
925	232 
926	195 
927	108 
928	196 
929	117 
930	124 
931	298 
932	90 
933	137 
934	194 
935	190 
936	3 
937	298 
938	117 
939	37 
940	170 
941	60 
942	32 
943	212 
944	188 
945	55 
946	144 
947	125 
948	93 
949	3 
950	97 
951	211 
952	198 
953	237 
954	178 
955	145 
956	102 
957	59 
958	171 
959	280 
960	225 
961	177 
962	282 
963	297 
964	221 
965	248 
966	283 
967	216 
968	293 
969	261 
970	59 
971	161 
972	287 
973	275 
974	227 
975	129 
976	48 
977	135 
978	105 
979	23 
980	108 
981	148 
982	44 
983	217 
984	190 
985	280 
986	250 
987	25 
988	25 
989	4 
990	240 
991	243 
992	23 
993	298 
994	141 
995	44 
996	82 
997	292 
998	129 
999	144 
1000	7 
1001	86 
1002	70 
1003	73 
1004	53 
1005	288 
1006	45 
1007	231 
1008	109 
1009	106 
1010	282 
1011	250 
1012	49 
1013	74 
1014	93 
1015	224 
1016	34 
1017	132 
1018	278 
1019	264 
1020	258 
1021	138 
1022	173 
1023	23 
1024	279 
1025	67 
1026	22 
1027	44 
1028	280 
1029	289 
1030	227 
1031	34 
1032	144 
1033	280 
1034	268 
1035	118 
1036	242 
1037	156 
1038	107 
1039	247 
1040	30 
1041	121 
1042	285 
1043	184 
1044	137 
1045	276 
1046	177 
1047	68 
1048	139 
1049	118 
1050	294 
1051	153 
1052	79 
1053	216 
1054	95 
1055	268 
1056	107 
1057	152 
1058	1 
1059	76 
1060	282 
1061	44 
1062	171 
1063	196 
1064	217 
1065	216 
1066	67 
1067	164 
1068	150 
1069	7 
1070	45 
1071	22 
1072	188 
1073	117 
1074	128 
1075	141 
1076	89 
1077	141 
1078	171 
1079	274 
1080	20 
1081	244 
1082	118 
1083	197 
1084	211 
1085	100 
1086	274 
1087	116 
1088	227 
1089	99 
1090	264 
1091	18 
1092	120 
1093	148 
1094	289 
1095	280 
1096	252 
1097	138 
1098	1 
1099	197 
1100	196 
1101	118 
1102	53 
1103	3 
1104	107 
1105	224 
1106	138 
1107	243 
1108	141 
1109	288 
1110	230 
1111	95 
1112	79 
1113	167 
1114	180 
1115	216 
1116	6 
1117	57 
1118	177 
1119	134 
1120	243 
1121	3 
1122	244 
1123	215 
1124	244 
1125	130 
1126	239 
1127	137 
1128	224 
1129	138 
1130	132 
1131	295 
1132	106 
1133	256 
1134	119 
1135	176 
1136	236 
1137	107 
1138	249 
1139	53 
1140	232 
1141	229 
1142	196 
1143	257 
1144	102 
1145	66 
1146	135 
1147	285 
1148	227 
1149	99 
1150	221 
1151	215 
1152	228 
1153	199 
1154	69 
1155	187 
1156	56 
1157	74 
1158	193 
1159	134 
1160	294 
1161	102 
1162	171 
1163	279 
1164	220 
1165	53 
1166	171 
1167	9 
1168	200 
1169	8 
1170	257 
1171	240 
1172	141 
1173	155 
1174	225 
1175	284 
1176	100 
1177	263 
1178	195 
1179	297 
1180	16 
1181	26 
1182	149 
1183	219 
1184	190 
1185	136 
1186	123 
1187	192 
1188	272 
1189	292 
1190	234 
1191	118 
1192	39 
1193	176 
1194	42 
1195	197 
1196	199 
1197	219 
1198	260 
1199	192 
1200	106 
1201	69 
1202	16 
1203	65 
1204	107 
1205	274 
1206	2 
1207	276 
1208	104 
1209	157 
1210	79 
1211	66 
1212	199 
1213	190 
1214	285 
1215	242 
1216	213 
1217	69 
1218	99 
1219	235 
1220	52 
1221	27 
1222	3 
1223	28 
1224	52 
1225	54 
1226	218 
1227	28 
1228	164 
1229	276 
1230	237 
1231	34 
1232	79 
1233	217 
1234	168 
1235	268 
1236	14 
1237	6 
1238	46 
1239	130 
1240	108 
1241	236 
1242	222 
1243	36 
1244	116 
1245	233 
1246	137 
1247	288 
1248	199 
1249	66 
1250	102 
1251	266 
1252	17 
1253	121 
1254	250 
1255	112 
1256	118 
1257	16 
1258	242 
1259	3 
1260	163 
1261	212 
1262	160 
1263	49 
1264	234 
1265	19 
1266	118 
1267	52 
1268	243 
1269	154 
1270	11 
1271	281 
1272	187 
1273	34 
1274	44 
1275	253 
1276	111 
1277	185 
1278	106 
1279	224 
1280	248 
1281	230 
1282	276 
1283	222 
1284	159 
1285	82 
1286	167 
1287	287 
1288	277 
1289	216 
1290	74 
1291	256 
1292	188 
1293	88 
1294	31 
1295	292 
1296	250 
1297	154 
1298	229 
1299	150 
1300	172 
1301	167 
1302	179 
1303	138 
1304	151 
1305	216 
1306	22 
1307	216 
1308	74 
1309	107 
1310	160 
1311	195 
1312	81 
1313	289 
1314	199 
1315	156 
1316	154 
1317	106 
1318	189 
1319	107 
1320	196 
1321	65 
1322	254 
1323	271 
1324	281 
1325	284 
1326	48 
1327	251 
1328	107 
1329	7 
1330	42 
1331	284 
1332	8 
1333	224 
1334	189 
1335	102 
1336	291 
1337	179 
1338	289 
1339	117 
1340	164 
1341	64 
1342	281 
1343	45 
1344	244 
1345	86 
1346	224 
1347	8 
1348	176 
1349	18 
1350	212 
1351	261 
1352	196 
1353	142 
1354	276 
1355	288 
1356	107 
1357	171 
1358	86 
1359	224 
1360	227 
1361	141 
1362	6 
1363	68 
1364	76 
1365	197 
1366	251 
1367	146 
1368	277 
1369	294 
1370	69 
1371	219 
1372	105 
1373	256 
1374	35 
1375	206 
1376	138 
1377	156 
1378	132 
1379	249 
1380	266 
1381	234 
1382	144 
1383	230 
1384	34 
1385	43 
1386	15 
1387	196 
1388	178 
1389	164 
1390	191 
1391	11 
1392	7 
1393	288 
1394	30 
1395	52 
1396	274 
1397	172 
1398	68 
1399	227 
1400	167 
1401	169 
1402	15 
1403	266 
1404	251 
1405	84 
1406	93 
1407	37 
1408	78 
1409	146 
1410	30 
1411	227 
1412	183 
1413	16 
1414	67 
1415	118 
1416	30 
1417	76 
1418	98 
1419	118 
1420	291 
1421	281 
1422	114 
1423	234 
1424	254 
1425	289 
1426	82 
1427	9 
1428	242 
1429	154 
1430	156 
1431	288 
1432	177 
1433	140 
1434	137 
1435	232 
1436	82 
1437	222 
1438	10 
1439	138 
1440	118 
1441	227 
1442	107 
1443	223 
1444	156 
1445	163 
1446	183 
1447	141 
1448	185 
1449	193 
1450	222 
1451	7 
1452	231 
1453	30 
1454	124 
1455	10 
1456	30 
1457	112 
1458	45 
1459	291 
1460	179 
1461	69 
1462	9 
1463	167 
1464	36 
1465	229 
1466	82 
1467	123 
1468	47 
1469	287 
1470	179 
1471	72 
1472	209 
1473	156 
1474	131 
1475	118 
1476	179 
1477	23 
1478	138 
1479	243 
1480	240 
1481	107 
1482	297 
1483	118 
1484	100 
1485	82 
1486	171 
1487	268 
1488	171 
1489	245 
1490	253 
1491	71 
1492	209 
1493	107 
1494	70 
1495	177 
1496	115 
1497	85 
1498	141 
1499	254 
1500	216 
1501	297 
1502	3 
1503	171 
1504	80 
1505	239 
1506	191 
1507	74 
1508	193 
1509	149 
1510	148 
1511	200 
1512	76 
1513	213 
1514	70 
1515	23 
1516	15 
1517	208 
1518	218 
1519	119 
1520	11 
1521	179 
1522	111 
1523	44 
1524	143 
1525	265 
1526	146 
1527	34 
1528	281 
1529	168 
1530	179 
1531	236 
1532	287 
1533	99 
1534	177 
1535	97 
1536	208 
1537	176 
1538	141 
1539	73 
1540	171 
1541	171 
1542	87 
1543	82 
1544	217 
1545	179 
1546	69 
1547	118 
1548	15 
1549	15 
1550	276 
1551	223 
1552	264 
1553	167 
1554	210 
1555	230 
1556	18 
1557	16 
1558	284 
1559	46 
1560	196 
1561	6 
1562	10 
1563	261 
1564	102 
1565	260 
1566	137 
1567	266 
1568	80 
1569	53 
1570	88 
1571	222 
1572	154 
1573	56 
1574	12 
1575	157 
1576	85 
1577	197 
1578	250 
1579	38 
1580	123 
1581	49 
1582	162 
1583	272 
1584	57 
1585	239 
1586	70 
1587	231 
1588	82 
1589	297 
1590	26 
1591	122 
1592	276 
1593	70 
1594	19 
1595	239 
1596	104 
1597	269 
1598	281 
1599	3 
1600	121 
1601	3 
1602	118 
1603	202 
1604	215 
1605	84 
1606	173 
1607	281 
1608	93 
1609	93 
1610	214 
1611	117 
1612	95 
1613	224 
1614	231 
1615	15 
1616	23 
1617	287 
1618	196 
1619	297 
1620	126 
1621	287 
1622	119 
1623	77 
1624	40 
1625	11 
1626	135 
1627	23 
1628	171 
1629	176 
1630	117 
1631	174 
1632	13 
1633	297 
1634	102 
1635	278 
1636	43 
1637	88 
1638	290 
1639	212 
1640	47 
1641	224 
1642	243 
1643	191 
1644	146 
1645	105 
1646	296 
1647	246 
1648	135 
1649	48 
1650	250 
1651	108 
1652	116 
1653	36 
1654	179 
1655	259 
1656	19 
1657	74 
1658	44 
1659	87 
1660	293 
1661	278 
1662	33 
1663	16 
1664	3 
1665	169 
1666	153 
1667	225 
1668	233 
1669	34 
1670	3 
1671	222 
1672	20 
1673	222 
1674	284 
1675	282 
1676	41 
1677	250 
1678	258 
1679	176 
1680	228 
1681	271 
1682	154 
1683	213 
1684	233 
1685	5 
1686	177 
1687	218 
1688	89 
1689	167 
1690	41 
1691	118 
1692	276 
1693	171 
1694	67 
1695	184 
1696	297 
1697	137 
1698	7 
1699	128 
1700	265 
1701	297 
1702	276 
1703	293 
1704	135 
1705	6 
1706	185 
1707	152 
1708	154 
1709	149 
1710	227 
1711	68 
1712	131 
1713	259 
1714	169 
1715	76 
1716	70 
1717	7 
1718	91 
1719	104 
1720	67 
1721	1 
1722	98 
1723	265 
1724	213 
1725	272 
1726	117 
1727	45 
1728	75 
1729	239 
1730	225 
1731	83 
1732	44 
1733	144 
1734	15 
1735	83 
1736	214 
1737	280 
1738	108 
1739	150 
1740	102 
1741	64 
1742	281 
1743	251 
1744	68 
1745	41 
1746	221 
1747	138 
1748	227 
1749	58 
1750	188 
1751	87 
1752	174 
1753	188 
1754	52 
1755	99 
1756	82 
1757	27 
1758	130 
1759	76 
1760	223 
1761	141 
1762	160 
1763	173 
1764	37 
1765	82 
1766	74 
1767	175 
1768	68 
1769	224 
1770	16 
1771	58 
1772	226 
1773	212 
1774	179 
1775	240 
1776	174 
1777	221 
1778	34 
1779	154 
1780	160 
1781	283 
1782	203 
1783	34 
1784	159 
1785	68 
1786	222 
1787	143 
1788	11 
1789	176 
1790	224 
1791	229 
1792	167 
1793	34 
1794	184 
1795	35 
1796	294 
1797	61 
1798	233 
1799	112 
1800	11 
1801	141 
1802	171 
1803	186 
1804	174 
1805	259 
1806	283 
1807	236 
1808	63 
1809	251 
1810	10 
1811	118 
1812	216 
1813	118 
1814	183 
1815	99 
1816	155 
1817	123 
1818	44 
1819	219 
1820	160 
1821	30 
1822	29 
1823	193 
1824	143 
1825	37 
1826	222 
1827	215 
1828	10 
1829	227 
1830	117 
1831	250 
1832	52 
1833	274 
1834	71 
1835	70 
1836	249 
1837	178 
1838	279 
1839	191 
1840	69 
1841	168 
1842	137 
1843	88 
1844	7 
1845	154 
1846	43 
1847	87 
1848	45 
1849	255 
1850	124 
1851	18 
1852	50 
1853	33 
1854	274 
1855	293 
1856	58 
1857	173 
1858	177 
1859	6 
1860	244 
1861	89 
1862	171 
1863	44 
1864	15 
1865	196 
1866	105 
1867	291 
1868	111 
1869	102 
1870	66 
1871	288 
1872	176 
1873	67 
1874	95 
1875	115 
1876	256 
1877	116 
1878	240 
1879	101 
1880	70 
1881	243 
1882	265 
1883	15 
1884	237 
1885	154 
1886	44 
1887	73 
1888	104 
1889	72 
1890	261 
1891	84 
1892	7 
1893	212 
1894	139 
1895	224 
1896	74 
1897	117 
1898	1 
1899	106 
1900	49 
1901	190 
1902	34 
1903	199 
1904	141 
1905	44 
1906	109 
1907	117 
1908	80 
1909	33 
1910	46 
1911	38 
1912	10 
1913	215 
1914	7 
1915	181 
1916	194 
1917	293 
1918	177 
1919	92 
1920	197 
1921	2 
1922	107 
1923	214 
1924	84 
1925	9 
1926	218 
1927	171 
1928	68 
1929	107 
1930	236 
1931	171 
1932	18 
1933	115 
1934	19 
1935	46 
1936	249 
1937	160 
1938	128 
1939	32 
1940	239 
1941	228 
1942	232 
1943	7 
1944	261 
1945	285 
1946	288 
1947	179 
1948	22 
1949	244 
1950	79 
1951	262 
1952	103 
1953	276 
1954	256 
1955	171 
1956	57 
1957	45 
1958	164 
1959	20 
1960	247 
1961	153 
1962	137 
1963	177 
1964	240 
1965	202 
1966	225 
1967	145 
1968	201 
1969	82 
1970	116 
1971	107 
1972	202 
1973	83 
1974	96 
1975	102 
1976	297 
1977	160 
1978	33 
1979	292 
1980	67 
1981	156 
1982	179 
1983	227 
1984	154 
1985	237 
1986	70 
1987	277 
1988	160 
1989	102 
1990	78 
1991	233 
1992	97 
1993	124 
1994	18 
1995	36 
1996	129 
1997	174 
1998	245 
1999	223 
2000	27 
2001	216 
2002	46 
2003	285 
2004	297 
2005	108 
2006	48 
2007	137 
2008	216 
2009	93 
2010	179 
2011	176 
2012	209 
2013	10 
2014	75 
2015	66 
2016	190 
2017	249 
2018	5 
2019	197 
2020	218 
2021	75 
2022	189 
2023	138 
2024	23 
2025	155 
2026	100 
2027	104 
2028	119 
2029	66 
2030	237 
2031	224 
2032	129 
2033	250 
2034	244 
2035	22 
2036	67 
2037	218 
2038	3 
2039	87 
2040	291 
2041	267 
2042	295 
2043	151 
2044	180 
2045	203 
2046	19 
2047	198 
2048	276 
2049	265 
2050	124 
2051	23 
2052	260 
2053	240 
2054	191 
2055	156 
2056	225 
2057	195 
2058	156 
2059	99 
2060	11 
2061	44 
2062	219 
2063	68 
2064	72 
2065	58 
2066	297 
2067	105 
2068	140 
2069	187 
2070	187 
2071	15 
2072	140 
2073	227 
2074	107 
2075	168 
2076	160 
2077	274 
2078	25 
2079	207 
2080	62 
2081	74 
2082	70 
2083	160 
2084	165 
2085	94 
2086	280 
2087	190 
2088	130 
2089	28 
2090	36 
2091	149 
2092	37 
2093	291 
2094	151 
2095	113 
2096	155 
2097	153 
2098	82 
2099	15 
2100	116 
2101	102 
2102	252 
2103	155 
2104	291 
2105	257 
2106	210 
2107	12 
2108	42 
2109	230 
2110	226 
2111	38 
2112	202 
2113	82 
2114	157 
2115	243 
2116	141 
2117	192 
2118	281 
2119	85 
2120	155 
2121	208 
2122	298 
2123	206 
2124	137 
2125	260 
2126	286 
2127	183 
2128	10 
2129	116 
2130	14 
2131	226 
2132	155 
2133	232 
2134	58 
2135	190 
2136	3 
2137	7 
2138	276 
2139	265 
2140	155 
2141	78 
2142	23 
2143	277 
2144	27 
2145	162 
2146	102 
2147	74 
2148	34 
2149	44 
2150	179 
2151	22 
2152	174 
2153	197 
2154	275 
2155	119 
2156	240 
2157	254 
2158	82 
2159	156 
2160	141 
2161	76 
2162	197 
2163	222 
2164	70 
2165	86 
2166	67 
2167	280 
2168	4 
2169	95 
2170	23 
2171	248 
2172	261 
2173	257 
2174	136 
2175	174 
2176	226 
2177	149 
2178	263 
2179	129 
2180	43 
2181	102 
2182	101 
2183	96 
2184	80 
2185	241 
2186	89 
2187	82 
2188	86 
2189	230 
2190	45 
2191	234 
2192	63 
2193	266 
2194	55 
2195	47 
2196	281 
2197	141 
2198	54 
2199	138 
2200	3 
2201	177 
2202	242 
2203	243 
2204	44 
2205	244 
2206	139 
2207	34 
2208	112 
2209	66 
2210	246 
2211	25 
2212	289 
2213	171 
2214	92 
2215	227 
2216	285 
2217	99 
2218	240 
2219	192 
2220	117 
2221	19 
2222	95 
2223	194 
2224	88 
2225	172 
2226	67 
2227	137 
2228	217 
2229	131 
2230	201 
2231	141 
2232	174 
2233	95 
2234	23 
2235	142 
2236	93 
2237	70 
2238	297 
2239	209 
2240	18 
2241	67 
2242	79 
2243	177 
2244	159 
2245	237 
2246	126 
2247	30 
2248	61 
2249	243 
2250	139 
2251	196 
2252	78 
2253	74 
2254	177 
2255	239 
2256	287 
2257	246 
2258	67 
2259	179 
2260	184 
2261	44 
2262	107 
2263	207 
2264	16 
2265	74 
2266	66 
2267	24 
2268	243 
2269	141 
2270	188 
2271	268 
2272	284 
2273	72 
2274	198 
2275	164 
2276	156 
2277	57 
2278	224 
2279	265 
2280	196 
2281	297 
2282	211 
2283	259 
2284	293 
2285	261 
2286	151 
2287	61 
2288	151 
2289	85 
2290	196 
2291	218 
2292	242 
2293	73 
2294	183 
2295	129 
2296	274 
2297	20 
2298	42 
2299	162 
2300	215 
2301	7 
2302	3 
2303	240 
2304	257 
2305	54 
2306	115 
2307	68 
2308	4 
2309	79 
2310	117 
2311	204 
2312	239 
2313	255 
2314	157 
2315	47 
2316	49 
2317	224 
2318	267 
2319	197 
2320	253 
2321	49 
2322	176 
2323	10 
2324	278 
2325	227 
2326	95 
2327	288 
2328	102 
2329	157 
2330	227 
2331	250 
2332	219 
2333	292 
2334	200 
2335	155 
2336	94 
2337	141 
2338	177 
2339	72 
2340	242 
2341	106 
2342	268 
2343	101 
2344	139 
2345	27 
2346	33 
2347	124 
2348	179 
2349	149 
2350	172 
2351	285 
2352	62 
2353	7 
2354	18 
2355	128 
2356	254 
2357	197 
2358	229 
2359	162 
2360	49 
2361	244 
2362	284 
2363	236 
2364	1 
2365	260 
2366	268 
2367	288 
2368	72 
2369	102 
2370	229 
2371	149 
2372	262 
2373	160 
2374	243 
2375	151 
2376	167 
2377	108 
2378	266 
2379	200 
2380	52 
2381	89 
2382	244 
2383	101 
2384	99 
2385	232 
2386	104 
2387	259 
2388	179 
2389	161 
2390	227 
2391	128 
2392	227 
2393	43 
2394	106 
2395	280 
2396	19 
2397	7 
2398	179 
2399	44 
2400	283 
2401	254 
2402	70 
2403	196 
2404	266 
2405	273 
2406	297 
2407	32 
2408	212 
2409	137 
2410	74 
2411	208 
2412	250 
2413	291 
2414	239 
2415	93 
2416	146 
2417	260 
2418	124 
2419	98 
2420	18 
2421	74 
2422	90 
2423	44 
2424	216 
2425	118 
2426	46 
2427	27 
2428	291 
2429	82 
2430	294 
2431	106 
2432	141 
2433	197 
2434	74 
2435	254 
2436	259 
2437	284 
2438	44 
2439	27 
2440	174 
2441	65 
2442	24 
2443	195 
2444	281 
2445	219 
2446	103 
2447	185 
2448	147 
2449	268 
2450	18 
2451	225 
2452	174 
2453	276 
2454	15 
2455	234 
2456	274 
2457	154 
2458	1 
2459	238 
2460	189 
2461	284 
2462	46 
2463	284 
2464	54 
2465	121 
2466	110 
2467	191 
2468	208 
2469	240 
2470	54 
2471	245 
2472	149 
2473	158 
2474	281 
2475	7 
2476	60 
2477	253 
2478	23 
2479	216 
2480	148 
2481	232 
2482	22 
2483	266 
2484	154 
2485	109 
2486	3 
2487	229 
2488	184 
2489	7 
2490	260 
2491	190 
2492	129 
2493	280 
2494	236 
2495	69 
2496	66 
2497	164 
2498	179 
2499	154 
2500	77 
2501	164 
2502	104 
2503	56 
2504	154 
2505	194 
2506	103 
2507	84 
2508	100 
2509	134 
2510	232 
2511	141 
2512	196 
2513	42 
2514	14 
2515	125 
2516	7 
2517	237 
2518	96 
2519	132 
2520	259 
2521	276 
2522	218 
2523	81 
2524	25 
2525	35 
2526	244 
2527	297 
2528	261 
2529	97 
2530	141 
2531	157 
2532	27 
2533	250 
2534	66 
2535	15 
2536	214 
2537	79 
2538	250 
2539	74 
2540	229 
2541	167 
2542	147 
2543	129 
2544	173 
2545	154 
2546	179 
2547	242 
2548	33 
2549	281 
2550	280 
2551	227 
2552	178 
2553	156 
2554	116 
2555	110 
2556	208 
2557	128 
2558	240 
2559	197 
2560	7 
2561	66 
2562	268 
2563	215 
2564	79 
2565	177 
2566	256 
2567	24 
2568	177 
2569	163 
2570	102 
2571	124 
2572	67 
2573	208 
2574	212 
2575	130 
2576	116 
2577	268 
2578	167 
2579	273 
2580	141 
2581	173 
2582	171 
2583	90 
2584	250 
2585	193 
2586	209 
2587	218 
2588	170 
2589	285 
2590	17 
2591	76 
2592	130 
2593	21 
2594	60 
2595	19 
2596	11 
2597	32 
2598	133 
2599	66 
2600	236 
2601	69 
2602	68 
2603	173 
2604	23 
2605	280 
2606	242 
2607	45 
2608	214 
2609	294 
2610	204 
2611	259 
2612	193 
2613	87 
2614	107 
2615	99 
2616	167 
2617	291 
2618	93 
2619	62 
2620	185 
2621	188 
2622	29 
2623	88 
2624	109 
2625	25 
2626	111 
2627	59 
2628	278 
2629	212 
2630	259 
2631	238 
2632	168 
2633	215 
2634	254 
2635	91 
2636	256 
2637	72 
2638	285 
2639	103 
2640	177 
2641	137 
2642	114 
2643	168 
2644	250 
2645	289 
2646	174 
2647	47 
2648	49 
2649	147 
2650	168 
2651	147 
2652	218 
2653	34 
2654	15 
2655	79 
2656	293 
2657	122 
2658	207 
2659	171 
2660	196 
2661	292 
2662	208 
2663	6 
2664	227 
2665	82 
2666	250 
2667	41 
2668	224 
2669	153 
2670	4 
2671	257 
2672	291 
2673	245 
2674	197 
2675	160 
2676	183 
2677	296 
2678	267 
2679	206 
2680	43 
2681	11 
2682	69 
2683	155 
2684	165 
2685	7 
2686	234 
2687	230 
2688	261 
2689	281 
2690	229 
2691	96 
2692	82 
2693	209 
2694	295 
2695	278 
2696	269 
2697	156 
2698	107 
2699	111 
2700	226 
2701	177 
2702	280 
2703	51 
2704	49 
2705	62 
2706	199 
2707	29 
2708	6 
2709	251 
2710	154 
2711	161 
2712	79 
2713	149 
2714	283 
2715	173 
2716	288 
2717	196 
2718	238 
2719	210 
2720	234 
2721	9 
2722	153 
2723	247 
2724	189 
2725	259 
2726	251 
2727	259 
2728	10 
2729	154 
2730	284 
2731	261 
2732	101 
2733	156 
2734	165 
2735	288 
2736	219 
2737	252 
2738	127 
2739	89 
2740	60 
2741	167 
2742	113 
2743	225 
2744	117 
2745	164 
2746	218 
2747	40 
2748	104 
2749	93 
2750	141 
2751	197 
2752	233 
2753	167 
2754	35 
2755	250 
2756	117 
2757	1 
2758	167 
2759	92 
2760	138 
2761	115 
2762	72 
2763	126 
2764	19 
2765	133 
2766	281 
2767	187 
2768	268 
2769	233 
2770	147 
2771	67 
2772	215 
2773	225 
2774	273 
2775	30 
2776	107 
2777	66 
2778	206 
2779	6 
2780	251 
2781	284 
2782	118 
2783	31 
2784	116 
2785	22 
2786	225 
2787	70 
2788	267 
2789	75 
2790	241 
2791	147 
2792	225 
2793	100 
2794	70 
2795	21 
2796	288 
2797	193 
2798	107 
2799	61 
2800	117 
2801	155 
2802	15 
2803	3 
2804	171 
2805	160 
2806	138 
2807	28 
2808	33 
2809	143 
2810	64 
2811	229 
2812	221 
2813	111 
2814	168 
2815	241 
2816	285 
2817	108 
2818	113 
2819	243 
2820	242 
2821	290 
2822	79 
2823	177 
2824	284 
2825	98 
2826	82 
2827	108 
2828	239 
2829	152 
2830	198 
2831	155 
2832	56 
2833	212 
2834	233 
2835	108 
2836	133 
2837	239 
2838	35 
2839	7 
2840	118 
2841	57 
2842	297 
2843	284 
2844	1 
2845	135 
2846	210 
2847	73 
2848	279 
2849	162 
2850	37 
2851	221 
2852	70 
2853	184 
2854	26 
2855	179 
2856	159 
2857	185 
2858	168 
2859	256 
2860	77 
2861	112 
2862	7 
2863	233 
2864	291 
2865	82 
2866	75 
2867	268 
2868	297 
2869	168 
2870	279 
2871	268 
2872	238 
2873	52 
2874	291 
2875	294 
2876	30 
2877	151 
2878	196 
2879	155 
2880	246 
2881	242 
2882	171 
2883	191 
2884	240 
2885	104 
2886	268 
2887	212 
2888	171 
2889	250 
2890	284 
2891	118 
2892	4 
2893	244 
2894	1 
2895	297 
2896	110 
2897	151 
2898	93 
2899	147 
2900	199 
2901	148 
2902	168 
2903	181 
2904	160 
2905	197 
2906	39 
2907	79 
2908	172 
2909	149 
2910	276 
2911	248 
2912	95 
2913	236 
2914	169 
2915	260 
2916	189 
2917	227 
2918	91 
2919	59 
2920	264 
2921	284 
2922	174 
2923	105 
2924	74 
2925	73 
2926	167 
2927	124 
2928	282 
2929	278 
2930	141 
2931	154 
2932	5 
2933	141 
2934	284 
2935	28 
2936	67 
2937	264 
2938	233 
2939	233 
2940	240 
2941	102 
2942	18 
2943	250 
2944	184 
2945	227 
2946	73 
2947	224 
2948	288 
2949	45 
2950	291 
2951	15 
2952	281 
2953	151 
2954	23 
2955	92 
2956	103 
2957	53 
2958	158 
2959	115 
2960	93 
2961	288 
2962	138 
2963	98 
2964	152 
2965	164 
2966	181 
2967	258 
2968	227 
2969	96 
2970	245 
2971	43 
2972	277 
2973	179 
2974	268 
2975	212 
2976	250 
2977	111 
2978	140 
2979	19 
2980	52 
2981	69 
2982	57 
2983	67 
2984	104 
2985	224 
2986	92 
2987	245 
2988	126 
2989	287 
2990	9 
2991	235 
2992	184 
2993	127 
2994	171 
2995	176 
2996	10 
2997	288 
2998	257 
2999	202 
3000	232 
3001	83 
3002	269 
3003	221 
3004	217 
3005	115 
3006	27 
3007	221 
3008	215 
3009	282 
3010	276 
3011	104 
3012	141 
3013	283 
3014	28 
3015	288 
3016	209 
3017	294 
3018	177 
3019	216 
3020	80 
3021	88 
3022	222 
3023	82 
3024	7 
3025	89 
3026	255 
3027	7 
3028	234 
3029	16 
3030	74 
3031	3 
3032	3 
3033	182 
3034	221 
3035	276 
3036	137 
3037	89 
3038	99 
3039	93 
3040	213 
3041	33 
3042	53 
3043	219 
3044	277 
3045	293 
3046	220 
3047	67 
3048	32 
3049	104 
3050	57 
3051	230 
3052	291 
3053	229 
3054	95 
3055	259 
3056	164 
3057	232 
3058	167 
3059	251 
3060	283 
3061	169 
3062	89 
3063	280 
3064	243 
3065	225 
3066	59 
3067	264 
3068	117 
3069	134 
3070	31 
3071	149 
3072	276 
3073	227 
3074	30 
3075	124 
3076	287 
3077	120 
3078	263 
3079	5 
3080	224 
3081	20 
3082	109 
3083	70 
3084	124 
3085	40 
3086	18 
3087	249 
3088	30 
3089	77 
3090	174 
3091	10 
3092	67 
3093	141 
3094	186 
3095	118 
3096	251 
3097	259 
3098	45 
3099	155 
3100	49 
3101	236 
3102	48 
3103	90 
3104	171 
3105	238 
3106	171 
3107	29 
3108	180 
3109	258 
3110	274 
3111	15 
3112	160 
3113	83 
3114	51 
3115	29 
3116	212 
3117	160 
3118	79 
3119	146 
3120	236 
3121	196 
3122	254 
3123	23 
3124	226 
3125	261 
3126	94 
3127	291 
3128	164 
3129	289 
3130	251 
3131	117 
3132	141 
3133	115 
3134	107 
3135	74 
3136	77 
3137	132 
3138	62 
3139	3 
3140	94 
3141	35 
3142	74 
3143	197 
3144	168 
3145	154 
3146	216 
3147	243 
3148	220 
3149	82 
3150	285 
3151	224 
3152	19 
3153	83 
3154	207 
3155	169 
3156	146 
3157	194 
3158	141 
3159	135 
3160	77 
3161	205 
3162	211 
3163	15 
3164	252 
3165	45 
3166	124 
3167	177 
3168	121 
3169	230 
3170	260 
3171	132 
3172	154 
3173	2 
3174	53 
3175	141 
3176	287 
3177	36 
3178	174 
3179	268 
3180	201 
3181	99 
3182	223 
3183	107 
3184	40 
3185	111 
3186	10 
3187	241 
3188	45 
3189	45 
3190	122 
3191	22 
3192	274 
3193	131 
3194	74 
3195	59 
3196	72 
3197	250 
3198	161 
3199	269 
3200	108 
3201	130 
3202	118 
3203	212 
3204	193 
3205	60 
3206	103 
3207	90 
3208	67 
3209	27 
3210	112 
3211	211 
3212	185 
3213	180 
3214	40 
3215	167 
3216	99 
3217	180 
3218	36 
3219	56 
3220	267 
3221	176 
3222	15 
3223	9 
3224	123 
3225	162 
3226	7 
3227	171 
3228	239 
3229	284 
3230	284 
3231	239 
3232	120 
3233	246 
3234	285 
3235	260 
3236	38 
3237	78 
3238	214 
3239	89 
3240	45 
3241	107 
3242	245 
3243	44 
3244	239 
3245	135 
3246	221 
3247	13 
3248	75 
3249	50 
3250	231 
3251	296 
3252	177 
3253	104 
3254	17 
3255	250 
3256	285 
3257	74 
3258	1 
3259	181 
3260	219 
3261	67 
3262	293 
3263	131 
3264	19 
3265	117 
3266	192 
3267	137 
3268	138 
3269	11 
3270	79 
3271	140 
3272	164 
3273	203 
3274	106 
3275	193 
3276	3 
3277	212 
3278	257 
3279	281 
3280	111 
3281	167 
3282	30 
3283	92 
3284	269 
3285	118 
3286	70 
3287	237 
3288	77 
3289	138 
3290	128 
3291	135 
3292	271 
3293	44 
3294	218 
3295	220 
3296	138 
3297	283 
3298	87 
3299	91 
3300	67 
3301	106 
3302	260 
3303	14 
3304	22 
3305	114 
3306	9 
3307	138 
3308	260 
3309	285 
3310	245 
3311	68 
3312	276 
3313	144 
3314	107 
3315	149 
3316	22 
3317	177 
3318	194 
3319	36 
3320	99 
3321	276 
3322	114 
3323	23 
3324	289 
3325	33 
3326	151 
3327	82 
3328	22 
3329	187 
3330	9 
3331	43 
3332	272 
3333	116 
3334	73 
3335	191 
3336	175 
3337	30 
3338	249 
3339	99 
3340	276 
3341	125 
3342	13 
3343	293 
3344	24 
3345	11 
3346	135 
3347	181 
3348	127 
3349	288 
3350	19 
3351	174 
3352	256 
3353	164 
3354	274 
3355	225 
3356	102 
3357	154 
3358	47 
3359	236 
3360	191 
3361	250 
3362	31 
3363	173 
3364	293 
3365	221 
3366	275 
3367	219 
3368	154 
3369	220 
3370	46 
3371	240 
3372	142 
3373	224 
3374	34 
3375	158 
3376	289 
3377	178 
3378	19 
3379	239 
3380	99 
3381	67 
3382	61 
3383	190 
3384	7 
3385	272 
3386	271 
3387	289 
3388	18 
3389	135 
3390	224 
3391	280 
3392	74 
3393	33 
3394	209 
3395	279 
3396	192 
3397	72 
3398	19 
3399	11 
3400	93 
3401	154 
3402	74 
3403	142 
3404	104 
3405	76 
3406	16 
3407	17 
3408	201 
3409	214 
3410	26 
3411	220 
3412	171 
3413	218 
3414	252 
3415	288 
3416	49 
3417	33 
3418	258 
3419	276 
3420	22 
3421	66 
3422	278 
3423	76 
3424	240 
3425	196 
3426	187 
3427	24 
3428	221 
3429	221 
3430	40 
3431	171 
3432	7 
3433	66 
3434	174 
3435	287 
3436	7 
3437	178 
3438	238 
3439	52 
3440	151 
3441	37 
3442	192 
3443	212 
3444	151 
3445	180 
3446	19 
3447	248 
3448	160 
3449	258 
3450	216 
3451	118 
3452	174 
3453	231 
3454	233 
3455	190 
3456	276 
3457	94 
3458	108 
3459	143 
3460	177 
3461	71 
3462	141 
3463	91 
3464	262 
3465	126 
3466	280 
3467	81 
3468	23 
3469	64 
3470	241 
3471	224 
3472	246 
3473	3 
3474	84 
3475	177 
3476	150 
3477	79 
3478	63 
3479	144 
3480	154 
3481	298 
3482	264 
3483	283 
3484	82 
3485	134 
3486	79 
3487	26 
3488	51 
3489	284 
3490	10 
3491	179 
3492	138 
3493	30 
3494	276 
3495	17 
3496	184 
3497	241 
3498	164 
3499	274 
3500	78 
3501	283 
3502	155 
3503	118 
3504	287 
3505	44 
3506	224 
3507	17 
3508	244 
3509	181 
3510	232 
3511	116 
3512	150 
3513	193 
3514	298 
3515	266 
3516	10 
3517	115 
3518	11 
3519	25 
3520	276 
3521	99 
3522	78 
3523	34 
3524	232 
3525	227 
3526	125 
3527	138 
3528	276 
3529	254 
3530	190 
3531	95 
3532	166 
3533	23 
3534	56 
3535	123 
3536	208 
3537	222 
3538	171 
3539	21 
3540	77 
3541	147 
3542	269 
3543	243 
3544	240 
3545	134 
3546	30 
3547	294 
3548	270 
3549	228 
3550	11 
3551	28 
3552	120 
3553	173 
3554	70 
3555	291 
3556	227 
3557	211 
3558	107 
3559	114 
3560	175 
3561	218 
3562	94 
3563	59 
3564	242 
3565	169 
3566	287 
3567	219 
3568	222 
3569	224 
3570	23 
3571	68 
3572	79 
3573	147 
3574	285 
3575	105 
3576	161 
3577	145 
3578	289 
3579	179 
3580	89 
3581	118 
3582	23 
3583	270 
3584	118 
3585	137 
3586	268 
3587	26 
3588	174 
3589	11 
3590	215 
3591	198 
3592	292 
3593	102 
3594	144 
3595	180 
3596	77 
3597	224 
3598	45 
3599	49 
3600	27 
3601	168 
3602	202 
3603	10 
3604	30 
3605	192 
3606	73 
3607	23 
3608	155 
3609	268 
3610	152 
3611	82 
3612	174 
3613	141 
3614	197 
3615	62 
3616	40 
3617	141 
3618	250 
3619	264 
3620	70 
3621	66 
3622	170 
3623	7 
3624	276 
3625	225 
3626	24 
3627	251 
3628	73 
3629	240 
3630	82 
3631	108 
3632	139 
3633	17 
3634	34 
3635	229 
3636	154 
3637	63 
3638	51 
3639	115 
3640	271 
3641	72 
3642	219 
3643	278 
3644	235 
3645	84 
3646	9 
3647	229 
3648	108 
3649	154 
3650	147 
3651	190 
3652	1 
3653	274 
3654	77 
3655	172 
3656	111 
3657	118 
3658	203 
3659	66 
3660	160 
3661	91 
3662	249 
3663	259 
3664	23 
3665	67 
3666	164 
3667	156 
3668	281 
3669	7 
3670	69 
3671	227 
3672	191 
3673	96 
3674	27 
3675	154 
3676	23 
3677	274 
3678	266 
3679	177 
3680	82 
3681	192 
3682	62 
3683	3 
3684	190 
3685	179 
3686	74 
3687	50 
3688	20 
3689	11 
3690	190 
3691	102 
3692	168 
3693	44 
3694	55 
3695	221 
3696	70 
3697	157 
3698	68 
3699	251 
3700	281 
3701	82 
3702	147 
3703	30 
3704	12 
3705	283 
3706	259 
3707	68 
3708	159 
3709	225 
3710	127 
3711	11 
3712	268 
3713	38 
3714	19 
3715	117 
3716	15 
3717	183 
3718	102 
3719	9 
3720	34 
3721	108 
3722	167 
3723	297 
3724	195 
3725	155 
3726	174 
3727	78 
3728	12 
3729	260 
3730	118 
3731	283 
3732	198 
3733	182 
3734	29 
3735	2 
3736	292 
3737	147 
3738	280 
3739	19 
3740	43 
3741	226 
3742	280 
3743	297 
3744	262 
3745	232 
3746	146 
3747	154 
3748	113 
3749	171 
3750	53 
3751	175 
3752	53 
3753	222 
3754	7 
3755	51 
3756	171 
3757	245 
3758	85 
3759	45 
3760	161 
3761	123 
3762	15 
3763	100 
3764	107 
3765	146 
3766	167 
3767	30 
3768	99 
3769	288 
3770	101 
3771	182 
3772	178 
3773	223 
3774	255 
3775	282 
3776	19 
3777	74 
3778	260 
3779	171 
3780	117 
3781	190 
3782	228 
3783	35 
3784	9 
3785	167 
3786	162 
3787	77 
3788	133 
3789	1 
3790	154 
3791	263 
3792	297 
3793	240 
3794	162 
3795	224 
3796	110 
3797	271 
3798	192 
3799	42 
3800	63 
3801	239 
3802	146 
3803	33 
3804	268 
3805	162 
3806	195 
3807	251 
3808	284 
3809	224 
3810	196 
3811	78 
3812	10 
3813	102 
3814	118 
3815	197 
3816	135 
3817	99 
3818	280 
3819	22 
3820	99 
3821	2 
3822	166 
3823	174 
3824	294 
3825	71 
3826	27 
3827	251 
3828	91 
3829	162 
3830	291 
3831	174 
3832	43 
3833	142 
3834	245 
3835	43 
3836	32 
3837	280 
3838	25 
3839	177 
3840	111 
3841	5 
3842	223 
3843	213 
3844	68 
3845	157 
3846	19 
3847	35 
3848	109 
3849	167 
3850	132 
3851	160 
3852	246 
3853	171 
3854	154 
3855	10 
3856	111 
3857	297 
3858	74 
3859	224 
3860	118 
3861	167 
3862	34 
3863	66 
3864	67 
3865	215 
3866	173 
3867	57 
3868	66 
3869	154 
3870	243 
3871	34 
3872	289 
3873	10 
3874	177 
3875	282 
3876	284 
3877	186 
3878	9 
3879	104 
3880	254 
3881	66 
3882	160 
3883	176 
3884	48 
3885	145 
3886	107 
3887	96 
3888	18 
3889	74 
3890	242 
3891	179 
3892	171 
3893	297 
3894	101 
3895	278 
3896	193 
3897	21 
3898	22 
3899	225 
3900	34 
3901	281 
3902	9 
3903	191 
3904	294 
3905	135 
3906	40 
3907	7 
3908	79 
3909	259 
3910	44 
3911	22 
3912	116 
3913	219 
3914	286 
3915	115 
3916	70 
3917	62 
3918	172 
3919	281 
3920	159 
3921	107 
3922	133 
3923	118 
3924	219 
3925	283 
3926	263 
3927	207 
3928	242 
3929	99 
3930	104 
3931	154 
3932	216 
3933	10 
3934	243 
3935	257 
3936	297 
3937	157 
3938	75 
3939	204 
3940	206 
3941	192 
3942	254 
3943	124 
3944	141 
3945	210 
3946	298 
3947	106 
3948	219 
3949	18 
3950	44 
3951	70 
3952	54 
3953	109 
3954	284 
3955	281 
3956	221 
3957	66 
3958	295 
3959	252 
3960	274 
3961	135 
3962	99 
3963	116 
3964	280 
3965	20 
3966	177 
3967	206 
3968	239 
3969	240 
3970	281 
3971	74 
3972	30 
3973	116 
3974	171 
3975	23 
3976	115 
3977	70 
3978	203 
3979	22 
3980	266 
3981	284 
3982	216 
3983	281 
3984	250 
3985	67 
3986	70 
3987	253 
3988	30 
3989	227 
3990	35 
3991	189 
3992	53 
3993	255 
3994	285 
3995	74 
3996	135 
3997	276 
3998	261 
3999	170 
4000	29 
4001	111 
4002	156 
4003	186 
4004	36 
4005	281 
4006	11 
4007	240 
4008	9 
4009	67 
4010	289 
4011	135 
4012	292 
4013	70 
4014	23 
4015	33 
4016	188 
4017	128 
4018	284 
4019	287 
4020	102 
4021	116 
4022	223 
4023	9 
4024	161 
4025	136 
4026	221 
4027	18 
4028	27 
4029	84 
4030	151 
4031	250 
4032	6 
4033	197 
4034	292 
4035	15 
4036	251 
4037	4 
4038	265 
4039	227 
4040	228 
4041	63 
4042	190 
4043	99 
4044	93 
4045	135 
4046	118 
4047	49 
4048	56 
4049	138 
4050	154 
4051	43 
4052	141 
4053	31 
4054	289 
4055	164 
4056	17 
4057	9 
4058	281 
4059	105 
4060	18 
4061	242 
4062	87 
4063	231 
4064	95 
4065	45 
4066	49 
4067	171 
4068	152 
4069	135 
4070	82 
4071	73 
4072	296 
4073	128 
4074	154 
4075	84 
4076	219 
4077	282 
4078	295 
4079	70 
4080	108 
4081	231 
4082	23 
4083	74 
4084	179 
4085	248 
4086	191 
4087	2 
4088	179 
4089	140 
4090	226 
4091	106 
4092	142 
4093	250 
4094	132 
4095	49 
4096	283 
4097	185 
4098	2 
4099	149 
4100	246 
4101	52 
4102	17 
4103	86 
4104	269 
4105	135 
4106	137 
4107	188 
4108	276 
4109	216 
4110	179 
4111	16 
4112	179 
4113	234 
4114	166 
4115	124 
4116	289 
4117	177 
4118	276 
4119	221 
4120	176 
4121	225 
4122	141 
4123	274 
4124	220 
4125	161 
4126	99 
4127	191 
4128	67 
4129	294 
4130	171 
4131	102 
4132	72 
4133	260 
4134	154 
4135	68 
4136	99 
4137	177 
4138	122 
4139	243 
4140	171 
4141	160 
4142	96 
4143	230 
4144	259 
4145	99 
4146	41 
4147	164 
4148	15 
4149	30 
4150	158 
4151	179 
4152	7 
4153	81 
4154	23 
4155	150 
4156	251 
4157	225 
4158	121 
4159	45 
4160	82 
4161	224 
4162	229 
4163	6 
4164	293 
4165	288 
4166	55 
4167	154 
4168	138 
4169	225 
4170	6 
4171	71 
4172	24 
4173	118 
4174	66 
4175	197 
4176	219 
4177	239 
4178	19 
4179	84 
4180	250 
4181	141 
4182	13 
4183	17 
4184	212 
4185	179 
4186	191 
4187	173 
4188	129 
4189	36 
4190	13 
4191	239 
4192	280 
4193	218 
4194	282 
4195	274 
4196	167 
4197	74 
4198	205 
4199	254 
4200	18 
4201	222 
4202	278 
4203	123 
4204	12 
4205	20 
4206	206 
4207	223 
4208	218 
4209	239 
4210	109 
4211	298 
4212	1 
4213	34 
4214	232 
4215	17 
4216	259 
4217	99 
4218	3 
4219	218 
4220	287 
4221	193 
4222	179 
4223	1 
4224	192 
4225	291 
4226	31 
4227	18 
4228	284 
4229	30 
4230	255 
4231	154 
4232	27 
4233	23 
4234	247 
4235	191 
4236	55 
4237	160 
4238	219 
4239	236 
4240	225 
4241	270 
4242	80 
4243	109 
4244	99 
4245	39 
4246	200 
4247	281 
4248	254 
4249	32 
4250	281 
4251	79 
4252	278 
4253	24 
4254	252 
4255	203 
4256	284 
4257	66 
4258	259 
4259	67 
4260	171 
4261	264 
4262	78 
4263	227 
4264	259 
4265	244 
4266	83 
4267	66 
4268	227 
4269	155 
4270	42 
4271	18 
4272	292 
4273	188 
4274	115 
4275	130 
4276	87 
4277	141 
4278	40 
4279	121 
4280	163 
4281	16 
4282	97 
4283	35 
4284	291 
4285	215 
4286	73 
4287	35 
4288	93 
4289	109 
4290	9 
4291	203 
4292	266 
4293	164 
4294	154 
4295	88 
4296	171 
4297	179 
4298	240 
4299	144 
4300	30 
4301	135 
4302	293 
4303	284 
4304	155 
4305	154 
4306	37 
4307	174 
4308	137 
4309	160 
4310	57 
4311	235 
4312	102 
4313	11 
4314	290 
4315	154 
4316	295 
4317	138 
4318	119 
4319	99 
4320	247 
4321	284 
4322	40 
4323	156 
4324	6 
4325	61 
4326	259 
4327	79 
4328	23 
4329	111 
4330	288 
4331	289 
4332	43 
4333	227 
4334	259 
4335	275 
4336	197 
4337	30 
4338	281 
4339	105 
4340	282 
4341	204 
4342	221 
4343	54 
4344	293 
4345	19 
4346	65 
4347	215 
4348	99 
4349	144 
4350	227 
4351	212 
4352	282 
4353	297 
4354	297 
4355	119 
4356	216 
4357	67 
4358	10 
4359	158 
4360	197 
4361	93 
4362	150 
4363	165 
4364	224 
4365	43 
4366	285 
4367	240 
4368	236 
4369	19 
4370	268 
4371	261 
4372	115 
4373	102 
4374	30 
4375	276 
4376	30 
4377	215 
4378	178 
4379	214 
4380	42 
4381	181 
4382	248 
4383	78 
4384	152 
4385	240 
4386	135 
4387	244 
4388	109 
4389	1 
4390	225 
4391	288 
4392	164 
4393	85 
4394	100 
4395	272 
4396	24 
4397	104 
4398	7 
4399	154 
4400	75 
4401	18 
4402	277 
4403	160 
4404	219 
4405	99 
4406	146 
4407	281 
4408	121 
4409	123 
4410	156 
4411	189 
4412	21 
4413	14 
4414	230 
4415	101 
4416	259 
4417	284 
4418	125 
4419	261 
4420	295 
4421	104 
4422	65 
4423	268 
4424	71 
4425	16 
4426	133 
4427	256 
4428	19 
4429	298 
4430	45 
4431	228 
4432	254 
4433	209 
4434	93 
4435	284 
4436	82 
4437	179 
4438	81 
4439	175 
4440	240 
4441	25 
4442	149 
4443	2 
4444	191 
4445	242 
4446	48 
4447	107 
4448	223 
4449	266 
4450	219 
4451	93 
4452	276 
4453	138 
4454	106 
4455	250 
4456	93 
4457	53 
4458	74 
4459	3 
4460	36 
4461	262 
4462	274 
4463	111 
4464	214 
4465	227 
4466	226 
4467	102 
4468	260 
4469	173 
4470	73 
4471	220 
4472	240 
4473	3 
4474	96 
4475	117 
4476	293 
4477	230 
4478	220 
4479	196 
4480	108 
4481	124 
4482	177 
4483	280 
4484	17 
4485	34 
4486	138 
4487	13 
4488	248 
4489	131 
4490	179 
4491	87 
4492	250 
4493	20 
4494	107 
4495	285 
4496	18 
4497	291 
4498	268 
4499	279 
4500	26 
4501	259 
4502	276 
4503	163 
4504	44 
4505	227 
4506	112 
4507	197 
4508	93 
4509	104 
4510	6 
4511	251 
4512	125 
4513	167 
4514	45 
4515	227 
4516	286 
4517	105 
4518	79 
4519	177 
4520	19 
4521	268 
4522	45 
4523	268 
4524	27 
4525	81 
4526	177 
4527	107 
4528	117 
4529	131 
4530	146 
4531	76 
4532	167 
4533	9 
4534	39 
4535	44 
4536	150 
4537	276 
4538	244 
4539	149 
4540	218 
4541	250 
4542	97 
4543	102 
4544	107 
4545	52 
4546	96 
4547	280 
4548	139 
4549	82 
4550	291 
4551	220 
4552	13 
4553	215 
4554	105 
4555	260 
4556	214 
4557	216 
4558	276 
4559	294 
4560	215 
4561	73 
4562	105 
4563	189 
4564	280 
4565	9 
4566	76 
4567	119 
4568	171 
4569	67 
4570	240 
4571	244 
4572	268 
4573	74 
4574	173 
4575	86 
4576	251 
4577	118 
4578	190 
4579	264 
4580	82 
4581	289 
4582	93 
4583	279 
4584	219 
4585	40 
4586	135 
4587	172 
4588	258 
4589	30 
4590	1 
4591	24 
4592	79 
4593	43 
4594	118 
4595	177 
4596	72 
4597	218 
4598	85 
4599	219 
4600	118 
4601	276 
4602	250 
4603	293 
4604	40 
4605	294 
4606	173 
4607	127 
4608	225 
4609	19 
4610	137 
4611	155 
4612	45 
4613	281 
4614	164 
4615	166 
4616	283 
4617	165 
4618	135 
4619	174 
4620	234 
4621	264 
4622	163 
4623	64 
4624	135 
4625	40 
4626	266 
4627	166 
4628	285 
4629	211 
4630	72 
4631	54 
4632	70 
4633	137 
4634	219 
4635	6 
4636	155 
4637	284 
4638	117 
4639	264 
4640	87 
4641	212 
4642	79 
4643	41 
4644	74 
4645	250 
4646	144 
4647	31 
4648	144 
4649	225 
4650	114 
4651	99 
4652	138 
4653	190 
4654	233 
4655	50 
4656	265 
4657	14 
4658	166 
4659	259 
4660	156 
4661	166 
4662	27 
4663	191 
4664	96 
4665	179 
4666	171 
4667	9 
4668	160 
4669	133 
4670	19 
4671	50 
4672	105 
4673	289 
4674	154 
4675	104 
4676	258 
4677	75 
4678	249 
4679	259 
4680	281 
4681	236 
4682	9 
4683	179 
4684	232 
4685	251 
4686	23 
4687	280 
4688	20 
4689	127 
4690	70 
4691	6 
4692	75 
4693	40 
4694	280 
4695	122 
4696	216 
4697	280 
4698	197 
4699	116 
4700	116 
4701	80 
4702	30 
4703	294 
4704	141 
4705	66 
4706	190 
4707	192 
4708	23 
4709	117 
4710	116 
4711	259 
4712	197 
4713	162 
4714	135 
4715	211 
4716	280 
4717	273 
4718	125 
4719	290 
4720	48 
4721	98 
4722	181 
4723	204 
4724	117 
4725	214 
4726	16 
4727	56 
4728	34 
4729	56 
4730	30 
4731	171 
4732	219 
4733	45 
4734	216 
4735	113 
4736	154 
4737	234 
4738	139 
4739	3 
4740	3 
4741	34 
4742	294 
4743	95 
4744	184 
4745	227 
4746	274 
4747	84 
4748	174 
4749	156 
4750	75 
4751	191 
4752	280 
4753	6 
4754	188 
4755	99 
4756	191 
4757	155 
4758	107 
4759	273 
4760	276 
4761	67 
4762	89 
4763	285 
4764	285 
4765	158 
4766	193 
4767	7 
4768	146 
4769	287 
4770	19 
4771	4 
4772	30 
4773	239 
4774	5 
4775	11 
4776	250 
4777	22 
4778	44 
4779	155 
4780	10 
4781	77 
4782	107 
4783	156 
4784	134 
4785	133 
4786	45 
4787	153 
4788	118 
4789	276 
4790	177 
4791	14 
4792	105 
4793	191 
4794	74 
4795	218 
4796	227 
4797	219 
4798	36 
4799	82 
4800	18 
4801	60 
4802	198 
4803	179 
4804	155 
4805	10 
4806	3 
4807	118 
4808	37 
4809	107 
4810	194 
4811	45 
4812	134 
4813	72 
4814	102 
4815	179 
4816	192 
4817	123 
4818	23 
4819	235 
4820	146 
4821	124 
4822	15 
4823	284 
4824	274 
4825	214 
4826	192 
4827	158 
4828	85 
4829	132 
4830	51 
4831	276 
4832	79 
4833	154 
4834	80 
4835	274 
4836	277 
4837	197 
4838	3 
4839	74 
4840	25 
4841	1 
4842	222 
4843	27 
4844	133 
4845	122 
4846	175 
4847	160 
4848	105 
4849	271 
4850	219 
4851	34 
4852	266 
4853	204 
4854	122 
4855	285 
4856	75 
4857	3 
4858	156 
4859	67 
4860	274 
4861	67 
4862	8 
4863	141 
4864	212 
4865	47 
4866	250 
4867	285 
4868	27 
4869	176 
4870	156 
4871	212 
4872	20 
4873	174 
4874	31 
4875	67 
4876	12 
4877	56 
4878	213 
4879	95 
4880	250 
4881	15 
4882	177 
4883	74 
4884	58 
4885	93 
4886	66 
4887	164 
4888	135 
4889	190 
4890	11 
4891	164 
4892	34 
4893	20 
4894	155 
4895	18 
4896	251 
4897	16 
4898	42 
4899	228 
4900	74 
4901	214 
4902	64 
4903	179 
4904	11 
4905	136 
4906	228 
4907	202 
4908	150 
4909	38 
4910	251 
4911	99 
4912	3 
4913	277 
4914	78 
4915	240 
4916	290 
4917	117 
4918	228 
4919	173 
4920	239 
4921	288 
4922	100 
4923	5 
4924	221 
4925	243 
4926	195 
4927	266 
4928	104 
4929	87 
4930	268 
4931	250 
4932	154 
4933	230 
4934	27 
4935	106 
4936	230 
4937	166 
4938	23 
4939	46 
4940	130 
4941	79 
4942	157 
4943	121 
4944	129 
4945	219 
4946	111 
4947	251 
4948	208 
4949	216 
4950	99 
4951	258 
4952	39 
4953	99 
4954	244 
4955	163 
4956	177 
4957	99 
4958	225 
4959	165 
4960	9 
4961	280 
4962	19 
4963	44 
4964	298 
4965	191 
4966	154 
4967	188 
4968	171 
4969	243 
4970	95 
4971	227 
4972	125 
4973	270 
4974	239 
4975	202 
4976	78 
4977	23 
4978	199 
4979	224 
4980	36 
4981	216 
4982	42 
4983	283 
4984	282 
4985	245 
4986	246 
4987	214 
4988	34 
4989	225 
4990	154 
4991	88 
4992	163 
4993	191 
4994	108 
4995	26 
4996	227 
4997	43 
4998	291 
4999	259 
5000	290 
5001	141 
5002	153 
5003	224 
5004	108 
5005	36 
5006	297 
5007	173 
5008	239 
5009	40 
5010	67 
5011	195 
5012	198 
5013	72 
5014	293 
5015	172 
5016	188 
5017	78 
5018	33 
5019	34 
5020	261 
5021	81 
5022	66 
5023	7 
5024	7 
5025	264 
5026	11 
5027	123 
5028	222 
5029	93 
5030	295 
5031	227 
5032	162 
5033	138 
5034	34 
5035	156 
5036	248 
5037	87 
5038	279 
5039	262 
5040	191 
5041	44 
5042	15 
5043	276 
5044	281 
5045	162 
5046	281 
5047	118 
5048	191 
5049	155 
5050	135 
5051	122 
5052	242 
5053	243 
5054	44 
5055	18 
5056	19 
5057	182 
5058	67 
5059	224 
5060	270 
5061	88 
5062	201 
5063	174 
5064	78 
5065	74 
5066	274 
5067	198 
5068	144 
5069	190 
5070	87 
5071	68 
5072	28 
5073	261 
5074	285 
5075	177 
5076	179 
5077	58 
5078	181 
5079	9 
5080	174 
5081	114 
5082	207 
5083	261 
5084	274 
5085	7 
5086	24 
5087	91 
5088	117 
5089	157 
5090	34 
5091	135 
5092	168 
5093	102 
5094	76 
5095	67 
5096	78 
5097	30 
5098	96 
5099	15 
5100	79 
5101	164 
5102	158 
5103	101 
5104	9 
5105	102 
5106	74 
5107	22 
5108	260 
5109	23 
5110	20 
5111	224 
5112	209 
5113	81 
5114	200 
5115	112 
5116	179 
5117	63 
5118	79 
5119	30 
5120	57 
5121	126 
5122	176 
5123	147 
5124	97 
5125	141 
5126	216 
5127	280 
5128	138 
5129	227 
5130	156 
5131	168 
5132	79 
5133	224 
5134	131 
5135	75 
5136	118 
5137	74 
5138	19 
5139	194 
5140	288 
5141	137 
5142	73 
5143	128 
5144	121 
5145	160 
5146	280 
5147	261 
5148	9 
5149	179 
5150	127 
5151	42 
5152	220 
5153	259 
5154	137 
5155	6 
5156	250 
5157	280 
5158	227 
5159	180 
5160	20 
5161	78 
5162	149 
5163	148 
5164	174 
5165	234 
5166	1 
5167	168 
5168	3 
5169	3 
5170	24 
5171	240 
5172	266 
5173	190 
5174	81 
5175	294 
5176	68 
5177	288 
5178	284 
5179	154 
5180	74 
5181	154 
5182	99 
5183	291 
5184	117 
5185	272 
5186	27 
5187	221 
5188	224 
5189	132 
5190	228 
5191	9 
5192	279 
5193	173 
5194	95 
5195	284 
5196	145 
5197	242 
5198	109 
5199	82 
5200	190 
5201	119 
5202	295 
5203	202 
5204	16 
5205	230 
5206	85 
5207	149 
5208	119 
5209	226 
5210	284 
5211	135 
5212	278 
5213	179 
5214	167 
5215	167 
5216	73 
5217	93 
5218	1 
5219	151 
5220	7 
5221	74 
5222	282 
5223	131 
5224	250 
5225	213 
5226	138 
5227	43 
5228	289 
5229	248 
5230	22 
5231	91 
5232	127 
5233	138 
5234	88 
5235	106 
5236	149 
5237	9 
5238	124 
5239	197 
5240	281 
5241	273 
5242	266 
5243	137 
5244	251 
5245	225 
5246	229 
5247	297 
5248	119 
5249	135 
5250	171 
5251	282 
5252	229 
5253	199 
5254	294 
5255	177 
5256	188 
5257	184 
5258	182 
5259	92 
5260	11 
5261	190 
5262	212 
5263	243 
5264	30 
5265	82 
5266	258 
5267	42 
5268	167 
5269	22 
5270	237 
5271	217 
5272	290 
5273	180 
5274	283 
5275	170 
5276	251 
5277	44 
5278	150 
5279	255 
5280	154 
5281	118 
5282	44 
5283	104 
5284	49 
5285	204 
5286	51 
5287	224 
5288	222 
5289	99 
5290	124 
5291	67 
5292	227 
5293	224 
5294	220 
5295	249 
5296	288 
5297	19 
5298	45 
5299	177 
5300	215 
5301	3 
5302	74 
5303	67 
5304	107 
5305	7 
5306	111 
5307	281 
5308	95 
5309	23 
5310	224 
5311	192 
5312	54 
5313	39 
5314	284 
5315	55 
5316	162 
5317	8 
5318	211 
5319	4 
5320	171 
5321	225 
5322	155 
5323	207 
5324	141 
5325	227 
5326	23 
5327	190 
5328	173 
5329	241 
5330	167 
5331	139 
5332	229 
5333	177 
5334	9 
5335	43 
5336	283 
5337	154 
5338	188 
5339	218 
5340	252 
5341	78 
5342	165 
5343	51 
5344	90 
5345	67 
5346	102 
5347	70 
5348	224 
5349	87 
5350	118 
5351	154 
5352	144 
5353	297 
5354	222 
5355	3 
5356	87 
5357	286 
5358	291 
5359	78 
5360	204 
5361	155 
5362	3 
5363	108 
5364	171 
5365	138 
5366	27 
5367	154 
5368	267 
5369	262 
5370	154 
5371	48 
5372	1 
5373	164 
5374	85 
5375	23 
5376	141 
5377	281 
5378	188 
5379	259 
5380	83 
5381	250 
5382	138 
5383	254 
5384	23 
5385	164 
5386	62 
5387	221 
5388	288 
5389	182 
5390	23 
5391	259 
5392	149 
5393	7 
5394	197 
5395	226 
5396	213 
5397	276 
5398	252 
5399	27 
5400	58 
5401	3 
5402	267 
5403	224 
5404	144 
5405	274 
5406	191 
5407	51 
5408	103 
5409	76 
5410	73 
5411	250 
5412	43 
5413	26 
5414	117 
5415	90 
5416	158 
5417	51 
5418	188 
5419	34 
5420	74 
5421	218 
5422	70 
5423	193 
5424	8 
5425	291 
5426	233 
5427	295 
5428	88 
5429	153 
5430	234 
5431	148 
5432	189 
5433	199 
5434	188 
5435	161 
5436	239 
5437	268 
5438	227 
5439	273 
5440	274 
5441	268 
5442	140 
5443	117 
5444	224 
5445	83 
5446	286 
5447	287 
5448	106 
5449	182 
5450	200 
5451	49 
5452	39 
5453	203 
5454	69 
5455	228 
5456	243 
5457	28 
5458	55 
5459	249 
5460	8 
5461	230 
5462	30 
5463	146 
5464	229 
5465	244 
5466	3 
5467	82 
5468	208 
5469	51 
5470	209 
5471	135 
5472	80 
5473	162 
5474	115 
5475	236 
5476	283 
5477	261 
5478	66 
5479	188 
5480	45 
5481	9 
5482	19 
5483	266 
5484	5 
5485	23 
5486	224 
5487	158 
5488	22 
5489	196 
5490	274 
5491	49 
5492	104 
5493	177 
5494	67 
5495	7 
5496	8 
5497	164 
5498	30 
5499	24 
5500	167 
5501	230 
5502	5 
5503	207 
5504	117 
5505	176 
5506	123 
5507	92 
5508	221 
5509	145 
5510	128 
5511	211 
5512	116 
5513	162 
5514	237 
5515	107 
5516	207 
5517	121 
5518	128 
5519	264 
5520	35 
5521	79 
5522	31 
5523	221 
5524	246 
5525	66 
5526	128 
5527	136 
5528	148 
5529	227 
5530	115 
5531	104 
5532	79 
5533	30 
5534	291 
5535	74 
5536	49 
5537	230 
5538	19 
5539	190 
5540	257 
5541	274 
5542	10 
5543	45 
5544	74 
5545	95 
5546	9 
5547	261 
5548	105 
5549	294 
5550	59 
5551	35 
5552	156 
5553	128 
5554	250 
5555	193 
5556	282 
5557	236 
5558	242 
5559	82 
5560	224 
5561	252 
5562	22 
5563	83 
5564	291 
5565	79 
5566	20 
5567	18 
5568	297 
5569	177 
5570	239 
5571	269 
5572	88 
5573	239 
5574	53 
5575	101 
5576	212 
5577	17 
5578	34 
5579	40 
5580	250 
5581	160 
5582	148 
5583	7 
5584	93 
5585	58 
5586	70 
5587	140 
5588	259 
5589	259 
5590	156 
5591	107 
5592	227 
5593	150 
5594	14 
5595	266 
5596	149 
5597	224 
5598	40 
5599	179 
5600	129 
5601	265 
5602	189 
5603	218 
5604	43 
5605	162 
5606	7 
5607	294 
5608	236 
5609	212 
5610	116 
5611	73 
5612	34 
5613	220 
5614	203 
5615	176 
5616	45 
5617	254 
5618	293 
5619	236 
5620	190 
5621	222 
5622	16 
5623	162 
5624	290 
5625	11 
5626	60 
5627	7 
5628	265 
5629	151 
5630	298 
5631	60 
5632	296 
5633	150 
5634	273 
5635	227 
5636	155 
5637	235 
5638	20 
5639	268 
5640	288 
5641	176 
5642	7 
5643	222 
5644	141 
5645	295 
5646	65 
5647	294 
5648	284 
5649	194 
5650	66 
5651	136 
5652	179 
5653	179 
5654	7 
5655	108 
5656	179 
5657	47 
5658	294 
5659	22 
5660	256 
5661	115 
5662	1 
5663	266 
5664	212 
5665	291 
5666	79 
5667	31 
5668	44 
5669	276 
5670	53 
5671	3 
5672	268 
5673	156 
5674	44 
5675	160 
5676	184 
5677	73 
5678	185 
5679	31 
5680	23 
5681	37 
5682	20 
5683	36 
5684	18 
5685	180 
5686	160 
5687	57 
5688	90 
5689	132 
5690	49 
5691	268 
5692	27 
5693	1 
5694	199 
5695	239 
5696	135 
5697	91 
5698	197 
5699	155 
5700	265 
5701	75 
5702	144 
5703	116 
5704	217 
5705	285 
5706	144 
5707	155 
5708	54 
5709	102 
5710	95 
5711	259 
5712	148 
5713	154 
5714	95 
5715	72 
5716	65 
5717	297 
5718	171 
5719	175 
5720	1 
5721	115 
5722	223 
5723	9 
5724	151 
5725	215 
5726	125 
5727	86 
5728	15 
5729	136 
5730	172 
5731	292 
5732	288 
5733	239 
5734	282 
5735	221 
5736	107 
5737	168 
5738	67 
5739	137 
5740	52 
5741	207 
5742	22 
5743	118 
5744	144 
5745	145 
5746	276 
5747	27 
5748	184 
5749	7 
5750	288 
5751	281 
5752	276 
5753	167 
5754	262 
5755	127 
5756	136 
5757	212 
5758	162 
5759	261 
5760	44 
5761	239 
5762	197 
5763	1 
5764	164 
5765	129 
5766	235 
5767	26 
5768	171 
5769	296 
5770	239 
5771	145 
5772	7 
5773	265 
5774	63 
5775	233 
5776	124 
5777	119 
5778	42 
5779	219 
5780	30 
5781	141 
5782	224 
5783	92 
5784	51 
5785	44 
5786	87 
5787	57 
5788	218 
5789	66 
5790	19 
5791	176 
5792	118 
5793	256 
5794	125 
5795	68 
5796	180 
5797	194 
5798	274 
5799	74 
5800	275 
5801	27 
5802	82 
5803	241 
5804	278 
5805	87 
5806	251 
5807	89 
5808	281 
5809	291 
5810	228 
5811	133 
5812	118 
5813	3 
5814	90 
5815	65 
5816	135 
5817	66 
5818	168 
5819	127 
5820	36 
5821	190 
5822	225 
5823	70 
5824	170 
5825	137 
5826	226 
5827	221 
5828	160 
5829	265 
5830	195 
5831	55 
5832	156 
5833	99 
5834	230 
5835	224 
5836	108 
5837	293 
5838	240 
5839	269 
5840	127 
5841	191 
5842	242 
5843	23 
5844	155 
5845	278 
5846	226 
5847	283 
5848	211 
5849	156 
5850	99 
5851	44 
5852	276 
5853	99 
5854	213 
5855	51 
5856	75 
5857	216 
5858	73 
5859	93 
5860	245 
5861	180 
5862	291 
5863	266 
5864	188 
5865	216 
5866	128 
5867	274 
5868	246 
5869	227 
5870	229 
5871	216 
5872	171 
5873	133 
5874	160 
5875	269 
5876	273 
5877	196 
5878	23 
5879	170 
5880	170 
5881	119 
5882	207 
5883	157 
5884	276 
5885	118 
5886	170 
5887	116 
5888	291 
5889	160 
5890	280 
5891	225 
5892	208 
5893	140 
5894	16 
5895	22 
5896	68 
5897	9 
5898	23 
5899	74 
5900	120 
5901	54 
5902	298 
5903	248 
5904	154 
5905	160 
5906	44 
5907	190 
5908	177 
5909	234 
5910	250 
5911	155 
5912	256 
5913	256 
5914	15 
5915	164 
5916	207 
5917	221 
5918	221 
5919	173 
5920	133 
5921	27 
5922	204 
5923	23 
5924	23 
5925	44 
5926	250 
5927	79 
5928	191 
5929	99 
5930	44 
5931	160 
5932	147 
5933	204 
5934	150 
5935	89 
5936	77 
5937	47 
5938	84 
5939	212 
5940	284 
5941	60 
5942	107 
5943	174 
5944	107 
5945	151 
5946	81 
5947	67 
5948	145 
5949	44 
5950	81 
5951	293 
5952	70 
5953	49 
5954	104 
5955	141 
5956	177 
5957	149 
5958	89 
5959	70 
5960	146 
5961	168 
5962	49 
5963	40 
5964	18 
5965	291 
5966	68 
5967	160 
5968	48 
5969	67 
5970	250 
5971	196 
5972	225 
5973	75 
5974	184 
5975	227 
5976	73 
5977	250 
5978	125 
5979	23 
5980	20 
5981	116 
5982	118 
5983	251 
5984	174 
5985	25 
5986	254 
5987	79 
5988	69 
5989	160 
5990	8 
5991	190 
5992	294 
5993	49 
5994	104 
5995	258 
5996	180 
5997	100 
5998	171 
5999	250 
6000	155 
6001	135 
6002	40 
6003	22 
6004	36 
6005	218 
6006	6 
6007	224 
6008	179 
6009	209 
6010	154 
6011	219 
6012	223 
6013	295 
6014	197 
6015	1 
6016	280 
6017	177 
6018	289 
6019	234 
6020	14 
6021	62 
6022	30 
6023	133 
6024	236 
6025	297 
6026	74 
6027	140 
6028	266 
6029	91 
6030	58 
6031	30 
6032	65 
6033	281 
6034	32 
6035	171 
6036	178 
6037	83 
6038	73 
6039	30 
6040	249 
6041	39 
6042	297 
6043	243 
6044	54 
6045	175 
6046	276 
6047	155 
6048	120 
6049	43 
6050	79 
6051	73 
6052	118 
6053	227 
6054	79 
6055	22 
6056	252 
6057	74 
6058	156 
6059	151 
6060	234 
6061	106 
6062	108 
6063	82 
6064	99 
6065	156 
6066	288 
6067	19 
6068	285 
6069	79 
6070	209 
6071	19 
6072	174 
6073	74 
6074	205 
6075	234 
6076	237 
6077	106 
6078	291 
6079	28 
6080	188 
6081	40 
6082	190 
6083	190 
6084	195 
6085	227 
6086	297 
6087	215 
6088	208 
6089	32 
6090	177 
6091	42 
6092	289 
6093	137 
6094	5 
6095	268 
6096	19 
6097	259 
6098	235 
6099	179 
6100	28 
6101	7 
6102	7 
6103	284 
6104	224 
6105	295 
6106	219 
6107	224 
6108	225 
6109	128 
6110	67 
6111	295 
6112	149 
6113	15 
6114	8 
6115	135 
6116	49 
6117	127 
6118	209 
6119	60 
6120	204 
6121	20 
6122	141 
6123	88 
6124	224 
6125	212 
6126	16 
6127	215 
6128	282 
6129	137 
6130	224 
6131	19 
6132	155 
6133	130 
6134	196 
6135	81 
6136	288 
6137	47 
6138	154 
6139	118 
6140	92 
6141	138 
6142	147 
6143	219 
6144	104 
6145	88 
6146	214 
6147	164 
6148	65 
6149	77 
6150	73 
6151	163 
6152	30 
6153	179 
6154	295 
6155	18 
6156	239 
6157	69 
6158	15 
6159	246 
6160	291 
6161	226 
6162	177 
6163	129 
6164	73 
6165	284 
6166	216 
6167	79 
6168	102 
6169	20 
6170	294 
6171	227 
6172	226 
6173	141 
6174	268 
6175	222 
6176	141 
6177	284 
6178	243 
6179	14 
6180	111 
6181	1 
6182	188 
6183	181 
6184	266 
6185	250 
6186	109 
6187	89 
6188	203 
6189	154 
6190	262 
6191	70 
6192	280 
6193	221 
6194	221 
6195	34 
6196	104 
6197	197 
6198	191 
6199	269 
6200	9 
6201	245 
6202	90 
6203	70 
6204	188 
6205	35 
6206	265 
6207	129 
6208	122 
6209	246 
6210	239 
6211	236 
6212	105 
6213	138 
6214	135 
6215	284 
6216	249 
6217	95 
6218	111 
6219	205 
6220	254 
6221	227 
6222	138 
6223	139 
6224	220 
6225	166 
6226	244 
6227	124 
6228	88 
6229	191 
6230	228 
6231	205 
6232	115 
6233	262 
6234	176 
6235	107 
6236	78 
6237	13 
6238	178 
6239	9 
6240	104 
6241	62 
6242	265 
6243	160 
6244	154 
6245	130 
6246	108 
6247	97 
6248	116 
6249	295 
6250	135 
6251	49 
6252	287 
6253	27 
6254	156 
6255	120 
6256	192 
6257	70 
6258	83 
6259	276 
6260	45 
6261	99 
6262	262 
6263	240 
6264	3 
6265	195 
6266	9 
6267	121 
6268	283 
6269	151 
6270	166 
6271	160 
6272	170 
6273	149 
6274	151 
6275	80 
6276	217 
6277	88 
6278	226 
6279	79 
6280	7 
6281	44 
6282	205 
6283	15 
6284	286 
6285	97 
6286	11 
6287	264 
6288	84 
6289	9 
6290	274 
6291	58 
6292	150 
6293	209 
6294	221 
6295	294 
6296	118 
6297	294 
6298	116 
6299	194 
6300	252 
6301	176 
6302	166 
6303	149 
6304	73 
6305	173 
6306	276 
6307	161 
6308	101 
6309	117 
6310	49 
6311	67 
6312	75 
6313	280 
6314	273 
6315	248 
6316	191 
6317	264 
6318	219 
6319	177 
6320	151 
6321	107 
6322	106 
6323	248 
6324	93 
6325	43 
6326	179 
6327	15 
6328	236 
6329	198 
6330	163 
6331	150 
6332	115 
6333	269 
6334	45 
6335	49 
6336	259 
6337	176 
6338	154 
6339	261 
6340	261 
6341	156 
6342	33 
6343	291 
6344	292 
6345	22 
6346	223 
6347	11 
6348	117 
6349	297 
6350	84 
6351	1 
6352	104 
6353	261 
6354	297 
6355	222 
6356	219 
6357	162 
6358	40 
6359	219 
6360	27 
6361	288 
6362	67 
6363	111 
6364	273 
6365	48 
6366	3 
6367	288 
6368	25 
6369	162 
6370	141 
6371	196 
6372	6 
6373	188 
6374	43 
6375	76 
6376	43 
6377	197 
6378	232 
6379	176 
6380	138 
6381	280 
6382	265 
6383	248 
6384	195 
6385	250 
6386	216 
6387	99 
6388	141 
6389	19 
6390	297 
6391	245 
6392	102 
6393	118 
6394	23 
6395	36 
6396	291 
6397	160 
6398	144 
6399	144 
6400	291 
6401	274 
6402	25 
6403	274 
6404	160 
6405	288 
6406	215 
6407	40 
6408	37 
6409	90 
6410	262 
6411	270 
6412	256 
6413	228 
6414	185 
6415	60 
6416	34 
6417	127 
6418	164 
6419	192 
6420	217 
6421	3 
6422	58 
6423	5 
6424	129 
6425	164 
6426	122 
6427	228 
6428	109 
6429	30 
6430	274 
6431	298 
6432	160 
6433	282 
6434	19 
6435	95 
6436	179 
6437	216 
6438	11 
6439	245 
6440	95 
6441	150 
6442	296 
6443	239 
6444	18 
6445	224 
6446	146 
6447	102 
6448	1 
6449	274 
6450	214 
6451	219 
6452	118 
6453	177 
6454	34 
6455	153 
6456	215 
6457	250 
6458	93 
6459	153 
6460	266 
6461	135 
6462	6 
6463	281 
6464	22 
6465	107 
6466	3 
6467	296 
6468	197 
6469	173 
6470	251 
6471	22 
6472	172 
6473	192 
6474	151 
6475	151 
6476	164 
6477	138 
6478	27 
6479	130 
6480	6 
6481	85 
6482	276 
6483	226 
6484	35 
6485	192 
6486	102 
6487	77 
6488	288 
6489	287 
6490	173 
6491	223 
6492	44 
6493	239 
6494	88 
6495	48 
6496	218 
6497	70 
6498	254 
6499	190 
6500	19 
6501	281 
6502	156 
6503	149 
6504	141 
6505	141 
6506	108 
6507	138 
6508	75 
6509	27 
6510	144 
6511	72 
6512	26 
6513	96 
6514	218 
6515	60 
6516	164 
6517	196 
6518	74 
6519	276 
6520	144 
6521	106 
6522	223 
6523	172 
6524	242 
6525	150 
6526	219 
6527	45 
6528	120 
6529	220 
6530	111 
6531	174 
6532	44 
6533	171 
6534	34 
6535	120 
6536	219 
6537	249 
6538	230 
6539	43 
6540	242 
6541	74 
6542	195 
6543	291 
6544	15 
6545	250 
6546	89 
6547	108 
6548	7 
6549	293 
6550	162 
6551	154 
6552	259 
6553	74 
6554	19 
6555	96 
6556	233 
6557	101 
6558	83 
6559	74 
6560	141 
6561	102 
6562	70 
6563	30 
6564	117 
6565	7 
6566	78 
6567	47 
6568	235 
6569	63 
6570	161 
6571	157 
6572	19 
6573	274 
6574	291 
6575	74 
6576	25 
6577	214 
6578	168 
6579	170 
6580	11 
6581	291 
6582	121 
6583	127 
6584	191 
6585	223 
6586	30 
6587	69 
6588	104 
6589	76 
6590	229 
6591	16 
6592	196 
6593	3 
6594	220 
6595	291 
6596	62 
6597	224 
6598	199 
6599	259 
6600	67 
6601	107 
6602	102 
6603	44 
6604	294 
6605	280 
6606	65 
6607	254 
6608	280 
6609	67 
6610	77 
6611	220 
6612	49 
6613	281 
6614	82 
6615	16 
6616	130 
6617	228 
6618	280 
6619	264 
6620	259 
6621	22 
6622	286 
6623	269 
6624	67 
6625	297 
6626	149 
6627	171 
6628	240 
6629	53 
6630	250 
6631	173 
6632	250 
6633	225 
6634	87 
6635	294 
6636	73 
6637	216 
6638	18 
6639	202 
6640	25 
6641	74 
6642	119 
6643	106 
6644	129 
6645	239 
6646	135 
6647	128 
6648	102 
6649	33 
6650	40 
6651	246 
6652	160 
6653	68 
6654	131 
6655	78 
6656	192 
6657	296 
6658	190 
6659	173 
6660	27 
6661	34 
6662	250 
6663	274 
6664	115 
6665	79 
6666	67 
6667	22 
6668	29 
6669	23 
6670	221 
6671	129 
6672	195 
6673	18 
6674	176 
6675	17 
6676	273 
6677	250 
6678	149 
6679	79 
6680	59 
6681	261 
6682	23 
6683	13 
6684	254 
6685	34 
6686	293 
6687	287 
6688	276 
6689	156 
6690	49 
6691	280 
6692	221 
6693	203 
6694	244 
6695	15 
6696	242 
6697	25 
6698	297 
6699	117 
6700	249 
6701	246 
6702	106 
6703	190 
6704	239 
6705	284 
6706	75 
6707	297 
6708	82 
6709	219 
6710	67 
6711	264 
6712	282 
6713	67 
6714	97 
6715	5 
6716	18 
6717	248 
6718	215 
6719	295 
6720	118 
6721	259 
6722	19 
6723	116 
6724	188 
6725	193 
6726	258 
6727	88 
6728	144 
6729	23 
6730	52 
6731	79 
6732	99 
6733	105 
6734	115 
6735	289 
6736	117 
6737	162 
6738	197 
6739	243 
6740	174 
6741	221 
6742	283 
6743	270 
6744	123 
6745	232 
6746	33 
6747	95 
6748	227 
6749	225 
6750	162 
6751	3 
6752	82 
6753	144 
6754	44 
6755	208 
6756	287 
6757	128 
6758	156 
6759	232 
6760	221 
6761	16 
6762	149 
6763	227 
6764	19 
6765	178 
6766	180 
6767	190 
6768	224 
6769	289 
6770	256 
6771	89 
6772	171 
6773	213 
6774	117 
6775	129 
6776	285 
6777	11 
6778	270 
6779	225 
6780	99 
6781	254 
6782	274 
6783	179 
6784	219 
6785	44 
6786	215 
6787	190 
6788	252 
6789	155 
6790	289 
6791	189 
6792	74 
6793	99 
6794	176 
6795	264 
6796	111 
6797	25 
6798	81 
6799	19 
6800	138 
6801	155 
6802	54 
6803	100 
6804	219 
6805	229 
6806	287 
6807	144 
6808	105 
6809	67 
6810	88 
6811	287 
6812	166 
6813	42 
6814	240 
6815	97 
6816	29 
6817	192 
6818	276 
6819	109 
6820	20 
6821	19 
6822	199 
6823	135 
6824	52 
6825	6 
6826	269 
6827	105 
6828	160 
6829	9 
6830	225 
6831	28 
6832	27 
6833	89 
6834	129 
6835	296 
6836	146 
6837	62 
6838	65 
6839	296 
6840	34 
6841	207 
6842	6 
6843	246 
6844	67 
6845	216 
6846	199 
6847	288 
6848	135 
6849	288 
6850	289 
6851	249 
6852	174 
6853	109 
6854	270 
6855	244 
6856	99 
6857	203 
6858	288 
6859	195 
6860	104 
6861	265 
6862	108 
6863	1 
6864	107 
6865	93 
6866	58 
6867	207 
6868	138 
6869	60 
6870	13 
6871	188 
6872	154 
6873	68 
6874	7 
6875	8 
6876	79 
6877	11 
6878	250 
6879	174 
6880	108 
6881	133 
6882	218 
6883	266 
6884	102 
6885	118 
6886	204 
6887	227 
6888	117 
6889	171 
6890	118 
6891	6 
6892	118 
6893	160 
6894	250 
6895	154 
6896	172 
6897	45 
6898	23 
6899	281 
6900	93 
6901	197 
6902	251 
6903	291 
6904	27 
6905	171 
6906	20 
6907	95 
6908	148 
6909	239 
6910	297 
6911	244 
6912	221 
6913	164 
6914	172 
6915	250 
6916	43 
6917	289 
6918	249 
6919	190 
6920	276 
6921	30 
6922	297 
6923	214 
6924	40 
6925	146 
6926	179 
6927	5 
6928	10 
6929	221 
6930	67 
6931	34 
6932	256 
6933	66 
6934	163 
6935	251 
6936	74 
6937	99 
6938	219 
6939	270 
6940	43 
6941	118 
6942	111 
6943	203 
6944	111 
6945	259 
6946	218 
6947	227 
6948	150 
6949	256 
6950	138 
6951	60 
6952	138 
6953	107 
6954	1 
6955	54 
6956	67 
6957	58 
6958	254 
6959	104 
6960	6 
6961	212 
6962	160 
6963	77 
6964	250 
6965	89 
6966	285 
6967	173 
6968	20 
6969	193 
6970	177 
6971	171 
6972	33 
6973	202 
6974	281 
6975	244 
6976	295 
6977	54 
6978	13 
6979	92 
6980	190 
6981	174 
6982	167 
6983	60 
6984	79 
6985	242 
6986	174 
6987	31 
6988	40 
6989	89 
6990	70 
6991	285 
6992	121 
6993	291 
6994	116 
6995	266 
6996	254 
6997	228 
6998	176 
6999	283 
7000	7 
7001	259 
7002	23 
7003	214 
7004	179 
7005	44 
7006	82 
7007	261 
7008	16 
7009	240 
7010	282 
7011	164 
7012	283 
7013	144 
7014	173 
7015	268 
7016	78 
7017	30 
7018	147 
7019	33 
7020	197 
7021	108 
7022	111 
7023	288 
7024	69 
7025	79 
7026	177 
7027	138 
7028	190 
7029	292 
7030	274 
7031	22 
7032	211 
7033	156 
7034	192 
7035	124 
7036	288 
7037	88 
7038	256 
7039	74 
7040	236 
7041	155 
7042	285 
7043	155 
7044	102 
7045	246 
7046	66 
7047	16 
7048	115 
7049	139 
7050	66 
7051	175 
7052	232 
7053	233 
7054	234 
7055	95 
7056	51 
7057	226 
7058	180 
7059	47 
7060	151 
7061	141 
7062	40 
7063	76 
7064	276 
7065	107 
7066	19 
7067	5 
7068	233 
7069	148 
7070	144 
7071	279 
7072	95 
7073	184 
7074	224 
7075	207 
7076	254 
7077	146 
7078	16 
7079	117 
7080	177 
7081	230 
7082	124 
7083	170 
7084	117 
7085	79 
7086	236 
7087	124 
7088	9 
7089	95 
7090	139 
7091	87 
7092	76 
7093	284 
7094	132 
7095	192 
7096	176 
7097	74 
7098	259 
7099	179 
7100	44 
7101	44 
7102	70 
7103	188 
7104	190 
7105	124 
7106	219 
7107	251 
7108	45 
7109	167 
7110	102 
7111	276 
7112	17 
7113	226 
7114	224 
7115	9 
7116	118 
7117	204 
7118	242 
7119	298 
7120	115 
7121	157 
7122	276 
7123	154 
7124	262 
7125	74 
7126	172 
7127	92 
7128	167 
7129	190 
7130	217 
7131	96 
7132	34 
7133	121 
7134	157 
7135	30 
7136	9 
7137	155 
7138	67 
7139	261 
7140	129 
7141	16 
7142	43 
7143	177 
7144	194 
7145	30 
7146	105 
7147	179 
7148	3 
7149	179 
7150	27 
7151	273 
7152	84 
7153	172 
7154	222 
7155	18 
7156	172 
7157	156 
7158	44 
7159	220 
7160	236 
7161	44 
7162	297 
7163	171 
7164	11 
7165	276 
7166	297 
7167	232 
7168	102 
7169	89 
7170	107 
7171	230 
7172	69 
7173	281 
7174	284 
7175	138 
7176	10 
7177	227 
7178	171 
7179	156 
7180	118 
7181	150 
7182	118 
7183	260 
7184	128 
7185	172 
7186	222 
7187	212 
7188	197 
7189	25 
7190	82 
7191	5 
7192	242 
7193	287 
7194	43 
7195	131 
7196	73 
7197	104 
7198	219 
7199	244 
7200	219 
7201	106 
7202	279 
7203	297 
7204	283 
7205	132 
7206	5 
7207	34 
7208	260 
7209	174 
7210	242 
7211	44 
7212	44 
7213	22 
7214	177 
7215	11 
7216	51 
7217	20 
7218	70 
7219	235 
7220	211 
7221	226 
7222	190 
7223	9 
7224	239 
7225	289 
7226	174 
7227	227 
7228	155 
7229	293 
7230	223 
7231	150 
7232	10 
7233	214 
7234	129 
7235	9 
7236	8 
7237	174 
7238	3 
7239	104 
7240	250 
7241	216 
7242	74 
7243	74 
7244	168 
7245	164 
7246	214 
7247	78 
7248	156 
7249	160 
7250	13 
7251	236 
7252	235 
7253	124 
7254	221 
7255	262 
7256	22 
7257	111 
7258	202 
7259	237 
7260	218 
7261	269 
7262	297 
7263	95 
7264	121 
7265	141 
7266	63 
7267	105 
7268	138 
7269	63 
7270	257 
7271	171 
7272	5 
7273	248 
7274	171 
7275	44 
7276	102 
7277	70 
7278	259 
7279	164 
7280	160 
7281	233 
7282	9 
7283	283 
7284	164 
7285	285 
7286	176 
7287	19 
7288	248 
7289	280 
7290	195 
7291	123 
7292	93 
7293	276 
7294	248 
7295	161 
7296	67 
7297	141 
7298	289 
7299	298 
7300	293 
7301	60 
7302	92 
7303	93 
7304	216 
7305	93 
7306	104 
7307	22 
7308	219 
7309	49 
7310	40 
7311	74 
7312	107 
7313	251 
7314	45 
7315	146 
7316	243 
7317	117 
7318	280 
7319	135 
7320	197 
7321	174 
7322	250 
7323	154 
7324	119 
7325	115 
7326	225 
7327	67 
7328	108 
7329	137 
7330	250 
7331	151 
7332	120 
7333	67 
7334	222 
7335	30 
7336	225 
7337	121 
7338	212 
7339	150 
7340	44 
7341	115 
7342	3 
7343	190 
7344	262 
7345	215 
7346	229 
7347	148 
7348	3 
7349	243 
7350	9 
7351	105 
7352	63 
7353	115 
7354	9 
7355	20 
7356	216 
7357	224 
7358	108 
7359	105 
7360	67 
7361	156 
7362	259 
7363	194 
7364	177 
7365	52 
7366	139 
7367	34 
7368	233 
7369	193 
7370	222 
7371	279 
7372	179 
7373	70 
7374	81 
7375	227 
7376	179 
7377	36 
7378	138 
7379	164 
7380	162 
7381	135 
7382	216 
7383	23 
7384	191 
7385	42 
7386	184 
7387	34 
7388	115 
7389	164 
7390	139 
7391	79 
7392	222 
7393	74 
7394	8 
7395	261 
7396	124 
7397	81 
7398	164 
7399	151 
7400	137 
7401	51 
7402	62 
7403	250 
7404	244 
7405	219 
7406	33 
7407	293 
7408	223 
7409	243 
7410	1 
7411	115 
7412	131 
7413	227 
7414	180 
7415	104 
7416	92 
7417	33 
7418	224 
7419	138 
7420	276 
7421	228 
7422	149 
7423	171 
7424	289 
7425	221 
7426	164 
7427	108 
7428	48 
7429	219 
7430	259 
7431	240 
7432	259 
7433	75 
7434	234 
7435	7 
7436	227 
7437	73 
7438	284 
7439	251 
7440	11 
7441	225 
7442	250 
7443	276 
7444	296 
7445	34 
7446	75 
7447	227 
7448	11 
7449	195 
7450	107 
7451	164 
7452	121 
7453	180 
7454	127 
7455	81 
7456	30 
7457	30 
7458	242 
7459	289 
7460	5 
7461	204 
7462	227 
7463	176 
7464	138 
7465	257 
7466	1 
7467	9 
7468	189 
7469	157 
7470	95 
7471	105 
7472	30 
7473	288 
7474	189 
7475	260 
7476	77 
7477	109 
7478	106 
7479	191 
7480	280 
7481	163 
7482	131 
7483	138 
7484	106 
7485	244 
7486	22 
7487	116 
7488	155 
7489	99 
7490	99 
7491	219 
7492	118 
7493	297 
7494	285 
7495	87 
7496	266 
7497	225 
7498	264 
7499	196 
7500	75 
7501	60 
7502	68 
7503	28 
7504	83 
7505	9 
7506	34 
7507	70 
7508	23 
7509	224 
7510	117 
7511	244 
7512	49 
7513	81 
7514	239 
7515	280 
7516	96 
7517	283 
7518	193 
7519	294 
7520	232 
7521	196 
7522	268 
7523	224 
7524	40 
7525	228 
7526	293 
7527	22 
7528	285 
7529	190 
7530	99 
7531	225 
7532	239 
7533	240 
7534	7 
7535	217 
7536	121 
7537	215 
7538	197 
7539	99 
7540	289 
7541	147 
7542	118 
7543	156 
7544	240 
7545	127 
7546	30 
7547	220 
7548	295 
7549	99 
7550	282 
7551	195 
7552	281 
7553	127 
7554	171 
7555	288 
7556	104 
7557	216 
7558	131 
7559	15 
7560	44 
7561	68 
7562	262 
7563	30 
7564	293 
7565	138 
7566	293 
7567	222 
7568	60 
7569	144 
7570	7 
7571	296 
7572	66 
7573	223 
7574	128 
7575	269 
7576	295 
7577	246 
7578	293 
7579	249 
7580	168 
7581	1 
7582	147 
7583	30 
7584	216 
7585	215 
7586	227 
7587	95 
7588	19 
7589	221 
7590	154 
7591	24 
7592	264 
7593	164 
7594	237 
7595	102 
7596	224 
7597	192 
7598	235 
7599	68 
7600	167 
7601	52 
7602	293 
7603	216 
7604	193 
7605	5 
7606	96 
7607	79 
7608	221 
7609	128 
7610	9 
7611	217 
7612	225 
7613	171 
7614	76 
7615	16 
7616	251 
7617	19 
7618	236 
7619	66 
7620	284 
7621	77 
7622	124 
7623	284 
7624	28 
7625	179 
7626	196 
7627	273 
7628	75 
7629	15 
7630	176 
7631	177 
7632	51 
7633	251 
7634	135 
7635	19 
7636	291 
7637	282 
7638	7 
7639	171 
7640	137 
7641	1 
7642	174 
7643	229 
7644	170 
7645	22 
7646	184 
7647	93 
7648	43 
7649	236 
7650	284 
7651	15 
7652	188 
7653	82 
7654	7 
7655	34 
7656	160 
7657	260 
7658	79 
7659	60 
7660	141 
7661	225 
7662	72 
7663	34 
7664	130 
7665	43 
7666	156 
7667	236 
7668	174 
7669	70 
7670	108 
7671	62 
7672	174 
7673	15 
7674	108 
7675	281 
7676	9 
7677	22 
7678	3 
7679	138 
7680	44 
7681	111 
7682	40 
7683	19 
7684	219 
7685	176 
7686	258 
7687	44 
7688	170 
7689	171 
7690	280 
7691	254 
7692	177 
7693	92 
7694	249 
7695	243 
7696	224 
7697	162 
7698	17 
7699	111 
7700	293 
7701	280 
7702	128 
7703	160 
7704	177 
7705	164 
7706	154 
7707	79 
7708	262 
7709	196 
7710	179 
7711	195 
7712	18 
7713	10 
7714	229 
7715	225 
7716	43 
7717	117 
7718	262 
7719	171 
7720	27 
7721	283 
7722	243 
7723	78 
7724	184 
7725	196 
7726	250 
7727	118 
7728	23 
7729	141 
7730	226 
7731	202 
7732	216 
7733	244 
7734	293 
7735	220 
7736	135 
7737	141 
7738	287 
7739	184 
7740	216 
7741	276 
7742	70 
7743	51 
7744	285 
7745	268 
7746	95 
7747	244 
7748	276 
7749	78 
7750	214 
7751	266 
7752	15 
7753	214 
7754	131 
7755	117 
7756	20 
7757	171 
7758	7 
7759	43 
7760	116 
7761	99 
7762	10 
7763	129 
7764	99 
7765	7 
7766	228 
7767	53 
7768	69 
7769	33 
7770	9 
7771	22 
7772	93 
7773	73 
7774	232 
7775	27 
7776	155 
7777	93 
7778	74 
7779	232 
7780	5 
7781	102 
7782	179 
7783	48 
7784	73 
7785	261 
7786	69 
7787	243 
7788	118 
7789	258 
7790	211 
7791	261 
7792	36 
7793	19 
7794	117 
7795	289 
7796	225 
7797	109 
7798	179 
7799	54 
7800	216 
7801	25 
7802	11 
7803	138 
7804	68 
7805	285 
7806	129 
7807	249 
7808	160 
7809	179 
7810	96 
7811	214 
7812	115 
7813	211 
7814	52 
7815	240 
7816	141 
7817	215 
7818	177 
7819	249 
7820	19 
7821	40 
7822	19 
7823	111 
7824	30 
7825	174 
7826	135 
7827	137 
7828	243 
7829	48 
7830	45 
7831	19 
7832	240 
7833	244 
7834	44 
7835	99 
7836	48 
7837	225 
7838	66 
7839	51 
7840	250 
7841	141 
7842	257 
7843	234 
7844	196 
7845	285 
7846	123 
7847	156 
7848	162 
7849	104 
7850	123 
7851	77 
7852	27 
7853	79 
7854	7 
7855	18 
7856	36 
7857	282 
7858	294 
7859	214 
7860	62 
7861	67 
7862	297 
7863	124 
7864	9 
7865	171 
7866	285 
7867	123 
7868	172 
7869	3 
7870	51 
7871	20 
7872	70 
7873	239 
7874	244 
7875	52 
7876	23 
7877	11 
7878	108 
7879	54 
7880	240 
7881	10 
7882	93 
7883	227 
7884	79 
7885	204 
7886	6 
7887	196 
7888	66 
7889	141 
7890	36 
7891	34 
7892	141 
7893	151 
7894	258 
7895	174 
7896	225 
7897	257 
7898	160 
7899	107 
7900	124 
7901	288 
7902	285 
7903	115 
7904	160 
7905	53 
7906	191 
7907	23 
7908	111 
7909	75 
7910	99 
7911	282 
7912	219 
7913	138 
7914	294 
7915	227 
7916	176 
7917	137 
7918	296 
7919	236 
7920	216 
7921	58 
7922	199 
7923	138 
7924	15 
7925	218 
7926	177 
7927	83 
7928	82 
7929	135 
7930	79 
7931	295 
7932	75 
7933	155 
7934	171 
7935	117 
7936	291 
7937	23 
7938	44 
7939	174 
7940	250 
7941	63 
7942	111 
7943	285 
7944	83 
7945	171 
7946	19 
7947	208 
7948	76 
7949	156 
7950	116 
7951	16 
7952	79 
7953	76 
7954	35 
7955	218 
7956	285 
7957	117 
7958	297 
7959	9 
7960	34 
7961	177 
7962	294 
7963	15 
7964	16 
7965	15 
7966	262 
7967	27 
7968	180 
7969	259 
7970	149 
7971	30 
7972	209 
7973	40 
7974	239 
7975	51 
7976	274 
7977	164 
7978	199 
7979	281 
7980	63 
7981	27 
7982	282 
7983	297 
7984	193 
7985	212 
7986	177 
7987	144 
7988	259 
7989	141 
7990	76 
7991	164 
7992	105 
7993	117 
7994	138 
7995	107 
7996	116 
7997	154 
7998	221 
7999	219 
8000	141 
8001	117 
8002	63 
8003	162 
8004	157 
8005	219 
8006	105 
8007	74 
8008	221 
8009	88 
8010	99 
8011	30 
8012	264 
8013	96 
8014	281 
8015	264 
8016	138 
8017	137 
8018	45 
8019	154 
8020	49 
8021	135 
8022	23 
8023	144 
8024	172 
8025	221 
8026	45 
8027	180 
8028	236 
8029	27 
8030	288 
8031	171 
8032	223 
8033	260 
8034	177 
8035	19 
8036	16 
8037	84 
8038	18 
8039	33 
8040	234 
8041	191 
8042	23 
8043	119 
8044	225 
8045	82 
8046	34 
8047	9 
8048	281 
8049	19 
8050	24 
8051	288 
8052	259 
8053	63 
8054	291 
8055	79 
8056	60 
8057	22 
8058	102 
8059	95 
8060	289 
8061	1 
8062	243 
8063	284 
8064	138 
8065	43 
8066	82 
8067	115 
8068	102 
8069	280 
8070	254 
8071	81 
8072	79 
8073	93 
8074	70 
8075	18 
8076	259 
8077	123 
8078	23 
8079	75 
8080	54 
8081	117 
8082	82 
8083	281 
8084	107 
8085	244 
8086	104 
8087	73 
8088	124 
8089	223 
8090	127 
8091	266 
8092	155 
8093	171 
8094	232 
8095	42 
8096	89 
8097	96 
8098	82 
8099	78 
8100	296 
8101	138 
8102	297 
8103	221 
8104	170 
8105	33 
8106	137 
8107	7 
8108	17 
8109	244 
8110	70 
8111	172 
8112	234 
8113	280 
8114	191 
8115	137 
8116	227 
8117	162 
8118	240 
8119	208 
8120	141 
8121	79 
8122	196 
8123	164 
8124	28 
8125	27 
8126	283 
8127	296 
8128	48 
8129	102 
8130	197 
8131	76 
8132	179 
8133	190 
8134	224 
8135	10 
8136	68 
8137	135 
8138	74 
8139	243 
8140	280 
8141	160 
8142	44 
8143	215 
8144	66 
8145	34 
8146	115 
8147	107 
8148	236 
8149	105 
8150	246 
8151	265 
8152	137 
8153	265 
8154	67 
8155	222 
8156	288 
8157	248 
8158	191 
8159	284 
8160	6 
8161	138 
8162	102 
8163	184 
8164	3 
8165	215 
8166	35 
8167	135 
8168	291 
8169	154 
8170	5 
8171	226 
8172	214 
8173	23 
8174	87 
8175	232 
8176	188 
8177	288 
8178	284 
8179	43 
8180	102 
8181	79 
8182	221 
8183	192 
8184	221 
8185	74 
8186	260 
8187	23 
8188	170 
8189	172 
8190	239 
8191	87 
8192	45 
8193	177 
8194	62 
8195	104 
8196	188 
8197	44 
8198	15 
8199	179 
8200	284 
8201	190 
8202	16 
8203	10 
8204	124 
8205	222 
8206	121 
8207	149 
8208	36 
8209	70 
8210	67 
8211	193 
8212	154 
8213	96 
8214	216 
8215	63 
8216	24 
8217	215 
8218	67 
8219	144 
8220	144 
8221	22 
8222	212 
8223	190 
8224	196 
8225	193 
8226	164 
8227	162 
8228	177 
8229	254 
8230	184 
8231	266 
8232	284 
8233	135 
8234	141 
8235	177 
8236	160 
8237	172 
8238	226 
8239	79 
8240	221 
8241	102 
8242	118 
8243	172 
8244	51 
8245	240 
8246	77 
8247	7 
8248	106 
8249	78 
8250	40 
8251	96 
8252	137 
8253	266 
8254	124 
8255	115 
8256	268 
8257	289 
8258	105 
8259	78 
8260	67 
8261	99 
8262	36 
8263	162 
8264	66 
8265	239 
8266	16 
8267	167 
8268	7 
8269	42 
8270	150 
8271	74 
8272	73 
8273	95 
8274	232 
8275	236 
8276	118 
8277	89 
8278	289 
8279	154 
8280	156 
8281	188 
8282	250 
8283	67 
8284	170 
8285	224 
8286	221 
8287	75 
8288	109 
8289	116 
8290	154 
8291	216 
8292	15 
8293	83 
8294	83 
8295	195 
8296	297 
8297	173 
8298	118 
8299	294 
8300	28 
8301	137 
8302	111 
8303	191 
8304	219 
8305	68 
8306	293 
8307	7 
8308	74 
8309	268 
8310	184 
8311	138 
8312	261 
8313	179 
8314	146 
8315	141 
8316	222 
8317	128 
8318	62 
8319	68 
8320	116 
8321	66 
8322	219 
8323	144 
8324	170 
8325	43 
8326	224 
8327	291 
8328	196 
8329	196 
8330	240 
8331	284 
8332	294 
8333	34 
8334	138 
8335	10 
8336	226 
8337	63 
8338	68 
8339	236 
8340	104 
8341	63 
8342	154 
8343	224 
8344	264 
8345	99 
8346	34 
8347	218 
8348	82 
8349	70 
8350	157 
8351	219 
8352	191 
8353	167 
8354	243 
8355	295 
8356	116 
8357	151 
8358	155 
8359	99 
8360	218 
8361	171 
8362	193 
8363	289 
8364	66 
8365	109 
8366	60 
8367	288 
8368	264 
8369	173 
8370	283 
8371	225 
8372	242 
8373	265 
8374	116 
8375	9 
8376	9 
8377	7 
8378	9 
8379	84 
8380	291 
8381	151 
8382	95 
8383	278 
8384	197 
8385	171 
8386	9 
8387	288 
8388	254 
8389	70 
8390	138 
8391	70 
8392	93 
8393	63 
8394	250 
8395	288 
8396	43 
8397	281 
8398	192 
8399	121 
8400	190 
8401	115 
8402	259 
8403	265 
8404	1 
8405	106 
8406	69 
8407	1 
8408	242 
8409	160 
8410	27 
8411	62 
8412	121 
8413	93 
8414	150 
8415	23 
8416	184 
8417	293 
8418	219 
8419	233 
8420	44 
8421	104 
8422	116 
8423	266 
8424	49 
8425	84 
8426	107 
8427	104 
8428	111 
8429	188 
8430	258 
8431	281 
8432	81 
8433	9 
8434	150 
8435	176 
8436	34 
8437	70 
8438	18 
8439	105 
8440	287 
8441	295 
8442	229 
8443	258 
8444	123 
8445	209 
8446	218 
8447	218 
8448	289 
8449	254 
8450	25 
8451	239 
8452	222 
8453	106 
8454	179 
8455	177 
8456	3 
8457	88 
8458	52 
8459	24 
8460	174 
8461	221 
8462	27 
8463	15 
8464	11 
8465	250 
8466	281 
8467	283 
8468	239 
8469	70 
8470	226 
8471	138 
8472	250 
8473	40 
8474	266 
8475	104 
8476	227 
8477	236 
8478	117 
8479	70 
8480	240 
8481	197 
8482	212 
8483	162 
8484	218 
8485	239 
8486	6 
8487	70 
8488	118 
8489	30 
8490	154 
8491	34 
8492	150 
8493	137 
8494	44 
8495	261 
8496	15 
8497	95 
8498	34 
8499	7 
8500	242 
8501	250 
8502	229 
8503	230 
8504	116 
8505	250 
8506	111 
8507	226 
8508	102 
8509	216 
8510	107 
8511	118 
8512	219 
8513	157 
8514	106 
8515	234 
8516	287 
8517	109 
8518	105 
8519	19 
8520	77 
8521	30 
8522	246 
8523	102 
8524	226 
8525	224 
8526	74 
8527	225 
8528	108 
8529	297 
8530	219 
8531	116 
8532	171 
8533	116 
8534	3 
8535	289 
8536	190 
8537	96 
8538	239 
8539	164 
8540	258 
8541	240 
8542	291 
8543	215 
8544	19 
8545	70 
8546	258 
8547	243 
8548	216 
8549	75 
8550	173 
8551	250 
8552	44 
8553	95 
8554	266 
8555	259 
8556	70 
8557	124 
8558	135 
8559	82 
8560	34 
8561	288 
8562	156 
8563	297 
8564	149 
8565	149 
8566	111 
8567	295 
8568	242 
8569	240 
8570	294 
8571	25 
8572	49 
8573	249 
8574	40 
8575	83 
8576	191 
8577	17 
8578	177 
8579	9 
8580	45 
8581	150 
8582	34 
8583	141 
8584	216 
8585	248 
8586	297 
8587	10 
8588	141 
8589	33 
8590	177 
8591	251 
8592	184 
8593	160 
8594	118 
8595	117 
8596	250 
8597	250 
8598	264 
8599	60 
8600	293 
8601	45 
8602	11 
8603	216 
8604	17 
8605	219 
8606	124 
8607	188 
8608	119 
8609	7 
8610	9 
8611	117 
8612	82 
8613	171 
8614	99 
8615	264 
8616	6 
8617	244 
8618	164 
8619	102 
8620	281 
8621	239 
8622	19 
8623	7 
8624	109 
8625	261 
8626	7 
8627	67 
8628	34 
8629	274 
8630	276 
8631	214 
8632	282 
8633	282 
8634	16 
8635	191 
8636	9 
8637	107 
8638	285 
8639	294 
8640	191 
8641	240 
8642	9 
8643	229 
8644	79 
8645	117 
8646	287 
8647	293 
8648	227 
8649	137 
8650	160 
8651	99 
8652	19 
8653	294 
8654	284 
8655	3 
8656	40 
8657	197 
8658	259 
8659	70 
8660	76 
8661	34 
8662	74 
8663	261 
8664	176 
8665	199 
8666	221 
8667	172 
8668	1 
8669	251 
8670	173 
8671	66 
8672	225 
8673	36 
8674	151 
8675	285 
8676	108 
8677	124 
8678	141 
8679	155 
8680	164 
8681	74 
8682	124 
8683	160 
8684	282 
8685	154 
8686	137 
8687	236 
8688	225 
8689	244 
8690	36 
8691	229 
8692	156 
8693	81 
8694	155 
8695	240 
8696	224 
8697	254 
8698	70 
8699	297 
8700	150 
8701	274 
8702	288 
8703	219 
8704	23 
8705	111 
8706	171 
8707	190 
8708	179 
8709	23 
8710	106 
8711	9 
8712	179 
8713	106 
8714	192 
8715	23 
8716	1 
8717	15 
8718	177 
8719	216 
8720	218 
8721	9 
8722	144 
8723	196 
8724	109 
8725	282 
8726	233 
8727	9 
8728	221 
8729	260 
8730	196 
8731	117 
8732	215 
8733	10 
8734	34 
8735	229 
8736	155 
8737	297 
8738	244 
8739	141 
8740	20 
8741	176 
8742	174 
8743	179 
8744	243 
8745	7 
8746	96 
8747	68 
8748	25 
8749	230 
8750	19 
8751	197 
8752	22 
8753	106 
8754	223 
8755	160 
8756	60 
8757	167 
8758	222 
8759	297 
8760	128 
8761	105 
8762	89 
8763	118 
8764	288 
8765	137 
8766	224 
8767	99 
8768	49 
8769	284 
8770	45 
8771	176 
8772	284 
8773	135 
8774	30 
8775	244 
8776	221 
8777	51 
8778	190 
8779	280 
8780	176 
8781	228 
8782	227 
8783	9 
8784	99 
8785	219 
8786	146 
8787	195 
8788	99 
8789	30 
8790	22 
8791	224 
8792	284 
8793	30 
8794	104 
8795	179 
8796	10 
8797	287 
8798	164 
8799	219 
8800	1 
8801	287 
8802	227 
8803	284 
8804	95 
8805	164 
8806	9 
8807	239 
8808	192 
8809	105 
8810	67 
8811	266 
8812	176 
8813	30 
8814	15 
8815	18 
8816	288 
8817	89 
8818	102 
8819	214 
8820	138 
8821	102 
8822	49 
8823	7 
8824	135 
8825	116 
8826	73 
8827	34 
8828	268 
8829	18 
8830	259 
8831	239 
8832	259 
8833	173 
8834	89 
8835	280 
8836	124 
8837	284 
8838	297 
8839	295 
8840	212 
8841	251 
8842	70 
8843	22 
8844	74 
8845	99 
8846	96 
8847	233 
8848	23 
8849	192 
8850	68 
8851	224 
8852	27 
8853	135 
8854	3 
8855	195 
8856	1 
8857	78 
8858	135 
8859	289 
8860	177 
8861	190 
8862	197 
8863	70 
8864	179 
8865	216 
8866	188 
8867	106 
8868	176 
8869	73 
8870	144 
8871	179 
8872	215 
8873	295 
8874	82 
8875	226 
8876	276 
8877	219 
8878	149 
8879	102 
8880	171 
8881	135 
8882	34 
8883	232 
8884	266 
8885	291 
8886	6 
8887	67 
8888	218 
8889	168 
8890	104 
8891	135 
8892	19 
8893	34 
8894	264 
8895	124 
8896	284 
8897	197 
8898	73 
8899	141 
8900	88 
8901	40 
8902	79 
8903	295 
8904	128 
8905	69 
8906	78 
8907	141 
8908	141 
8909	232 
8910	16 
8911	268 
8912	284 
8913	34 
8914	15 
8915	150 
8916	19 
8917	70 
8918	44 
8919	174 
8920	74 
8921	154 
8922	27 
8923	285 
8924	10 
8925	240 
8926	111 
8927	173 
8928	190 
8929	115 
8930	137 
8931	160 
8932	156 
8933	70 
8934	264 
8935	246 
8936	11 
8937	164 
8938	264 
8939	156 
8940	224 
8941	18 
8942	141 
8943	154 
8944	233 
8945	188 
8946	118 
8947	274 
8948	149 
8949	154 
8950	219 
8951	192 
8952	16 
8953	197 
8954	23 
8955	7 
8956	78 
8957	106 
8958	18 
8959	34 
8960	7 
8961	289 
8962	240 
8963	108 
8964	104 
8965	224 
8966	10 
8967	188 
8968	282 
8969	162 
8970	36 
8971	154 
8972	82 
8973	118 
8974	197 
8975	45 
8976	34 
8977	264 
8978	280 
8979	1 
8980	174 
8981	7 
8982	240 
8983	177 
8984	6 
8985	141 
8986	295 
8987	219 
8988	287 
8989	222 
8990	99 
8991	6 
8992	73 
8993	212 
8994	236 
8995	9 
8996	221 
8997	215 
8998	291 
8999	144 
9000	44 
9001	215 
9002	190 
9003	164 
9004	284 
9005	229 
9006	264 
9007	3 
9008	74 
9009	43 
9010	141 
9011	244 
9012	219 
9013	135 
9014	174 
9015	197 
9016	30 
9017	70 
9018	227 
9019	66 
9020	266 
9021	268 
9022	99 
9023	68 
9024	288 
9025	214 
9026	174 
9027	250 
9028	293 
9029	287 
9030	44 
9031	104 
9032	151 
9033	149 
9034	215 
9035	281 
9036	266 
9037	221 
9038	173 
9039	93 
9040	106 
9041	251 
9042	190 
9043	196 
9044	45 
9045	188 
9046	196 
9047	212 
9048	288 
9049	191 
9050	89 
9051	242 
9052	176 
9053	239 
9054	285 
9055	176 
9056	234 
9057	79 
9058	30 
9059	215 
9060	282 
9061	1 
9062	240 
9063	192 
9064	281 
9065	6 
9066	251 
9067	260 
9068	107 
9069	196 
9070	240 
9071	280 
9072	282 
9073	79 
9074	67 
9075	284 
9076	215 
9077	160 
9078	102 
9079	141 
9080	95 
9081	291 
9082	276 
9083	102 
9084	284 
9085	177 
9086	135 
9087	67 
9088	167 
9089	11 
9090	196 
9091	68 
9092	221 
9093	7 
9094	70 
9095	191 
9096	89 
9097	197 
9098	221 
9099	251 
9100	150 
9101	44 
9102	259 
9103	243 
9104	167 
9105	297 
9106	11 
9107	104 
9108	234 
9109	96 
9110	154 
9111	82 
9112	160 
9113	227 
9114	117 
9115	105 
9116	225 
9117	79 
9118	144 
9119	45 
9120	82 
9121	137 
9122	176 
9123	1 
9124	283 
9125	40 
9126	10 
9127	137 
9128	3 
9129	124 
9130	254 
9131	221 
9132	234 
9133	155 
9134	66 
9135	7 
9136	293 
9137	135 
9138	7 
9139	288 
9140	268 
9141	282 
9142	173 
9143	191 
9144	289 
9145	34 
9146	135 
9147	107 
9148	190 
9149	274 
9150	191 
9151	75 
9152	82 
9153	109 
9154	280 
9155	190 
9156	259 
9157	30 
9158	179 
9159	137 
9160	99 
9161	7 
9162	7 
9163	274 
9164	177 
9165	281 
9166	36 
9167	164 
9168	151 
9169	227 
9170	251 
9171	104 
9172	30 
9173	216 
9174	44 
9175	78 
9176	293 
9177	88 
9178	135 
9179	219 
9180	196 
9181	6 
9182	297 
9183	9 
9184	287 
9185	27 
9186	164 
9187	226 
9188	160 
9189	141 
9190	106 
9191	27 
9192	99 
9193	243 
9194	3 
9195	104 
9196	88 
9197	96 
9198	259 
9199	288 
9200	67 
9201	141 
9202	225 
9203	227 
9204	104 
9205	266 
9206	164 
9207	239 
9208	3 
9209	82 
9210	23 
9211	288 
9212	19 
9213	49 
9214	260 
9215	33 
9216	23 
9217	20 
9218	155 
9219	284 
9220	93 
9221	155 
9222	116 
9223	68 
9224	79 
9225	225 
9226	261 
9227	156 
9228	138 
9229	49 
9230	118 
9231	7 
9232	171 
9233	45 
9234	227 
9235	283 
9236	227 
9237	108 
9238	6 
9239	44 
9240	30 
9241	1 
9242	108 
9243	40 
9244	16 
9245	164 
9246	281 
9247	45 
9248	141 
9249	190 
9250	297 
9251	179 
9252	215 
9253	141 
9254	88 
9255	44 
9256	216 
9257	176 
9258	240 
9259	196 
9260	297 
9261	151 
9262	250 
9263	93 
9264	216 
9265	67 
9266	284 
9267	285 
9268	22 
9269	7 
9270	9 
9271	243 
9272	88 
9273	276 
9274	224 
9275	281 
9276	160 
9277	196 
9278	239 
9279	3 
9280	240 
9281	214 
9282	250 
9283	99 
9284	70 
9285	15 
9286	289 
9287	280 
9288	88 
9289	251 
9290	108 
9291	30 
9292	99 
9293	236 
9294	285 
9295	289 
9296	164 
9297	15 
9298	10 
9299	95 
9300	9 
9301	73 
9302	280 
9303	79 
9304	197 
9305	216 
9306	107 
9307	67 
9308	282 
9309	191 
9310	251 
9311	212 
9312	264 
9313	74 
9314	239 
9315	240 
9316	218 
9317	116 
9318	27 
9319	289 
9320	196 
9321	89 
9322	107 
9323	23 
9324	30 
9325	160 
9326	283 
9327	179 
9328	40 
9329	281 
9330	156 
9331	222 
9332	214 
9333	49 
9334	219 
9335	149 
9336	66 
9337	7 
9338	34 
9339	214 
9340	79 
9341	116 
9342	137 
9343	214 
9344	7 
9345	251 
9346	188 
9347	19 
9348	160 
9349	27 
9350	66 
9351	219 
9352	137 
9353	229 
9354	74 
9355	268 
9356	95 
9357	151 
9358	284 
9359	179 
9360	6 
9361	215 
9362	43 
9363	173 
9364	243 
9365	179 
9366	22 
9367	229 
9368	244 
9369	99 
9370	118 
9371	288 
9372	82 
9373	251 
9374	144 
9375	164 
9376	82 
9377	232 
9378	155 
9379	156 
9380	216 
9381	285 
9382	229 
9383	144 
9384	177 
9385	74 
9386	102 
9387	227 
9388	107 
9389	244 
9390	82 
9391	105 
9392	19 
9393	259 
9394	188 
9395	9 
9396	116 
9397	276 
9398	261 
9399	179 
9400	7 
9401	221 
9402	224 
9403	99 
9404	221 
9405	118 
9406	154 
9407	70 
9408	154 
9409	177 
9410	164 
9411	239 
9412	222 
9413	164 
9414	160 
9415	23 
9416	160 
9417	280 
9418	196 
9419	164 
9420	102 
9421	179 
9422	160 
9423	82 
9424	102 
9425	27 
9426	79 
9427	19 
9428	155 
9429	293 
9430	43 
9431	174 
9432	156 
9433	196 
9434	216 
9435	138 
9436	268 
9437	104 
9438	284 
9439	288 
9440	190 
9441	23 
9442	149 
9443	11 
9444	250 
9445	102 
9446	212 
9447	289 
9448	22 
9449	16 
9450	78 
9451	70 
9452	49 
9453	283 
9454	19 
9455	9 
9456	188 
9457	138 
9458	19 
9459	116 
9460	251 
9461	93 
9462	67 
9463	224 
9464	67 
9465	293 
9466	22 
9467	135 
9468	18 
9469	224 
9470	174 
9471	154 
9472	115 
9473	177 
9474	154 
9475	34 
9476	154 
9477	218 
9478	242 
9479	284 
9480	70 
9481	196 
9482	102 
9483	79 
9484	105 
9485	285 
9486	284 
9487	105 
9488	82 
9489	276 
9490	219 
9491	266 
9492	191 
9493	138 
9494	259 
9495	283 
9496	137 
9497	9 
9498	218 
9499	216 
9500	179 
9501	281 
9502	45 
9503	67 
9504	102 
9505	1 
9506	219 
9507	40 
9508	191 
9509	283 
9510	155 
9511	116 
9512	171 
9513	291 
9514	79 
9515	137 
9516	191 
9517	281 
9518	196 
9519	11 
9520	82 
9521	243 
9522	160 
9523	124 
9524	30 
9525	149 
9526	261 
9527	1 
9528	135 
9529	222 
9530	27 
9531	9 
9532	67 
9533	216 
9534	68 
9535	196 
9536	227 
9537	274 
9538	115 
9539	9 
9540	191 
9541	40 
9542	154 
9543	23 
9544	82 
9545	274 
9546	102 
9547	280 
9548	107 
9549	250 
9550	79 
9551	135 
9552	40 
9553	9 
9554	135 
9555	70 
9556	93 
9557	22 
9558	1 
9559	124 
9560	293 
9561	164 
9562	250 
9563	144 
9564	74 
9565	261 
9566	149 
9567	164 
9568	79 
9569	196 
9570	280 
9571	149 
9572	40 
9573	274 
9574	43 
9575	144 
9576	293 
9577	23 
9578	27 
9579	266 
9580	239 
9581	250 
9582	3 
9583	137 
9584	15 
9585	291 
9586	43 
9587	176 
9588	34 
9589	176 
9590	179 
9591	23 
9592	276 
9593	276 
9594	297 
9595	284 
9596	259 
9597	44 
9598	160 
9599	285 
9600	281 
9601	99 
9602	144 
9603	224 
9604	219 
9605	197 
9606	19 
9607	66 
9608	276 
9609	115 
9610	293 
9611	293 
9612	259 
9613	221 
9614	154 
9615	27 
9616	289 
9617	250 
9618	108 
9619	250 
9620	284 
9621	160 
9622	102 
9623	190 
9624	191 
9625	164 
9626	224 
9627	11 
9628	118 
9629	216 
9630	6 
9631	261 
9632	288 
9633	3 
9634	18 
9635	15 
9636	264 
9637	281 
9638	288 
9639	284 
9640	197 
9641	70 
9642	179 
9643	266 
9644	93 
9645	116 
9646	118 
9647	297 
9648	137 
9649	224 
9650	250 
9651	196 
9652	276 
9653	154 
9654	216 
9655	7 
9656	22 
9657	27 
9658	79 
9659	138 
9660	280 
9661	66 
9662	1 
9663	294 
9664	70 
9665	1 
9666	74 
9667	222 
9668	19 
9669	108 
9670	190 
9671	7 
9672	3 
9673	281 
9674	108 
9675	3 
9676	176 
9677	93 
9678	117 
9679	144 
9680	44 
9681	66 
9682	294 
9683	137 
9684	288 
9685	221 
9686	66 
9687	67 
9688	82 
9689	266 
9690	219 
9691	99 
9692	11 
9693	9 
9694	291 
9695	82 
9696	276 
9697	250 
9698	243 
9699	40 
9700	79 
9701	93 
9702	240 
9703	3 
9704	7 
9705	259 
9706	118 
9707	164 
9708	22 
9709	240 
9710	49 
9711	108 
9712	118 
9713	74 
9714	268 
9715	177 
9716	44 
9717	297 
9718	154 
9719	297 
9720	154 
9721	219 
9722	155 
9723	291 
9724	66 
9725	227 
9726	288 
9727	224 
9728	3 
9729	102 
9730	227 
9731	259 
9732	281 
9733	155 
9734	155 
9735	164 
9736	236 
9737	15 
9738	225 
9739	274 
9740	268 
9741	276 
9742	70 
9743	266 
9744	34 
9745	70 
9746	280 
9747	138 
9748	284 
9749	44 
9750	19 
9751	79 
9752	164 
9753	30 
9754	149 
9755	284 
9756	138 
9757	19 
9758	156 
9759	243 
9760	108 
9761	149 
9762	160 
9763	34 
9764	268 
9765	99 
9766	160 
9767	268 
9768	297 
9769	259 
9770	240 
9771	243 
9772	224 
9773	297 
9774	9 
9775	243 
9776	27 
9777	266 
9778	23 
9779	9 
9780	190 
9781	297 
9782	27 
9783	216 
9784	285 
9785	82 
9786	9 
9787	79 
9788	288 
9789	276 
9790	7 
9791	93 
9792	19 
9793	251 
9794	23 
9795	164 
9796	135 
9797	15 
9798	179 
9799	288 
9800	108 
9801	155 
9802	22 
9803	240 
9804	239 
9805	66 
9806	284 
9807	274 
9808	30 
9809	196 
9810	280 
9811	276 
9812	240 
9813	280 
9814	259 
9815	240 
9816	291 
9817	276 
9818	99 
9819	171 
9820	288 
9821	281 
9822	117 
9823	9 
9824	174 
9825	225 
9826	118 
9827	3 
9828	137 
9829	284 
9830	285 
9831	288 
9832	297 
9833	164 
9834	227 
9835	197 
9836	251 
9837	160 
9838	34 
9839	7 
9840	99 
9841	30 
9842	138 
9843	171 
9844	34 
9845	18 
9846	289 
9847	104 
9848	289 
9849	219 
9850	177 
9851	118 
9852	197 
9853	285 
9854	82 
9855	285 
9856	280 
9857	79 
9858	179 
9859	99 
9860	240 
9861	34 
9862	250 
9863	82 
9864	79 
9865	224 
9866	179 
9867	30 
9868	216 
9869	70 
9870	288 
9871	22 
9872	82 
9873	191 
9874	250 
9875	259 
9876	141 
9877	219 
9878	274 
9879	15 
9880	67 
9881	156 
9882	118 
9883	191 
9884	7 
9885	99 
9886	164 
9887	155 
9888	291 
9889	67 
9890	19 
9891	259 
9892	243 
9893	23 
9894	74 
9895	44 
9896	22 
9897	7 
9898	141 
9899	276 
9900	281 
9901	44 
9902	155 
9903	104 
9904	44 
9905	141 
9906	45 
9907	284 
9908	66 
9909	274 
9910	137 
9911	30 
9912	190 
9913	118 
9914	3 
9915	227 
9916	197 
9917	156 
9918	99 
9919	15 
9920	197 
9921	250 
9922	137 
9923	240 
9924	138 
9925	274 
9926	216 
9927	224 
9928	23 
9929	276 
9930	297 
9931	102 
9932	225 
9933	284 
9934	196 
9935	284 
9936	297 
9937	137 
9938	179 
9939	240 
9940	27 
9941	284 
9942	285 
9943	99 
9944	227 
9945	216 
9946	276 
9947	117 
9948	219 
9949	118 
9950	19 
9951	191 
9952	191 
9953	79 
9954	227 
9955	221 
9956	66 
9957	160 
9958	19 
9959	240 
9960	239 
9961	1 
9962	259 
9963	177 
9964	250 
9965	15 
9966	240 
9967	22 
9968	23 
9969	74 
9970	221 
9971	177 
9972	7 
9973	107 
9974	117 
9975	288 
9976	141 
9977	224 
9978	227 
9979	174 
9980	284 
9981	141 
9982	74 
9983	1 
9984	285 
9985	67 
9986	288 
9987	82 
9988	22 
9989	9 
9990	225 
9991	174 
9992	174 
9993	239 
9994	227 
9995	44 
9996	177 
9997	141 
9998	259 
9999	154 
10000	104 
