1	149 
2	214 
3	124 
4	177 
5	61 
6	206 
7	183 
8	231 
9	6 
10	6 
11	237 
12	212 
13	171 
14	228 
15	149 
16	102 
17	226 
18	136 
19	143 
20	277 
21	65 
22	223 
23	190 
24	90 
25	158 
26	198 
27	227 
28	11 
29	126 
30	108 
31	116 
32	175 
33	142 
34	91 
35	252 
36	233 
37	267 
38	159 
39	245 
40	234 
41	131 
42	142 
43	148 
44	166 
45	156 
46	72 
47	45 
48	172 
49	259 
50	144 
51	130 
52	233 
53	10 
54	227 
55	33 
56	293 
57	125 
58	189 
59	259 
60	290 
61	75 
62	118 
63	236 
64	33 
65	173 
66	217 
67	83 
68	86 
69	292 
70	121 
71	63 
72	271 
73	296 
74	245 
75	230 
76	7 
77	120 
78	53 
79	76 
80	291 
81	278 
82	183 
83	241 
84	193 
85	85 
86	73 
87	14 
88	57 
89	59 
90	146 
91	63 
92	154 
93	244 
94	162 
95	110 
96	79 
97	155 
98	181 
99	92 
100	169 
101	258 
102	96 
103	34 
104	259 
105	218 
106	119 
107	137 
108	92 
109	67 
110	221 
111	171 
112	199 
113	226 
114	197 
115	39 
116	241 
117	67 
118	204 
119	6 
120	13 
121	173 
122	26 
123	276 
124	248 
125	70 
126	174 
127	88 
128	195 
129	204 
130	219 
131	288 
132	291 
133	207 
134	194 
135	292 
136	220 
137	134 
138	156 
139	164 
140	193 
141	189 
142	7 
143	176 
144	50 
145	46 
146	115 
147	109 
148	11 
149	153 
150	161 
151	240 
152	99 
153	234 
154	271 
155	15 
156	60 
157	171 
158	27 
159	177 
160	219 
161	154 
162	81 
163	92 
164	55 
165	166 
166	264 
167	208 
168	237 
169	259 
170	15 
171	67 
172	220 
173	71 
174	94 
175	207 
176	166 
177	22 
178	190 
179	132 
180	70 
181	164 
182	284 
183	279 
184	149 
185	62 
186	118 
187	155 
188	143 
189	207 
190	120 
191	38 
192	101 
193	262 
194	67 
195	76 
196	74 
197	173 
198	200 
199	172 
200	68 
201	4 
202	267 
203	185 
204	128 
205	57 
206	34 
207	138 
208	61 
209	242 
210	258 
211	196 
212	162 
213	193 
214	170 
215	236 
216	248 
217	82 
218	111 
219	142 
220	72 
221	204 
222	201 
223	105 
224	157 
225	187 
226	228 
227	245 
228	64 
229	23 
230	183 
231	64 
232	132 
233	227 
234	143 
235	63 
236	86 
237	141 
238	200 
239	90 
240	203 
241	63 
242	114 
243	273 
244	82 
245	251 
246	36 
247	279 
248	101 
249	138 
250	63 
251	83 
252	236 
253	279 
254	66 
255	86 
256	233 
257	261 
258	65 
259	96 
260	129 
261	97 
262	189 
263	279 
264	131 
265	279 
266	120 
267	248 
268	191 
269	107 
270	248 
271	292 
272	170 
273	5 
274	157 
275	273 
276	140 
277	63 
278	290 
279	157 
280	53 
281	126 
282	34 
283	296 
284	182 
285	92 
286	13 
287	99 
288	111 
289	141 
290	7 
291	160 
292	270 
293	188 
294	16 
295	222 
296	10 
297	126 
298	105 
299	161 
300	119 
301	189 
302	32 
303	226 
304	59 
305	90 
306	215 
307	36 
308	101 
309	204 
310	26 
311	281 
312	65 
313	212 
314	155 
315	13 
316	112 
317	284 
318	286 
319	127 
320	150 
321	12 
322	91 
323	42 
324	117 
325	32 
326	38 
327	7 
328	13 
329	139 
330	188 
331	136 
332	139 
333	38 
334	171 
335	139 
336	94 
337	23 
338	65 
339	210 
340	230 
341	220 
342	23 
343	144 
344	293 
345	58 
346	88 
347	204 
348	31 
349	41 
350	187 
351	243 
352	271 
353	260 
354	118 
355	188 
356	277 
357	102 
358	102 
359	66 
360	29 
361	211 
362	210 
363	127 
364	64 
365	66 
366	79 
367	245 
368	212 
369	288 
370	245 
371	34 
372	166 
373	89 
374	202 
375	172 
376	36 
377	29 
378	96 
379	201 
380	56 
381	199 
382	105 
383	275 
384	294 
385	56 
386	226 
387	214 
388	270 
389	203 
390	255 
391	186 
392	115 
393	100 
394	187 
395	110 
396	55 
397	38 
398	141 
399	1 
400	7 
401	229 
402	258 
403	119 
404	53 
405	191 
406	157 
407	128 
408	254 
409	33 
410	177 
411	35 
412	141 
413	96 
414	247 
415	226 
416	129 
417	167 
418	138 
419	265 
420	37 
421	104 
422	244 
423	36 
424	90 
425	283 
426	57 
427	36 
428	157 
429	45 
430	150 
431	117 
432	5 
433	203 
434	236 
435	262 
436	112 
437	249 
438	216 
439	191 
440	222 
441	52 
442	106 
443	126 
444	91 
445	125 
446	293 
447	79 
448	209 
449	104 
450	144 
451	181 
452	262 
453	195 
454	215 
455	34 
456	261 
457	85 
458	107 
459	266 
460	35 
461	246 
462	231 
463	275 
464	148 
465	72 
466	258 
467	171 
468	246 
469	231 
470	247 
471	197 
472	87 
473	254 
474	166 
475	36 
476	138 
477	209 
478	47 
479	26 
480	242 
481	275 
482	84 
483	128 
484	210 
485	69 
486	35 
487	140 
488	197 
489	40 
490	92 
491	218 
492	242 
493	33 
494	22 
495	22 
496	177 
497	237 
498	72 
499	26 
500	77 
501	103 
502	132 
503	291 
504	178 
505	292 
506	81 
507	170 
508	241 
509	141 
510	141 
511	94 
512	119 
513	63 
514	33 
515	125 
516	141 
517	95 
518	148 
519	131 
520	38 
521	174 
522	7 
523	220 
524	175 
525	69 
526	179 
527	42 
528	101 
529	237 
530	294 
531	286 
532	265 
533	232 
534	281 
535	283 
536	109 
537	37 
538	229 
539	250 
540	71 
541	26 
542	73 
543	163 
544	14 
545	35 
546	37 
547	151 
548	20 
549	215 
550	163 
551	66 
552	148 
553	134 
554	183 
555	104 
556	289 
557	220 
558	112 
559	128 
560	155 
561	215 
562	253 
563	95 
564	246 
565	43 
566	15 
567	48 
568	86 
569	18 
570	125 
571	25 
572	9 
573	37 
574	103 
575	106 
576	234 
577	94 
578	195 
579	11 
580	98 
581	13 
582	218 
583	287 
584	248 
585	14 
586	221 
587	151 
588	117 
589	131 
590	175 
591	57 
592	296 
593	243 
594	93 
595	38 
596	89 
597	3 
598	172 
599	178 
600	40 
601	98 
602	201 
603	12 
604	141 
605	177 
606	292 
607	22 
608	43 
609	271 
610	169 
611	269 
612	282 
613	209 
614	296 
615	67 
616	75 
617	83 
618	82 
619	62 
620	252 
621	158 
622	105 
623	137 
624	36 
625	98 
626	108 
627	292 
628	101 
629	59 
630	77 
631	259 
632	2 
633	165 
634	244 
635	289 
636	120 
637	93 
638	278 
639	180 
640	76 
641	61 
642	44 
643	109 
644	200 
645	16 
646	273 
647	19 
648	195 
649	289 
650	138 
651	147 
652	123 
653	173 
654	177 
655	71 
656	143 
657	172 
658	136 
659	9 
660	206 
661	101 
662	161 
663	20 
664	145 
665	38 
666	29 
667	229 
668	226 
669	148 
670	231 
671	5 
672	99 
673	52 
674	85 
675	33 
676	23 
677	293 
678	70 
679	107 
680	165 
681	195 
682	63 
683	36 
684	277 
685	90 
686	111 
687	175 
688	75 
689	169 
690	245 
691	94 
692	256 
693	261 
694	260 
695	160 
696	101 
697	112 
698	139 
699	241 
700	209 
701	87 
702	246 
703	198 
704	57 
705	237 
706	167 
707	106 
708	256 
709	190 
710	267 
711	184 
712	174 
713	98 
714	190 
715	133 
716	229 
717	256 
718	250 
719	215 
720	66 
721	251 
722	91 
723	7 
724	9 
725	47 
726	8 
727	268 
728	181 
729	200 
730	211 
731	168 
732	80 
733	203 
734	147 
735	109 
736	176 
737	18 
738	13 
739	197 
740	281 
741	261 
742	79 
743	169 
744	84 
745	264 
746	243 
747	11 
748	183 
749	18 
750	146 
751	129 
752	290 
753	115 
754	82 
755	286 
756	247 
757	174 
758	54 
759	45 
760	102 
761	168 
762	83 
763	239 
764	199 
765	238 
766	22 
767	190 
768	247 
769	161 
770	254 
771	28 
772	189 
773	41 
774	8 
775	13 
776	138 
777	35 
778	53 
779	49 
780	177 
781	77 
782	102 
783	167 
784	126 
785	116 
786	88 
787	279 
788	120 
789	163 
790	175 
791	292 
792	151 
793	112 
794	77 
795	118 
796	109 
797	152 
798	151 
799	53 
800	183 
801	201 
802	248 
803	123 
804	23 
805	278 
806	51 
807	204 
808	186 
809	117 
810	59 
811	228 
812	287 
813	194 
814	184 
815	248 
816	166 
817	257 
818	295 
819	234 
820	262 
821	225 
822	161 
823	29 
824	256 
825	201 
826	39 
827	1 
828	162 
829	256 
830	266 
831	140 
832	77 
833	220 
834	199 
835	24 
836	211 
837	109 
838	116 
839	205 
840	227 
841	65 
842	287 
843	112 
844	185 
845	36 
846	248 
847	173 
848	270 
849	8 
850	65 
851	185 
852	164 
853	227 
854	23 
855	87 
856	154 
857	70 
858	57 
859	115 
860	200 
861	235 
862	36 
863	48 
864	154 
865	250 
866	260 
867	79 
868	260 
869	38 
870	162 
871	268 
872	158 
873	137 
874	148 
875	240 
876	104 
877	225 
878	139 
879	19 
880	20 
881	178 
882	278 
883	175 
884	254 
885	55 
886	8 
887	138 
888	116 
889	165 
890	158 
891	245 
892	279 
893	256 
894	106 
895	197 
896	11 
897	234 
898	154 
899	215 
900	268 
901	21 
902	86 
903	254 
904	215 
905	211 
906	108 
907	138 
908	175 
909	99 
910	174 
911	273 
912	290 
913	1 
914	118 
915	99 
916	20 
917	100 
918	220 
919	112 
920	74 
921	120 
922	251 
923	260 
924	150 
925	23 
926	15 
927	199 
928	188 
929	104 
930	111 
931	114 
932	215 
933	86 
934	290 
935	63 
936	124 
937	150 
938	104 
939	179 
940	30 
941	168 
942	215 
943	99 
944	273 
945	267 
946	260 
947	284 
948	273 
949	109 
950	215 
951	233 
952	145 
953	220 
954	101 
955	18 
956	83 
957	175 
958	88 
959	147 
960	226 
961	47 
962	202 
963	88 
964	152 
965	62 
966	15 
967	21 
968	215 
969	130 
970	233 
971	65 
972	136 
973	98 
974	88 
975	138 
976	265 
977	270 
978	168 
979	125 
980	125 
981	19 
982	73 
983	167 
984	188 
985	114 
986	168 
987	80 
988	273 
989	249 
990	114 
991	271 
992	82 
993	14 
994	266 
995	190 
996	2 
997	263 
998	57 
999	51 
1000	241 
1001	94 
1002	195 
1003	198 
1004	221 
1005	241 
1006	167 
1007	254 
1008	115 
1009	76 
1010	276 
1011	143 
1012	289 
1013	227 
1014	161 
1015	259 
1016	23 
1017	185 
1018	58 
1019	270 
1020	189 
1021	240 
1022	159 
1023	25 
1024	122 
1025	89 
1026	8 
1027	69 
1028	166 
1029	29 
1030	287 
1031	281 
1032	33 
1033	256 
1034	208 
1035	139 
1036	102 
1037	118 
1038	47 
1039	53 
1040	198 
1041	234 
1042	25 
1043	109 
1044	210 
1045	109 
1046	203 
1047	283 
1048	44 
1049	293 
1050	59 
1051	251 
1052	36 
1053	67 
1054	285 
1055	97 
1056	231 
1057	70 
1058	272 
1059	259 
1060	292 
1061	74 
1062	49 
1063	202 
1064	91 
1065	109 
1066	181 
1067	256 
1068	94 
1069	110 
1070	19 
1071	160 
1072	131 
1073	182 
1074	259 
1075	266 
1076	138 
1077	173 
1078	42 
1079	19 
1080	275 
1081	293 
1082	18 
1083	149 
1084	118 
1085	292 
1086	198 
1087	113 
1088	119 
1089	282 
1090	37 
1091	231 
1092	6 
1093	267 
1094	76 
1095	29 
1096	63 
1097	173 
1098	25 
1099	250 
1100	132 
1101	171 
1102	61 
1103	138 
1104	136 
1105	75 
1106	246 
1107	102 
1108	238 
1109	240 
1110	25 
1111	55 
1112	62 
1113	91 
1114	188 
1115	71 
1116	70 
1117	86 
1118	108 
1119	37 
1120	267 
1121	46 
1122	63 
1123	161 
1124	233 
1125	42 
1126	162 
1127	73 
1128	248 
1129	228 
1130	49 
1131	74 
1132	30 
1133	287 
1134	87 
1135	125 
1136	85 
1137	283 
1138	227 
1139	16 
1140	24 
1141	138 
1142	57 
1143	161 
1144	249 
1145	261 
1146	16 
1147	245 
1148	107 
1149	178 
1150	168 
1151	2 
1152	226 
1153	188 
1154	150 
1155	143 
1156	173 
1157	25 
1158	278 
1159	102 
1160	153 
1161	245 
1162	103 
1163	1 
1164	200 
1165	256 
1166	36 
1167	28 
1168	241 
1169	165 
1170	189 
1171	112 
1172	292 
1173	229 
1174	222 
1175	78 
1176	239 
1177	245 
1178	164 
1179	236 
1180	62 
1181	15 
1182	203 
1183	11 
1184	127 
1185	43 
1186	215 
1187	53 
1188	224 
1189	28 
1190	97 
1191	33 
1192	280 
1193	226 
1194	2 
1195	201 
1196	38 
1197	122 
1198	164 
1199	200 
1200	259 
1201	220 
1202	92 
1203	106 
1204	3 
1205	115 
1206	223 
1207	3 
1208	66 
1209	226 
1210	23 
1211	155 
1212	263 
1213	101 
1214	179 
1215	157 
1216	195 
1217	295 
1218	12 
1219	127 
1220	279 
1221	249 
1222	9 
1223	175 
1224	290 
1225	133 
1226	2 
1227	181 
1228	157 
1229	57 
1230	109 
1231	7 
1232	199 
1233	244 
1234	36 
1235	125 
1236	184 
1237	112 
1238	257 
1239	63 
1240	269 
1241	23 
1242	102 
1243	169 
1244	78 
1245	250 
1246	105 
1247	125 
1248	71 
1249	240 
1250	246 
1251	40 
1252	225 
1253	13 
1254	141 
1255	184 
1256	243 
1257	70 
1258	259 
1259	189 
1260	185 
1261	196 
1262	293 
1263	12 
1264	164 
1265	196 
1266	86 
1267	121 
1268	50 
1269	159 
1270	110 
1271	81 
1272	23 
1273	200 
1274	82 
1275	293 
1276	54 
1277	7 
1278	277 
1279	23 
1280	108 
1281	86 
1282	138 
1283	159 
1284	66 
1285	28 
1286	21 
1287	67 
1288	29 
1289	19 
1290	86 
1291	190 
1292	239 
1293	14 
1294	34 
1295	203 
1296	109 
1297	268 
1298	191 
1299	133 
1300	216 
1301	39 
1302	277 
1303	261 
1304	215 
1305	61 
1306	110 
1307	162 
1308	15 
1309	229 
1310	128 
1311	196 
1312	236 
1313	80 
1314	83 
1315	276 
1316	172 
1317	79 
1318	163 
1319	276 
1320	266 
1321	230 
1322	41 
1323	160 
1324	211 
1325	59 
1326	273 
1327	93 
1328	23 
1329	73 
1330	177 
1331	206 
1332	34 
1333	137 
1334	139 
1335	177 
1336	11 
1337	15 
1338	186 
1339	261 
1340	147 
1341	1 
1342	49 
1343	179 
1344	166 
1345	54 
1346	66 
1347	27 
1348	275 
1349	125 
1350	265 
1351	279 
1352	273 
1353	187 
1354	127 
1355	70 
1356	2 
1357	88 
1358	124 
1359	112 
1360	84 
1361	159 
1362	109 
1363	163 
1364	97 
1365	271 
1366	154 
1367	65 
1368	267 
1369	197 
1370	98 
1371	130 
1372	160 
1373	200 
1374	254 
1375	174 
1376	124 
1377	56 
1378	181 
1379	269 
1380	167 
1381	31 
1382	254 
1383	106 
1384	31 
1385	55 
1386	111 
1387	172 
1388	208 
1389	89 
1390	106 
1391	98 
1392	14 
1393	294 
1394	296 
1395	29 
1396	209 
1397	55 
1398	160 
1399	270 
1400	79 
1401	23 
1402	285 
1403	91 
1404	128 
1405	96 
1406	23 
1407	112 
1408	31 
1409	220 
1410	293 
1411	106 
1412	57 
1413	53 
1414	87 
1415	242 
1416	181 
1417	104 
1418	174 
1419	106 
1420	209 
1421	267 
1422	160 
1423	197 
1424	197 
1425	208 
1426	276 
1427	284 
1428	30 
1429	233 
1430	72 
1431	287 
1432	145 
1433	137 
1434	259 
1435	182 
1436	219 
1437	83 
1438	184 
1439	83 
1440	10 
1441	73 
1442	192 
1443	234 
1444	108 
1445	215 
1446	50 
1447	147 
1448	24 
1449	248 
1450	86 
1451	245 
1452	252 
1453	199 
1454	273 
1455	97 
1456	183 
1457	102 
1458	46 
1459	250 
1460	106 
1461	135 
1462	261 
1463	71 
1464	186 
1465	174 
1466	238 
1467	196 
1468	87 
1469	241 
1470	19 
1471	170 
1472	131 
1473	84 
1474	5 
1475	286 
1476	119 
1477	112 
1478	8 
1479	74 
1480	167 
1481	13 
1482	234 
1483	296 
1484	131 
1485	205 
1486	158 
1487	41 
1488	154 
1489	136 
1490	86 
1491	121 
1492	129 
1493	93 
1494	245 
1495	143 
1496	50 
1497	172 
1498	258 
1499	53 
1500	188 
1501	119 
1502	153 
1503	152 
1504	82 
1505	169 
1506	264 
1507	139 
1508	21 
1509	171 
1510	177 
1511	52 
1512	232 
1513	271 
1514	224 
1515	247 
1516	254 
1517	167 
1518	82 
1519	148 
1520	151 
1521	96 
1522	83 
1523	148 
1524	220 
1525	294 
1526	204 
1527	119 
1528	116 
1529	153 
1530	13 
1531	279 
1532	190 
1533	49 
1534	9 
1535	238 
1536	48 
1537	9 
1538	7 
1539	152 
1540	105 
1541	110 
1542	264 
1543	182 
1544	189 
1545	34 
1546	208 
1547	14 
1548	81 
1549	37 
1550	205 
1551	41 
1552	33 
1553	177 
1554	265 
1555	246 
1556	23 
1557	92 
1558	242 
1559	181 
1560	140 
1561	282 
1562	215 
1563	129 
1564	218 
1565	162 
1566	171 
1567	167 
1568	2 
1569	292 
1570	193 
1571	12 
1572	188 
1573	148 
1574	106 
1575	95 
1576	92 
1577	90 
1578	192 
1579	292 
1580	129 
1581	5 
1582	125 
1583	41 
1584	125 
1585	296 
1586	177 
1587	219 
1588	177 
1589	174 
1590	120 
1591	141 
1592	204 
1593	160 
1594	36 
1595	177 
1596	87 
1597	69 
1598	101 
1599	112 
1600	161 
1601	235 
1602	111 
1603	118 
1604	20 
1605	36 
1606	256 
1607	265 
1608	63 
1609	164 
1610	272 
1611	143 
1612	78 
1613	85 
1614	271 
1615	65 
1616	68 
1617	44 
1618	245 
1619	226 
1620	190 
1621	238 
1622	208 
1623	86 
1624	13 
1625	61 
1626	171 
1627	18 
1628	119 
1629	33 
1630	161 
1631	46 
1632	255 
1633	173 
1634	282 
1635	25 
1636	65 
1637	273 
1638	171 
1639	164 
1640	88 
1641	236 
1642	26 
1643	43 
1644	92 
1645	47 
1646	138 
1647	166 
1648	174 
1649	167 
1650	170 
1651	241 
1652	69 
1653	125 
1654	289 
1655	189 
1656	51 
1657	289 
1658	177 
1659	37 
1660	181 
1661	42 
1662	254 
1663	63 
1664	260 
1665	272 
1666	241 
1667	26 
1668	33 
1669	125 
1670	210 
1671	21 
1672	72 
1673	85 
1674	109 
1675	288 
1676	101 
1677	199 
1678	34 
1679	83 
1680	288 
1681	117 
1682	254 
1683	17 
1684	229 
1685	67 
1686	20 
1687	7 
1688	266 
1689	265 
1690	46 
1691	289 
1692	47 
1693	157 
1694	13 
1695	189 
1696	201 
1697	210 
1698	175 
1699	106 
1700	61 
1701	45 
1702	258 
1703	277 
1704	242 
1705	151 
1706	12 
1707	295 
1708	120 
1709	258 
1710	22 
1711	148 
1712	216 
1713	240 
1714	179 
1715	72 
1716	218 
1717	79 
1718	3 
1719	273 
1720	273 
1721	121 
1722	33 
1723	244 
1724	1 
1725	203 
1726	63 
1727	212 
1728	256 
1729	106 
1730	69 
1731	62 
1732	212 
1733	273 
1734	110 
1735	98 
1736	291 
1737	36 
1738	263 
1739	277 
1740	87 
1741	18 
1742	287 
1743	138 
1744	123 
1745	292 
1746	187 
1747	26 
1748	34 
1749	130 
1750	222 
1751	114 
1752	122 
1753	185 
1754	67 
1755	92 
1756	24 
1757	174 
1758	70 
1759	2 
1760	278 
1761	192 
1762	69 
1763	30 
1764	189 
1765	41 
1766	13 
1767	148 
1768	241 
1769	244 
1770	291 
1771	163 
1772	61 
1773	171 
1774	15 
1775	258 
1776	64 
1777	241 
1778	19 
1779	91 
1780	54 
1781	254 
1782	166 
1783	180 
1784	13 
1785	279 
1786	55 
1787	98 
1788	255 
1789	34 
1790	242 
1791	204 
1792	197 
1793	48 
1794	200 
1795	245 
1796	66 
1797	106 
1798	152 
1799	11 
1800	58 
1801	176 
1802	243 
1803	292 
1804	191 
1805	108 
1806	20 
1807	287 
1808	137 
1809	82 
1810	19 
1811	176 
1812	41 
1813	171 
1814	81 
1815	170 
1816	20 
1817	285 
1818	35 
1819	253 
1820	167 
1821	86 
1822	88 
1823	3 
1824	197 
1825	181 
1826	141 
1827	201 
1828	34 
1829	266 
1830	57 
1831	254 
1832	135 
1833	245 
1834	200 
1835	151 
1836	220 
1837	53 
1838	23 
1839	276 
1840	164 
1841	109 
1842	102 
1843	35 
1844	241 
1845	105 
1846	241 
1847	217 
1848	162 
1849	179 
1850	13 
1851	63 
1852	127 
1853	207 
1854	23 
1855	90 
1856	15 
1857	113 
1858	40 
1859	258 
1860	69 
1861	225 
1862	87 
1863	203 
1864	114 
1865	217 
1866	218 
1867	202 
1868	163 
1869	230 
1870	54 
1871	71 
1872	27 
1873	248 
1874	58 
1875	52 
1876	41 
1877	234 
1878	102 
1879	58 
1880	210 
1881	18 
1882	221 
1883	168 
1884	120 
1885	147 
1886	1 
1887	119 
1888	238 
1889	212 
1890	285 
1891	287 
1892	23 
1893	168 
1894	219 
1895	133 
1896	199 
1897	188 
1898	118 
1899	89 
1900	289 
1901	45 
1902	157 
1903	192 
1904	216 
1905	42 
1906	238 
1907	156 
1908	246 
1909	245 
1910	138 
1911	277 
1912	287 
1913	158 
1914	267 
1915	215 
1916	61 
1917	275 
1918	65 
1919	201 
1920	7 
1921	227 
1922	63 
1923	161 
1924	283 
1925	174 
1926	195 
1927	24 
1928	161 
1929	73 
1930	111 
1931	28 
1932	125 
1933	177 
1934	211 
1935	289 
1936	29 
1937	230 
1938	122 
1939	11 
1940	249 
1941	33 
1942	67 
1943	4 
1944	148 
1945	118 
1946	201 
1947	94 
1948	29 
1949	189 
1950	116 
1951	115 
1952	141 
1953	63 
1954	97 
1955	269 
1956	13 
1957	53 
1958	259 
1959	138 
1960	98 
1961	245 
1962	183 
1963	76 
1964	236 
1965	259 
1966	147 
1967	247 
1968	201 
1969	112 
1970	285 
1971	100 
1972	1 
1973	63 
1974	230 
1975	83 
1976	54 
1977	155 
1978	191 
1979	61 
1980	17 
1981	25 
1982	198 
1983	144 
1984	8 
1985	70 
1986	103 
1987	117 
1988	111 
1989	170 
1990	33 
1991	204 
1992	254 
1993	160 
1994	233 
1995	105 
1996	271 
1997	51 
1998	95 
1999	237 
2000	137 
2001	250 
2002	128 
2003	67 
2004	161 
2005	244 
2006	215 
2007	76 
2008	99 
2009	288 
2010	167 
2011	109 
2012	112 
2013	253 
2014	62 
2015	69 
2016	274 
2017	43 
2018	105 
2019	96 
2020	23 
2021	261 
2022	273 
2023	166 
2024	107 
2025	276 
2026	251 
2027	256 
2028	210 
2029	31 
2030	106 
2031	210 
2032	181 
2033	233 
2034	15 
2035	276 
2036	38 
2037	166 
2038	34 
2039	52 
2040	225 
2041	67 
2042	6 
2043	287 
2044	231 
2045	38 
2046	211 
2047	57 
2048	159 
2049	192 
2050	264 
2051	140 
2052	146 
2053	72 
2054	273 
2055	244 
2056	167 
2057	136 
2058	256 
2059	214 
2060	19 
2061	1 
2062	6 
2063	225 
2064	144 
2065	71 
2066	49 
2067	251 
2068	30 
2069	204 
2070	142 
2071	292 
2072	68 
2073	245 
2074	145 
2075	277 
2076	257 
2077	274 
2078	175 
2079	233 
2080	11 
2081	76 
2082	89 
2083	292 
2084	26 
2085	106 
2086	171 
2087	129 
2088	5 
2089	75 
2090	101 
2091	171 
2092	203 
2093	234 
2094	109 
2095	120 
2096	4 
2097	180 
2098	213 
2099	163 
2100	235 
2101	189 
2102	49 
2103	187 
2104	82 
2105	65 
2106	97 
2107	127 
2108	95 
2109	39 
2110	53 
2111	173 
2112	80 
2113	225 
2114	53 
2115	99 
2116	171 
2117	278 
2118	255 
2119	124 
2120	1 
2121	251 
2122	70 
2123	232 
2124	263 
2125	108 
2126	29 
2127	5 
2128	13 
2129	200 
2130	65 
2131	259 
2132	138 
2133	223 
2134	39 
2135	70 
2136	279 
2137	227 
2138	98 
2139	175 
2140	230 
2141	136 
2142	33 
2143	185 
2144	77 
2145	181 
2146	291 
2147	136 
2148	242 
2149	12 
2150	292 
2151	98 
2152	78 
2153	294 
2154	73 
2155	36 
2156	66 
2157	19 
2158	31 
2159	99 
2160	90 
2161	253 
2162	13 
2163	222 
2164	279 
2165	258 
2166	140 
2167	110 
2168	98 
2169	292 
2170	101 
2171	206 
2172	258 
2173	148 
2174	283 
2175	83 
2176	248 
2177	26 
2178	194 
2179	34 
2180	171 
2181	170 
2182	227 
2183	259 
2184	220 
2185	16 
2186	107 
2187	234 
2188	7 
2189	158 
2190	107 
2191	143 
2192	6 
2193	263 
2194	217 
2195	29 
2196	295 
2197	79 
2198	217 
2199	289 
2200	63 
2201	143 
2202	147 
2203	197 
2204	105 
2205	112 
2206	94 
2207	156 
2208	104 
2209	234 
2210	277 
2211	86 
2212	156 
2213	226 
2214	293 
2215	174 
2216	118 
2217	105 
2218	265 
2219	226 
2220	173 
2221	17 
2222	1 
2223	111 
2224	169 
2225	110 
2226	275 
2227	273 
2228	83 
2229	98 
2230	90 
2231	50 
2232	209 
2233	235 
2234	24 
2235	163 
2236	14 
2237	237 
2238	215 
2239	1 
2240	276 
2241	31 
2242	6 
2243	144 
2244	109 
2245	130 
2246	260 
2247	215 
2248	273 
2249	83 
2250	65 
2251	61 
2252	161 
2253	115 
2254	39 
2255	57 
2256	12 
2257	292 
2258	89 
2259	26 
2260	112 
2261	266 
2262	167 
2263	147 
2264	186 
2265	210 
2266	228 
2267	142 
2268	106 
2269	294 
2270	150 
2271	230 
2272	101 
2273	177 
2274	83 
2275	177 
2276	267 
2277	91 
2278	279 
2279	56 
2280	240 
2281	282 
2282	293 
2283	234 
2284	150 
2285	36 
2286	109 
2287	207 
2288	275 
2289	35 
2290	116 
2291	166 
2292	27 
2293	233 
2294	37 
2295	128 
2296	122 
2297	190 
2298	145 
2299	128 
2300	44 
2301	132 
2302	59 
2303	20 
2304	152 
2305	9 
2306	70 
2307	185 
2308	242 
2309	14 
2310	122 
2311	261 
2312	190 
2313	261 
2314	85 
2315	16 
2316	113 
2317	15 
2318	70 
2319	234 
2320	72 
2321	14 
2322	36 
2323	214 
2324	99 
2325	200 
2326	200 
2327	198 
2328	82 
2329	243 
2330	141 
2331	24 
2332	117 
2333	29 
2334	105 
2335	155 
2336	71 
2337	140 
2338	111 
2339	34 
2340	142 
2341	81 
2342	204 
2343	65 
2344	5 
2345	139 
2346	265 
2347	250 
2348	294 
2349	52 
2350	77 
2351	8 
2352	97 
2353	4 
2354	230 
2355	10 
2356	92 
2357	32 
2358	177 
2359	51 
2360	234 
2361	86 
2362	203 
2363	152 
2364	53 
2365	258 
2366	155 
2367	103 
2368	118 
2369	25 
2370	166 
2371	284 
2372	190 
2373	174 
2374	250 
2375	236 
2376	112 
2377	148 
2378	223 
2379	236 
2380	257 
2381	198 
2382	8 
2383	71 
2384	175 
2385	26 
2386	205 
2387	103 
2388	57 
2389	99 
2390	118 
2391	213 
2392	166 
2393	133 
2394	208 
2395	148 
2396	269 
2397	279 
2398	273 
2399	7 
2400	173 
2401	168 
2402	116 
2403	40 
2404	83 
2405	152 
2406	195 
2407	215 
2408	271 
2409	148 
2410	245 
2411	249 
2412	6 
2413	260 
2414	7 
2415	68 
2416	240 
2417	183 
2418	35 
2419	142 
2420	231 
2421	96 
2422	220 
2423	193 
2424	294 
2425	265 
2426	95 
2427	40 
2428	80 
2429	131 
2430	285 
2431	281 
2432	49 
2433	41 
2434	12 
2435	17 
2436	203 
2437	83 
2438	223 
2439	94 
2440	153 
2441	82 
2442	232 
2443	100 
2444	127 
2445	152 
2446	61 
2447	60 
2448	38 
2449	267 
2450	35 
2451	245 
2452	61 
2453	287 
2454	235 
2455	254 
2456	67 
2457	92 
2458	256 
2459	23 
2460	258 
2461	271 
2462	103 
2463	126 
2464	263 
2465	130 
2466	23 
2467	18 
2468	266 
2469	96 
2470	45 
2471	255 
2472	29 
2473	138 
2474	183 
2475	150 
2476	245 
2477	161 
2478	103 
2479	164 
2480	224 
2481	6 
2482	166 
2483	66 
2484	53 
2485	34 
2486	119 
2487	124 
2488	244 
2489	270 
2490	194 
2491	77 
2492	34 
2493	248 
2494	7 
2495	54 
2496	22 
2497	179 
2498	278 
2499	112 
2500	250 
2501	249 
2502	112 
2503	41 
2504	263 
2505	18 
2506	150 
2507	19 
2508	13 
2509	267 
2510	217 
2511	44 
2512	17 
2513	279 
2514	248 
2515	246 
2516	19 
2517	104 
2518	71 
2519	171 
2520	256 
2521	254 
2522	188 
2523	266 
2524	207 
2525	215 
2526	195 
2527	253 
2528	227 
2529	180 
2530	59 
2531	256 
2532	136 
2533	292 
2534	34 
2535	166 
2536	135 
2537	36 
2538	185 
2539	2 
2540	81 
2541	280 
2542	136 
2543	28 
2544	287 
2545	203 
2546	155 
2547	56 
2548	85 
2549	117 
2550	288 
2551	191 
2552	279 
2553	71 
2554	106 
2555	161 
2556	200 
2557	6 
2558	72 
2559	170 
2560	270 
2561	251 
2562	200 
2563	172 
2564	24 
2565	254 
2566	206 
2567	37 
2568	80 
2569	216 
2570	125 
2571	254 
2572	44 
2573	56 
2574	175 
2575	27 
2576	90 
2577	11 
2578	229 
2579	205 
2580	121 
2581	207 
2582	72 
2583	69 
2584	146 
2585	132 
2586	88 
2587	282 
2588	180 
2589	223 
2590	156 
2591	167 
2592	92 
2593	105 
2594	263 
2595	246 
2596	118 
2597	241 
2598	248 
2599	155 
2600	281 
2601	293 
2602	172 
2603	20 
2604	232 
2605	208 
2606	3 
2607	284 
2608	293 
2609	243 
2610	153 
2611	215 
2612	141 
2613	141 
2614	248 
2615	135 
2616	189 
2617	224 
2618	234 
2619	152 
2620	27 
2621	209 
2622	35 
2623	31 
2624	165 
2625	98 
2626	77 
2627	5 
2628	263 
2629	202 
2630	274 
2631	63 
2632	101 
2633	191 
2634	187 
2635	254 
2636	50 
2637	245 
2638	123 
2639	149 
2640	190 
2641	272 
2642	178 
2643	37 
2644	51 
2645	249 
2646	157 
2647	132 
2648	231 
2649	126 
2650	286 
2651	190 
2652	18 
2653	42 
2654	130 
2655	267 
2656	166 
2657	240 
2658	230 
2659	44 
2660	216 
2661	253 
2662	264 
2663	53 
2664	48 
2665	170 
2666	228 
2667	204 
2668	197 
2669	257 
2670	98 
2671	139 
2672	210 
2673	73 
2674	120 
2675	31 
2676	185 
2677	24 
2678	202 
2679	57 
2680	211 
2681	222 
2682	267 
2683	5 
2684	234 
2685	184 
2686	240 
2687	118 
2688	122 
2689	239 
2690	245 
2691	63 
2692	38 
2693	135 
2694	288 
2695	76 
2696	66 
2697	292 
2698	275 
2699	33 
2700	114 
2701	271 
2702	181 
2703	213 
2704	180 
2705	200 
2706	261 
2707	260 
2708	192 
2709	133 
2710	180 
2711	258 
2712	83 
2713	283 
2714	4 
2715	13 
2716	98 
2717	189 
2718	27 
2719	293 
2720	130 
2721	20 
2722	292 
2723	23 
2724	60 
2725	104 
2726	8 
2727	18 
2728	6 
2729	193 
2730	195 
2731	57 
2732	131 
2733	74 
2734	258 
2735	42 
2736	263 
2737	261 
2738	90 
2739	152 
2740	135 
2741	258 
2742	226 
2743	45 
2744	104 
2745	237 
2746	85 
2747	70 
2748	4 
2749	254 
2750	88 
2751	120 
2752	260 
2753	164 
2754	154 
2755	220 
2756	182 
2757	210 
2758	91 
2759	220 
2760	86 
2761	271 
2762	260 
2763	188 
2764	34 
2765	183 
2766	113 
2767	287 
2768	100 
2769	183 
2770	106 
2771	77 
2772	170 
2773	171 
2774	105 
2775	219 
2776	211 
2777	57 
2778	203 
2779	259 
2780	37 
2781	224 
2782	256 
2783	221 
2784	53 
2785	41 
2786	66 
2787	295 
2788	216 
2789	73 
2790	212 
2791	53 
2792	245 
2793	282 
2794	103 
2795	8 
2796	88 
2797	112 
2798	97 
2799	295 
2800	161 
2801	92 
2802	120 
2803	3 
2804	260 
2805	230 
2806	21 
2807	284 
2808	208 
2809	169 
2810	129 
2811	287 
2812	291 
2813	18 
2814	254 
2815	267 
2816	96 
2817	203 
2818	222 
2819	292 
2820	233 
2821	2 
2822	190 
2823	241 
2824	159 
2825	82 
2826	146 
2827	184 
2828	226 
2829	97 
2830	235 
2831	234 
2832	83 
2833	171 
2834	267 
2835	88 
2836	159 
2837	34 
2838	245 
2839	118 
2840	160 
2841	149 
2842	142 
2843	39 
2844	215 
2845	132 
2846	273 
2847	146 
2848	77 
2849	66 
2850	289 
2851	68 
2852	220 
2853	48 
2854	267 
2855	224 
2856	38 
2857	221 
2858	227 
2859	259 
2860	181 
2861	82 
2862	141 
2863	184 
2864	225 
2865	262 
2866	272 
2867	14 
2868	230 
2869	165 
2870	104 
2871	157 
2872	148 
2873	143 
2874	220 
2875	118 
2876	4 
2877	94 
2878	200 
2879	117 
2880	89 
2881	30 
2882	63 
2883	276 
2884	97 
2885	65 
2886	83 
2887	266 
2888	104 
2889	67 
2890	99 
2891	4 
2892	112 
2893	109 
2894	32 
2895	15 
2896	172 
2897	189 
2898	240 
2899	10 
2900	138 
2901	200 
2902	245 
2903	263 
2904	103 
2905	254 
2906	267 
2907	32 
2908	241 
2909	91 
2910	17 
2911	190 
2912	178 
2913	23 
2914	38 
2915	29 
2916	110 
2917	248 
2918	267 
2919	114 
2920	79 
2921	167 
2922	229 
2923	166 
2924	227 
2925	190 
2926	195 
2927	289 
2928	173 
2929	177 
2930	282 
2931	54 
2932	136 
2933	233 
2934	269 
2935	13 
2936	12 
2937	98 
2938	254 
2939	231 
2940	227 
2941	146 
2942	184 
2943	206 
2944	123 
2945	256 
2946	273 
2947	154 
2948	138 
2949	26 
2950	36 
2951	112 
2952	52 
2953	182 
2954	275 
2955	202 
2956	38 
2957	210 
2958	248 
2959	212 
2960	218 
2961	190 
2962	59 
2963	180 
2964	171 
2965	174 
2966	274 
2967	161 
2968	97 
2969	213 
2970	6 
2971	201 
2972	160 
2973	77 
2974	145 
2975	52 
2976	137 
2977	207 
2978	121 
2979	269 
2980	8 
2981	147 
2982	115 
2983	225 
2984	70 
2985	88 
2986	73 
2987	100 
2988	119 
2989	70 
2990	292 
2991	258 
2992	163 
2993	227 
2994	167 
2995	131 
2996	217 
2997	166 
2998	171 
2999	63 
3000	150 
3001	42 
3002	246 
3003	285 
3004	33 
3005	131 
3006	153 
3007	22 
3008	114 
3009	84 
3010	81 
3011	273 
3012	67 
3013	37 
3014	237 
3015	254 
3016	217 
3017	38 
3018	192 
3019	219 
3020	153 
3021	162 
3022	27 
3023	120 
3024	134 
3025	63 
3026	2 
3027	168 
3028	245 
3029	254 
3030	128 
3031	28 
3032	38 
3033	57 
3034	104 
3035	246 
3036	46 
3037	139 
3038	271 
3039	268 
3040	248 
3041	149 
3042	32 
3043	175 
3044	237 
3045	35 
3046	79 
3047	209 
3048	245 
3049	145 
3050	105 
3051	136 
3052	161 
3053	187 
3054	138 
3055	141 
3056	151 
3057	88 
3058	97 
3059	154 
3060	171 
3061	88 
3062	256 
3063	177 
3064	25 
3065	161 
3066	202 
3067	153 
3068	175 
3069	50 
3070	34 
3071	271 
3072	33 
3073	161 
3074	197 
3075	36 
3076	81 
3077	20 
3078	229 
3079	59 
3080	139 
3081	175 
3082	49 
3083	167 
3084	270 
3085	293 
3086	4 
3087	241 
3088	57 
3089	76 
3090	262 
3091	204 
3092	192 
3093	6 
3094	98 
3095	174 
3096	87 
3097	147 
3098	13 
3099	171 
3100	21 
3101	7 
3102	215 
3103	227 
3104	175 
3105	70 
3106	201 
3107	196 
3108	25 
3109	260 
3110	55 
3111	42 
3112	100 
3113	160 
3114	105 
3115	19 
3116	58 
3117	82 
3118	276 
3119	248 
3120	202 
3121	57 
3122	116 
3123	172 
3124	289 
3125	57 
3126	18 
3127	172 
3128	248 
3129	39 
3130	157 
3131	74 
3132	199 
3133	27 
3134	245 
3135	225 
3136	190 
3137	67 
3138	65 
3139	42 
3140	27 
3141	72 
3142	22 
3143	114 
3144	215 
3145	271 
3146	206 
3147	225 
3148	148 
3149	58 
3150	248 
3151	213 
3152	30 
3153	40 
3154	193 
3155	85 
3156	42 
3157	253 
3158	71 
3159	291 
3160	260 
3161	180 
3162	13 
3163	31 
3164	222 
3165	208 
3166	266 
3167	6 
3168	58 
3169	59 
3170	230 
3171	92 
3172	65 
3173	214 
3174	30 
3175	84 
3176	163 
3177	99 
3178	280 
3179	128 
3180	112 
3181	171 
3182	166 
3183	167 
3184	29 
3185	264 
3186	133 
3187	210 
3188	112 
3189	293 
3190	199 
3191	158 
3192	78 
3193	111 
3194	177 
3195	144 
3196	245 
3197	156 
3198	292 
3199	133 
3200	96 
3201	260 
3202	268 
3203	17 
3204	97 
3205	140 
3206	159 
3207	13 
3208	205 
3209	128 
3210	212 
3211	178 
3212	260 
3213	6 
3214	260 
3215	134 
3216	259 
3217	200 
3218	100 
3219	181 
3220	296 
3221	256 
3222	279 
3223	83 
3224	50 
3225	215 
3226	179 
3227	235 
3228	161 
3229	177 
3230	56 
3231	85 
3232	227 
3233	21 
3234	226 
3235	36 
3236	174 
3237	114 
3238	49 
3239	52 
3240	200 
3241	175 
3242	112 
3243	67 
3244	46 
3245	203 
3246	83 
3247	266 
3248	126 
3249	176 
3250	232 
3251	154 
3252	7 
3253	229 
3254	23 
3255	120 
3256	171 
3257	93 
3258	29 
3259	296 
3260	255 
3261	68 
3262	96 
3263	189 
3264	63 
3265	120 
3266	92 
3267	4 
3268	238 
3269	165 
3270	285 
3271	22 
3272	65 
3273	212 
3274	148 
3275	195 
3276	174 
3277	41 
3278	240 
3279	57 
3280	128 
3281	198 
3282	198 
3283	159 
3284	128 
3285	62 
3286	281 
3287	105 
3288	36 
3289	149 
3290	53 
3291	87 
3292	105 
3293	152 
3294	11 
3295	235 
3296	157 
3297	86 
3298	78 
3299	99 
3300	249 
3301	229 
3302	277 
3303	36 
3304	162 
3305	243 
3306	184 
3307	138 
3308	254 
3309	230 
3310	108 
3311	139 
3312	154 
3313	162 
3314	236 
3315	23 
3316	17 
3317	47 
3318	234 
3319	167 
3320	185 
3321	88 
3322	293 
3323	244 
3324	37 
3325	99 
3326	166 
3327	144 
3328	210 
3329	187 
3330	66 
3331	258 
3332	166 
3333	102 
3334	256 
3335	31 
3336	161 
3337	101 
3338	122 
3339	9 
3340	231 
3341	181 
3342	93 
3343	271 
3344	41 
3345	161 
3346	195 
3347	137 
3348	62 
3349	204 
3350	47 
3351	148 
3352	44 
3353	176 
3354	82 
3355	22 
3356	132 
3357	214 
3358	277 
3359	99 
3360	175 
3361	78 
3362	196 
3363	81 
3364	188 
3365	256 
3366	185 
3367	193 
3368	208 
3369	255 
3370	147 
3371	254 
3372	222 
3373	14 
3374	148 
3375	182 
3376	111 
3377	7 
3378	1 
3379	211 
3380	270 
3381	97 
3382	189 
3383	247 
3384	184 
3385	34 
3386	286 
3387	286 
3388	280 
3389	120 
3390	130 
3391	296 
3392	263 
3393	270 
3394	63 
3395	70 
3396	241 
3397	64 
3398	145 
3399	255 
3400	226 
3401	14 
3402	162 
3403	111 
3404	158 
3405	36 
3406	254 
3407	238 
3408	125 
3409	205 
3410	235 
3411	7 
3412	47 
3413	174 
3414	237 
3415	277 
3416	42 
3417	66 
3418	51 
3419	134 
3420	17 
3421	192 
3422	47 
3423	291 
3424	109 
3425	31 
3426	220 
3427	201 
3428	164 
3429	233 
3430	73 
3431	225 
3432	292 
3433	180 
3434	114 
3435	81 
3436	273 
3437	106 
3438	290 
3439	113 
3440	190 
3441	280 
3442	195 
3443	195 
3444	227 
3445	209 
3446	59 
3447	159 
3448	120 
3449	140 
3450	95 
3451	16 
3452	157 
3453	71 
3454	177 
3455	91 
3456	53 
3457	117 
3458	108 
3459	260 
3460	202 
3461	119 
3462	268 
3463	96 
3464	13 
3465	160 
3466	112 
3467	154 
3468	168 
3469	200 
3470	171 
3471	207 
3472	86 
3473	42 
3474	197 
3475	139 
3476	128 
3477	226 
3478	169 
3479	18 
3480	140 
3481	227 
3482	175 
3483	14 
3484	184 
3485	239 
3486	223 
3487	70 
3488	200 
3489	262 
3490	245 
3491	148 
3492	280 
3493	168 
3494	175 
3495	18 
3496	252 
3497	120 
3498	34 
3499	251 
3500	49 
3501	261 
3502	71 
3503	109 
3504	213 
3505	52 
3506	242 
3507	191 
3508	232 
3509	161 
3510	120 
3511	121 
3512	171 
3513	295 
3514	248 
3515	200 
3516	253 
3517	139 
3518	84 
3519	254 
3520	49 
3521	221 
3522	47 
3523	281 
3524	135 
3525	180 
3526	179 
3527	137 
3528	158 
3529	231 
3530	105 
3531	239 
3532	54 
3533	3 
3534	39 
3535	181 
3536	289 
3537	164 
3538	95 
3539	226 
3540	198 
3541	65 
3542	138 
3543	100 
3544	35 
3545	65 
3546	39 
3547	25 
3548	114 
3549	233 
3550	210 
3551	296 
3552	151 
3553	223 
3554	193 
3555	106 
3556	294 
3557	209 
3558	23 
3559	296 
3560	186 
3561	258 
3562	259 
3563	204 
3564	58 
3565	91 
3566	271 
3567	15 
3568	19 
3569	163 
3570	73 
3571	88 
3572	189 
3573	102 
3574	178 
3575	44 
3576	191 
3577	103 
3578	36 
3579	150 
3580	22 
3581	40 
3582	268 
3583	59 
3584	81 
3585	137 
3586	73 
3587	84 
3588	271 
3589	176 
3590	166 
3591	119 
3592	159 
3593	24 
3594	180 
3595	263 
3596	17 
3597	293 
3598	219 
3599	280 
3600	113 
3601	164 
3602	167 
3603	23 
3604	272 
3605	26 
3606	18 
3607	268 
3608	180 
3609	20 
3610	6 
3611	228 
3612	250 
3613	187 
3614	30 
3615	55 
3616	119 
3617	82 
3618	53 
3619	224 
3620	96 
3621	61 
3622	160 
3623	47 
3624	284 
3625	23 
3626	196 
3627	4 
3628	93 
3629	207 
3630	40 
3631	49 
3632	292 
3633	245 
3634	64 
3635	4 
3636	264 
3637	161 
3638	105 
3639	2 
3640	44 
3641	192 
3642	14 
3643	260 
3644	145 
3645	88 
3646	90 
3647	158 
3648	194 
3649	247 
3650	255 
3651	135 
3652	137 
3653	283 
3654	188 
3655	218 
3656	10 
3657	106 
3658	96 
3659	295 
3660	244 
3661	173 
3662	7 
3663	10 
3664	189 
3665	48 
3666	94 
3667	153 
3668	66 
3669	164 
3670	65 
3671	177 
3672	293 
3673	140 
3674	285 
3675	266 
3676	89 
3677	293 
3678	125 
3679	171 
3680	96 
3681	105 
3682	221 
3683	255 
3684	64 
3685	22 
3686	294 
3687	95 
3688	164 
3689	252 
3690	151 
3691	139 
3692	160 
3693	101 
3694	215 
3695	287 
3696	132 
3697	26 
3698	60 
3699	95 
3700	77 
3701	227 
3702	160 
3703	113 
3704	213 
3705	245 
3706	239 
3707	9 
3708	284 
3709	233 
3710	131 
3711	96 
3712	30 
3713	154 
3714	170 
3715	32 
3716	43 
3717	4 
3718	62 
3719	153 
3720	25 
3721	121 
3722	239 
3723	219 
3724	203 
3725	213 
3726	134 
3727	72 
3728	189 
3729	287 
3730	288 
3731	272 
3732	122 
3733	141 
3734	254 
3735	207 
3736	208 
3737	46 
3738	63 
3739	67 
3740	51 
3741	161 
3742	274 
3743	177 
3744	64 
3745	72 
3746	148 
3747	164 
3748	71 
3749	98 
3750	195 
3751	232 
3752	137 
3753	120 
3754	293 
3755	96 
3756	38 
3757	135 
3758	213 
3759	100 
3760	134 
3761	179 
3762	164 
3763	288 
3764	191 
3765	134 
3766	44 
3767	119 
3768	21 
3769	148 
3770	23 
3771	36 
3772	78 
3773	258 
3774	26 
3775	30 
3776	256 
3777	239 
3778	37 
3779	241 
3780	181 
3781	279 
3782	193 
3783	36 
3784	220 
3785	115 
3786	132 
3787	100 
3788	293 
3789	132 
3790	16 
3791	83 
3792	35 
3793	86 
3794	269 
3795	205 
3796	3 
3797	148 
3798	128 
3799	137 
3800	63 
3801	188 
3802	221 
3803	36 
3804	69 
3805	115 
3806	20 
3807	213 
3808	277 
3809	280 
3810	203 
3811	67 
3812	101 
3813	86 
3814	141 
3815	109 
3816	51 
3817	127 
3818	124 
3819	92 
3820	268 
3821	139 
3822	148 
3823	293 
3824	67 
3825	269 
3826	160 
3827	161 
3828	141 
3829	182 
3830	293 
3831	102 
3832	118 
3833	184 
3834	189 
3835	179 
3836	3 
3837	62 
3838	102 
3839	57 
3840	77 
3841	287 
3842	102 
3843	264 
3844	59 
3845	96 
3846	225 
3847	267 
3848	266 
3849	112 
3850	217 
3851	44 
3852	10 
3853	198 
3854	77 
3855	113 
3856	242 
3857	65 
3858	219 
3859	117 
3860	200 
3861	86 
3862	65 
3863	97 
3864	229 
3865	64 
3866	237 
3867	1 
3868	42 
3869	65 
3870	254 
3871	203 
3872	258 
3873	74 
3874	53 
3875	84 
3876	83 
3877	290 
3878	130 
3879	141 
3880	260 
3881	70 
3882	178 
3883	260 
3884	36 
3885	166 
3886	76 
3887	67 
3888	257 
3889	152 
3890	52 
3891	249 
3892	134 
3893	266 
3894	184 
3895	10 
3896	127 
3897	12 
3898	177 
3899	89 
3900	160 
3901	258 
3902	203 
3903	269 
3904	144 
3905	118 
3906	125 
3907	205 
3908	84 
3909	191 
3910	94 
3911	189 
3912	65 
3913	158 
3914	70 
3915	209 
3916	119 
3917	135 
3918	280 
3919	86 
3920	286 
3921	296 
3922	220 
3923	168 
3924	153 
3925	72 
3926	109 
3927	138 
3928	181 
3929	109 
3930	237 
3931	109 
3932	45 
3933	133 
3934	293 
3935	126 
3936	261 
3937	141 
3938	64 
3939	246 
3940	172 
3941	233 
3942	146 
3943	34 
3944	121 
3945	247 
3946	177 
3947	282 
3948	10 
3949	104 
3950	129 
3951	256 
3952	14 
3953	93 
3954	189 
3955	42 
3956	194 
3957	280 
3958	165 
3959	293 
3960	89 
3961	202 
3962	173 
3963	20 
3964	32 
3965	183 
3966	247 
3967	225 
3968	3 
3969	197 
3970	119 
3971	26 
3972	254 
3973	18 
3974	74 
3975	183 
3976	70 
3977	207 
3978	247 
3979	153 
3980	33 
3981	128 
3982	236 
3983	283 
3984	207 
3985	7 
3986	7 
3987	253 
3988	26 
3989	36 
3990	262 
3991	63 
3992	203 
3993	203 
3994	119 
3995	118 
3996	233 
3997	101 
3998	176 
3999	60 
4000	37 
4001	182 
4002	216 
4003	143 
4004	289 
4005	283 
4006	105 
4007	284 
4008	173 
4009	15 
4010	176 
4011	293 
4012	266 
4013	225 
4014	96 
4015	203 
4016	241 
4017	152 
4018	176 
4019	266 
4020	263 
4021	123 
4022	184 
4023	210 
4024	265 
4025	169 
4026	85 
4027	180 
4028	277 
4029	51 
4030	80 
4031	212 
4032	29 
4033	167 
4034	27 
4035	13 
4036	260 
4037	59 
4038	167 
4039	119 
4040	208 
4041	147 
4042	284 
4043	239 
4044	214 
4045	218 
4046	198 
4047	70 
4048	200 
4049	86 
4050	296 
4051	35 
4052	209 
4053	35 
4054	13 
4055	77 
4056	160 
4057	178 
4058	156 
4059	277 
4060	236 
4061	118 
4062	173 
4063	145 
4064	197 
4065	137 
4066	221 
4067	100 
4068	219 
4069	182 
4070	208 
4071	87 
4072	237 
4073	5 
4074	45 
4075	241 
4076	161 
4077	14 
4078	53 
4079	65 
4080	218 
4081	157 
4082	30 
4083	59 
4084	187 
4085	226 
4086	150 
4087	1 
4088	217 
4089	290 
4090	186 
4091	210 
4092	27 
4093	220 
4094	47 
4095	148 
4096	294 
4097	14 
4098	279 
4099	104 
4100	240 
4101	193 
4102	13 
4103	124 
4104	248 
4105	241 
4106	294 
4107	183 
4108	181 
4109	7 
4110	97 
4111	109 
4112	19 
4113	115 
4114	101 
4115	65 
4116	241 
4117	200 
4118	188 
4119	212 
4120	14 
4121	172 
4122	110 
4123	84 
4124	255 
4125	66 
4126	273 
4127	125 
4128	82 
4129	254 
4130	80 
4131	278 
4132	160 
4133	36 
4134	13 
4135	173 
4136	251 
4137	85 
4138	70 
4139	287 
4140	71 
4141	196 
4142	204 
4143	79 
4144	292 
4145	87 
4146	174 
4147	63 
4148	95 
4149	292 
4150	2 
4151	237 
4152	148 
4153	142 
4154	174 
4155	41 
4156	58 
4157	125 
4158	266 
4159	220 
4160	242 
4161	227 
4162	271 
4163	56 
4164	167 
4165	151 
4166	287 
4167	142 
4168	148 
4169	175 
4170	29 
4171	34 
4172	192 
4173	120 
4174	90 
4175	70 
4176	144 
4177	65 
4178	33 
4179	261 
4180	132 
4181	167 
4182	274 
4183	136 
4184	23 
4185	188 
4186	84 
4187	215 
4188	96 
4189	199 
4190	73 
4191	137 
4192	148 
4193	217 
4194	11 
4195	112 
4196	281 
4197	256 
4198	90 
4199	290 
4200	190 
4201	280 
4202	32 
4203	235 
4204	243 
4205	175 
4206	152 
4207	291 
4208	107 
4209	44 
4210	123 
4211	224 
4212	93 
4213	75 
4214	292 
4215	283 
4216	112 
4217	157 
4218	277 
4219	71 
4220	212 
4221	122 
4222	221 
4223	147 
4224	154 
4225	120 
4226	7 
4227	75 
4228	57 
4229	277 
4230	278 
4231	23 
4232	10 
4233	285 
4234	33 
4235	161 
4236	184 
4237	201 
4238	128 
4239	23 
4240	157 
4241	289 
4242	145 
4243	228 
4244	60 
4245	293 
4246	184 
4247	152 
4248	231 
4249	25 
4250	190 
4251	146 
4252	268 
4253	19 
4254	14 
4255	15 
4256	193 
4257	24 
4258	118 
4259	86 
4260	203 
4261	138 
4262	19 
4263	45 
4264	27 
4265	33 
4266	82 
4267	132 
4268	70 
4269	29 
4270	23 
4271	110 
4272	120 
4273	130 
4274	287 
4275	29 
4276	280 
4277	279 
4278	116 
4279	73 
4280	237 
4281	272 
4282	112 
4283	203 
4284	125 
4285	151 
4286	170 
4287	141 
4288	107 
4289	55 
4290	184 
4291	138 
4292	277 
4293	203 
4294	106 
4295	27 
4296	153 
4297	133 
4298	102 
4299	148 
4300	289 
4301	16 
4302	7 
4303	37 
4304	109 
4305	293 
4306	259 
4307	184 
4308	36 
4309	200 
4310	229 
4311	124 
4312	58 
4313	251 
4314	124 
4315	224 
4316	93 
4317	248 
4318	106 
4319	269 
4320	237 
4321	32 
4322	41 
4323	167 
4324	108 
4325	76 
4326	179 
4327	166 
4328	21 
4329	71 
4330	213 
4331	64 
4332	170 
4333	192 
4334	294 
4335	88 
4336	180 
4337	83 
4338	136 
4339	148 
4340	112 
4341	260 
4342	135 
4343	19 
4344	157 
4345	215 
4346	237 
4347	239 
4348	83 
4349	248 
4350	257 
4351	38 
4352	88 
4353	123 
4354	195 
4355	183 
4356	169 
4357	189 
4358	107 
4359	65 
4360	276 
4361	118 
4362	13 
4363	159 
4364	230 
4365	266 
4366	102 
4367	292 
4368	118 
4369	211 
4370	6 
4371	21 
4372	159 
4373	270 
4374	131 
4375	206 
4376	134 
4377	81 
4378	249 
4379	166 
4380	82 
4381	222 
4382	196 
4383	222 
4384	26 
4385	18 
4386	235 
4387	167 
4388	227 
4389	161 
4390	289 
4391	272 
4392	234 
4393	163 
4394	88 
4395	38 
4396	140 
4397	177 
4398	139 
4399	151 
4400	220 
4401	21 
4402	178 
4403	4 
4404	58 
4405	73 
4406	35 
4407	218 
4408	162 
4409	92 
4410	157 
4411	293 
4412	121 
4413	76 
4414	157 
4415	37 
4416	160 
4417	213 
4418	81 
4419	140 
4420	12 
4421	53 
4422	76 
4423	197 
4424	256 
4425	66 
4426	66 
4427	184 
4428	174 
4429	291 
4430	183 
4431	293 
4432	194 
4433	96 
4434	80 
4435	235 
4436	280 
4437	195 
4438	59 
4439	230 
4440	118 
4441	279 
4442	259 
4443	71 
4444	79 
4445	258 
4446	61 
4447	129 
4448	66 
4449	104 
4450	134 
4451	48 
4452	241 
4453	272 
4454	105 
4455	254 
4456	22 
4457	245 
4458	150 
4459	202 
4460	25 
4461	260 
4462	171 
4463	81 
4464	83 
4465	290 
4466	273 
4467	267 
4468	205 
4469	248 
4470	59 
4471	96 
4472	262 
4473	101 
4474	64 
4475	187 
4476	22 
4477	260 
4478	14 
4479	18 
4480	63 
4481	101 
4482	29 
4483	65 
4484	226 
4485	270 
4486	214 
4487	125 
4488	47 
4489	253 
4490	59 
4491	273 
4492	52 
4493	121 
4494	145 
4495	117 
4496	254 
4497	175 
4498	293 
4499	90 
4500	272 
4501	34 
4502	149 
4503	14 
4504	235 
4505	96 
4506	255 
4507	12 
4508	17 
4509	246 
4510	105 
4511	81 
4512	238 
4513	20 
4514	107 
4515	220 
4516	268 
4517	1 
4518	212 
4519	248 
4520	234 
4521	119 
4522	228 
4523	82 
4524	242 
4525	47 
4526	7 
4527	77 
4528	186 
4529	140 
4530	56 
4531	27 
4532	183 
4533	220 
4534	152 
4535	184 
4536	168 
4537	195 
4538	243 
4539	96 
4540	288 
4541	52 
4542	181 
4543	161 
4544	109 
4545	69 
4546	75 
4547	273 
4548	125 
4549	243 
4550	177 
4551	161 
4552	132 
4553	265 
4554	23 
4555	205 
4556	156 
4557	38 
4558	247 
4559	197 
4560	90 
4561	206 
4562	250 
4563	177 
4564	274 
4565	194 
4566	92 
4567	283 
4568	119 
4569	65 
4570	232 
4571	290 
4572	202 
4573	82 
4574	33 
4575	254 
4576	178 
4577	47 
4578	82 
4579	36 
4580	206 
4581	200 
4582	148 
4583	25 
4584	157 
4585	291 
4586	37 
4587	12 
4588	43 
4589	132 
4590	34 
4591	110 
4592	14 
4593	65 
4594	110 
4595	278 
4596	203 
4597	51 
4598	4 
4599	5 
4600	253 
4601	180 
4602	186 
4603	134 
4604	92 
4605	89 
4606	36 
4607	200 
4608	65 
4609	15 
4610	218 
4611	179 
4612	182 
4613	41 
4614	258 
4615	225 
4616	9 
4617	68 
4618	57 
4619	248 
4620	128 
4621	107 
4622	284 
4623	105 
4624	226 
4625	138 
4626	225 
4627	184 
4628	153 
4629	178 
4630	185 
4631	194 
4632	203 
4633	274 
4634	244 
4635	204 
4636	75 
4637	271 
4638	167 
4639	13 
4640	15 
4641	11 
4642	72 
4643	197 
4644	112 
4645	164 
4646	183 
4647	196 
4648	264 
4649	63 
4650	192 
4651	197 
4652	186 
4653	113 
4654	203 
4655	279 
4656	97 
4657	146 
4658	146 
4659	36 
4660	279 
4661	292 
4662	40 
4663	199 
4664	281 
4665	84 
4666	282 
4667	102 
4668	125 
4669	130 
4670	38 
4671	271 
4672	164 
4673	293 
4674	90 
4675	46 
4676	136 
4677	52 
4678	15 
4679	39 
4680	33 
4681	161 
4682	180 
4683	47 
4684	240 
4685	91 
4686	141 
4687	231 
4688	60 
4689	198 
4690	273 
4691	277 
4692	286 
4693	200 
4694	97 
4695	220 
4696	94 
4697	225 
4698	64 
4699	250 
4700	67 
4701	68 
4702	66 
4703	198 
4704	193 
4705	131 
4706	295 
4707	214 
4708	178 
4709	164 
4710	30 
4711	164 
4712	132 
4713	260 
4714	223 
4715	91 
4716	293 
4717	199 
4718	70 
4719	44 
4720	51 
4721	42 
4722	10 
4723	182 
4724	248 
4725	157 
4726	167 
4727	113 
4728	153 
4729	213 
4730	109 
4731	59 
4732	123 
4733	109 
4734	135 
4735	41 
4736	217 
4737	98 
4738	148 
4739	171 
4740	245 
4741	226 
4742	1 
4743	19 
4744	285 
4745	122 
4746	142 
4747	236 
4748	257 
4749	50 
4750	139 
4751	248 
4752	71 
4753	207 
4754	288 
4755	108 
4756	233 
4757	293 
4758	95 
4759	57 
4760	155 
4761	72 
4762	84 
4763	97 
4764	287 
4765	246 
4766	269 
4767	174 
4768	170 
4769	188 
4770	110 
4771	166 
4772	189 
4773	94 
4774	286 
4775	121 
4776	43 
4777	148 
4778	195 
4779	92 
4780	218 
4781	181 
4782	17 
4783	164 
4784	9 
4785	78 
4786	119 
4787	237 
4788	105 
4789	126 
4790	254 
4791	35 
4792	168 
4793	145 
4794	23 
4795	111 
4796	15 
4797	273 
4798	183 
4799	65 
4800	241 
4801	174 
4802	66 
4803	169 
4804	261 
4805	167 
4806	28 
4807	17 
4808	290 
4809	254 
4810	21 
4811	273 
4812	6 
4813	295 
4814	175 
4815	96 
4816	83 
4817	245 
4818	187 
4819	120 
4820	148 
4821	271 
4822	241 
4823	53 
4824	65 
4825	210 
4826	200 
4827	128 
4828	234 
4829	271 
4830	70 
4831	31 
4832	98 
4833	161 
4834	36 
4835	145 
4836	208 
4837	294 
4838	266 
4839	67 
4840	155 
4841	254 
4842	174 
4843	113 
4844	101 
4845	163 
4846	44 
4847	203 
4848	78 
4849	215 
4850	91 
4851	126 
4852	56 
4853	261 
4854	269 
4855	25 
4856	245 
4857	284 
4858	81 
4859	29 
4860	72 
4861	203 
4862	116 
4863	183 
4864	118 
4865	1 
4866	58 
4867	226 
4868	138 
4869	193 
4870	20 
4871	184 
4872	22 
4873	63 
4874	8 
4875	150 
4876	258 
4877	220 
4878	255 
4879	90 
4880	90 
4881	140 
4882	93 
4883	281 
4884	195 
4885	107 
4886	86 
4887	172 
4888	208 
4889	245 
4890	37 
4891	220 
4892	5 
4893	120 
4894	81 
4895	189 
4896	174 
4897	46 
4898	29 
4899	172 
4900	20 
4901	201 
4902	67 
4903	276 
4904	117 
4905	19 
4906	68 
4907	89 
4908	215 
4909	51 
4910	85 
4911	229 
4912	109 
4913	47 
4914	18 
4915	293 
4916	222 
4917	172 
4918	117 
4919	24 
4920	68 
4921	201 
4922	259 
4923	261 
4924	109 
4925	120 
4926	242 
4927	128 
4928	220 
4929	228 
4930	293 
4931	16 
4932	130 
4933	44 
4934	132 
4935	27 
4936	291 
4937	117 
4938	292 
4939	279 
4940	266 
4941	145 
4942	189 
4943	55 
4944	78 
4945	141 
4946	144 
4947	20 
4948	168 
4949	164 
4950	224 
4951	167 
4952	153 
4953	282 
4954	57 
4955	261 
4956	256 
4957	201 
4958	97 
4959	242 
4960	177 
4961	147 
4962	167 
4963	147 
4964	86 
4965	279 
4966	281 
4967	78 
4968	34 
4969	188 
4970	216 
4971	32 
4972	104 
4973	15 
4974	189 
4975	191 
4976	26 
4977	250 
4978	274 
4979	141 
4980	286 
4981	28 
4982	59 
4983	199 
4984	188 
4985	262 
4986	223 
4987	244 
4988	156 
4989	232 
4990	251 
4991	51 
4992	1 
4993	45 
4994	3 
4995	254 
4996	251 
4997	248 
4998	261 
4999	174 
5000	5 
5001	86 
5002	129 
5003	260 
5004	82 
5005	47 
5006	289 
5007	262 
5008	67 
5009	45 
5010	23 
5011	181 
5012	1 
5013	210 
5014	163 
5015	199 
5016	245 
5017	261 
5018	48 
5019	13 
5020	70 
5021	100 
5022	102 
5023	61 
5024	240 
5025	186 
5026	63 
5027	68 
5028	35 
5029	208 
5030	13 
5031	137 
5032	157 
5033	224 
5034	70 
5035	148 
5036	92 
5037	77 
5038	242 
5039	57 
5040	90 
5041	34 
5042	122 
5043	107 
5044	37 
5045	180 
5046	98 
5047	42 
5048	149 
5049	221 
5050	232 
5051	261 
5052	62 
5053	69 
5054	98 
5055	176 
5056	70 
5057	119 
5058	155 
5059	148 
5060	231 
5061	43 
5062	220 
5063	65 
5064	149 
5065	80 
5066	55 
5067	112 
5068	229 
5069	201 
5070	218 
5071	80 
5072	165 
5073	200 
5074	66 
5075	161 
5076	216 
5077	71 
5078	6 
5079	205 
5080	153 
5081	118 
5082	246 
5083	273 
5084	94 
5085	263 
5086	61 
5087	279 
5088	142 
5089	288 
5090	31 
5091	276 
5092	169 
5093	108 
5094	57 
5095	112 
5096	118 
5097	54 
5098	173 
5099	210 
5100	222 
5101	180 
5102	7 
5103	180 
5104	203 
5105	12 
5106	112 
5107	198 
5108	292 
5109	111 
5110	170 
5111	232 
5112	24 
5113	16 
5114	16 
5115	285 
5116	100 
5117	171 
5118	172 
5119	276 
5120	85 
5121	37 
5122	98 
5123	138 
5124	225 
5125	102 
5126	50 
5127	153 
5128	59 
5129	270 
5130	124 
5131	239 
5132	167 
5133	204 
5134	197 
5135	111 
5136	57 
5137	264 
5138	254 
5139	54 
5140	161 
5141	70 
5142	102 
5143	122 
5144	190 
5145	200 
5146	280 
5147	153 
5148	101 
5149	54 
5150	34 
5151	163 
5152	120 
5153	144 
5154	170 
5155	7 
5156	23 
5157	18 
5158	256 
5159	204 
5160	118 
5161	278 
5162	186 
5163	232 
5164	292 
5165	202 
5166	45 
5167	39 
5168	241 
5169	273 
5170	133 
5171	99 
5172	190 
5173	293 
5174	254 
5175	19 
5176	80 
5177	194 
5178	148 
5179	57 
5180	138 
5181	171 
5182	160 
5183	204 
5184	156 
5185	102 
5186	203 
5187	65 
5188	115 
5189	91 
5190	179 
5191	57 
5192	74 
5193	98 
5194	261 
5195	57 
5196	296 
5197	226 
5198	159 
5199	105 
5200	92 
5201	241 
5202	4 
5203	160 
5204	275 
5205	205 
5206	148 
5207	275 
5208	171 
5209	21 
5210	14 
5211	189 
5212	159 
5213	74 
5214	98 
5215	204 
5216	39 
5217	266 
5218	185 
5219	257 
5220	91 
5221	146 
5222	63 
5223	266 
5224	82 
5225	271 
5226	6 
5227	45 
5228	95 
5229	20 
5230	85 
5231	9 
5232	241 
5233	33 
5234	270 
5235	35 
5236	181 
5237	92 
5238	200 
5239	62 
5240	114 
5241	220 
5242	180 
5243	148 
5244	197 
5245	211 
5246	104 
5247	105 
5248	120 
5249	75 
5250	10 
5251	61 
5252	286 
5253	273 
5254	35 
5255	80 
5256	170 
5257	286 
5258	290 
5259	161 
5260	15 
5261	177 
5262	97 
5263	2 
5264	17 
5265	63 
5266	116 
5267	225 
5268	92 
5269	81 
5270	148 
5271	115 
5272	123 
5273	278 
5274	276 
5275	276 
5276	260 
5277	103 
5278	252 
5279	213 
5280	180 
5281	109 
5282	145 
5283	195 
5284	184 
5285	171 
5286	250 
5287	263 
5288	223 
5289	108 
5290	148 
5291	178 
5292	216 
5293	254 
5294	214 
5295	126 
5296	116 
5297	257 
5298	141 
5299	225 
5300	70 
5301	22 
5302	163 
5303	142 
5304	186 
5305	185 
5306	119 
5307	215 
5308	142 
5309	153 
5310	145 
5311	84 
5312	188 
5313	166 
5314	28 
5315	26 
5316	44 
5317	130 
5318	175 
5319	245 
5320	87 
5321	252 
5322	147 
5323	121 
5324	167 
5325	183 
5326	295 
5327	25 
5328	146 
5329	256 
5330	279 
5331	291 
5332	186 
5333	1 
5334	96 
5335	228 
5336	103 
5337	252 
5338	135 
5339	119 
5340	164 
5341	181 
5342	141 
5343	44 
5344	14 
5345	176 
5346	117 
5347	177 
5348	23 
5349	274 
5350	260 
5351	31 
5352	279 
5353	126 
5354	35 
5355	131 
5356	270 
5357	12 
5358	1 
5359	285 
5360	180 
5361	206 
5362	129 
5363	277 
5364	66 
5365	94 
5366	86 
5367	215 
5368	20 
5369	164 
5370	193 
5371	266 
5372	15 
5373	198 
5374	203 
5375	98 
5376	258 
5377	260 
5378	142 
5379	60 
5380	94 
5381	59 
5382	1 
5383	168 
5384	180 
5385	278 
5386	158 
5387	164 
5388	20 
5389	108 
5390	294 
5391	82 
5392	223 
5393	279 
5394	123 
5395	118 
5396	56 
5397	277 
5398	269 
5399	220 
5400	85 
5401	36 
5402	61 
5403	17 
5404	5 
5405	5 
5406	183 
5407	164 
5408	245 
5409	166 
5410	160 
5411	293 
5412	152 
5413	12 
5414	292 
5415	118 
5416	161 
5417	11 
5418	156 
5419	113 
5420	20 
5421	199 
5422	83 
5423	104 
5424	215 
5425	17 
5426	293 
5427	213 
5428	113 
5429	174 
5430	106 
5431	287 
5432	166 
5433	127 
5434	296 
5435	65 
5436	167 
5437	201 
5438	95 
5439	256 
5440	225 
5441	206 
5442	92 
5443	59 
5444	124 
5445	243 
5446	295 
5447	215 
5448	231 
5449	198 
5450	112 
5451	19 
5452	92 
5453	195 
5454	213 
5455	4 
5456	84 
5457	258 
5458	232 
5459	68 
5460	248 
5461	291 
5462	208 
5463	188 
5464	219 
5465	246 
5466	253 
5467	173 
5468	7 
5469	41 
5470	2 
5471	175 
5472	5 
5473	272 
5474	85 
5475	284 
5476	130 
5477	183 
5478	98 
5479	35 
5480	248 
5481	63 
5482	180 
5483	109 
5484	112 
5485	124 
5486	25 
5487	88 
5488	160 
5489	28 
5490	85 
5491	292 
5492	278 
5493	117 
5494	162 
5495	88 
5496	22 
5497	203 
5498	256 
5499	137 
5500	243 
5501	158 
5502	148 
5503	211 
5504	285 
5505	213 
5506	130 
5507	67 
5508	268 
5509	72 
5510	179 
5511	26 
5512	185 
5513	292 
5514	278 
5515	279 
5516	23 
5517	32 
5518	5 
5519	88 
5520	133 
5521	111 
5522	190 
5523	220 
5524	225 
5525	88 
5526	23 
5527	41 
5528	83 
5529	140 
5530	227 
5531	164 
5532	154 
5533	202 
5534	106 
5535	136 
5536	142 
5537	188 
5538	226 
5539	70 
5540	92 
5541	184 
5542	27 
5543	184 
5544	183 
5545	140 
5546	226 
5547	199 
5548	245 
5549	10 
5550	15 
5551	201 
5552	216 
5553	5 
5554	43 
5555	17 
5556	97 
5557	36 
5558	252 
5559	125 
5560	286 
5561	268 
5562	208 
5563	270 
5564	190 
5565	34 
5566	129 
5567	102 
5568	157 
5569	50 
5570	141 
5571	184 
5572	161 
5573	292 
5574	81 
5575	218 
5576	95 
5577	67 
5578	282 
5579	112 
5580	272 
5581	57 
5582	28 
5583	295 
5584	265 
5585	271 
5586	183 
5587	271 
5588	189 
5589	201 
5590	72 
5591	215 
5592	22 
5593	263 
5594	285 
5595	102 
5596	272 
5597	29 
5598	164 
5599	164 
5600	12 
5601	66 
5602	24 
5603	41 
5604	179 
5605	44 
5606	194 
5607	119 
5608	41 
5609	118 
5610	190 
5611	167 
5612	175 
5613	248 
5614	238 
5615	38 
5616	163 
5617	142 
5618	48 
5619	282 
5620	44 
5621	165 
5622	33 
5623	162 
5624	160 
5625	141 
5626	21 
5627	99 
5628	70 
5629	137 
5630	209 
5631	23 
5632	121 
5633	51 
5634	53 
5635	36 
5636	21 
5637	222 
5638	248 
5639	11 
5640	24 
5641	187 
5642	74 
5643	94 
5644	215 
5645	130 
5646	80 
5647	242 
5648	230 
5649	252 
5650	200 
5651	249 
5652	206 
5653	261 
5654	172 
5655	238 
5656	12 
5657	128 
5658	7 
5659	84 
5660	248 
5661	63 
5662	292 
5663	277 
5664	129 
5665	283 
5666	228 
5667	16 
5668	272 
5669	254 
5670	258 
5671	197 
5672	216 
5673	274 
5674	96 
5675	190 
5676	253 
5677	280 
5678	154 
5679	276 
5680	71 
5681	260 
5682	261 
5683	277 
5684	233 
5685	215 
5686	47 
5687	63 
5688	269 
5689	241 
5690	135 
5691	82 
5692	183 
5693	180 
5694	6 
5695	63 
5696	226 
5697	117 
5698	133 
5699	37 
5700	6 
5701	86 
5702	272 
5703	109 
5704	188 
5705	8 
5706	65 
5707	200 
5708	30 
5709	23 
5710	10 
5711	35 
5712	245 
5713	66 
5714	211 
5715	82 
5716	138 
5717	63 
5718	63 
5719	47 
5720	164 
5721	109 
5722	48 
5723	177 
5724	187 
5725	197 
5726	149 
5727	60 
5728	142 
5729	56 
5730	195 
5731	257 
5732	196 
5733	47 
5734	24 
5735	266 
5736	118 
5737	18 
5738	170 
5739	216 
5740	193 
5741	296 
5742	178 
5743	157 
5744	60 
5745	151 
5746	126 
5747	220 
5748	116 
5749	94 
5750	292 
5751	8 
5752	92 
5753	274 
5754	294 
5755	258 
5756	81 
5757	15 
5758	42 
5759	83 
5760	60 
5761	290 
5762	277 
5763	19 
5764	240 
5765	210 
5766	220 
5767	147 
5768	49 
5769	19 
5770	22 
5771	271 
5772	109 
5773	78 
5774	181 
5775	202 
5776	110 
5777	279 
5778	246 
5779	110 
5780	63 
5781	146 
5782	43 
5783	7 
5784	175 
5785	220 
5786	157 
5787	181 
5788	122 
5789	158 
5790	85 
5791	229 
5792	166 
5793	169 
5794	80 
5795	28 
5796	214 
5797	264 
5798	36 
5799	170 
5800	186 
5801	273 
5802	215 
5803	245 
5804	244 
5805	36 
5806	280 
5807	201 
5808	225 
5809	128 
5810	164 
5811	148 
5812	285 
5813	243 
5814	198 
5815	222 
5816	228 
5817	135 
5818	122 
5819	28 
5820	114 
5821	117 
5822	194 
5823	200 
5824	109 
5825	126 
5826	119 
5827	9 
5828	137 
5829	48 
5830	261 
5831	61 
5832	243 
5833	273 
5834	91 
5835	20 
5836	40 
5837	204 
5838	270 
5839	184 
5840	256 
5841	152 
5842	51 
5843	53 
5844	234 
5845	271 
5846	200 
5847	12 
5848	241 
5849	181 
5850	120 
5851	53 
5852	114 
5853	60 
5854	145 
5855	115 
5856	66 
5857	285 
5858	282 
5859	9 
5860	79 
5861	275 
5862	118 
5863	192 
5864	132 
5865	94 
5866	234 
5867	161 
5868	224 
5869	145 
5870	110 
5871	207 
5872	188 
5873	220 
5874	204 
5875	46 
5876	167 
5877	244 
5878	140 
5879	82 
5880	251 
5881	196 
5882	179 
5883	251 
5884	264 
5885	41 
5886	252 
5887	37 
5888	40 
5889	22 
5890	137 
5891	248 
5892	36 
5893	293 
5894	96 
5895	241 
5896	46 
5897	293 
5898	75 
5899	150 
5900	181 
5901	277 
5902	2 
5903	133 
5904	275 
5905	109 
5906	5 
5907	175 
5908	70 
5909	275 
5910	208 
5911	267 
5912	35 
5913	199 
5914	271 
5915	18 
5916	209 
5917	256 
5918	24 
5919	294 
5920	121 
5921	111 
5922	195 
5923	171 
5924	92 
5925	13 
5926	90 
5927	80 
5928	106 
5929	171 
5930	124 
5931	96 
5932	152 
5933	67 
5934	111 
5935	23 
5936	215 
5937	225 
5938	96 
5939	190 
5940	257 
5941	20 
5942	149 
5943	48 
5944	105 
5945	71 
5946	10 
5947	24 
5948	176 
5949	228 
5950	90 
5951	41 
5952	97 
5953	112 
5954	29 
5955	88 
5956	196 
5957	124 
5958	194 
5959	39 
5960	73 
5961	111 
5962	12 
5963	14 
5964	269 
5965	79 
5966	171 
5967	78 
5968	157 
5969	161 
5970	137 
5971	83 
5972	58 
5973	234 
5974	277 
5975	290 
5976	88 
5977	84 
5978	215 
5979	166 
5980	185 
5981	261 
5982	272 
5983	270 
5984	206 
5985	82 
5986	241 
5987	170 
5988	73 
5989	211 
5990	4 
5991	205 
5992	40 
5993	190 
5994	177 
5995	65 
5996	170 
5997	90 
5998	186 
5999	162 
6000	26 
6001	210 
6002	181 
6003	72 
6004	248 
6005	26 
6006	99 
6007	83 
6008	57 
6009	44 
6010	183 
6011	74 
6012	161 
6013	208 
6014	214 
6015	251 
6016	118 
6017	109 
6018	157 
6019	226 
6020	137 
6021	223 
6022	97 
6023	163 
6024	225 
6025	176 
6026	37 
6027	241 
6028	295 
6029	223 
6030	254 
6031	245 
6032	70 
6033	108 
6034	44 
6035	8 
6036	40 
6037	177 
6038	108 
6039	125 
6040	251 
6041	222 
6042	139 
6043	65 
6044	254 
6045	129 
6046	169 
6047	288 
6048	183 
6049	86 
6050	82 
6051	4 
6052	152 
6053	215 
6054	238 
6055	99 
6056	185 
6057	261 
6058	121 
6059	228 
6060	180 
6061	233 
6062	171 
6063	256 
6064	31 
6065	116 
6066	47 
6067	20 
6068	294 
6069	293 
6070	87 
6071	71 
6072	258 
6073	24 
6074	67 
6075	174 
6076	4 
6077	63 
6078	141 
6079	73 
6080	277 
6081	222 
6082	210 
6083	138 
6084	112 
6085	234 
6086	26 
6087	147 
6088	203 
6089	185 
6090	94 
6091	3 
6092	109 
6093	105 
6094	11 
6095	244 
6096	106 
6097	12 
6098	96 
6099	184 
6100	70 
6101	27 
6102	147 
6103	70 
6104	46 
6105	235 
6106	187 
6107	42 
6108	12 
6109	168 
6110	220 
6111	178 
6112	72 
6113	94 
6114	171 
6115	141 
6116	183 
6117	96 
6118	10 
6119	84 
6120	132 
6121	175 
6122	67 
6123	86 
6124	208 
6125	238 
6126	164 
6127	168 
6128	204 
6129	197 
6130	267 
6131	184 
6132	194 
6133	153 
6134	172 
6135	240 
6136	218 
6137	161 
6138	13 
6139	224 
6140	19 
6141	78 
6142	262 
6143	167 
6144	90 
6145	41 
6146	44 
6147	71 
6148	104 
6149	1 
6150	185 
6151	88 
6152	195 
6153	184 
6154	277 
6155	181 
6156	18 
6157	20 
6158	51 
6159	145 
6160	288 
6161	56 
6162	126 
6163	252 
6164	291 
6165	73 
6166	1 
6167	41 
6168	43 
6169	207 
6170	189 
6171	172 
6172	19 
6173	261 
6174	102 
6175	9 
6176	118 
6177	257 
6178	293 
6179	174 
6180	245 
6181	181 
6182	44 
6183	114 
6184	95 
6185	125 
6186	119 
6187	271 
6188	53 
6189	260 
6190	190 
6191	211 
6192	293 
6193	277 
6194	58 
6195	118 
6196	86 
6197	256 
6198	272 
6199	251 
6200	293 
6201	36 
6202	102 
6203	258 
6204	101 
6205	279 
6206	222 
6207	44 
6208	284 
6209	220 
6210	48 
6211	26 
6212	79 
6213	152 
6214	226 
6215	179 
6216	277 
6217	1 
6218	94 
6219	112 
6220	14 
6221	105 
6222	203 
6223	34 
6224	232 
6225	254 
6226	52 
6227	60 
6228	175 
6229	289 
6230	207 
6231	151 
6232	115 
6233	213 
6234	174 
6235	212 
6236	271 
6237	137 
6238	85 
6239	38 
6240	100 
6241	188 
6242	85 
6243	77 
6244	83 
6245	273 
6246	106 
6247	184 
6248	244 
6249	109 
6250	256 
6251	212 
6252	195 
6253	295 
6254	230 
6255	292 
6256	179 
6257	13 
6258	83 
6259	37 
6260	173 
6261	243 
6262	64 
6263	288 
6264	260 
6265	224 
6266	34 
6267	66 
6268	43 
6269	41 
6270	33 
6271	279 
6272	238 
6273	53 
6274	250 
6275	29 
6276	293 
6277	3 
6278	36 
6279	271 
6280	230 
6281	57 
6282	277 
6283	279 
6284	232 
6285	274 
6286	128 
6287	248 
6288	162 
6289	273 
6290	172 
6291	36 
6292	176 
6293	109 
6294	14 
6295	237 
6296	52 
6297	190 
6298	265 
6299	226 
6300	22 
6301	243 
6302	67 
6303	91 
6304	129 
6305	6 
6306	183 
6307	66 
6308	164 
6309	61 
6310	26 
6311	53 
6312	260 
6313	34 
6314	19 
6315	69 
6316	201 
6317	44 
6318	79 
6319	139 
6320	147 
6321	245 
6322	150 
6323	51 
6324	124 
6325	98 
6326	1 
6327	152 
6328	82 
6329	262 
6330	216 
6331	263 
6332	116 
6333	257 
6334	13 
6335	231 
6336	37 
6337	66 
6338	49 
6339	158 
6340	241 
6341	273 
6342	257 
6343	241 
6344	176 
6345	14 
6346	92 
6347	66 
6348	225 
6349	20 
6350	20 
6351	189 
6352	282 
6353	66 
6354	209 
6355	141 
6356	127 
6357	47 
6358	102 
6359	93 
6360	115 
6361	165 
6362	128 
6363	115 
6364	22 
6365	224 
6366	22 
6367	228 
6368	99 
6369	127 
6370	94 
6371	44 
6372	122 
6373	131 
6374	37 
6375	91 
6376	249 
6377	24 
6378	112 
6379	61 
6380	46 
6381	229 
6382	272 
6383	152 
6384	100 
6385	170 
6386	86 
6387	220 
6388	112 
6389	36 
6390	87 
6391	252 
6392	168 
6393	105 
6394	86 
6395	92 
6396	35 
6397	225 
6398	80 
6399	7 
6400	131 
6401	235 
6402	67 
6403	86 
6404	105 
6405	96 
6406	111 
6407	15 
6408	288 
6409	231 
6410	159 
6411	106 
6412	125 
6413	49 
6414	163 
6415	166 
6416	226 
6417	114 
6418	44 
6419	243 
6420	142 
6421	6 
6422	174 
6423	181 
6424	36 
6425	137 
6426	159 
6427	227 
6428	296 
6429	47 
6430	280 
6431	160 
6432	75 
6433	275 
6434	293 
6435	19 
6436	288 
6437	67 
6438	101 
6439	71 
6440	200 
6441	96 
6442	285 
6443	289 
6444	282 
6445	112 
6446	276 
6447	207 
6448	261 
6449	153 
6450	129 
6451	189 
6452	248 
6453	185 
6454	63 
6455	222 
6456	11 
6457	269 
6458	111 
6459	128 
6460	64 
6461	200 
6462	87 
6463	85 
6464	33 
6465	172 
6466	18 
6467	252 
6468	7 
6469	93 
6470	137 
6471	12 
6472	106 
6473	119 
6474	83 
6475	181 
6476	254 
6477	227 
6478	177 
6479	57 
6480	213 
6481	71 
6482	142 
6483	199 
6484	64 
6485	208 
6486	202 
6487	184 
6488	27 
6489	260 
6490	194 
6491	167 
6492	50 
6493	85 
6494	22 
6495	22 
6496	271 
6497	240 
6498	273 
6499	57 
6500	121 
6501	270 
6502	98 
6503	208 
6504	103 
6505	185 
6506	82 
6507	197 
6508	263 
6509	243 
6510	26 
6511	161 
6512	184 
6513	118 
6514	118 
6515	262 
6516	45 
6517	165 
6518	59 
6519	201 
6520	159 
6521	96 
6522	7 
6523	195 
6524	237 
6525	23 
6526	118 
6527	38 
6528	102 
6529	123 
6530	79 
6531	273 
6532	4 
6533	142 
6534	88 
6535	141 
6536	2 
6537	213 
6538	294 
6539	201 
6540	246 
6541	129 
6542	29 
6543	107 
6544	22 
6545	272 
6546	198 
6547	165 
6548	72 
6549	61 
6550	161 
6551	63 
6552	10 
6553	14 
6554	145 
6555	266 
6556	107 
6557	101 
6558	27 
6559	167 
6560	193 
6561	130 
6562	101 
6563	196 
6564	261 
6565	210 
6566	141 
6567	132 
6568	208 
6569	44 
6570	189 
6571	248 
6572	120 
6573	212 
6574	12 
6575	194 
6576	180 
6577	119 
6578	128 
6579	190 
6580	175 
6581	174 
6582	18 
6583	157 
6584	18 
6585	276 
6586	186 
6587	103 
6588	29 
6589	151 
6590	174 
6591	149 
6592	92 
6593	261 
6594	237 
6595	3 
6596	71 
6597	74 
6598	5 
6599	293 
6600	75 
6601	198 
6602	225 
6603	101 
6604	43 
6605	136 
6606	90 
6607	220 
6608	25 
6609	51 
6610	130 
6611	34 
6612	109 
6613	12 
6614	30 
6615	293 
6616	188 
6617	92 
6618	214 
6619	173 
6620	12 
6621	60 
6622	109 
6623	260 
6624	252 
6625	180 
6626	75 
6627	229 
6628	46 
6629	67 
6630	103 
6631	2 
6632	63 
6633	71 
6634	153 
6635	223 
6636	99 
6637	280 
6638	249 
6639	290 
6640	203 
6641	148 
6642	86 
6643	191 
6644	173 
6645	248 
6646	158 
6647	98 
6648	277 
6649	228 
6650	188 
6651	25 
6652	165 
6653	268 
6654	172 
6655	85 
6656	111 
6657	7 
6658	95 
6659	166 
6660	152 
6661	248 
6662	276 
6663	29 
6664	98 
6665	63 
6666	100 
6667	109 
6668	117 
6669	229 
6670	171 
6671	258 
6672	224 
6673	43 
6674	158 
6675	284 
6676	188 
6677	258 
6678	102 
6679	285 
6680	226 
6681	70 
6682	152 
6683	102 
6684	230 
6685	66 
6686	210 
6687	121 
6688	99 
6689	189 
6690	149 
6691	41 
6692	254 
6693	271 
6694	194 
6695	209 
6696	93 
6697	83 
6698	104 
6699	41 
6700	139 
6701	1 
6702	85 
6703	20 
6704	154 
6705	61 
6706	65 
6707	279 
6708	165 
6709	85 
6710	107 
6711	183 
6712	161 
6713	273 
6714	97 
6715	109 
6716	249 
6717	287 
6718	17 
6719	129 
6720	152 
6721	23 
6722	230 
6723	88 
6724	183 
6725	77 
6726	13 
6727	151 
6728	175 
6729	138 
6730	95 
6731	249 
6732	149 
6733	16 
6734	204 
6735	214 
6736	95 
6737	274 
6738	121 
6739	195 
6740	82 
6741	179 
6742	173 
6743	274 
6744	99 
6745	74 
6746	141 
6747	90 
6748	165 
6749	122 
6750	244 
6751	271 
6752	18 
6753	69 
6754	136 
6755	67 
6756	22 
6757	16 
6758	4 
6759	110 
6760	196 
6761	167 
6762	118 
6763	184 
6764	131 
6765	214 
6766	181 
6767	94 
6768	53 
6769	232 
6770	94 
6771	209 
6772	26 
6773	226 
6774	263 
6775	85 
6776	20 
6777	258 
6778	226 
6779	98 
6780	57 
6781	26 
6782	285 
6783	94 
6784	30 
6785	161 
6786	90 
6787	242 
6788	50 
6789	167 
6790	192 
6791	60 
6792	1 
6793	230 
6794	178 
6795	200 
6796	122 
6797	12 
6798	29 
6799	125 
6800	12 
6801	257 
6802	14 
6803	258 
6804	266 
6805	47 
6806	252 
6807	14 
6808	164 
6809	23 
6810	104 
6811	121 
6812	279 
6813	183 
6814	147 
6815	263 
6816	274 
6817	192 
6818	161 
6819	250 
6820	102 
6821	230 
6822	125 
6823	53 
6824	136 
6825	140 
6826	114 
6827	4 
6828	163 
6829	83 
6830	175 
6831	154 
6832	46 
6833	261 
6834	87 
6835	251 
6836	241 
6837	245 
6838	60 
6839	138 
6840	36 
6841	82 
6842	139 
6843	261 
6844	203 
6845	286 
6846	174 
6847	195 
6848	18 
6849	293 
6850	257 
6851	142 
6852	148 
6853	15 
6854	76 
6855	286 
6856	200 
6857	277 
6858	274 
6859	23 
6860	163 
6861	46 
6862	293 
6863	238 
6864	183 
6865	77 
6866	59 
6867	177 
6868	7 
6869	118 
6870	47 
6871	263 
6872	236 
6873	157 
6874	26 
6875	229 
6876	215 
6877	262 
6878	193 
6879	59 
6880	95 
6881	180 
6882	180 
6883	202 
6884	195 
6885	53 
6886	220 
6887	237 
6888	191 
6889	169 
6890	166 
6891	127 
6892	167 
6893	86 
6894	166 
6895	44 
6896	103 
6897	124 
6898	106 
6899	256 
6900	258 
6901	153 
6902	164 
6903	96 
6904	233 
6905	9 
6906	120 
6907	138 
6908	59 
6909	185 
6910	102 
6911	57 
6912	13 
6913	190 
6914	49 
6915	119 
6916	289 
6917	63 
6918	291 
6919	234 
6920	159 
6921	171 
6922	30 
6923	241 
6924	25 
6925	71 
6926	189 
6927	38 
6928	296 
6929	75 
6930	203 
6931	271 
6932	200 
6933	295 
6934	168 
6935	26 
6936	56 
6937	67 
6938	285 
6939	83 
6940	285 
6941	96 
6942	176 
6943	181 
6944	203 
6945	97 
6946	71 
6947	36 
6948	175 
6949	243 
6950	124 
6951	171 
6952	200 
6953	110 
6954	209 
6955	248 
6956	90 
6957	77 
6958	97 
6959	11 
6960	190 
6961	199 
6962	74 
6963	48 
6964	271 
6965	148 
6966	165 
6967	289 
6968	276 
6969	57 
6970	138 
6971	189 
6972	294 
6973	246 
6974	18 
6975	231 
6976	285 
6977	77 
6978	249 
6979	187 
6980	128 
6981	14 
6982	226 
6983	294 
6984	75 
6985	92 
6986	198 
6987	288 
6988	93 
6989	129 
6990	220 
6991	98 
6992	12 
6993	241 
6994	154 
6995	162 
6996	79 
6997	79 
6998	185 
6999	196 
7000	293 
7001	63 
7002	200 
7003	58 
7004	56 
7005	184 
7006	296 
7007	196 
7008	241 
7009	243 
7010	285 
7011	222 
7012	52 
7013	204 
7014	167 
7015	80 
7016	184 
7017	215 
7018	71 
7019	34 
7020	56 
7021	98 
7022	222 
7023	123 
7024	79 
7025	184 
7026	102 
7027	99 
7028	76 
7029	154 
7030	9 
7031	162 
7032	138 
7033	246 
7034	50 
7035	5 
7036	214 
7037	202 
7038	1 
7039	220 
7040	139 
7041	183 
7042	254 
7043	202 
7044	162 
7045	102 
7046	191 
7047	119 
7048	284 
7049	126 
7050	242 
7051	96 
7052	48 
7053	100 
7054	139 
7055	9 
7056	229 
7057	115 
7058	271 
7059	140 
7060	175 
7061	85 
7062	257 
7063	18 
7064	50 
7065	31 
7066	285 
7067	271 
7068	79 
7069	235 
7070	49 
7071	270 
7072	204 
7073	202 
7074	8 
7075	183 
7076	44 
7077	105 
7078	95 
7079	106 
7080	142 
7081	231 
7082	127 
7083	98 
7084	228 
7085	236 
7086	215 
7087	174 
7088	258 
7089	209 
7090	80 
7091	244 
7092	14 
7093	237 
7094	23 
7095	100 
7096	141 
7097	33 
7098	172 
7099	75 
7100	198 
7101	125 
7102	97 
7103	187 
7104	57 
7105	200 
7106	192 
7107	189 
7108	195 
7109	164 
7110	119 
7111	73 
7112	119 
7113	241 
7114	59 
7115	37 
7116	250 
7117	215 
7118	215 
7119	225 
7120	201 
7121	130 
7122	188 
7123	95 
7124	237 
7125	17 
7126	240 
7127	14 
7128	260 
7129	268 
7130	4 
7131	225 
7132	111 
7133	249 
7134	257 
7135	276 
7136	194 
7137	102 
7138	266 
7139	260 
7140	214 
7141	148 
7142	188 
7143	2 
7144	84 
7145	242 
7146	95 
7147	18 
7148	229 
7149	18 
7150	151 
7151	70 
7152	227 
7153	50 
7154	169 
7155	99 
7156	245 
7157	137 
7158	167 
7159	220 
7160	210 
7161	257 
7162	106 
7163	22 
7164	145 
7165	163 
7166	268 
7167	12 
7168	74 
7169	286 
7170	37 
7171	12 
7172	210 
7173	220 
7174	214 
7175	171 
7176	228 
7177	109 
7178	184 
7179	272 
7180	148 
7181	18 
7182	154 
7183	196 
7184	215 
7185	170 
7186	199 
7187	20 
7188	215 
7189	42 
7190	60 
7191	53 
7192	57 
7193	123 
7194	36 
7195	262 
7196	30 
7197	123 
7198	67 
7199	185 
7200	141 
7201	112 
7202	274 
7203	237 
7204	223 
7205	67 
7206	286 
7207	187 
7208	65 
7209	16 
7210	71 
7211	4 
7212	203 
7213	86 
7214	166 
7215	92 
7216	204 
7217	262 
7218	14 
7219	273 
7220	279 
7221	258 
7222	17 
7223	19 
7224	243 
7225	66 
7226	263 
7227	47 
7228	27 
7229	224 
7230	93 
7231	277 
7232	181 
7233	99 
7234	161 
7235	188 
7236	92 
7237	109 
7238	151 
7239	241 
7240	25 
7241	154 
7242	15 
7243	83 
7244	161 
7245	276 
7246	120 
7247	111 
7248	47 
7249	131 
7250	86 
7251	101 
7252	215 
7253	93 
7254	151 
7255	110 
7256	177 
7257	188 
7258	98 
7259	198 
7260	233 
7261	162 
7262	229 
7263	119 
7264	140 
7265	70 
7266	90 
7267	23 
7268	235 
7269	123 
7270	167 
7271	33 
7272	53 
7273	23 
7274	17 
7275	47 
7276	19 
7277	288 
7278	70 
7279	109 
7280	245 
7281	77 
7282	140 
7283	131 
7284	37 
7285	79 
7286	29 
7287	65 
7288	131 
7289	52 
7290	141 
7291	208 
7292	245 
7293	58 
7294	163 
7295	16 
7296	163 
7297	114 
7298	201 
7299	254 
7300	2 
7301	160 
7302	94 
7303	190 
7304	45 
7305	267 
7306	20 
7307	136 
7308	47 
7309	67 
7310	13 
7311	129 
7312	178 
7313	101 
7314	138 
7315	19 
7316	85 
7317	14 
7318	267 
7319	12 
7320	127 
7321	142 
7322	272 
7323	269 
7324	273 
7325	109 
7326	122 
7327	99 
7328	175 
7329	226 
7330	256 
7331	157 
7332	293 
7333	20 
7334	242 
7335	177 
7336	188 
7337	26 
7338	241 
7339	177 
7340	241 
7341	14 
7342	119 
7343	92 
7344	236 
7345	85 
7346	271 
7347	119 
7348	26 
7349	210 
7350	175 
7351	100 
7352	204 
7353	111 
7354	57 
7355	93 
7356	256 
7357	127 
7358	141 
7359	161 
7360	87 
7361	223 
7362	118 
7363	19 
7364	267 
7365	245 
7366	201 
7367	120 
7368	271 
7369	125 
7370	111 
7371	209 
7372	1 
7373	226 
7374	110 
7375	162 
7376	187 
7377	23 
7378	7 
7379	141 
7380	59 
7381	236 
7382	102 
7383	107 
7384	190 
7385	79 
7386	138 
7387	80 
7388	94 
7389	256 
7390	181 
7391	76 
7392	86 
7393	5 
7394	277 
7395	165 
7396	44 
7397	36 
7398	104 
7399	164 
7400	222 
7401	20 
7402	271 
7403	204 
7404	41 
7405	261 
7406	123 
7407	41 
7408	250 
7409	145 
7410	34 
7411	266 
7412	231 
7413	204 
7414	272 
7415	178 
7416	189 
7417	273 
7418	35 
7419	132 
7420	85 
7421	94 
7422	73 
7423	175 
7424	201 
7425	53 
7426	175 
7427	105 
7428	169 
7429	138 
7430	75 
7431	246 
7432	200 
7433	208 
7434	65 
7435	46 
7436	47 
7437	85 
7438	15 
7439	157 
7440	44 
7441	18 
7442	290 
7443	34 
7444	46 
7445	132 
7446	163 
7447	83 
7448	243 
7449	174 
7450	279 
7451	203 
7452	85 
7453	241 
7454	12 
7455	87 
7456	175 
7457	244 
7458	269 
7459	105 
7460	212 
7461	98 
7462	41 
7463	64 
7464	30 
7465	233 
7466	34 
7467	73 
7468	60 
7469	171 
7470	7 
7471	33 
7472	126 
7473	154 
7474	87 
7475	92 
7476	123 
7477	71 
7478	152 
7479	101 
7480	17 
7481	163 
7482	203 
7483	51 
7484	38 
7485	227 
7486	293 
7487	279 
7488	87 
7489	186 
7490	171 
7491	172 
7492	7 
7493	56 
7494	235 
7495	224 
7496	118 
7497	87 
7498	190 
7499	273 
7500	127 
7501	237 
7502	84 
7503	280 
7504	202 
7505	251 
7506	18 
7507	258 
7508	248 
7509	222 
7510	31 
7511	12 
7512	266 
7513	14 
7514	153 
7515	20 
7516	88 
7517	226 
7518	12 
7519	94 
7520	71 
7521	260 
7522	112 
7523	66 
7524	165 
7525	296 
7526	220 
7527	7 
7528	13 
7529	106 
7530	183 
7531	138 
7532	214 
7533	210 
7534	58 
7535	164 
7536	106 
7537	85 
7538	63 
7539	183 
7540	262 
7541	25 
7542	254 
7543	93 
7544	195 
7545	111 
7546	235 
7547	57 
7548	26 
7549	194 
7550	61 
7551	292 
7552	167 
7553	56 
7554	148 
7555	167 
7556	119 
7557	25 
7558	109 
7559	173 
7560	120 
7561	106 
7562	30 
7563	189 
7564	261 
7565	185 
7566	189 
7567	210 
7568	199 
7569	280 
7570	187 
7571	186 
7572	225 
7573	137 
7574	277 
7575	138 
7576	85 
7577	96 
7578	248 
7579	57 
7580	80 
7581	195 
7582	274 
7583	167 
7584	186 
7585	118 
7586	269 
7587	226 
7588	138 
7589	161 
7590	63 
7591	47 
7592	91 
7593	268 
7594	154 
7595	243 
7596	131 
7597	170 
7598	260 
7599	273 
7600	147 
7601	1 
7602	188 
7603	215 
7604	171 
7605	180 
7606	244 
7607	229 
7608	63 
7609	243 
7610	151 
7611	84 
7612	71 
7613	262 
7614	102 
7615	128 
7616	1 
7617	242 
7618	67 
7619	207 
7620	9 
7621	111 
7622	152 
7623	203 
7624	210 
7625	105 
7626	231 
7627	171 
7628	227 
7629	45 
7630	260 
7631	14 
7632	5 
7633	9 
7634	139 
7635	141 
7636	180 
7637	237 
7638	132 
7639	152 
7640	38 
7641	95 
7642	258 
7643	66 
7644	220 
7645	109 
7646	67 
7647	268 
7648	208 
7649	94 
7650	226 
7651	118 
7652	34 
7653	35 
7654	107 
7655	100 
7656	260 
7657	105 
7658	49 
7659	210 
7660	261 
7661	292 
7662	140 
7663	185 
7664	127 
7665	123 
7666	30 
7667	83 
7668	243 
7669	36 
7670	61 
7671	41 
7672	51 
7673	241 
7674	195 
7675	147 
7676	180 
7677	208 
7678	208 
7679	126 
7680	137 
7681	115 
7682	29 
7683	125 
7684	64 
7685	279 
7686	85 
7687	154 
7688	174 
7689	19 
7690	161 
7691	102 
7692	270 
7693	201 
7694	285 
7695	268 
7696	171 
7697	293 
7698	57 
7699	166 
7700	12 
7701	171 
7702	34 
7703	129 
7704	70 
7705	31 
7706	65 
7707	201 
7708	86 
7709	96 
7710	147 
7711	203 
7712	131 
7713	53 
7714	111 
7715	56 
7716	97 
7717	100 
7718	183 
7719	225 
7720	65 
7721	258 
7722	114 
7723	117 
7724	288 
7725	175 
7726	20 
7727	105 
7728	63 
7729	41 
7730	157 
7731	7 
7732	117 
7733	266 
7734	121 
7735	56 
7736	119 
7737	132 
7738	189 
7739	141 
7740	220 
7741	257 
7742	120 
7743	177 
7744	30 
7745	267 
7746	276 
7747	98 
7748	174 
7749	184 
7750	86 
7751	271 
7752	186 
7753	164 
7754	154 
7755	172 
7756	269 
7757	59 
7758	188 
7759	36 
7760	167 
7761	99 
7762	86 
7763	26 
7764	7 
7765	148 
7766	152 
7767	210 
7768	41 
7769	222 
7770	173 
7771	171 
7772	106 
7773	199 
7774	79 
7775	91 
7776	186 
7777	187 
7778	88 
7779	161 
7780	215 
7781	189 
7782	6 
7783	174 
7784	15 
7785	286 
7786	261 
7787	42 
7788	139 
7789	66 
7790	213 
7791	82 
7792	165 
7793	57 
7794	266 
7795	33 
7796	60 
7797	222 
7798	83 
7799	159 
7800	125 
7801	273 
7802	285 
7803	75 
7804	279 
7805	244 
7806	260 
7807	115 
7808	13 
7809	45 
7810	200 
7811	84 
7812	188 
7813	201 
7814	214 
7815	71 
7816	41 
7817	220 
7818	208 
7819	147 
7820	102 
7821	9 
7822	272 
7823	256 
7824	251 
7825	147 
7826	279 
7827	120 
7828	271 
7829	196 
7830	18 
7831	173 
7832	254 
7833	292 
7834	256 
7835	289 
7836	140 
7837	120 
7838	245 
7839	36 
7840	293 
7841	92 
7842	41 
7843	180 
7844	132 
7845	13 
7846	256 
7847	101 
7848	257 
7849	160 
7850	184 
7851	184 
7852	203 
7853	119 
7854	141 
7855	268 
7856	209 
7857	83 
7858	210 
7859	167 
7860	154 
7861	226 
7862	171 
7863	184 
7864	273 
7865	51 
7866	259 
7867	106 
7868	26 
7869	267 
7870	80 
7871	141 
7872	112 
7873	41 
7874	292 
7875	137 
7876	244 
7877	26 
7878	231 
7879	85 
7880	289 
7881	235 
7882	195 
7883	140 
7884	152 
7885	172 
7886	101 
7887	71 
7888	163 
7889	77 
7890	90 
7891	37 
7892	14 
7893	107 
7894	9 
7895	13 
7896	171 
7897	87 
7898	137 
7899	94 
7900	231 
7901	41 
7902	75 
7903	46 
7904	64 
7905	83 
7906	105 
7907	154 
7908	185 
7909	92 
7910	170 
7911	88 
7912	110 
7913	127 
7914	230 
7915	188 
7916	57 
7917	200 
7918	179 
7919	63 
7920	243 
7921	99 
7922	41 
7923	107 
7924	109 
7925	63 
7926	109 
7927	175 
7928	171 
7929	109 
7930	38 
7931	220 
7932	183 
7933	45 
7934	145 
7935	267 
7936	33 
7937	77 
7938	161 
7939	27 
7940	6 
7941	102 
7942	292 
7943	30 
7944	118 
7945	276 
7946	101 
7947	245 
7948	86 
7949	13 
7950	94 
7951	229 
7952	36 
7953	200 
7954	162 
7955	70 
7956	37 
7957	33 
7958	167 
7959	258 
7960	110 
7961	66 
7962	130 
7963	294 
7964	276 
7965	198 
7966	163 
7967	256 
7968	138 
7969	123 
7970	75 
7971	125 
7972	203 
7973	31 
7974	256 
7975	72 
7976	220 
7977	70 
7978	45 
7979	272 
7980	273 
7981	70 
7982	24 
7983	173 
7984	225 
7985	65 
7986	243 
7987	95 
7988	114 
7989	79 
7990	31 
7991	225 
7992	72 
7993	202 
7994	199 
7995	83 
7996	34 
7997	243 
7998	293 
7999	237 
8000	245 
8001	226 
8002	177 
8003	121 
8004	152 
8005	120 
8006	241 
8007	72 
8008	171 
8009	289 
8010	22 
8011	190 
8012	38 
8013	225 
8014	164 
8015	70 
8016	87 
8017	88 
8018	273 
8019	128 
8020	151 
8021	166 
8022	220 
8023	203 
8024	96 
8025	181 
8026	163 
8027	125 
8028	171 
8029	188 
8030	161 
8031	203 
8032	105 
8033	65 
8034	260 
8035	131 
8036	26 
8037	37 
8038	263 
8039	235 
8040	181 
8041	98 
8042	229 
8043	258 
8044	188 
8045	64 
8046	241 
8047	152 
8048	209 
8049	86 
8050	11 
8051	102 
8052	189 
8053	181 
8054	24 
8055	82 
8056	287 
8057	256 
8058	286 
8059	187 
8060	33 
8061	128 
8062	266 
8063	227 
8064	235 
8065	180 
8066	92 
8067	226 
8068	87 
8069	26 
8070	79 
8071	160 
8072	5 
8073	57 
8074	64 
8075	24 
8076	200 
8077	19 
8078	90 
8079	36 
8080	25 
8081	139 
8082	292 
8083	71 
8084	271 
8085	66 
8086	118 
8087	87 
8088	130 
8089	101 
8090	245 
8091	44 
8092	185 
8093	98 
8094	63 
8095	33 
8096	45 
8097	119 
8098	60 
8099	126 
8100	200 
8101	177 
8102	210 
8103	137 
8104	200 
8105	229 
8106	102 
8107	72 
8108	142 
8109	256 
8110	141 
8111	226 
8112	248 
8113	168 
8114	86 
8115	83 
8116	279 
8117	179 
8118	148 
8119	200 
8120	24 
8121	177 
8122	77 
8123	280 
8124	180 
8125	188 
8126	119 
8127	189 
8128	271 
8129	220 
8130	53 
8131	245 
8132	112 
8133	34 
8134	87 
8135	79 
8136	100 
8137	152 
8138	292 
8139	82 
8140	25 
8141	141 
8142	184 
8143	120 
8144	17 
8145	147 
8146	260 
8147	110 
8148	190 
8149	181 
8150	63 
8151	271 
8152	260 
8153	24 
8154	245 
8155	245 
8156	279 
8157	280 
8158	53 
8159	241 
8160	203 
8161	126 
8162	175 
8163	208 
8164	172 
8165	286 
8166	101 
8167	287 
8168	140 
8169	96 
8170	234 
8171	280 
8172	220 
8173	4 
8174	15 
8175	29 
8176	80 
8177	157 
8178	92 
8179	292 
8180	174 
8181	23 
8182	81 
8183	260 
8184	34 
8185	256 
8186	111 
8187	197 
8188	36 
8189	251 
8190	27 
8191	195 
8192	273 
8193	109 
8194	256 
8195	77 
8196	67 
8197	160 
8198	106 
8199	208 
8200	151 
8201	47 
8202	163 
8203	63 
8204	254 
8205	202 
8206	273 
8207	87 
8208	214 
8209	67 
8210	1 
8211	293 
8212	131 
8213	230 
8214	104 
8215	248 
8216	13 
8217	171 
8218	220 
8219	201 
8220	200 
8221	77 
8222	181 
8223	280 
8224	175 
8225	86 
8226	83 
8227	244 
8228	164 
8229	20 
8230	128 
8231	23 
8232	23 
8233	136 
8234	70 
8235	183 
8236	279 
8237	1 
8238	20 
8239	171 
8240	138 
8241	26 
8242	294 
8243	118 
8244	171 
8245	94 
8246	277 
8247	226 
8248	34 
8249	157 
8250	167 
8251	246 
8252	30 
8253	280 
8254	71 
8255	30 
8256	286 
8257	65 
8258	31 
8259	136 
8260	106 
8261	139 
8262	129 
8263	237 
8264	256 
8265	97 
8266	106 
8267	272 
8268	13 
8269	35 
8270	120 
8271	96 
8272	1 
8273	20 
8274	67 
8275	63 
8276	263 
8277	175 
8278	293 
8279	254 
8280	203 
8281	83 
8282	189 
8283	85 
8284	82 
8285	47 
8286	200 
8287	260 
8288	34 
8289	7 
8290	220 
8291	208 
8292	45 
8293	20 
8294	81 
8295	41 
8296	241 
8297	188 
8298	101 
8299	226 
8300	138 
8301	204 
8302	259 
8303	263 
8304	271 
8305	86 
8306	279 
8307	160 
8308	73 
8309	96 
8310	189 
8311	106 
8312	101 
8313	63 
8314	197 
8315	137 
8316	60 
8317	130 
8318	118 
8319	82 
8320	214 
8321	167 
8322	203 
8323	57 
8324	151 
8325	220 
8326	183 
8327	12 
8328	164 
8329	86 
8330	65 
8331	188 
8332	98 
8333	173 
8334	53 
8335	30 
8336	128 
8337	109 
8338	279 
8339	53 
8340	177 
8341	177 
8342	140 
8343	168 
8344	248 
8345	57 
8346	292 
8347	34 
8348	210 
8349	71 
8350	67 
8351	292 
8352	37 
8353	42 
8354	210 
8355	203 
8356	166 
8357	258 
8358	6 
8359	47 
8360	141 
8361	47 
8362	31 
8363	23 
8364	215 
8365	201 
8366	248 
8367	141 
8368	94 
8369	102 
8370	66 
8371	131 
8372	257 
8373	14 
8374	175 
8375	65 
8376	66 
8377	270 
8378	175 
8379	271 
8380	220 
8381	14 
8382	61 
8383	125 
8384	292 
8385	115 
8386	269 
8387	226 
8388	125 
8389	167 
8390	19 
8391	279 
8392	121 
8393	154 
8394	67 
8395	276 
8396	279 
8397	189 
8398	220 
8399	243 
8400	272 
8401	142 
8402	201 
8403	53 
8404	270 
8405	119 
8406	234 
8407	186 
8408	71 
8409	38 
8410	271 
8411	292 
8412	241 
8413	118 
8414	53 
8415	27 
8416	41 
8417	220 
8418	142 
8419	26 
8420	67 
8421	107 
8422	185 
8423	215 
8424	188 
8425	91 
8426	147 
8427	9 
8428	270 
8429	125 
8430	36 
8431	36 
8432	147 
8433	110 
8434	64 
8435	200 
8436	20 
8437	254 
8438	37 
8439	25 
8440	226 
8441	19 
8442	35 
8443	15 
8444	42 
8445	161 
8446	71 
8447	270 
8448	285 
8449	42 
8450	202 
8451	258 
8452	254 
8453	88 
8454	203 
8455	115 
8456	94 
8457	202 
8458	17 
8459	160 
8460	163 
8461	81 
8462	287 
8463	66 
8464	98 
8465	235 
8466	64 
8467	266 
8468	209 
8469	61 
8470	269 
8471	132 
8472	107 
8473	72 
8474	172 
8475	190 
8476	96 
8477	5 
8478	214 
8479	153 
8480	276 
8481	45 
8482	287 
8483	137 
8484	79 
8485	246 
8486	91 
8487	109 
8488	26 
8489	5 
8490	96 
8491	27 
8492	142 
8493	23 
8494	63 
8495	95 
8496	243 
8497	9 
8498	175 
8499	147 
8500	152 
8501	35 
8502	65 
8503	166 
8504	102 
8505	118 
8506	25 
8507	72 
8508	79 
8509	175 
8510	248 
8511	242 
8512	100 
8513	177 
8514	183 
8515	120 
8516	147 
8517	167 
8518	37 
8519	98 
8520	12 
8521	77 
8522	292 
8523	81 
8524	31 
8525	175 
8526	177 
8527	279 
8528	26 
8529	36 
8530	242 
8531	120 
8532	66 
8533	203 
8534	24 
8535	172 
8536	22 
8537	175 
8538	26 
8539	189 
8540	226 
8541	142 
8542	161 
8543	109 
8544	131 
8545	148 
8546	292 
8547	222 
8548	181 
8549	29 
8550	97 
8551	235 
8552	112 
8553	96 
8554	82 
8555	41 
8556	203 
8557	188 
8558	235 
8559	125 
8560	267 
8561	125 
8562	163 
8563	119 
8564	183 
8565	19 
8566	226 
8567	85 
8568	167 
8569	15 
8570	226 
8571	92 
8572	109 
8573	83 
8574	245 
8575	112 
8576	153 
8577	161 
8578	20 
8579	109 
8580	180 
8581	119 
8582	256 
8583	152 
8584	210 
8585	41 
8586	214 
8587	20 
8588	256 
8589	65 
8590	120 
8591	225 
8592	128 
8593	129 
8594	109 
8595	195 
8596	53 
8597	203 
8598	57 
8599	294 
8600	177 
8601	157 
8602	261 
8603	25 
8604	266 
8605	5 
8606	203 
8607	41 
8608	14 
8609	258 
8610	12 
8611	245 
8612	25 
8613	81 
8614	25 
8615	41 
8616	44 
8617	273 
8618	267 
8619	65 
8620	203 
8621	254 
8622	5 
8623	181 
8624	241 
8625	53 
8626	80 
8627	293 
8628	87 
8629	254 
8630	64 
8631	120 
8632	85 
8633	209 
8634	171 
8635	23 
8636	110 
8637	20 
8638	161 
8639	5 
8640	248 
8641	260 
8642	66 
8643	241 
8644	119 
8645	72 
8646	171 
8647	269 
8648	18 
8649	227 
8650	280 
8651	201 
8652	138 
8653	242 
8654	128 
8655	25 
8656	99 
8657	148 
8658	23 
8659	96 
8660	164 
8661	70 
8662	148 
8663	41 
8664	184 
8665	184 
8666	26 
8667	22 
8668	141 
8669	18 
8670	98 
8671	44 
8672	189 
8673	202 
8674	112 
8675	285 
8676	30 
8677	195 
8678	195 
8679	121 
8680	153 
8681	279 
8682	201 
8683	243 
8684	197 
8685	1 
8686	201 
8687	197 
8688	241 
8689	37 
8690	245 
8691	118 
8692	13 
8693	12 
8694	270 
8695	86 
8696	256 
8697	289 
8698	279 
8699	209 
8700	71 
8701	173 
8702	172 
8703	141 
8704	37 
8705	280 
8706	171 
8707	112 
8708	161 
8709	106 
8710	1 
8711	107 
8712	233 
8713	102 
8714	67 
8715	259 
8716	188 
8717	231 
8718	9 
8719	81 
8720	23 
8721	230 
8722	209 
8723	96 
8724	77 
8725	13 
8726	161 
8727	198 
8728	233 
8729	9 
8730	92 
8731	231 
8732	270 
8733	277 
8734	166 
8735	61 
8736	139 
8737	167 
8738	120 
8739	270 
8740	273 
8741	197 
8742	71 
8743	160 
8744	267 
8745	139 
8746	292 
8747	189 
8748	14 
8749	109 
8750	242 
8751	174 
8752	229 
8753	30 
8754	96 
8755	138 
8756	248 
8757	13 
8758	225 
8759	119 
8760	5 
8761	141 
8762	208 
8763	204 
8764	92 
8765	260 
8766	242 
8767	188 
8768	91 
8769	254 
8770	59 
8771	160 
8772	234 
8773	31 
8774	121 
8775	53 
8776	233 
8777	209 
8778	272 
8779	35 
8780	97 
8781	77 
8782	1 
8783	172 
8784	63 
8785	167 
8786	87 
8787	175 
8788	279 
8789	82 
8790	30 
8791	120 
8792	259 
8793	279 
8794	125 
8795	185 
8796	87 
8797	53 
8798	63 
8799	57 
8800	220 
8801	112 
8802	148 
8803	203 
8804	53 
8805	279 
8806	245 
8807	271 
8808	121 
8809	209 
8810	177 
8811	71 
8812	105 
8813	31 
8814	208 
8815	67 
8816	53 
8817	233 
8818	94 
8819	140 
8820	273 
8821	230 
8822	175 
8823	201 
8824	13 
8825	25 
8826	185 
8827	171 
8828	271 
8829	12 
8830	120 
8831	157 
8832	65 
8833	171 
8834	101 
8835	5 
8836	81 
8837	137 
8838	279 
8839	94 
8840	97 
8841	138 
8842	222 
8843	33 
8844	141 
8845	170 
8846	20 
8847	73 
8848	204 
8849	96 
8850	188 
8851	174 
8852	242 
8853	147 
8854	202 
8855	203 
8856	13 
8857	215 
8858	18 
8859	258 
8860	185 
8861	215 
8862	4 
8863	153 
8864	164 
8865	63 
8866	164 
8867	160 
8868	15 
8869	118 
8870	112 
8871	65 
8872	29 
8873	163 
8874	131 
8875	276 
8876	30 
8877	215 
8878	167 
8879	273 
8880	141 
8881	276 
8882	226 
8883	23 
8884	112 
8885	263 
8886	200 
8887	285 
8888	53 
8889	161 
8890	188 
8891	94 
8892	70 
8893	140 
8894	225 
8895	97 
8896	59 
8897	34 
8898	36 
8899	65 
8900	202 
8901	86 
8902	177 
8903	157 
8904	12 
8905	235 
8906	94 
8907	167 
8908	259 
8909	188 
8910	36 
8911	197 
8912	203 
8913	57 
8914	34 
8915	121 
8916	65 
8917	13 
8918	102 
8919	180 
8920	88 
8921	230 
8922	279 
8923	141 
8924	18 
8925	226 
8926	22 
8927	209 
8928	210 
8929	292 
8930	175 
8931	195 
8932	171 
8933	172 
8934	96 
8935	120 
8936	128 
8937	120 
8938	177 
8939	167 
8940	202 
8941	99 
8942	210 
8943	5 
8944	96 
8945	118 
8946	175 
8947	121 
8948	119 
8949	292 
8950	138 
8951	161 
8952	226 
8953	118 
8954	276 
8955	190 
8956	36 
8957	83 
8958	195 
8959	5 
8960	241 
8961	171 
8962	71 
8963	161 
8964	15 
8965	273 
8966	90 
8967	15 
8968	105 
8969	101 
8970	22 
8971	260 
8972	72 
8973	106 
8974	188 
8975	139 
8976	180 
8977	261 
8978	72 
8979	101 
8980	166 
8981	180 
8982	171 
8983	20 
8984	18 
8985	85 
8986	273 
8987	70 
8988	31 
8989	67 
8990	5 
8991	210 
8992	12 
8993	292 
8994	245 
8995	200 
8996	31 
8997	235 
8998	273 
8999	63 
9000	7 
9001	86 
9002	242 
9003	190 
9004	83 
9005	248 
9006	142 
9007	15 
9008	200 
9009	65 
9010	210 
9011	200 
9012	261 
9013	195 
9014	111 
9015	267 
9016	181 
9017	37 
9018	256 
9019	260 
9020	23 
9021	203 
9022	128 
9023	70 
9024	27 
9025	13 
9026	229 
9027	154 
9028	26 
9029	27 
9030	66 
9031	248 
9032	125 
9033	277 
9034	292 
9035	277 
9036	277 
9037	270 
9038	285 
9039	36 
9040	27 
9041	29 
9042	34 
9043	266 
9044	174 
9045	163 
9046	119 
9047	86 
9048	111 
9049	106 
9050	53 
9051	241 
9052	1 
9053	66 
9054	210 
9055	12 
9056	277 
9057	215 
9058	270 
9059	31 
9060	88 
9061	119 
9062	292 
9063	7 
9064	65 
9065	204 
9066	152 
9067	131 
9068	110 
9069	140 
9070	258 
9071	215 
9072	72 
9073	227 
9074	125 
9075	110 
9076	94 
9077	38 
9078	111 
9079	188 
9080	125 
9081	195 
9082	254 
9083	97 
9084	70 
9085	137 
9086	204 
9087	119 
9088	202 
9089	34 
9090	208 
9091	66 
9092	215 
9093	245 
9094	227 
9095	277 
9096	235 
9097	30 
9098	102 
9099	225 
9100	7 
9101	235 
9102	98 
9103	148 
9104	166 
9105	82 
9106	83 
9107	209 
9108	66 
9109	241 
9110	125 
9111	94 
9112	140 
9113	71 
9114	82 
9115	72 
9116	119 
9117	101 
9118	166 
9119	13 
9120	256 
9121	92 
9122	31 
9123	279 
9124	157 
9125	153 
9126	13 
9127	270 
9128	167 
9129	243 
9130	77 
9131	5 
9132	185 
9133	254 
9134	119 
9135	120 
9136	259 
9137	137 
9138	59 
9139	47 
9140	71 
9141	41 
9142	173 
9143	188 
9144	200 
9145	142 
9146	245 
9147	242 
9148	41 
9149	234 
9150	204 
9151	92 
9152	85 
9153	47 
9154	175 
9155	209 
9156	83 
9157	204 
9158	256 
9159	201 
9160	235 
9161	35 
9162	173 
9163	172 
9164	141 
9165	184 
9166	25 
9167	36 
9168	94 
9169	36 
9170	241 
9171	164 
9172	109 
9173	292 
9174	184 
9175	71 
9176	261 
9177	220 
9178	138 
9179	273 
9180	71 
9181	293 
9182	36 
9183	128 
9184	118 
9185	203 
9186	230 
9187	141 
9188	15 
9189	173 
9190	137 
9191	233 
9192	254 
9193	233 
9194	109 
9195	61 
9196	160 
9197	152 
9198	293 
9199	189 
9200	188 
9201	220 
9202	61 
9203	167 
9204	261 
9205	71 
9206	98 
9207	63 
9208	293 
9209	23 
9210	254 
9211	36 
9212	5 
9213	174 
9214	259 
9215	258 
9216	161 
9217	106 
9218	30 
9219	200 
9220	292 
9221	208 
9222	174 
9223	277 
9224	34 
9225	102 
9226	241 
9227	125 
9228	292 
9229	215 
9230	248 
9231	261 
9232	105 
9233	34 
9234	15 
9235	12 
9236	125 
9237	201 
9238	175 
9239	18 
9240	5 
9241	234 
9242	256 
9243	163 
9244	112 
9245	164 
9246	22 
9247	203 
9248	200 
9249	66 
9250	210 
9251	13 
9252	18 
9253	160 
9254	188 
9255	77 
9256	119 
9257	261 
9258	47 
9259	67 
9260	173 
9261	119 
9262	292 
9263	13 
9264	152 
9265	88 
9266	248 
9267	106 
9268	185 
9269	112 
9270	167 
9271	38 
9272	235 
9273	215 
9274	171 
9275	200 
9276	256 
9277	20 
9278	92 
9279	37 
9280	243 
9281	31 
9282	138 
9283	164 
9284	36 
9285	41 
9286	292 
9287	12 
9288	190 
9289	267 
9290	120 
9291	90 
9292	101 
9293	23 
9294	15 
9295	181 
9296	181 
9297	53 
9298	81 
9299	26 
9300	83 
9301	102 
9302	44 
9303	201 
9304	210 
9305	112 
9306	237 
9307	65 
9308	188 
9309	184 
9310	85 
9311	109 
9312	7 
9313	102 
9314	172 
9315	153 
9316	67 
9317	96 
9318	279 
9319	23 
9320	139 
9321	23 
9322	34 
9323	41 
9324	220 
9325	201 
9326	118 
9327	188 
9328	220 
9329	44 
9330	277 
9331	37 
9332	59 
9333	226 
9334	125 
9335	175 
9336	63 
9337	201 
9338	88 
9339	183 
9340	13 
9341	279 
9342	81 
9343	248 
9344	292 
9345	260 
9346	200 
9347	161 
9348	111 
9349	164 
9350	128 
9351	171 
9352	171 
9353	118 
9354	120 
9355	183 
9356	30 
9357	202 
9358	273 
9359	161 
9360	248 
9361	23 
9362	20 
9363	248 
9364	38 
9365	185 
9366	12 
9367	260 
9368	173 
9369	53 
9370	200 
9371	41 
9372	171 
9373	66 
9374	241 
9375	152 
9376	101 
9377	200 
9378	270 
9379	270 
9380	38 
9381	71 
9382	279 
9383	235 
9384	220 
9385	90 
9386	92 
9387	53 
9388	241 
9389	293 
9390	177 
9391	13 
9392	261 
9393	63 
9394	227 
9395	86 
9396	138 
9397	164 
9398	109 
9399	128 
9400	35 
9401	119 
9402	254 
9403	141 
9404	94 
9405	37 
9406	109 
9407	98 
9408	53 
9409	81 
9410	18 
9411	35 
9412	190 
9413	120 
9414	92 
9415	7 
9416	189 
9417	267 
9418	26 
9419	277 
9420	37 
9421	172 
9422	59 
9423	203 
9424	180 
9425	23 
9426	13 
9427	243 
9428	97 
9429	118 
9430	34 
9431	92 
9432	258 
9433	25 
9434	53 
9435	26 
9436	7 
9437	120 
9438	20 
9439	20 
9440	148 
9441	173 
9442	67 
9443	97 
9444	139 
9445	237 
9446	226 
9447	138 
9448	234 
9449	245 
9450	180 
9451	201 
9452	86 
9453	271 
9454	256 
9455	36 
9456	30 
9457	138 
9458	174 
9459	189 
9460	65 
9461	177 
9462	87 
9463	142 
9464	41 
9465	139 
9466	47 
9467	119 
9468	97 
9469	237 
9470	101 
9471	13 
9472	41 
9473	277 
9474	67 
9475	112 
9476	215 
9477	87 
9478	47 
9479	34 
9480	141 
9481	195 
9482	57 
9483	181 
9484	190 
9485	102 
9486	36 
9487	260 
9488	81 
9489	105 
9490	119 
9491	172 
9492	200 
9493	173 
9494	26 
9495	92 
9496	112 
9497	109 
9498	105 
9499	209 
9500	161 
9501	65 
9502	142 
9503	119 
9504	5 
9505	25 
9506	29 
9507	167 
9508	226 
9509	163 
9510	19 
9511	139 
9512	152 
9513	96 
9514	174 
9515	138 
9516	177 
9517	226 
9518	157 
9519	81 
9520	248 
9521	226 
9522	147 
9523	26 
9524	292 
9525	273 
9526	215 
9527	85 
9528	184 
9529	128 
9530	5 
9531	101 
9532	139 
9533	273 
9534	209 
9535	70 
9536	293 
9537	41 
9538	70 
9539	26 
9540	180 
9541	220 
9542	88 
9543	189 
9544	37 
9545	227 
9546	226 
9547	112 
9548	119 
9549	105 
9550	86 
9551	234 
9552	71 
9553	293 
9554	15 
9555	292 
9556	86 
9557	141 
9558	185 
9559	189 
9560	29 
9561	13 
9562	248 
9563	189 
9564	67 
9565	88 
9566	141 
9567	200 
9568	271 
9569	164 
9570	65 
9571	92 
9572	105 
9573	85 
9574	195 
9575	85 
9576	112 
9577	273 
9578	234 
9579	256 
9580	5 
9581	167 
9582	201 
9583	157 
9584	26 
9585	7 
9586	22 
9587	86 
9588	147 
9589	226 
9590	85 
9591	163 
9592	41 
9593	87 
9594	175 
9595	72 
9596	119 
9597	256 
9598	184 
9599	26 
9600	241 
9601	36 
9602	119 
9603	164 
9604	173 
9605	185 
9606	160 
9607	94 
9608	22 
9609	175 
9610	138 
9611	1 
9612	81 
9613	164 
9614	44 
9615	20 
9616	226 
9617	90 
9618	215 
9619	53 
9620	188 
9621	94 
9622	112 
9623	65 
9624	5 
9625	258 
9626	23 
9627	174 
9628	267 
9629	161 
9630	220 
9631	14 
9632	70 
9633	241 
9634	293 
9635	204 
9636	271 
9637	185 
9638	203 
9639	25 
9640	273 
9641	147 
9642	118 
9643	71 
9644	203 
9645	241 
9646	226 
9647	177 
9648	254 
9649	175 
9650	183 
9651	53 
9652	166 
9653	273 
9654	82 
9655	292 
9656	83 
9657	208 
9658	195 
9659	184 
9660	184 
9661	65 
9662	97 
9663	180 
9664	190 
9665	22 
9666	119 
9667	33 
9668	83 
9669	26 
9670	36 
9671	141 
9672	260 
9673	20 
9674	200 
9675	105 
9676	125 
9677	161 
9678	101 
9679	175 
9680	71 
9681	81 
9682	166 
9683	188 
9684	65 
9685	70 
9686	59 
9687	234 
9688	226 
9689	13 
9690	245 
9691	53 
9692	195 
9693	23 
9694	203 
9695	234 
9696	164 
9697	119 
9698	185 
9699	293 
9700	215 
9701	279 
9702	164 
9703	81 
9704	147 
9705	248 
9706	120 
9707	256 
9708	59 
9709	200 
9710	105 
9711	215 
9712	220 
9713	65 
9714	164 
9715	254 
9716	38 
9717	173 
9718	226 
9719	243 
9720	163 
9721	34 
9722	226 
9723	241 
9724	119 
9725	98 
9726	14 
9727	245 
9728	137 
9729	112 
9730	33 
9731	166 
9732	111 
9733	34 
9734	81 
9735	147 
9736	260 
9737	94 
9738	226 
9739	83 
9740	181 
9741	85 
9742	65 
9743	118 
9744	248 
9745	164 
9746	92 
9747	37 
9748	248 
9749	234 
9750	106 
9751	41 
9752	258 
9753	120 
9754	118 
9755	26 
9756	184 
9757	33 
9758	258 
9759	118 
9760	152 
9761	225 
9762	44 
9763	184 
9764	53 
9765	190 
9766	96 
9767	22 
9768	109 
9769	1 
9770	70 
9771	188 
9772	102 
9773	19 
9774	88 
9775	181 
9776	188 
9777	141 
9778	118 
9779	125 
9780	293 
9781	67 
9782	12 
9783	59 
9784	188 
9785	181 
9786	67 
9787	23 
9788	20 
9789	118 
9790	138 
9791	181 
9792	210 
9793	112 
9794	277 
9795	204 
9796	271 
9797	38 
9798	210 
9799	141 
9800	190 
9801	203 
9802	200 
9803	260 
9804	70 
9805	112 
9806	96 
9807	204 
9808	210 
9809	254 
9810	25 
9811	111 
9812	157 
9813	29 
9814	19 
9815	86 
9816	53 
9817	164 
9818	111 
9819	210 
9820	14 
9821	13 
9822	98 
9823	171 
9824	125 
9825	120 
9826	57 
9827	47 
9828	152 
9829	20 
9830	160 
9831	167 
9832	204 
9833	188 
9834	166 
9835	18 
9836	20 
9837	41 
9838	118 
9839	67 
9840	96 
9841	260 
9842	271 
9843	88 
9844	175 
9845	47 
9846	164 
9847	23 
9848	292 
9849	111 
9850	120 
9851	175 
9852	47 
9853	184 
9854	118 
9855	70 
9856	85 
9857	293 
9858	102 
9859	106 
9860	195 
9861	120 
9862	174 
9863	96 
9864	71 
9865	12 
9866	177 
9867	111 
9868	181 
9869	173 
9870	57 
9871	53 
9872	181 
9873	245 
9874	271 
9875	279 
9876	23 
9877	260 
9878	256 
9879	34 
9880	20 
9881	177 
9882	19 
9883	101 
9884	5 
9885	173 
9886	171 
9887	111 
9888	14 
9889	172 
9890	96 
9891	92 
9892	14 
9893	261 
9894	189 
9895	65 
9896	118 
9897	23 
9898	215 
9899	88 
9900	189 
9901	174 
9902	279 
9903	225 
9904	44 
9905	65 
9906	23 
9907	120 
9908	167 
9909	94 
9910	70 
9911	188 
9912	279 
9913	201 
9914	292 
9915	160 
9916	119 
9917	70 
9918	226 
9919	220 
9920	273 
9921	118 
9922	292 
9923	141 
9924	226 
9925	63 
9926	102 
9927	171 
9928	245 
9929	19 
9930	256 
9931	98 
9932	63 
9933	112 
9934	96 
9935	15 
9936	167 
9937	271 
9938	273 
9939	70 
9940	279 
9941	203 
9942	172 
9943	20 
9944	1 
9945	82 
9946	190 
9947	7 
9948	256 
9949	184 
9950	167 
9951	261 
9952	13 
9953	83 
9954	254 
9955	279 
9956	245 
9957	180 
9958	119 
9959	190 
9960	175 
9961	248 
9962	277 
9963	248 
9964	66 
9965	120 
9966	120 
9967	12 
9968	161 
9969	164 
9970	94 
9971	70 
9972	119 
9973	125 
9974	226 
9975	44 
9976	109 
9977	14 
9978	125 
9979	83 
9980	120 
9981	86 
9982	171 
9983	82 
9984	171 
9985	141 
9986	65 
9987	261 
9988	271 
9989	82 
9990	94 
9991	125 
9992	41 
9993	14 
9994	86 
9995	7 
9996	245 
9997	101 
9998	241 
9999	201 
10000	161 
