1	26 
2	236 
3	9 
4	16 
5	67 
6	62 
7	116 
8	141 
9	28 
10	173 
11	111 
12	128 
13	11 
14	58 
15	107 
16	67 
17	161 
18	148 
19	203 
20	93 
21	81 
22	132 
23	51 
24	48 
25	234 
26	4 
27	223 
28	189 
29	207 
30	183 
31	92 
32	174 
33	107 
34	153 
35	87 
36	119 
37	117 
38	41 
39	220 
40	189 
41	228 
42	76 
43	212 
44	110 
45	183 
46	167 
47	25 
48	37 
49	33 
50	5 
51	203 
52	200 
53	26 
54	206 
55	156 
56	126 
57	84 
58	192 
59	223 
60	89 
61	145 
62	227 
63	33 
64	14 
65	174 
66	65 
67	5 
68	12 
69	235 
70	37 
71	188 
72	54 
73	117 
74	102 
75	161 
76	13 
77	224 
78	46 
79	134 
80	6 
81	155 
82	155 
83	105 
84	3 
85	108 
86	37 
87	200 
88	8 
89	9 
90	191 
91	158 
92	99 
93	141 
94	88 
95	170 
96	104 
97	126 
98	8 
99	230 
100	152 
101	161 
102	59 
103	194 
104	52 
105	91 
106	17 
107	15 
108	198 
109	44 
110	64 
111	198 
112	159 
113	164 
114	187 
115	14 
116	105 
117	60 
118	216 
119	164 
120	190 
121	79 
122	79 
123	59 
124	223 
125	201 
126	240 
127	169 
128	62 
129	73 
130	55 
131	98 
132	41 
133	120 
134	7 
135	203 
136	85 
137	74 
138	237 
139	117 
140	145 
141	80 
142	55 
143	4 
144	110 
145	144 
146	127 
147	65 
148	234 
149	221 
150	197 
151	189 
152	52 
153	148 
154	165 
155	50 
156	106 
157	229 
158	64 
159	22 
160	127 
161	225 
162	90 
163	25 
164	60 
165	7 
166	63 
167	52 
168	157 
169	66 
170	184 
171	137 
172	117 
173	108 
174	70 
175	197 
176	165 
177	126 
178	172 
179	208 
180	89 
181	188 
182	172 
183	120 
184	213 
185	86 
186	239 
187	210 
188	147 
189	40 
190	55 
191	178 
192	72 
193	85 
194	108 
195	199 
196	152 
197	141 
198	41 
199	190 
200	155 
201	188 
202	143 
203	47 
204	126 
205	216 
206	10 
207	91 
208	103 
209	173 
210	197 
211	226 
212	61 
213	158 
214	220 
215	147 
216	68 
217	33 
218	98 
219	78 
220	136 
221	169 
222	179 
223	214 
224	204 
225	204 
226	106 
227	108 
228	18 
229	48 
230	178 
231	141 
232	64 
233	191 
234	5 
235	206 
236	165 
237	139 
238	24 
239	203 
240	19 
241	14 
242	174 
243	30 
244	52 
245	161 
246	148 
247	143 
248	89 
249	52 
250	79 
251	225 
252	220 
253	117 
254	20 
255	45 
256	135 
257	6 
258	123 
259	98 
260	229 
261	151 
262	119 
263	64 
264	206 
265	104 
266	171 
267	209 
268	178 
269	106 
270	70 
271	73 
272	220 
273	226 
274	195 
275	89 
276	172 
277	82 
278	105 
279	24 
280	195 
281	208 
282	69 
283	69 
284	207 
285	157 
286	58 
287	67 
288	71 
289	116 
290	95 
291	10 
292	28 
293	69 
294	163 
295	222 
296	157 
297	205 
298	229 
299	169 
300	107 
301	66 
302	145 
303	106 
304	144 
305	117 
306	107 
307	15 
308	181 
309	8 
310	183 
311	41 
312	135 
313	183 
314	184 
315	74 
316	215 
317	145 
318	160 
319	159 
320	154 
321	167 
322	57 
323	20 
324	63 
325	67 
326	31 
327	231 
328	166 
329	141 
330	147 
331	224 
332	49 
333	188 
334	94 
335	28 
336	186 
337	4 
338	86 
339	184 
340	215 
341	96 
342	73 
343	135 
344	96 
345	142 
346	93 
347	120 
348	220 
349	98 
350	179 
351	35 
352	205 
353	161 
354	157 
355	230 
356	100 
357	160 
358	119 
359	117 
360	91 
361	168 
362	77 
363	35 
364	79 
365	58 
366	154 
367	203 
368	31 
369	107 
370	119 
371	66 
372	74 
373	62 
374	3 
375	137 
376	63 
377	135 
378	13 
379	184 
380	118 
381	72 
382	198 
383	166 
384	118 
385	214 
386	147 
387	92 
388	128 
389	141 
390	206 
391	90 
392	41 
393	32 
394	187 
395	105 
396	227 
397	206 
398	166 
399	37 
400	12 
401	146 
402	78 
403	4 
404	44 
405	127 
406	93 
407	172 
408	107 
409	191 
410	165 
411	154 
412	49 
413	76 
414	225 
415	150 
416	240 
417	6 
418	143 
419	175 
420	94 
421	102 
422	66 
423	167 
424	17 
425	229 
426	117 
427	83 
428	106 
429	176 
430	145 
431	182 
432	45 
433	134 
434	63 
435	106 
436	204 
437	219 
438	186 
439	193 
440	223 
441	173 
442	118 
443	6 
444	144 
445	16 
446	208 
447	116 
448	43 
449	216 
450	45 
451	150 
452	60 
453	10 
454	19 
455	144 
456	51 
457	222 
458	203 
459	151 
460	40 
461	147 
462	136 
463	13 
464	100 
465	145 
466	183 
467	7 
468	170 
469	103 
470	91 
471	180 
472	26 
473	189 
474	108 
475	155 
476	60 
477	117 
478	101 
479	214 
480	48 
481	166 
482	107 
483	240 
484	14 
485	48 
486	177 
487	154 
488	110 
489	32 
490	170 
491	239 
492	95 
493	214 
494	156 
495	142 
496	225 
497	52 
498	212 
499	180 
500	5 
501	145 
502	95 
503	54 
504	22 
505	54 
506	24 
507	162 
508	83 
509	56 
510	64 
511	51 
512	33 
513	196 
514	172 
515	67 
516	65 
517	3 
518	32 
519	153 
520	139 
521	115 
522	72 
523	158 
524	50 
525	118 
526	173 
527	52 
528	218 
529	90 
530	38 
531	90 
532	175 
533	205 
534	4 
535	91 
536	177 
537	60 
538	6 
539	76 
540	179 
541	96 
542	141 
543	200 
544	19 
545	45 
546	9 
547	117 
548	87 
549	48 
550	141 
551	106 
552	178 
553	119 
554	9 
555	152 
556	187 
557	24 
558	4 
559	192 
560	25 
561	147 
562	205 
563	49 
564	98 
565	190 
566	199 
567	164 
568	168 
569	165 
570	94 
571	170 
572	72 
573	90 
574	129 
575	76 
576	118 
577	189 
578	170 
579	151 
580	106 
581	191 
582	32 
583	189 
584	230 
585	108 
586	106 
587	58 
588	37 
589	199 
590	41 
591	215 
592	173 
593	177 
594	181 
595	158 
596	124 
597	120 
598	45 
599	156 
600	119 
601	122 
602	51 
603	218 
604	13 
605	15 
606	191 
607	104 
608	49 
609	70 
610	47 
611	136 
612	9 
613	62 
614	78 
615	63 
616	73 
617	224 
618	126 
619	112 
620	13 
621	141 
622	81 
623	68 
624	199 
625	93 
626	145 
627	48 
628	236 
629	148 
630	176 
631	31 
632	214 
633	53 
634	52 
635	164 
636	201 
637	184 
638	117 
639	206 
640	14 
641	34 
642	51 
643	235 
644	125 
645	177 
646	42 
647	131 
648	222 
649	190 
650	79 
651	167 
652	161 
653	195 
654	26 
655	215 
656	62 
657	47 
658	39 
659	203 
660	170 
661	65 
662	179 
663	106 
664	107 
665	148 
666	156 
667	104 
668	237 
669	80 
670	146 
671	186 
672	173 
673	217 
674	40 
675	145 
676	10 
677	31 
678	150 
679	224 
680	202 
681	142 
682	73 
683	69 
684	33 
685	21 
686	31 
687	231 
688	178 
689	120 
690	49 
691	145 
692	140 
693	133 
694	21 
695	117 
696	234 
697	82 
698	142 
699	125 
700	38 
701	192 
702	161 
703	4 
704	151 
705	133 
706	73 
707	143 
708	30 
709	165 
710	110 
711	211 
712	127 
713	227 
714	158 
715	178 
716	39 
717	212 
718	176 
719	135 
720	96 
721	99 
722	179 
723	234 
724	154 
725	87 
726	119 
727	29 
728	5 
729	57 
730	77 
731	6 
732	222 
733	237 
734	44 
735	93 
736	215 
737	4 
738	76 
739	211 
740	216 
741	54 
742	83 
743	101 
744	124 
745	2 
746	161 
747	93 
748	106 
749	30 
750	31 
751	155 
752	97 
753	33 
754	173 
755	167 
756	169 
757	42 
758	157 
759	188 
760	21 
761	45 
762	88 
763	1 
764	73 
765	71 
766	1 
767	104 
768	83 
769	156 
770	234 
771	103 
772	66 
773	107 
774	8 
775	126 
776	38 
777	31 
778	185 
779	128 
780	196 
781	37 
782	165 
783	63 
784	234 
785	225 
786	170 
787	141 
788	144 
789	127 
790	158 
791	233 
792	107 
793	86 
794	205 
795	64 
796	214 
797	207 
798	69 
799	140 
800	109 
801	121 
802	140 
803	144 
804	163 
805	157 
806	151 
807	84 
808	13 
809	229 
810	61 
811	128 
812	153 
813	51 
814	1 
815	169 
816	27 
817	124 
818	51 
819	151 
820	43 
821	129 
822	31 
823	170 
824	49 
825	164 
826	199 
827	176 
828	68 
829	71 
830	237 
831	147 
832	93 
833	117 
834	43 
835	188 
836	113 
837	140 
838	214 
839	141 
840	22 
841	216 
842	163 
843	183 
844	139 
845	79 
846	26 
847	54 
848	31 
849	84 
850	225 
851	238 
852	50 
853	107 
854	165 
855	49 
856	233 
857	180 
858	53 
859	188 
860	103 
861	120 
862	163 
863	153 
864	152 
865	27 
866	176 
867	56 
868	185 
869	136 
870	52 
871	236 
872	57 
873	20 
874	133 
875	125 
876	6 
877	59 
878	194 
879	159 
880	93 
881	144 
882	227 
883	123 
884	81 
885	159 
886	40 
887	40 
888	72 
889	236 
890	201 
891	223 
892	16 
893	80 
894	16 
895	188 
896	106 
897	83 
898	84 
899	121 
900	57 
901	227 
902	103 
903	161 
904	176 
905	211 
906	154 
907	186 
908	114 
909	119 
910	191 
911	73 
912	126 
913	4 
914	144 
915	162 
916	1 
917	109 
918	106 
919	31 
920	178 
921	171 
922	184 
923	72 
924	26 
925	51 
926	8 
927	190 
928	71 
929	172 
930	105 
931	152 
932	189 
933	176 
934	191 
935	87 
936	228 
937	74 
938	187 
939	125 
940	30 
941	56 
942	107 
943	123 
944	112 
945	75 
946	188 
947	155 
948	82 
949	98 
950	112 
951	66 
952	103 
953	31 
954	91 
955	49 
956	64 
957	240 
958	73 
959	229 
960	68 
961	199 
962	64 
963	141 
964	203 
965	46 
966	91 
967	218 
968	104 
969	106 
970	194 
971	90 
972	123 
973	191 
974	214 
975	188 
976	165 
977	4 
978	190 
979	110 
980	90 
981	176 
982	176 
983	180 
984	126 
985	143 
986	220 
987	173 
988	189 
989	117 
990	81 
991	107 
992	49 
993	4 
994	107 
995	181 
996	27 
997	188 
998	130 
999	110 
1000	30 
1001	180 
1002	33 
1003	237 
1004	104 
1005	201 
1006	173 
1007	170 
1008	15 
1009	147 
1010	85 
1011	185 
1012	209 
1013	85 
1014	55 
1015	33 
1016	178 
1017	87 
1018	116 
1019	21 
1020	183 
1021	49 
1022	236 
1023	70 
1024	102 
1025	170 
1026	24 
1027	74 
1028	121 
1029	168 
1030	164 
1031	21 
1032	58 
1033	160 
1034	76 
1035	122 
1036	13 
1037	7 
1038	47 
1039	150 
1040	69 
1041	103 
1042	114 
1043	89 
1044	200 
1045	169 
1046	213 
1047	75 
1048	162 
1049	139 
1050	219 
1051	97 
1052	223 
1053	72 
1054	176 
1055	144 
1056	91 
1057	108 
1058	232 
1059	37 
1060	214 
1061	214 
1062	214 
1063	128 
1064	29 
1065	97 
1066	55 
1067	202 
1068	87 
1069	11 
1070	220 
1071	31 
1072	148 
1073	106 
1074	141 
1075	76 
1076	119 
1077	234 
1078	157 
1079	234 
1080	74 
1081	145 
1082	26 
1083	4 
1084	109 
1085	81 
1086	183 
1087	191 
1088	107 
1089	28 
1090	216 
1091	171 
1092	214 
1093	200 
1094	184 
1095	123 
1096	112 
1097	150 
1098	34 
1099	104 
1100	106 
1101	54 
1102	170 
1103	38 
1104	211 
1105	55 
1106	138 
1107	148 
1108	93 
1109	100 
1110	225 
1111	200 
1112	130 
1113	1 
1114	55 
1115	140 
1116	60 
1117	108 
1118	164 
1119	194 
1120	57 
1121	41 
1122	203 
1123	226 
1124	144 
1125	171 
1126	39 
1127	175 
1128	127 
1129	117 
1130	141 
1131	30 
1132	86 
1133	240 
1134	63 
1135	187 
1136	153 
1137	204 
1138	203 
1139	189 
1140	20 
1141	45 
1142	84 
1143	103 
1144	221 
1145	188 
1146	58 
1147	140 
1148	98 
1149	234 
1150	229 
1151	74 
1152	167 
1153	183 
1154	240 
1155	92 
1156	219 
1157	131 
1158	181 
1159	73 
1160	4 
1161	220 
1162	227 
1163	7 
1164	219 
1165	41 
1166	153 
1167	203 
1168	72 
1169	213 
1170	76 
1171	5 
1172	191 
1173	70 
1174	205 
1175	144 
1176	116 
1177	226 
1178	47 
1179	239 
1180	78 
1181	48 
1182	155 
1183	91 
1184	88 
1185	91 
1186	89 
1187	229 
1188	32 
1189	104 
1190	116 
1191	132 
1192	54 
1193	79 
1194	98 
1195	17 
1196	205 
1197	106 
1198	74 
1199	175 
1200	187 
1201	154 
1202	69 
1203	234 
1204	161 
1205	102 
1206	6 
1207	183 
1208	173 
1209	157 
1210	238 
1211	182 
1212	132 
1213	87 
1214	67 
1215	51 
1216	98 
1217	132 
1218	237 
1219	206 
1220	5 
1221	166 
1222	85 
1223	225 
1224	77 
1225	219 
1226	181 
1227	233 
1228	69 
1229	33 
1230	183 
1231	118 
1232	91 
1233	42 
1234	169 
1235	15 
1236	69 
1237	65 
1238	63 
1239	21 
1240	144 
1241	16 
1242	165 
1243	143 
1244	22 
1245	229 
1246	136 
1247	180 
1248	197 
1249	48 
1250	87 
1251	144 
1252	216 
1253	2 
1254	106 
1255	1 
1256	90 
1257	1 
1258	214 
1259	231 
1260	142 
1261	193 
1262	155 
1263	32 
1264	30 
1265	170 
1266	65 
1267	60 
1268	124 
1269	106 
1270	221 
1271	88 
1272	200 
1273	186 
1274	196 
1275	5 
1276	106 
1277	149 
1278	143 
1279	169 
1280	44 
1281	93 
1282	128 
1283	197 
1284	170 
1285	119 
1286	95 
1287	179 
1288	179 
1289	89 
1290	114 
1291	228 
1292	226 
1293	107 
1294	36 
1295	48 
1296	233 
1297	51 
1298	189 
1299	10 
1300	154 
1301	180 
1302	94 
1303	178 
1304	112 
1305	214 
1306	156 
1307	80 
1308	222 
1309	168 
1310	60 
1311	141 
1312	79 
1313	27 
1314	228 
1315	150 
1316	128 
1317	141 
1318	118 
1319	210 
1320	16 
1321	59 
1322	107 
1323	45 
1324	232 
1325	214 
1326	224 
1327	160 
1328	204 
1329	22 
1330	8 
1331	69 
1332	233 
1333	196 
1334	36 
1335	117 
1336	152 
1337	147 
1338	237 
1339	54 
1340	240 
1341	156 
1342	16 
1343	95 
1344	140 
1345	177 
1346	119 
1347	120 
1348	20 
1349	140 
1350	73 
1351	61 
1352	168 
1353	219 
1354	24 
1355	134 
1356	157 
1357	55 
1358	5 
1359	76 
1360	203 
1361	228 
1362	70 
1363	145 
1364	213 
1365	180 
1366	95 
1367	93 
1368	194 
1369	206 
1370	220 
1371	50 
1372	52 
1373	87 
1374	237 
1375	218 
1376	151 
1377	188 
1378	99 
1379	143 
1380	121 
1381	58 
1382	204 
1383	135 
1384	189 
1385	57 
1386	55 
1387	176 
1388	41 
1389	127 
1390	140 
1391	40 
1392	233 
1393	196 
1394	160 
1395	181 
1396	49 
1397	75 
1398	206 
1399	169 
1400	23 
1401	219 
1402	120 
1403	84 
1404	205 
1405	70 
1406	122 
1407	1 
1408	187 
1409	199 
1410	29 
1411	220 
1412	233 
1413	59 
1414	209 
1415	212 
1416	193 
1417	236 
1418	168 
1419	149 
1420	63 
1421	11 
1422	201 
1423	194 
1424	107 
1425	6 
1426	24 
1427	33 
1428	181 
1429	174 
1430	82 
1431	231 
1432	31 
1433	225 
1434	56 
1435	224 
1436	152 
1437	48 
1438	117 
1439	65 
1440	5 
1441	204 
1442	21 
1443	73 
1444	106 
1445	93 
1446	97 
1447	179 
1448	53 
1449	65 
1450	117 
1451	160 
1452	5 
1453	216 
1454	190 
1455	91 
1456	82 
1457	140 
1458	51 
1459	110 
1460	94 
1461	64 
1462	98 
1463	16 
1464	180 
1465	63 
1466	186 
1467	73 
1468	149 
1469	119 
1470	38 
1471	155 
1472	224 
1473	28 
1474	78 
1475	203 
1476	206 
1477	91 
1478	104 
1479	32 
1480	139 
1481	31 
1482	47 
1483	59 
1484	113 
1485	157 
1486	236 
1487	170 
1488	131 
1489	114 
1490	42 
1491	222 
1492	60 
1493	1 
1494	72 
1495	223 
1496	95 
1497	7 
1498	161 
1499	221 
1500	48 
1501	105 
1502	223 
1503	176 
1504	152 
1505	73 
1506	39 
1507	41 
1508	153 
1509	36 
1510	198 
1511	93 
1512	126 
1513	198 
1514	182 
1515	157 
1516	16 
1517	72 
1518	102 
1519	55 
1520	236 
1521	107 
1522	185 
1523	239 
1524	203 
1525	66 
1526	55 
1527	80 
1528	109 
1529	207 
1530	69 
1531	25 
1532	183 
1533	78 
1534	43 
1535	27 
1536	129 
1537	229 
1538	172 
1539	216 
1540	155 
1541	239 
1542	201 
1543	103 
1544	201 
1545	65 
1546	107 
1547	222 
1548	26 
1549	127 
1550	179 
1551	12 
1552	25 
1553	38 
1554	70 
1555	143 
1556	86 
1557	199 
1558	109 
1559	65 
1560	151 
1561	120 
1562	214 
1563	122 
1564	107 
1565	81 
1566	190 
1567	21 
1568	214 
1569	28 
1570	154 
1571	66 
1572	119 
1573	36 
1574	32 
1575	75 
1576	2 
1577	203 
1578	38 
1579	46 
1580	196 
1581	211 
1582	83 
1583	128 
1584	180 
1585	56 
1586	178 
1587	229 
1588	2 
1589	73 
1590	108 
1591	211 
1592	173 
1593	64 
1594	225 
1595	155 
1596	128 
1597	124 
1598	190 
1599	89 
1600	57 
1601	37 
1602	192 
1603	161 
1604	107 
1605	38 
1606	214 
1607	170 
1608	230 
1609	81 
1610	52 
1611	47 
1612	117 
1613	79 
1614	45 
1615	222 
1616	49 
1617	137 
1618	130 
1619	37 
1620	91 
1621	172 
1622	196 
1623	192 
1624	238 
1625	181 
1626	129 
1627	140 
1628	174 
1629	1 
1630	233 
1631	170 
1632	64 
1633	64 
1634	60 
1635	66 
1636	167 
1637	110 
1638	174 
1639	21 
1640	200 
1641	229 
1642	72 
1643	48 
1644	117 
1645	194 
1646	69 
1647	52 
1648	108 
1649	35 
1650	199 
1651	78 
1652	89 
1653	137 
1654	220 
1655	55 
1656	106 
1657	41 
1658	115 
1659	174 
1660	178 
1661	30 
1662	54 
1663	6 
1664	176 
1665	135 
1666	111 
1667	217 
1668	223 
1669	141 
1670	149 
1671	174 
1672	231 
1673	205 
1674	64 
1675	13 
1676	148 
1677	61 
1678	96 
1679	162 
1680	78 
1681	189 
1682	63 
1683	93 
1684	101 
1685	105 
1686	31 
1687	113 
1688	89 
1689	157 
1690	215 
1691	1 
1692	119 
1693	206 
1694	48 
1695	98 
1696	76 
1697	103 
1698	81 
1699	84 
1700	233 
1701	178 
1702	56 
1703	49 
1704	198 
1705	227 
1706	106 
1707	90 
1708	59 
1709	219 
1710	88 
1711	203 
1712	9 
1713	37 
1714	44 
1715	146 
1716	210 
1717	19 
1718	176 
1719	164 
1720	65 
1721	199 
1722	24 
1723	144 
1724	157 
1725	27 
1726	217 
1727	44 
1728	236 
1729	59 
1730	149 
1731	69 
1732	73 
1733	9 
1734	41 
1735	13 
1736	136 
1737	133 
1738	55 
1739	21 
1740	14 
1741	37 
1742	59 
1743	65 
1744	200 
1745	169 
1746	77 
1747	136 
1748	215 
1749	154 
1750	166 
1751	10 
1752	155 
1753	41 
1754	203 
1755	30 
1756	145 
1757	51 
1758	119 
1759	233 
1760	142 
1761	170 
1762	41 
1763	76 
1764	7 
1765	95 
1766	228 
1767	225 
1768	119 
1769	44 
1770	236 
1771	189 
1772	98 
1773	94 
1774	120 
1775	171 
1776	207 
1777	102 
1778	49 
1779	109 
1780	172 
1781	20 
1782	99 
1783	115 
1784	228 
1785	230 
1786	82 
1787	65 
1788	226 
1789	199 
1790	159 
1791	206 
1792	50 
1793	57 
1794	187 
1795	198 
1796	157 
1797	114 
1798	49 
1799	157 
1800	58 
1801	87 
1802	143 
1803	54 
1804	103 
1805	168 
1806	155 
1807	188 
1808	16 
1809	74 
1810	39 
1811	208 
1812	44 
1813	129 
1814	6 
1815	73 
1816	64 
1817	78 
1818	190 
1819	103 
1820	130 
1821	186 
1822	144 
1823	194 
1824	144 
1825	200 
1826	11 
1827	101 
1828	215 
1829	166 
1830	223 
1831	54 
1832	135 
1833	149 
1834	130 
1835	152 
1836	29 
1837	113 
1838	93 
1839	119 
1840	151 
1841	84 
1842	225 
1843	72 
1844	167 
1845	184 
1846	40 
1847	65 
1848	104 
1849	232 
1850	202 
1851	152 
1852	141 
1853	37 
1854	56 
1855	33 
1856	103 
1857	215 
1858	59 
1859	47 
1860	168 
1861	56 
1862	145 
1863	120 
1864	84 
1865	125 
1866	19 
1867	178 
1868	222 
1869	62 
1870	159 
1871	93 
1872	212 
1873	204 
1874	223 
1875	141 
1876	191 
1877	79 
1878	23 
1879	9 
1880	202 
1881	200 
1882	92 
1883	182 
1884	1 
1885	199 
1886	33 
1887	117 
1888	124 
1889	229 
1890	233 
1891	214 
1892	170 
1893	73 
1894	17 
1895	135 
1896	115 
1897	228 
1898	28 
1899	46 
1900	178 
1901	15 
1902	101 
1903	14 
1904	42 
1905	152 
1906	127 
1907	41 
1908	99 
1909	102 
1910	88 
1911	107 
1912	164 
1913	117 
1914	108 
1915	4 
1916	186 
1917	220 
1918	33 
1919	187 
1920	2 
1921	31 
1922	9 
1923	106 
1924	206 
1925	135 
1926	106 
1927	221 
1928	104 
1929	88 
1930	33 
1931	103 
1932	16 
1933	20 
1934	24 
1935	200 
1936	212 
1937	169 
1938	171 
1939	73 
1940	74 
1941	192 
1942	143 
1943	200 
1944	122 
1945	94 
1946	198 
1947	101 
1948	230 
1949	28 
1950	141 
1951	23 
1952	230 
1953	176 
1954	35 
1955	24 
1956	185 
1957	84 
1958	179 
1959	117 
1960	65 
1961	229 
1962	234 
1963	8 
1964	109 
1965	2 
1966	107 
1967	146 
1968	74 
1969	94 
1970	210 
1971	62 
1972	88 
1973	70 
1974	132 
1975	137 
1976	44 
1977	38 
1978	69 
1979	92 
1980	1 
1981	233 
1982	222 
1983	174 
1984	71 
1985	144 
1986	10 
1987	32 
1988	231 
1989	37 
1990	119 
1991	116 
1992	212 
1993	162 
1994	228 
1995	41 
1996	180 
1997	185 
1998	16 
1999	114 
2000	195 
2001	174 
2002	54 
2003	6 
2004	36 
2005	207 
2006	64 
2007	141 
2008	87 
2009	19 
2010	132 
2011	81 
2012	145 
2013	199 
2014	105 
2015	61 
2016	3 
2017	122 
2018	164 
2019	1 
2020	14 
2021	231 
2022	233 
2023	183 
2024	219 
2025	97 
2026	155 
2027	9 
2028	37 
2029	6 
2030	190 
2031	6 
2032	44 
2033	236 
2034	147 
2035	50 
2036	76 
2037	203 
2038	169 
2039	158 
2040	59 
2041	50 
2042	129 
2043	230 
2044	48 
2045	10 
2046	29 
2047	173 
2048	123 
2049	147 
2050	119 
2051	191 
2052	214 
2053	180 
2054	228 
2055	150 
2056	30 
2057	119 
2058	186 
2059	86 
2060	89 
2061	62 
2062	10 
2063	60 
2064	113 
2065	71 
2066	34 
2067	91 
2068	62 
2069	6 
2070	196 
2071	170 
2072	159 
2073	136 
2074	90 
2075	216 
2076	220 
2077	190 
2078	205 
2079	70 
2080	176 
2081	59 
2082	119 
2083	214 
2084	94 
2085	59 
2086	169 
2087	138 
2088	205 
2089	167 
2090	99 
2091	51 
2092	92 
2093	24 
2094	22 
2095	66 
2096	89 
2097	238 
2098	47 
2099	63 
2100	153 
2101	33 
2102	234 
2103	163 
2104	59 
2105	168 
2106	57 
2107	60 
2108	17 
2109	77 
2110	164 
2111	239 
2112	95 
2113	89 
2114	188 
2115	102 
2116	22 
2117	135 
2118	86 
2119	175 
2120	107 
2121	178 
2122	59 
2123	191 
2124	4 
2125	201 
2126	51 
2127	41 
2128	1 
2129	122 
2130	37 
2131	164 
2132	63 
2133	4 
2134	79 
2135	46 
2136	75 
2137	144 
2138	143 
2139	123 
2140	164 
2141	200 
2142	204 
2143	26 
2144	156 
2145	41 
2146	237 
2147	159 
2148	174 
2149	76 
2150	91 
2151	190 
2152	110 
2153	225 
2154	144 
2155	67 
2156	26 
2157	59 
2158	34 
2159	186 
2160	156 
2161	63 
2162	4 
2163	54 
2164	196 
2165	68 
2166	122 
2167	206 
2168	134 
2169	138 
2170	196 
2171	230 
2172	228 
2173	183 
2174	122 
2175	103 
2176	70 
2177	53 
2178	55 
2179	148 
2180	213 
2181	80 
2182	126 
2183	157 
2184	103 
2185	180 
2186	21 
2187	234 
2188	203 
2189	202 
2190	158 
2191	105 
2192	85 
2193	45 
2194	130 
2195	2 
2196	199 
2197	138 
2198	130 
2199	211 
2200	39 
2201	149 
2202	79 
2203	151 
2204	135 
2205	138 
2206	64 
2207	48 
2208	200 
2209	104 
2210	38 
2211	194 
2212	125 
2213	108 
2214	120 
2215	59 
2216	176 
2217	238 
2218	160 
2219	19 
2220	2 
2221	75 
2222	233 
2223	75 
2224	19 
2225	168 
2226	147 
2227	51 
2228	49 
2229	225 
2230	220 
2231	208 
2232	1 
2233	102 
2234	145 
2235	144 
2236	130 
2237	159 
2238	18 
2239	154 
2240	173 
2241	50 
2242	82 
2243	190 
2244	83 
2245	39 
2246	143 
2247	182 
2248	222 
2249	24 
2250	158 
2251	61 
2252	23 
2253	2 
2254	104 
2255	145 
2256	70 
2257	232 
2258	21 
2259	88 
2260	183 
2261	43 
2262	119 
2263	232 
2264	51 
2265	66 
2266	232 
2267	192 
2268	89 
2269	187 
2270	50 
2271	55 
2272	223 
2273	76 
2274	69 
2275	165 
2276	74 
2277	139 
2278	230 
2279	170 
2280	240 
2281	33 
2282	166 
2283	56 
2284	63 
2285	64 
2286	13 
2287	185 
2288	85 
2289	224 
2290	216 
2291	64 
2292	100 
2293	227 
2294	209 
2295	26 
2296	151 
2297	31 
2298	130 
2299	138 
2300	57 
2301	19 
2302	157 
2303	158 
2304	227 
2305	9 
2306	177 
2307	107 
2308	120 
2309	131 
2310	67 
2311	129 
2312	148 
2313	4 
2314	51 
2315	119 
2316	219 
2317	93 
2318	75 
2319	94 
2320	101 
2321	230 
2322	27 
2323	76 
2324	237 
2325	135 
2326	76 
2327	212 
2328	56 
2329	69 
2330	205 
2331	175 
2332	80 
2333	195 
2334	23 
2335	112 
2336	180 
2337	220 
2338	223 
2339	16 
2340	147 
2341	232 
2342	51 
2343	43 
2344	153 
2345	222 
2346	76 
2347	62 
2348	116 
2349	91 
2350	118 
2351	175 
2352	48 
2353	185 
2354	36 
2355	217 
2356	41 
2357	21 
2358	142 
2359	77 
2360	128 
2361	131 
2362	229 
2363	79 
2364	91 
2365	88 
2366	63 
2367	133 
2368	199 
2369	87 
2370	221 
2371	167 
2372	169 
2373	230 
2374	230 
2375	203 
2376	229 
2377	5 
2378	26 
2379	41 
2380	120 
2381	102 
2382	96 
2383	88 
2384	213 
2385	186 
2386	225 
2387	76 
2388	92 
2389	141 
2390	214 
2391	111 
2392	48 
2393	120 
2394	74 
2395	140 
2396	29 
2397	235 
2398	162 
2399	203 
2400	130 
2401	127 
2402	29 
2403	150 
2404	220 
2405	128 
2406	34 
2407	33 
2408	225 
2409	180 
2410	25 
2411	51 
2412	123 
2413	186 
2414	19 
2415	229 
2416	45 
2417	33 
2418	92 
2419	171 
2420	194 
2421	25 
2422	237 
2423	1 
2424	81 
2425	128 
2426	119 
2427	107 
2428	186 
2429	81 
2430	219 
2431	32 
2432	144 
2433	173 
2434	217 
2435	135 
2436	171 
2437	199 
2438	127 
2439	104 
2440	28 
2441	79 
2442	130 
2443	63 
2444	6 
2445	135 
2446	231 
2447	197 
2448	154 
2449	6 
2450	214 
2451	45 
2452	173 
2453	87 
2454	89 
2455	147 
2456	74 
2457	187 
2458	151 
2459	19 
2460	20 
2461	73 
2462	9 
2463	207 
2464	220 
2465	209 
2466	148 
2467	77 
2468	84 
2469	173 
2470	235 
2471	120 
2472	194 
2473	229 
2474	148 
2475	34 
2476	210 
2477	230 
2478	147 
2479	106 
2480	54 
2481	173 
2482	80 
2483	184 
2484	179 
2485	235 
2486	48 
2487	60 
2488	45 
2489	230 
2490	107 
2491	174 
2492	197 
2493	193 
2494	206 
2495	33 
2496	18 
2497	94 
2498	82 
2499	164 
2500	169 
2501	72 
2502	111 
2503	86 
2504	85 
2505	233 
2506	155 
2507	159 
2508	233 
2509	138 
2510	89 
2511	198 
2512	171 
2513	229 
2514	51 
2515	96 
2516	63 
2517	52 
2518	184 
2519	12 
2520	215 
2521	172 
2522	78 
2523	108 
2524	140 
2525	91 
2526	135 
2527	119 
2528	91 
2529	118 
2530	107 
2531	8 
2532	51 
2533	173 
2534	76 
2535	161 
2536	36 
2537	101 
2538	104 
2539	73 
2540	38 
2541	106 
2542	132 
2543	213 
2544	179 
2545	75 
2546	115 
2547	24 
2548	76 
2549	60 
2550	15 
2551	103 
2552	200 
2553	148 
2554	186 
2555	50 
2556	111 
2557	95 
2558	7 
2559	102 
2560	12 
2561	215 
2562	77 
2563	87 
2564	45 
2565	126 
2566	217 
2567	148 
2568	31 
2569	132 
2570	193 
2571	125 
2572	212 
2573	125 
2574	66 
2575	93 
2576	85 
2577	169 
2578	51 
2579	62 
2580	219 
2581	44 
2582	117 
2583	83 
2584	141 
2585	59 
2586	186 
2587	230 
2588	93 
2589	22 
2590	29 
2591	99 
2592	198 
2593	225 
2594	72 
2595	75 
2596	23 
2597	5 
2598	64 
2599	10 
2600	10 
2601	164 
2602	208 
2603	142 
2604	166 
2605	79 
2606	76 
2607	174 
2608	202 
2609	101 
2610	161 
2611	170 
2612	214 
2613	234 
2614	51 
2615	99 
2616	121 
2617	33 
2618	66 
2619	126 
2620	23 
2621	186 
2622	230 
2623	187 
2624	14 
2625	159 
2626	73 
2627	116 
2628	48 
2629	55 
2630	229 
2631	179 
2632	182 
2633	35 
2634	128 
2635	232 
2636	222 
2637	112 
2638	36 
2639	183 
2640	220 
2641	113 
2642	233 
2643	106 
2644	176 
2645	142 
2646	69 
2647	31 
2648	134 
2649	224 
2650	190 
2651	230 
2652	229 
2653	237 
2654	216 
2655	10 
2656	118 
2657	201 
2658	15 
2659	203 
2660	146 
2661	20 
2662	63 
2663	214 
2664	145 
2665	170 
2666	206 
2667	126 
2668	106 
2669	234 
2670	79 
2671	52 
2672	161 
2673	17 
2674	22 
2675	98 
2676	169 
2677	22 
2678	232 
2679	183 
2680	24 
2681	170 
2682	141 
2683	188 
2684	26 
2685	57 
2686	107 
2687	89 
2688	178 
2689	80 
2690	108 
2691	114 
2692	170 
2693	76 
2694	8 
2695	174 
2696	174 
2697	136 
2698	51 
2699	170 
2700	60 
2701	16 
2702	31 
2703	196 
2704	11 
2705	109 
2706	232 
2707	199 
2708	219 
2709	71 
2710	103 
2711	136 
2712	201 
2713	149 
2714	79 
2715	63 
2716	69 
2717	219 
2718	172 
2719	9 
2720	53 
2721	130 
2722	205 
2723	72 
2724	164 
2725	54 
2726	106 
2727	144 
2728	239 
2729	92 
2730	63 
2731	193 
2732	69 
2733	34 
2734	118 
2735	36 
2736	49 
2737	63 
2738	149 
2739	188 
2740	112 
2741	24 
2742	59 
2743	184 
2744	69 
2745	107 
2746	190 
2747	19 
2748	3 
2749	136 
2750	145 
2751	149 
2752	189 
2753	10 
2754	214 
2755	200 
2756	179 
2757	146 
2758	168 
2759	60 
2760	104 
2761	145 
2762	69 
2763	197 
2764	60 
2765	155 
2766	4 
2767	55 
2768	129 
2769	33 
2770	92 
2771	126 
2772	64 
2773	140 
2774	83 
2775	23 
2776	81 
2777	131 
2778	79 
2779	69 
2780	100 
2781	229 
2782	82 
2783	63 
2784	89 
2785	30 
2786	108 
2787	50 
2788	98 
2789	213 
2790	118 
2791	157 
2792	62 
2793	193 
2794	89 
2795	63 
2796	92 
2797	161 
2798	109 
2799	147 
2800	76 
2801	156 
2802	44 
2803	198 
2804	58 
2805	32 
2806	100 
2807	216 
2808	162 
2809	33 
2810	214 
2811	13 
2812	186 
2813	181 
2814	110 
2815	67 
2816	229 
2817	63 
2818	234 
2819	19 
2820	137 
2821	184 
2822	126 
2823	5 
2824	106 
2825	78 
2826	93 
2827	153 
2828	50 
2829	186 
2830	135 
2831	24 
2832	130 
2833	9 
2834	157 
2835	189 
2836	176 
2837	191 
2838	71 
2839	104 
2840	65 
2841	100 
2842	204 
2843	218 
2844	51 
2845	55 
2846	148 
2847	239 
2848	217 
2849	144 
2850	94 
2851	103 
2852	131 
2853	229 
2854	78 
2855	238 
2856	117 
2857	178 
2858	208 
2859	211 
2860	63 
2861	27 
2862	225 
2863	31 
2864	169 
2865	217 
2866	199 
2867	151 
2868	132 
2869	136 
2870	83 
2871	181 
2872	128 
2873	214 
2874	46 
2875	185 
2876	214 
2877	178 
2878	60 
2879	208 
2880	148 
2881	55 
2882	197 
2883	46 
2884	55 
2885	37 
2886	64 
2887	141 
2888	176 
2889	74 
2890	111 
2891	145 
2892	31 
2893	149 
2894	220 
2895	224 
2896	171 
2897	54 
2898	136 
2899	66 
2900	91 
2901	235 
2902	94 
2903	188 
2904	200 
2905	31 
2906	230 
2907	143 
2908	52 
2909	17 
2910	35 
2911	229 
2912	28 
2913	43 
2914	2 
2915	38 
2916	69 
2917	215 
2918	146 
2919	17 
2920	193 
2921	150 
2922	211 
2923	46 
2924	161 
2925	176 
2926	175 
2927	237 
2928	32 
2929	230 
2930	104 
2931	4 
2932	194 
2933	136 
2934	2 
2935	59 
2936	216 
2937	46 
2938	112 
2939	143 
2940	48 
2941	81 
2942	235 
2943	86 
2944	122 
2945	10 
2946	55 
2947	73 
2948	7 
2949	51 
2950	163 
2951	190 
2952	1 
2953	118 
2954	81 
2955	138 
2956	17 
2957	135 
2958	209 
2959	220 
2960	83 
2961	126 
2962	171 
2963	34 
2964	60 
2965	57 
2966	119 
2967	134 
2968	71 
2969	48 
2970	171 
2971	208 
2972	148 
2973	164 
2974	141 
2975	199 
2976	120 
2977	5 
2978	165 
2979	8 
2980	172 
2981	63 
2982	188 
2983	4 
2984	55 
2985	203 
2986	168 
2987	37 
2988	165 
2989	214 
2990	143 
2991	29 
2992	137 
2993	67 
2994	130 
2995	56 
2996	63 
2997	140 
2998	79 
2999	137 
3000	188 
3001	201 
3002	146 
3003	38 
3004	12 
3005	23 
3006	122 
3007	61 
3008	113 
3009	156 
3010	57 
3011	203 
3012	202 
3013	114 
3014	37 
3015	75 
3016	206 
3017	186 
3018	1 
3019	233 
3020	169 
3021	225 
3022	218 
3023	53 
3024	163 
3025	159 
3026	31 
3027	55 
3028	216 
3029	163 
3030	214 
3031	156 
3032	119 
3033	189 
3034	68 
3035	220 
3036	132 
3037	104 
3038	221 
3039	59 
3040	143 
3041	99 
3042	166 
3043	188 
3044	99 
3045	88 
3046	135 
3047	210 
3048	213 
3049	160 
3050	52 
3051	79 
3052	152 
3053	45 
3054	177 
3055	87 
3056	51 
3057	230 
3058	156 
3059	117 
3060	98 
3061	5 
3062	103 
3063	119 
3064	84 
3065	18 
3066	30 
3067	205 
3068	128 
3069	1 
3070	39 
3071	240 
3072	33 
3073	86 
3074	11 
3075	143 
3076	15 
3077	59 
3078	150 
3079	138 
3080	69 
3081	229 
3082	10 
3083	152 
3084	157 
3085	170 
3086	74 
3087	103 
3088	159 
3089	229 
3090	54 
3091	128 
3092	168 
3093	148 
3094	179 
3095	184 
3096	55 
3097	94 
3098	169 
3099	220 
3100	106 
3101	123 
3102	171 
3103	199 
3104	173 
3105	188 
3106	66 
3107	51 
3108	88 
3109	5 
3110	149 
3111	214 
3112	24 
3113	47 
3114	40 
3115	191 
3116	12 
3117	168 
3118	66 
3119	197 
3120	216 
3121	82 
3122	176 
3123	127 
3124	144 
3125	105 
3126	207 
3127	18 
3128	186 
3129	216 
3130	207 
3131	149 
3132	137 
3133	62 
3134	44 
3135	113 
3136	169 
3137	91 
3138	139 
3139	226 
3140	79 
3141	101 
3142	173 
3143	36 
3144	225 
3145	124 
3146	1 
3147	4 
3148	43 
3149	88 
3150	145 
3151	62 
3152	174 
3153	54 
3154	86 
3155	55 
3156	4 
3157	206 
3158	19 
3159	102 
3160	90 
3161	91 
3162	94 
3163	184 
3164	215 
3165	192 
3166	103 
3167	68 
3168	231 
3169	31 
3170	73 
3171	101 
3172	2 
3173	169 
3174	230 
3175	52 
3176	76 
3177	65 
3178	98 
3179	133 
3180	203 
3181	97 
3182	214 
3183	237 
3184	137 
3185	52 
3186	143 
3187	103 
3188	63 
3189	205 
3190	72 
3191	120 
3192	106 
3193	171 
3194	116 
3195	221 
3196	183 
3197	187 
3198	31 
3199	151 
3200	161 
3201	186 
3202	207 
3203	13 
3204	177 
3205	189 
3206	203 
3207	200 
3208	32 
3209	185 
3210	47 
3211	34 
3212	41 
3213	71 
3214	81 
3215	91 
3216	221 
3217	198 
3218	214 
3219	57 
3220	237 
3221	188 
3222	192 
3223	227 
3224	126 
3225	137 
3226	76 
3227	187 
3228	32 
3229	153 
3230	148 
3231	199 
3232	208 
3233	125 
3234	34 
3235	203 
3236	73 
3237	143 
3238	204 
3239	195 
3240	187 
3241	32 
3242	240 
3243	73 
3244	41 
3245	200 
3246	182 
3247	180 
3248	114 
3249	38 
3250	187 
3251	4 
3252	225 
3253	78 
3254	134 
3255	159 
3256	202 
3257	138 
3258	154 
3259	103 
3260	200 
3261	49 
3262	66 
3263	76 
3264	40 
3265	237 
3266	137 
3267	9 
3268	5 
3269	58 
3270	110 
3271	220 
3272	117 
3273	193 
3274	61 
3275	99 
3276	119 
3277	76 
3278	153 
3279	140 
3280	32 
3281	99 
3282	179 
3283	44 
3284	170 
3285	156 
3286	171 
3287	71 
3288	163 
3289	1 
3290	41 
3291	194 
3292	6 
3293	166 
3294	168 
3295	63 
3296	25 
3297	176 
3298	149 
3299	149 
3300	183 
3301	140 
3302	27 
3303	44 
3304	58 
3305	85 
3306	133 
3307	84 
3308	99 
3309	60 
3310	203 
3311	72 
3312	121 
3313	104 
3314	5 
3315	205 
3316	111 
3317	161 
3318	144 
3319	189 
3320	2 
3321	162 
3322	41 
3323	31 
3324	103 
3325	44 
3326	49 
3327	35 
3328	51 
3329	69 
3330	173 
3331	68 
3332	240 
3333	30 
3334	225 
3335	219 
3336	38 
3337	45 
3338	219 
3339	81 
3340	62 
3341	101 
3342	84 
3343	107 
3344	119 
3345	198 
3346	194 
3347	33 
3348	148 
3349	88 
3350	200 
3351	227 
3352	29 
3353	91 
3354	69 
3355	124 
3356	49 
3357	113 
3358	178 
3359	51 
3360	6 
3361	161 
3362	85 
3363	57 
3364	101 
3365	129 
3366	216 
3367	6 
3368	156 
3369	97 
3370	165 
3371	208 
3372	89 
3373	170 
3374	6 
3375	161 
3376	66 
3377	99 
3378	172 
3379	214 
3380	206 
3381	219 
3382	77 
3383	88 
3384	66 
3385	190 
3386	18 
3387	135 
3388	77 
3389	134 
3390	73 
3391	66 
3392	238 
3393	36 
3394	54 
3395	34 
3396	40 
3397	209 
3398	178 
3399	40 
3400	143 
3401	24 
3402	231 
3403	37 
3404	85 
3405	11 
3406	149 
3407	127 
3408	97 
3409	200 
3410	164 
3411	21 
3412	224 
3413	70 
3414	191 
3415	45 
3416	211 
3417	33 
3418	160 
3419	200 
3420	232 
3421	121 
3422	102 
3423	184 
3424	4 
3425	88 
3426	29 
3427	50 
3428	229 
3429	62 
3430	55 
3431	112 
3432	5 
3433	36 
3434	146 
3435	140 
3436	126 
3437	93 
3438	7 
3439	186 
3440	29 
3441	229 
3442	89 
3443	14 
3444	210 
3445	156 
3446	229 
3447	164 
3448	70 
3449	183 
3450	4 
3451	184 
3452	223 
3453	170 
3454	120 
3455	238 
3456	48 
3457	77 
3458	2 
3459	233 
3460	187 
3461	230 
3462	74 
3463	54 
3464	98 
3465	129 
3466	169 
3467	55 
3468	58 
3469	88 
3470	193 
3471	18 
3472	150 
3473	168 
3474	72 
3475	89 
3476	125 
3477	64 
3478	159 
3479	184 
3480	104 
3481	142 
3482	24 
3483	190 
3484	180 
3485	100 
3486	160 
3487	232 
3488	97 
3489	48 
3490	229 
3491	62 
3492	149 
3493	229 
3494	209 
3495	3 
3496	99 
3497	69 
3498	122 
3499	17 
3500	155 
3501	59 
3502	83 
3503	111 
3504	143 
3505	6 
3506	140 
3507	120 
3508	139 
3509	82 
3510	99 
3511	48 
3512	107 
3513	216 
3514	19 
3515	144 
3516	117 
3517	81 
3518	63 
3519	98 
3520	173 
3521	239 
3522	96 
3523	145 
3524	235 
3525	37 
3526	69 
3527	76 
3528	40 
3529	49 
3530	235 
3531	115 
3532	52 
3533	203 
3534	154 
3535	237 
3536	74 
3537	78 
3538	175 
3539	30 
3540	98 
3541	176 
3542	119 
3543	238 
3544	168 
3545	179 
3546	188 
3547	1 
3548	49 
3549	214 
3550	183 
3551	72 
3552	26 
3553	78 
3554	8 
3555	6 
3556	64 
3557	46 
3558	57 
3559	149 
3560	207 
3561	72 
3562	102 
3563	31 
3564	6 
3565	203 
3566	141 
3567	236 
3568	75 
3569	112 
3570	68 
3571	85 
3572	222 
3573	98 
3574	141 
3575	201 
3576	179 
3577	170 
3578	180 
3579	184 
3580	104 
3581	43 
3582	106 
3583	184 
3584	159 
3585	107 
3586	199 
3587	81 
3588	146 
3589	43 
3590	121 
3591	57 
3592	197 
3593	65 
3594	130 
3595	50 
3596	72 
3597	225 
3598	126 
3599	98 
3600	206 
3601	108 
3602	47 
3603	237 
3604	231 
3605	233 
3606	185 
3607	76 
3608	64 
3609	48 
3610	199 
3611	71 
3612	23 
3613	72 
3614	170 
3615	126 
3616	144 
3617	84 
3618	78 
3619	48 
3620	98 
3621	26 
3622	133 
3623	212 
3624	237 
3625	137 
3626	135 
3627	163 
3628	86 
3629	10 
3630	71 
3631	1 
3632	152 
3633	23 
3634	56 
3635	172 
3636	208 
3637	69 
3638	60 
3639	220 
3640	153 
3641	117 
3642	201 
3643	96 
3644	49 
3645	239 
3646	119 
3647	91 
3648	240 
3649	161 
3650	176 
3651	78 
3652	217 
3653	148 
3654	119 
3655	109 
3656	195 
3657	153 
3658	176 
3659	200 
3660	201 
3661	121 
3662	180 
3663	188 
3664	15 
3665	89 
3666	229 
3667	60 
3668	37 
3669	121 
3670	234 
3671	86 
3672	92 
3673	119 
3674	159 
3675	190 
3676	213 
3677	165 
3678	145 
3679	179 
3680	161 
3681	64 
3682	134 
3683	37 
3684	81 
3685	162 
3686	94 
3687	186 
3688	101 
3689	214 
3690	150 
3691	173 
3692	73 
3693	4 
3694	4 
3695	41 
3696	120 
3697	154 
3698	47 
3699	12 
3700	35 
3701	136 
3702	199 
3703	179 
3704	29 
3705	99 
3706	188 
3707	75 
3708	181 
3709	216 
3710	136 
3711	173 
3712	48 
3713	92 
3714	6 
3715	76 
3716	97 
3717	106 
3718	78 
3719	93 
3720	178 
3721	223 
3722	66 
3723	45 
3724	171 
3725	67 
3726	154 
3727	234 
3728	120 
3729	146 
3730	212 
3731	15 
3732	108 
3733	190 
3734	206 
3735	59 
3736	51 
3737	227 
3738	171 
3739	93 
3740	93 
3741	202 
3742	166 
3743	127 
3744	40 
3745	59 
3746	222 
3747	215 
3748	163 
3749	194 
3750	81 
3751	46 
3752	148 
3753	97 
3754	149 
3755	45 
3756	62 
3757	126 
3758	126 
3759	134 
3760	127 
3761	82 
3762	143 
3763	216 
3764	133 
3765	103 
3766	9 
3767	104 
3768	108 
3769	214 
3770	94 
3771	136 
3772	216 
3773	89 
3774	124 
3775	145 
3776	32 
3777	173 
3778	76 
3779	31 
3780	9 
3781	42 
3782	221 
3783	107 
3784	16 
3785	3 
3786	193 
3787	119 
3788	168 
3789	229 
3790	110 
3791	5 
3792	129 
3793	88 
3794	58 
3795	230 
3796	192 
3797	40 
3798	71 
3799	114 
3800	172 
3801	134 
3802	197 
3803	53 
3804	156 
3805	217 
3806	131 
3807	64 
3808	54 
3809	68 
3810	178 
3811	48 
3812	235 
3813	90 
3814	69 
3815	13 
3816	54 
3817	82 
3818	200 
3819	61 
3820	184 
3821	162 
3822	70 
3823	117 
3824	58 
3825	103 
3826	221 
3827	76 
3828	178 
3829	42 
3830	74 
3831	92 
3832	209 
3833	101 
3834	73 
3835	49 
3836	1 
3837	30 
3838	140 
3839	182 
3840	17 
3841	36 
3842	19 
3843	89 
3844	128 
3845	212 
3846	235 
3847	103 
3848	188 
3849	212 
3850	144 
3851	159 
3852	205 
3853	150 
3854	109 
3855	46 
3856	87 
3857	171 
3858	115 
3859	71 
3860	143 
3861	189 
3862	65 
3863	30 
3864	88 
3865	177 
3866	90 
3867	218 
3868	156 
3869	38 
3870	119 
3871	145 
3872	161 
3873	104 
3874	228 
3875	60 
3876	143 
3877	103 
3878	14 
3879	220 
3880	194 
3881	144 
3882	16 
3883	21 
3884	92 
3885	33 
3886	75 
3887	5 
3888	148 
3889	16 
3890	99 
3891	231 
3892	19 
3893	229 
3894	106 
3895	144 
3896	214 
3897	214 
3898	106 
3899	130 
3900	73 
3901	127 
3902	144 
3903	64 
3904	47 
3905	111 
3906	140 
3907	180 
3908	32 
3909	55 
3910	19 
3911	165 
3912	203 
3913	143 
3914	160 
3915	115 
3916	214 
3917	203 
3918	21 
3919	205 
3920	104 
3921	129 
3922	112 
3923	54 
3924	61 
3925	25 
3926	190 
3927	58 
3928	226 
3929	112 
3930	48 
3931	202 
3932	1 
3933	79 
3934	60 
3935	178 
3936	65 
3937	49 
3938	47 
3939	160 
3940	112 
3941	207 
3942	51 
3943	218 
3944	8 
3945	44 
3946	178 
3947	145 
3948	144 
3949	92 
3950	190 
3951	171 
3952	9 
3953	14 
3954	184 
3955	5 
3956	188 
3957	215 
3958	75 
3959	148 
3960	72 
3961	237 
3962	184 
3963	168 
3964	211 
3965	92 
3966	92 
3967	45 
3968	68 
3969	177 
3970	180 
3971	93 
3972	35 
3973	118 
3974	186 
3975	173 
3976	71 
3977	148 
3978	176 
3979	186 
3980	28 
3981	22 
3982	50 
3983	197 
3984	90 
3985	114 
3986	63 
3987	62 
3988	82 
3989	79 
3990	215 
3991	140 
3992	178 
3993	126 
3994	141 
3995	225 
3996	141 
3997	44 
3998	183 
3999	230 
4000	64 
4001	87 
4002	50 
4003	214 
4004	233 
4005	206 
4006	176 
4007	237 
4008	48 
4009	203 
4010	33 
4011	128 
4012	19 
4013	188 
4014	64 
4015	71 
4016	33 
4017	10 
4018	171 
4019	192 
4020	137 
4021	171 
4022	201 
4023	91 
4024	39 
4025	75 
4026	173 
4027	69 
4028	148 
4029	233 
4030	222 
4031	52 
4032	104 
4033	136 
4034	60 
4035	145 
4036	171 
4037	105 
4038	102 
4039	141 
4040	25 
4041	126 
4042	222 
4043	103 
4044	116 
4045	182 
4046	238 
4047	170 
4048	101 
4049	20 
4050	234 
4051	221 
4052	69 
4053	235 
4054	238 
4055	38 
4056	96 
4057	14 
4058	40 
4059	227 
4060	194 
4061	73 
4062	119 
4063	121 
4064	171 
4065	144 
4066	116 
4067	215 
4068	143 
4069	48 
4070	147 
4071	18 
4072	165 
4073	141 
4074	119 
4075	89 
4076	73 
4077	195 
4078	127 
4079	154 
4080	214 
4081	54 
4082	65 
4083	181 
4084	9 
4085	76 
4086	19 
4087	195 
4088	25 
4089	33 
4090	44 
4091	60 
4092	171 
4093	228 
4094	164 
4095	45 
4096	75 
4097	200 
4098	61 
4099	27 
4100	190 
4101	214 
4102	58 
4103	59 
4104	152 
4105	83 
4106	151 
4107	51 
4108	141 
4109	73 
4110	73 
4111	39 
4112	189 
4113	41 
4114	99 
4115	11 
4116	220 
4117	60 
4118	217 
4119	47 
4120	160 
4121	171 
4122	174 
4123	16 
4124	233 
4125	60 
4126	77 
4127	65 
4128	15 
4129	184 
4130	117 
4131	127 
4132	9 
4133	187 
4134	216 
4135	132 
4136	187 
4137	57 
4138	70 
4139	1 
4140	104 
4141	4 
4142	188 
4143	148 
4144	65 
4145	68 
4146	73 
4147	128 
4148	11 
4149	83 
4150	171 
4151	104 
4152	117 
4153	94 
4154	35 
4155	186 
4156	7 
4157	103 
4158	189 
4159	92 
4160	62 
4161	79 
4162	203 
4163	133 
4164	78 
4165	72 
4166	190 
4167	218 
4168	10 
4169	51 
4170	19 
4171	100 
4172	227 
4173	171 
4174	183 
4175	39 
4176	222 
4177	211 
4178	81 
4179	188 
4180	176 
4181	223 
4182	44 
4183	205 
4184	68 
4185	68 
4186	4 
4187	147 
4188	68 
4189	201 
4190	96 
4191	129 
4192	51 
4193	178 
4194	165 
4195	103 
4196	92 
4197	149 
4198	82 
4199	81 
4200	215 
4201	120 
4202	24 
4203	54 
4204	64 
4205	190 
4206	63 
4207	38 
4208	212 
4209	62 
4210	188 
4211	164 
4212	203 
4213	179 
4214	91 
4215	216 
4216	205 
4217	204 
4218	143 
4219	115 
4220	182 
4221	70 
4222	123 
4223	20 
4224	93 
4225	120 
4226	81 
4227	133 
4228	77 
4229	198 
4230	169 
4231	69 
4232	124 
4233	211 
4234	221 
4235	12 
4236	16 
4237	78 
4238	64 
4239	96 
4240	234 
4241	76 
4242	116 
4243	23 
4244	11 
4245	98 
4246	74 
4247	156 
4248	130 
4249	16 
4250	110 
4251	53 
4252	65 
4253	145 
4254	19 
4255	52 
4256	52 
4257	144 
4258	219 
4259	65 
4260	19 
4261	83 
4262	17 
4263	132 
4264	63 
4265	131 
4266	189 
4267	166 
4268	73 
4269	37 
4270	147 
4271	89 
4272	37 
4273	10 
4274	64 
4275	94 
4276	128 
4277	14 
4278	54 
4279	235 
4280	201 
4281	211 
4282	80 
4283	52 
4284	227 
4285	33 
4286	143 
4287	65 
4288	129 
4289	187 
4290	63 
4291	74 
4292	36 
4293	25 
4294	165 
4295	167 
4296	97 
4297	2 
4298	19 
4299	12 
4300	203 
4301	65 
4302	226 
4303	50 
4304	153 
4305	202 
4306	22 
4307	69 
4308	68 
4309	94 
4310	127 
4311	192 
4312	62 
4313	64 
4314	225 
4315	40 
4316	184 
4317	191 
4318	218 
4319	76 
4320	183 
4321	226 
4322	91 
4323	64 
4324	219 
4325	76 
4326	121 
4327	204 
4328	173 
4329	64 
4330	117 
4331	237 
4332	188 
4333	38 
4334	76 
4335	175 
4336	72 
4337	60 
4338	190 
4339	55 
4340	117 
4341	47 
4342	83 
4343	200 
4344	214 
4345	107 
4346	128 
4347	166 
4348	69 
4349	45 
4350	178 
4351	170 
4352	127 
4353	1 
4354	10 
4355	139 
4356	132 
4357	70 
4358	240 
4359	211 
4360	126 
4361	212 
4362	159 
4363	144 
4364	38 
4365	157 
4366	73 
4367	78 
4368	73 
4369	175 
4370	62 
4371	145 
4372	24 
4373	184 
4374	211 
4375	224 
4376	55 
4377	69 
4378	98 
4379	80 
4380	40 
4381	57 
4382	96 
4383	18 
4384	135 
4385	156 
4386	182 
4387	111 
4388	98 
4389	86 
4390	230 
4391	64 
4392	128 
4393	123 
4394	206 
4395	239 
4396	141 
4397	51 
4398	37 
4399	4 
4400	234 
4401	63 
4402	33 
4403	65 
4404	180 
4405	76 
4406	50 
4407	104 
4408	170 
4409	180 
4410	159 
4411	106 
4412	222 
4413	12 
4414	203 
4415	63 
4416	10 
4417	227 
4418	100 
4419	23 
4420	90 
4421	52 
4422	239 
4423	93 
4424	203 
4425	103 
4426	192 
4427	199 
4428	179 
4429	52 
4430	120 
4431	83 
4432	233 
4433	1 
4434	239 
4435	144 
4436	156 
4437	84 
4438	102 
4439	59 
4440	155 
4441	179 
4442	128 
4443	47 
4444	149 
4445	135 
4446	175 
4447	18 
4448	44 
4449	119 
4450	47 
4451	161 
4452	48 
4453	191 
4454	89 
4455	203 
4456	19 
4457	147 
4458	194 
4459	68 
4460	88 
4461	211 
4462	50 
4463	229 
4464	107 
4465	92 
4466	156 
4467	14 
4468	206 
4469	221 
4470	83 
4471	186 
4472	92 
4473	131 
4474	191 
4475	145 
4476	156 
4477	32 
4478	160 
4479	107 
4480	104 
4481	65 
4482	144 
4483	106 
4484	126 
4485	53 
4486	76 
4487	12 
4488	98 
4489	166 
4490	24 
4491	68 
4492	143 
4493	198 
4494	183 
4495	60 
4496	192 
4497	214 
4498	189 
4499	40 
4500	204 
4501	220 
4502	143 
4503	6 
4504	188 
4505	203 
4506	6 
4507	135 
4508	29 
4509	59 
4510	19 
4511	93 
4512	29 
4513	47 
4514	215 
4515	189 
4516	58 
4517	147 
4518	57 
4519	137 
4520	124 
4521	22 
4522	121 
4523	29 
4524	123 
4525	14 
4526	220 
4527	103 
4528	141 
4529	229 
4530	225 
4531	163 
4532	126 
4533	92 
4534	50 
4535	73 
4536	206 
4537	200 
4538	216 
4539	140 
4540	229 
4541	170 
4542	175 
4543	101 
4544	132 
4545	73 
4546	107 
4547	5 
4548	159 
4549	32 
4550	120 
4551	89 
4552	69 
4553	154 
4554	55 
4555	101 
4556	79 
4557	99 
4558	54 
4559	99 
4560	179 
4561	139 
4562	160 
4563	129 
4564	6 
4565	60 
4566	76 
4567	12 
4568	180 
4569	100 
4570	36 
4571	143 
4572	4 
4573	215 
4574	52 
4575	24 
4576	121 
4577	19 
4578	136 
4579	107 
4580	128 
4581	143 
4582	84 
4583	127 
4584	4 
4585	191 
4586	208 
4587	93 
4588	23 
4589	212 
4590	214 
4591	86 
4592	206 
4593	30 
4594	14 
4595	45 
4596	159 
4597	88 
4598	191 
4599	33 
4600	135 
4601	97 
4602	189 
4603	63 
4604	217 
4605	212 
4606	47 
4607	229 
4608	69 
4609	143 
4610	233 
4611	6 
4612	199 
4613	59 
4614	94 
4615	117 
4616	90 
4617	205 
4618	141 
4619	7 
4620	86 
4621	139 
4622	144 
4623	188 
4624	171 
4625	12 
4626	115 
4627	84 
4628	136 
4629	10 
4630	11 
4631	234 
4632	82 
4633	1 
4634	196 
4635	65 
4636	220 
4637	172 
4638	111 
4639	165 
4640	49 
4641	65 
4642	90 
4643	161 
4644	225 
4645	224 
4646	87 
4647	51 
4648	160 
4649	182 
4650	218 
4651	60 
4652	40 
4653	103 
4654	33 
4655	203 
4656	236 
4657	21 
4658	182 
4659	72 
4660	163 
4661	39 
4662	42 
4663	226 
4664	9 
4665	233 
4666	18 
4667	103 
4668	169 
4669	220 
4670	104 
4671	88 
4672	64 
4673	81 
4674	106 
4675	209 
4676	231 
4677	218 
4678	170 
4679	188 
4680	223 
4681	147 
4682	6 
4683	65 
4684	4 
4685	147 
4686	152 
4687	49 
4688	117 
4689	51 
4690	110 
4691	228 
4692	62 
4693	38 
4694	176 
4695	49 
4696	115 
4697	53 
4698	220 
4699	69 
4700	88 
4701	192 
4702	31 
4703	226 
4704	204 
4705	150 
4706	201 
4707	147 
4708	234 
4709	197 
4710	143 
4711	74 
4712	137 
4713	94 
4714	63 
4715	131 
4716	98 
4717	36 
4718	178 
4719	224 
4720	145 
4721	8 
4722	141 
4723	201 
4724	176 
4725	156 
4726	218 
4727	176 
4728	37 
4729	215 
4730	70 
4731	194 
4732	139 
4733	215 
4734	80 
4735	154 
4736	113 
4737	91 
4738	119 
4739	156 
4740	82 
4741	156 
4742	133 
4743	79 
4744	157 
4745	5 
4746	42 
4747	120 
4748	16 
4749	195 
4750	22 
4751	153 
4752	205 
4753	159 
4754	121 
4755	198 
4756	1 
4757	169 
4758	55 
4759	145 
4760	179 
4761	121 
4762	133 
4763	154 
4764	157 
4765	168 
4766	93 
4767	144 
4768	188 
4769	93 
4770	238 
4771	74 
4772	79 
4773	58 
4774	131 
4775	42 
4776	44 
4777	230 
4778	240 
4779	181 
4780	179 
4781	103 
4782	21 
4783	190 
4784	208 
4785	174 
4786	199 
4787	79 
4788	64 
4789	9 
4790	169 
4791	222 
4792	115 
4793	48 
4794	191 
4795	71 
4796	26 
4797	188 
4798	127 
4799	73 
4800	81 
4801	167 
4802	81 
4803	213 
4804	103 
4805	181 
4806	76 
4807	49 
4808	224 
4809	48 
4810	172 
4811	52 
4812	63 
4813	62 
4814	93 
4815	10 
4816	157 
4817	162 
4818	92 
4819	237 
4820	188 
4821	197 
4822	210 
4823	201 
4824	169 
4825	179 
4826	184 
4827	24 
4828	19 
4829	162 
4830	54 
4831	156 
4832	21 
4833	220 
4834	50 
4835	210 
4836	92 
4837	169 
4838	212 
4839	75 
4840	86 
4841	161 
4842	91 
4843	133 
4844	43 
4845	143 
4846	10 
4847	52 
4848	218 
4849	129 
4850	136 
4851	48 
4852	171 
4853	90 
4854	85 
4855	70 
4856	9 
4857	148 
4858	165 
4859	147 
4860	130 
4861	210 
4862	201 
4863	184 
4864	143 
4865	203 
4866	195 
4867	62 
4868	129 
4869	1 
4870	128 
4871	14 
4872	111 
4873	3 
4874	118 
4875	91 
4876	99 
4877	52 
4878	91 
4879	137 
4880	190 
4881	128 
4882	183 
4883	236 
4884	44 
4885	64 
4886	70 
4887	218 
4888	45 
4889	54 
4890	223 
4891	5 
4892	238 
4893	27 
4894	233 
4895	212 
4896	93 
4897	4 
4898	106 
4899	123 
4900	141 
4901	55 
4902	80 
4903	143 
4904	49 
4905	69 
4906	167 
4907	221 
4908	48 
4909	214 
4910	68 
4911	4 
4912	60 
4913	55 
4914	122 
4915	76 
4916	145 
4917	170 
4918	148 
4919	54 
4920	26 
4921	144 
4922	229 
4923	137 
4924	69 
4925	70 
4926	12 
4927	128 
4928	94 
4929	124 
4930	119 
4931	72 
4932	69 
4933	176 
4934	209 
4935	189 
4936	64 
4937	171 
4938	192 
4939	132 
4940	223 
4941	33 
4942	11 
4943	113 
4944	113 
4945	69 
4946	40 
4947	162 
4948	27 
4949	162 
4950	37 
4951	111 
4952	231 
4953	154 
4954	19 
4955	199 
4956	147 
4957	49 
4958	100 
4959	35 
4960	82 
4961	100 
4962	76 
4963	174 
4964	15 
4965	10 
4966	232 
4967	94 
4968	24 
4969	164 
4970	25 
4971	62 
4972	37 
4973	128 
4974	87 
4975	20 
4976	237 
4977	166 
4978	70 
4979	229 
4980	234 
4981	143 
4982	160 
4983	228 
4984	98 
4985	173 
4986	130 
4987	1 
4988	205 
4989	194 
4990	225 
4991	163 
4992	89 
4993	32 
4994	137 
4995	170 
4996	19 
4997	220 
4998	117 
4999	49 
5000	140 
5001	78 
5002	186 
5003	188 
5004	19 
5005	48 
5006	49 
5007	28 
5008	2 
5009	8 
5010	180 
5011	117 
5012	168 
5013	68 
5014	59 
5015	230 
5016	43 
5017	91 
5018	111 
5019	127 
5020	90 
5021	52 
5022	168 
5023	38 
5024	46 
5025	119 
5026	76 
5027	133 
5028	107 
5029	42 
5030	73 
5031	23 
5032	162 
5033	119 
5034	77 
5035	230 
5036	13 
5037	210 
5038	171 
5039	184 
5040	178 
5041	6 
5042	172 
5043	104 
5044	49 
5045	195 
5046	140 
5047	220 
5048	124 
5049	72 
5050	173 
5051	160 
5052	63 
5053	92 
5054	106 
5055	40 
5056	3 
5057	92 
5058	169 
5059	204 
5060	213 
5061	180 
5062	19 
5063	103 
5064	202 
5065	107 
5066	168 
5067	202 
5068	18 
5069	102 
5070	36 
5071	124 
5072	183 
5073	133 
5074	124 
5075	149 
5076	37 
5077	200 
5078	239 
5079	59 
5080	99 
5081	117 
5082	183 
5083	79 
5084	240 
5085	148 
5086	180 
5087	18 
5088	94 
5089	54 
5090	90 
5091	36 
5092	144 
5093	195 
5094	31 
5095	120 
5096	47 
5097	106 
5098	177 
5099	213 
5100	86 
5101	203 
5102	163 
5103	11 
5104	168 
5105	83 
5106	176 
5107	141 
5108	117 
5109	8 
5110	230 
5111	70 
5112	117 
5113	118 
5114	119 
5115	32 
5116	45 
5117	140 
5118	184 
5119	238 
5120	59 
5121	19 
5122	79 
5123	16 
5124	234 
5125	205 
5126	5 
5127	220 
5128	48 
5129	31 
5130	64 
5131	27 
5132	72 
5133	228 
5134	183 
5135	144 
5136	89 
5137	129 
5138	44 
5139	189 
5140	106 
5141	51 
5142	184 
5143	188 
5144	60 
5145	206 
5146	178 
5147	31 
5148	24 
5149	212 
5150	21 
5151	99 
5152	120 
5153	9 
5154	148 
5155	190 
5156	30 
5157	237 
5158	91 
5159	234 
5160	70 
5161	88 
5162	176 
5163	178 
5164	169 
5165	89 
5166	142 
5167	113 
5168	94 
5169	229 
5170	107 
5171	98 
5172	136 
5173	214 
5174	230 
5175	179 
5176	87 
5177	133 
5178	230 
5179	107 
5180	171 
5181	186 
5182	234 
5183	69 
5184	120 
5185	84 
5186	84 
5187	157 
5188	183 
5189	100 
5190	154 
5191	70 
5192	200 
5193	178 
5194	52 
5195	79 
5196	100 
5197	215 
5198	72 
5199	11 
5200	121 
5201	119 
5202	179 
5203	134 
5204	10 
5205	31 
5206	74 
5207	216 
5208	63 
5209	195 
5210	91 
5211	71 
5212	130 
5213	221 
5214	43 
5215	14 
5216	91 
5217	107 
5218	64 
5219	5 
5220	20 
5221	155 
5222	128 
5223	97 
5224	89 
5225	220 
5226	175 
5227	195 
5228	59 
5229	143 
5230	143 
5231	215 
5232	171 
5233	48 
5234	115 
5235	157 
5236	205 
5237	91 
5238	96 
5239	35 
5240	5 
5241	194 
5242	220 
5243	221 
5244	53 
5245	108 
5246	226 
5247	151 
5248	4 
5249	72 
5250	119 
5251	145 
5252	216 
5253	216 
5254	107 
5255	65 
5256	86 
5257	68 
5258	136 
5259	120 
5260	229 
5261	83 
5262	60 
5263	234 
5264	4 
5265	3 
5266	6 
5267	104 
5268	28 
5269	88 
5270	8 
5271	215 
5272	91 
5273	214 
5274	133 
5275	14 
5276	173 
5277	40 
5278	168 
5279	132 
5280	104 
5281	94 
5282	46 
5283	143 
5284	87 
5285	153 
5286	104 
5287	35 
5288	120 
5289	4 
5290	87 
5291	137 
5292	176 
5293	214 
5294	113 
5295	70 
5296	187 
5297	200 
5298	142 
5299	52 
5300	131 
5301	144 
5302	136 
5303	92 
5304	98 
5305	230 
5306	66 
5307	69 
5308	45 
5309	66 
5310	183 
5311	128 
5312	210 
5313	127 
5314	234 
5315	202 
5316	181 
5317	186 
5318	12 
5319	160 
5320	18 
5321	212 
5322	103 
5323	48 
5324	41 
5325	190 
5326	145 
5327	103 
5328	46 
5329	15 
5330	14 
5331	174 
5332	63 
5333	99 
5334	131 
5335	78 
5336	1 
5337	147 
5338	204 
5339	31 
5340	170 
5341	24 
5342	74 
5343	164 
5344	180 
5345	165 
5346	168 
5347	134 
5348	108 
5349	134 
5350	144 
5351	16 
5352	229 
5353	82 
5354	100 
5355	60 
5356	157 
5357	178 
5358	54 
5359	21 
5360	81 
5361	229 
5362	9 
5363	177 
5364	226 
5365	72 
5366	89 
5367	4 
5368	19 
5369	156 
5370	155 
5371	223 
5372	48 
5373	188 
5374	181 
5375	10 
5376	92 
5377	107 
5378	183 
5379	104 
5380	132 
5381	103 
5382	75 
5383	171 
5384	8 
5385	72 
5386	191 
5387	93 
5388	93 
5389	41 
5390	228 
5391	129 
5392	103 
5393	70 
5394	129 
5395	178 
5396	117 
5397	171 
5398	92 
5399	230 
5400	214 
5401	229 
5402	166 
5403	144 
5404	57 
5405	222 
5406	44 
5407	20 
5408	55 
5409	152 
5410	106 
5411	89 
5412	47 
5413	122 
5414	159 
5415	203 
5416	164 
5417	150 
5418	183 
5419	165 
5420	118 
5421	126 
5422	64 
5423	91 
5424	201 
5425	59 
5426	168 
5427	91 
5428	59 
5429	233 
5430	24 
5431	39 
5432	22 
5433	215 
5434	3 
5435	220 
5436	219 
5437	88 
5438	200 
5439	64 
5440	72 
5441	124 
5442	154 
5443	188 
5444	155 
5445	16 
5446	155 
5447	70 
5448	133 
5449	226 
5450	120 
5451	55 
5452	224 
5453	203 
5454	215 
5455	99 
5456	162 
5457	98 
5458	83 
5459	216 
5460	64 
5461	183 
5462	117 
5463	37 
5464	51 
5465	122 
5466	233 
5467	31 
5468	30 
5469	90 
5470	232 
5471	4 
5472	52 
5473	233 
5474	209 
5475	148 
5476	209 
5477	142 
5478	64 
5479	168 
5480	197 
5481	124 
5482	215 
5483	177 
5484	222 
5485	167 
5486	84 
5487	47 
5488	29 
5489	113 
5490	237 
5491	119 
5492	5 
5493	107 
5494	24 
5495	49 
5496	157 
5497	93 
5498	118 
5499	169 
5500	148 
5501	128 
5502	69 
5503	37 
5504	62 
5505	91 
5506	14 
5507	198 
5508	201 
5509	84 
5510	69 
5511	44 
5512	226 
5513	19 
5514	186 
5515	20 
5516	4 
5517	90 
5518	1 
5519	64 
5520	23 
5521	184 
5522	47 
5523	188 
5524	183 
5525	64 
5526	1 
5527	230 
5528	148 
5529	124 
5530	31 
5531	92 
5532	66 
5533	157 
5534	99 
5535	63 
5536	198 
5537	164 
5538	53 
5539	4 
5540	192 
5541	127 
5542	222 
5543	55 
5544	210 
5545	230 
5546	149 
5547	94 
5548	127 
5549	203 
5550	54 
5551	213 
5552	170 
5553	152 
5554	111 
5555	118 
5556	183 
5557	199 
5558	156 
5559	173 
5560	164 
5561	179 
5562	200 
5563	113 
5564	119 
5565	178 
5566	64 
5567	234 
5568	66 
5569	63 
5570	81 
5571	206 
5572	98 
5573	52 
5574	129 
5575	79 
5576	40 
5577	149 
5578	117 
5579	176 
5580	231 
5581	148 
5582	3 
5583	37 
5584	191 
5585	104 
5586	91 
5587	6 
5588	182 
5589	104 
5590	160 
5591	234 
5592	173 
5593	126 
5594	73 
5595	51 
5596	52 
5597	233 
5598	159 
5599	36 
5600	216 
5601	184 
5602	42 
5603	224 
5604	128 
5605	103 
5606	66 
5607	178 
5608	74 
5609	143 
5610	183 
5611	19 
5612	142 
5613	1 
5614	45 
5615	233 
5616	163 
5617	21 
5618	173 
5619	204 
5620	127 
5621	91 
5622	144 
5623	188 
5624	28 
5625	2 
5626	60 
5627	90 
5628	173 
5629	37 
5630	169 
5631	36 
5632	192 
5633	23 
5634	77 
5635	63 
5636	149 
5637	184 
5638	168 
5639	106 
5640	48 
5641	212 
5642	97 
5643	98 
5644	4 
5645	29 
5646	223 
5647	184 
5648	47 
5649	221 
5650	93 
5651	42 
5652	226 
5653	86 
5654	4 
5655	204 
5656	203 
5657	173 
5658	230 
5659	151 
5660	101 
5661	36 
5662	148 
5663	183 
5664	6 
5665	59 
5666	230 
5667	40 
5668	71 
5669	89 
5670	219 
5671	169 
5672	83 
5673	87 
5674	204 
5675	140 
5676	153 
5677	24 
5678	16 
5679	35 
5680	180 
5681	53 
5682	221 
5683	239 
5684	214 
5685	200 
5686	148 
5687	201 
5688	180 
5689	45 
5690	42 
5691	112 
5692	148 
5693	221 
5694	240 
5695	91 
5696	139 
5697	139 
5698	14 
5699	178 
5700	220 
5701	89 
5702	94 
5703	154 
5704	81 
5705	90 
5706	204 
5707	144 
5708	238 
5709	60 
5710	194 
5711	120 
5712	42 
5713	91 
5714	104 
5715	100 
5716	232 
5717	167 
5718	68 
5719	104 
5720	88 
5721	201 
5722	228 
5723	5 
5724	63 
5725	22 
5726	149 
5727	94 
5728	190 
5729	57 
5730	223 
5731	119 
5732	82 
5733	74 
5734	142 
5735	19 
5736	180 
5737	224 
5738	48 
5739	99 
5740	15 
5741	188 
5742	136 
5743	98 
5744	229 
5745	169 
5746	183 
5747	214 
5748	19 
5749	177 
5750	228 
5751	72 
5752	74 
5753	230 
5754	119 
5755	226 
5756	103 
5757	1 
5758	230 
5759	47 
5760	234 
5761	198 
5762	62 
5763	31 
5764	137 
5765	3 
5766	10 
5767	228 
5768	39 
5769	21 
5770	203 
5771	235 
5772	220 
5773	178 
5774	93 
5775	168 
5776	62 
5777	223 
5778	88 
5779	216 
5780	23 
5781	74 
5782	117 
5783	98 
5784	236 
5785	74 
5786	107 
5787	89 
5788	49 
5789	88 
5790	129 
5791	234 
5792	118 
5793	116 
5794	66 
5795	69 
5796	156 
5797	220 
5798	22 
5799	14 
5800	238 
5801	209 
5802	234 
5803	189 
5804	60 
5805	76 
5806	16 
5807	161 
5808	149 
5809	142 
5810	149 
5811	63 
5812	147 
5813	200 
5814	167 
5815	71 
5816	156 
5817	184 
5818	54 
5819	215 
5820	5 
5821	106 
5822	221 
5823	177 
5824	53 
5825	49 
5826	6 
5827	216 
5828	147 
5829	179 
5830	170 
5831	5 
5832	22 
5833	156 
5834	221 
5835	123 
5836	102 
5837	90 
5838	37 
5839	234 
5840	43 
5841	232 
5842	55 
5843	14 
5844	9 
5845	160 
5846	79 
5847	97 
5848	205 
5849	29 
5850	173 
5851	64 
5852	240 
5853	178 
5854	82 
5855	137 
5856	113 
5857	156 
5858	10 
5859	184 
5860	12 
5861	157 
5862	143 
5863	220 
5864	78 
5865	163 
5866	58 
5867	69 
5868	176 
5869	156 
5870	82 
5871	81 
5872	236 
5873	219 
5874	176 
5875	46 
5876	141 
5877	218 
5878	198 
5879	145 
5880	166 
5881	135 
5882	59 
5883	54 
5884	119 
5885	29 
5886	194 
5887	24 
5888	90 
5889	103 
5890	78 
5891	116 
5892	4 
5893	43 
5894	144 
5895	117 
5896	141 
5897	82 
5898	120 
5899	168 
5900	213 
5901	141 
5902	38 
5903	190 
5904	132 
5905	147 
5906	229 
5907	199 
5908	175 
5909	90 
5910	171 
5911	66 
5912	233 
5913	145 
5914	215 
5915	148 
5916	57 
5917	149 
5918	91 
5919	74 
5920	99 
5921	188 
5922	140 
5923	214 
5924	41 
5925	70 
5926	74 
5927	161 
5928	96 
5929	10 
5930	120 
5931	31 
5932	102 
5933	106 
5934	222 
5935	220 
5936	199 
5937	200 
5938	176 
5939	121 
5940	91 
5941	232 
5942	223 
5943	55 
5944	152 
5945	176 
5946	174 
5947	178 
5948	10 
5949	229 
5950	148 
5951	106 
5952	86 
5953	127 
5954	90 
5955	52 
5956	214 
5957	137 
5958	41 
5959	181 
5960	51 
5961	97 
5962	141 
5963	181 
5964	107 
5965	75 
5966	103 
5967	183 
5968	36 
5969	226 
5970	1 
5971	23 
5972	172 
5973	70 
5974	191 
5975	47 
5976	65 
5977	31 
5978	119 
5979	107 
5980	59 
5981	170 
5982	121 
5983	103 
5984	141 
5985	191 
5986	165 
5987	201 
5988	143 
5989	52 
5990	5 
5991	44 
5992	65 
5993	152 
5994	221 
5995	3 
5996	99 
5997	229 
5998	123 
5999	188 
6000	216 
6001	46 
6002	64 
6003	103 
6004	110 
6005	206 
6006	81 
6007	55 
6008	221 
6009	47 
6010	23 
6011	127 
6012	170 
6013	3 
6014	73 
6015	39 
6016	31 
6017	44 
6018	108 
6019	43 
6020	72 
6021	47 
6022	29 
6023	219 
6024	106 
6025	189 
6026	133 
6027	64 
6028	180 
6029	99 
6030	177 
6031	39 
6032	228 
6033	97 
6034	148 
6035	18 
6036	71 
6037	237 
6038	190 
6039	205 
6040	85 
6041	126 
6042	93 
6043	190 
6044	183 
6045	103 
6046	91 
6047	237 
6048	183 
6049	214 
6050	93 
6051	84 
6052	200 
6053	62 
6054	145 
6055	19 
6056	81 
6057	141 
6058	90 
6059	3 
6060	73 
6061	226 
6062	180 
6063	189 
6064	170 
6065	160 
6066	92 
6067	206 
6068	143 
6069	57 
6070	123 
6071	226 
6072	59 
6073	191 
6074	170 
6075	229 
6076	178 
6077	121 
6078	237 
6079	31 
6080	5 
6081	47 
6082	176 
6083	76 
6084	151 
6085	19 
6086	103 
6087	88 
6088	187 
6089	171 
6090	191 
6091	180 
6092	183 
6093	157 
6094	159 
6095	58 
6096	149 
6097	53 
6098	46 
6099	160 
6100	86 
6101	100 
6102	186 
6103	179 
6104	141 
6105	52 
6106	214 
6107	19 
6108	91 
6109	218 
6110	82 
6111	75 
6112	188 
6113	237 
6114	37 
6115	205 
6116	79 
6117	57 
6118	48 
6119	210 
6120	235 
6121	91 
6122	33 
6123	62 
6124	47 
6125	29 
6126	91 
6127	76 
6128	203 
6129	49 
6130	89 
6131	220 
6132	75 
6133	161 
6134	75 
6135	54 
6136	220 
6137	20 
6138	10 
6139	155 
6140	49 
6141	40 
6142	151 
6143	135 
6144	200 
6145	144 
6146	188 
6147	148 
6148	144 
6149	184 
6150	89 
6151	100 
6152	23 
6153	82 
6154	110 
6155	92 
6156	93 
6157	187 
6158	233 
6159	98 
6160	237 
6161	16 
6162	31 
6163	62 
6164	76 
6165	183 
6166	104 
6167	189 
6168	104 
6169	186 
6170	43 
6171	189 
6172	220 
6173	59 
6174	102 
6175	44 
6176	213 
6177	129 
6178	16 
6179	238 
6180	129 
6181	69 
6182	66 
6183	92 
6184	58 
6185	164 
6186	72 
6187	91 
6188	113 
6189	188 
6190	232 
6191	84 
6192	26 
6193	47 
6194	6 
6195	55 
6196	104 
6197	194 
6198	168 
6199	175 
6200	69 
6201	159 
6202	143 
6203	44 
6204	10 
6205	221 
6206	177 
6207	120 
6208	107 
6209	224 
6210	69 
6211	233 
6212	40 
6213	209 
6214	111 
6215	75 
6216	81 
6217	16 
6218	228 
6219	58 
6220	23 
6221	64 
6222	63 
6223	199 
6224	52 
6225	19 
6226	238 
6227	212 
6228	181 
6229	232 
6230	108 
6231	81 
6232	6 
6233	198 
6234	154 
6235	186 
6236	227 
6237	63 
6238	144 
6239	128 
6240	190 
6241	230 
6242	119 
6243	89 
6244	200 
6245	94 
6246	31 
6247	48 
6248	167 
6249	142 
6250	178 
6251	236 
6252	178 
6253	186 
6254	120 
6255	72 
6256	81 
6257	184 
6258	195 
6259	136 
6260	112 
6261	145 
6262	76 
6263	230 
6264	74 
6265	170 
6266	128 
6267	214 
6268	97 
6269	222 
6270	102 
6271	143 
6272	51 
6273	226 
6274	200 
6275	229 
6276	64 
6277	220 
6278	206 
6279	178 
6280	83 
6281	48 
6282	216 
6283	65 
6284	128 
6285	226 
6286	170 
6287	178 
6288	100 
6289	149 
6290	19 
6291	144 
6292	129 
6293	219 
6294	14 
6295	156 
6296	200 
6297	176 
6298	23 
6299	63 
6300	36 
6301	47 
6302	33 
6303	6 
6304	183 
6305	107 
6306	62 
6307	85 
6308	139 
6309	93 
6310	119 
6311	16 
6312	220 
6313	164 
6314	140 
6315	48 
6316	119 
6317	214 
6318	180 
6319	240 
6320	51 
6321	88 
6322	101 
6323	66 
6324	55 
6325	22 
6326	60 
6327	44 
6328	84 
6329	192 
6330	99 
6331	48 
6332	148 
6333	222 
6334	214 
6335	60 
6336	159 
6337	168 
6338	205 
6339	128 
6340	84 
6341	113 
6342	106 
6343	41 
6344	48 
6345	234 
6346	227 
6347	143 
6348	103 
6349	229 
6350	120 
6351	128 
6352	110 
6353	103 
6354	178 
6355	5 
6356	188 
6357	205 
6358	181 
6359	144 
6360	71 
6361	4 
6362	164 
6363	76 
6364	211 
6365	136 
6366	204 
6367	18 
6368	107 
6369	76 
6370	147 
6371	72 
6372	30 
6373	19 
6374	106 
6375	120 
6376	16 
6377	126 
6378	156 
6379	8 
6380	60 
6381	82 
6382	171 
6383	154 
6384	71 
6385	148 
6386	64 
6387	135 
6388	51 
6389	142 
6390	64 
6391	234 
6392	82 
6393	103 
6394	59 
6395	33 
6396	36 
6397	190 
6398	106 
6399	126 
6400	23 
6401	75 
6402	128 
6403	63 
6404	106 
6405	234 
6406	184 
6407	171 
6408	188 
6409	171 
6410	165 
6411	210 
6412	215 
6413	83 
6414	100 
6415	74 
6416	72 
6417	148 
6418	144 
6419	153 
6420	223 
6421	170 
6422	58 
6423	227 
6424	86 
6425	88 
6426	2 
6427	116 
6428	175 
6429	144 
6430	232 
6431	14 
6432	37 
6433	93 
6434	227 
6435	93 
6436	148 
6437	165 
6438	139 
6439	51 
6440	41 
6441	209 
6442	126 
6443	37 
6444	143 
6445	209 
6446	230 
6447	55 
6448	1 
6449	62 
6450	24 
6451	64 
6452	78 
6453	91 
6454	112 
6455	1 
6456	205 
6457	179 
6458	143 
6459	97 
6460	237 
6461	12 
6462	186 
6463	191 
6464	154 
6465	175 
6466	19 
6467	178 
6468	237 
6469	140 
6470	129 
6471	229 
6472	63 
6473	188 
6474	57 
6475	127 
6476	68 
6477	233 
6478	43 
6479	3 
6480	64 
6481	203 
6482	230 
6483	102 
6484	183 
6485	36 
6486	89 
6487	167 
6488	153 
6489	203 
6490	48 
6491	143 
6492	107 
6493	148 
6494	220 
6495	4 
6496	183 
6497	147 
6498	76 
6499	40 
6500	233 
6501	149 
6502	124 
6503	161 
6504	169 
6505	99 
6506	6 
6507	145 
6508	238 
6509	163 
6510	81 
6511	48 
6512	66 
6513	62 
6514	107 
6515	224 
6516	156 
6517	192 
6518	79 
6519	149 
6520	188 
6521	57 
6522	54 
6523	110 
6524	30 
6525	132 
6526	219 
6527	89 
6528	94 
6529	119 
6530	215 
6531	176 
6532	74 
6533	49 
6534	237 
6535	85 
6536	179 
6537	87 
6538	148 
6539	52 
6540	171 
6541	190 
6542	191 
6543	178 
6544	218 
6545	1 
6546	74 
6547	154 
6548	99 
6549	155 
6550	32 
6551	206 
6552	200 
6553	86 
6554	2 
6555	234 
6556	236 
6557	226 
6558	119 
6559	116 
6560	180 
6561	127 
6562	90 
6563	188 
6564	60 
6565	81 
6566	54 
6567	188 
6568	143 
6569	16 
6570	238 
6571	52 
6572	205 
6573	119 
6574	175 
6575	140 
6576	199 
6577	176 
6578	74 
6579	234 
6580	65 
6581	216 
6582	29 
6583	234 
6584	152 
6585	6 
6586	184 
6587	194 
6588	136 
6589	2 
6590	70 
6591	223 
6592	93 
6593	183 
6594	32 
6595	55 
6596	179 
6597	229 
6598	4 
6599	70 
6600	173 
6601	63 
6602	236 
6603	206 
6604	184 
6605	148 
6606	94 
6607	210 
6608	45 
6609	170 
6610	75 
6611	141 
6612	40 
6613	19 
6614	200 
6615	226 
6616	88 
6617	59 
6618	72 
6619	89 
6620	168 
6621	71 
6622	104 
6623	194 
6624	4 
6625	189 
6626	148 
6627	78 
6628	119 
6629	99 
6630	173 
6631	21 
6632	189 
6633	83 
6634	49 
6635	180 
6636	110 
6637	45 
6638	29 
6639	8 
6640	234 
6641	128 
6642	72 
6643	195 
6644	116 
6645	147 
6646	108 
6647	161 
6648	229 
6649	183 
6650	37 
6651	12 
6652	218 
6653	171 
6654	48 
6655	176 
6656	166 
6657	156 
6658	229 
6659	70 
6660	108 
6661	121 
6662	72 
6663	171 
6664	214 
6665	16 
6666	143 
6667	142 
6668	189 
6669	119 
6670	87 
6671	65 
6672	160 
6673	142 
6674	137 
6675	206 
6676	50 
6677	117 
6678	230 
6679	88 
6680	1 
6681	88 
6682	59 
6683	75 
6684	31 
6685	200 
6686	236 
6687	83 
6688	63 
6689	81 
6690	102 
6691	6 
6692	147 
6693	230 
6694	91 
6695	152 
6696	178 
6697	184 
6698	187 
6699	64 
6700	166 
6701	133 
6702	33 
6703	50 
6704	73 
6705	197 
6706	52 
6707	45 
6708	32 
6709	89 
6710	129 
6711	190 
6712	24 
6713	206 
6714	22 
6715	230 
6716	141 
6717	184 
6718	14 
6719	220 
6720	119 
6721	76 
6722	206 
6723	119 
6724	183 
6725	203 
6726	4 
6727	119 
6728	180 
6729	73 
6730	221 
6731	126 
6732	153 
6733	71 
6734	178 
6735	136 
6736	154 
6737	127 
6738	205 
6739	179 
6740	63 
6741	113 
6742	233 
6743	174 
6744	238 
6745	154 
6746	147 
6747	100 
6748	223 
6749	204 
6750	49 
6751	73 
6752	137 
6753	89 
6754	148 
6755	181 
6756	223 
6757	161 
6758	201 
6759	201 
6760	128 
6761	73 
6762	5 
6763	74 
6764	43 
6765	93 
6766	69 
6767	228 
6768	78 
6769	187 
6770	63 
6771	117 
6772	63 
6773	139 
6774	82 
6775	189 
6776	234 
6777	52 
6778	124 
6779	38 
6780	210 
6781	200 
6782	112 
6783	21 
6784	143 
6785	188 
6786	214 
6787	205 
6788	237 
6789	103 
6790	103 
6791	26 
6792	104 
6793	88 
6794	51 
6795	91 
6796	130 
6797	139 
6798	79 
6799	51 
6800	36 
6801	51 
6802	30 
6803	135 
6804	54 
6805	148 
6806	57 
6807	148 
6808	84 
6809	93 
6810	102 
6811	171 
6812	172 
6813	6 
6814	173 
6815	141 
6816	83 
6817	59 
6818	197 
6819	192 
6820	148 
6821	70 
6822	91 
6823	234 
6824	200 
6825	2 
6826	55 
6827	57 
6828	32 
6829	26 
6830	166 
6831	52 
6832	1 
6833	4 
6834	47 
6835	215 
6836	102 
6837	169 
6838	203 
6839	66 
6840	144 
6841	33 
6842	173 
6843	66 
6844	104 
6845	186 
6846	26 
6847	81 
6848	106 
6849	107 
6850	93 
6851	191 
6852	191 
6853	210 
6854	152 
6855	172 
6856	179 
6857	94 
6858	32 
6859	14 
6860	137 
6861	143 
6862	22 
6863	232 
6864	108 
6865	165 
6866	118 
6867	197 
6868	228 
6869	140 
6870	100 
6871	127 
6872	209 
6873	1 
6874	5 
6875	92 
6876	237 
6877	163 
6878	212 
6879	59 
6880	164 
6881	65 
6882	88 
6883	52 
6884	161 
6885	156 
6886	191 
6887	63 
6888	143 
6889	87 
6890	52 
6891	174 
6892	184 
6893	38 
6894	145 
6895	10 
6896	233 
6897	223 
6898	143 
6899	234 
6900	212 
6901	54 
6902	19 
6903	16 
6904	58 
6905	168 
6906	1 
6907	102 
6908	195 
6909	102 
6910	183 
6911	51 
6912	237 
6913	214 
6914	200 
6915	130 
6916	104 
6917	205 
6918	36 
6919	70 
6920	24 
6921	126 
6922	160 
6923	48 
6924	141 
6925	172 
6926	168 
6927	183 
6928	221 
6929	195 
6930	102 
6931	145 
6932	174 
6933	102 
6934	63 
6935	183 
6936	191 
6937	31 
6938	220 
6939	135 
6940	40 
6941	126 
6942	180 
6943	121 
6944	5 
6945	126 
6946	40 
6947	176 
6948	81 
6949	110 
6950	94 
6951	230 
6952	128 
6953	130 
6954	57 
6955	106 
6956	72 
6957	199 
6958	224 
6959	145 
6960	156 
6961	6 
6962	218 
6963	66 
6964	30 
6965	76 
6966	240 
6967	170 
6968	82 
6969	31 
6970	93 
6971	72 
6972	237 
6973	176 
6974	38 
6975	157 
6976	161 
6977	4 
6978	203 
6979	168 
6980	130 
6981	190 
6982	91 
6983	143 
6984	32 
6985	107 
6986	143 
6987	69 
6988	98 
6989	160 
6990	107 
6991	116 
6992	157 
6993	70 
6994	107 
6995	74 
6996	70 
6997	238 
6998	60 
6999	45 
7000	181 
7001	72 
7002	74 
7003	98 
7004	145 
7005	132 
7006	90 
7007	179 
7008	52 
7009	38 
7010	102 
7011	92 
7012	227 
7013	181 
7014	143 
7015	173 
7016	155 
7017	161 
7018	229 
7019	6 
7020	63 
7021	183 
7022	147 
7023	73 
7024	51 
7025	181 
7026	91 
7027	21 
7028	79 
7029	2 
7030	206 
7031	59 
7032	186 
7033	48 
7034	24 
7035	106 
7036	186 
7037	160 
7038	119 
7039	112 
7040	225 
7041	143 
7042	191 
7043	65 
7044	110 
7045	220 
7046	107 
7047	24 
7048	76 
7049	229 
7050	187 
7051	200 
7052	215 
7053	86 
7054	179 
7055	65 
7056	219 
7057	76 
7058	48 
7059	190 
7060	178 
7061	51 
7062	186 
7063	197 
7064	119 
7065	30 
7066	83 
7067	149 
7068	82 
7069	65 
7070	32 
7071	76 
7072	187 
7073	198 
7074	100 
7075	190 
7076	117 
7077	93 
7078	126 
7079	129 
7080	220 
7081	141 
7082	143 
7083	132 
7084	59 
7085	230 
7086	181 
7087	143 
7088	91 
7089	164 
7090	128 
7091	141 
7092	51 
7093	174 
7094	19 
7095	89 
7096	168 
7097	21 
7098	112 
7099	58 
7100	26 
7101	57 
7102	161 
7103	173 
7104	82 
7105	224 
7106	92 
7107	237 
7108	178 
7109	166 
7110	199 
7111	155 
7112	12 
7113	76 
7114	176 
7115	190 
7116	47 
7117	87 
7118	227 
7119	137 
7120	159 
7121	101 
7122	145 
7123	240 
7124	169 
7125	1 
7126	212 
7127	180 
7128	110 
7129	160 
7130	64 
7131	63 
7132	82 
7133	49 
7134	14 
7135	97 
7136	203 
7137	106 
7138	65 
7139	144 
7140	173 
7141	91 
7142	141 
7143	59 
7144	171 
7145	84 
7146	145 
7147	89 
7148	38 
7149	171 
7150	14 
7151	76 
7152	165 
7153	229 
7154	181 
7155	5 
7156	45 
7157	65 
7158	55 
7159	124 
7160	104 
7161	143 
7162	225 
7163	136 
7164	128 
7165	104 
7166	234 
7167	188 
7168	159 
7169	104 
7170	31 
7171	5 
7172	43 
7173	228 
7174	149 
7175	71 
7176	16 
7177	216 
7178	179 
7179	180 
7180	57 
7181	136 
7182	166 
7183	226 
7184	172 
7185	69 
7186	59 
7187	73 
7188	23 
7189	73 
7190	45 
7191	73 
7192	144 
7193	144 
7194	14 
7195	210 
7196	59 
7197	92 
7198	76 
7199	64 
7200	210 
7201	106 
7202	24 
7203	119 
7204	149 
7205	55 
7206	24 
7207	113 
7208	69 
7209	81 
7210	5 
7211	93 
7212	149 
7213	43 
7214	183 
7215	117 
7216	212 
7217	186 
7218	237 
7219	135 
7220	180 
7221	206 
7222	142 
7223	76 
7224	214 
7225	106 
7226	43 
7227	165 
7228	212 
7229	10 
7230	59 
7231	69 
7232	89 
7233	191 
7234	31 
7235	23 
7236	137 
7237	107 
7238	214 
7239	135 
7240	108 
7241	159 
7242	65 
7243	64 
7244	93 
7245	187 
7246	188 
7247	106 
7248	4 
7249	74 
7250	137 
7251	216 
7252	200 
7253	103 
7254	58 
7255	33 
7256	84 
7257	69 
7258	234 
7259	189 
7260	142 
7261	93 
7262	91 
7263	72 
7264	173 
7265	37 
7266	6 
7267	206 
7268	51 
7269	2 
7270	212 
7271	191 
7272	197 
7273	16 
7274	170 
7275	156 
7276	29 
7277	98 
7278	188 
7279	184 
7280	51 
7281	135 
7282	188 
7283	165 
7284	6 
7285	205 
7286	201 
7287	200 
7288	6 
7289	99 
7290	74 
7291	81 
7292	64 
7293	86 
7294	240 
7295	228 
7296	119 
7297	41 
7298	126 
7299	129 
7300	69 
7301	190 
7302	31 
7303	4 
7304	227 
7305	126 
7306	93 
7307	99 
7308	93 
7309	4 
7310	52 
7311	16 
7312	45 
7313	118 
7314	189 
7315	36 
7316	200 
7317	181 
7318	91 
7319	4 
7320	81 
7321	205 
7322	40 
7323	203 
7324	93 
7325	160 
7326	214 
7327	201 
7328	229 
7329	70 
7330	156 
7331	135 
7332	55 
7333	32 
7334	64 
7335	116 
7336	143 
7337	59 
7338	1 
7339	141 
7340	160 
7341	10 
7342	69 
7343	6 
7344	133 
7345	156 
7346	144 
7347	173 
7348	216 
7349	216 
7350	216 
7351	32 
7352	186 
7353	171 
7354	54 
7355	203 
7356	110 
7357	59 
7358	93 
7359	198 
7360	184 
7361	64 
7362	100 
7363	220 
7364	159 
7365	21 
7366	104 
7367	83 
7368	51 
7369	31 
7370	173 
7371	186 
7372	230 
7373	72 
7374	117 
7375	126 
7376	224 
7377	78 
7378	30 
7379	49 
7380	41 
7381	93 
7382	180 
7383	128 
7384	161 
7385	52 
7386	178 
7387	120 
7388	170 
7389	168 
7390	187 
7391	108 
7392	59 
7393	210 
7394	178 
7395	74 
7396	90 
7397	49 
7398	52 
7399	141 
7400	43 
7401	59 
7402	103 
7403	52 
7404	104 
7405	24 
7406	116 
7407	41 
7408	23 
7409	229 
7410	60 
7411	30 
7412	45 
7413	107 
7414	119 
7415	94 
7416	47 
7417	69 
7418	79 
7419	103 
7420	66 
7421	228 
7422	37 
7423	141 
7424	121 
7425	4 
7426	183 
7427	141 
7428	41 
7429	179 
7430	220 
7431	51 
7432	70 
7433	1 
7434	210 
7435	65 
7436	108 
7437	48 
7438	240 
7439	38 
7440	191 
7441	106 
7442	66 
7443	121 
7444	52 
7445	57 
7446	152 
7447	166 
7448	230 
7449	24 
7450	206 
7451	47 
7452	166 
7453	107 
7454	176 
7455	69 
7456	223 
7457	98 
7458	94 
7459	52 
7460	26 
7461	117 
7462	203 
7463	179 
7464	128 
7465	201 
7466	191 
7467	60 
7468	108 
7469	160 
7470	14 
7471	170 
7472	198 
7473	87 
7474	48 
7475	124 
7476	154 
7477	47 
7478	135 
7479	101 
7480	52 
7481	75 
7482	63 
7483	52 
7484	168 
7485	47 
7486	49 
7487	221 
7488	14 
7489	76 
7490	141 
7491	5 
7492	1 
7493	232 
7494	224 
7495	212 
7496	180 
7497	48 
7498	203 
7499	94 
7500	121 
7501	14 
7502	79 
7503	50 
7504	144 
7505	222 
7506	188 
7507	70 
7508	176 
7509	99 
7510	197 
7511	59 
7512	176 
7513	83 
7514	154 
7515	1 
7516	84 
7517	135 
7518	197 
7519	226 
7520	49 
7521	166 
7522	119 
7523	93 
7524	224 
7525	140 
7526	128 
7527	106 
7528	170 
7529	234 
7530	194 
7531	104 
7532	50 
7533	187 
7534	1 
7535	38 
7536	129 
7537	72 
7538	51 
7539	81 
7540	121 
7541	232 
7542	69 
7543	93 
7544	165 
7545	124 
7546	181 
7547	156 
7548	186 
7549	48 
7550	173 
7551	224 
7552	214 
7553	2 
7554	176 
7555	52 
7556	148 
7557	10 
7558	210 
7559	145 
7560	29 
7561	37 
7562	161 
7563	79 
7564	121 
7565	186 
7566	58 
7567	5 
7568	33 
7569	82 
7570	75 
7571	69 
7572	229 
7573	49 
7574	83 
7575	234 
7576	6 
7577	88 
7578	100 
7579	1 
7580	76 
7581	188 
7582	65 
7583	189 
7584	132 
7585	14 
7586	204 
7587	154 
7588	169 
7589	5 
7590	179 
7591	84 
7592	66 
7593	132 
7594	234 
7595	190 
7596	110 
7597	220 
7598	117 
7599	215 
7600	107 
7601	50 
7602	43 
7603	223 
7604	79 
7605	66 
7606	135 
7607	203 
7608	191 
7609	204 
7610	170 
7611	49 
7612	16 
7613	79 
7614	69 
7615	159 
7616	37 
7617	69 
7618	168 
7619	26 
7620	59 
7621	62 
7622	161 
7623	83 
7624	90 
7625	33 
7626	82 
7627	73 
7628	225 
7629	5 
7630	94 
7631	215 
7632	145 
7633	70 
7634	84 
7635	135 
7636	37 
7637	78 
7638	171 
7639	205 
7640	148 
7641	62 
7642	78 
7643	169 
7644	152 
7645	176 
7646	152 
7647	74 
7648	24 
7649	140 
7650	89 
7651	228 
7652	148 
7653	24 
7654	206 
7655	51 
7656	149 
7657	72 
7658	104 
7659	70 
7660	79 
7661	106 
7662	230 
7663	226 
7664	83 
7665	48 
7666	21 
7667	31 
7668	227 
7669	156 
7670	225 
7671	21 
7672	204 
7673	64 
7674	52 
7675	137 
7676	120 
7677	44 
7678	238 
7679	180 
7680	82 
7681	205 
7682	227 
7683	99 
7684	101 
7685	232 
7686	161 
7687	173 
7688	145 
7689	4 
7690	184 
7691	82 
7692	192 
7693	48 
7694	155 
7695	170 
7696	128 
7697	54 
7698	238 
7699	51 
7700	87 
7701	141 
7702	183 
7703	99 
7704	148 
7705	144 
7706	144 
7707	121 
7708	94 
7709	183 
7710	73 
7711	200 
7712	179 
7713	181 
7714	88 
7715	65 
7716	171 
7717	107 
7718	117 
7719	9 
7720	137 
7721	9 
7722	110 
7723	91 
7724	91 
7725	119 
7726	176 
7727	181 
7728	135 
7729	171 
7730	89 
7731	54 
7732	52 
7733	156 
7734	31 
7735	37 
7736	4 
7737	135 
7738	127 
7739	72 
7740	2 
7741	176 
7742	128 
7743	26 
7744	66 
7745	1 
7746	204 
7747	229 
7748	192 
7749	51 
7750	187 
7751	106 
7752	90 
7753	205 
7754	29 
7755	68 
7756	51 
7757	159 
7758	63 
7759	203 
7760	6 
7761	197 
7762	24 
7763	156 
7764	104 
7765	199 
7766	73 
7767	128 
7768	192 
7769	48 
7770	84 
7771	47 
7772	121 
7773	152 
7774	191 
7775	69 
7776	78 
7777	148 
7778	169 
7779	107 
7780	72 
7781	226 
7782	41 
7783	187 
7784	65 
7785	9 
7786	133 
7787	181 
7788	72 
7789	10 
7790	78 
7791	141 
7792	187 
7793	233 
7794	191 
7795	156 
7796	76 
7797	228 
7798	120 
7799	200 
7800	40 
7801	89 
7802	98 
7803	201 
7804	59 
7805	179 
7806	206 
7807	174 
7808	201 
7809	220 
7810	92 
7811	154 
7812	135 
7813	233 
7814	219 
7815	87 
7816	78 
7817	40 
7818	124 
7819	234 
7820	183 
7821	230 
7822	234 
7823	89 
7824	48 
7825	52 
7826	144 
7827	156 
7828	161 
7829	171 
7830	93 
7831	161 
7832	171 
7833	69 
7834	94 
7835	78 
7836	128 
7837	75 
7838	223 
7839	181 
7840	199 
7841	29 
7842	215 
7843	198 
7844	173 
7845	33 
7846	100 
7847	106 
7848	62 
7849	200 
7850	237 
7851	192 
7852	10 
7853	47 
7854	160 
7855	210 
7856	44 
7857	232 
7858	2 
7859	223 
7860	143 
7861	164 
7862	37 
7863	93 
7864	71 
7865	178 
7866	220 
7867	84 
7868	186 
7869	32 
7870	106 
7871	55 
7872	70 
7873	71 
7874	48 
7875	81 
7876	48 
7877	59 
7878	176 
7879	129 
7880	156 
7881	144 
7882	102 
7883	73 
7884	37 
7885	222 
7886	224 
7887	31 
7888	230 
7889	66 
7890	221 
7891	154 
7892	98 
7893	117 
7894	141 
7895	76 
7896	91 
7897	178 
7898	94 
7899	49 
7900	189 
7901	72 
7902	100 
7903	49 
7904	145 
7905	106 
7906	31 
7907	16 
7908	104 
7909	164 
7910	171 
7911	90 
7912	51 
7913	129 
7914	24 
7915	73 
7916	230 
7917	119 
7918	92 
7919	201 
7920	33 
7921	229 
7922	47 
7923	191 
7924	189 
7925	86 
7926	54 
7927	23 
7928	168 
7929	159 
7930	205 
7931	16 
7932	88 
7933	192 
7934	237 
7935	64 
7936	189 
7937	1 
7938	75 
7939	161 
7940	203 
7941	119 
7942	119 
7943	66 
7944	106 
7945	223 
7946	60 
7947	216 
7948	51 
7949	230 
7950	184 
7951	103 
7952	79 
7953	222 
7954	86 
7955	224 
7956	94 
7957	63 
7958	91 
7959	121 
7960	216 
7961	90 
7962	40 
7963	171 
7964	199 
7965	183 
7966	51 
7967	76 
7968	69 
7969	78 
7970	54 
7971	38 
7972	192 
7973	54 
7974	5 
7975	73 
7976	107 
7977	168 
7978	101 
7979	225 
7980	14 
7981	212 
7982	176 
7983	149 
7984	55 
7985	120 
7986	219 
7987	188 
7988	137 
7989	93 
7990	21 
7991	198 
7992	49 
7993	186 
7994	226 
7995	143 
7996	237 
7997	64 
7998	184 
7999	89 
8000	212 
8001	169 
8002	174 
8003	120 
8004	33 
8005	129 
8006	47 
8007	5 
8008	176 
8009	4 
8010	147 
8011	2 
8012	216 
8013	117 
8014	69 
8015	191 
8016	87 
8017	24 
8018	144 
8019	55 
8020	76 
8021	237 
8022	51 
8023	129 
8024	200 
8025	219 
8026	165 
8027	161 
8028	149 
8029	19 
8030	168 
8031	155 
8032	145 
8033	58 
8034	148 
8035	76 
8036	36 
8037	101 
8038	121 
8039	81 
8040	76 
8041	145 
8042	184 
8043	91 
8044	93 
8045	152 
8046	176 
8047	48 
8048	136 
8049	129 
8050	173 
8051	38 
8052	70 
8053	54 
8054	10 
8055	121 
8056	137 
8057	106 
8058	23 
8059	10 
8060	188 
8061	143 
8062	72 
8063	74 
8064	181 
8065	144 
8066	90 
8067	178 
8068	161 
8069	75 
8070	81 
8071	204 
8072	88 
8073	81 
8074	212 
8075	57 
8076	106 
8077	45 
8078	169 
8079	203 
8080	119 
8081	91 
8082	227 
8083	192 
8084	200 
8085	206 
8086	191 
8087	191 
8088	169 
8089	147 
8090	214 
8091	201 
8092	212 
8093	74 
8094	157 
8095	224 
8096	76 
8097	149 
8098	93 
8099	48 
8100	92 
8101	93 
8102	66 
8103	222 
8104	76 
8105	198 
8106	9 
8107	93 
8108	199 
8109	58 
8110	117 
8111	69 
8112	229 
8113	70 
8114	60 
8115	143 
8116	62 
8117	37 
8118	183 
8119	81 
8120	21 
8121	2 
8122	41 
8123	215 
8124	191 
8125	222 
8126	76 
8127	165 
8128	90 
8129	215 
8130	206 
8131	215 
8132	194 
8133	65 
8134	126 
8135	74 
8136	135 
8137	98 
8138	101 
8139	189 
8140	200 
8141	212 
8142	99 
8143	232 
8144	161 
8145	81 
8146	76 
8147	228 
8148	91 
8149	227 
8150	45 
8151	36 
8152	215 
8153	91 
8154	47 
8155	84 
8156	48 
8157	52 
8158	127 
8159	4 
8160	183 
8161	216 
8162	107 
8163	30 
8164	54 
8165	198 
8166	65 
8167	99 
8168	91 
8169	24 
8170	186 
8171	103 
8172	87 
8173	117 
8174	221 
8175	75 
8176	154 
8177	120 
8178	176 
8179	86 
8180	106 
8181	178 
8182	221 
8183	178 
8184	71 
8185	47 
8186	48 
8187	74 
8188	10 
8189	52 
8190	48 
8191	104 
8192	155 
8193	100 
8194	26 
8195	21 
8196	205 
8197	233 
8198	148 
8199	230 
8200	181 
8201	119 
8202	234 
8203	62 
8204	86 
8205	178 
8206	176 
8207	4 
8208	176 
8209	165 
8210	212 
8211	173 
8212	72 
8213	147 
8214	230 
8215	120 
8216	63 
8217	224 
8218	234 
8219	47 
8220	147 
8221	90 
8222	49 
8223	169 
8224	75 
8225	62 
8226	90 
8227	136 
8228	143 
8229	2 
8230	44 
8231	94 
8232	156 
8233	83 
8234	106 
8235	87 
8236	141 
8237	49 
8238	60 
8239	32 
8240	47 
8241	4 
8242	120 
8243	55 
8244	220 
8245	189 
8246	91 
8247	54 
8248	174 
8249	55 
8250	93 
8251	228 
8252	5 
8253	174 
8254	26 
8255	59 
8256	21 
8257	64 
8258	220 
8259	89 
8260	120 
8261	117 
8262	169 
8263	1 
8264	2 
8265	64 
8266	63 
8267	121 
8268	168 
8269	59 
8270	108 
8271	73 
8272	120 
8273	14 
8274	205 
8275	55 
8276	24 
8277	203 
8278	201 
8279	4 
8280	98 
8281	26 
8282	104 
8283	224 
8284	159 
8285	82 
8286	143 
8287	21 
8288	81 
8289	86 
8290	63 
8291	232 
8292	64 
8293	90 
8294	234 
8295	121 
8296	199 
8297	45 
8298	94 
8299	57 
8300	148 
8301	232 
8302	165 
8303	188 
8304	191 
8305	30 
8306	144 
8307	140 
8308	121 
8309	62 
8310	206 
8311	76 
8312	136 
8313	90 
8314	21 
8315	72 
8316	224 
8317	230 
8318	106 
8319	171 
8320	52 
8321	179 
8322	9 
8323	233 
8324	170 
8325	29 
8326	72 
8327	160 
8328	4 
8329	93 
8330	215 
8331	49 
8332	4 
8333	107 
8334	33 
8335	171 
8336	30 
8337	54 
8338	136 
8339	119 
8340	188 
8341	188 
8342	145 
8343	49 
8344	2 
8345	214 
8346	214 
8347	74 
8348	117 
8349	87 
8350	224 
8351	206 
8352	127 
8353	9 
8354	157 
8355	45 
8356	51 
8357	4 
8358	64 
8359	91 
8360	90 
8361	215 
8362	170 
8363	19 
8364	40 
8365	143 
8366	74 
8367	161 
8368	81 
8369	169 
8370	74 
8371	14 
8372	41 
8373	205 
8374	90 
8375	190 
8376	14 
8377	206 
8378	194 
8379	81 
8380	6 
8381	165 
8382	81 
8383	93 
8384	136 
8385	93 
8386	234 
8387	229 
8388	224 
8389	148 
8390	90 
8391	58 
8392	81 
8393	37 
8394	180 
8395	170 
8396	120 
8397	200 
8398	180 
8399	179 
8400	161 
8401	203 
8402	26 
8403	106 
8404	221 
8405	157 
8406	29 
8407	100 
8408	106 
8409	140 
8410	47 
8411	164 
8412	190 
8413	143 
8414	74 
8415	157 
8416	120 
8417	63 
8418	21 
8419	216 
8420	128 
8421	63 
8422	173 
8423	141 
8424	44 
8425	178 
8426	52 
8427	216 
8428	99 
8429	62 
8430	141 
8431	119 
8432	69 
8433	119 
8434	52 
8435	179 
8436	160 
8437	201 
8438	203 
8439	216 
8440	87 
8441	73 
8442	180 
8443	230 
8444	148 
8445	165 
8446	83 
8447	221 
8448	230 
8449	60 
8450	171 
8451	203 
8452	170 
8453	189 
8454	19 
8455	230 
8456	63 
8457	55 
8458	78 
8459	206 
8460	176 
8461	36 
8462	188 
8463	160 
8464	94 
8465	104 
8466	176 
8467	4 
8468	70 
8469	161 
8470	107 
8471	69 
8472	228 
8473	16 
8474	92 
8475	45 
8476	73 
8477	79 
8478	156 
8479	83 
8480	41 
8481	191 
8482	44 
8483	98 
8484	81 
8485	99 
8486	137 
8487	161 
8488	26 
8489	47 
8490	214 
8491	37 
8492	106 
8493	141 
8494	98 
8495	59 
8496	103 
8497	141 
8498	91 
8499	199 
8500	176 
8501	200 
8502	52 
8503	81 
8504	143 
8505	128 
8506	149 
8507	65 
8508	5 
8509	234 
8510	189 
8511	149 
8512	16 
8513	72 
8514	72 
8515	33 
8516	6 
8517	19 
8518	184 
8519	21 
8520	55 
8521	141 
8522	229 
8523	128 
8524	170 
8525	205 
8526	143 
8527	76 
8528	237 
8529	144 
8530	126 
8531	52 
8532	184 
8533	137 
8534	104 
8535	190 
8536	106 
8537	129 
8538	91 
8539	48 
8540	233 
8541	148 
8542	180 
8543	215 
8544	71 
8545	221 
8546	70 
8547	128 
8548	64 
8549	73 
8550	93 
8551	203 
8552	52 
8553	83 
8554	234 
8555	32 
8556	178 
8557	10 
8558	90 
8559	71 
8560	223 
8561	102 
8562	141 
8563	154 
8564	90 
8565	99 
8566	16 
8567	55 
8568	157 
8569	94 
8570	98 
8571	89 
8572	141 
8573	70 
8574	83 
8575	128 
8576	120 
8577	1 
8578	129 
8579	200 
8580	21 
8581	214 
8582	188 
8583	41 
8584	94 
8585	72 
8586	9 
8587	126 
8588	190 
8589	205 
8590	108 
8591	90 
8592	230 
8593	178 
8594	47 
8595	233 
8596	72 
8597	73 
8598	143 
8599	127 
8600	181 
8601	70 
8602	14 
8603	108 
8604	92 
8605	74 
8606	140 
8607	51 
8608	24 
8609	140 
8610	72 
8611	147 
8612	206 
8613	60 
8614	234 
8615	24 
8616	99 
8617	128 
8618	165 
8619	69 
8620	160 
8621	52 
8622	89 
8623	145 
8624	106 
8625	220 
8626	186 
8627	119 
8628	184 
8629	188 
8630	81 
8631	233 
8632	2 
8633	79 
8634	137 
8635	49 
8636	104 
8637	79 
8638	86 
8639	128 
8640	86 
8641	169 
8642	119 
8643	179 
8644	52 
8645	119 
8646	76 
8647	104 
8648	189 
8649	37 
8650	93 
8651	66 
8652	102 
8653	2 
8654	4 
8655	62 
8656	168 
8657	70 
8658	55 
8659	40 
8660	176 
8661	24 
8662	229 
8663	78 
8664	92 
8665	48 
8666	59 
8667	189 
8668	144 
8669	173 
8670	62 
8671	191 
8672	84 
8673	1 
8674	156 
8675	60 
8676	47 
8677	16 
8678	59 
8679	190 
8680	45 
8681	103 
8682	178 
8683	180 
8684	87 
8685	73 
8686	183 
8687	64 
8688	225 
8689	104 
8690	102 
8691	179 
8692	44 
8693	37 
8694	40 
8695	84 
8696	75 
8697	55 
8698	173 
8699	148 
8700	4 
8701	41 
8702	154 
8703	168 
8704	203 
8705	200 
8706	64 
8707	237 
8708	181 
8709	76 
8710	141 
8711	9 
8712	144 
8713	141 
8714	229 
8715	4 
8716	19 
8717	14 
8718	64 
8719	120 
8720	141 
8721	214 
8722	183 
8723	221 
8724	161 
8725	144 
8726	188 
8727	78 
8728	16 
8729	91 
8730	24 
8731	37 
8732	106 
8733	186 
8734	81 
8735	186 
8736	6 
8737	104 
8738	187 
8739	99 
8740	74 
8741	178 
8742	159 
8743	19 
8744	230 
8745	44 
8746	106 
8747	76 
8748	40 
8749	99 
8750	103 
8751	4 
8752	205 
8753	32 
8754	221 
8755	161 
8756	135 
8757	1 
8758	83 
8759	98 
8760	188 
8761	81 
8762	120 
8763	10 
8764	157 
8765	203 
8766	144 
8767	214 
8768	156 
8769	154 
8770	156 
8771	73 
8772	10 
8773	229 
8774	178 
8775	147 
8776	54 
8777	206 
8778	63 
8779	55 
8780	189 
8781	220 
8782	173 
8783	201 
8784	76 
8785	14 
8786	45 
8787	81 
8788	89 
8789	229 
8790	57 
8791	44 
8792	44 
8793	191 
8794	201 
8795	206 
8796	82 
8797	19 
8798	64 
8799	76 
8800	66 
8801	171 
8802	107 
8803	237 
8804	188 
8805	188 
8806	14 
8807	170 
8808	66 
8809	55 
8810	203 
8811	214 
8812	73 
8813	178 
8814	179 
8815	82 
8816	16 
8817	93 
8818	6 
8819	14 
8820	161 
8821	91 
8822	135 
8823	81 
8824	157 
8825	201 
8826	79 
8827	176 
8828	129 
8829	48 
8830	82 
8831	47 
8832	203 
8833	90 
8834	234 
8835	180 
8836	48 
8837	165 
8838	233 
8839	129 
8840	89 
8841	51 
8842	106 
8843	212 
8844	84 
8845	234 
8846	63 
8847	189 
8848	189 
8849	81 
8850	106 
8851	141 
8852	178 
8853	225 
8854	179 
8855	45 
8856	87 
8857	178 
8858	161 
8859	179 
8860	60 
8861	225 
8862	16 
8863	41 
8864	189 
8865	190 
8866	106 
8867	74 
8868	220 
8869	64 
8870	82 
8871	186 
8872	65 
8873	145 
8874	119 
8875	157 
8876	199 
8877	52 
8878	37 
8879	214 
8880	81 
8881	190 
8882	143 
8883	136 
8884	149 
8885	149 
8886	93 
8887	165 
8888	76 
8889	89 
8890	55 
8891	93 
8892	143 
8893	214 
8894	37 
8895	188 
8896	62 
8897	1 
8898	178 
8899	179 
8900	145 
8901	93 
8902	21 
8903	180 
8904	93 
8905	82 
8906	48 
8907	148 
8908	147 
8909	51 
8910	6 
8911	37 
8912	57 
8913	51 
8914	203 
8915	70 
8916	65 
8917	200 
8918	40 
8919	128 
8920	107 
8921	129 
8922	170 
8923	214 
8924	5 
8925	89 
8926	14 
8927	178 
8928	184 
8929	149 
8930	126 
8931	171 
8932	6 
8933	64 
8934	183 
8935	5 
8936	81 
8937	229 
8938	52 
8939	200 
8940	45 
8941	89 
8942	237 
8943	47 
8944	37 
8945	220 
8946	51 
8947	31 
8948	87 
8949	16 
8950	156 
8951	107 
8952	229 
8953	144 
8954	190 
8955	104 
8956	170 
8957	237 
8958	145 
8959	212 
8960	128 
8961	169 
8962	55 
8963	180 
8964	233 
8965	98 
8966	179 
8967	69 
8968	90 
8969	129 
8970	81 
8971	225 
8972	103 
8973	41 
8974	145 
8975	4 
8976	144 
8977	6 
8978	143 
8979	143 
8980	206 
8981	92 
8982	180 
8983	203 
8984	143 
8985	135 
8986	186 
8987	72 
8988	186 
8989	188 
8990	21 
8991	107 
8992	159 
8993	62 
8994	143 
8995	65 
8996	104 
8997	79 
8998	52 
8999	91 
9000	181 
9001	62 
9002	16 
9003	69 
9004	106 
9005	73 
9006	230 
9007	181 
9008	59 
9009	21 
9010	212 
9011	128 
9012	127 
9013	47 
9014	127 
9015	21 
9016	93 
9017	205 
9018	135 
9019	234 
9020	21 
9021	234 
9022	19 
9023	10 
9024	145 
9025	234 
9026	159 
9027	16 
9028	103 
9029	140 
9030	41 
9031	120 
9032	147 
9033	83 
9034	170 
9035	4 
9036	79 
9037	21 
9038	157 
9039	98 
9040	165 
9041	51 
9042	144 
9043	64 
9044	16 
9045	82 
9046	33 
9047	55 
9048	81 
9049	178 
9050	73 
9051	31 
9052	76 
9053	140 
9054	54 
9055	179 
9056	229 
9057	200 
9058	220 
9059	106 
9060	89 
9061	178 
9062	45 
9063	49 
9064	229 
9065	186 
9066	145 
9067	135 
9068	234 
9069	65 
9070	230 
9071	33 
9072	1 
9073	99 
9074	159 
9075	170 
9076	103 
9077	55 
9078	74 
9079	73 
9080	184 
9081	214 
9082	237 
9083	107 
9084	76 
9085	45 
9086	176 
9087	230 
9088	103 
9089	64 
9090	49 
9091	119 
9092	92 
9093	49 
9094	47 
9095	135 
9096	66 
9097	63 
9098	103 
9099	103 
9100	21 
9101	104 
9102	161 
9103	87 
9104	186 
9105	98 
9106	31 
9107	79 
9108	40 
9109	135 
9110	21 
9111	203 
9112	91 
9113	141 
9114	59 
9115	76 
9116	33 
9117	21 
9118	52 
9119	87 
9120	141 
9121	5 
9122	72 
9123	201 
9124	230 
9125	220 
9126	127 
9127	48 
9128	119 
9129	220 
9130	47 
9131	117 
9132	54 
9133	54 
9134	90 
9135	44 
9136	188 
9137	144 
9138	73 
9139	148 
9140	64 
9141	59 
9142	106 
9143	179 
9144	69 
9145	104 
9146	184 
9147	92 
9148	214 
9149	229 
9150	24 
9151	230 
9152	128 
9153	60 
9154	215 
9155	66 
9156	88 
9157	70 
9158	19 
9159	229 
9160	44 
9161	144 
9162	234 
9163	1 
9164	63 
9165	190 
9166	183 
9167	203 
9168	6 
9169	120 
9170	141 
9171	89 
9172	107 
9173	233 
9174	88 
9175	179 
9176	14 
9177	206 
9178	145 
9179	186 
9180	81 
9181	188 
9182	98 
9183	63 
9184	173 
9185	104 
9186	206 
9187	205 
9188	64 
9189	234 
9190	144 
9191	16 
9192	16 
9193	143 
9194	200 
9195	203 
9196	206 
9197	179 
9198	69 
9199	64 
9200	91 
9201	215 
9202	54 
9203	93 
9204	216 
9205	184 
9206	82 
9207	63 
9208	203 
9209	147 
9210	107 
9211	190 
9212	183 
9213	94 
9214	168 
9215	88 
9216	143 
9217	161 
9218	91 
9219	216 
9220	107 
9221	89 
9222	215 
9223	191 
9224	73 
9225	76 
9226	60 
9227	4 
9228	171 
9229	189 
9230	82 
9231	161 
9232	44 
9233	90 
9234	216 
9235	24 
9236	188 
9237	89 
9238	229 
9239	229 
9240	51 
9241	148 
9242	149 
9243	1 
9244	119 
9245	74 
9246	141 
9247	189 
9248	10 
9249	126 
9250	31 
9251	128 
9252	149 
9253	74 
9254	234 
9255	107 
9256	186 
9257	19 
9258	55 
9259	81 
9260	145 
9261	55 
9262	126 
9263	91 
9264	98 
9265	45 
9266	200 
9267	143 
9268	106 
9269	33 
9270	81 
9271	145 
9272	188 
9273	149 
9274	74 
9275	64 
9276	55 
9277	76 
9278	145 
9279	183 
9280	169 
9281	215 
9282	79 
9283	89 
9284	106 
9285	184 
9286	98 
9287	31 
9288	144 
9289	120 
9290	117 
9291	94 
9292	189 
9293	49 
9294	203 
9295	37 
9296	81 
9297	216 
9298	93 
9299	141 
9300	70 
9301	93 
9302	74 
9303	69 
9304	186 
9305	73 
9306	200 
9307	190 
9308	220 
9309	233 
9310	170 
9311	41 
9312	72 
9313	216 
9314	72 
9315	205 
9316	94 
9317	66 
9318	144 
9319	1 
9320	45 
9321	4 
9322	1 
9323	229 
9324	214 
9325	103 
9326	141 
9327	120 
9328	65 
9329	72 
9330	88 
9331	63 
9332	143 
9333	143 
9334	169 
9335	106 
9336	1 
9337	62 
9338	69 
9339	119 
9340	183 
9341	189 
9342	54 
9343	234 
9344	72 
9345	237 
9346	81 
9347	170 
9348	49 
9349	72 
9350	63 
9351	184 
9352	65 
9353	147 
9354	145 
9355	200 
9356	70 
9357	47 
9358	70 
9359	119 
9360	64 
9361	93 
9362	33 
9363	70 
9364	169 
9365	19 
9366	229 
9367	188 
9368	37 
9369	91 
9370	188 
9371	147 
9372	49 
9373	66 
9374	60 
9375	141 
9376	59 
9377	47 
9378	72 
9379	72 
9380	148 
9381	48 
9382	141 
9383	65 
9384	220 
9385	92 
9386	76 
9387	52 
9388	237 
9389	186 
9390	106 
9391	184 
9392	106 
9393	74 
9394	169 
9395	51 
9396	65 
9397	171 
9398	63 
9399	145 
9400	214 
9401	59 
9402	64 
9403	41 
9404	186 
9405	98 
9406	5 
9407	205 
9408	184 
9409	229 
9410	37 
9411	89 
9412	119 
9413	143 
9414	141 
9415	81 
9416	5 
9417	178 
9418	52 
9419	47 
9420	49 
9421	170 
9422	60 
9423	47 
9424	183 
9425	191 
9426	99 
9427	54 
9428	178 
9429	156 
9430	173 
9431	99 
9432	178 
9433	128 
9434	176 
9435	144 
9436	24 
9437	33 
9438	72 
9439	103 
9440	65 
9441	156 
9442	89 
9443	233 
9444	183 
9445	169 
9446	156 
9447	169 
9448	148 
9449	144 
9450	126 
9451	73 
9452	203 
9453	184 
9454	107 
9455	69 
9456	74 
9457	74 
9458	90 
9459	19 
9460	48 
9461	99 
9462	169 
9463	141 
9464	16 
9465	144 
9466	103 
9467	117 
9468	94 
9469	94 
9470	186 
9471	45 
9472	170 
9473	229 
9474	60 
9475	234 
9476	191 
9477	94 
9478	169 
9479	90 
9480	4 
9481	69 
9482	214 
9483	37 
9484	141 
9485	144 
9486	176 
9487	128 
9488	19 
9489	19 
9490	64 
9491	107 
9492	119 
9493	141 
9494	63 
9495	52 
9496	93 
9497	173 
9498	106 
9499	81 
9500	183 
9501	21 
9502	203 
9503	5 
9504	48 
9505	92 
9506	76 
9507	186 
9508	205 
9509	63 
9510	103 
9511	188 
9512	119 
9513	81 
9514	190 
9515	16 
9516	169 
9517	70 
9518	70 
9519	70 
9520	233 
9521	16 
9522	184 
9523	171 
9524	144 
9525	190 
9526	135 
9527	76 
9528	148 
9529	234 
9530	4 
9531	184 
9532	6 
9533	21 
9534	203 
9535	178 
9536	230 
9537	220 
9538	33 
9539	183 
9540	180 
9541	69 
9542	91 
9543	81 
9544	104 
9545	104 
9546	178 
9547	52 
9548	55 
9549	49 
9550	141 
9551	230 
9552	214 
9553	90 
9554	47 
9555	74 
9556	230 
9557	37 
9558	69 
9559	107 
9560	21 
9561	55 
9562	4 
9563	1 
9564	216 
9565	33 
9566	93 
9567	184 
9568	63 
9569	79 
9570	63 
9571	21 
9572	203 
9573	72 
9574	51 
9575	128 
9576	70 
9577	4 
9578	59 
9579	33 
9580	200 
9581	59 
9582	16 
9583	51 
9584	103 
9585	16 
9586	206 
9587	203 
9588	31 
9589	74 
9590	178 
9591	188 
9592	69 
9593	184 
9594	4 
9595	145 
9596	90 
9597	183 
9598	94 
9599	179 
9600	81 
9601	180 
9602	120 
9603	144 
9604	63 
9605	143 
9606	52 
9607	230 
9608	99 
9609	59 
9610	72 
9611	206 
9612	119 
9613	63 
9614	183 
9615	69 
9616	48 
9617	178 
9618	5 
9619	188 
9620	144 
9621	170 
9622	16 
9623	47 
9624	206 
9625	141 
9626	179 
9627	178 
9628	176 
9629	63 
9630	69 
9631	189 
9632	189 
9633	74 
9634	72 
9635	93 
9636	99 
9637	16 
9638	171 
9639	220 
9640	54 
9641	47 
9642	128 
9643	169 
9644	72 
9645	117 
9646	49 
9647	21 
9648	52 
9649	141 
9650	65 
9651	99 
9652	98 
9653	107 
9654	81 
9655	21 
9656	176 
9657	189 
9658	16 
9659	5 
9660	141 
9661	178 
9662	59 
9663	186 
9664	76 
9665	31 
9666	31 
9667	143 
9668	21 
9669	156 
9670	24 
9671	184 
9672	16 
9673	99 
9674	19 
9675	230 
9676	89 
9677	176 
9678	171 
9679	93 
9680	52 
9681	148 
9682	31 
9683	173 
9684	190 
9685	49 
9686	64 
9687	200 
9688	103 
9689	186 
9690	119 
9691	179 
9692	64 
9693	90 
9694	141 
9695	91 
9696	230 
9697	76 
9698	183 
9699	76 
9700	178 
9701	170 
9702	21 
9703	180 
9704	103 
9705	21 
9706	103 
9707	54 
9708	65 
9709	63 
9710	55 
9711	76 
9712	206 
9713	49 
9714	59 
9715	19 
9716	16 
9717	37 
9718	145 
9719	1 
9720	73 
9721	190 
9722	93 
9723	90 
9724	148 
9725	73 
9726	37 
9727	93 
9728	171 
9729	48 
9730	234 
9731	48 
9732	5 
9733	48 
9734	107 
9735	188 
9736	69 
9737	145 
9738	120 
9739	54 
9740	176 
9741	188 
9742	81 
9743	59 
9744	128 
9745	144 
9746	76 
9747	173 
9748	5 
9749	117 
9750	60 
9751	72 
9752	65 
9753	81 
9754	203 
9755	69 
9756	141 
9757	186 
9758	176 
9759	47 
9760	141 
9761	65 
9762	143 
9763	229 
9764	148 
9765	144 
9766	59 
9767	184 
9768	19 
9769	52 
9770	176 
9771	203 
9772	60 
9773	59 
9774	48 
9775	59 
9776	59 
9777	16 
9778	145 
9779	203 
9780	72 
9781	69 
9782	55 
9783	200 
9784	179 
9785	103 
9786	54 
9787	119 
9788	48 
9789	119 
9790	189 
9791	31 
9792	70 
9793	188 
9794	188 
9795	148 
9796	170 
9797	51 
9798	145 
9799	128 
9800	49 
9801	48 
9802	47 
9803	179 
9804	63 
9805	170 
9806	189 
9807	70 
9808	64 
9809	73 
9810	214 
9811	188 
9812	63 
9813	55 
9814	107 
9815	176 
9816	51 
9817	188 
9818	176 
9819	63 
9820	106 
9821	91 
9822	184 
9823	234 
9824	145 
9825	76 
9826	81 
9827	106 
9828	156 
9829	54 
9830	200 
9831	156 
9832	73 
9833	186 
9834	229 
9835	104 
9836	73 
9837	214 
9838	176 
9839	91 
9840	178 
9841	200 
9842	49 
9843	184 
9844	143 
9845	65 
9846	70 
9847	16 
9848	230 
9849	59 
9850	64 
9851	74 
9852	171 
9853	1 
9854	200 
9855	103 
9856	203 
9857	69 
9858	229 
9859	1 
9860	229 
9861	119 
9862	63 
9863	81 
9864	183 
9865	200 
9866	143 
9867	51 
9868	143 
9869	203 
9870	220 
9871	229 
9872	63 
9873	184 
9874	104 
9875	19 
9876	4 
9877	103 
9878	65 
9879	73 
9880	64 
9881	176 
9882	76 
9883	4 
9884	63 
9885	200 
9886	37 
9887	104 
9888	64 
9889	106 
9890	104 
9891	52 
9892	106 
9893	76 
9894	176 
9895	103 
9896	106 
9897	141 
9898	186 
9899	64 
9900	89 
9901	188 
9902	176 
9903	72 
9904	47 
9905	74 
9906	47 
9907	65 
9908	31 
9909	176 
9910	89 
9911	16 
9912	74 
9913	176 
9914	16 
9915	52 
9916	47 
9917	220 
9918	72 
9919	89 
9920	145 
9921	55 
9922	119 
9923	91 
9924	91 
9925	89 
9926	104 
9927	69 
9928	48 
9929	220 
9930	106 
9931	170 
9932	183 
9933	52 
9934	64 
9935	76 
9936	119 
9937	234 
9938	52 
9939	89 
9940	76 
9941	183 
9942	4 
9943	145 
9944	89 
9945	52 
9946	63 
9947	128 
9948	48 
9949	214 
9950	186 
9951	69 
9952	59 
9953	49 
9954	63 
9955	203 
9956	107 
9957	74 
9958	4 
9959	203 
9960	107 
9961	141 
9962	81 
9963	59 
9964	48 
9965	59 
9966	93 
9967	143 
9968	55 
9969	81 
9970	1 
9971	63 
9972	89 
9973	145 
9974	144 
9975	73 
9976	91 
9977	4 
9978	107 
9979	200 
9980	49 
9981	184 
9982	170 
9983	183 
9984	176 
9985	104 
9986	200 
9987	103 
9988	4 
9989	141 
9990	91 
9991	188 
9992	141 
9993	89 
9994	93 
9995	148 
9996	81 
9997	144 
9998	63 
9999	55 
10000	200 
