1	281 
2	187 
3	192 
4	273 
5	215 
6	159 
7	12 
8	24 
9	96 
10	141 
11	247 
12	138 
13	108 
14	126 
15	266 
16	264 
17	136 
18	46 
19	140 
20	79 
21	261 
22	150 
23	139 
24	238 
25	29 
26	273 
27	275 
28	281 
29	63 
30	146 
31	202 
32	156 
33	141 
34	150 
35	263 
36	232 
37	173 
38	181 
39	82 
40	41 
41	77 
42	251 
43	77 
44	236 
45	181 
46	141 
47	273 
48	128 
49	79 
50	50 
51	205 
52	278 
53	278 
54	270 
55	262 
56	206 
57	31 
58	253 
59	13 
60	11 
61	110 
62	166 
63	214 
64	248 
65	260 
66	7 
67	135 
68	86 
69	283 
70	150 
71	192 
72	82 
73	80 
74	25 
75	285 
76	146 
77	37 
78	243 
79	82 
80	124 
81	68 
82	152 
83	222 
84	76 
85	206 
86	63 
87	253 
88	48 
89	213 
90	68 
91	269 
92	224 
93	176 
94	261 
95	33 
96	13 
97	244 
98	48 
99	112 
100	287 
101	67 
102	58 
103	154 
104	60 
105	31 
106	201 
107	112 
108	285 
109	139 
110	121 
111	114 
112	79 
113	38 
114	16 
115	11 
116	178 
117	224 
118	170 
119	245 
120	240 
121	189 
122	206 
123	256 
124	275 
125	139 
126	167 
127	59 
128	156 
129	274 
130	272 
131	285 
132	110 
133	91 
134	88 
135	253 
136	209 
137	113 
138	47 
139	169 
140	90 
141	133 
142	248 
143	25 
144	26 
145	83 
146	277 
147	218 
148	124 
149	286 
150	38 
151	177 
152	16 
153	107 
154	79 
155	24 
156	147 
157	82 
158	202 
159	113 
160	143 
161	81 
162	249 
163	129 
164	77 
165	216 
166	125 
167	268 
168	177 
169	208 
170	267 
171	127 
172	164 
173	238 
174	250 
175	121 
176	30 
177	156 
178	254 
179	176 
180	85 
181	260 
182	173 
183	37 
184	154 
185	264 
186	218 
187	250 
188	104 
189	134 
190	104 
191	267 
192	56 
193	67 
194	101 
195	174 
196	43 
197	99 
198	44 
199	262 
200	276 
201	78 
202	41 
203	204 
204	277 
205	287 
206	154 
207	75 
208	265 
209	3 
210	274 
211	188 
212	248 
213	18 
214	249 
215	36 
216	271 
217	141 
218	243 
219	109 
220	254 
221	139 
222	287 
223	147 
224	156 
225	105 
226	194 
227	178 
228	280 
229	262 
230	263 
231	81 
232	207 
233	7 
234	207 
235	273 
236	219 
237	136 
238	73 
239	274 
240	126 
241	130 
242	268 
243	89 
244	252 
245	270 
246	116 
247	6 
248	195 
249	86 
250	181 
251	195 
252	203 
253	81 
254	273 
255	223 
256	33 
257	269 
258	133 
259	56 
260	273 
261	149 
262	271 
263	268 
264	275 
265	120 
266	60 
267	46 
268	185 
269	243 
270	86 
271	273 
272	19 
273	69 
274	46 
275	41 
276	238 
277	161 
278	273 
279	283 
280	268 
281	211 
282	9 
283	206 
284	204 
285	194 
286	148 
287	175 
288	176 
289	11 
290	191 
291	66 
292	136 
293	144 
294	259 
295	121 
296	57 
297	194 
298	2 
299	285 
300	270 
301	220 
302	80 
303	79 
304	63 
305	180 
306	101 
307	42 
308	273 
309	58 
310	201 
311	28 
312	179 
313	166 
314	74 
315	148 
316	15 
317	275 
318	81 
319	173 
320	120 
321	287 
322	181 
323	31 
324	2 
325	158 
326	284 
327	78 
328	81 
329	66 
330	207 
331	192 
332	78 
333	7 
334	230 
335	170 
336	90 
337	49 
338	255 
339	45 
340	284 
341	174 
342	107 
343	160 
344	73 
345	4 
346	82 
347	181 
348	134 
349	149 
350	268 
351	184 
352	286 
353	138 
354	75 
355	109 
356	215 
357	50 
358	275 
359	41 
360	198 
361	214 
362	140 
363	265 
364	174 
365	183 
366	117 
367	138 
368	162 
369	3 
370	178 
371	76 
372	126 
373	33 
374	262 
375	194 
376	124 
377	69 
378	123 
379	10 
380	162 
381	64 
382	97 
383	81 
384	28 
385	92 
386	238 
387	213 
388	182 
389	195 
390	250 
391	75 
392	190 
393	1 
394	229 
395	185 
396	275 
397	63 
398	146 
399	69 
400	254 
401	269 
402	219 
403	248 
404	56 
405	125 
406	5 
407	72 
408	63 
409	43 
410	205 
411	277 
412	255 
413	110 
414	34 
415	18 
416	110 
417	283 
418	182 
419	180 
420	116 
421	184 
422	20 
423	212 
424	50 
425	192 
426	34 
427	270 
428	275 
429	113 
430	87 
431	112 
432	77 
433	151 
434	106 
435	70 
436	193 
437	96 
438	265 
439	30 
440	142 
441	270 
442	207 
443	18 
444	274 
445	70 
446	202 
447	287 
448	28 
449	221 
450	185 
451	287 
452	126 
453	135 
454	105 
455	119 
456	169 
457	64 
458	32 
459	97 
460	116 
461	235 
462	164 
463	264 
464	74 
465	179 
466	13 
467	61 
468	27 
469	94 
470	35 
471	21 
472	10 
473	144 
474	100 
475	236 
476	29 
477	169 
478	54 
479	113 
480	14 
481	260 
482	165 
483	53 
484	281 
485	233 
486	75 
487	248 
488	4 
489	188 
490	12 
491	110 
492	266 
493	196 
494	80 
495	125 
496	255 
497	138 
498	194 
499	20 
500	269 
501	137 
502	188 
503	257 
504	237 
505	226 
506	78 
507	96 
508	38 
509	184 
510	137 
511	257 
512	258 
513	13 
514	107 
515	70 
516	35 
517	251 
518	229 
519	137 
520	271 
521	88 
522	57 
523	264 
524	47 
525	60 
526	263 
527	215 
528	79 
529	195 
530	150 
531	145 
532	131 
533	24 
534	229 
535	142 
536	39 
537	149 
538	100 
539	206 
540	67 
541	143 
542	3 
543	67 
544	216 
545	223 
546	71 
547	69 
548	230 
549	131 
550	194 
551	270 
552	56 
553	91 
554	240 
555	80 
556	218 
557	268 
558	70 
559	278 
560	45 
561	210 
562	145 
563	281 
564	82 
565	63 
566	39 
567	67 
568	1 
569	14 
570	90 
571	253 
572	56 
573	200 
574	130 
575	216 
576	54 
577	130 
578	103 
579	92 
580	46 
581	250 
582	62 
583	71 
584	12 
585	185 
586	75 
587	19 
588	284 
589	221 
590	282 
591	221 
592	220 
593	163 
594	81 
595	237 
596	63 
597	235 
598	193 
599	276 
600	181 
601	92 
602	125 
603	132 
604	90 
605	86 
606	274 
607	230 
608	123 
609	214 
610	28 
611	130 
612	155 
613	144 
614	157 
615	94 
616	150 
617	282 
618	115 
619	48 
620	71 
621	158 
622	195 
623	285 
624	269 
625	264 
626	46 
627	110 
628	211 
629	111 
630	26 
631	243 
632	114 
633	101 
634	58 
635	230 
636	124 
637	16 
638	276 
639	81 
640	92 
641	84 
642	71 
643	2 
644	123 
645	164 
646	263 
647	203 
648	59 
649	107 
650	100 
651	112 
652	137 
653	235 
654	235 
655	15 
656	72 
657	192 
658	186 
659	113 
660	221 
661	161 
662	225 
663	3 
664	225 
665	246 
666	161 
667	71 
668	278 
669	108 
670	176 
671	84 
672	265 
673	2 
674	130 
675	85 
676	206 
677	108 
678	164 
679	215 
680	74 
681	244 
682	86 
683	140 
684	230 
685	280 
686	152 
687	64 
688	26 
689	113 
690	96 
691	108 
692	121 
693	33 
694	10 
695	278 
696	220 
697	211 
698	176 
699	206 
700	161 
701	115 
702	38 
703	194 
704	170 
705	250 
706	128 
707	169 
708	286 
709	175 
710	153 
711	30 
712	273 
713	266 
714	270 
715	266 
716	204 
717	68 
718	76 
719	92 
720	211 
721	216 
722	124 
723	96 
724	195 
725	143 
726	113 
727	277 
728	115 
729	71 
730	139 
731	1 
732	24 
733	242 
734	141 
735	210 
736	161 
737	56 
738	277 
739	104 
740	25 
741	159 
742	248 
743	218 
744	36 
745	184 
746	23 
747	199 
748	95 
749	127 
750	247 
751	25 
752	177 
753	89 
754	120 
755	220 
756	148 
757	230 
758	172 
759	63 
760	245 
761	76 
762	150 
763	179 
764	32 
765	203 
766	79 
767	265 
768	247 
769	164 
770	51 
771	11 
772	23 
773	260 
774	139 
775	205 
776	164 
777	26 
778	49 
779	237 
780	88 
781	146 
782	169 
783	65 
784	163 
785	31 
786	169 
787	143 
788	93 
789	243 
790	158 
791	177 
792	279 
793	232 
794	188 
795	287 
796	187 
797	143 
798	105 
799	184 
800	102 
801	5 
802	168 
803	39 
804	185 
805	226 
806	33 
807	254 
808	6 
809	17 
810	129 
811	130 
812	37 
813	72 
814	239 
815	136 
816	188 
817	147 
818	103 
819	60 
820	93 
821	184 
822	113 
823	199 
824	195 
825	124 
826	209 
827	231 
828	62 
829	204 
830	3 
831	83 
832	179 
833	33 
834	132 
835	77 
836	92 
837	176 
838	279 
839	234 
840	251 
841	278 
842	284 
843	66 
844	287 
845	182 
846	84 
847	43 
848	155 
849	25 
850	285 
851	239 
852	238 
853	12 
854	175 
855	255 
856	138 
857	91 
858	218 
859	86 
860	40 
861	101 
862	274 
863	287 
864	196 
865	173 
866	263 
867	78 
868	191 
869	167 
870	195 
871	83 
872	24 
873	79 
874	233 
875	93 
876	77 
877	263 
878	208 
879	33 
880	89 
881	253 
882	246 
883	25 
884	196 
885	2 
886	57 
887	91 
888	219 
889	253 
890	53 
891	250 
892	206 
893	109 
894	68 
895	207 
896	51 
897	140 
898	91 
899	212 
900	265 
901	42 
902	284 
903	134 
904	223 
905	99 
906	202 
907	106 
908	87 
909	101 
910	60 
911	71 
912	85 
913	59 
914	147 
915	33 
916	220 
917	261 
918	124 
919	186 
920	41 
921	199 
922	262 
923	33 
924	151 
925	262 
926	170 
927	121 
928	211 
929	83 
930	105 
931	18 
932	130 
933	141 
934	196 
935	108 
936	118 
937	215 
938	67 
939	27 
940	237 
941	282 
942	25 
943	161 
944	164 
945	180 
946	88 
947	25 
948	197 
949	110 
950	11 
951	171 
952	104 
953	94 
954	43 
955	107 
956	211 
957	232 
958	79 
959	252 
960	71 
961	260 
962	86 
963	263 
964	215 
965	114 
966	183 
967	119 
968	261 
969	16 
970	46 
971	215 
972	167 
973	64 
974	82 
975	188 
976	256 
977	255 
978	135 
979	150 
980	3 
981	166 
982	84 
983	221 
984	240 
985	202 
986	119 
987	81 
988	88 
989	244 
990	130 
991	73 
992	56 
993	95 
994	13 
995	231 
996	261 
997	197 
998	97 
999	13 
1000	1 
1001	258 
1002	286 
1003	127 
1004	72 
1005	170 
1006	257 
1007	61 
1008	221 
1009	149 
1010	249 
1011	153 
1012	30 
1013	209 
1014	208 
1015	46 
1016	287 
1017	287 
1018	5 
1019	204 
1020	262 
1021	207 
1022	260 
1023	217 
1024	155 
1025	26 
1026	229 
1027	60 
1028	85 
1029	199 
1030	287 
1031	97 
1032	223 
1033	124 
1034	75 
1035	99 
1036	117 
1037	264 
1038	127 
1039	71 
1040	263 
1041	267 
1042	59 
1043	211 
1044	160 
1045	202 
1046	138 
1047	139 
1048	21 
1049	52 
1050	212 
1051	205 
1052	199 
1053	266 
1054	100 
1055	175 
1056	28 
1057	233 
1058	258 
1059	188 
1060	235 
1061	261 
1062	49 
1063	200 
1064	232 
1065	257 
1066	142 
1067	64 
1068	196 
1069	238 
1070	178 
1071	100 
1072	258 
1073	165 
1074	199 
1075	7 
1076	1 
1077	36 
1078	80 
1079	163 
1080	159 
1081	257 
1082	130 
1083	199 
1084	15 
1085	64 
1086	277 
1087	114 
1088	273 
1089	248 
1090	14 
1091	233 
1092	227 
1093	240 
1094	181 
1095	225 
1096	8 
1097	160 
1098	261 
1099	35 
1100	102 
1101	98 
1102	169 
1103	86 
1104	207 
1105	112 
1106	89 
1107	286 
1108	146 
1109	65 
1110	127 
1111	230 
1112	121 
1113	122 
1114	64 
1115	169 
1116	284 
1117	213 
1118	263 
1119	125 
1120	26 
1121	224 
1122	280 
1123	273 
1124	113 
1125	260 
1126	141 
1127	1 
1128	233 
1129	265 
1130	225 
1131	187 
1132	88 
1133	127 
1134	3 
1135	135 
1136	57 
1137	154 
1138	48 
1139	142 
1140	2 
1141	230 
1142	106 
1143	184 
1144	184 
1145	129 
1146	14 
1147	62 
1148	243 
1149	107 
1150	231 
1151	39 
1152	265 
1153	259 
1154	23 
1155	215 
1156	230 
1157	240 
1158	30 
1159	213 
1160	58 
1161	278 
1162	130 
1163	248 
1164	238 
1165	30 
1166	73 
1167	92 
1168	143 
1169	44 
1170	5 
1171	144 
1172	113 
1173	66 
1174	108 
1175	135 
1176	204 
1177	161 
1178	153 
1179	13 
1180	112 
1181	22 
1182	167 
1183	63 
1184	192 
1185	46 
1186	212 
1187	5 
1188	23 
1189	199 
1190	270 
1191	30 
1192	91 
1193	142 
1194	193 
1195	45 
1196	51 
1197	95 
1198	230 
1199	61 
1200	8 
1201	13 
1202	19 
1203	1 
1204	92 
1205	213 
1206	31 
1207	36 
1208	95 
1209	244 
1210	108 
1211	285 
1212	84 
1213	217 
1214	143 
1215	15 
1216	13 
1217	93 
1218	116 
1219	19 
1220	284 
1221	40 
1222	31 
1223	49 
1224	236 
1225	158 
1226	58 
1227	129 
1228	187 
1229	132 
1230	274 
1231	252 
1232	273 
1233	175 
1234	274 
1235	245 
1236	126 
1237	269 
1238	20 
1239	216 
1240	174 
1241	103 
1242	50 
1243	149 
1244	70 
1245	287 
1246	154 
1247	12 
1248	273 
1249	57 
1250	218 
1251	194 
1252	237 
1253	76 
1254	79 
1255	215 
1256	224 
1257	29 
1258	16 
1259	164 
1260	270 
1261	183 
1262	268 
1263	98 
1264	238 
1265	14 
1266	101 
1267	264 
1268	83 
1269	248 
1270	166 
1271	54 
1272	241 
1273	242 
1274	119 
1275	197 
1276	188 
1277	270 
1278	73 
1279	129 
1280	116 
1281	5 
1282	10 
1283	37 
1284	75 
1285	184 
1286	287 
1287	158 
1288	81 
1289	73 
1290	113 
1291	213 
1292	93 
1293	178 
1294	47 
1295	202 
1296	25 
1297	76 
1298	246 
1299	241 
1300	165 
1301	89 
1302	244 
1303	57 
1304	104 
1305	109 
1306	262 
1307	132 
1308	245 
1309	140 
1310	221 
1311	102 
1312	228 
1313	19 
1314	268 
1315	175 
1316	266 
1317	238 
1318	133 
1319	251 
1320	89 
1321	113 
1322	104 
1323	172 
1324	134 
1325	146 
1326	119 
1327	200 
1328	4 
1329	114 
1330	102 
1331	115 
1332	113 
1333	225 
1334	42 
1335	152 
1336	200 
1337	18 
1338	68 
1339	43 
1340	284 
1341	106 
1342	202 
1343	100 
1344	205 
1345	284 
1346	83 
1347	113 
1348	165 
1349	251 
1350	198 
1351	98 
1352	70 
1353	86 
1354	126 
1355	112 
1356	150 
1357	9 
1358	244 
1359	46 
1360	53 
1361	111 
1362	232 
1363	233 
1364	243 
1365	196 
1366	84 
1367	79 
1368	228 
1369	176 
1370	151 
1371	31 
1372	50 
1373	12 
1374	141 
1375	215 
1376	20 
1377	201 
1378	110 
1379	267 
1380	248 
1381	233 
1382	234 
1383	49 
1384	63 
1385	81 
1386	266 
1387	138 
1388	204 
1389	77 
1390	134 
1391	88 
1392	113 
1393	209 
1394	169 
1395	211 
1396	134 
1397	54 
1398	93 
1399	71 
1400	130 
1401	103 
1402	219 
1403	245 
1404	109 
1405	281 
1406	103 
1407	11 
1408	64 
1409	57 
1410	107 
1411	12 
1412	35 
1413	98 
1414	162 
1415	139 
1416	155 
1417	68 
1418	19 
1419	52 
1420	263 
1421	17 
1422	153 
1423	59 
1424	62 
1425	87 
1426	190 
1427	151 
1428	207 
1429	95 
1430	117 
1431	242 
1432	182 
1433	48 
1434	36 
1435	243 
1436	231 
1437	273 
1438	277 
1439	190 
1440	163 
1441	167 
1442	113 
1443	225 
1444	187 
1445	152 
1446	216 
1447	268 
1448	50 
1449	67 
1450	13 
1451	270 
1452	255 
1453	30 
1454	238 
1455	270 
1456	225 
1457	222 
1458	49 
1459	282 
1460	9 
1461	33 
1462	239 
1463	41 
1464	244 
1465	144 
1466	75 
1467	72 
1468	175 
1469	133 
1470	8 
1471	229 
1472	210 
1473	146 
1474	72 
1475	48 
1476	166 
1477	90 
1478	260 
1479	205 
1480	168 
1481	62 
1482	252 
1483	50 
1484	261 
1485	165 
1486	164 
1487	121 
1488	257 
1489	239 
1490	119 
1491	257 
1492	122 
1493	92 
1494	185 
1495	150 
1496	161 
1497	13 
1498	51 
1499	114 
1500	14 
1501	7 
1502	267 
1503	107 
1504	103 
1505	247 
1506	238 
1507	121 
1508	82 
1509	192 
1510	76 
1511	164 
1512	5 
1513	53 
1514	256 
1515	11 
1516	135 
1517	75 
1518	142 
1519	158 
1520	84 
1521	264 
1522	225 
1523	193 
1524	103 
1525	78 
1526	50 
1527	251 
1528	188 
1529	162 
1530	171 
1531	23 
1532	142 
1533	151 
1534	81 
1535	89 
1536	241 
1537	156 
1538	179 
1539	104 
1540	189 
1541	107 
1542	59 
1543	261 
1544	41 
1545	90 
1546	274 
1547	252 
1548	137 
1549	273 
1550	93 
1551	147 
1552	104 
1553	47 
1554	205 
1555	202 
1556	42 
1557	82 
1558	273 
1559	146 
1560	241 
1561	184 
1562	228 
1563	272 
1564	73 
1565	256 
1566	272 
1567	166 
1568	16 
1569	175 
1570	147 
1571	24 
1572	38 
1573	1 
1574	180 
1575	216 
1576	5 
1577	52 
1578	274 
1579	23 
1580	117 
1581	186 
1582	243 
1583	244 
1584	284 
1585	142 
1586	92 
1587	18 
1588	183 
1589	61 
1590	102 
1591	279 
1592	19 
1593	34 
1594	60 
1595	201 
1596	111 
1597	241 
1598	126 
1599	263 
1600	265 
1601	169 
1602	167 
1603	13 
1604	125 
1605	156 
1606	231 
1607	255 
1608	27 
1609	183 
1610	127 
1611	141 
1612	156 
1613	59 
1614	106 
1615	102 
1616	77 
1617	108 
1618	237 
1619	170 
1620	44 
1621	189 
1622	5 
1623	238 
1624	7 
1625	207 
1626	33 
1627	26 
1628	250 
1629	242 
1630	198 
1631	165 
1632	227 
1633	211 
1634	44 
1635	177 
1636	7 
1637	113 
1638	106 
1639	122 
1640	129 
1641	184 
1642	49 
1643	156 
1644	122 
1645	224 
1646	262 
1647	37 
1648	8 
1649	228 
1650	139 
1651	107 
1652	76 
1653	166 
1654	92 
1655	138 
1656	114 
1657	175 
1658	153 
1659	243 
1660	212 
1661	96 
1662	259 
1663	276 
1664	209 
1665	107 
1666	32 
1667	39 
1668	235 
1669	281 
1670	251 
1671	56 
1672	200 
1673	127 
1674	66 
1675	88 
1676	58 
1677	117 
1678	252 
1679	279 
1680	118 
1681	94 
1682	169 
1683	22 
1684	216 
1685	156 
1686	22 
1687	111 
1688	44 
1689	278 
1690	286 
1691	2 
1692	81 
1693	256 
1694	126 
1695	157 
1696	166 
1697	181 
1698	181 
1699	43 
1700	80 
1701	185 
1702	202 
1703	92 
1704	149 
1705	134 
1706	244 
1707	39 
1708	137 
1709	100 
1710	201 
1711	20 
1712	249 
1713	86 
1714	247 
1715	67 
1716	285 
1717	173 
1718	175 
1719	109 
1720	18 
1721	97 
1722	186 
1723	142 
1724	254 
1725	194 
1726	92 
1727	47 
1728	133 
1729	210 
1730	144 
1731	100 
1732	32 
1733	118 
1734	147 
1735	227 
1736	259 
1737	263 
1738	140 
1739	166 
1740	104 
1741	40 
1742	164 
1743	258 
1744	40 
1745	137 
1746	138 
1747	140 
1748	119 
1749	269 
1750	3 
1751	105 
1752	20 
1753	124 
1754	159 
1755	114 
1756	175 
1757	271 
1758	264 
1759	159 
1760	239 
1761	210 
1762	34 
1763	79 
1764	207 
1765	137 
1766	132 
1767	133 
1768	127 
1769	169 
1770	64 
1771	13 
1772	225 
1773	53 
1774	49 
1775	142 
1776	71 
1777	208 
1778	177 
1779	154 
1780	198 
1781	89 
1782	142 
1783	34 
1784	132 
1785	53 
1786	175 
1787	258 
1788	108 
1789	45 
1790	151 
1791	13 
1792	101 
1793	5 
1794	27 
1795	60 
1796	282 
1797	243 
1798	19 
1799	74 
1800	210 
1801	66 
1802	6 
1803	179 
1804	122 
1805	181 
1806	139 
1807	99 
1808	141 
1809	178 
1810	11 
1811	242 
1812	57 
1813	10 
1814	163 
1815	154 
1816	66 
1817	263 
1818	147 
1819	162 
1820	88 
1821	104 
1822	66 
1823	145 
1824	57 
1825	132 
1826	25 
1827	228 
1828	258 
1829	139 
1830	5 
1831	38 
1832	10 
1833	175 
1834	130 
1835	284 
1836	136 
1837	74 
1838	209 
1839	169 
1840	171 
1841	18 
1842	202 
1843	99 
1844	39 
1845	246 
1846	184 
1847	229 
1848	271 
1849	263 
1850	159 
1851	173 
1852	94 
1853	89 
1854	61 
1855	45 
1856	263 
1857	243 
1858	245 
1859	141 
1860	175 
1861	190 
1862	173 
1863	220 
1864	68 
1865	272 
1866	216 
1867	160 
1868	188 
1869	133 
1870	61 
1871	58 
1872	10 
1873	269 
1874	4 
1875	156 
1876	168 
1877	11 
1878	286 
1879	135 
1880	249 
1881	108 
1882	98 
1883	123 
1884	232 
1885	168 
1886	204 
1887	246 
1888	19 
1889	221 
1890	139 
1891	56 
1892	78 
1893	255 
1894	228 
1895	213 
1896	135 
1897	283 
1898	101 
1899	127 
1900	286 
1901	191 
1902	34 
1903	272 
1904	165 
1905	241 
1906	83 
1907	5 
1908	73 
1909	191 
1910	178 
1911	128 
1912	229 
1913	215 
1914	95 
1915	180 
1916	23 
1917	273 
1918	33 
1919	134 
1920	38 
1921	145 
1922	196 
1923	117 
1924	263 
1925	213 
1926	284 
1927	278 
1928	222 
1929	68 
1930	156 
1931	233 
1932	134 
1933	162 
1934	279 
1935	185 
1936	107 
1937	71 
1938	39 
1939	157 
1940	202 
1941	114 
1942	100 
1943	87 
1944	4 
1945	41 
1946	240 
1947	83 
1948	20 
1949	228 
1950	153 
1951	28 
1952	246 
1953	242 
1954	75 
1955	249 
1956	75 
1957	36 
1958	21 
1959	204 
1960	43 
1961	37 
1962	153 
1963	38 
1964	262 
1965	137 
1966	166 
1967	121 
1968	188 
1969	163 
1970	123 
1971	3 
1972	284 
1973	213 
1974	3 
1975	154 
1976	67 
1977	156 
1978	265 
1979	89 
1980	59 
1981	102 
1982	81 
1983	227 
1984	169 
1985	246 
1986	165 
1987	159 
1988	29 
1989	98 
1990	79 
1991	181 
1992	284 
1993	19 
1994	106 
1995	141 
1996	54 
1997	236 
1998	241 
1999	78 
2000	86 
2001	169 
2002	186 
2003	160 
2004	13 
2005	87 
2006	64 
2007	98 
2008	258 
2009	33 
2010	142 
2011	10 
2012	63 
2013	272 
2014	96 
2015	215 
2016	17 
2017	156 
2018	29 
2019	201 
2020	244 
2021	21 
2022	242 
2023	161 
2024	55 
2025	230 
2026	186 
2027	84 
2028	143 
2029	126 
2030	156 
2031	127 
2032	99 
2033	255 
2034	17 
2035	238 
2036	82 
2037	239 
2038	18 
2039	156 
2040	62 
2041	52 
2042	230 
2043	107 
2044	99 
2045	43 
2046	98 
2047	215 
2048	100 
2049	166 
2050	71 
2051	13 
2052	48 
2053	4 
2054	119 
2055	256 
2056	286 
2057	55 
2058	206 
2059	88 
2060	145 
2061	189 
2062	263 
2063	189 
2064	37 
2065	272 
2066	148 
2067	263 
2068	220 
2069	230 
2070	143 
2071	72 
2072	76 
2073	275 
2074	144 
2075	150 
2076	115 
2077	71 
2078	130 
2079	95 
2080	23 
2081	85 
2082	42 
2083	9 
2084	204 
2085	272 
2086	141 
2087	268 
2088	164 
2089	236 
2090	179 
2091	73 
2092	8 
2093	79 
2094	98 
2095	228 
2096	49 
2097	21 
2098	263 
2099	183 
2100	262 
2101	135 
2102	158 
2103	280 
2104	161 
2105	71 
2106	243 
2107	30 
2108	85 
2109	162 
2110	284 
2111	15 
2112	109 
2113	70 
2114	89 
2115	57 
2116	125 
2117	259 
2118	231 
2119	207 
2120	19 
2121	123 
2122	49 
2123	190 
2124	237 
2125	101 
2126	180 
2127	2 
2128	52 
2129	149 
2130	207 
2131	43 
2132	126 
2133	233 
2134	244 
2135	14 
2136	200 
2137	134 
2138	9 
2139	156 
2140	216 
2141	129 
2142	16 
2143	60 
2144	110 
2145	126 
2146	269 
2147	226 
2148	241 
2149	230 
2150	156 
2151	226 
2152	255 
2153	4 
2154	91 
2155	109 
2156	255 
2157	148 
2158	286 
2159	65 
2160	202 
2161	15 
2162	121 
2163	287 
2164	195 
2165	272 
2166	263 
2167	119 
2168	195 
2169	60 
2170	57 
2171	261 
2172	54 
2173	136 
2174	122 
2175	243 
2176	10 
2177	111 
2178	117 
2179	287 
2180	232 
2181	55 
2182	201 
2183	251 
2184	26 
2185	89 
2186	40 
2187	230 
2188	147 
2189	131 
2190	98 
2191	57 
2192	178 
2193	25 
2194	241 
2195	169 
2196	188 
2197	247 
2198	146 
2199	28 
2200	281 
2201	111 
2202	9 
2203	172 
2204	62 
2205	243 
2206	277 
2207	231 
2208	133 
2209	1 
2210	132 
2211	1 
2212	41 
2213	44 
2214	97 
2215	137 
2216	25 
2217	233 
2218	145 
2219	157 
2220	175 
2221	208 
2222	274 
2223	76 
2224	186 
2225	91 
2226	228 
2227	187 
2228	221 
2229	76 
2230	150 
2231	87 
2232	92 
2233	91 
2234	16 
2235	217 
2236	164 
2237	264 
2238	103 
2239	112 
2240	84 
2241	231 
2242	38 
2243	272 
2244	129 
2245	231 
2246	124 
2247	100 
2248	182 
2249	33 
2250	197 
2251	128 
2252	257 
2253	138 
2254	112 
2255	63 
2256	200 
2257	79 
2258	271 
2259	146 
2260	159 
2261	211 
2262	102 
2263	248 
2264	76 
2265	228 
2266	52 
2267	174 
2268	244 
2269	33 
2270	208 
2271	178 
2272	75 
2273	171 
2274	149 
2275	94 
2276	55 
2277	157 
2278	24 
2279	198 
2280	254 
2281	96 
2282	100 
2283	238 
2284	206 
2285	145 
2286	33 
2287	168 
2288	193 
2289	261 
2290	174 
2291	65 
2292	256 
2293	131 
2294	287 
2295	34 
2296	129 
2297	109 
2298	130 
2299	44 
2300	272 
2301	241 
2302	270 
2303	78 
2304	150 
2305	281 
2306	200 
2307	58 
2308	257 
2309	159 
2310	87 
2311	257 
2312	48 
2313	212 
2314	140 
2315	119 
2316	259 
2317	169 
2318	93 
2319	133 
2320	120 
2321	32 
2322	119 
2323	95 
2324	248 
2325	98 
2326	221 
2327	185 
2328	145 
2329	118 
2330	16 
2331	195 
2332	164 
2333	121 
2334	95 
2335	53 
2336	32 
2337	163 
2338	45 
2339	101 
2340	107 
2341	8 
2342	85 
2343	126 
2344	122 
2345	280 
2346	262 
2347	27 
2348	71 
2349	152 
2350	235 
2351	215 
2352	5 
2353	125 
2354	33 
2355	103 
2356	156 
2357	168 
2358	120 
2359	71 
2360	151 
2361	197 
2362	76 
2363	45 
2364	79 
2365	284 
2366	258 
2367	128 
2368	218 
2369	222 
2370	148 
2371	227 
2372	52 
2373	110 
2374	3 
2375	262 
2376	110 
2377	226 
2378	148 
2379	284 
2380	112 
2381	214 
2382	130 
2383	166 
2384	238 
2385	3 
2386	25 
2387	133 
2388	201 
2389	208 
2390	284 
2391	183 
2392	248 
2393	236 
2394	273 
2395	169 
2396	13 
2397	83 
2398	141 
2399	251 
2400	157 
2401	209 
2402	108 
2403	122 
2404	109 
2405	105 
2406	55 
2407	46 
2408	206 
2409	230 
2410	259 
2411	280 
2412	106 
2413	141 
2414	180 
2415	1 
2416	184 
2417	258 
2418	277 
2419	150 
2420	245 
2421	281 
2422	65 
2423	152 
2424	130 
2425	136 
2426	59 
2427	282 
2428	187 
2429	241 
2430	48 
2431	101 
2432	202 
2433	270 
2434	196 
2435	63 
2436	25 
2437	110 
2438	141 
2439	45 
2440	61 
2441	35 
2442	168 
2443	178 
2444	243 
2445	143 
2446	85 
2447	67 
2448	73 
2449	96 
2450	1 
2451	75 
2452	63 
2453	12 
2454	245 
2455	155 
2456	168 
2457	150 
2458	84 
2459	88 
2460	73 
2461	90 
2462	132 
2463	31 
2464	191 
2465	97 
2466	109 
2467	269 
2468	230 
2469	7 
2470	24 
2471	285 
2472	272 
2473	242 
2474	23 
2475	276 
2476	86 
2477	182 
2478	46 
2479	242 
2480	155 
2481	45 
2482	125 
2483	244 
2484	183 
2485	107 
2486	197 
2487	2 
2488	84 
2489	120 
2490	158 
2491	38 
2492	50 
2493	215 
2494	164 
2495	27 
2496	102 
2497	48 
2498	187 
2499	146 
2500	103 
2501	165 
2502	109 
2503	187 
2504	64 
2505	258 
2506	194 
2507	34 
2508	45 
2509	126 
2510	131 
2511	172 
2512	264 
2513	89 
2514	5 
2515	159 
2516	47 
2517	276 
2518	60 
2519	284 
2520	186 
2521	267 
2522	34 
2523	84 
2524	116 
2525	4 
2526	117 
2527	162 
2528	169 
2529	9 
2530	86 
2531	86 
2532	255 
2533	20 
2534	17 
2535	171 
2536	240 
2537	91 
2538	230 
2539	128 
2540	59 
2541	222 
2542	21 
2543	112 
2544	24 
2545	261 
2546	57 
2547	139 
2548	78 
2549	108 
2550	24 
2551	161 
2552	224 
2553	283 
2554	26 
2555	50 
2556	39 
2557	220 
2558	71 
2559	37 
2560	38 
2561	133 
2562	185 
2563	201 
2564	142 
2565	25 
2566	68 
2567	261 
2568	36 
2569	238 
2570	247 
2571	210 
2572	58 
2573	122 
2574	173 
2575	28 
2576	221 
2577	89 
2578	26 
2579	7 
2580	11 
2581	146 
2582	188 
2583	19 
2584	3 
2585	156 
2586	286 
2587	182 
2588	123 
2589	101 
2590	28 
2591	31 
2592	256 
2593	107 
2594	118 
2595	230 
2596	243 
2597	66 
2598	27 
2599	141 
2600	63 
2601	200 
2602	208 
2603	49 
2604	68 
2605	6 
2606	150 
2607	196 
2608	164 
2609	277 
2610	21 
2611	173 
2612	123 
2613	116 
2614	200 
2615	215 
2616	200 
2617	121 
2618	58 
2619	199 
2620	71 
2621	270 
2622	135 
2623	13 
2624	141 
2625	212 
2626	203 
2627	212 
2628	45 
2629	257 
2630	126 
2631	33 
2632	6 
2633	182 
2634	27 
2635	147 
2636	73 
2637	6 
2638	175 
2639	277 
2640	231 
2641	260 
2642	196 
2643	113 
2644	170 
2645	261 
2646	47 
2647	219 
2648	16 
2649	246 
2650	79 
2651	86 
2652	201 
2653	45 
2654	79 
2655	66 
2656	134 
2657	83 
2658	83 
2659	191 
2660	123 
2661	143 
2662	223 
2663	22 
2664	46 
2665	219 
2666	175 
2667	68 
2668	180 
2669	173 
2670	227 
2671	49 
2672	285 
2673	36 
2674	31 
2675	285 
2676	184 
2677	19 
2678	182 
2679	131 
2680	122 
2681	151 
2682	34 
2683	153 
2684	113 
2685	236 
2686	278 
2687	279 
2688	142 
2689	244 
2690	197 
2691	218 
2692	86 
2693	225 
2694	173 
2695	29 
2696	257 
2697	283 
2698	275 
2699	65 
2700	96 
2701	29 
2702	206 
2703	219 
2704	184 
2705	204 
2706	70 
2707	182 
2708	189 
2709	242 
2710	194 
2711	233 
2712	235 
2713	260 
2714	183 
2715	142 
2716	268 
2717	83 
2718	273 
2719	135 
2720	93 
2721	137 
2722	74 
2723	135 
2724	227 
2725	218 
2726	217 
2727	85 
2728	260 
2729	34 
2730	104 
2731	242 
2732	12 
2733	31 
2734	186 
2735	178 
2736	33 
2737	33 
2738	150 
2739	63 
2740	143 
2741	186 
2742	46 
2743	61 
2744	156 
2745	252 
2746	225 
2747	256 
2748	263 
2749	252 
2750	161 
2751	21 
2752	142 
2753	30 
2754	146 
2755	218 
2756	38 
2757	49 
2758	115 
2759	230 
2760	202 
2761	96 
2762	166 
2763	279 
2764	133 
2765	210 
2766	156 
2767	130 
2768	133 
2769	216 
2770	140 
2771	248 
2772	270 
2773	222 
2774	237 
2775	49 
2776	86 
2777	142 
2778	243 
2779	164 
2780	87 
2781	287 
2782	24 
2783	96 
2784	219 
2785	92 
2786	142 
2787	161 
2788	206 
2789	160 
2790	218 
2791	138 
2792	79 
2793	217 
2794	22 
2795	19 
2796	99 
2797	170 
2798	215 
2799	241 
2800	274 
2801	253 
2802	284 
2803	24 
2804	22 
2805	259 
2806	126 
2807	255 
2808	260 
2809	100 
2810	227 
2811	31 
2812	166 
2813	2 
2814	22 
2815	142 
2816	65 
2817	270 
2818	173 
2819	255 
2820	203 
2821	88 
2822	82 
2823	96 
2824	197 
2825	170 
2826	8 
2827	31 
2828	175 
2829	86 
2830	35 
2831	109 
2832	142 
2833	127 
2834	87 
2835	174 
2836	230 
2837	242 
2838	8 
2839	218 
2840	24 
2841	163 
2842	107 
2843	180 
2844	106 
2845	5 
2846	222 
2847	74 
2848	208 
2849	274 
2850	277 
2851	232 
2852	112 
2853	119 
2854	98 
2855	152 
2856	196 
2857	131 
2858	175 
2859	108 
2860	241 
2861	206 
2862	31 
2863	38 
2864	46 
2865	176 
2866	90 
2867	192 
2868	135 
2869	109 
2870	222 
2871	155 
2872	140 
2873	209 
2874	34 
2875	33 
2876	223 
2877	161 
2878	235 
2879	161 
2880	84 
2881	160 
2882	176 
2883	242 
2884	165 
2885	269 
2886	66 
2887	57 
2888	211 
2889	164 
2890	69 
2891	146 
2892	32 
2893	82 
2894	16 
2895	244 
2896	151 
2897	261 
2898	150 
2899	263 
2900	41 
2901	146 
2902	176 
2903	84 
2904	87 
2905	194 
2906	175 
2907	108 
2908	14 
2909	108 
2910	154 
2911	8 
2912	199 
2913	161 
2914	142 
2915	240 
2916	46 
2917	268 
2918	163 
2919	89 
2920	166 
2921	124 
2922	108 
2923	94 
2924	144 
2925	267 
2926	8 
2927	56 
2928	285 
2929	55 
2930	50 
2931	164 
2932	283 
2933	192 
2934	98 
2935	187 
2936	233 
2937	277 
2938	194 
2939	213 
2940	23 
2941	16 
2942	125 
2943	184 
2944	148 
2945	110 
2946	284 
2947	280 
2948	153 
2949	222 
2950	105 
2951	268 
2952	12 
2953	23 
2954	35 
2955	46 
2956	285 
2957	66 
2958	182 
2959	156 
2960	66 
2961	233 
2962	12 
2963	124 
2964	271 
2965	153 
2966	270 
2967	133 
2968	276 
2969	42 
2970	261 
2971	169 
2972	174 
2973	52 
2974	120 
2975	190 
2976	131 
2977	130 
2978	237 
2979	216 
2980	61 
2981	9 
2982	188 
2983	206 
2984	124 
2985	234 
2986	242 
2987	202 
2988	108 
2989	68 
2990	60 
2991	13 
2992	229 
2993	97 
2994	225 
2995	100 
2996	75 
2997	111 
2998	109 
2999	44 
3000	69 
3001	161 
3002	88 
3003	88 
3004	126 
3005	230 
3006	261 
3007	24 
3008	76 
3009	222 
3010	260 
3011	14 
3012	157 
3013	88 
3014	133 
3015	22 
3016	253 
3017	67 
3018	115 
3019	89 
3020	198 
3021	145 
3022	131 
3023	266 
3024	122 
3025	84 
3026	254 
3027	202 
3028	236 
3029	106 
3030	140 
3031	73 
3032	89 
3033	258 
3034	184 
3035	83 
3036	263 
3037	129 
3038	66 
3039	90 
3040	138 
3041	52 
3042	224 
3043	141 
3044	12 
3045	124 
3046	161 
3047	75 
3048	139 
3049	118 
3050	234 
3051	1 
3052	3 
3053	188 
3054	275 
3055	254 
3056	232 
3057	109 
3058	83 
3059	256 
3060	11 
3061	83 
3062	101 
3063	11 
3064	142 
3065	99 
3066	163 
3067	203 
3068	150 
3069	139 
3070	20 
3071	248 
3072	115 
3073	237 
3074	220 
3075	191 
3076	216 
3077	78 
3078	249 
3079	169 
3080	54 
3081	197 
3082	230 
3083	279 
3084	263 
3085	133 
3086	244 
3087	234 
3088	84 
3089	101 
3090	9 
3091	89 
3092	66 
3093	157 
3094	266 
3095	262 
3096	236 
3097	5 
3098	129 
3099	254 
3100	25 
3101	198 
3102	283 
3103	5 
3104	166 
3105	151 
3106	277 
3107	76 
3108	120 
3109	66 
3110	271 
3111	284 
3112	25 
3113	260 
3114	76 
3115	97 
3116	280 
3117	270 
3118	96 
3119	41 
3120	66 
3121	90 
3122	161 
3123	59 
3124	6 
3125	284 
3126	182 
3127	3 
3128	213 
3129	156 
3130	27 
3131	164 
3132	230 
3133	98 
3134	169 
3135	107 
3136	265 
3137	194 
3138	148 
3139	95 
3140	79 
3141	194 
3142	137 
3143	48 
3144	68 
3145	146 
3146	235 
3147	249 
3148	244 
3149	58 
3150	170 
3151	72 
3152	164 
3153	170 
3154	279 
3155	96 
3156	13 
3157	91 
3158	194 
3159	205 
3160	21 
3161	113 
3162	123 
3163	268 
3164	116 
3165	139 
3166	144 
3167	245 
3168	183 
3169	226 
3170	110 
3171	116 
3172	273 
3173	164 
3174	161 
3175	146 
3176	237 
3177	105 
3178	119 
3179	104 
3180	247 
3181	91 
3182	208 
3183	191 
3184	156 
3185	155 
3186	234 
3187	261 
3188	269 
3189	224 
3190	72 
3191	162 
3192	158 
3193	141 
3194	6 
3195	86 
3196	138 
3197	138 
3198	118 
3199	230 
3200	251 
3201	63 
3202	212 
3203	114 
3204	164 
3205	252 
3206	224 
3207	173 
3208	91 
3209	35 
3210	283 
3211	60 
3212	6 
3213	284 
3214	55 
3215	259 
3216	272 
3217	45 
3218	197 
3219	185 
3220	287 
3221	134 
3222	122 
3223	122 
3224	61 
3225	156 
3226	226 
3227	40 
3228	45 
3229	150 
3230	121 
3231	103 
3232	54 
3233	215 
3234	284 
3235	1 
3236	255 
3237	173 
3238	188 
3239	89 
3240	4 
3241	96 
3242	57 
3243	83 
3244	89 
3245	158 
3246	150 
3247	31 
3248	216 
3249	198 
3250	24 
3251	35 
3252	71 
3253	270 
3254	18 
3255	96 
3256	46 
3257	32 
3258	196 
3259	146 
3260	230 
3261	28 
3262	235 
3263	56 
3264	107 
3265	8 
3266	65 
3267	47 
3268	97 
3269	77 
3270	241 
3271	96 
3272	140 
3273	85 
3274	151 
3275	213 
3276	67 
3277	164 
3278	167 
3279	29 
3280	115 
3281	287 
3282	97 
3283	195 
3284	201 
3285	230 
3286	249 
3287	43 
3288	18 
3289	220 
3290	198 
3291	113 
3292	107 
3293	187 
3294	7 
3295	5 
3296	110 
3297	49 
3298	3 
3299	246 
3300	99 
3301	120 
3302	248 
3303	172 
3304	128 
3305	188 
3306	13 
3307	141 
3308	248 
3309	159 
3310	174 
3311	80 
3312	122 
3313	42 
3314	166 
3315	146 
3316	133 
3317	270 
3318	248 
3319	30 
3320	33 
3321	30 
3322	95 
3323	257 
3324	102 
3325	25 
3326	236 
3327	195 
3328	136 
3329	250 
3330	67 
3331	51 
3332	61 
3333	126 
3334	187 
3335	186 
3336	238 
3337	276 
3338	227 
3339	191 
3340	81 
3341	282 
3342	158 
3343	99 
3344	241 
3345	209 
3346	83 
3347	208 
3348	245 
3349	210 
3350	245 
3351	188 
3352	270 
3353	244 
3354	278 
3355	203 
3356	113 
3357	114 
3358	74 
3359	118 
3360	170 
3361	17 
3362	78 
3363	76 
3364	24 
3365	167 
3366	16 
3367	148 
3368	156 
3369	280 
3370	162 
3371	177 
3372	60 
3373	283 
3374	234 
3375	182 
3376	241 
3377	175 
3378	53 
3379	17 
3380	123 
3381	190 
3382	226 
3383	69 
3384	254 
3385	245 
3386	135 
3387	287 
3388	165 
3389	158 
3390	74 
3391	179 
3392	41 
3393	111 
3394	63 
3395	86 
3396	110 
3397	204 
3398	285 
3399	273 
3400	251 
3401	56 
3402	217 
3403	15 
3404	16 
3405	239 
3406	58 
3407	253 
3408	108 
3409	110 
3410	129 
3411	98 
3412	221 
3413	226 
3414	67 
3415	95 
3416	37 
3417	104 
3418	81 
3419	32 
3420	16 
3421	96 
3422	233 
3423	3 
3424	58 
3425	237 
3426	97 
3427	200 
3428	281 
3429	62 
3430	205 
3431	84 
3432	135 
3433	170 
3434	177 
3435	115 
3436	97 
3437	3 
3438	83 
3439	68 
3440	279 
3441	134 
3442	118 
3443	202 
3444	242 
3445	117 
3446	229 
3447	86 
3448	2 
3449	188 
3450	68 
3451	219 
3452	46 
3453	41 
3454	96 
3455	236 
3456	83 
3457	224 
3458	251 
3459	199 
3460	109 
3461	163 
3462	202 
3463	48 
3464	1 
3465	152 
3466	280 
3467	37 
3468	124 
3469	117 
3470	270 
3471	46 
3472	136 
3473	81 
3474	205 
3475	104 
3476	96 
3477	31 
3478	281 
3479	170 
3480	283 
3481	49 
3482	226 
3483	30 
3484	279 
3485	101 
3486	60 
3487	263 
3488	274 
3489	8 
3490	22 
3491	139 
3492	91 
3493	155 
3494	30 
3495	259 
3496	76 
3497	68 
3498	7 
3499	204 
3500	241 
3501	227 
3502	248 
3503	144 
3504	253 
3505	119 
3506	137 
3507	230 
3508	171 
3509	143 
3510	47 
3511	139 
3512	163 
3513	219 
3514	66 
3515	43 
3516	184 
3517	235 
3518	271 
3519	183 
3520	193 
3521	251 
3522	145 
3523	11 
3524	132 
3525	201 
3526	156 
3527	53 
3528	256 
3529	210 
3530	153 
3531	283 
3532	175 
3533	105 
3534	142 
3535	75 
3536	112 
3537	123 
3538	209 
3539	214 
3540	146 
3541	70 
3542	278 
3543	37 
3544	153 
3545	169 
3546	58 
3547	73 
3548	43 
3549	170 
3550	79 
3551	159 
3552	234 
3553	71 
3554	271 
3555	162 
3556	230 
3557	269 
3558	194 
3559	116 
3560	236 
3561	119 
3562	12 
3563	188 
3564	5 
3565	112 
3566	97 
3567	99 
3568	136 
3569	83 
3570	186 
3571	203 
3572	115 
3573	241 
3574	251 
3575	91 
3576	22 
3577	46 
3578	144 
3579	120 
3580	139 
3581	285 
3582	208 
3583	202 
3584	148 
3585	237 
3586	176 
3587	236 
3588	97 
3589	112 
3590	223 
3591	33 
3592	255 
3593	43 
3594	183 
3595	44 
3596	42 
3597	27 
3598	228 
3599	67 
3600	179 
3601	62 
3602	86 
3603	125 
3604	186 
3605	122 
3606	255 
3607	94 
3608	168 
3609	90 
3610	33 
3611	270 
3612	75 
3613	262 
3614	165 
3615	35 
3616	203 
3617	198 
3618	100 
3619	83 
3620	63 
3621	40 
3622	215 
3623	207 
3624	115 
3625	217 
3626	44 
3627	108 
3628	237 
3629	212 
3630	190 
3631	169 
3632	81 
3633	175 
3634	221 
3635	258 
3636	255 
3637	58 
3638	170 
3639	5 
3640	191 
3641	170 
3642	178 
3643	73 
3644	119 
3645	252 
3646	90 
3647	149 
3648	130 
3649	150 
3650	156 
3651	272 
3652	57 
3653	83 
3654	146 
3655	256 
3656	37 
3657	102 
3658	217 
3659	255 
3660	125 
3661	46 
3662	5 
3663	230 
3664	183 
3665	115 
3666	16 
3667	146 
3668	148 
3669	180 
3670	11 
3671	163 
3672	287 
3673	164 
3674	141 
3675	284 
3676	86 
3677	100 
3678	275 
3679	157 
3680	115 
3681	234 
3682	259 
3683	259 
3684	185 
3685	110 
3686	100 
3687	120 
3688	93 
3689	191 
3690	114 
3691	52 
3692	202 
3693	8 
3694	214 
3695	128 
3696	210 
3697	223 
3698	131 
3699	135 
3700	147 
3701	124 
3702	197 
3703	232 
3704	248 
3705	15 
3706	282 
3707	4 
3708	84 
3709	113 
3710	58 
3711	75 
3712	195 
3713	264 
3714	211 
3715	96 
3716	105 
3717	277 
3718	6 
3719	7 
3720	254 
3721	126 
3722	25 
3723	188 
3724	151 
3725	97 
3726	143 
3727	273 
3728	164 
3729	207 
3730	207 
3731	130 
3732	147 
3733	46 
3734	78 
3735	9 
3736	86 
3737	15 
3738	282 
3739	51 
3740	40 
3741	87 
3742	65 
3743	128 
3744	223 
3745	184 
3746	4 
3747	121 
3748	123 
3749	249 
3750	14 
3751	234 
3752	202 
3753	113 
3754	86 
3755	33 
3756	195 
3757	229 
3758	33 
3759	247 
3760	260 
3761	256 
3762	52 
3763	230 
3764	223 
3765	99 
3766	230 
3767	117 
3768	217 
3769	113 
3770	99 
3771	247 
3772	243 
3773	151 
3774	249 
3775	55 
3776	60 
3777	75 
3778	89 
3779	38 
3780	231 
3781	193 
3782	141 
3783	97 
3784	118 
3785	169 
3786	285 
3787	220 
3788	157 
3789	13 
3790	85 
3791	120 
3792	39 
3793	263 
3794	23 
3795	14 
3796	280 
3797	194 
3798	171 
3799	69 
3800	271 
3801	104 
3802	206 
3803	76 
3804	174 
3805	41 
3806	175 
3807	150 
3808	272 
3809	189 
3810	135 
3811	36 
3812	143 
3813	154 
3814	189 
3815	64 
3816	180 
3817	132 
3818	153 
3819	227 
3820	221 
3821	138 
3822	256 
3823	277 
3824	67 
3825	7 
3826	230 
3827	6 
3828	91 
3829	239 
3830	33 
3831	233 
3832	216 
3833	232 
3834	236 
3835	226 
3836	53 
3837	237 
3838	11 
3839	202 
3840	80 
3841	152 
3842	103 
3843	77 
3844	22 
3845	239 
3846	132 
3847	270 
3848	67 
3849	91 
3850	105 
3851	122 
3852	193 
3853	153 
3854	174 
3855	2 
3856	107 
3857	96 
3858	71 
3859	8 
3860	68 
3861	244 
3862	164 
3863	276 
3864	144 
3865	205 
3866	55 
3867	189 
3868	199 
3869	26 
3870	59 
3871	165 
3872	51 
3873	242 
3874	280 
3875	198 
3876	150 
3877	38 
3878	76 
3879	270 
3880	125 
3881	53 
3882	70 
3883	100 
3884	25 
3885	26 
3886	211 
3887	136 
3888	124 
3889	166 
3890	96 
3891	140 
3892	40 
3893	273 
3894	86 
3895	67 
3896	162 
3897	11 
3898	166 
3899	61 
3900	96 
3901	94 
3902	96 
3903	159 
3904	232 
3905	276 
3906	260 
3907	237 
3908	284 
3909	65 
3910	13 
3911	261 
3912	74 
3913	172 
3914	241 
3915	283 
3916	244 
3917	276 
3918	54 
3919	126 
3920	137 
3921	124 
3922	255 
3923	230 
3924	211 
3925	112 
3926	58 
3927	98 
3928	203 
3929	69 
3930	221 
3931	4 
3932	270 
3933	241 
3934	131 
3935	137 
3936	80 
3937	112 
3938	271 
3939	164 
3940	8 
3941	139 
3942	68 
3943	85 
3944	24 
3945	160 
3946	73 
3947	214 
3948	166 
3949	13 
3950	51 
3951	46 
3952	166 
3953	17 
3954	10 
3955	255 
3956	62 
3957	119 
3958	22 
3959	257 
3960	62 
3961	123 
3962	161 
3963	161 
3964	265 
3965	68 
3966	12 
3967	106 
3968	170 
3969	263 
3970	79 
3971	97 
3972	176 
3973	35 
3974	13 
3975	191 
3976	38 
3977	59 
3978	272 
3979	97 
3980	16 
3981	108 
3982	37 
3983	230 
3984	38 
3985	187 
3986	57 
3987	15 
3988	59 
3989	253 
3990	145 
3991	74 
3992	154 
3993	240 
3994	57 
3995	211 
3996	70 
3997	243 
3998	207 
3999	225 
4000	139 
4001	44 
4002	9 
4003	251 
4004	95 
4005	249 
4006	216 
4007	188 
4008	50 
4009	258 
4010	282 
4011	186 
4012	49 
4013	124 
4014	244 
4015	194 
4016	184 
4017	272 
4018	149 
4019	171 
4020	218 
4021	245 
4022	82 
4023	76 
4024	69 
4025	91 
4026	227 
4027	105 
4028	39 
4029	213 
4030	106 
4031	196 
4032	286 
4033	193 
4034	141 
4035	133 
4036	192 
4037	197 
4038	73 
4039	37 
4040	257 
4041	88 
4042	46 
4043	21 
4044	73 
4045	118 
4046	87 
4047	287 
4048	211 
4049	191 
4050	254 
4051	161 
4052	26 
4053	271 
4054	177 
4055	150 
4056	28 
4057	157 
4058	229 
4059	248 
4060	203 
4061	272 
4062	107 
4063	67 
4064	179 
4065	26 
4066	267 
4067	246 
4068	226 
4069	6 
4070	45 
4071	200 
4072	260 
4073	141 
4074	34 
4075	261 
4076	33 
4077	199 
4078	164 
4079	17 
4080	97 
4081	72 
4082	3 
4083	26 
4084	221 
4085	151 
4086	247 
4087	251 
4088	15 
4089	156 
4090	146 
4091	190 
4092	71 
4093	236 
4094	276 
4095	16 
4096	241 
4097	107 
4098	255 
4099	156 
4100	178 
4101	104 
4102	230 
4103	182 
4104	217 
4105	30 
4106	243 
4107	165 
4108	58 
4109	33 
4110	254 
4111	193 
4112	74 
4113	287 
4114	161 
4115	151 
4116	181 
4117	6 
4118	283 
4119	119 
4120	39 
4121	219 
4122	120 
4123	152 
4124	180 
4125	110 
4126	11 
4127	65 
4128	72 
4129	164 
4130	79 
4131	55 
4132	19 
4133	8 
4134	222 
4135	29 
4136	203 
4137	152 
4138	273 
4139	120 
4140	137 
4141	69 
4142	156 
4143	241 
4144	5 
4145	69 
4146	197 
4147	248 
4148	119 
4149	235 
4150	172 
4151	220 
4152	109 
4153	56 
4154	42 
4155	165 
4156	139 
4157	76 
4158	100 
4159	177 
4160	206 
4161	180 
4162	93 
4163	279 
4164	247 
4165	198 
4166	212 
4167	97 
4168	146 
4169	86 
4170	54 
4171	284 
4172	215 
4173	225 
4174	91 
4175	139 
4176	129 
4177	123 
4178	196 
4179	263 
4180	221 
4181	76 
4182	240 
4183	229 
4184	139 
4185	88 
4186	11 
4187	280 
4188	11 
4189	14 
4190	152 
4191	168 
4192	85 
4193	221 
4194	253 
4195	248 
4196	213 
4197	151 
4198	161 
4199	16 
4200	260 
4201	257 
4202	106 
4203	76 
4204	233 
4205	239 
4206	105 
4207	32 
4208	57 
4209	193 
4210	183 
4211	138 
4212	261 
4213	124 
4214	282 
4215	47 
4216	225 
4217	284 
4218	120 
4219	217 
4220	57 
4221	29 
4222	233 
4223	171 
4224	202 
4225	4 
4226	71 
4227	143 
4228	174 
4229	80 
4230	272 
4231	202 
4232	273 
4233	64 
4234	242 
4235	145 
4236	174 
4237	210 
4238	157 
4239	118 
4240	275 
4241	232 
4242	281 
4243	161 
4244	104 
4245	248 
4246	119 
4247	253 
4248	122 
4249	173 
4250	255 
4251	102 
4252	180 
4253	98 
4254	19 
4255	217 
4256	113 
4257	56 
4258	270 
4259	33 
4260	260 
4261	179 
4262	86 
4263	189 
4264	252 
4265	184 
4266	72 
4267	28 
4268	264 
4269	101 
4270	67 
4271	216 
4272	17 
4273	287 
4274	273 
4275	98 
4276	214 
4277	15 
4278	242 
4279	257 
4280	59 
4281	133 
4282	213 
4283	241 
4284	142 
4285	46 
4286	117 
4287	128 
4288	32 
4289	196 
4290	47 
4291	101 
4292	245 
4293	163 
4294	20 
4295	188 
4296	266 
4297	135 
4298	121 
4299	173 
4300	224 
4301	154 
4302	217 
4303	94 
4304	81 
4305	38 
4306	217 
4307	192 
4308	266 
4309	191 
4310	284 
4311	94 
4312	157 
4313	43 
4314	139 
4315	229 
4316	162 
4317	181 
4318	142 
4319	269 
4320	248 
4321	252 
4322	264 
4323	23 
4324	55 
4325	210 
4326	15 
4327	225 
4328	166 
4329	283 
4330	47 
4331	26 
4332	86 
4333	50 
4334	177 
4335	287 
4336	228 
4337	51 
4338	241 
4339	285 
4340	249 
4341	162 
4342	211 
4343	177 
4344	100 
4345	50 
4346	126 
4347	198 
4348	166 
4349	141 
4350	174 
4351	279 
4352	84 
4353	176 
4354	121 
4355	93 
4356	171 
4357	194 
4358	35 
4359	258 
4360	267 
4361	49 
4362	97 
4363	258 
4364	26 
4365	100 
4366	275 
4367	138 
4368	179 
4369	16 
4370	15 
4371	231 
4372	273 
4373	97 
4374	193 
4375	65 
4376	107 
4377	135 
4378	64 
4379	205 
4380	234 
4381	117 
4382	188 
4383	99 
4384	169 
4385	122 
4386	62 
4387	287 
4388	60 
4389	77 
4390	184 
4391	184 
4392	190 
4393	231 
4394	280 
4395	34 
4396	80 
4397	105 
4398	213 
4399	257 
4400	209 
4401	151 
4402	175 
4403	170 
4404	264 
4405	130 
4406	43 
4407	16 
4408	214 
4409	267 
4410	160 
4411	247 
4412	36 
4413	56 
4414	96 
4415	55 
4416	241 
4417	171 
4418	278 
4419	285 
4420	269 
4421	285 
4422	276 
4423	237 
4424	162 
4425	161 
4426	53 
4427	31 
4428	68 
4429	24 
4430	284 
4431	118 
4432	261 
4433	257 
4434	181 
4435	89 
4436	219 
4437	13 
4438	133 
4439	40 
4440	166 
4441	167 
4442	76 
4443	179 
4444	97 
4445	250 
4446	239 
4447	9 
4448	66 
4449	84 
4450	204 
4451	161 
4452	168 
4453	148 
4454	133 
4455	166 
4456	66 
4457	194 
4458	72 
4459	146 
4460	90 
4461	44 
4462	38 
4463	42 
4464	30 
4465	101 
4466	94 
4467	244 
4468	49 
4469	120 
4470	51 
4471	31 
4472	69 
4473	100 
4474	79 
4475	276 
4476	156 
4477	128 
4478	95 
4479	78 
4480	211 
4481	256 
4482	9 
4483	220 
4484	134 
4485	79 
4486	202 
4487	284 
4488	66 
4489	193 
4490	68 
4491	182 
4492	116 
4493	265 
4494	44 
4495	255 
4496	21 
4497	38 
4498	108 
4499	49 
4500	51 
4501	33 
4502	14 
4503	284 
4504	284 
4505	168 
4506	190 
4507	263 
4508	84 
4509	153 
4510	263 
4511	56 
4512	225 
4513	228 
4514	13 
4515	31 
4516	53 
4517	248 
4518	94 
4519	222 
4520	162 
4521	101 
4522	107 
4523	38 
4524	101 
4525	131 
4526	79 
4527	96 
4528	119 
4529	164 
4530	150 
4531	66 
4532	86 
4533	98 
4534	49 
4535	5 
4536	151 
4537	180 
4538	261 
4539	266 
4540	2 
4541	124 
4542	55 
4543	236 
4544	83 
4545	23 
4546	4 
4547	262 
4548	10 
4549	17 
4550	51 
4551	95 
4552	66 
4553	82 
4554	240 
4555	77 
4556	146 
4557	256 
4558	18 
4559	280 
4560	66 
4561	27 
4562	191 
4563	5 
4564	141 
4565	287 
4566	79 
4567	47 
4568	284 
4569	20 
4570	156 
4571	206 
4572	255 
4573	78 
4574	254 
4575	45 
4576	276 
4577	262 
4578	153 
4579	202 
4580	161 
4581	281 
4582	52 
4583	192 
4584	46 
4585	261 
4586	114 
4587	32 
4588	263 
4589	33 
4590	182 
4591	235 
4592	147 
4593	229 
4594	153 
4595	197 
4596	202 
4597	56 
4598	13 
4599	13 
4600	130 
4601	135 
4602	27 
4603	24 
4604	254 
4605	50 
4606	276 
4607	206 
4608	86 
4609	30 
4610	65 
4611	37 
4612	232 
4613	114 
4614	143 
4615	22 
4616	176 
4617	141 
4618	109 
4619	89 
4620	134 
4621	77 
4622	28 
4623	195 
4624	159 
4625	220 
4626	238 
4627	194 
4628	241 
4629	224 
4630	226 
4631	8 
4632	283 
4633	177 
4634	225 
4635	105 
4636	186 
4637	37 
4638	177 
4639	229 
4640	41 
4641	203 
4642	99 
4643	1 
4644	177 
4645	148 
4646	132 
4647	236 
4648	267 
4649	176 
4650	119 
4651	97 
4652	106 
4653	142 
4654	202 
4655	253 
4656	43 
4657	29 
4658	270 
4659	277 
4660	93 
4661	252 
4662	40 
4663	188 
4664	236 
4665	111 
4666	156 
4667	1 
4668	72 
4669	162 
4670	164 
4671	159 
4672	225 
4673	241 
4674	129 
4675	25 
4676	107 
4677	148 
4678	242 
4679	193 
4680	177 
4681	220 
4682	100 
4683	192 
4684	242 
4685	113 
4686	275 
4687	246 
4688	182 
4689	5 
4690	15 
4691	232 
4692	120 
4693	86 
4694	150 
4695	120 
4696	225 
4697	166 
4698	173 
4699	222 
4700	227 
4701	211 
4702	230 
4703	83 
4704	215 
4705	60 
4706	188 
4707	236 
4708	182 
4709	266 
4710	156 
4711	116 
4712	21 
4713	112 
4714	67 
4715	112 
4716	267 
4717	83 
4718	75 
4719	136 
4720	160 
4721	164 
4722	216 
4723	118 
4724	279 
4725	175 
4726	236 
4727	23 
4728	54 
4729	248 
4730	11 
4731	159 
4732	260 
4733	163 
4734	105 
4735	149 
4736	173 
4737	66 
4738	213 
4739	59 
4740	188 
4741	88 
4742	82 
4743	71 
4744	263 
4745	81 
4746	255 
4747	66 
4748	204 
4749	285 
4750	287 
4751	267 
4752	45 
4753	71 
4754	276 
4755	91 
4756	63 
4757	172 
4758	189 
4759	158 
4760	97 
4761	113 
4762	205 
4763	58 
4764	113 
4765	164 
4766	52 
4767	95 
4768	16 
4769	37 
4770	95 
4771	35 
4772	280 
4773	255 
4774	123 
4775	77 
4776	285 
4777	240 
4778	261 
4779	103 
4780	162 
4781	166 
4782	194 
4783	281 
4784	225 
4785	167 
4786	80 
4787	135 
4788	4 
4789	93 
4790	245 
4791	20 
4792	207 
4793	254 
4794	224 
4795	171 
4796	147 
4797	241 
4798	123 
4799	180 
4800	30 
4801	145 
4802	166 
4803	57 
4804	284 
4805	215 
4806	217 
4807	29 
4808	195 
4809	17 
4810	17 
4811	226 
4812	55 
4813	198 
4814	29 
4815	33 
4816	241 
4817	8 
4818	217 
4819	248 
4820	121 
4821	109 
4822	35 
4823	83 
4824	11 
4825	276 
4826	181 
4827	214 
4828	196 
4829	261 
4830	194 
4831	130 
4832	244 
4833	270 
4834	93 
4835	66 
4836	34 
4837	268 
4838	202 
4839	107 
4840	110 
4841	173 
4842	132 
4843	51 
4844	23 
4845	195 
4846	54 
4847	218 
4848	175 
4849	160 
4850	99 
4851	64 
4852	223 
4853	188 
4854	112 
4855	99 
4856	60 
4857	272 
4858	270 
4859	140 
4860	27 
4861	73 
4862	104 
4863	49 
4864	157 
4865	57 
4866	284 
4867	126 
4868	126 
4869	237 
4870	230 
4871	243 
4872	4 
4873	140 
4874	195 
4875	204 
4876	64 
4877	198 
4878	142 
4879	60 
4880	167 
4881	263 
4882	130 
4883	190 
4884	230 
4885	51 
4886	18 
4887	104 
4888	160 
4889	128 
4890	190 
4891	261 
4892	228 
4893	38 
4894	33 
4895	86 
4896	186 
4897	238 
4898	235 
4899	156 
4900	204 
4901	197 
4902	108 
4903	13 
4904	27 
4905	164 
4906	13 
4907	244 
4908	46 
4909	178 
4910	250 
4911	128 
4912	144 
4913	194 
4914	246 
4915	205 
4916	182 
4917	107 
4918	78 
4919	213 
4920	124 
4921	54 
4922	15 
4923	265 
4924	37 
4925	135 
4926	209 
4927	181 
4928	137 
4929	116 
4930	159 
4931	98 
4932	141 
4933	165 
4934	31 
4935	99 
4936	152 
4937	122 
4938	38 
4939	18 
4940	179 
4941	107 
4942	10 
4943	244 
4944	208 
4945	188 
4946	245 
4947	270 
4948	168 
4949	49 
4950	183 
4951	93 
4952	236 
4953	223 
4954	287 
4955	257 
4956	161 
4957	45 
4958	40 
4959	279 
4960	115 
4961	195 
4962	151 
4963	25 
4964	69 
4965	96 
4966	75 
4967	13 
4968	93 
4969	118 
4970	175 
4971	86 
4972	13 
4973	131 
4974	212 
4975	245 
4976	36 
4977	254 
4978	29 
4979	149 
4980	234 
4981	90 
4982	245 
4983	5 
4984	38 
4985	244 
4986	42 
4987	91 
4988	196 
4989	229 
4990	136 
4991	119 
4992	141 
4993	131 
4994	33 
4995	169 
4996	226 
4997	58 
4998	251 
4999	182 
5000	261 
5001	96 
5002	16 
5003	285 
5004	224 
5005	133 
5006	217 
5007	176 
5008	109 
5009	277 
5010	96 
5011	272 
5012	206 
5013	33 
5014	204 
5015	170 
5016	2 
5017	57 
5018	188 
5019	237 
5020	192 
5021	112 
5022	212 
5023	73 
5024	172 
5025	64 
5026	173 
5027	188 
5028	110 
5029	71 
5030	165 
5031	43 
5032	273 
5033	158 
5034	69 
5035	225 
5036	20 
5037	74 
5038	117 
5039	107 
5040	158 
5041	38 
5042	167 
5043	26 
5044	223 
5045	156 
5046	244 
5047	149 
5048	57 
5049	223 
5050	203 
5051	250 
5052	100 
5053	83 
5054	146 
5055	32 
5056	84 
5057	29 
5058	1 
5059	144 
5060	83 
5061	176 
5062	205 
5063	260 
5064	113 
5065	236 
5066	181 
5067	57 
5068	221 
5069	113 
5070	23 
5071	121 
5072	255 
5073	84 
5074	241 
5075	13 
5076	277 
5077	71 
5078	134 
5079	57 
5080	245 
5081	79 
5082	111 
5083	84 
5084	234 
5085	215 
5086	204 
5087	82 
5088	10 
5089	70 
5090	57 
5091	40 
5092	149 
5093	108 
5094	24 
5095	27 
5096	89 
5097	37 
5098	177 
5099	93 
5100	25 
5101	182 
5102	221 
5103	91 
5104	189 
5105	117 
5106	181 
5107	38 
5108	96 
5109	141 
5110	198 
5111	74 
5112	21 
5113	151 
5114	179 
5115	133 
5116	199 
5117	164 
5118	40 
5119	67 
5120	129 
5121	208 
5122	99 
5123	242 
5124	192 
5125	1 
5126	271 
5127	53 
5128	137 
5129	12 
5130	242 
5131	175 
5132	284 
5133	21 
5134	84 
5135	213 
5136	16 
5137	138 
5138	218 
5139	174 
5140	159 
5141	144 
5142	242 
5143	7 
5144	40 
5145	92 
5146	31 
5147	97 
5148	170 
5149	241 
5150	122 
5151	155 
5152	31 
5153	59 
5154	160 
5155	272 
5156	230 
5157	108 
5158	172 
5159	19 
5160	282 
5161	181 
5162	269 
5163	244 
5164	156 
5165	241 
5166	236 
5167	183 
5168	188 
5169	170 
5170	249 
5171	112 
5172	14 
5173	98 
5174	217 
5175	116 
5176	211 
5177	97 
5178	10 
5179	207 
5180	89 
5181	195 
5182	246 
5183	47 
5184	195 
5185	214 
5186	37 
5187	175 
5188	163 
5189	44 
5190	76 
5191	73 
5192	136 
5193	124 
5194	199 
5195	150 
5196	255 
5197	239 
5198	71 
5199	76 
5200	41 
5201	228 
5202	218 
5203	68 
5204	258 
5205	167 
5206	202 
5207	35 
5208	190 
5209	241 
5210	183 
5211	224 
5212	46 
5213	40 
5214	83 
5215	25 
5216	25 
5217	84 
5218	221 
5219	147 
5220	146 
5221	9 
5222	235 
5223	75 
5224	81 
5225	215 
5226	203 
5227	221 
5228	214 
5229	80 
5230	226 
5231	121 
5232	241 
5233	46 
5234	97 
5235	167 
5236	203 
5237	153 
5238	262 
5239	270 
5240	183 
5241	284 
5242	93 
5243	85 
5244	205 
5245	104 
5246	64 
5247	194 
5248	184 
5249	284 
5250	132 
5251	138 
5252	141 
5253	170 
5254	243 
5255	138 
5256	128 
5257	42 
5258	250 
5259	141 
5260	132 
5261	170 
5262	116 
5263	8 
5264	66 
5265	206 
5266	159 
5267	52 
5268	261 
5269	116 
5270	180 
5271	240 
5272	96 
5273	70 
5274	36 
5275	130 
5276	101 
5277	221 
5278	204 
5279	83 
5280	139 
5281	83 
5282	240 
5283	225 
5284	258 
5285	232 
5286	207 
5287	263 
5288	29 
5289	172 
5290	112 
5291	270 
5292	68 
5293	56 
5294	155 
5295	192 
5296	23 
5297	152 
5298	196 
5299	239 
5300	2 
5301	198 
5302	132 
5303	4 
5304	68 
5305	265 
5306	35 
5307	51 
5308	95 
5309	117 
5310	30 
5311	212 
5312	177 
5313	189 
5314	188 
5315	249 
5316	203 
5317	272 
5318	52 
5319	50 
5320	84 
5321	198 
5322	179 
5323	34 
5324	112 
5325	169 
5326	270 
5327	265 
5328	16 
5329	254 
5330	205 
5331	241 
5332	167 
5333	105 
5334	72 
5335	84 
5336	275 
5337	169 
5338	55 
5339	50 
5340	13 
5341	180 
5342	150 
5343	53 
5344	47 
5345	99 
5346	284 
5347	186 
5348	14 
5349	283 
5350	13 
5351	235 
5352	110 
5353	60 
5354	141 
5355	170 
5356	15 
5357	84 
5358	241 
5359	33 
5360	45 
5361	172 
5362	42 
5363	261 
5364	134 
5365	15 
5366	135 
5367	99 
5368	165 
5369	199 
5370	253 
5371	286 
5372	228 
5373	31 
5374	137 
5375	224 
5376	88 
5377	89 
5378	188 
5379	163 
5380	63 
5381	84 
5382	17 
5383	207 
5384	84 
5385	77 
5386	80 
5387	84 
5388	243 
5389	281 
5390	189 
5391	267 
5392	222 
5393	58 
5394	138 
5395	186 
5396	8 
5397	207 
5398	270 
5399	169 
5400	44 
5401	40 
5402	175 
5403	191 
5404	214 
5405	241 
5406	108 
5407	80 
5408	144 
5409	235 
5410	97 
5411	64 
5412	162 
5413	92 
5414	135 
5415	251 
5416	250 
5417	249 
5418	27 
5419	209 
5420	23 
5421	282 
5422	46 
5423	119 
5424	197 
5425	70 
5426	287 
5427	156 
5428	34 
5429	207 
5430	155 
5431	113 
5432	233 
5433	228 
5434	83 
5435	105 
5436	249 
5437	188 
5438	35 
5439	199 
5440	266 
5441	53 
5442	68 
5443	285 
5444	214 
5445	245 
5446	15 
5447	70 
5448	143 
5449	230 
5450	269 
5451	287 
5452	119 
5453	215 
5454	54 
5455	38 
5456	111 
5457	175 
5458	263 
5459	4 
5460	49 
5461	217 
5462	35 
5463	150 
5464	44 
5465	139 
5466	142 
5467	177 
5468	108 
5469	138 
5470	130 
5471	100 
5472	260 
5473	245 
5474	159 
5475	216 
5476	207 
5477	186 
5478	261 
5479	158 
5480	173 
5481	241 
5482	150 
5483	142 
5484	136 
5485	275 
5486	248 
5487	271 
5488	25 
5489	45 
5490	219 
5491	244 
5492	147 
5493	159 
5494	76 
5495	161 
5496	180 
5497	258 
5498	287 
5499	244 
5500	268 
5501	71 
5502	69 
5503	215 
5504	245 
5505	40 
5506	199 
5507	139 
5508	79 
5509	46 
5510	268 
5511	86 
5512	260 
5513	26 
5514	270 
5515	57 
5516	43 
5517	203 
5518	50 
5519	255 
5520	218 
5521	202 
5522	79 
5523	158 
5524	217 
5525	203 
5526	83 
5527	84 
5528	92 
5529	159 
5530	77 
5531	15 
5532	176 
5533	141 
5534	27 
5535	222 
5536	265 
5537	194 
5538	95 
5539	207 
5540	270 
5541	221 
5542	167 
5543	19 
5544	166 
5545	96 
5546	171 
5547	107 
5548	34 
5549	130 
5550	41 
5551	29 
5552	160 
5553	272 
5554	159 
5555	223 
5556	142 
5557	144 
5558	206 
5559	141 
5560	199 
5561	177 
5562	237 
5563	151 
5564	233 
5565	188 
5566	221 
5567	207 
5568	94 
5569	8 
5570	79 
5571	58 
5572	92 
5573	139 
5574	239 
5575	68 
5576	86 
5577	45 
5578	280 
5579	141 
5580	30 
5581	183 
5582	269 
5583	167 
5584	82 
5585	162 
5586	111 
5587	133 
5588	24 
5589	154 
5590	151 
5591	282 
5592	104 
5593	225 
5594	104 
5595	113 
5596	188 
5597	252 
5598	235 
5599	99 
5600	161 
5601	179 
5602	83 
5603	167 
5604	241 
5605	15 
5606	161 
5607	76 
5608	76 
5609	5 
5610	129 
5611	203 
5612	241 
5613	122 
5614	101 
5615	169 
5616	167 
5617	235 
5618	173 
5619	287 
5620	154 
5621	250 
5622	245 
5623	49 
5624	234 
5625	68 
5626	100 
5627	283 
5628	68 
5629	206 
5630	286 
5631	163 
5632	270 
5633	174 
5634	163 
5635	197 
5636	2 
5637	64 
5638	194 
5639	83 
5640	273 
5641	79 
5642	287 
5643	146 
5644	196 
5645	92 
5646	244 
5647	23 
5648	139 
5649	155 
5650	147 
5651	67 
5652	14 
5653	261 
5654	33 
5655	27 
5656	108 
5657	3 
5658	217 
5659	68 
5660	83 
5661	113 
5662	175 
5663	91 
5664	53 
5665	263 
5666	248 
5667	186 
5668	169 
5669	204 
5670	206 
5671	174 
5672	27 
5673	8 
5674	114 
5675	230 
5676	217 
5677	97 
5678	124 
5679	163 
5680	169 
5681	222 
5682	59 
5683	258 
5684	161 
5685	45 
5686	76 
5687	18 
5688	96 
5689	130 
5690	130 
5691	69 
5692	156 
5693	146 
5694	216 
5695	234 
5696	205 
5697	279 
5698	197 
5699	186 
5700	255 
5701	80 
5702	5 
5703	105 
5704	233 
5705	200 
5706	105 
5707	45 
5708	280 
5709	110 
5710	3 
5711	85 
5712	238 
5713	167 
5714	60 
5715	270 
5716	146 
5717	241 
5718	203 
5719	222 
5720	42 
5721	273 
5722	115 
5723	238 
5724	162 
5725	141 
5726	96 
5727	146 
5728	130 
5729	66 
5730	212 
5731	63 
5732	41 
5733	219 
5734	249 
5735	246 
5736	165 
5737	226 
5738	184 
5739	206 
5740	15 
5741	198 
5742	281 
5743	273 
5744	43 
5745	208 
5746	81 
5747	286 
5748	15 
5749	179 
5750	198 
5751	134 
5752	270 
5753	122 
5754	165 
5755	244 
5756	89 
5757	15 
5758	9 
5759	211 
5760	237 
5761	91 
5762	130 
5763	211 
5764	196 
5765	246 
5766	113 
5767	20 
5768	254 
5769	79 
5770	163 
5771	17 
5772	261 
5773	156 
5774	31 
5775	198 
5776	175 
5777	260 
5778	70 
5779	207 
5780	267 
5781	175 
5782	3 
5783	284 
5784	72 
5785	97 
5786	213 
5787	234 
5788	81 
5789	225 
5790	17 
5791	196 
5792	138 
5793	57 
5794	152 
5795	242 
5796	11 
5797	211 
5798	107 
5799	107 
5800	18 
5801	114 
5802	239 
5803	4 
5804	252 
5805	258 
5806	95 
5807	233 
5808	234 
5809	258 
5810	164 
5811	263 
5812	196 
5813	168 
5814	169 
5815	169 
5816	223 
5817	188 
5818	55 
5819	141 
5820	209 
5821	229 
5822	206 
5823	95 
5824	77 
5825	104 
5826	46 
5827	38 
5828	173 
5829	192 
5830	193 
5831	20 
5832	83 
5833	38 
5834	49 
5835	150 
5836	156 
5837	193 
5838	19 
5839	143 
5840	169 
5841	137 
5842	284 
5843	59 
5844	286 
5845	221 
5846	3 
5847	151 
5848	59 
5849	249 
5850	132 
5851	100 
5852	18 
5853	1 
5854	17 
5855	180 
5856	126 
5857	106 
5858	240 
5859	38 
5860	79 
5861	41 
5862	60 
5863	171 
5864	12 
5865	282 
5866	113 
5867	232 
5868	246 
5869	176 
5870	261 
5871	119 
5872	267 
5873	243 
5874	57 
5875	81 
5876	146 
5877	268 
5878	53 
5879	183 
5880	159 
5881	117 
5882	172 
5883	202 
5884	211 
5885	97 
5886	228 
5887	228 
5888	93 
5889	41 
5890	180 
5891	156 
5892	238 
5893	272 
5894	234 
5895	189 
5896	283 
5897	188 
5898	190 
5899	222 
5900	200 
5901	51 
5902	177 
5903	11 
5904	124 
5905	56 
5906	92 
5907	174 
5908	246 
5909	43 
5910	139 
5911	20 
5912	223 
5913	241 
5914	173 
5915	192 
5916	123 
5917	211 
5918	219 
5919	236 
5920	263 
5921	187 
5922	188 
5923	141 
5924	195 
5925	161 
5926	130 
5927	219 
5928	244 
5929	263 
5930	15 
5931	213 
5932	51 
5933	228 
5934	113 
5935	42 
5936	257 
5937	34 
5938	263 
5939	57 
5940	177 
5941	260 
5942	67 
5943	47 
5944	47 
5945	244 
5946	235 
5947	133 
5948	109 
5949	38 
5950	244 
5951	230 
5952	282 
5953	117 
5954	202 
5955	128 
5956	27 
5957	228 
5958	13 
5959	272 
5960	191 
5961	3 
5962	56 
5963	202 
5964	12 
5965	253 
5966	107 
5967	183 
5968	246 
5969	13 
5970	229 
5971	107 
5972	91 
5973	113 
5974	225 
5975	100 
5976	109 
5977	226 
5978	88 
5979	27 
5980	187 
5981	240 
5982	73 
5983	138 
5984	81 
5985	109 
5986	32 
5987	168 
5988	56 
5989	66 
5990	156 
5991	95 
5992	132 
5993	4 
5994	54 
5995	266 
5996	139 
5997	32 
5998	228 
5999	128 
6000	186 
6001	183 
6002	108 
6003	163 
6004	128 
6005	16 
6006	166 
6007	100 
6008	205 
6009	121 
6010	275 
6011	213 
6012	94 
6013	203 
6014	38 
6015	158 
6016	155 
6017	137 
6018	204 
6019	76 
6020	33 
6021	83 
6022	191 
6023	54 
6024	132 
6025	45 
6026	15 
6027	132 
6028	89 
6029	175 
6030	254 
6031	284 
6032	111 
6033	277 
6034	200 
6035	194 
6036	133 
6037	241 
6038	66 
6039	3 
6040	151 
6041	19 
6042	166 
6043	98 
6044	239 
6045	154 
6046	254 
6047	169 
6048	96 
6049	81 
6050	183 
6051	26 
6052	73 
6053	265 
6054	188 
6055	154 
6056	59 
6057	150 
6058	232 
6059	170 
6060	284 
6061	189 
6062	104 
6063	261 
6064	53 
6065	33 
6066	206 
6067	250 
6068	261 
6069	23 
6070	155 
6071	59 
6072	249 
6073	209 
6074	150 
6075	76 
6076	187 
6077	187 
6078	169 
6079	262 
6080	198 
6081	132 
6082	205 
6083	273 
6084	75 
6085	142 
6086	36 
6087	244 
6088	27 
6089	14 
6090	135 
6091	261 
6092	142 
6093	246 
6094	11 
6095	121 
6096	121 
6097	143 
6098	164 
6099	4 
6100	81 
6101	33 
6102	84 
6103	161 
6104	150 
6105	58 
6106	270 
6107	285 
6108	279 
6109	32 
6110	138 
6111	147 
6112	89 
6113	95 
6114	114 
6115	211 
6116	265 
6117	23 
6118	5 
6119	141 
6120	113 
6121	248 
6122	257 
6123	46 
6124	155 
6125	53 
6126	94 
6127	35 
6128	114 
6129	225 
6130	116 
6131	91 
6132	236 
6133	37 
6134	37 
6135	57 
6136	251 
6137	29 
6138	86 
6139	12 
6140	177 
6141	107 
6142	170 
6143	230 
6144	14 
6145	243 
6146	144 
6147	147 
6148	149 
6149	122 
6150	49 
6151	4 
6152	12 
6153	166 
6154	275 
6155	199 
6156	16 
6157	60 
6158	213 
6159	246 
6160	89 
6161	273 
6162	53 
6163	54 
6164	253 
6165	100 
6166	196 
6167	45 
6168	199 
6169	41 
6170	261 
6171	114 
6172	202 
6173	276 
6174	152 
6175	89 
6176	266 
6177	169 
6178	207 
6179	101 
6180	44 
6181	84 
6182	168 
6183	194 
6184	164 
6185	256 
6186	272 
6187	177 
6188	253 
6189	13 
6190	165 
6191	165 
6192	195 
6193	116 
6194	108 
6195	189 
6196	96 
6197	213 
6198	243 
6199	84 
6200	160 
6201	29 
6202	75 
6203	80 
6204	254 
6205	32 
6206	184 
6207	238 
6208	104 
6209	50 
6210	243 
6211	174 
6212	258 
6213	119 
6214	111 
6215	122 
6216	147 
6217	206 
6218	183 
6219	240 
6220	146 
6221	78 
6222	142 
6223	209 
6224	63 
6225	146 
6226	190 
6227	203 
6228	79 
6229	2 
6230	188 
6231	173 
6232	99 
6233	106 
6234	76 
6235	261 
6236	143 
6237	75 
6238	15 
6239	132 
6240	149 
6241	129 
6242	15 
6243	33 
6244	33 
6245	37 
6246	15 
6247	214 
6248	198 
6249	91 
6250	172 
6251	124 
6252	174 
6253	100 
6254	167 
6255	68 
6256	250 
6257	73 
6258	147 
6259	172 
6260	277 
6261	272 
6262	162 
6263	47 
6264	238 
6265	73 
6266	79 
6267	130 
6268	177 
6269	256 
6270	26 
6271	257 
6272	275 
6273	57 
6274	141 
6275	4 
6276	211 
6277	256 
6278	218 
6279	69 
6280	3 
6281	253 
6282	168 
6283	43 
6284	122 
6285	252 
6286	241 
6287	281 
6288	140 
6289	217 
6290	243 
6291	263 
6292	173 
6293	55 
6294	170 
6295	104 
6296	150 
6297	56 
6298	270 
6299	162 
6300	209 
6301	123 
6302	13 
6303	111 
6304	206 
6305	106 
6306	68 
6307	31 
6308	272 
6309	119 
6310	277 
6311	252 
6312	214 
6313	124 
6314	258 
6315	286 
6316	280 
6317	112 
6318	204 
6319	5 
6320	254 
6321	135 
6322	126 
6323	184 
6324	171 
6325	187 
6326	196 
6327	140 
6328	256 
6329	130 
6330	218 
6331	173 
6332	25 
6333	33 
6334	92 
6335	235 
6336	158 
6337	27 
6338	42 
6339	134 
6340	60 
6341	166 
6342	95 
6343	40 
6344	284 
6345	71 
6346	244 
6347	130 
6348	158 
6349	12 
6350	150 
6351	164 
6352	78 
6353	234 
6354	263 
6355	71 
6356	84 
6357	265 
6358	38 
6359	104 
6360	112 
6361	91 
6362	140 
6363	84 
6364	214 
6365	42 
6366	93 
6367	126 
6368	186 
6369	286 
6370	249 
6371	93 
6372	186 
6373	166 
6374	249 
6375	166 
6376	51 
6377	287 
6378	46 
6379	112 
6380	224 
6381	108 
6382	141 
6383	215 
6384	221 
6385	202 
6386	287 
6387	229 
6388	4 
6389	44 
6390	172 
6391	1 
6392	49 
6393	153 
6394	183 
6395	76 
6396	236 
6397	204 
6398	152 
6399	146 
6400	253 
6401	75 
6402	36 
6403	180 
6404	207 
6405	158 
6406	115 
6407	76 
6408	266 
6409	129 
6410	94 
6411	43 
6412	258 
6413	123 
6414	253 
6415	260 
6416	147 
6417	27 
6418	20 
6419	232 
6420	30 
6421	67 
6422	154 
6423	171 
6424	193 
6425	270 
6426	135 
6427	244 
6428	99 
6429	96 
6430	141 
6431	111 
6432	45 
6433	116 
6434	25 
6435	146 
6436	96 
6437	96 
6438	226 
6439	236 
6440	36 
6441	276 
6442	99 
6443	63 
6444	16 
6445	263 
6446	107 
6447	241 
6448	16 
6449	84 
6450	123 
6451	89 
6452	220 
6453	139 
6454	258 
6455	79 
6456	72 
6457	256 
6458	238 
6459	220 
6460	83 
6461	115 
6462	51 
6463	139 
6464	272 
6465	177 
6466	72 
6467	158 
6468	233 
6469	46 
6470	237 
6471	204 
6472	165 
6473	1 
6474	253 
6475	270 
6476	167 
6477	133 
6478	194 
6479	241 
6480	110 
6481	101 
6482	66 
6483	217 
6484	5 
6485	215 
6486	272 
6487	200 
6488	197 
6489	96 
6490	51 
6491	241 
6492	97 
6493	220 
6494	170 
6495	13 
6496	266 
6497	260 
6498	217 
6499	267 
6500	73 
6501	70 
6502	24 
6503	171 
6504	286 
6505	283 
6506	170 
6507	282 
6508	20 
6509	252 
6510	100 
6511	199 
6512	72 
6513	91 
6514	132 
6515	242 
6516	105 
6517	41 
6518	207 
6519	99 
6520	187 
6521	112 
6522	79 
6523	143 
6524	80 
6525	224 
6526	51 
6527	197 
6528	189 
6529	71 
6530	49 
6531	73 
6532	70 
6533	130 
6534	144 
6535	123 
6536	284 
6537	69 
6538	15 
6539	73 
6540	95 
6541	122 
6542	71 
6543	282 
6544	1 
6545	38 
6546	230 
6547	58 
6548	76 
6549	214 
6550	261 
6551	177 
6552	51 
6553	215 
6554	217 
6555	27 
6556	111 
6557	187 
6558	57 
6559	101 
6560	168 
6561	257 
6562	245 
6563	158 
6564	277 
6565	277 
6566	252 
6567	206 
6568	156 
6569	276 
6570	202 
6571	11 
6572	83 
6573	236 
6574	265 
6575	261 
6576	15 
6577	58 
6578	68 
6579	253 
6580	213 
6581	202 
6582	166 
6583	142 
6584	160 
6585	106 
6586	266 
6587	13 
6588	253 
6589	236 
6590	86 
6591	14 
6592	116 
6593	60 
6594	29 
6595	175 
6596	132 
6597	272 
6598	35 
6599	167 
6600	63 
6601	245 
6602	135 
6603	166 
6604	19 
6605	112 
6606	46 
6607	242 
6608	101 
6609	38 
6610	224 
6611	58 
6612	230 
6613	124 
6614	115 
6615	172 
6616	194 
6617	132 
6618	120 
6619	15 
6620	177 
6621	156 
6622	194 
6623	1 
6624	46 
6625	287 
6626	270 
6627	134 
6628	206 
6629	168 
6630	89 
6631	100 
6632	129 
6633	101 
6634	66 
6635	214 
6636	119 
6637	42 
6638	169 
6639	207 
6640	143 
6641	261 
6642	242 
6643	244 
6644	50 
6645	244 
6646	202 
6647	143 
6648	166 
6649	285 
6650	71 
6651	175 
6652	156 
6653	172 
6654	105 
6655	150 
6656	284 
6657	150 
6658	174 
6659	95 
6660	222 
6661	277 
6662	33 
6663	75 
6664	79 
6665	199 
6666	249 
6667	38 
6668	284 
6669	8 
6670	276 
6671	244 
6672	175 
6673	272 
6674	71 
6675	280 
6676	203 
6677	76 
6678	204 
6679	254 
6680	180 
6681	36 
6682	181 
6683	176 
6684	89 
6685	107 
6686	56 
6687	46 
6688	245 
6689	225 
6690	168 
6691	59 
6692	261 
6693	215 
6694	206 
6695	135 
6696	263 
6697	221 
6698	43 
6699	128 
6700	258 
6701	129 
6702	235 
6703	261 
6704	46 
6705	108 
6706	161 
6707	244 
6708	19 
6709	141 
6710	135 
6711	36 
6712	46 
6713	198 
6714	169 
6715	181 
6716	258 
6717	88 
6718	84 
6719	184 
6720	189 
6721	13 
6722	215 
6723	14 
6724	249 
6725	135 
6726	146 
6727	107 
6728	258 
6729	196 
6730	83 
6731	203 
6732	86 
6733	142 
6734	117 
6735	161 
6736	252 
6737	175 
6738	255 
6739	63 
6740	92 
6741	258 
6742	113 
6743	272 
6744	60 
6745	69 
6746	29 
6747	220 
6748	199 
6749	29 
6750	135 
6751	114 
6752	108 
6753	106 
6754	11 
6755	111 
6756	207 
6757	220 
6758	96 
6759	174 
6760	202 
6761	4 
6762	60 
6763	107 
6764	283 
6765	58 
6766	174 
6767	144 
6768	40 
6769	57 
6770	112 
6771	97 
6772	134 
6773	1 
6774	68 
6775	139 
6776	172 
6777	219 
6778	101 
6779	59 
6780	182 
6781	224 
6782	30 
6783	46 
6784	190 
6785	67 
6786	142 
6787	38 
6788	83 
6789	169 
6790	5 
6791	80 
6792	197 
6793	216 
6794	186 
6795	23 
6796	60 
6797	113 
6798	112 
6799	100 
6800	198 
6801	106 
6802	139 
6803	258 
6804	146 
6805	190 
6806	272 
6807	161 
6808	47 
6809	230 
6810	31 
6811	51 
6812	200 
6813	229 
6814	207 
6815	25 
6816	221 
6817	189 
6818	4 
6819	73 
6820	205 
6821	213 
6822	142 
6823	128 
6824	179 
6825	56 
6826	110 
6827	221 
6828	45 
6829	135 
6830	8 
6831	56 
6832	36 
6833	151 
6834	76 
6835	197 
6836	30 
6837	38 
6838	228 
6839	117 
6840	267 
6841	112 
6842	64 
6843	192 
6844	109 
6845	202 
6846	108 
6847	75 
6848	69 
6849	76 
6850	109 
6851	63 
6852	153 
6853	188 
6854	13 
6855	110 
6856	88 
6857	211 
6858	36 
6859	234 
6860	203 
6861	222 
6862	40 
6863	24 
6864	121 
6865	204 
6866	99 
6867	96 
6868	213 
6869	251 
6870	108 
6871	64 
6872	277 
6873	241 
6874	179 
6875	142 
6876	267 
6877	91 
6878	267 
6879	161 
6880	73 
6881	25 
6882	226 
6883	126 
6884	43 
6885	230 
6886	280 
6887	66 
6888	214 
6889	68 
6890	98 
6891	129 
6892	134 
6893	143 
6894	283 
6895	40 
6896	46 
6897	238 
6898	236 
6899	196 
6900	253 
6901	252 
6902	187 
6903	190 
6904	233 
6905	15 
6906	101 
6907	141 
6908	188 
6909	31 
6910	160 
6911	108 
6912	276 
6913	66 
6914	234 
6915	256 
6916	70 
6917	238 
6918	86 
6919	38 
6920	78 
6921	27 
6922	188 
6923	235 
6924	258 
6925	100 
6926	73 
6927	67 
6928	167 
6929	206 
6930	169 
6931	67 
6932	138 
6933	190 
6934	242 
6935	1 
6936	258 
6937	109 
6938	262 
6939	253 
6940	16 
6941	175 
6942	67 
6943	244 
6944	242 
6945	97 
6946	284 
6947	169 
6948	126 
6949	205 
6950	228 
6951	270 
6952	1 
6953	110 
6954	8 
6955	230 
6956	166 
6957	105 
6958	116 
6959	31 
6960	242 
6961	273 
6962	196 
6963	141 
6964	123 
6965	257 
6966	234 
6967	44 
6968	59 
6969	265 
6970	172 
6971	171 
6972	32 
6973	86 
6974	101 
6975	229 
6976	75 
6977	81 
6978	122 
6979	124 
6980	255 
6981	191 
6982	8 
6983	33 
6984	50 
6985	276 
6986	162 
6987	140 
6988	241 
6989	217 
6990	141 
6991	245 
6992	126 
6993	107 
6994	183 
6995	75 
6996	116 
6997	287 
6998	222 
6999	15 
7000	285 
7001	27 
7002	238 
7003	11 
7004	273 
7005	215 
7006	141 
7007	167 
7008	50 
7009	169 
7010	2 
7011	255 
7012	272 
7013	32 
7014	282 
7015	37 
7016	34 
7017	189 
7018	30 
7019	234 
7020	167 
7021	164 
7022	187 
7023	244 
7024	36 
7025	49 
7026	166 
7027	167 
7028	1 
7029	40 
7030	112 
7031	57 
7032	284 
7033	159 
7034	245 
7035	161 
7036	95 
7037	275 
7038	79 
7039	34 
7040	181 
7041	133 
7042	170 
7043	142 
7044	31 
7045	100 
7046	126 
7047	171 
7048	287 
7049	29 
7050	73 
7051	86 
7052	50 
7053	56 
7054	123 
7055	151 
7056	169 
7057	57 
7058	186 
7059	204 
7060	51 
7061	203 
7062	73 
7063	242 
7064	285 
7065	29 
7066	35 
7067	143 
7068	153 
7069	44 
7070	244 
7071	96 
7072	72 
7073	3 
7074	166 
7075	241 
7076	119 
7077	213 
7078	121 
7079	241 
7080	112 
7081	265 
7082	160 
7083	24 
7084	86 
7085	124 
7086	109 
7087	73 
7088	129 
7089	89 
7090	190 
7091	23 
7092	58 
7093	67 
7094	2 
7095	176 
7096	79 
7097	124 
7098	181 
7099	38 
7100	107 
7101	130 
7102	132 
7103	99 
7104	107 
7105	69 
7106	162 
7107	258 
7108	200 
7109	66 
7110	84 
7111	206 
7112	69 
7113	75 
7114	11 
7115	86 
7116	150 
7117	27 
7118	1 
7119	194 
7120	64 
7121	230 
7122	248 
7123	197 
7124	164 
7125	128 
7126	3 
7127	92 
7128	263 
7129	175 
7130	245 
7131	161 
7132	38 
7133	25 
7134	158 
7135	171 
7136	33 
7137	213 
7138	96 
7139	171 
7140	156 
7141	238 
7142	172 
7143	33 
7144	33 
7145	70 
7146	14 
7147	130 
7148	265 
7149	277 
7150	268 
7151	23 
7152	200 
7153	30 
7154	242 
7155	126 
7156	57 
7157	166 
7158	58 
7159	81 
7160	114 
7161	100 
7162	236 
7163	45 
7164	277 
7165	220 
7166	37 
7167	224 
7168	249 
7169	261 
7170	111 
7171	275 
7172	186 
7173	104 
7174	160 
7175	24 
7176	237 
7177	256 
7178	260 
7179	169 
7180	107 
7181	211 
7182	246 
7183	107 
7184	57 
7185	219 
7186	108 
7187	169 
7188	179 
7189	177 
7190	5 
7191	115 
7192	241 
7193	37 
7194	183 
7195	64 
7196	79 
7197	257 
7198	95 
7199	135 
7200	230 
7201	60 
7202	260 
7203	169 
7204	53 
7205	114 
7206	63 
7207	119 
7208	113 
7209	242 
7210	241 
7211	99 
7212	213 
7213	236 
7214	158 
7215	144 
7216	257 
7217	211 
7218	24 
7219	60 
7220	280 
7221	245 
7222	113 
7223	41 
7224	75 
7225	58 
7226	79 
7227	241 
7228	182 
7229	71 
7230	220 
7231	233 
7232	76 
7233	32 
7234	95 
7235	228 
7236	146 
7237	56 
7238	244 
7239	255 
7240	32 
7241	207 
7242	19 
7243	236 
7244	76 
7245	261 
7246	263 
7247	108 
7248	238 
7249	254 
7250	134 
7251	123 
7252	69 
7253	59 
7254	100 
7255	221 
7256	83 
7257	191 
7258	257 
7259	59 
7260	270 
7261	275 
7262	134 
7263	263 
7264	262 
7265	160 
7266	284 
7267	282 
7268	79 
7269	33 
7270	166 
7271	153 
7272	58 
7273	8 
7274	287 
7275	277 
7276	13 
7277	26 
7278	51 
7279	110 
7280	24 
7281	254 
7282	33 
7283	166 
7284	268 
7285	220 
7286	60 
7287	71 
7288	63 
7289	79 
7290	58 
7291	132 
7292	176 
7293	254 
7294	56 
7295	163 
7296	4 
7297	253 
7298	200 
7299	141 
7300	169 
7301	83 
7302	217 
7303	50 
7304	126 
7305	169 
7306	75 
7307	286 
7308	1 
7309	110 
7310	162 
7311	121 
7312	186 
7313	260 
7314	51 
7315	248 
7316	138 
7317	108 
7318	175 
7319	111 
7320	128 
7321	137 
7322	189 
7323	189 
7324	171 
7325	163 
7326	188 
7327	272 
7328	2 
7329	33 
7330	37 
7331	27 
7332	58 
7333	80 
7334	75 
7335	164 
7336	214 
7337	121 
7338	78 
7339	15 
7340	219 
7341	132 
7342	186 
7343	188 
7344	15 
7345	1 
7346	174 
7347	2 
7348	206 
7349	276 
7350	51 
7351	244 
7352	3 
7353	143 
7354	270 
7355	80 
7356	23 
7357	93 
7358	134 
7359	105 
7360	248 
7361	165 
7362	143 
7363	200 
7364	238 
7365	49 
7366	8 
7367	124 
7368	105 
7369	246 
7370	206 
7371	8 
7372	225 
7373	243 
7374	139 
7375	172 
7376	228 
7377	188 
7378	177 
7379	23 
7380	106 
7381	284 
7382	79 
7383	53 
7384	253 
7385	73 
7386	241 
7387	69 
7388	111 
7389	91 
7390	33 
7391	268 
7392	222 
7393	27 
7394	188 
7395	244 
7396	78 
7397	66 
7398	282 
7399	255 
7400	225 
7401	84 
7402	45 
7403	80 
7404	69 
7405	24 
7406	280 
7407	49 
7408	80 
7409	219 
7410	261 
7411	219 
7412	104 
7413	97 
7414	243 
7415	66 
7416	26 
7417	144 
7418	177 
7419	43 
7420	249 
7421	110 
7422	96 
7423	32 
7424	67 
7425	255 
7426	191 
7427	177 
7428	108 
7429	58 
7430	138 
7431	286 
7432	56 
7433	285 
7434	63 
7435	151 
7436	161 
7437	67 
7438	78 
7439	11 
7440	66 
7441	253 
7442	138 
7443	217 
7444	138 
7445	261 
7446	287 
7447	78 
7448	66 
7449	214 
7450	2 
7451	98 
7452	11 
7453	139 
7454	129 
7455	215 
7456	286 
7457	41 
7458	226 
7459	266 
7460	70 
7461	173 
7462	133 
7463	112 
7464	161 
7465	213 
7466	162 
7467	175 
7468	165 
7469	33 
7470	81 
7471	235 
7472	266 
7473	137 
7474	202 
7475	216 
7476	139 
7477	134 
7478	56 
7479	124 
7480	132 
7481	277 
7482	86 
7483	263 
7484	221 
7485	101 
7486	91 
7487	26 
7488	11 
7489	112 
7490	188 
7491	167 
7492	46 
7493	184 
7494	139 
7495	246 
7496	31 
7497	202 
7498	76 
7499	81 
7500	113 
7501	144 
7502	161 
7503	129 
7504	191 
7505	169 
7506	56 
7507	182 
7508	25 
7509	12 
7510	142 
7511	261 
7512	220 
7513	73 
7514	33 
7515	46 
7516	133 
7517	253 
7518	96 
7519	66 
7520	91 
7521	71 
7522	260 
7523	69 
7524	277 
7525	99 
7526	241 
7527	49 
7528	141 
7529	16 
7530	282 
7531	33 
7532	196 
7533	95 
7534	188 
7535	38 
7536	132 
7537	101 
7538	189 
7539	162 
7540	222 
7541	115 
7542	249 
7543	207 
7544	129 
7545	137 
7546	180 
7547	23 
7548	25 
7549	45 
7550	5 
7551	15 
7552	184 
7553	38 
7554	97 
7555	270 
7556	258 
7557	59 
7558	138 
7559	58 
7560	181 
7561	126 
7562	78 
7563	158 
7564	287 
7565	241 
7566	186 
7567	68 
7568	175 
7569	4 
7570	150 
7571	89 
7572	150 
7573	163 
7574	133 
7575	86 
7576	84 
7577	124 
7578	139 
7579	38 
7580	194 
7581	164 
7582	132 
7583	162 
7584	98 
7585	57 
7586	51 
7587	282 
7588	139 
7589	78 
7590	167 
7591	211 
7592	254 
7593	83 
7594	50 
7595	180 
7596	99 
7597	170 
7598	86 
7599	173 
7600	272 
7601	220 
7602	266 
7603	242 
7604	216 
7605	173 
7606	186 
7607	67 
7608	165 
7609	24 
7610	69 
7611	64 
7612	139 
7613	151 
7614	273 
7615	96 
7616	236 
7617	101 
7618	13 
7619	141 
7620	162 
7621	66 
7622	272 
7623	229 
7624	40 
7625	126 
7626	14 
7627	150 
7628	189 
7629	280 
7630	98 
7631	31 
7632	40 
7633	121 
7634	135 
7635	113 
7636	272 
7637	93 
7638	261 
7639	252 
7640	268 
7641	199 
7642	130 
7643	35 
7644	101 
7645	186 
7646	79 
7647	263 
7648	2 
7649	195 
7650	3 
7651	115 
7652	176 
7653	1 
7654	284 
7655	244 
7656	176 
7657	76 
7658	50 
7659	138 
7660	255 
7661	141 
7662	41 
7663	224 
7664	142 
7665	156 
7666	216 
7667	277 
7668	31 
7669	217 
7670	45 
7671	12 
7672	156 
7673	156 
7674	33 
7675	144 
7676	66 
7677	126 
7678	194 
7679	50 
7680	242 
7681	80 
7682	206 
7683	13 
7684	108 
7685	156 
7686	41 
7687	40 
7688	129 
7689	130 
7690	244 
7691	220 
7692	255 
7693	179 
7694	173 
7695	41 
7696	66 
7697	183 
7698	25 
7699	252 
7700	75 
7701	225 
7702	164 
7703	63 
7704	173 
7705	80 
7706	24 
7707	109 
7708	1 
7709	53 
7710	37 
7711	40 
7712	1 
7713	166 
7714	109 
7715	59 
7716	15 
7717	75 
7718	33 
7719	188 
7720	124 
7721	186 
7722	56 
7723	165 
7724	206 
7725	166 
7726	273 
7727	44 
7728	242 
7729	207 
7730	33 
7731	236 
7732	144 
7733	124 
7734	2 
7735	32 
7736	67 
7737	255 
7738	183 
7739	86 
7740	261 
7741	96 
7742	220 
7743	216 
7744	44 
7745	287 
7746	75 
7747	26 
7748	37 
7749	68 
7750	24 
7751	80 
7752	196 
7753	132 
7754	71 
7755	287 
7756	189 
7757	40 
7758	116 
7759	147 
7760	221 
7761	150 
7762	215 
7763	216 
7764	171 
7765	84 
7766	235 
7767	31 
7768	12 
7769	69 
7770	243 
7771	113 
7772	285 
7773	237 
7774	119 
7775	146 
7776	4 
7777	99 
7778	203 
7779	99 
7780	189 
7781	33 
7782	248 
7783	45 
7784	19 
7785	104 
7786	196 
7787	110 
7788	129 
7789	84 
7790	280 
7791	207 
7792	91 
7793	14 
7794	133 
7795	164 
7796	30 
7797	170 
7798	130 
7799	182 
7800	37 
7801	195 
7802	196 
7803	67 
7804	78 
7805	205 
7806	78 
7807	273 
7808	194 
7809	114 
7810	76 
7811	194 
7812	146 
7813	35 
7814	86 
7815	64 
7816	63 
7817	3 
7818	23 
7819	202 
7820	188 
7821	177 
7822	115 
7823	147 
7824	179 
7825	190 
7826	12 
7827	83 
7828	188 
7829	79 
7830	12 
7831	14 
7832	230 
7833	112 
7834	200 
7835	285 
7836	220 
7837	64 
7838	166 
7839	170 
7840	86 
7841	147 
7842	146 
7843	142 
7844	79 
7845	11 
7846	112 
7847	196 
7848	169 
7849	76 
7850	89 
7851	27 
7852	100 
7853	23 
7854	76 
7855	78 
7856	139 
7857	15 
7858	184 
7859	67 
7860	203 
7861	66 
7862	89 
7863	107 
7864	182 
7865	130 
7866	107 
7867	1 
7868	53 
7869	13 
7870	132 
7871	56 
7872	113 
7873	23 
7874	190 
7875	84 
7876	230 
7877	45 
7878	260 
7879	280 
7880	211 
7881	186 
7882	95 
7883	184 
7884	1 
7885	78 
7886	142 
7887	220 
7888	51 
7889	89 
7890	26 
7891	32 
7892	211 
7893	175 
7894	57 
7895	64 
7896	76 
7897	108 
7898	228 
7899	80 
7900	184 
7901	174 
7902	272 
7903	234 
7904	66 
7905	3 
7906	258 
7907	213 
7908	153 
7909	110 
7910	141 
7911	96 
7912	146 
7913	124 
7914	105 
7915	270 
7916	153 
7917	229 
7918	135 
7919	97 
7920	86 
7921	207 
7922	179 
7923	45 
7924	241 
7925	138 
7926	56 
7927	66 
7928	181 
7929	129 
7930	176 
7931	97 
7932	96 
7933	166 
7934	265 
7935	206 
7936	179 
7937	101 
7938	158 
7939	253 
7940	257 
7941	159 
7942	97 
7943	84 
7944	33 
7945	4 
7946	97 
7947	272 
7948	236 
7949	280 
7950	181 
7951	11 
7952	183 
7953	190 
7954	130 
7955	139 
7956	59 
7957	186 
7958	248 
7959	187 
7960	235 
7961	166 
7962	142 
7963	175 
7964	180 
7965	263 
7966	78 
7967	46 
7968	245 
7969	84 
7970	134 
7971	122 
7972	66 
7973	215 
7974	139 
7975	105 
7976	280 
7977	217 
7978	58 
7979	66 
7980	101 
7981	242 
7982	141 
7983	5 
7984	64 
7985	84 
7986	84 
7987	101 
7988	246 
7989	256 
7990	150 
7991	68 
7992	97 
7993	70 
7994	175 
7995	230 
7996	129 
7997	50 
7998	285 
7999	109 
8000	132 
8001	83 
8002	3 
8003	46 
8004	241 
8005	31 
8006	44 
8007	186 
8008	283 
8009	107 
8010	225 
8011	45 
8012	27 
8013	5 
8014	43 
8015	173 
8016	31 
8017	46 
8018	15 
8019	115 
8020	70 
8021	68 
8022	126 
8023	181 
8024	101 
8025	143 
8026	101 
8027	108 
8028	112 
8029	228 
8030	151 
8031	161 
8032	153 
8033	78 
8034	287 
8035	195 
8036	68 
8037	175 
8038	40 
8039	129 
8040	38 
8041	44 
8042	238 
8043	276 
8044	211 
8045	254 
8046	207 
8047	184 
8048	245 
8049	215 
8050	95 
8051	194 
8052	141 
8053	243 
8054	99 
8055	190 
8056	164 
8057	156 
8058	202 
8059	60 
8060	115 
8061	283 
8062	255 
8063	270 
8064	163 
8065	63 
8066	86 
8067	215 
8068	285 
8069	43 
8070	124 
8071	159 
8072	75 
8073	284 
8074	53 
8075	235 
8076	70 
8077	283 
8078	156 
8079	180 
8080	101 
8081	203 
8082	177 
8083	181 
8084	97 
8085	238 
8086	31 
8087	64 
8088	132 
8089	108 
8090	147 
8091	272 
8092	123 
8093	5 
8094	100 
8095	257 
8096	64 
8097	126 
8098	276 
8099	2 
8100	78 
8101	243 
8102	233 
8103	56 
8104	204 
8105	8 
8106	241 
8107	169 
8108	144 
8109	162 
8110	175 
8111	166 
8112	4 
8113	164 
8114	45 
8115	213 
8116	27 
8117	244 
8118	64 
8119	95 
8120	220 
8121	3 
8122	202 
8123	242 
8124	166 
8125	80 
8126	174 
8127	194 
8128	40 
8129	198 
8130	204 
8131	173 
8132	1 
8133	75 
8134	134 
8135	63 
8136	101 
8137	176 
8138	27 
8139	217 
8140	265 
8141	141 
8142	242 
8143	273 
8144	81 
8145	217 
8146	24 
8147	15 
8148	213 
8149	215 
8150	132 
8151	81 
8152	33 
8153	76 
8154	16 
8155	83 
8156	229 
8157	253 
8158	141 
8159	159 
8160	169 
8161	135 
8162	258 
8163	79 
8164	123 
8165	198 
8166	189 
8167	96 
8168	101 
8169	107 
8170	146 
8171	153 
8172	221 
8173	73 
8174	230 
8175	68 
8176	235 
8177	204 
8178	1 
8179	59 
8180	71 
8181	99 
8182	135 
8183	147 
8184	71 
8185	121 
8186	162 
8187	228 
8188	107 
8189	4 
8190	159 
8191	151 
8192	163 
8193	63 
8194	257 
8195	270 
8196	165 
8197	245 
8198	73 
8199	59 
8200	173 
8201	261 
8202	91 
8203	189 
8204	161 
8205	270 
8206	101 
8207	38 
8208	241 
8209	46 
8210	114 
8211	217 
8212	64 
8213	84 
8214	130 
8215	248 
8216	235 
8217	238 
8218	81 
8219	215 
8220	132 
8221	188 
8222	165 
8223	89 
8224	130 
8225	5 
8226	84 
8227	44 
8228	189 
8229	270 
8230	12 
8231	164 
8232	76 
8233	112 
8234	122 
8235	44 
8236	245 
8237	134 
8238	273 
8239	183 
8240	114 
8241	225 
8242	30 
8243	43 
8244	228 
8245	107 
8246	229 
8247	70 
8248	258 
8249	142 
8250	176 
8251	13 
8252	78 
8253	213 
8254	153 
8255	189 
8256	146 
8257	161 
8258	13 
8259	63 
8260	244 
8261	180 
8262	188 
8263	50 
8264	138 
8265	100 
8266	30 
8267	119 
8268	146 
8269	23 
8270	37 
8271	86 
8272	249 
8273	119 
8274	99 
8275	30 
8276	189 
8277	25 
8278	113 
8279	207 
8280	151 
8281	203 
8282	183 
8283	31 
8284	144 
8285	188 
8286	59 
8287	195 
8288	233 
8289	285 
8290	182 
8291	255 
8292	109 
8293	70 
8294	104 
8295	242 
8296	124 
8297	236 
8298	280 
8299	164 
8300	169 
8301	204 
8302	159 
8303	81 
8304	254 
8305	113 
8306	69 
8307	211 
8308	133 
8309	3 
8310	66 
8311	67 
8312	261 
8313	258 
8314	3 
8315	151 
8316	169 
8317	3 
8318	133 
8319	255 
8320	12 
8321	177 
8322	31 
8323	195 
8324	273 
8325	2 
8326	164 
8327	43 
8328	76 
8329	235 
8330	135 
8331	143 
8332	204 
8333	124 
8334	44 
8335	67 
8336	167 
8337	175 
8338	189 
8339	158 
8340	143 
8341	129 
8342	195 
8343	188 
8344	3 
8345	139 
8346	43 
8347	204 
8348	138 
8349	241 
8350	122 
8351	56 
8352	151 
8353	76 
8354	113 
8355	177 
8356	257 
8357	202 
8358	113 
8359	175 
8360	263 
8361	284 
8362	96 
8363	175 
8364	276 
8365	177 
8366	119 
8367	139 
8368	53 
8369	51 
8370	126 
8371	122 
8372	182 
8373	79 
8374	31 
8375	46 
8376	280 
8377	110 
8378	147 
8379	229 
8380	45 
8381	38 
8382	194 
8383	176 
8384	5 
8385	287 
8386	236 
8387	37 
8388	182 
8389	229 
8390	265 
8391	31 
8392	144 
8393	3 
8394	280 
8395	216 
8396	56 
8397	86 
8398	100 
8399	139 
8400	244 
8401	66 
8402	56 
8403	285 
8404	66 
8405	86 
8406	170 
8407	260 
8408	146 
8409	139 
8410	220 
8411	123 
8412	161 
8413	243 
8414	270 
8415	162 
8416	96 
8417	69 
8418	161 
8419	253 
8420	235 
8421	119 
8422	245 
8423	69 
8424	126 
8425	272 
8426	83 
8427	68 
8428	186 
8429	159 
8430	249 
8431	56 
8432	81 
8433	57 
8434	146 
8435	175 
8436	1 
8437	167 
8438	78 
8439	166 
8440	130 
8441	133 
8442	60 
8443	51 
8444	189 
8445	76 
8446	280 
8447	26 
8448	122 
8449	71 
8450	151 
8451	46 
8452	107 
8453	141 
8454	97 
8455	119 
8456	143 
8457	287 
8458	245 
8459	260 
8460	107 
8461	285 
8462	188 
8463	195 
8464	258 
8465	46 
8466	141 
8467	162 
8468	107 
8469	41 
8470	270 
8471	164 
8472	123 
8473	11 
8474	235 
8475	64 
8476	144 
8477	158 
8478	100 
8479	258 
8480	66 
8481	37 
8482	96 
8483	63 
8484	206 
8485	285 
8486	86 
8487	37 
8488	110 
8489	225 
8490	15 
8491	121 
8492	170 
8493	265 
8494	15 
8495	96 
8496	146 
8497	130 
8498	284 
8499	44 
8500	86 
8501	164 
8502	167 
8503	270 
8504	46 
8505	167 
8506	270 
8507	249 
8508	83 
8509	181 
8510	79 
8511	89 
8512	165 
8513	122 
8514	221 
8515	104 
8516	170 
8517	100 
8518	216 
8519	108 
8520	183 
8521	132 
8522	4 
8523	142 
8524	153 
8525	142 
8526	135 
8527	276 
8528	217 
8529	84 
8530	5 
8531	144 
8532	180 
8533	243 
8534	276 
8535	109 
8536	195 
8537	260 
8538	285 
8539	221 
8540	242 
8541	51 
8542	43 
8543	38 
8544	46 
8545	198 
8546	248 
8547	96 
8548	261 
8549	207 
8550	69 
8551	258 
8552	13 
8553	95 
8554	189 
8555	129 
8556	30 
8557	78 
8558	73 
8559	38 
8560	129 
8561	141 
8562	119 
8563	64 
8564	124 
8565	45 
8566	167 
8567	135 
8568	144 
8569	23 
8570	11 
8571	255 
8572	63 
8573	177 
8574	11 
8575	161 
8576	129 
8577	25 
8578	156 
8579	235 
8580	176 
8581	68 
8582	66 
8583	126 
8584	3 
8585	287 
8586	166 
8587	1 
8588	161 
8589	134 
8590	143 
8591	173 
8592	255 
8593	31 
8594	4 
8595	84 
8596	257 
8597	43 
8598	257 
8599	108 
8600	107 
8601	124 
8602	165 
8603	151 
8604	135 
8605	73 
8606	126 
8607	220 
8608	213 
8609	86 
8610	245 
8611	107 
8612	71 
8613	66 
8614	33 
8615	75 
8616	44 
8617	66 
8618	207 
8619	58 
8620	161 
8621	3 
8622	59 
8623	235 
8624	66 
8625	253 
8626	211 
8627	86 
8628	167 
8629	27 
8630	204 
8631	30 
8632	284 
8633	69 
8634	83 
8635	84 
8636	229 
8637	162 
8638	123 
8639	113 
8640	249 
8641	132 
8642	25 
8643	166 
8644	183 
8645	107 
8646	280 
8647	11 
8648	95 
8649	183 
8650	221 
8651	8 
8652	167 
8653	121 
8654	75 
8655	198 
8656	255 
8657	59 
8658	273 
8659	265 
8660	30 
8661	181 
8662	159 
8663	285 
8664	176 
8665	123 
8666	139 
8667	59 
8668	107 
8669	76 
8670	101 
8671	58 
8672	272 
8673	100 
8674	101 
8675	3 
8676	80 
8677	26 
8678	156 
8679	57 
8680	58 
8681	143 
8682	215 
8683	236 
8684	25 
8685	236 
8686	84 
8687	130 
8688	276 
8689	230 
8690	270 
8691	64 
8692	235 
8693	76 
8694	43 
8695	66 
8696	284 
8697	202 
8698	13 
8699	261 
8700	108 
8701	89 
8702	258 
8703	104 
8704	38 
8705	188 
8706	50 
8707	206 
8708	15 
8709	83 
8710	207 
8711	60 
8712	78 
8713	230 
8714	225 
8715	153 
8716	175 
8717	64 
8718	101 
8719	151 
8720	173 
8721	99 
8722	166 
8723	109 
8724	244 
8725	56 
8726	161 
8727	180 
8728	277 
8729	144 
8730	134 
8731	89 
8732	37 
8733	130 
8734	248 
8735	142 
8736	30 
8737	260 
8738	121 
8739	11 
8740	75 
8741	241 
8742	195 
8743	235 
8744	129 
8745	238 
8746	119 
8747	189 
8748	261 
8749	181 
8750	89 
8751	166 
8752	130 
8753	139 
8754	84 
8755	161 
8756	261 
8757	196 
8758	243 
8759	75 
8760	188 
8761	241 
8762	284 
8763	25 
8764	236 
8765	228 
8766	220 
8767	217 
8768	169 
8769	109 
8770	107 
8771	215 
8772	59 
8773	97 
8774	126 
8775	130 
8776	64 
8777	144 
8778	221 
8779	158 
8780	139 
8781	139 
8782	121 
8783	270 
8784	242 
8785	58 
8786	4 
8787	26 
8788	244 
8789	113 
8790	80 
8791	177 
8792	273 
8793	225 
8794	68 
8795	287 
8796	107 
8797	195 
8798	24 
8799	81 
8800	273 
8801	207 
8802	213 
8803	69 
8804	146 
8805	153 
8806	257 
8807	66 
8808	121 
8809	24 
8810	33 
8811	68 
8812	57 
8813	164 
8814	258 
8815	207 
8816	245 
8817	43 
8818	230 
8819	202 
8820	135 
8821	158 
8822	119 
8823	124 
8824	198 
8825	5 
8826	71 
8827	95 
8828	159 
8829	121 
8830	71 
8831	164 
8832	225 
8833	287 
8834	107 
8835	5 
8836	101 
8837	123 
8838	37 
8839	228 
8840	276 
8841	110 
8842	50 
8843	99 
8844	255 
8845	122 
8846	76 
8847	81 
8848	113 
8849	257 
8850	50 
8851	202 
8852	169 
8853	277 
8854	60 
8855	241 
8856	228 
8857	16 
8858	242 
8859	139 
8860	242 
8861	164 
8862	81 
8863	150 
8864	280 
8865	89 
8866	63 
8867	150 
8868	164 
8869	13 
8870	95 
8871	166 
8872	280 
8873	159 
8874	129 
8875	43 
8876	161 
8877	146 
8878	97 
8879	245 
8880	182 
8881	58 
8882	142 
8883	213 
8884	108 
8885	257 
8886	166 
8887	162 
8888	194 
8889	37 
8890	23 
8891	166 
8892	83 
8893	60 
8894	150 
8895	95 
8896	194 
8897	129 
8898	217 
8899	153 
8900	243 
8901	143 
8902	217 
8903	4 
8904	195 
8905	169 
8906	228 
8907	276 
8908	255 
8909	254 
8910	132 
8911	76 
8912	287 
8913	33 
8914	95 
8915	30 
8916	121 
8917	198 
8918	244 
8919	260 
8920	129 
8921	73 
8922	60 
8923	176 
8924	119 
8925	30 
8926	159 
8927	270 
8928	33 
8929	84 
8930	23 
8931	16 
8932	79 
8933	84 
8934	182 
8935	31 
8936	141 
8937	60 
8938	167 
8939	158 
8940	258 
8941	142 
8942	15 
8943	95 
8944	285 
8945	58 
8946	211 
8947	96 
8948	112 
8949	186 
8950	182 
8951	59 
8952	235 
8953	161 
8954	126 
8955	151 
8956	133 
8957	176 
8958	76 
8959	4 
8960	89 
8961	196 
8962	198 
8963	273 
8964	8 
8965	207 
8966	78 
8967	177 
8968	280 
8969	176 
8970	241 
8971	213 
8972	79 
8973	96 
8974	150 
8975	206 
8976	45 
8977	78 
8978	165 
8979	253 
8980	195 
8981	100 
8982	38 
8983	24 
8984	260 
8985	220 
8986	284 
8987	158 
8988	129 
8989	167 
8990	56 
8991	46 
8992	196 
8993	242 
8994	13 
8995	166 
8996	68 
8997	66 
8998	255 
8999	80 
9000	79 
9001	113 
9002	245 
9003	126 
9004	255 
9005	86 
9006	249 
9007	86 
9008	158 
9009	217 
9010	238 
9011	188 
9012	66 
9013	1 
9014	119 
9015	206 
9016	67 
9017	113 
9018	31 
9019	236 
9020	104 
9021	280 
9022	13 
9023	84 
9024	83 
9025	165 
9026	270 
9027	66 
9028	139 
9029	253 
9030	230 
9031	186 
9032	242 
9033	273 
9034	1 
9035	86 
9036	86 
9037	182 
9038	73 
9039	83 
9040	16 
9041	150 
9042	132 
9043	38 
9044	206 
9045	244 
9046	141 
9047	71 
9048	73 
9049	261 
9050	71 
9051	16 
9052	202 
9053	71 
9054	162 
9055	132 
9056	277 
9057	100 
9058	27 
9059	108 
9060	81 
9061	270 
9062	211 
9063	64 
9064	81 
9065	173 
9066	261 
9067	245 
9068	69 
9069	159 
9070	71 
9071	68 
9072	76 
9073	84 
9074	169 
9075	84 
9076	164 
9077	141 
9078	50 
9079	11 
9080	75 
9081	159 
9082	57 
9083	150 
9084	80 
9085	33 
9086	165 
9087	241 
9088	225 
9089	49 
9090	23 
9091	165 
9092	45 
9093	76 
9094	79 
9095	142 
9096	130 
9097	285 
9098	194 
9099	60 
9100	150 
9101	11 
9102	183 
9103	81 
9104	64 
9105	38 
9106	248 
9107	243 
9108	46 
9109	84 
9110	253 
9111	80 
9112	132 
9113	24 
9114	146 
9115	188 
9116	175 
9117	220 
9118	15 
9119	175 
9120	13 
9121	241 
9122	134 
9123	150 
9124	245 
9125	107 
9126	164 
9127	16 
9128	27 
9129	258 
9130	24 
9131	64 
9132	135 
9133	69 
9134	24 
9135	236 
9136	175 
9137	217 
9138	66 
9139	196 
9140	104 
9141	33 
9142	37 
9143	134 
9144	80 
9145	30 
9146	207 
9147	108 
9148	24 
9149	173 
9150	173 
9151	142 
9152	132 
9153	108 
9154	164 
9155	161 
9156	230 
9157	25 
9158	176 
9159	60 
9160	238 
9161	207 
9162	96 
9163	97 
9164	202 
9165	272 
9166	78 
9167	255 
9168	162 
9169	83 
9170	177 
9171	108 
9172	141 
9173	244 
9174	164 
9175	79 
9176	31 
9177	169 
9178	79 
9179	272 
9180	112 
9181	173 
9182	132 
9183	221 
9184	33 
9185	170 
9186	89 
9187	177 
9188	284 
9189	83 
9190	159 
9191	133 
9192	285 
9193	151 
9194	215 
9195	38 
9196	139 
9197	253 
9198	244 
9199	189 
9200	195 
9201	15 
9202	4 
9203	68 
9204	75 
9205	3 
9206	188 
9207	186 
9208	109 
9209	96 
9210	230 
9211	236 
9212	242 
9213	132 
9214	33 
9215	261 
9216	169 
9217	166 
9218	142 
9219	143 
9220	95 
9221	99 
9222	67 
9223	165 
9224	46 
9225	142 
9226	40 
9227	30 
9228	170 
9229	5 
9230	241 
9231	248 
9232	57 
9233	57 
9234	13 
9235	38 
9236	130 
9237	260 
9238	225 
9239	78 
9240	156 
9241	138 
9242	97 
9243	134 
9244	58 
9245	130 
9246	64 
9247	195 
9248	242 
9249	23 
9250	13 
9251	113 
9252	221 
9253	253 
9254	284 
9255	58 
9256	78 
9257	104 
9258	285 
9259	134 
9260	230 
9261	287 
9262	27 
9263	215 
9264	238 
9265	258 
9266	287 
9267	241 
9268	156 
9269	96 
9270	23 
9271	167 
9272	245 
9273	169 
9274	143 
9275	11 
9276	162 
9277	101 
9278	213 
9279	24 
9280	270 
9281	169 
9282	40 
9283	186 
9284	91 
9285	25 
9286	71 
9287	159 
9288	40 
9289	3 
9290	78 
9291	45 
9292	84 
9293	204 
9294	86 
9295	287 
9296	130 
9297	273 
9298	175 
9299	46 
9300	110 
9301	64 
9302	108 
9303	242 
9304	134 
9305	221 
9306	217 
9307	96 
9308	11 
9309	142 
9310	242 
9311	75 
9312	76 
9313	95 
9314	104 
9315	217 
9316	13 
9317	217 
9318	204 
9319	142 
9320	107 
9321	184 
9322	40 
9323	67 
9324	202 
9325	151 
9326	68 
9327	1 
9328	135 
9329	188 
9330	67 
9331	253 
9332	248 
9333	13 
9334	40 
9335	141 
9336	4 
9337	221 
9338	146 
9339	270 
9340	184 
9341	63 
9342	175 
9343	64 
9344	184 
9345	248 
9346	169 
9347	129 
9348	241 
9349	167 
9350	166 
9351	79 
9352	78 
9353	33 
9354	91 
9355	108 
9356	225 
9357	164 
9358	78 
9359	170 
9360	217 
9361	24 
9362	245 
9363	285 
9364	245 
9365	104 
9366	156 
9367	135 
9368	100 
9369	236 
9370	186 
9371	108 
9372	156 
9373	79 
9374	235 
9375	277 
9376	135 
9377	244 
9378	38 
9379	13 
9380	3 
9381	207 
9382	1 
9383	287 
9384	253 
9385	217 
9386	68 
9387	3 
9388	16 
9389	175 
9390	33 
9391	202 
9392	37 
9393	66 
9394	202 
9395	277 
9396	97 
9397	64 
9398	59 
9399	86 
9400	76 
9401	83 
9402	89 
9403	68 
9404	204 
9405	66 
9406	169 
9407	177 
9408	40 
9409	173 
9410	236 
9411	78 
9412	221 
9413	285 
9414	230 
9415	162 
9416	202 
9417	230 
9418	84 
9419	285 
9420	46 
9421	60 
9422	96 
9423	99 
9424	86 
9425	284 
9426	100 
9427	75 
9428	277 
9429	130 
9430	30 
9431	66 
9432	30 
9433	273 
9434	83 
9435	161 
9436	130 
9437	238 
9438	40 
9439	80 
9440	263 
9441	96 
9442	211 
9443	194 
9444	101 
9445	23 
9446	80 
9447	166 
9448	241 
9449	95 
9450	143 
9451	13 
9452	194 
9453	64 
9454	71 
9455	89 
9456	27 
9457	156 
9458	161 
9459	230 
9460	263 
9461	186 
9462	15 
9463	107 
9464	71 
9465	89 
9466	81 
9467	80 
9468	30 
9469	38 
9470	142 
9471	285 
9472	27 
9473	287 
9474	79 
9475	24 
9476	156 
9477	146 
9478	244 
9479	73 
9480	80 
9481	272 
9482	108 
9483	97 
9484	207 
9485	143 
9486	96 
9487	244 
9488	66 
9489	23 
9490	169 
9491	129 
9492	207 
9493	4 
9494	112 
9495	101 
9496	235 
9497	159 
9498	245 
9499	284 
9500	4 
9501	215 
9502	272 
9503	253 
9504	79 
9505	95 
9506	13 
9507	169 
9508	11 
9509	189 
9510	40 
9511	164 
9512	164 
9513	139 
9514	64 
9515	4 
9516	277 
9517	156 
9518	161 
9519	253 
9520	78 
9521	3 
9522	40 
9523	287 
9524	221 
9525	108 
9526	71 
9527	146 
9528	3 
9529	37 
9530	188 
9531	45 
9532	113 
9533	236 
9534	67 
9535	230 
9536	13 
9537	104 
9538	189 
9539	202 
9540	255 
9541	230 
9542	139 
9543	164 
9544	207 
9545	169 
9546	46 
9547	285 
9548	245 
9549	101 
9550	253 
9551	15 
9552	68 
9553	75 
9554	64 
9555	30 
9556	194 
9557	150 
9558	207 
9559	119 
9560	78 
9561	213 
9562	58 
9563	84 
9564	169 
9565	64 
9566	139 
9567	68 
9568	15 
9569	284 
9570	63 
9571	273 
9572	260 
9573	221 
9574	221 
9575	273 
9576	166 
9577	57 
9578	255 
9579	164 
9580	38 
9581	37 
9582	166 
9583	255 
9584	285 
9585	141 
9586	238 
9587	112 
9588	284 
9589	285 
9590	71 
9591	206 
9592	142 
9593	261 
9594	107 
9595	241 
9596	71 
9597	170 
9598	166 
9599	71 
9600	107 
9601	130 
9602	241 
9603	89 
9604	129 
9605	13 
9606	67 
9607	244 
9608	5 
9609	78 
9610	132 
9611	129 
9612	132 
9613	151 
9614	97 
9615	151 
9616	75 
9617	129 
9618	84 
9619	139 
9620	175 
9621	207 
9622	89 
9623	57 
9624	73 
9625	132 
9626	135 
9627	76 
9628	63 
9629	1 
9630	270 
9631	33 
9632	235 
9633	23 
9634	64 
9635	1 
9636	89 
9637	225 
9638	60 
9639	270 
9640	113 
9641	258 
9642	75 
9643	285 
9644	97 
9645	207 
9646	167 
9647	188 
9648	11 
9649	38 
9650	141 
9651	261 
9652	66 
9653	273 
9654	4 
9655	11 
9656	261 
9657	188 
9658	25 
9659	135 
9660	3 
9661	101 
9662	139 
9663	243 
9664	170 
9665	68 
9666	67 
9667	119 
9668	96 
9669	194 
9670	83 
9671	112 
9672	177 
9673	135 
9674	270 
9675	25 
9676	46 
9677	135 
9678	63 
9679	213 
9680	230 
9681	71 
9682	173 
9683	101 
9684	284 
9685	96 
9686	253 
9687	186 
9688	79 
9689	3 
9690	68 
9691	161 
9692	175 
9693	230 
9694	45 
9695	284 
9696	241 
9697	242 
9698	164 
9699	146 
9700	60 
9701	287 
9702	71 
9703	25 
9704	13 
9705	258 
9706	15 
9707	86 
9708	124 
9709	151 
9710	188 
9711	76 
9712	244 
9713	151 
9714	86 
9715	3 
9716	124 
9717	186 
9718	261 
9719	83 
9720	263 
9721	100 
9722	46 
9723	107 
9724	124 
9725	156 
9726	11 
9727	175 
9728	99 
9729	243 
9730	124 
9731	273 
9732	142 
9733	243 
9734	177 
9735	113 
9736	244 
9737	202 
9738	113 
9739	95 
9740	150 
9741	273 
9742	244 
9743	221 
9744	132 
9745	166 
9746	243 
9747	132 
9748	206 
9749	99 
9750	71 
9751	96 
9752	243 
9753	25 
9754	207 
9755	142 
9756	83 
9757	270 
9758	78 
9759	186 
9760	263 
9761	4 
9762	84 
9763	15 
9764	57 
9765	261 
9766	242 
9767	245 
9768	161 
9769	270 
9770	194 
9771	64 
9772	248 
9773	13 
9774	31 
9775	243 
9776	161 
9777	3 
9778	81 
9779	273 
9780	79 
9781	3 
9782	4 
9783	132 
9784	258 
9785	142 
9786	243 
9787	255 
9788	177 
9789	124 
9790	101 
9791	245 
9792	3 
9793	194 
9794	5 
9795	45 
9796	258 
9797	263 
9798	86 
9799	64 
9800	5 
9801	108 
9802	33 
9803	206 
9804	255 
9805	84 
9806	75 
9807	245 
9808	186 
9809	139 
9810	248 
9811	46 
9812	15 
9813	166 
9814	89 
9815	263 
9816	169 
9817	75 
9818	270 
9819	5 
9820	175 
9821	78 
9822	156 
9823	97 
9824	242 
9825	150 
9826	186 
9827	202 
9828	130 
9829	33 
9830	188 
9831	161 
9832	255 
9833	207 
9834	263 
9835	1 
9836	84 
9837	169 
9838	66 
9839	73 
9840	146 
9841	186 
9842	169 
9843	64 
9844	156 
9845	11 
9846	84 
9847	207 
9848	177 
9849	164 
9850	156 
9851	66 
9852	45 
9853	11 
9854	202 
9855	58 
9856	164 
9857	68 
9858	45 
9859	177 
9860	244 
9861	13 
9862	287 
9863	242 
9864	64 
9865	243 
9866	272 
9867	66 
9868	270 
9869	101 
9870	96 
9871	175 
9872	141 
9873	11 
9874	221 
9875	217 
9876	244 
9877	84 
9878	156 
9879	68 
9880	139 
9881	242 
9882	66 
9883	13 
9884	132 
9885	146 
9886	270 
9887	1 
9888	58 
9889	141 
9890	242 
9891	221 
9892	261 
9893	161 
9894	5 
9895	261 
9896	156 
9897	45 
9898	135 
9899	64 
9900	186 
9901	135 
9902	57 
9903	261 
9904	186 
9905	207 
9906	244 
9907	164 
9908	66 
9909	273 
9910	142 
9911	221 
9912	285 
9913	194 
9914	261 
9915	202 
9916	130 
9917	101 
9918	146 
9919	107 
9920	141 
9921	38 
9922	186 
9923	97 
9924	284 
9925	100 
9926	150 
9927	89 
9928	76 
9929	130 
9930	76 
9931	68 
9932	263 
9933	113 
9934	83 
9935	45 
9936	78 
9937	66 
9938	101 
9939	86 
9940	113 
9941	139 
9942	68 
9943	202 
9944	188 
9945	164 
9946	230 
9947	284 
9948	66 
9949	207 
9950	273 
9951	13 
9952	97 
9953	207 
9954	175 
9955	230 
9956	83 
9957	186 
9958	169 
9959	1 
9960	13 
9961	175 
9962	79 
9963	15 
9964	177 
9965	79 
9966	202 
9967	83 
9968	244 
9969	221 
9970	64 
9971	64 
9972	166 
9973	194 
9974	141 
9975	230 
9976	166 
9977	146 
9978	83 
9979	86 
9980	130 
9981	11 
9982	76 
9983	272 
9984	207 
9985	175 
9986	107 
9987	46 
9988	139 
9989	1 
9990	202 
9991	89 
9992	230 
9993	273 
9994	113 
9995	78 
9996	132 
9997	284 
9998	68 
9999	135 
10000	188 
