1	80 
2	145 
3	70 
4	198 
5	34 
6	45 
7	178 
8	231 
9	190 
10	39 
11	20 
12	331 
13	166 
14	111 
15	88 
16	117 
17	287 
18	159 
19	80 
20	154 
21	166 
22	64 
23	129 
24	1 
25	175 
26	167 
27	248 
28	193 
29	344 
30	67 
31	84 
32	298 
33	9 
34	273 
35	27 
36	297 
37	309 
38	119 
39	108 
40	62 
41	333 
42	245 
43	195 
44	343 
45	270 
46	162 
47	112 
48	154 
49	152 
50	217 
51	28 
52	339 
53	4 
54	231 
55	145 
56	180 
57	57 
58	53 
59	104 
60	149 
61	124 
62	65 
63	65 
64	131 
65	156 
66	292 
67	47 
68	269 
69	127 
70	50 
71	288 
72	198 
73	245 
74	230 
75	218 
76	287 
77	223 
78	251 
79	166 
80	30 
81	274 
82	291 
83	88 
84	240 
85	52 
86	32 
87	217 
88	271 
89	245 
90	242 
91	294 
92	321 
93	3 
94	328 
95	137 
96	169 
97	283 
98	10 
99	17 
100	246 
101	69 
102	244 
103	144 
104	241 
105	69 
106	9 
107	317 
108	6 
109	235 
110	13 
111	123 
112	290 
113	57 
114	59 
115	345 
116	298 
117	263 
118	218 
119	244 
120	160 
121	88 
122	17 
123	49 
124	291 
125	323 
126	27 
127	17 
128	243 
129	287 
130	235 
131	53 
132	206 
133	298 
134	179 
135	65 
136	86 
137	64 
138	65 
139	244 
140	96 
141	67 
142	28 
143	166 
144	181 
145	337 
146	182 
147	115 
148	126 
149	129 
150	250 
151	314 
152	166 
153	65 
154	300 
155	341 
156	108 
157	16 
158	342 
159	18 
160	138 
161	30 
162	126 
163	23 
164	154 
165	64 
166	161 
167	283 
168	310 
169	242 
170	306 
171	66 
172	178 
173	182 
174	65 
175	277 
176	187 
177	4 
178	280 
179	28 
180	339 
181	83 
182	309 
183	339 
184	6 
185	197 
186	172 
187	246 
188	269 
189	306 
190	298 
191	36 
192	214 
193	61 
194	77 
195	99 
196	204 
197	20 
198	196 
199	241 
200	251 
201	43 
202	242 
203	81 
204	251 
205	247 
206	289 
207	68 
208	152 
209	180 
210	259 
211	191 
212	287 
213	149 
214	235 
215	322 
216	251 
217	24 
218	9 
219	294 
220	265 
221	9 
222	257 
223	68 
224	32 
225	274 
226	240 
227	325 
228	11 
229	122 
230	343 
231	323 
232	249 
233	233 
234	22 
235	161 
236	65 
237	257 
238	268 
239	144 
240	86 
241	216 
242	244 
243	16 
244	156 
245	126 
246	285 
247	172 
248	189 
249	299 
250	54 
251	322 
252	256 
253	299 
254	297 
255	91 
256	156 
257	64 
258	254 
259	62 
260	341 
261	82 
262	51 
263	3 
264	181 
265	174 
266	101 
267	156 
268	188 
269	41 
270	220 
271	209 
272	92 
273	275 
274	242 
275	115 
276	98 
277	65 
278	287 
279	111 
280	5 
281	214 
282	6 
283	249 
284	337 
285	105 
286	328 
287	136 
288	32 
289	179 
290	239 
291	343 
292	290 
293	45 
294	206 
295	27 
296	242 
297	69 
298	69 
299	241 
300	65 
301	6 
302	105 
303	177 
304	268 
305	206 
306	272 
307	35 
308	47 
309	175 
310	228 
311	217 
312	63 
313	116 
314	16 
315	145 
316	332 
317	6 
318	24 
319	6 
320	220 
321	36 
322	285 
323	127 
324	224 
325	116 
326	131 
327	70 
328	48 
329	47 
330	322 
331	96 
332	290 
333	251 
334	239 
335	218 
336	243 
337	185 
338	336 
339	164 
340	160 
341	281 
342	9 
343	57 
344	54 
345	71 
346	9 
347	20 
348	284 
349	166 
350	180 
351	287 
352	200 
353	202 
354	119 
355	227 
356	65 
357	76 
358	1 
359	282 
360	318 
361	343 
362	61 
363	152 
364	69 
365	211 
366	63 
367	254 
368	163 
369	324 
370	248 
371	161 
372	17 
373	344 
374	287 
375	189 
376	40 
377	63 
378	168 
379	100 
380	122 
381	157 
382	156 
383	17 
384	158 
385	43 
386	50 
387	29 
388	183 
389	19 
390	75 
391	40 
392	77 
393	253 
394	316 
395	322 
396	112 
397	70 
398	172 
399	189 
400	342 
401	291 
402	57 
403	145 
404	332 
405	226 
406	131 
407	18 
408	18 
409	344 
410	291 
411	204 
412	219 
413	156 
414	255 
415	98 
416	257 
417	291 
418	58 
419	39 
420	339 
421	198 
422	334 
423	114 
424	309 
425	193 
426	135 
427	93 
428	81 
429	228 
430	4 
431	287 
432	77 
433	158 
434	131 
435	90 
436	245 
437	203 
438	46 
439	63 
440	223 
441	93 
442	93 
443	47 
444	36 
445	41 
446	274 
447	326 
448	89 
449	227 
450	69 
451	72 
452	6 
453	232 
454	267 
455	88 
456	206 
457	317 
458	85 
459	89 
460	28 
461	52 
462	231 
463	341 
464	126 
465	56 
466	47 
467	320 
468	213 
469	128 
470	75 
471	96 
472	251 
473	69 
474	253 
475	202 
476	20 
477	211 
478	196 
479	45 
480	309 
481	287 
482	62 
483	235 
484	272 
485	328 
486	309 
487	28 
488	68 
489	170 
490	289 
491	328 
492	66 
493	318 
494	122 
495	96 
496	88 
497	150 
498	217 
499	331 
500	33 
501	251 
502	325 
503	52 
504	297 
505	38 
506	325 
507	342 
508	153 
509	194 
510	317 
511	238 
512	92 
513	314 
514	319 
515	94 
516	195 
517	176 
518	47 
519	57 
520	297 
521	26 
522	252 
523	85 
524	80 
525	88 
526	248 
527	345 
528	245 
529	156 
530	8 
531	9 
532	290 
533	183 
534	102 
535	331 
536	54 
537	260 
538	146 
539	263 
540	245 
541	132 
542	85 
543	64 
544	318 
545	159 
546	256 
547	14 
548	268 
549	166 
550	324 
551	322 
552	6 
553	163 
554	242 
555	37 
556	15 
557	212 
558	84 
559	13 
560	46 
561	131 
562	139 
563	138 
564	322 
565	286 
566	343 
567	148 
568	102 
569	144 
570	134 
571	53 
572	290 
573	134 
574	47 
575	107 
576	65 
577	277 
578	248 
579	170 
580	89 
581	140 
582	269 
583	284 
584	61 
585	33 
586	93 
587	290 
588	86 
589	283 
590	251 
591	13 
592	169 
593	56 
594	62 
595	245 
596	182 
597	10 
598	321 
599	85 
600	304 
601	214 
602	300 
603	291 
604	69 
605	46 
606	269 
607	121 
608	327 
609	199 
610	67 
611	294 
612	311 
613	191 
614	198 
615	281 
616	137 
617	182 
618	64 
619	323 
620	317 
621	182 
622	338 
623	42 
624	98 
625	198 
626	162 
627	235 
628	19 
629	119 
630	274 
631	156 
632	235 
633	276 
634	109 
635	167 
636	204 
637	2 
638	132 
639	73 
640	156 
641	66 
642	322 
643	258 
644	190 
645	148 
646	124 
647	101 
648	296 
649	158 
650	286 
651	36 
652	69 
653	217 
654	4 
655	43 
656	107 
657	54 
658	187 
659	254 
660	29 
661	203 
662	168 
663	276 
664	165 
665	245 
666	152 
667	227 
668	110 
669	287 
670	310 
671	67 
672	51 
673	289 
674	106 
675	3 
676	141 
677	187 
678	255 
679	11 
680	39 
681	229 
682	188 
683	180 
684	9 
685	47 
686	221 
687	31 
688	238 
689	256 
690	17 
691	92 
692	305 
693	112 
694	89 
695	344 
696	42 
697	228 
698	249 
699	187 
700	322 
701	45 
702	223 
703	301 
704	3 
705	254 
706	309 
707	323 
708	287 
709	47 
710	21 
711	298 
712	35 
713	93 
714	28 
715	258 
716	216 
717	46 
718	206 
719	46 
720	166 
721	290 
722	265 
723	304 
724	156 
725	197 
726	64 
727	329 
728	157 
729	241 
730	248 
731	241 
732	154 
733	1 
734	70 
735	252 
736	85 
737	345 
738	92 
739	64 
740	215 
741	116 
742	234 
743	55 
744	289 
745	124 
746	266 
747	194 
748	211 
749	227 
750	124 
751	65 
752	193 
753	60 
754	229 
755	220 
756	177 
757	219 
758	67 
759	194 
760	251 
761	20 
762	193 
763	117 
764	342 
765	19 
766	64 
767	265 
768	88 
769	105 
770	127 
771	316 
772	49 
773	102 
774	196 
775	321 
776	214 
777	261 
778	181 
779	130 
780	269 
781	156 
782	201 
783	107 
784	287 
785	211 
786	9 
787	291 
788	23 
789	171 
790	88 
791	119 
792	69 
793	171 
794	182 
795	28 
796	68 
797	225 
798	135 
799	286 
800	68 
801	119 
802	289 
803	37 
804	60 
805	283 
806	140 
807	24 
808	148 
809	30 
810	69 
811	257 
812	88 
813	131 
814	283 
815	124 
816	231 
817	92 
818	112 
819	27 
820	194 
821	70 
822	6 
823	100 
824	292 
825	53 
826	156 
827	187 
828	2 
829	289 
830	19 
831	51 
832	125 
833	120 
834	88 
835	297 
836	28 
837	245 
838	65 
839	287 
840	6 
841	266 
842	212 
843	69 
844	338 
845	310 
846	235 
847	206 
848	39 
849	297 
850	166 
851	191 
852	273 
853	91 
854	31 
855	19 
856	65 
857	17 
858	342 
859	243 
860	279 
861	17 
862	332 
863	325 
864	92 
865	285 
866	50 
867	339 
868	328 
869	302 
870	308 
871	24 
872	282 
873	109 
874	206 
875	3 
876	306 
877	285 
878	224 
879	170 
880	34 
881	339 
882	25 
883	28 
884	91 
885	166 
886	235 
887	235 
888	1 
889	339 
890	251 
891	238 
892	270 
893	274 
894	78 
895	40 
896	27 
897	9 
898	345 
899	308 
900	334 
901	65 
902	156 
903	47 
904	227 
905	237 
906	290 
907	96 
908	209 
909	122 
910	284 
911	274 
912	335 
913	235 
914	14 
915	88 
916	231 
917	342 
918	159 
919	51 
920	289 
921	307 
922	96 
923	152 
924	144 
925	6 
926	277 
927	64 
928	207 
929	6 
930	281 
931	220 
932	269 
933	298 
934	169 
935	70 
936	142 
937	93 
938	177 
939	319 
940	170 
941	225 
942	334 
943	283 
944	227 
945	299 
946	256 
947	223 
948	317 
949	269 
950	169 
951	221 
952	135 
953	118 
954	17 
955	109 
956	73 
957	342 
958	290 
959	150 
960	274 
961	325 
962	32 
963	122 
964	124 
965	193 
966	54 
967	246 
968	341 
969	88 
970	166 
971	78 
972	46 
973	115 
974	280 
975	199 
976	249 
977	341 
978	164 
979	17 
980	44 
981	195 
982	93 
983	176 
984	112 
985	105 
986	178 
987	28 
988	17 
989	167 
990	206 
991	120 
992	89 
993	251 
994	277 
995	61 
996	240 
997	44 
998	255 
999	152 
1000	307 
1001	90 
1002	314 
1003	130 
1004	292 
1005	75 
1006	290 
1007	238 
1008	295 
1009	175 
1010	293 
1011	218 
1012	43 
1013	14 
1014	166 
1015	215 
1016	54 
1017	277 
1018	175 
1019	51 
1020	228 
1021	235 
1022	37 
1023	240 
1024	240 
1025	206 
1026	140 
1027	112 
1028	124 
1029	311 
1030	251 
1031	275 
1032	206 
1033	245 
1034	149 
1035	53 
1036	262 
1037	56 
1038	33 
1039	287 
1040	174 
1041	16 
1042	289 
1043	120 
1044	269 
1045	4 
1046	229 
1047	43 
1048	260 
1049	312 
1050	114 
1051	12 
1052	18 
1053	133 
1054	151 
1055	267 
1056	169 
1057	284 
1058	73 
1059	21 
1060	159 
1061	159 
1062	241 
1063	269 
1064	305 
1065	20 
1066	294 
1067	112 
1068	249 
1069	200 
1070	230 
1071	79 
1072	17 
1073	59 
1074	134 
1075	285 
1076	231 
1077	105 
1078	53 
1079	278 
1080	58 
1081	33 
1082	299 
1083	342 
1084	111 
1085	183 
1086	56 
1087	14 
1088	283 
1089	273 
1090	56 
1091	235 
1092	231 
1093	9 
1094	7 
1095	136 
1096	53 
1097	327 
1098	276 
1099	289 
1100	182 
1101	227 
1102	278 
1103	304 
1104	252 
1105	95 
1106	178 
1107	76 
1108	218 
1109	40 
1110	245 
1111	129 
1112	263 
1113	341 
1114	310 
1115	305 
1116	119 
1117	57 
1118	79 
1119	188 
1120	19 
1121	325 
1122	118 
1123	67 
1124	12 
1125	320 
1126	118 
1127	268 
1128	251 
1129	92 
1130	294 
1131	174 
1132	53 
1133	187 
1134	82 
1135	78 
1136	290 
1137	98 
1138	79 
1139	68 
1140	96 
1141	9 
1142	74 
1143	127 
1144	27 
1145	219 
1146	176 
1147	150 
1148	116 
1149	303 
1150	215 
1151	78 
1152	322 
1153	118 
1154	47 
1155	291 
1156	239 
1157	56 
1158	161 
1159	141 
1160	289 
1161	28 
1162	35 
1163	115 
1164	235 
1165	24 
1166	115 
1167	25 
1168	265 
1169	160 
1170	256 
1171	135 
1172	336 
1173	174 
1174	60 
1175	185 
1176	214 
1177	62 
1178	250 
1179	171 
1180	333 
1181	302 
1182	57 
1183	291 
1184	180 
1185	260 
1186	45 
1187	69 
1188	171 
1189	160 
1190	260 
1191	334 
1192	136 
1193	6 
1194	133 
1195	289 
1196	117 
1197	235 
1198	36 
1199	245 
1200	294 
1201	231 
1202	63 
1203	141 
1204	303 
1205	51 
1206	335 
1207	245 
1208	253 
1209	201 
1210	50 
1211	238 
1212	19 
1213	145 
1214	227 
1215	166 
1216	212 
1217	317 
1218	32 
1219	45 
1220	81 
1221	265 
1222	259 
1223	200 
1224	177 
1225	262 
1226	126 
1227	286 
1228	70 
1229	156 
1230	312 
1231	16 
1232	259 
1233	251 
1234	30 
1235	205 
1236	154 
1237	306 
1238	342 
1239	53 
1240	50 
1241	12 
1242	146 
1243	123 
1244	238 
1245	59 
1246	103 
1247	274 
1248	277 
1249	51 
1250	188 
1251	72 
1252	17 
1253	62 
1254	190 
1255	253 
1256	156 
1257	104 
1258	61 
1259	145 
1260	54 
1261	176 
1262	173 
1263	69 
1264	64 
1265	90 
1266	17 
1267	269 
1268	154 
1269	19 
1270	306 
1271	123 
1272	34 
1273	287 
1274	230 
1275	322 
1276	189 
1277	321 
1278	79 
1279	343 
1280	187 
1281	183 
1282	177 
1283	343 
1284	178 
1285	214 
1286	308 
1287	227 
1288	314 
1289	62 
1290	121 
1291	124 
1292	132 
1293	325 
1294	126 
1295	133 
1296	322 
1297	290 
1298	205 
1299	111 
1300	36 
1301	67 
1302	289 
1303	59 
1304	328 
1305	247 
1306	82 
1307	342 
1308	246 
1309	118 
1310	62 
1311	325 
1312	5 
1313	78 
1314	101 
1315	259 
1316	237 
1317	103 
1318	72 
1319	56 
1320	325 
1321	235 
1322	181 
1323	51 
1324	275 
1325	93 
1326	47 
1327	47 
1328	11 
1329	283 
1330	124 
1331	195 
1332	260 
1333	22 
1334	249 
1335	258 
1336	67 
1337	168 
1338	293 
1339	342 
1340	187 
1341	225 
1342	171 
1343	281 
1344	20 
1345	297 
1346	246 
1347	20 
1348	19 
1349	213 
1350	45 
1351	36 
1352	118 
1353	122 
1354	25 
1355	7 
1356	18 
1357	20 
1358	191 
1359	205 
1360	96 
1361	161 
1362	304 
1363	254 
1364	133 
1365	218 
1366	90 
1367	201 
1368	282 
1369	335 
1370	70 
1371	4 
1372	50 
1373	122 
1374	92 
1375	169 
1376	71 
1377	47 
1378	20 
1379	183 
1380	12 
1381	340 
1382	332 
1383	45 
1384	276 
1385	30 
1386	277 
1387	294 
1388	109 
1389	122 
1390	230 
1391	269 
1392	288 
1393	251 
1394	111 
1395	294 
1396	35 
1397	197 
1398	278 
1399	51 
1400	283 
1401	28 
1402	298 
1403	146 
1404	126 
1405	340 
1406	267 
1407	119 
1408	46 
1409	317 
1410	68 
1411	150 
1412	57 
1413	337 
1414	108 
1415	19 
1416	277 
1417	93 
1418	175 
1419	330 
1420	82 
1421	227 
1422	314 
1423	106 
1424	73 
1425	138 
1426	200 
1427	92 
1428	6 
1429	160 
1430	203 
1431	104 
1432	279 
1433	311 
1434	159 
1435	30 
1436	277 
1437	201 
1438	283 
1439	53 
1440	246 
1441	97 
1442	179 
1443	129 
1444	178 
1445	92 
1446	205 
1447	159 
1448	28 
1449	263 
1450	14 
1451	330 
1452	246 
1453	278 
1454	61 
1455	169 
1456	238 
1457	290 
1458	11 
1459	175 
1460	96 
1461	255 
1462	199 
1463	193 
1464	289 
1465	320 
1466	307 
1467	317 
1468	80 
1469	109 
1470	63 
1471	162 
1472	92 
1473	242 
1474	150 
1475	17 
1476	177 
1477	205 
1478	88 
1479	177 
1480	268 
1481	154 
1482	252 
1483	215 
1484	160 
1485	135 
1486	141 
1487	154 
1488	33 
1489	323 
1490	205 
1491	171 
1492	148 
1493	132 
1494	112 
1495	249 
1496	291 
1497	294 
1498	103 
1499	255 
1500	328 
1501	112 
1502	190 
1503	170 
1504	234 
1505	269 
1506	161 
1507	43 
1508	182 
1509	301 
1510	223 
1511	161 
1512	23 
1513	83 
1514	318 
1515	230 
1516	9 
1517	243 
1518	205 
1519	269 
1520	254 
1521	324 
1522	6 
1523	55 
1524	246 
1525	340 
1526	96 
1527	293 
1528	60 
1529	277 
1530	227 
1531	182 
1532	341 
1533	186 
1534	311 
1535	259 
1536	294 
1537	35 
1538	11 
1539	5 
1540	225 
1541	145 
1542	56 
1543	217 
1544	241 
1545	116 
1546	319 
1547	328 
1548	126 
1549	274 
1550	136 
1551	35 
1552	191 
1553	24 
1554	34 
1555	154 
1556	226 
1557	259 
1558	95 
1559	166 
1560	153 
1561	88 
1562	196 
1563	294 
1564	120 
1565	72 
1566	200 
1567	137 
1568	276 
1569	342 
1570	90 
1571	277 
1572	94 
1573	192 
1574	339 
1575	25 
1576	124 
1577	142 
1578	54 
1579	37 
1580	105 
1581	180 
1582	216 
1583	345 
1584	92 
1585	99 
1586	309 
1587	236 
1588	88 
1589	209 
1590	188 
1591	333 
1592	43 
1593	27 
1594	296 
1595	328 
1596	326 
1597	112 
1598	281 
1599	27 
1600	227 
1601	190 
1602	248 
1603	46 
1604	183 
1605	211 
1606	27 
1607	183 
1608	317 
1609	118 
1610	28 
1611	214 
1612	322 
1613	115 
1614	3 
1615	104 
1616	322 
1617	42 
1618	280 
1619	258 
1620	99 
1621	160 
1622	292 
1623	322 
1624	77 
1625	242 
1626	207 
1627	163 
1628	34 
1629	125 
1630	28 
1631	36 
1632	263 
1633	290 
1634	171 
1635	262 
1636	10 
1637	30 
1638	89 
1639	92 
1640	340 
1641	19 
1642	303 
1643	293 
1644	200 
1645	183 
1646	37 
1647	98 
1648	44 
1649	327 
1650	195 
1651	195 
1652	89 
1653	187 
1654	236 
1655	122 
1656	166 
1657	74 
1658	172 
1659	99 
1660	34 
1661	290 
1662	219 
1663	341 
1664	36 
1665	22 
1666	54 
1667	248 
1668	178 
1669	203 
1670	330 
1671	283 
1672	83 
1673	281 
1674	27 
1675	273 
1676	177 
1677	176 
1678	227 
1679	168 
1680	99 
1681	225 
1682	325 
1683	245 
1684	217 
1685	285 
1686	124 
1687	4 
1688	333 
1689	227 
1690	200 
1691	341 
1692	35 
1693	47 
1694	292 
1695	236 
1696	330 
1697	263 
1698	134 
1699	323 
1700	280 
1701	69 
1702	310 
1703	212 
1704	162 
1705	230 
1706	27 
1707	338 
1708	161 
1709	221 
1710	178 
1711	31 
1712	248 
1713	154 
1714	62 
1715	136 
1716	231 
1717	206 
1718	342 
1719	277 
1720	96 
1721	45 
1722	62 
1723	245 
1724	129 
1725	152 
1726	118 
1727	106 
1728	236 
1729	117 
1730	79 
1731	306 
1732	221 
1733	138 
1734	326 
1735	212 
1736	62 
1737	325 
1738	50 
1739	32 
1740	247 
1741	308 
1742	234 
1743	306 
1744	66 
1745	68 
1746	198 
1747	228 
1748	317 
1749	254 
1750	309 
1751	195 
1752	125 
1753	241 
1754	134 
1755	4 
1756	107 
1757	220 
1758	336 
1759	169 
1760	330 
1761	137 
1762	152 
1763	243 
1764	187 
1765	134 
1766	169 
1767	212 
1768	309 
1769	229 
1770	291 
1771	38 
1772	122 
1773	296 
1774	28 
1775	54 
1776	271 
1777	112 
1778	265 
1779	190 
1780	73 
1781	50 
1782	230 
1783	158 
1784	198 
1785	134 
1786	27 
1787	93 
1788	241 
1789	299 
1790	4 
1791	56 
1792	54 
1793	36 
1794	311 
1795	27 
1796	60 
1797	285 
1798	241 
1799	138 
1800	58 
1801	49 
1802	335 
1803	296 
1804	62 
1805	54 
1806	55 
1807	191 
1808	291 
1809	92 
1810	206 
1811	281 
1812	137 
1813	53 
1814	193 
1815	219 
1816	215 
1817	238 
1818	80 
1819	241 
1820	179 
1821	136 
1822	23 
1823	64 
1824	296 
1825	267 
1826	252 
1827	99 
1828	298 
1829	318 
1830	178 
1831	95 
1832	200 
1833	122 
1834	181 
1835	176 
1836	267 
1837	151 
1838	54 
1839	213 
1840	20 
1841	67 
1842	242 
1843	242 
1844	95 
1845	246 
1846	280 
1847	30 
1848	24 
1849	143 
1850	62 
1851	146 
1852	309 
1853	35 
1854	169 
1855	250 
1856	58 
1857	269 
1858	239 
1859	24 
1860	289 
1861	303 
1862	284 
1863	70 
1864	50 
1865	157 
1866	313 
1867	230 
1868	87 
1869	81 
1870	183 
1871	41 
1872	30 
1873	125 
1874	168 
1875	174 
1876	267 
1877	229 
1878	44 
1879	144 
1880	309 
1881	170 
1882	34 
1883	176 
1884	72 
1885	96 
1886	341 
1887	170 
1888	136 
1889	305 
1890	303 
1891	33 
1892	246 
1893	249 
1894	259 
1895	325 
1896	67 
1897	56 
1898	96 
1899	343 
1900	200 
1901	1 
1902	182 
1903	185 
1904	75 
1905	113 
1906	56 
1907	4 
1908	238 
1909	317 
1910	85 
1911	136 
1912	183 
1913	276 
1914	63 
1915	48 
1916	20 
1917	76 
1918	209 
1919	36 
1920	326 
1921	191 
1922	204 
1923	159 
1924	314 
1925	46 
1926	160 
1927	341 
1928	191 
1929	206 
1930	5 
1931	325 
1932	200 
1933	82 
1934	26 
1935	202 
1936	206 
1937	36 
1938	302 
1939	122 
1940	211 
1941	80 
1942	272 
1943	116 
1944	342 
1945	33 
1946	76 
1947	231 
1948	56 
1949	162 
1950	68 
1951	143 
1952	130 
1953	291 
1954	23 
1955	146 
1956	48 
1957	77 
1958	307 
1959	321 
1960	122 
1961	106 
1962	317 
1963	201 
1964	181 
1965	24 
1966	232 
1967	122 
1968	154 
1969	220 
1970	108 
1971	344 
1972	96 
1973	57 
1974	103 
1975	321 
1976	137 
1977	96 
1978	267 
1979	325 
1980	71 
1981	328 
1982	223 
1983	253 
1984	182 
1985	107 
1986	91 
1987	232 
1988	133 
1989	328 
1990	236 
1991	286 
1992	118 
1993	240 
1994	203 
1995	134 
1996	161 
1997	187 
1998	237 
1999	342 
2000	63 
2001	315 
2002	203 
2003	328 
2004	7 
2005	147 
2006	221 
2007	68 
2008	220 
2009	298 
2010	81 
2011	254 
2012	311 
2013	30 
2014	323 
2015	273 
2016	122 
2017	218 
2018	56 
2019	36 
2020	190 
2021	100 
2022	57 
2023	176 
2024	188 
2025	228 
2026	60 
2027	93 
2028	41 
2029	280 
2030	112 
2031	291 
2032	272 
2033	19 
2034	97 
2035	196 
2036	254 
2037	181 
2038	119 
2039	55 
2040	98 
2041	188 
2042	157 
2043	315 
2044	15 
2045	277 
2046	43 
2047	19 
2048	339 
2049	30 
2050	300 
2051	51 
2052	72 
2053	102 
2054	178 
2055	64 
2056	272 
2057	118 
2058	325 
2059	145 
2060	42 
2061	124 
2062	73 
2063	181 
2064	14 
2065	148 
2066	167 
2067	40 
2068	334 
2069	46 
2070	32 
2071	324 
2072	10 
2073	191 
2074	334 
2075	51 
2076	241 
2077	171 
2078	222 
2079	211 
2080	215 
2081	110 
2082	222 
2083	266 
2084	64 
2085	331 
2086	63 
2087	292 
2088	296 
2089	36 
2090	10 
2091	167 
2092	279 
2093	138 
2094	318 
2095	5 
2096	53 
2097	163 
2098	127 
2099	48 
2100	99 
2101	93 
2102	298 
2103	281 
2104	62 
2105	100 
2106	167 
2107	154 
2108	206 
2109	206 
2110	221 
2111	317 
2112	99 
2113	84 
2114	148 
2115	134 
2116	345 
2117	333 
2118	136 
2119	64 
2120	169 
2121	165 
2122	179 
2123	222 
2124	214 
2125	188 
2126	155 
2127	170 
2128	146 
2129	41 
2130	9 
2131	89 
2132	238 
2133	25 
2134	241 
2135	335 
2136	298 
2137	148 
2138	337 
2139	48 
2140	27 
2141	323 
2142	103 
2143	136 
2144	307 
2145	140 
2146	86 
2147	283 
2148	177 
2149	56 
2150	160 
2151	103 
2152	219 
2153	77 
2154	254 
2155	62 
2156	36 
2157	196 
2158	323 
2159	174 
2160	54 
2161	16 
2162	230 
2163	202 
2164	230 
2165	200 
2166	271 
2167	203 
2168	218 
2169	197 
2170	10 
2171	129 
2172	145 
2173	242 
2174	93 
2175	57 
2176	182 
2177	177 
2178	194 
2179	46 
2180	257 
2181	32 
2182	53 
2183	89 
2184	220 
2185	269 
2186	317 
2187	190 
2188	22 
2189	280 
2190	188 
2191	200 
2192	195 
2193	181 
2194	72 
2195	111 
2196	230 
2197	44 
2198	298 
2199	199 
2200	180 
2201	292 
2202	147 
2203	54 
2204	298 
2205	118 
2206	8 
2207	239 
2208	108 
2209	334 
2210	325 
2211	189 
2212	27 
2213	248 
2214	303 
2215	102 
2216	260 
2217	232 
2218	49 
2219	60 
2220	98 
2221	283 
2222	322 
2223	168 
2224	50 
2225	35 
2226	44 
2227	4 
2228	34 
2229	201 
2230	89 
2231	316 
2232	149 
2233	46 
2234	216 
2235	163 
2236	2 
2237	53 
2238	322 
2239	177 
2240	228 
2241	43 
2242	25 
2243	54 
2244	275 
2245	57 
2246	30 
2247	59 
2248	316 
2249	73 
2250	320 
2251	255 
2252	282 
2253	118 
2254	269 
2255	270 
2256	92 
2257	267 
2258	61 
2259	263 
2260	334 
2261	66 
2262	339 
2263	146 
2264	316 
2265	50 
2266	294 
2267	250 
2268	97 
2269	126 
2270	181 
2271	73 
2272	256 
2273	196 
2274	76 
2275	53 
2276	310 
2277	255 
2278	121 
2279	171 
2280	39 
2281	161 
2282	118 
2283	140 
2284	124 
2285	302 
2286	344 
2287	300 
2288	160 
2289	207 
2290	119 
2291	159 
2292	336 
2293	58 
2294	276 
2295	284 
2296	238 
2297	57 
2298	181 
2299	182 
2300	120 
2301	250 
2302	298 
2303	56 
2304	175 
2305	71 
2306	124 
2307	96 
2308	253 
2309	30 
2310	120 
2311	9 
2312	189 
2313	56 
2314	236 
2315	220 
2316	42 
2317	140 
2318	149 
2319	315 
2320	4 
2321	78 
2322	35 
2323	45 
2324	145 
2325	260 
2326	1 
2327	211 
2328	49 
2329	36 
2330	132 
2331	174 
2332	169 
2333	77 
2334	154 
2335	254 
2336	82 
2337	248 
2338	148 
2339	240 
2340	339 
2341	250 
2342	304 
2343	115 
2344	263 
2345	245 
2346	240 
2347	239 
2348	214 
2349	9 
2350	342 
2351	118 
2352	178 
2353	30 
2354	278 
2355	127 
2356	84 
2357	89 
2358	139 
2359	225 
2360	306 
2361	323 
2362	23 
2363	77 
2364	168 
2365	32 
2366	227 
2367	171 
2368	167 
2369	93 
2370	232 
2371	142 
2372	124 
2373	343 
2374	72 
2375	272 
2376	164 
2377	259 
2378	283 
2379	214 
2380	340 
2381	32 
2382	294 
2383	296 
2384	76 
2385	227 
2386	168 
2387	294 
2388	318 
2389	93 
2390	176 
2391	256 
2392	110 
2393	339 
2394	229 
2395	124 
2396	62 
2397	35 
2398	302 
2399	214 
2400	163 
2401	119 
2402	278 
2403	315 
2404	38 
2405	331 
2406	204 
2407	105 
2408	286 
2409	92 
2410	300 
2411	91 
2412	276 
2413	163 
2414	76 
2415	303 
2416	207 
2417	243 
2418	20 
2419	275 
2420	231 
2421	39 
2422	270 
2423	153 
2424	105 
2425	231 
2426	194 
2427	89 
2428	294 
2429	326 
2430	51 
2431	12 
2432	46 
2433	85 
2434	311 
2435	253 
2436	94 
2437	10 
2438	221 
2439	40 
2440	281 
2441	19 
2442	267 
2443	288 
2444	192 
2445	84 
2446	86 
2447	68 
2448	141 
2449	106 
2450	104 
2451	221 
2452	63 
2453	193 
2454	148 
2455	21 
2456	208 
2457	345 
2458	341 
2459	183 
2460	276 
2461	317 
2462	122 
2463	109 
2464	73 
2465	288 
2466	203 
2467	271 
2468	177 
2469	223 
2470	234 
2471	209 
2472	161 
2473	317 
2474	121 
2475	316 
2476	85 
2477	336 
2478	9 
2479	236 
2480	198 
2481	154 
2482	299 
2483	59 
2484	111 
2485	246 
2486	45 
2487	100 
2488	185 
2489	249 
2490	1 
2491	208 
2492	294 
2493	42 
2494	236 
2495	277 
2496	187 
2497	250 
2498	115 
2499	277 
2500	72 
2501	59 
2502	283 
2503	183 
2504	123 
2505	176 
2506	34 
2507	242 
2508	336 
2509	171 
2510	30 
2511	91 
2512	176 
2513	274 
2514	304 
2515	299 
2516	216 
2517	43 
2518	138 
2519	107 
2520	109 
2521	170 
2522	80 
2523	42 
2524	149 
2525	168 
2526	303 
2527	114 
2528	72 
2529	312 
2530	31 
2531	312 
2532	289 
2533	15 
2534	50 
2535	34 
2536	119 
2537	141 
2538	214 
2539	147 
2540	171 
2541	207 
2542	252 
2543	152 
2544	112 
2545	320 
2546	345 
2547	29 
2548	93 
2549	83 
2550	310 
2551	104 
2552	114 
2553	110 
2554	182 
2555	255 
2556	309 
2557	276 
2558	339 
2559	331 
2560	34 
2561	139 
2562	143 
2563	30 
2564	286 
2565	220 
2566	31 
2567	190 
2568	345 
2569	94 
2570	187 
2571	215 
2572	36 
2573	323 
2574	39 
2575	307 
2576	279 
2577	179 
2578	276 
2579	10 
2580	32 
2581	229 
2582	294 
2583	111 
2584	125 
2585	194 
2586	313 
2587	236 
2588	328 
2589	79 
2590	270 
2591	232 
2592	73 
2593	45 
2594	25 
2595	183 
2596	220 
2597	218 
2598	248 
2599	117 
2600	281 
2601	259 
2602	313 
2603	136 
2604	197 
2605	195 
2606	187 
2607	187 
2608	331 
2609	237 
2610	52 
2611	160 
2612	285 
2613	191 
2614	39 
2615	336 
2616	72 
2617	139 
2618	233 
2619	343 
2620	29 
2621	267 
2622	49 
2623	135 
2624	217 
2625	305 
2626	2 
2627	303 
2628	320 
2629	10 
2630	126 
2631	247 
2632	138 
2633	220 
2634	41 
2635	171 
2636	50 
2637	144 
2638	220 
2639	73 
2640	32 
2641	159 
2642	46 
2643	257 
2644	41 
2645	310 
2646	151 
2647	52 
2648	314 
2649	20 
2650	204 
2651	90 
2652	168 
2653	298 
2654	317 
2655	12 
2656	219 
2657	23 
2658	10 
2659	299 
2660	134 
2661	13 
2662	10 
2663	232 
2664	152 
2665	225 
2666	191 
2667	102 
2668	300 
2669	5 
2670	94 
2671	24 
2672	334 
2673	268 
2674	153 
2675	325 
2676	43 
2677	43 
2678	98 
2679	275 
2680	73 
2681	310 
2682	137 
2683	4 
2684	98 
2685	273 
2686	61 
2687	55 
2688	27 
2689	160 
2690	198 
2691	226 
2692	24 
2693	328 
2694	152 
2695	221 
2696	119 
2697	45 
2698	90 
2699	108 
2700	167 
2701	116 
2702	144 
2703	279 
2704	214 
2705	13 
2706	324 
2707	161 
2708	241 
2709	230 
2710	281 
2711	106 
2712	311 
2713	4 
2714	183 
2715	321 
2716	343 
2717	345 
2718	263 
2719	43 
2720	73 
2721	199 
2722	169 
2723	168 
2724	34 
2725	188 
2726	186 
2727	115 
2728	190 
2729	87 
2730	247 
2731	168 
2732	132 
2733	145 
2734	179 
2735	109 
2736	276 
2737	46 
2738	190 
2739	183 
2740	284 
2741	236 
2742	33 
2743	108 
2744	343 
2745	4 
2746	318 
2747	163 
2748	182 
2749	152 
2750	165 
2751	225 
2752	126 
2753	157 
2754	169 
2755	93 
2756	120 
2757	25 
2758	161 
2759	62 
2760	98 
2761	55 
2762	226 
2763	13 
2764	135 
2765	86 
2766	2 
2767	288 
2768	116 
2769	231 
2770	182 
2771	256 
2772	21 
2773	191 
2774	170 
2775	126 
2776	330 
2777	200 
2778	280 
2779	15 
2780	104 
2781	291 
2782	302 
2783	331 
2784	282 
2785	102 
2786	281 
2787	343 
2788	308 
2789	76 
2790	344 
2791	255 
2792	119 
2793	277 
2794	113 
2795	176 
2796	321 
2797	154 
2798	103 
2799	267 
2800	108 
2801	2 
2802	111 
2803	102 
2804	134 
2805	321 
2806	321 
2807	194 
2808	307 
2809	212 
2810	151 
2811	268 
2812	116 
2813	304 
2814	34 
2815	95 
2816	142 
2817	46 
2818	314 
2819	243 
2820	82 
2821	113 
2822	215 
2823	43 
2824	339 
2825	297 
2826	154 
2827	37 
2828	295 
2829	51 
2830	19 
2831	309 
2832	143 
2833	169 
2834	188 
2835	5 
2836	240 
2837	198 
2838	311 
2839	214 
2840	120 
2841	307 
2842	223 
2843	259 
2844	195 
2845	282 
2846	230 
2847	73 
2848	146 
2849	328 
2850	340 
2851	278 
2852	81 
2853	125 
2854	249 
2855	225 
2856	183 
2857	328 
2858	280 
2859	122 
2860	337 
2861	64 
2862	254 
2863	164 
2864	10 
2865	154 
2866	61 
2867	119 
2868	332 
2869	34 
2870	67 
2871	72 
2872	55 
2873	250 
2874	314 
2875	170 
2876	234 
2877	35 
2878	216 
2879	255 
2880	29 
2881	70 
2882	273 
2883	20 
2884	179 
2885	155 
2886	13 
2887	146 
2888	3 
2889	331 
2890	72 
2891	30 
2892	87 
2893	207 
2894	200 
2895	283 
2896	105 
2897	276 
2898	51 
2899	279 
2900	189 
2901	249 
2902	313 
2903	162 
2904	183 
2905	221 
2906	197 
2907	115 
2908	231 
2909	273 
2910	267 
2911	31 
2912	260 
2913	37 
2914	64 
2915	189 
2916	340 
2917	196 
2918	20 
2919	181 
2920	194 
2921	278 
2922	52 
2923	148 
2924	292 
2925	161 
2926	254 
2927	42 
2928	277 
2929	275 
2930	105 
2931	268 
2932	223 
2933	298 
2934	52 
2935	37 
2936	273 
2937	326 
2938	278 
2939	39 
2940	55 
2941	299 
2942	35 
2943	27 
2944	274 
2945	151 
2946	67 
2947	190 
2948	248 
2949	181 
2950	148 
2951	19 
2952	52 
2953	266 
2954	182 
2955	145 
2956	141 
2957	109 
2958	332 
2959	272 
2960	98 
2961	168 
2962	321 
2963	180 
2964	45 
2965	266 
2966	289 
2967	37 
2968	297 
2969	75 
2970	308 
2971	265 
2972	118 
2973	289 
2974	5 
2975	49 
2976	37 
2977	191 
2978	187 
2979	208 
2980	181 
2981	151 
2982	119 
2983	279 
2984	190 
2985	19 
2986	171 
2987	321 
2988	186 
2989	207 
2990	242 
2991	230 
2992	279 
2993	242 
2994	53 
2995	248 
2996	212 
2997	291 
2998	239 
2999	91 
3000	194 
3001	59 
3002	29 
3003	254 
3004	298 
3005	345 
3006	70 
3007	20 
3008	254 
3009	327 
3010	101 
3011	22 
3012	178 
3013	72 
3014	111 
3015	274 
3016	148 
3017	302 
3018	94 
3019	238 
3020	198 
3021	340 
3022	201 
3023	60 
3024	296 
3025	16 
3026	54 
3027	307 
3028	53 
3029	241 
3030	55 
3031	268 
3032	29 
3033	143 
3034	304 
3035	97 
3036	134 
3037	165 
3038	163 
3039	46 
3040	61 
3041	29 
3042	99 
3043	208 
3044	137 
3045	334 
3046	137 
3047	218 
3048	281 
3049	241 
3050	250 
3051	197 
3052	257 
3053	170 
3054	55 
3055	130 
3056	89 
3057	320 
3058	137 
3059	301 
3060	191 
3061	32 
3062	208 
3063	168 
3064	162 
3065	100 
3066	5 
3067	95 
3068	91 
3069	280 
3070	2 
3071	80 
3072	221 
3073	3 
3074	159 
3075	237 
3076	181 
3077	187 
3078	133 
3079	223 
3080	190 
3081	95 
3082	281 
3083	116 
3084	77 
3085	229 
3086	137 
3087	217 
3088	35 
3089	99 
3090	327 
3091	337 
3092	136 
3093	12 
3094	170 
3095	52 
3096	296 
3097	24 
3098	76 
3099	87 
3100	201 
3101	257 
3102	326 
3103	252 
3104	109 
3105	106 
3106	177 
3107	328 
3108	249 
3109	46 
3110	137 
3111	276 
3112	40 
3113	223 
3114	168 
3115	223 
3116	274 
3117	165 
3118	333 
3119	224 
3120	198 
3121	215 
3122	336 
3123	320 
3124	272 
3125	78 
3126	142 
3127	234 
3128	207 
3129	23 
3130	103 
3131	339 
3132	147 
3133	105 
3134	170 
3135	89 
3136	74 
3137	119 
3138	323 
3139	103 
3140	164 
3141	73 
3142	11 
3143	226 
3144	243 
3145	333 
3146	142 
3147	303 
3148	271 
3149	306 
3150	298 
3151	41 
3152	243 
3153	196 
3154	115 
3155	58 
3156	41 
3157	220 
3158	82 
3159	177 
3160	216 
3161	255 
3162	157 
3163	205 
3164	120 
3165	335 
3166	152 
3167	304 
3168	343 
3169	267 
3170	178 
3171	268 
3172	311 
3173	180 
3174	255 
3175	324 
3176	239 
3177	336 
3178	248 
3179	264 
3180	50 
3181	67 
3182	337 
3183	310 
3184	320 
3185	343 
3186	314 
3187	164 
3188	150 
3189	268 
3190	107 
3191	10 
3192	236 
3193	255 
3194	332 
3195	157 
3196	187 
3197	231 
3198	237 
3199	276 
3200	216 
3201	144 
3202	128 
3203	98 
3204	215 
3205	34 
3206	42 
3207	22 
3208	221 
3209	150 
3210	211 
3211	286 
3212	255 
3213	292 
3214	79 
3215	268 
3216	172 
3217	87 
3218	158 
3219	291 
3220	32 
3221	279 
3222	61 
3223	14 
3224	10 
3225	246 
3226	200 
3227	242 
3228	253 
3229	303 
3230	131 
3231	163 
3232	91 
3233	324 
3234	257 
3235	254 
3236	279 
3237	86 
3238	55 
3239	49 
3240	150 
3241	292 
3242	218 
3243	90 
3244	272 
3245	63 
3246	74 
3247	176 
3248	198 
3249	155 
3250	81 
3251	86 
3252	162 
3253	305 
3254	171 
3255	129 
3256	201 
3257	25 
3258	136 
3259	109 
3260	284 
3261	283 
3262	306 
3263	188 
3264	90 
3265	41 
3266	23 
3267	4 
3268	102 
3269	199 
3270	44 
3271	202 
3272	48 
3273	243 
3274	309 
3275	179 
3276	186 
3277	127 
3278	98 
3279	218 
3280	286 
3281	5 
3282	257 
3283	190 
3284	130 
3285	74 
3286	205 
3287	112 
3288	341 
3289	212 
3290	49 
3291	174 
3292	248 
3293	176 
3294	180 
3295	97 
3296	318 
3297	178 
3298	43 
3299	135 
3300	119 
3301	249 
3302	247 
3303	39 
3304	308 
3305	178 
3306	279 
3307	183 
3308	231 
3309	286 
3310	55 
3311	49 
3312	257 
3313	188 
3314	26 
3315	117 
3316	51 
3317	278 
3318	236 
3319	295 
3320	177 
3321	248 
3322	278 
3323	161 
3324	107 
3325	216 
3326	145 
3327	171 
3328	161 
3329	345 
3330	137 
3331	260 
3332	179 
3333	234 
3334	286 
3335	145 
3336	50 
3337	332 
3338	229 
3339	12 
3340	295 
3341	31 
3342	12 
3343	63 
3344	129 
3345	38 
3346	148 
3347	259 
3348	67 
3349	340 
3350	299 
3351	174 
3352	10 
3353	108 
3354	257 
3355	86 
3356	336 
3357	26 
3358	212 
3359	162 
3360	186 
3361	169 
3362	136 
3363	136 
3364	310 
3365	286 
3366	231 
3367	203 
3368	284 
3369	152 
3370	31 
3371	51 
3372	145 
3373	42 
3374	204 
3375	344 
3376	3 
3377	125 
3378	51 
3379	192 
3380	45 
3381	246 
3382	284 
3383	219 
3384	199 
3385	146 
3386	250 
3387	207 
3388	240 
3389	89 
3390	107 
3391	264 
3392	256 
3393	191 
3394	112 
3395	249 
3396	230 
3397	202 
3398	86 
3399	22 
3400	24 
3401	71 
3402	214 
3403	93 
3404	335 
3405	311 
3406	128 
3407	343 
3408	242 
3409	274 
3410	10 
3411	262 
3412	75 
3413	276 
3414	87 
3415	89 
3416	193 
3417	280 
3418	304 
3419	142 
3420	224 
3421	110 
3422	32 
3423	202 
3424	184 
3425	8 
3426	197 
3427	77 
3428	221 
3429	179 
3430	158 
3431	242 
3432	107 
3433	328 
3434	215 
3435	91 
3436	241 
3437	116 
3438	218 
3439	263 
3440	55 
3441	136 
3442	280 
3443	4 
3444	230 
3445	313 
3446	61 
3447	29 
3448	254 
3449	212 
3450	318 
3451	44 
3452	123 
3453	71 
3454	84 
3455	254 
3456	34 
3457	175 
3458	110 
3459	199 
3460	10 
3461	177 
3462	51 
3463	320 
3464	125 
3465	41 
3466	12 
3467	197 
3468	140 
3469	171 
3470	41 
3471	86 
3472	171 
3473	240 
3474	283 
3475	50 
3476	117 
3477	38 
3478	242 
3479	126 
3480	72 
3481	50 
3482	161 
3483	95 
3484	163 
3485	278 
3486	332 
3487	128 
3488	35 
3489	145 
3490	263 
3491	331 
3492	146 
3493	83 
3494	178 
3495	141 
3496	337 
3497	276 
3498	228 
3499	95 
3500	106 
3501	313 
3502	198 
3503	215 
3504	249 
3505	179 
3506	308 
3507	45 
3508	273 
3509	118 
3510	178 
3511	169 
3512	275 
3513	116 
3514	82 
3515	256 
3516	2 
3517	152 
3518	44 
3519	208 
3520	334 
3521	203 
3522	243 
3523	321 
3524	91 
3525	13 
3526	21 
3527	186 
3528	218 
3529	74 
3530	329 
3531	115 
3532	7 
3533	74 
3534	220 
3535	43 
3536	224 
3537	34 
3538	274 
3539	49 
3540	141 
3541	169 
3542	178 
3543	64 
3544	85 
3545	105 
3546	311 
3547	50 
3548	108 
3549	262 
3550	180 
3551	165 
3552	35 
3553	197 
3554	130 
3555	307 
3556	190 
3557	186 
3558	12 
3559	306 
3560	345 
3561	119 
3562	77 
3563	133 
3564	155 
3565	291 
3566	216 
3567	175 
3568	305 
3569	146 
3570	216 
3571	202 
3572	72 
3573	11 
3574	215 
3575	85 
3576	263 
3577	246 
3578	89 
3579	107 
3580	228 
3581	89 
3582	256 
3583	276 
3584	161 
3585	71 
3586	157 
3587	231 
3588	326 
3589	330 
3590	98 
3591	278 
3592	94 
3593	214 
3594	271 
3595	120 
3596	338 
3597	230 
3598	32 
3599	220 
3600	120 
3601	10 
3602	316 
3603	303 
3604	123 
3605	190 
3606	191 
3607	148 
3608	84 
3609	190 
3610	191 
3611	145 
3612	142 
3613	179 
3614	209 
3615	52 
3616	141 
3617	167 
3618	204 
3619	193 
3620	110 
3621	4 
3622	95 
3623	130 
3624	191 
3625	203 
3626	219 
3627	40 
3628	256 
3629	151 
3630	211 
3631	180 
3632	66 
3633	5 
3634	301 
3635	271 
3636	327 
3637	59 
3638	22 
3639	120 
3640	215 
3641	344 
3642	302 
3643	278 
3644	316 
3645	52 
3646	253 
3647	296 
3648	146 
3649	72 
3650	59 
3651	126 
3652	252 
3653	170 
3654	55 
3655	280 
3656	345 
3657	199 
3658	250 
3659	32 
3660	42 
3661	333 
3662	253 
3663	110 
3664	57 
3665	167 
3666	126 
3667	105 
3668	2 
3669	232 
3670	310 
3671	115 
3672	131 
3673	209 
3674	131 
3675	255 
3676	165 
3677	118 
3678	293 
3679	270 
3680	337 
3681	223 
3682	86 
3683	189 
3684	128 
3685	237 
3686	300 
3687	170 
3688	273 
3689	63 
3690	332 
3691	221 
3692	220 
3693	303 
3694	22 
3695	163 
3696	21 
3697	99 
3698	134 
3699	314 
3700	105 
3701	11 
3702	259 
3703	128 
3704	131 
3705	43 
3706	132 
3707	218 
3708	345 
3709	240 
3710	264 
3711	333 
3712	78 
3713	292 
3714	115 
3715	194 
3716	256 
3717	105 
3718	250 
3719	143 
3720	116 
3721	135 
3722	15 
3723	255 
3724	151 
3725	2 
3726	75 
3727	258 
3728	123 
3729	85 
3730	214 
3731	151 
3732	128 
3733	210 
3734	331 
3735	203 
3736	107 
3737	120 
3738	150 
3739	120 
3740	194 
3741	190 
3742	172 
3743	252 
3744	145 
3745	223 
3746	300 
3747	116 
3748	295 
3749	77 
3750	60 
3751	200 
3752	252 
3753	192 
3754	263 
3755	5 
3756	323 
3757	292 
3758	213 
3759	176 
3760	220 
3761	137 
3762	266 
3763	80 
3764	108 
3765	151 
3766	100 
3767	226 
3768	297 
3769	142 
3770	135 
3771	137 
3772	223 
3773	80 
3774	195 
3775	257 
3776	199 
3777	179 
3778	260 
3779	179 
3780	198 
3781	314 
3782	170 
3783	55 
3784	179 
3785	155 
3786	233 
3787	212 
3788	7 
3789	223 
3790	179 
3791	275 
3792	170 
3793	240 
3794	265 
3795	244 
3796	300 
3797	309 
3798	153 
3799	223 
3800	80 
3801	142 
3802	200 
3803	163 
3804	230 
3805	281 
3806	67 
3807	137 
3808	343 
3809	295 
3810	7 
3811	32 
3812	198 
3813	55 
3814	278 
3815	73 
3816	34 
3817	293 
3818	139 
3819	209 
3820	279 
3821	292 
3822	237 
3823	104 
3824	310 
3825	150 
3826	39 
3827	80 
3828	141 
3829	63 
3830	37 
3831	61 
3832	339 
3833	16 
3834	116 
3835	274 
3836	280 
3837	142 
3838	29 
3839	248 
3840	307 
3841	77 
3842	234 
3843	319 
3844	179 
3845	133 
3846	219 
3847	35 
3848	204 
3849	340 
3850	253 
3851	147 
3852	333 
3853	163 
3854	40 
3855	285 
3856	321 
3857	318 
3858	40 
3859	55 
3860	11 
3861	82 
3862	90 
3863	18 
3864	110 
3865	141 
3866	76 
3867	282 
3868	239 
3869	272 
3870	296 
3871	330 
3872	278 
3873	123 
3874	248 
3875	228 
3876	172 
3877	344 
3878	35 
3879	306 
3880	286 
3881	72 
3882	134 
3883	102 
3884	253 
3885	201 
3886	344 
3887	280 
3888	338 
3889	316 
3890	100 
3891	41 
3892	97 
3893	43 
3894	305 
3895	152 
3896	213 
3897	97 
3898	140 
3899	151 
3900	158 
3901	314 
3902	239 
3903	282 
3904	274 
3905	11 
3906	212 
3907	176 
3908	198 
3909	31 
3910	8 
3911	234 
3912	316 
3913	292 
3914	218 
3915	295 
3916	32 
3917	261 
3918	198 
3919	115 
3920	285 
3921	236 
3922	225 
3923	159 
3924	326 
3925	106 
3926	202 
3927	301 
3928	224 
3929	97 
3930	194 
3931	195 
3932	275 
3933	199 
3934	247 
3935	24 
3936	31 
3937	110 
3938	63 
3939	308 
3940	228 
3941	252 
3942	15 
3943	121 
3944	300 
3945	72 
3946	155 
3947	123 
3948	181 
3949	98 
3950	140 
3951	343 
3952	73 
3953	137 
3954	14 
3955	181 
3956	241 
3957	127 
3958	327 
3959	236 
3960	67 
3961	138 
3962	233 
3963	310 
3964	130 
3965	343 
3966	327 
3967	271 
3968	205 
3969	296 
3970	73 
3971	127 
3972	164 
3973	71 
3974	305 
3975	248 
3976	94 
3977	5 
3978	280 
3979	311 
3980	339 
3981	279 
3982	302 
3983	181 
3984	188 
3985	265 
3986	2 
3987	275 
3988	209 
3989	309 
3990	159 
3991	15 
3992	151 
3993	135 
3994	324 
3995	341 
3996	186 
3997	343 
3998	222 
3999	143 
4000	177 
4001	210 
4002	200 
4003	252 
4004	194 
4005	52 
4006	296 
4007	236 
4008	339 
4009	110 
4010	224 
4011	163 
4012	205 
4013	264 
4014	45 
4015	129 
4016	163 
4017	61 
4018	112 
4019	121 
4020	200 
4021	341 
4022	297 
4023	326 
4024	49 
4025	71 
4026	13 
4027	149 
4028	331 
4029	158 
4030	120 
4031	207 
4032	50 
4033	112 
4034	172 
4035	95 
4036	260 
4037	222 
4038	112 
4039	5 
4040	26 
4041	200 
4042	331 
4043	213 
4044	134 
4045	244 
4046	220 
4047	42 
4048	214 
4049	209 
4050	268 
4051	164 
4052	158 
4053	152 
4054	59 
4055	61 
4056	255 
4057	338 
4058	252 
4059	35 
4060	203 
4061	128 
4062	25 
4063	61 
4064	5 
4065	24 
4066	330 
4067	193 
4068	113 
4069	258 
4070	257 
4071	121 
4072	170 
4073	303 
4074	225 
4075	326 
4076	179 
4077	111 
4078	195 
4079	192 
4080	252 
4081	272 
4082	299 
4083	143 
4084	90 
4085	309 
4086	261 
4087	265 
4088	1 
4089	215 
4090	128 
4091	230 
4092	305 
4093	25 
4094	147 
4095	243 
4096	24 
4097	345 
4098	163 
4099	79 
4100	334 
4101	106 
4102	310 
4103	193 
4104	48 
4105	97 
4106	237 
4107	331 
4108	153 
4109	82 
4110	259 
4111	283 
4112	271 
4113	43 
4114	302 
4115	61 
4116	299 
4117	252 
4118	160 
4119	168 
4120	25 
4121	268 
4122	271 
4123	78 
4124	192 
4125	34 
4126	323 
4127	109 
4128	234 
4129	163 
4130	116 
4131	205 
4132	221 
4133	44 
4134	162 
4135	162 
4136	202 
4137	107 
4138	217 
4139	118 
4140	334 
4141	61 
4142	177 
4143	99 
4144	132 
4145	202 
4146	312 
4147	163 
4148	232 
4149	243 
4150	184 
4151	148 
4152	12 
4153	118 
4154	310 
4155	335 
4156	7 
4157	189 
4158	164 
4159	102 
4160	160 
4161	296 
4162	135 
4163	258 
4164	284 
4165	85 
4166	280 
4167	68 
4168	143 
4169	284 
4170	76 
4171	141 
4172	198 
4173	52 
4174	320 
4175	324 
4176	281 
4177	229 
4178	237 
4179	105 
4180	67 
4181	268 
4182	7 
4183	136 
4184	141 
4185	246 
4186	332 
4187	111 
4188	3 
4189	173 
4190	31 
4191	192 
4192	252 
4193	176 
4194	84 
4195	104 
4196	194 
4197	129 
4198	267 
4199	21 
4200	333 
4201	252 
4202	299 
4203	44 
4204	212 
4205	196 
4206	194 
4207	246 
4208	296 
4209	340 
4210	211 
4211	52 
4212	214 
4213	153 
4214	270 
4215	226 
4216	281 
4217	42 
4218	158 
4219	339 
4220	198 
4221	41 
4222	252 
4223	205 
4224	218 
4225	135 
4226	25 
4227	104 
4228	266 
4229	204 
4230	281 
4231	76 
4232	111 
4233	296 
4234	265 
4235	293 
4236	23 
4237	134 
4238	331 
4239	44 
4240	218 
4241	299 
4242	137 
4243	238 
4244	229 
4245	177 
4246	158 
4247	266 
4248	101 
4249	39 
4250	67 
4251	262 
4252	160 
4253	249 
4254	218 
4255	209 
4256	5 
4257	153 
4258	116 
4259	126 
4260	219 
4261	44 
4262	293 
4263	344 
4264	260 
4265	252 
4266	151 
4267	134 
4268	160 
4269	134 
4270	188 
4271	11 
4272	212 
4273	241 
4274	208 
4275	185 
4276	99 
4277	226 
4278	150 
4279	125 
4280	304 
4281	237 
4282	21 
4283	78 
4284	215 
4285	102 
4286	133 
4287	233 
4288	142 
4289	281 
4290	338 
4291	70 
4292	256 
4293	145 
4294	149 
4295	129 
4296	103 
4297	71 
4298	99 
4299	79 
4300	236 
4301	104 
4302	120 
4303	327 
4304	221 
4305	134 
4306	131 
4307	40 
4308	215 
4309	271 
4310	138 
4311	255 
4312	78 
4313	86 
4314	279 
4315	5 
4316	222 
4317	85 
4318	80 
4319	118 
4320	280 
4321	281 
4322	303 
4323	241 
4324	244 
4325	246 
4326	268 
4327	107 
4328	135 
4329	117 
4330	253 
4331	140 
4332	125 
4333	43 
4334	111 
4335	242 
4336	74 
4337	43 
4338	177 
4339	310 
4340	148 
4341	158 
4342	205 
4343	270 
4344	109 
4345	296 
4346	238 
4347	103 
4348	305 
4349	135 
4350	229 
4351	219 
4352	90 
4353	324 
4354	57 
4355	216 
4356	141 
4357	335 
4358	243 
4359	153 
4360	63 
4361	41 
4362	209 
4363	309 
4364	153 
4365	307 
4366	242 
4367	312 
4368	331 
4369	255 
4370	61 
4371	296 
4372	218 
4373	207 
4374	313 
4375	121 
4376	257 
4377	174 
4378	255 
4379	76 
4380	215 
4381	37 
4382	59 
4383	21 
4384	243 
4385	345 
4386	148 
4387	75 
4388	158 
4389	63 
4390	57 
4391	331 
4392	107 
4393	100 
4394	334 
4395	265 
4396	151 
4397	67 
4398	33 
4399	115 
4400	257 
4401	97 
4402	304 
4403	332 
4404	164 
4405	70 
4406	110 
4407	262 
4408	329 
4409	219 
4410	103 
4411	274 
4412	309 
4413	341 
4414	285 
4415	329 
4416	73 
4417	80 
4418	49 
4419	110 
4420	38 
4421	238 
4422	83 
4423	292 
4424	319 
4425	303 
4426	165 
4427	265 
4428	75 
4429	141 
4430	41 
4431	74 
4432	219 
4433	221 
4434	110 
4435	310 
4436	42 
4437	165 
4438	334 
4439	333 
4440	37 
4441	333 
4442	12 
4443	100 
4444	240 
4445	246 
4446	151 
4447	2 
4448	116 
4449	259 
4450	181 
4451	253 
4452	112 
4453	148 
4454	243 
4455	67 
4456	330 
4457	137 
4458	129 
4459	332 
4460	150 
4461	250 
4462	180 
4463	221 
4464	267 
4465	213 
4466	186 
4467	278 
4468	76 
4469	159 
4470	80 
4471	127 
4472	165 
4473	307 
4474	43 
4475	345 
4476	307 
4477	155 
4478	37 
4479	192 
4480	326 
4481	314 
4482	334 
4483	209 
4484	311 
4485	95 
4486	209 
4487	16 
4488	228 
4489	223 
4490	103 
4491	256 
4492	261 
4493	223 
4494	95 
4495	76 
4496	18 
4497	63 
4498	50 
4499	312 
4500	212 
4501	100 
4502	202 
4503	326 
4504	268 
4505	151 
4506	214 
4507	13 
4508	74 
4509	164 
4510	155 
4511	244 
4512	181 
4513	97 
4514	160 
4515	106 
4516	108 
4517	224 
4518	8 
4519	320 
4520	173 
4521	329 
4522	160 
4523	103 
4524	335 
4525	203 
4526	72 
4527	307 
4528	232 
4529	163 
4530	270 
4531	134 
4532	345 
4533	1 
4534	273 
4535	95 
4536	136 
4537	292 
4538	268 
4539	21 
4540	153 
4541	45 
4542	240 
4543	300 
4544	240 
4545	136 
4546	237 
4547	162 
4548	212 
4549	162 
4550	232 
4551	329 
4552	146 
4553	308 
4554	341 
4555	303 
4556	324 
4557	151 
4558	315 
4559	87 
4560	24 
4561	189 
4562	309 
4563	71 
4564	205 
4565	129 
4566	162 
4567	116 
4568	152 
4569	336 
4570	167 
4571	274 
4572	223 
4573	130 
4574	86 
4575	288 
4576	308 
4577	105 
4578	217 
4579	22 
4580	60 
4581	233 
4582	14 
4583	131 
4584	244 
4585	250 
4586	262 
4587	221 
4588	158 
4589	293 
4590	70 
4591	323 
4592	91 
4593	31 
4594	216 
4595	2 
4596	255 
4597	151 
4598	97 
4599	135 
4600	208 
4601	164 
4602	72 
4603	252 
4604	273 
4605	41 
4606	5 
4607	246 
4608	127 
4609	29 
4610	61 
4611	2 
4612	331 
4613	326 
4614	301 
4615	126 
4616	256 
4617	303 
4618	23 
4619	8 
4620	102 
4621	208 
4622	94 
4623	236 
4624	299 
4625	313 
4626	13 
4627	2 
4628	25 
4629	76 
4630	15 
4631	145 
4632	70 
4633	129 
4634	308 
4635	80 
4636	286 
4637	113 
4638	233 
4639	165 
4640	327 
4641	312 
4642	197 
4643	117 
4644	175 
4645	195 
4646	203 
4647	215 
4648	215 
4649	22 
4650	85 
4651	22 
4652	23 
4653	138 
4654	295 
4655	143 
4656	296 
4657	268 
4658	335 
4659	117 
4660	272 
4661	76 
4662	108 
4663	323 
4664	295 
4665	204 
4666	297 
4667	208 
4668	136 
4669	330 
4670	140 
4671	193 
4672	158 
4673	306 
4674	278 
4675	304 
4676	275 
4677	258 
4678	150 
4679	121 
4680	213 
4681	143 
4682	59 
4683	66 
4684	133 
4685	33 
4686	168 
4687	74 
4688	85 
4689	34 
4690	239 
4691	238 
4692	180 
4693	316 
4694	236 
4695	16 
4696	318 
4697	274 
4698	320 
4699	304 
4700	108 
4701	100 
4702	104 
4703	99 
4704	82 
4705	181 
4706	332 
4707	22 
4708	196 
4709	239 
4710	14 
4711	202 
4712	22 
4713	146 
4714	33 
4715	23 
4716	204 
4717	41 
4718	194 
4719	22 
4720	168 
4721	236 
4722	149 
4723	292 
4724	320 
4725	79 
4726	184 
4727	153 
4728	157 
4729	31 
4730	158 
4731	52 
4732	320 
4733	330 
4734	226 
4735	297 
4736	244 
4737	320 
4738	86 
4739	16 
4740	345 
4741	217 
4742	210 
4743	97 
4744	91 
4745	74 
4746	226 
4747	142 
4748	274 
4749	97 
4750	101 
4751	243 
4752	226 
4753	304 
4754	22 
4755	159 
4756	131 
4757	85 
4758	267 
4759	243 
4760	117 
4761	313 
4762	329 
4763	99 
4764	68 
4765	314 
4766	173 
4767	186 
4768	188 
4769	243 
4770	128 
4771	172 
4772	268 
4773	326 
4774	216 
4775	267 
4776	152 
4777	115 
4778	314 
4779	57 
4780	297 
4781	213 
4782	71 
4783	331 
4784	128 
4785	299 
4786	74 
4787	111 
4788	286 
4789	345 
4790	158 
4791	307 
4792	129 
4793	207 
4794	108 
4795	263 
4796	43 
4797	310 
4798	114 
4799	308 
4800	293 
4801	202 
4802	128 
4803	335 
4804	132 
4805	271 
4806	314 
4807	41 
4808	147 
4809	52 
4810	194 
4811	55 
4812	16 
4813	138 
4814	233 
4815	129 
4816	228 
4817	83 
4818	68 
4819	70 
4820	180 
4821	215 
4822	91 
4823	217 
4824	273 
4825	321 
4826	74 
4827	130 
4828	193 
4829	95 
4830	280 
4831	193 
4832	218 
4833	91 
4834	100 
4835	160 
4836	81 
4837	319 
4838	22 
4839	339 
4840	107 
4841	226 
4842	219 
4843	315 
4844	221 
4845	193 
4846	107 
4847	196 
4848	333 
4849	313 
4850	296 
4851	310 
4852	268 
4853	215 
4854	24 
4855	212 
4856	104 
4857	184 
4858	106 
4859	131 
4860	137 
4861	8 
4862	286 
4863	103 
4864	196 
4865	282 
4866	344 
4867	301 
4868	148 
4869	163 
4870	307 
4871	196 
4872	85 
4873	312 
4874	241 
4875	204 
4876	238 
4877	107 
4878	112 
4879	120 
4880	197 
4881	253 
4882	15 
4883	11 
4884	33 
4885	188 
4886	243 
4887	238 
4888	41 
4889	7 
4890	84 
4891	126 
4892	63 
4893	303 
4894	258 
4895	132 
4896	58 
4897	204 
4898	95 
4899	82 
4900	66 
4901	129 
4902	158 
4903	209 
4904	23 
4905	71 
4906	148 
4907	116 
4908	236 
4909	5 
4910	98 
4911	45 
4912	228 
4913	5 
4914	22 
4915	1 
4916	304 
4917	132 
4918	253 
4919	258 
4920	103 
4921	272 
4922	330 
4923	344 
4924	260 
4925	2 
4926	250 
4927	165 
4928	151 
4929	144 
4930	100 
4931	311 
4932	197 
4933	338 
4934	285 
4935	330 
4936	262 
4937	282 
4938	97 
4939	24 
4940	42 
4941	281 
4942	341 
4943	68 
4944	207 
4945	91 
4946	135 
4947	188 
4948	315 
4949	279 
4950	144 
4951	302 
4952	168 
4953	326 
4954	205 
4955	78 
4956	278 
4957	144 
4958	315 
4959	135 
4960	24 
4961	63 
4962	86 
4963	333 
4964	79 
4965	152 
4966	106 
4967	140 
4968	168 
4969	320 
4970	234 
4971	148 
4972	284 
4973	336 
4974	150 
4975	212 
4976	2 
4977	74 
4978	337 
4979	15 
4980	340 
4981	185 
4982	189 
4983	318 
4984	279 
4985	234 
4986	126 
4987	240 
4988	301 
4989	138 
4990	90 
4991	160 
4992	271 
4993	188 
4994	79 
4995	195 
4996	186 
4997	264 
4998	319 
4999	312 
5000	130 
5001	63 
5002	204 
5003	331 
5004	76 
5005	130 
5006	139 
5007	174 
5008	267 
5009	296 
5010	111 
5011	160 
5012	78 
5013	336 
5014	320 
5015	273 
5016	70 
5017	285 
5018	339 
5019	243 
5020	90 
5021	128 
5022	193 
5023	117 
5024	324 
5025	265 
5026	261 
5027	313 
5028	330 
5029	229 
5030	211 
5031	266 
5032	197 
5033	297 
5034	176 
5035	123 
5036	323 
5037	175 
5038	284 
5039	340 
5040	3 
5041	252 
5042	207 
5043	94 
5044	55 
5045	267 
5046	151 
5047	63 
5048	337 
5049	87 
5050	141 
5051	84 
5052	222 
5053	102 
5054	318 
5055	77 
5056	82 
5057	247 
5058	126 
5059	271 
5060	212 
5061	233 
5062	321 
5063	243 
5064	83 
5065	313 
5066	146 
5067	337 
5068	153 
5069	130 
5070	91 
5071	113 
5072	104 
5073	149 
5074	320 
5075	268 
5076	112 
5077	81 
5078	216 
5079	217 
5080	292 
5081	90 
5082	45 
5083	15 
5084	320 
5085	83 
5086	176 
5087	58 
5088	310 
5089	7 
5090	11 
5091	102 
5092	94 
5093	279 
5094	139 
5095	203 
5096	296 
5097	330 
5098	209 
5099	110 
5100	71 
5101	259 
5102	345 
5103	29 
5104	232 
5105	168 
5106	226 
5107	194 
5108	163 
5109	256 
5110	344 
5111	110 
5112	3 
5113	315 
5114	202 
5115	337 
5116	195 
5117	158 
5118	195 
5119	207 
5120	244 
5121	304 
5122	304 
5123	95 
5124	305 
5125	244 
5126	29 
5127	320 
5128	252 
5129	104 
5130	105 
5131	165 
5132	102 
5133	126 
5134	197 
5135	202 
5136	135 
5137	253 
5138	259 
5139	273 
5140	185 
5141	334 
5142	181 
5143	172 
5144	266 
5145	77 
5146	334 
5147	97 
5148	300 
5149	111 
5150	341 
5151	202 
5152	95 
5153	316 
5154	250 
5155	123 
5156	271 
5157	316 
5158	246 
5159	195 
5160	129 
5161	288 
5162	7 
5163	71 
5164	265 
5165	139 
5166	204 
5167	286 
5168	144 
5169	41 
5170	2 
5171	135 
5172	76 
5173	146 
5174	204 
5175	84 
5176	278 
5177	259 
5178	228 
5179	142 
5180	131 
5181	140 
5182	143 
5183	12 
5184	16 
5185	13 
5186	257 
5187	74 
5188	205 
5189	288 
5190	280 
5191	300 
5192	279 
5193	24 
5194	111 
5195	203 
5196	280 
5197	203 
5198	104 
5199	255 
5200	323 
5201	323 
5202	84 
5203	68 
5204	258 
5205	204 
5206	216 
5207	209 
5208	341 
5209	49 
5210	253 
5211	273 
5212	236 
5213	333 
5214	81 
5215	286 
5216	244 
5217	94 
5218	237 
5219	68 
5220	125 
5221	165 
5222	153 
5223	331 
5224	45 
5225	52 
5226	120 
5227	153 
5228	224 
5229	208 
5230	180 
5231	91 
5232	155 
5233	219 
5234	126 
5235	271 
5236	186 
5237	158 
5238	153 
5239	155 
5240	16 
5241	103 
5242	340 
5243	257 
5244	21 
5245	262 
5246	18 
5247	195 
5248	216 
5249	210 
5250	26 
5251	97 
5252	168 
5253	165 
5254	106 
5255	85 
5256	228 
5257	280 
5258	262 
5259	41 
5260	266 
5261	319 
5262	66 
5263	100 
5264	148 
5265	316 
5266	151 
5267	13 
5268	312 
5269	324 
5270	3 
5271	264 
5272	286 
5273	265 
5274	226 
5275	142 
5276	333 
5277	167 
5278	316 
5279	327 
5280	203 
5281	105 
5282	81 
5283	335 
5284	308 
5285	203 
5286	105 
5287	240 
5288	108 
5289	25 
5290	286 
5291	146 
5292	91 
5293	282 
5294	90 
5295	222 
5296	279 
5297	58 
5298	16 
5299	111 
5300	125 
5301	162 
5302	331 
5303	111 
5304	110 
5305	48 
5306	126 
5307	320 
5308	162 
5309	45 
5310	8 
5311	297 
5312	186 
5313	272 
5314	81 
5315	321 
5316	90 
5317	68 
5318	85 
5319	150 
5320	316 
5321	193 
5322	141 
5323	152 
5324	16 
5325	195 
5326	240 
5327	26 
5328	2 
5329	162 
5330	189 
5331	189 
5332	229 
5333	312 
5334	310 
5335	97 
5336	247 
5337	278 
5338	321 
5339	22 
5340	165 
5341	31 
5342	302 
5343	141 
5344	150 
5345	209 
5346	226 
5347	121 
5348	23 
5349	300 
5350	8 
5351	38 
5352	77 
5353	316 
5354	213 
5355	80 
5356	31 
5357	284 
5358	210 
5359	205 
5360	193 
5361	208 
5362	344 
5363	244 
5364	84 
5365	312 
5366	68 
5367	120 
5368	153 
5369	80 
5370	127 
5371	286 
5372	300 
5373	336 
5374	261 
5375	66 
5376	150 
5377	85 
5378	278 
5379	204 
5380	70 
5381	110 
5382	168 
5383	330 
5384	86 
5385	257 
5386	97 
5387	197 
5388	196 
5389	193 
5390	175 
5391	140 
5392	341 
5393	85 
5394	150 
5395	31 
5396	340 
5397	70 
5398	286 
5399	240 
5400	5 
5401	160 
5402	262 
5403	295 
5404	207 
5405	3 
5406	340 
5407	299 
5408	306 
5409	213 
5410	25 
5411	302 
5412	140 
5413	332 
5414	326 
5415	140 
5416	261 
5417	159 
5418	58 
5419	70 
5420	263 
5421	149 
5422	330 
5423	33 
5424	239 
5425	213 
5426	106 
5427	244 
5428	14 
5429	5 
5430	31 
5431	91 
5432	237 
5433	165 
5434	162 
5435	224 
5436	81 
5437	261 
5438	285 
5439	87 
5440	102 
5441	267 
5442	239 
5443	188 
5444	40 
5445	209 
5446	22 
5447	44 
5448	158 
5449	83 
5450	225 
5451	205 
5452	233 
5453	305 
5454	314 
5455	58 
5456	217 
5457	208 
5458	49 
5459	41 
5460	193 
5461	176 
5462	107 
5463	158 
5464	104 
5465	327 
5466	201 
5467	314 
5468	97 
5469	3 
5470	256 
5471	40 
5472	8 
5473	193 
5474	229 
5475	107 
5476	129 
5477	222 
5478	244 
5479	308 
5480	68 
5481	12 
5482	229 
5483	341 
5484	11 
5485	189 
5486	205 
5487	98 
5488	55 
5489	219 
5490	297 
5491	263 
5492	25 
5493	306 
5494	117 
5495	153 
5496	84 
5497	49 
5498	195 
5499	75 
5500	337 
5501	42 
5502	266 
5503	205 
5504	326 
5505	332 
5506	94 
5507	84 
5508	165 
5509	31 
5510	110 
5511	332 
5512	141 
5513	275 
5514	285 
5515	326 
5516	257 
5517	316 
5518	113 
5519	104 
5520	74 
5521	40 
5522	172 
5523	316 
5524	48 
5525	14 
5526	55 
5527	98 
5528	193 
5529	339 
5530	250 
5531	13 
5532	313 
5533	301 
5534	102 
5535	344 
5536	247 
5537	38 
5538	211 
5539	192 
5540	225 
5541	284 
5542	229 
5543	90 
5544	159 
5545	2 
5546	40 
5547	329 
5548	165 
5549	241 
5550	203 
5551	204 
5552	66 
5553	104 
5554	135 
5555	7 
5556	273 
5557	233 
5558	111 
5559	267 
5560	49 
5561	210 
5562	38 
5563	49 
5564	135 
5565	162 
5566	102 
5567	208 
5568	175 
5569	135 
5570	189 
5571	244 
5572	232 
5573	37 
5574	31 
5575	3 
5576	185 
5577	256 
5578	232 
5579	167 
5580	55 
5581	240 
5582	87 
5583	55 
5584	12 
5585	142 
5586	162 
5587	22 
5588	249 
5589	194 
5590	234 
5591	267 
5592	239 
5593	257 
5594	160 
5595	90 
5596	26 
5597	13 
5598	207 
5599	63 
5600	337 
5601	334 
5602	125 
5603	316 
5604	176 
5605	213 
5606	52 
5607	13 
5608	222 
5609	52 
5610	323 
5611	42 
5612	107 
5613	282 
5614	195 
5615	213 
5616	259 
5617	77 
5618	12 
5619	326 
5620	302 
5621	237 
5622	265 
5623	102 
5624	249 
5625	199 
5626	144 
5627	102 
5628	90 
5629	111 
5630	33 
5631	7 
5632	323 
5633	301 
5634	241 
5635	196 
5636	121 
5637	244 
5638	302 
5639	281 
5640	95 
5641	7 
5642	213 
5643	192 
5644	115 
5645	1 
5646	144 
5647	94 
5648	176 
5649	226 
5650	71 
5651	344 
5652	79 
5653	115 
5654	204 
5655	58 
5656	22 
5657	123 
5658	111 
5659	313 
5660	330 
5661	16 
5662	58 
5663	109 
5664	184 
5665	260 
5666	59 
5667	205 
5668	49 
5669	284 
5670	143 
5671	37 
5672	68 
5673	74 
5674	95 
5675	256 
5676	33 
5677	205 
5678	110 
5679	260 
5680	265 
5681	330 
5682	123 
5683	98 
5684	226 
5685	80 
5686	66 
5687	113 
5688	162 
5689	307 
5690	229 
5691	240 
5692	79 
5693	273 
5694	175 
5695	76 
5696	308 
5697	25 
5698	164 
5699	60 
5700	95 
5701	319 
5702	141 
5703	189 
5704	139 
5705	224 
5706	228 
5707	13 
5708	18 
5709	180 
5710	186 
5711	295 
5712	299 
5713	344 
5714	284 
5715	240 
5716	212 
5717	99 
5718	233 
5719	90 
5720	153 
5721	33 
5722	26 
5723	330 
5724	210 
5725	3 
5726	332 
5727	79 
5728	271 
5729	75 
5730	300 
5731	273 
5732	288 
5733	68 
5734	129 
5735	120 
5736	158 
5737	211 
5738	77 
5739	125 
5740	194 
5741	31 
5742	38 
5743	149 
5744	307 
5745	204 
5746	259 
5747	315 
5748	60 
5749	199 
5750	57 
5751	90 
5752	203 
5753	253 
5754	38 
5755	125 
5756	159 
5757	147 
5758	224 
5759	279 
5760	345 
5761	7 
5762	133 
5763	202 
5764	186 
5765	99 
5766	173 
5767	331 
5768	21 
5769	85 
5770	70 
5771	37 
5772	110 
5773	210 
5774	329 
5775	332 
5776	131 
5777	275 
5778	8 
5779	81 
5780	202 
5781	273 
5782	155 
5783	172 
5784	66 
5785	266 
5786	188 
5787	165 
5788	263 
5789	3 
5790	11 
5791	259 
5792	239 
5793	23 
5794	74 
5795	211 
5796	76 
5797	11 
5798	98 
5799	79 
5800	150 
5801	312 
5802	5 
5803	176 
5804	333 
5805	52 
5806	209 
5807	332 
5808	52 
5809	256 
5810	246 
5811	310 
5812	133 
5813	174 
5814	12 
5815	101 
5816	29 
5817	311 
5818	25 
5819	82 
5820	184 
5821	18 
5822	76 
5823	279 
5824	141 
5825	91 
5826	21 
5827	104 
5828	101 
5829	229 
5830	340 
5831	240 
5832	237 
5833	173 
5834	129 
5835	8 
5836	60 
5837	264 
5838	345 
5839	329 
5840	80 
5841	165 
5842	138 
5843	33 
5844	316 
5845	39 
5846	147 
5847	226 
5848	292 
5849	203 
5850	94 
5851	150 
5852	249 
5853	78 
5854	29 
5855	175 
5856	91 
5857	335 
5858	105 
5859	263 
5860	272 
5861	297 
5862	113 
5863	105 
5864	239 
5865	203 
5866	117 
5867	263 
5868	132 
5869	49 
5870	193 
5871	189 
5872	228 
5873	256 
5874	194 
5875	319 
5876	319 
5877	300 
5878	113 
5879	301 
5880	127 
5881	273 
5882	208 
5883	252 
5884	311 
5885	106 
5886	80 
5887	215 
5888	244 
5889	253 
5890	86 
5891	313 
5892	138 
5893	204 
5894	173 
5895	207 
5896	261 
5897	162 
5898	121 
5899	213 
5900	13 
5901	209 
5902	219 
5903	180 
5904	259 
5905	101 
5906	26 
5907	174 
5908	42 
5909	332 
5910	337 
5911	107 
5912	330 
5913	247 
5914	273 
5915	323 
5916	305 
5917	205 
5918	261 
5919	275 
5920	13 
5921	192 
5922	332 
5923	314 
5924	272 
5925	102 
5926	268 
5927	16 
5928	279 
5929	304 
5930	128 
5931	196 
5932	14 
5933	313 
5934	293 
5935	331 
5936	162 
5937	307 
5938	318 
5939	91 
5940	189 
5941	98 
5942	115 
5943	334 
5944	217 
5945	239 
5946	71 
5947	327 
5948	228 
5949	211 
5950	39 
5951	267 
5952	71 
5953	132 
5954	338 
5955	244 
5956	79 
5957	304 
5958	265 
5959	21 
5960	256 
5961	335 
5962	209 
5963	97 
5964	265 
5965	58 
5966	105 
5967	300 
5968	233 
5969	273 
5970	197 
5971	338 
5972	265 
5973	74 
5974	74 
5975	147 
5976	299 
5977	300 
5978	11 
5979	184 
5980	85 
5981	71 
5982	257 
5983	39 
5984	272 
5985	5 
5986	249 
5987	234 
5988	104 
5989	332 
5990	286 
5991	239 
5992	237 
5993	259 
5994	189 
5995	29 
5996	279 
5997	300 
5998	105 
5999	115 
6000	262 
6001	204 
6002	37 
6003	213 
6004	39 
6005	253 
6006	76 
6007	71 
6008	68 
6009	207 
6010	299 
6011	106 
6012	260 
6013	115 
6014	316 
6015	258 
6016	141 
6017	76 
6018	78 
6019	188 
6020	307 
6021	180 
6022	340 
6023	272 
6024	121 
6025	304 
6026	321 
6027	31 
6028	279 
6029	336 
6030	192 
6031	58 
6032	303 
6033	2 
6034	282 
6035	107 
6036	42 
6037	246 
6038	90 
6039	238 
6040	300 
6041	12 
6042	234 
6043	239 
6044	295 
6045	52 
6046	313 
6047	270 
6048	308 
6049	159 
6050	329 
6051	282 
6052	224 
6053	249 
6054	98 
6055	188 
6056	207 
6057	101 
6058	48 
6059	332 
6060	312 
6061	79 
6062	196 
6063	180 
6064	319 
6065	131 
6066	99 
6067	8 
6068	216 
6069	146 
6070	117 
6071	82 
6072	327 
6073	12 
6074	98 
6075	75 
6076	318 
6077	260 
6078	117 
6079	264 
6080	44 
6081	2 
6082	237 
6083	100 
6084	33 
6085	49 
6086	239 
6087	344 
6088	2 
6089	71 
6090	139 
6091	208 
6092	77 
6093	39 
6094	275 
6095	306 
6096	175 
6097	226 
6098	257 
6099	41 
6100	102 
6101	147 
6102	104 
6103	212 
6104	202 
6105	237 
6106	138 
6107	237 
6108	213 
6109	307 
6110	312 
6111	18 
6112	260 
6113	114 
6114	165 
6115	303 
6116	127 
6117	97 
6118	260 
6119	13 
6120	314 
6121	318 
6122	70 
6123	114 
6124	184 
6125	108 
6126	165 
6127	83 
6128	108 
6129	79 
6130	234 
6131	95 
6132	335 
6133	273 
6134	37 
6135	188 
6136	82 
6137	12 
6138	332 
6139	263 
6140	91 
6141	316 
6142	131 
6143	250 
6144	333 
6145	58 
6146	340 
6147	184 
6148	192 
6149	167 
6150	271 
6151	244 
6152	196 
6153	300 
6154	323 
6155	12 
6156	299 
6157	146 
6158	219 
6159	266 
6160	7 
6161	11 
6162	40 
6163	172 
6164	330 
6165	267 
6166	249 
6167	14 
6168	327 
6169	173 
6170	90 
6171	244 
6172	14 
6173	189 
6174	100 
6175	68 
6176	150 
6177	246 
6178	130 
6179	25 
6180	3 
6181	285 
6182	98 
6183	74 
6184	302 
6185	60 
6186	180 
6187	79 
6188	107 
6189	258 
6190	37 
6191	256 
6192	33 
6193	3 
6194	324 
6195	311 
6196	108 
6197	100 
6198	74 
6199	131 
6200	80 
6201	334 
6202	142 
6203	142 
6204	26 
6205	18 
6206	336 
6207	344 
6208	142 
6209	306 
6210	127 
6211	225 
6212	186 
6213	246 
6214	52 
6215	175 
6216	313 
6217	300 
6218	52 
6219	300 
6220	225 
6221	194 
6222	266 
6223	260 
6224	108 
6225	326 
6226	49 
6227	247 
6228	31 
6229	201 
6230	144 
6231	304 
6232	79 
6233	340 
6234	180 
6235	194 
6236	333 
6237	297 
6238	48 
6239	272 
6240	95 
6241	23 
6242	77 
6243	176 
6244	323 
6245	13 
6246	312 
6247	110 
6248	323 
6249	127 
6250	157 
6251	307 
6252	234 
6253	139 
6254	104 
6255	303 
6256	21 
6257	115 
6258	114 
6259	13 
6260	11 
6261	250 
6262	344 
6263	155 
6264	82 
6265	150 
6266	68 
6267	141 
6268	307 
6269	70 
6270	131 
6271	84 
6272	33 
6273	212 
6274	42 
6275	340 
6276	264 
6277	216 
6278	18 
6279	71 
6280	127 
6281	33 
6282	260 
6283	26 
6284	261 
6285	159 
6286	203 
6287	117 
6288	212 
6289	40 
6290	144 
6291	188 
6292	7 
6293	141 
6294	115 
6295	292 
6296	330 
6297	131 
6298	8 
6299	68 
6300	282 
6301	159 
6302	209 
6303	344 
6304	159 
6305	180 
6306	1 
6307	58 
6308	83 
6309	247 
6310	23 
6311	106 
6312	228 
6313	299 
6314	271 
6315	246 
6316	285 
6317	165 
6318	23 
6319	258 
6320	94 
6321	216 
6322	302 
6323	15 
6324	142 
6325	110 
6326	121 
6327	303 
6328	162 
6329	84 
6330	313 
6331	26 
6332	139 
6333	239 
6334	21 
6335	295 
6336	139 
6337	42 
6338	316 
6339	138 
6340	162 
6341	263 
6342	100 
6343	100 
6344	185 
6345	344 
6346	305 
6347	217 
6348	184 
6349	329 
6350	238 
6351	338 
6352	259 
6353	224 
6354	307 
6355	128 
6356	345 
6357	37 
6358	324 
6359	58 
6360	293 
6361	292 
6362	334 
6363	292 
6364	306 
6365	212 
6366	14 
6367	324 
6368	14 
6369	75 
6370	314 
6371	228 
6372	258 
6373	264 
6374	208 
6375	263 
6376	313 
6377	238 
6378	284 
6379	336 
6380	315 
6381	104 
6382	147 
6383	312 
6384	121 
6385	12 
6386	144 
6387	107 
6388	210 
6389	100 
6390	232 
6391	344 
6392	75 
6393	219 
6394	292 
6395	155 
6396	311 
6397	58 
6398	25 
6399	98 
6400	217 
6401	157 
6402	229 
6403	285 
6404	327 
6405	147 
6406	58 
6407	77 
6408	304 
6409	209 
6410	226 
6411	334 
6412	16 
6413	308 
6414	237 
6415	313 
6416	304 
6417	107 
6418	144 
6419	288 
6420	159 
6421	40 
6422	208 
6423	319 
6424	133 
6425	264 
6426	250 
6427	129 
6428	106 
6429	114 
6430	162 
6431	336 
6432	140 
6433	311 
6434	139 
6435	131 
6436	104 
6437	150 
6438	244 
6439	121 
6440	139 
6441	173 
6442	16 
6443	186 
6444	304 
6445	244 
6446	185 
6447	285 
6448	147 
6449	131 
6450	71 
6451	130 
6452	26 
6453	285 
6454	335 
6455	140 
6456	106 
6457	329 
6458	202 
6459	210 
6460	202 
6461	293 
6462	29 
6463	216 
6464	121 
6465	209 
6466	308 
6467	94 
6468	234 
6469	159 
6470	103 
6471	103 
6472	142 
6473	132 
6474	189 
6475	38 
6476	340 
6477	213 
6478	39 
6479	301 
6480	273 
6481	77 
6482	225 
6483	247 
6484	272 
6485	66 
6486	213 
6487	180 
6488	327 
6489	247 
6490	244 
6491	319 
6492	202 
6493	2 
6494	129 
6495	202 
6496	303 
6497	157 
6498	264 
6499	336 
6500	259 
6501	149 
6502	197 
6503	87 
6504	120 
6505	247 
6506	226 
6507	196 
6508	139 
6509	71 
6510	313 
6511	129 
6512	95 
6513	129 
6514	258 
6515	103 
6516	41 
6517	139 
6518	319 
6519	293 
6520	261 
6521	114 
6522	222 
6523	120 
6524	262 
6525	275 
6526	210 
6527	37 
6528	94 
6529	121 
6530	293 
6531	172 
6532	319 
6533	113 
6534	84 
6535	292 
6536	155 
6537	279 
6538	106 
6539	234 
6540	113 
6541	284 
6542	308 
6543	314 
6544	132 
6545	308 
6546	99 
6547	15 
6548	131 
6549	344 
6550	335 
6551	12 
6552	71 
6553	263 
6554	117 
6555	79 
6556	186 
6557	146 
6558	26 
6559	59 
6560	253 
6561	31 
6562	334 
6563	226 
6564	228 
6565	197 
6566	259 
6567	250 
6568	312 
6569	279 
6570	189 
6571	15 
6572	131 
6573	234 
6574	249 
6575	266 
6576	189 
6577	165 
6578	133 
6579	106 
6580	102 
6581	123 
6582	315 
6583	262 
6584	222 
6585	238 
6586	312 
6587	301 
6588	149 
6589	101 
6590	201 
6591	155 
6592	100 
6593	297 
6594	326 
6595	102 
6596	336 
6597	232 
6598	12 
6599	144 
6600	14 
6601	199 
6602	321 
6603	257 
6604	159 
6605	201 
6606	234 
6607	189 
6608	185 
6609	250 
6610	237 
6611	144 
6612	211 
6613	104 
6614	153 
6615	146 
6616	140 
6617	129 
6618	8 
6619	238 
6620	13 
6621	303 
6622	125 
6623	81 
6624	259 
6625	305 
6626	180 
6627	13 
6628	110 
6629	144 
6630	213 
6631	113 
6632	228 
6633	13 
6634	340 
6635	25 
6636	167 
6637	216 
6638	196 
6639	77 
6640	142 
6641	316 
6642	324 
6643	18 
6644	57 
6645	303 
6646	138 
6647	14 
6648	302 
6649	99 
6650	77 
6651	132 
6652	25 
6653	216 
6654	324 
6655	222 
6656	141 
6657	153 
6658	316 
6659	146 
6660	48 
6661	149 
6662	321 
6663	23 
6664	99 
6665	2 
6666	174 
6667	78 
6668	16 
6669	82 
6670	312 
6671	315 
6672	311 
6673	139 
6674	172 
6675	108 
6676	106 
6677	340 
6678	38 
6679	155 
6680	313 
6681	217 
6682	83 
6683	77 
6684	82 
6685	302 
6686	267 
6687	207 
6688	315 
6689	86 
6690	258 
6691	3 
6692	66 
6693	302 
6694	138 
6695	129 
6696	333 
6697	212 
6698	244 
6699	146 
6700	239 
6701	196 
6702	265 
6703	279 
6704	334 
6705	321 
6706	109 
6707	201 
6708	40 
6709	59 
6710	79 
6711	292 
6712	12 
6713	3 
6714	109 
6715	106 
6716	82 
6717	211 
6718	324 
6719	42 
6720	109 
6721	75 
6722	66 
6723	23 
6724	13 
6725	16 
6726	302 
6727	133 
6728	211 
6729	44 
6730	172 
6731	147 
6732	314 
6733	58 
6734	266 
6735	59 
6736	285 
6737	127 
6738	3 
6739	29 
6740	219 
6741	237 
6742	59 
6743	246 
6744	99 
6745	211 
6746	306 
6747	106 
6748	344 
6749	74 
6750	102 
6751	108 
6752	3 
6753	211 
6754	33 
6755	327 
6756	175 
6757	197 
6758	142 
6759	238 
6760	197 
6761	95 
6762	97 
6763	82 
6764	7 
6765	210 
6766	139 
6767	244 
6768	288 
6769	321 
6770	37 
6771	312 
6772	305 
6773	239 
6774	172 
6775	202 
6776	302 
6777	202 
6778	95 
6779	60 
6780	167 
6781	174 
6782	226 
6783	315 
6784	8 
6785	82 
6786	60 
6787	26 
6788	288 
6789	140 
6790	344 
6791	3 
6792	125 
6793	153 
6794	314 
6795	79 
6796	292 
6797	337 
6798	184 
6799	150 
6800	100 
6801	250 
6802	104 
6803	293 
6804	253 
6805	210 
6806	164 
6807	57 
6808	271 
6809	128 
6810	74 
6811	282 
6812	201 
6813	26 
6814	326 
6815	335 
6816	216 
6817	250 
6818	259 
6819	173 
6820	313 
6821	334 
6822	261 
6823	257 
6824	74 
6825	219 
6826	164 
6827	77 
6828	321 
6829	33 
6830	300 
6831	336 
6832	57 
6833	157 
6834	284 
6835	1 
6836	18 
6837	117 
6838	18 
6839	226 
6840	232 
6841	25 
6842	79 
6843	49 
6844	306 
6845	38 
6846	99 
6847	324 
6848	301 
6849	224 
6850	234 
6851	264 
6852	239 
6853	143 
6854	308 
6855	329 
6856	143 
6857	131 
6858	229 
6859	94 
6860	113 
6861	60 
6862	59 
6863	216 
6864	196 
6865	201 
6866	295 
6867	125 
6868	297 
6869	302 
6870	117 
6871	292 
6872	120 
6873	140 
6874	155 
6875	132 
6876	95 
6877	139 
6878	199 
6879	260 
6880	155 
6881	224 
6882	228 
6883	60 
6884	222 
6885	157 
6886	282 
6887	301 
6888	143 
6889	333 
6890	295 
6891	15 
6892	172 
6893	80 
6894	299 
6895	264 
6896	312 
6897	338 
6898	258 
6899	115 
6900	78 
6901	125 
6902	8 
6903	2 
6904	304 
6905	301 
6906	315 
6907	155 
6908	333 
6909	301 
6910	186 
6911	196 
6912	164 
6913	33 
6914	123 
6915	31 
6916	302 
6917	146 
6918	117 
6919	110 
6920	121 
6921	232 
6922	42 
6923	340 
6924	238 
6925	207 
6926	212 
6927	13 
6928	270 
6929	285 
6930	308 
6931	31 
6932	305 
6933	115 
6934	37 
6935	293 
6936	299 
6937	33 
6938	101 
6939	97 
6940	263 
6941	313 
6942	38 
6943	301 
6944	21 
6945	299 
6946	297 
6947	157 
6948	81 
6949	238 
6950	222 
6951	103 
6952	311 
6953	263 
6954	210 
6955	84 
6956	79 
6957	234 
6958	262 
6959	333 
6960	2 
6961	48 
6962	48 
6963	38 
6964	329 
6965	233 
6966	334 
6967	253 
6968	318 
6969	185 
6970	81 
6971	132 
6972	140 
6973	100 
6974	184 
6975	189 
6976	311 
6977	219 
6978	212 
6979	109 
6980	270 
6981	184 
6982	324 
6983	263 
6984	308 
6985	87 
6986	335 
6987	133 
6988	174 
6989	121 
6990	16 
6991	108 
6992	33 
6993	97 
6994	29 
6995	31 
6996	97 
6997	2 
6998	299 
6999	42 
7000	225 
7001	49 
7002	100 
7003	33 
7004	121 
7005	108 
7006	106 
7007	186 
7008	293 
7009	260 
7010	167 
7011	143 
7012	60 
7013	262 
7014	300 
7015	144 
7016	272 
7017	57 
7018	167 
7019	143 
7020	285 
7021	275 
7022	150 
7023	233 
7024	25 
7025	201 
7026	106 
7027	16 
7028	138 
7029	70 
7030	239 
7031	234 
7032	201 
7033	146 
7034	117 
7035	237 
7036	324 
7037	83 
7038	125 
7039	153 
7040	304 
7041	21 
7042	113 
7043	128 
7044	144 
7045	226 
7046	140 
7047	3 
7048	123 
7049	216 
7050	295 
7051	315 
7052	12 
7053	110 
7054	120 
7055	131 
7056	216 
7057	87 
7058	29 
7059	340 
7060	140 
7061	87 
7062	123 
7063	146 
7064	44 
7065	237 
7066	120 
7067	39 
7068	301 
7069	285 
7070	321 
7071	117 
7072	31 
7073	267 
7074	16 
7075	155 
7076	302 
7077	258 
7078	239 
7079	189 
7080	48 
7081	49 
7082	201 
7083	144 
7084	164 
7085	14 
7086	29 
7087	103 
7088	57 
7089	196 
7090	60 
7091	271 
7092	48 
7093	18 
7094	40 
7095	3 
7096	250 
7097	338 
7098	103 
7099	44 
7100	101 
7101	26 
7102	101 
7103	338 
7104	258 
7105	340 
7106	288 
7107	211 
7108	1 
7109	222 
7110	139 
7111	338 
7112	60 
7113	70 
7114	271 
7115	237 
7116	18 
7117	149 
7118	38 
7119	261 
7120	23 
7121	226 
7122	123 
7123	333 
7124	23 
7125	188 
7126	26 
7127	189 
7128	128 
7129	48 
7130	101 
7131	210 
7132	7 
7133	57 
7134	271 
7135	59 
7136	2 
7137	81 
7138	197 
7139	308 
7140	108 
7141	267 
7142	247 
7143	132 
7144	327 
7145	201 
7146	125 
7147	234 
7148	42 
7149	335 
7150	275 
7151	324 
7152	147 
7153	239 
7154	14 
7155	262 
7156	147 
7157	224 
7158	257 
7159	12 
7160	312 
7161	208 
7162	333 
7163	285 
7164	321 
7165	103 
7166	83 
7167	33 
7168	265 
7169	225 
7170	29 
7171	318 
7172	114 
7173	217 
7174	301 
7175	99 
7176	159 
7177	229 
7178	263 
7179	253 
7180	123 
7181	115 
7182	334 
7183	103 
7184	308 
7185	326 
7186	249 
7187	80 
7188	99 
7189	208 
7190	16 
7191	40 
7192	225 
7193	329 
7194	114 
7195	238 
7196	313 
7197	174 
7198	81 
7199	108 
7200	293 
7201	263 
7202	18 
7203	44 
7204	75 
7205	267 
7206	196 
7207	11 
7208	16 
7209	23 
7210	306 
7211	150 
7212	29 
7213	113 
7214	238 
7215	79 
7216	219 
7217	44 
7218	192 
7219	99 
7220	300 
7221	262 
7222	142 
7223	14 
7224	199 
7225	128 
7226	103 
7227	57 
7228	329 
7229	59 
7230	115 
7231	234 
7232	42 
7233	284 
7234	217 
7235	180 
7236	282 
7237	234 
7238	48 
7239	66 
7240	66 
7241	272 
7242	159 
7243	224 
7244	232 
7245	228 
7246	149 
7247	272 
7248	308 
7249	329 
7250	301 
7251	308 
7252	196 
7253	258 
7254	237 
7255	130 
7256	144 
7257	57 
7258	83 
7259	266 
7260	121 
7261	127 
7262	16 
7263	103 
7264	318 
7265	305 
7266	149 
7267	222 
7268	48 
7269	306 
7270	172 
7271	15 
7272	333 
7273	40 
7274	86 
7275	336 
7276	225 
7277	299 
7278	120 
7279	250 
7280	212 
7281	75 
7282	266 
7283	159 
7284	188 
7285	120 
7286	334 
7287	130 
7288	7 
7289	44 
7290	142 
7291	312 
7292	157 
7293	23 
7294	40 
7295	228 
7296	250 
7297	288 
7298	192 
7299	272 
7300	143 
7301	305 
7302	149 
7303	7 
7304	48 
7305	272 
7306	86 
7307	75 
7308	40 
7309	42 
7310	312 
7311	133 
7312	155 
7313	196 
7314	180 
7315	99 
7316	23 
7317	250 
7318	100 
7319	247 
7320	321 
7321	15 
7322	143 
7323	233 
7324	264 
7325	153 
7326	78 
7327	185 
7328	326 
7329	266 
7330	25 
7331	207 
7332	208 
7333	319 
7334	33 
7335	15 
7336	293 
7337	199 
7338	101 
7339	141 
7340	288 
7341	207 
7342	253 
7343	155 
7344	37 
7345	211 
7346	29 
7347	211 
7348	338 
7349	201 
7350	141 
7351	131 
7352	266 
7353	84 
7354	7 
7355	79 
7356	78 
7357	127 
7358	150 
7359	180 
7360	300 
7361	311 
7362	319 
7363	113 
7364	226 
7365	301 
7366	311 
7367	297 
7368	60 
7369	157 
7370	80 
7371	26 
7372	117 
7373	103 
7374	314 
7375	38 
7376	121 
7377	326 
7378	302 
7379	288 
7380	29 
7381	185 
7382	229 
7383	211 
7384	21 
7385	142 
7386	288 
7387	233 
7388	192 
7389	188 
7390	318 
7391	7 
7392	114 
7393	185 
7394	234 
7395	25 
7396	260 
7397	285 
7398	262 
7399	155 
7400	94 
7401	82 
7402	288 
7403	2 
7404	39 
7405	3 
7406	314 
7407	114 
7408	108 
7409	266 
7410	110 
7411	2 
7412	121 
7413	7 
7414	237 
7415	147 
7416	272 
7417	271 
7418	113 
7419	301 
7420	29 
7421	79 
7422	117 
7423	25 
7424	185 
7425	305 
7426	275 
7427	164 
7428	26 
7429	174 
7430	113 
7431	14 
7432	315 
7433	188 
7434	285 
7435	29 
7436	185 
7437	275 
7438	186 
7439	139 
7440	83 
7441	8 
7442	265 
7443	261 
7444	108 
7445	82 
7446	83 
7447	249 
7448	18 
7449	264 
7450	173 
7451	110 
7452	142 
7453	338 
7454	139 
7455	284 
7456	153 
7457	210 
7458	270 
7459	184 
7460	66 
7461	207 
7462	80 
7463	226 
7464	257 
7465	3 
7466	175 
7467	217 
7468	270 
7469	297 
7470	142 
7471	29 
7472	66 
7473	312 
7474	229 
7475	120 
7476	40 
7477	130 
7478	333 
7479	336 
7480	288 
7481	2 
7482	97 
7483	81 
7484	217 
7485	297 
7486	42 
7487	318 
7488	121 
7489	66 
7490	25 
7491	180 
7492	58 
7493	344 
7494	234 
7495	271 
7496	49 
7497	101 
7498	49 
7499	272 
7500	38 
7501	261 
7502	219 
7503	48 
7504	275 
7505	83 
7506	94 
7507	260 
7508	302 
7509	305 
7510	31 
7511	222 
7512	321 
7513	7 
7514	272 
7515	58 
7516	110 
7517	57 
7518	94 
7519	29 
7520	333 
7521	66 
7522	311 
7523	229 
7524	48 
7525	142 
7526	37 
7527	337 
7528	48 
7529	100 
7530	11 
7531	201 
7532	247 
7533	128 
7534	38 
7535	293 
7536	207 
7537	78 
7538	293 
7539	140 
7540	44 
7541	301 
7542	100 
7543	110 
7544	128 
7545	213 
7546	211 
7547	109 
7548	157 
7549	42 
7550	336 
7551	94 
7552	147 
7553	311 
7554	335 
7555	264 
7556	59 
7557	175 
7558	300 
7559	196 
7560	80 
7561	299 
7562	335 
7563	143 
7564	336 
7565	173 
7566	18 
7567	144 
7568	120 
7569	66 
7570	336 
7571	272 
7572	21 
7573	7 
7574	319 
7575	80 
7576	222 
7577	208 
7578	270 
7579	315 
7580	327 
7581	327 
7582	173 
7583	66 
7584	109 
7585	210 
7586	225 
7587	293 
7588	192 
7589	207 
7590	192 
7591	321 
7592	224 
7593	153 
7594	114 
7595	139 
7596	101 
7597	201 
7598	155 
7599	75 
7600	197 
7601	212 
7602	302 
7603	144 
7604	139 
7605	315 
7606	7 
7607	197 
7608	139 
7609	217 
7610	18 
7611	258 
7612	207 
7613	130 
7614	257 
7615	167 
7616	26 
7617	155 
7618	258 
7619	101 
7620	121 
7621	301 
7622	87 
7623	335 
7624	247 
7625	271 
7626	57 
7627	197 
7628	258 
7629	48 
7630	58 
7631	262 
7632	313 
7633	337 
7634	300 
7635	319 
7636	228 
7637	147 
7638	29 
7639	265 
7640	157 
7641	270 
7642	117 
7643	321 
7644	262 
7645	266 
7646	225 
7647	326 
7648	11 
7649	58 
7650	139 
7651	226 
7652	70 
7653	247 
7654	117 
7655	26 
7656	210 
7657	123 
7658	59 
7659	60 
7660	261 
7661	101 
7662	324 
7663	302 
7664	21 
7665	288 
7666	75 
7667	228 
7668	59 
7669	201 
7670	14 
7671	157 
7672	49 
7673	70 
7674	117 
7675	184 
7676	217 
7677	59 
7678	97 
7679	26 
7680	14 
7681	272 
7682	101 
7683	66 
7684	260 
7685	228 
7686	40 
7687	229 
7688	109 
7689	197 
7690	23 
7691	23 
7692	123 
7693	327 
7694	66 
7695	147 
7696	253 
7697	8 
7698	167 
7699	49 
7700	1 
7701	192 
7702	82 
7703	123 
7704	175 
7705	265 
7706	338 
7707	57 
7708	18 
7709	311 
7710	18 
7711	78 
7712	184 
7713	150 
7714	7 
7715	326 
7716	139 
7717	293 
7718	149 
7719	138 
7720	318 
7721	275 
7722	153 
7723	139 
7724	97 
7725	75 
7726	120 
7727	318 
7728	207 
7729	260 
7730	15 
7731	139 
7732	282 
7733	324 
7734	234 
7735	211 
7736	59 
7737	249 
7738	305 
7739	21 
7740	110 
7741	282 
7742	271 
7743	150 
7744	121 
7745	337 
7746	261 
7747	75 
7748	132 
7749	300 
7750	84 
7751	150 
7752	49 
7753	217 
7754	60 
7755	262 
7756	155 
7757	327 
7758	313 
7759	149 
7760	94 
7761	197 
7762	313 
7763	333 
7764	8 
7765	232 
7766	38 
7767	319 
7768	261 
7769	217 
7770	247 
7771	261 
7772	58 
7773	66 
7774	185 
7775	249 
7776	40 
7777	164 
7778	82 
7779	197 
7780	275 
7781	249 
7782	201 
7783	305 
7784	97 
7785	293 
7786	306 
7787	225 
7788	101 
7789	197 
7790	311 
7791	123 
7792	86 
7793	211 
7794	326 
7795	101 
7796	314 
7797	78 
7798	301 
7799	326 
7800	87 
7801	15 
7802	14 
7803	232 
7804	133 
7805	253 
7806	207 
7807	48 
7808	210 
7809	70 
7810	186 
7811	297 
7812	94 
7813	305 
7814	261 
7815	186 
7816	113 
7817	312 
7818	82 
7819	293 
7820	157 
7821	225 
7822	210 
7823	149 
7824	302 
7825	344 
7826	282 
7827	1 
7828	38 
7829	144 
7830	257 
7831	264 
7832	247 
7833	143 
7834	338 
7835	233 
7836	275 
7837	167 
7838	222 
7839	70 
7840	253 
7841	282 
7842	121 
7843	297 
7844	40 
7845	258 
7846	44 
7847	39 
7848	297 
7849	174 
7850	82 
7851	249 
7852	314 
7853	228 
7854	208 
7855	143 
7856	186 
7857	180 
7858	58 
7859	249 
7860	199 
7861	123 
7862	173 
7863	48 
7864	113 
7865	39 
7866	130 
7867	82 
7868	295 
7869	153 
7870	264 
7871	311 
7872	324 
7873	123 
7874	82 
7875	210 
7876	138 
7877	335 
7878	133 
7879	258 
7880	297 
7881	7 
7882	293 
7883	180 
7884	313 
7885	48 
7886	128 
7887	336 
7888	326 
7889	336 
7890	37 
7891	1 
7892	80 
7893	70 
7894	321 
7895	219 
7896	314 
7897	311 
7898	157 
7899	208 
7900	100 
7901	23 
7902	285 
7903	185 
7904	247 
7905	264 
7906	266 
7907	288 
7908	257 
7909	262 
7910	48 
7911	100 
7912	97 
7913	258 
7914	153 
7915	21 
7916	86 
7917	225 
7918	153 
7919	192 
7920	288 
7921	295 
7922	87 
7923	260 
7924	225 
7925	247 
7926	175 
7927	94 
7928	86 
7929	217 
7930	58 
7931	327 
7932	7 
7933	284 
7934	306 
7935	211 
7936	143 
7937	138 
7938	333 
7939	114 
7940	270 
7941	167 
7942	57 
7943	81 
7944	155 
7945	87 
7946	26 
7947	175 
7948	305 
7949	293 
7950	149 
7951	319 
7952	114 
7953	38 
7954	247 
7955	15 
7956	25 
7957	262 
7958	100 
7959	40 
7960	208 
7961	8 
7962	196 
7963	217 
7964	258 
7965	128 
7966	247 
7967	285 
7968	144 
7969	121 
7970	297 
7971	172 
7972	229 
7973	44 
7974	225 
7975	306 
7976	8 
7977	81 
7978	335 
7979	253 
7980	288 
7981	264 
7982	39 
7983	217 
7984	213 
7985	125 
7986	282 
7987	329 
7988	139 
7989	249 
7990	192 
7991	140 
7992	114 
7993	262 
7994	301 
7995	82 
7996	257 
7997	114 
7998	167 
7999	258 
8000	57 
8001	48 
8002	233 
8003	253 
8004	157 
8005	117 
8006	125 
8007	109 
8008	15 
8009	132 
8010	144 
8011	113 
8012	59 
8013	265 
8014	260 
8015	229 
8016	37 
8017	264 
8018	318 
8019	172 
8020	184 
8021	147 
8022	144 
8023	314 
8024	185 
8025	37 
8026	120 
8027	153 
8028	211 
8029	172 
8030	275 
8031	297 
8032	197 
8033	149 
8034	173 
8035	210 
8036	44 
8037	337 
8038	157 
8039	315 
8040	153 
8041	324 
8042	312 
8043	306 
8044	66 
8045	212 
8046	197 
8047	8 
8048	199 
8049	260 
8050	257 
8051	164 
8052	37 
8053	23 
8054	201 
8055	229 
8056	305 
8057	337 
8058	48 
8059	247 
8060	40 
8061	174 
8062	266 
8063	217 
8064	253 
8065	185 
8066	58 
8067	264 
8068	123 
8069	80 
8070	232 
8071	329 
8072	128 
8073	113 
8074	192 
8075	329 
8076	84 
8077	266 
8078	272 
8079	133 
8080	293 
8081	197 
8082	40 
8083	288 
8084	333 
8085	1 
8086	113 
8087	247 
8088	139 
8089	59 
8090	305 
8091	174 
8092	172 
8093	324 
8094	44 
8095	338 
8096	324 
8097	228 
8098	11 
8099	87 
8100	14 
8101	208 
8102	232 
8103	147 
8104	143 
8105	293 
8106	83 
8107	147 
8108	233 
8109	174 
8110	333 
8111	66 
8112	301 
8113	192 
8114	87 
8115	58 
8116	58 
8117	167 
8118	337 
8119	211 
8120	101 
8121	157 
8122	219 
8123	2 
8124	58 
8125	14 
8126	14 
8127	266 
8128	312 
8129	78 
8130	128 
8131	229 
8132	295 
8133	327 
8134	192 
8135	329 
8136	70 
8137	311 
8138	260 
8139	261 
8140	87 
8141	208 
8142	199 
8143	57 
8144	213 
8145	301 
8146	196 
8147	208 
8148	337 
8149	15 
8150	144 
8151	186 
8152	80 
8153	2 
8154	117 
8155	23 
8156	199 
8157	132 
8158	262 
8159	109 
8160	15 
8161	253 
8162	110 
8163	81 
8164	301 
8165	301 
8166	138 
8167	208 
8168	70 
8169	39 
8170	7 
8171	324 
8172	247 
8173	173 
8174	70 
8175	81 
8176	306 
8177	192 
8178	270 
8179	1 
8180	217 
8181	174 
8182	247 
8183	175 
8184	7 
8185	157 
8186	213 
8187	125 
8188	312 
8189	172 
8190	155 
8191	318 
8192	140 
8193	113 
8194	37 
8195	21 
8196	66 
8197	297 
8198	23 
8199	192 
8200	167 
8201	208 
8202	337 
8203	149 
8204	109 
8205	155 
8206	87 
8207	338 
8208	336 
8209	48 
8210	313 
8211	121 
8212	23 
8213	266 
8214	208 
8215	80 
8216	147 
8217	315 
8218	262 
8219	121 
8220	23 
8221	78 
8222	210 
8223	173 
8224	318 
8225	167 
8226	293 
8227	324 
8228	100 
8229	149 
8230	109 
8231	211 
8232	199 
8233	143 
8234	337 
8235	81 
8236	249 
8237	306 
8238	175 
8239	60 
8240	185 
8241	123 
8242	8 
8243	288 
8244	213 
8245	313 
8246	21 
8247	315 
8248	113 
8249	285 
8250	117 
8251	295 
8252	39 
8253	127 
8254	87 
8255	210 
8256	149 
8257	212 
8258	164 
8259	66 
8260	261 
8261	125 
8262	110 
8263	173 
8264	110 
8265	285 
8266	125 
8267	264 
8268	337 
8269	208 
8270	167 
8271	335 
8272	186 
8273	211 
8274	258 
8275	224 
8276	48 
8277	143 
8278	38 
8279	329 
8280	37 
8281	232 
8282	109 
8283	262 
8284	329 
8285	212 
8286	335 
8287	138 
8288	295 
8289	60 
8290	125 
8291	184 
8292	199 
8293	172 
8294	261 
8295	18 
8296	272 
8297	266 
8298	321 
8299	75 
8300	336 
8301	167 
8302	247 
8303	199 
8304	149 
8305	100 
8306	335 
8307	232 
8308	114 
8309	185 
8310	333 
8311	327 
8312	84 
8313	1 
8314	293 
8315	128 
8316	224 
8317	149 
8318	113 
8319	127 
8320	282 
8321	275 
8322	229 
8323	249 
8324	173 
8325	321 
8326	225 
8327	249 
8328	173 
8329	253 
8330	1 
8331	7 
8332	60 
8333	143 
8334	81 
8335	84 
8336	261 
8337	275 
8338	78 
8339	18 
8340	312 
8341	224 
8342	233 
8343	327 
8344	301 
8345	173 
8346	262 
8347	262 
8348	173 
8349	312 
8350	293 
8351	336 
8352	143 
8353	249 
8354	59 
8355	337 
8356	75 
8357	121 
8358	321 
8359	337 
8360	288 
8361	319 
8362	185 
8363	172 
8364	149 
8365	201 
8366	70 
8367	114 
8368	1 
8369	113 
8370	109 
8371	117 
8372	147 
8373	301 
8374	127 
8375	262 
8376	155 
8377	121 
8378	14 
8379	225 
8380	44 
8381	83 
8382	266 
8383	270 
8384	66 
8385	1 
8386	8 
8387	275 
8388	173 
8389	75 
8390	39 
8391	75 
8392	257 
8393	39 
8394	285 
8395	78 
8396	321 
8397	140 
8398	80 
8399	123 
8400	336 
8401	315 
8402	1 
8403	44 
8404	48 
8405	138 
8406	261 
8407	57 
8408	18 
8409	262 
8410	130 
8411	327 
8412	14 
8413	266 
8414	113 
8415	257 
8416	60 
8417	318 
8418	225 
8419	1 
8420	275 
8421	186 
8422	199 
8423	172 
8424	338 
8425	44 
8426	196 
8427	101 
8428	39 
8429	266 
8430	186 
8431	233 
8432	284 
8433	128 
8434	324 
8435	138 
8436	258 
8437	249 
8438	261 
8439	318 
8440	247 
8441	144 
8442	78 
8443	199 
8444	44 
8445	155 
8446	184 
8447	11 
8448	100 
8449	18 
8450	21 
8451	313 
8452	164 
8453	81 
8454	18 
8455	117 
8456	297 
8457	217 
8458	84 
8459	175 
8460	11 
8461	271 
8462	138 
8463	11 
8464	288 
8465	172 
8466	219 
8467	113 
8468	319 
8469	270 
8470	219 
8471	186 
8472	109 
8473	225 
8474	128 
8475	185 
8476	132 
8477	305 
8478	186 
8479	201 
8480	261 
8481	222 
8482	114 
8483	257 
8484	232 
8485	155 
8486	266 
8487	318 
8488	114 
8489	264 
8490	81 
8491	127 
8492	59 
8493	224 
8494	44 
8495	208 
8496	44 
8497	157 
8498	81 
8499	147 
8500	306 
8501	38 
8502	338 
8503	8 
8504	26 
8505	185 
8506	184 
8507	318 
8508	262 
8509	266 
8510	132 
8511	60 
8512	128 
8513	8 
8514	284 
8515	44 
8516	123 
8517	113 
8518	261 
8519	143 
8520	337 
8521	121 
8522	174 
8523	14 
8524	11 
8525	329 
8526	157 
8527	133 
8528	94 
8529	270 
8530	109 
8531	172 
8532	285 
8533	21 
8534	336 
8535	15 
8536	222 
8537	39 
8538	8 
8539	14 
8540	213 
8541	196 
8542	225 
8543	271 
8544	315 
8545	285 
8546	173 
8547	185 
8548	258 
8549	140 
8550	100 
8551	233 
8552	94 
8553	225 
8554	301 
8555	60 
8556	232 
8557	138 
8558	261 
8559	132 
8560	319 
8561	186 
8562	175 
8563	175 
8564	219 
8565	130 
8566	301 
8567	125 
8568	81 
8569	247 
8570	319 
8571	59 
8572	8 
8573	284 
8574	175 
8575	78 
8576	94 
8577	315 
8578	87 
8579	144 
8580	133 
8581	261 
8582	128 
8583	224 
8584	266 
8585	233 
8586	11 
8587	284 
8588	175 
8589	210 
8590	127 
8591	138 
8592	172 
8593	127 
8594	229 
8595	133 
8596	201 
8597	229 
8598	70 
8599	270 
8600	117 
8601	265 
8602	80 
8603	224 
8604	336 
8605	78 
8606	7 
8607	66 
8608	84 
8609	222 
8610	66 
8611	48 
8612	113 
8613	143 
8614	113 
8615	288 
8616	114 
8617	26 
8618	147 
8619	201 
8620	60 
8621	86 
8622	140 
8623	219 
8624	143 
8625	232 
8626	132 
8627	138 
8628	261 
8629	121 
8630	229 
8631	175 
8632	172 
8633	18 
8634	143 
8635	210 
8636	57 
8637	271 
8638	337 
8639	295 
8640	155 
8641	210 
8642	186 
8643	199 
8644	15 
8645	210 
8646	157 
8647	329 
8648	175 
8649	133 
8650	257 
8651	338 
8652	185 
8653	271 
8654	94 
8655	208 
8656	264 
8657	186 
8658	1 
8659	1 
8660	288 
8661	59 
8662	157 
8663	336 
8664	109 
8665	128 
8666	253 
8667	157 
8668	258 
8669	275 
8670	212 
8671	210 
8672	338 
8673	225 
8674	173 
8675	44 
8676	284 
8677	11 
8678	186 
8679	265 
8680	8 
8681	130 
8682	222 
8683	327 
8684	270 
8685	192 
8686	114 
8687	186 
8688	48 
8689	109 
8690	7 
8691	337 
8692	44 
8693	21 
8694	94 
8695	282 
8696	149 
8697	81 
8698	57 
8699	213 
8700	39 
8701	57 
8702	192 
8703	225 
8704	196 
8705	143 
8706	132 
8707	8 
8708	59 
8709	329 
8710	335 
8711	219 
8712	232 
8713	185 
8714	229 
8715	84 
8716	86 
8717	253 
8718	172 
8719	184 
8720	130 
8721	282 
8722	262 
8723	81 
8724	210 
8725	174 
8726	138 
8727	315 
8728	319 
8729	338 
8730	155 
8731	114 
8732	208 
8733	327 
8734	174 
8735	219 
8736	8 
8737	167 
8738	70 
8739	270 
8740	210 
8741	155 
8742	60 
8743	185 
8744	253 
8745	128 
8746	282 
8747	121 
8748	87 
8749	125 
8750	275 
8751	84 
8752	312 
8753	83 
8754	212 
8755	192 
8756	173 
8757	128 
8758	143 
8759	315 
8760	184 
8761	94 
8762	275 
8763	86 
8764	157 
8765	270 
8766	335 
8767	8 
8768	11 
8769	94 
8770	15 
8771	101 
8772	83 
8773	114 
8774	284 
8775	232 
8776	175 
8777	199 
8778	132 
8779	172 
8780	147 
8781	249 
8782	78 
8783	338 
8784	253 
8785	147 
8786	75 
8787	39 
8788	8 
8789	199 
8790	288 
8791	155 
8792	213 
8793	184 
8794	140 
8795	75 
8796	232 
8797	117 
8798	18 
8799	86 
8800	164 
8801	284 
8802	167 
8803	186 
8804	75 
8805	258 
8806	38 
8807	337 
8808	174 
8809	224 
8810	57 
8811	271 
8812	167 
8813	261 
8814	270 
8815	201 
8816	261 
8817	8 
8818	232 
8819	185 
8820	147 
8821	319 
8822	258 
8823	127 
8824	147 
8825	1 
8826	319 
8827	7 
8828	174 
8829	140 
8830	138 
8831	327 
8832	196 
8833	224 
8834	318 
8835	265 
8836	14 
8837	132 
8838	261 
8839	172 
8840	80 
8841	172 
8842	192 
8843	11 
8844	329 
8845	315 
8846	196 
8847	15 
8848	201 
8849	18 
8850	60 
8851	101 
8852	113 
8853	38 
8854	109 
8855	26 
8856	84 
8857	327 
8858	81 
8859	8 
8860	295 
8861	262 
8862	295 
8863	295 
8864	295 
8865	327 
8866	222 
8867	335 
8868	114 
8869	271 
8870	21 
8871	185 
8872	80 
8873	18 
8874	219 
8875	15 
8876	264 
8877	15 
8878	147 
8879	117 
8880	305 
8881	315 
8882	18 
8883	224 
8884	329 
8885	59 
8886	87 
8887	261 
8888	295 
8889	271 
8890	164 
8891	14 
8892	84 
8893	337 
8894	123 
8895	133 
8896	157 
8897	261 
8898	125 
8899	132 
8900	167 
8901	123 
8902	21 
8903	264 
8904	114 
8905	329 
8906	86 
8907	84 
8908	167 
8909	80 
8910	258 
8911	60 
8912	192 
8913	338 
8914	70 
8915	222 
8916	84 
8917	117 
8918	125 
8919	225 
8920	257 
8921	109 
8922	101 
8923	318 
8924	128 
8925	127 
8926	1 
8927	175 
8928	233 
8929	253 
8930	84 
8931	60 
8932	338 
8933	172 
8934	185 
8935	257 
8936	18 
8937	224 
8938	275 
8939	11 
8940	149 
8941	130 
8942	196 
8943	185 
8944	225 
8945	114 
8946	312 
8947	127 
8948	127 
8949	114 
8950	113 
8951	21 
8952	224 
8953	26 
8954	14 
8955	39 
8956	210 
8957	26 
8958	128 
8959	172 
8960	101 
8961	312 
8962	270 
8963	306 
8964	212 
8965	284 
8966	271 
8967	87 
8968	337 
8969	128 
8970	14 
8971	174 
8972	233 
8973	18 
8974	329 
8975	212 
8976	233 
8977	114 
8978	84 
8979	222 
8980	338 
8981	83 
8982	312 
8983	60 
8984	1 
8985	87 
8986	59 
8987	1 
8988	167 
8989	338 
8990	319 
8991	185 
8992	86 
8993	39 
8994	113 
8995	184 
8996	282 
8997	184 
8998	26 
8999	138 
9000	201 
9001	143 
9002	329 
9003	335 
9004	305 
9005	127 
9006	172 
9007	185 
9008	335 
9009	132 
9010	199 
9011	114 
9012	288 
9013	271 
9014	306 
9015	175 
9016	258 
9017	127 
9018	338 
9019	175 
9020	87 
9021	138 
9022	174 
9023	127 
9024	26 
9025	128 
9026	114 
9027	83 
9028	212 
9029	127 
9030	337 
9031	305 
9032	59 
9033	275 
9034	199 
9035	224 
9036	14 
9037	18 
9038	87 
9039	125 
9040	305 
9041	288 
9042	319 
9043	282 
9044	174 
9045	15 
9046	38 
9047	57 
9048	164 
9049	224 
9050	329 
9051	109 
9052	315 
9053	175 
9054	319 
9055	288 
9056	315 
9057	324 
9058	109 
9059	132 
9060	132 
9061	319 
9062	270 
9063	60 
9064	213 
9065	81 
9066	132 
9067	26 
9068	157 
9069	175 
9070	38 
9071	128 
9072	84 
9073	132 
9074	295 
9075	338 
9076	138 
9077	196 
9078	219 
9079	84 
9080	15 
9081	127 
9082	271 
9083	233 
9084	210 
9085	213 
9086	75 
9087	222 
9088	282 
9089	66 
9090	172 
9091	284 
9092	86 
9093	225 
9094	249 
9095	75 
9096	83 
9097	70 
9098	201 
9099	275 
9100	1 
9101	117 
9102	83 
9103	318 
9104	271 
9105	21 
9106	319 
9107	18 
9108	249 
9109	275 
9110	337 
9111	11 
9112	78 
9113	57 
9114	94 
9115	258 
9116	157 
9117	264 
9118	157 
9119	284 
9120	26 
9121	305 
9122	232 
9123	59 
9124	232 
9125	125 
9126	174 
9127	113 
9128	1 
9129	265 
9130	66 
9131	1 
9132	11 
9133	253 
9134	133 
9135	38 
9136	86 
9137	282 
9138	224 
9139	232 
9140	257 
9141	184 
9142	224 
9143	132 
9144	224 
9145	199 
9146	335 
9147	185 
9148	233 
9149	264 
9150	75 
9151	86 
9152	167 
9153	184 
9154	315 
9155	125 
9156	147 
9157	114 
9158	265 
9159	335 
9160	127 
9161	149 
9162	319 
9163	138 
9164	282 
9165	318 
9166	78 
9167	199 
9168	265 
9169	133 
9170	39 
9171	324 
9172	109 
9173	75 
9174	113 
9175	335 
9176	59 
9177	338 
9178	329 
9179	305 
9180	123 
9181	59 
9182	128 
9183	306 
9184	109 
9185	282 
9186	21 
9187	133 
9188	26 
9189	295 
9190	225 
9191	319 
9192	78 
9193	312 
9194	295 
9195	253 
9196	233 
9197	132 
9198	318 
9199	329 
9200	127 
9201	109 
9202	143 
9203	210 
9204	232 
9205	261 
9206	140 
9207	18 
9208	184 
9209	338 
9210	222 
9211	324 
9212	78 
9213	84 
9214	83 
9215	224 
9216	127 
9217	185 
9218	75 
9219	66 
9220	315 
9221	327 
9222	157 
9223	173 
9224	210 
9225	174 
9226	157 
9227	270 
9228	212 
9229	327 
9230	315 
9231	222 
9232	219 
9233	21 
9234	38 
9235	75 
9236	123 
9237	184 
9238	60 
9239	265 
9240	306 
9241	233 
9242	140 
9243	232 
9244	18 
9245	101 
9246	132 
9247	338 
9248	157 
9249	174 
9250	83 
9251	147 
9252	172 
9253	164 
9254	101 
9255	295 
9256	315 
9257	94 
9258	132 
9259	75 
9260	114 
9261	184 
9262	94 
9263	232 
9264	78 
9265	232 
9266	270 
9267	11 
9268	94 
9269	253 
9270	39 
9271	26 
9272	210 
9273	185 
9274	11 
9275	143 
9276	59 
9277	128 
9278	101 
9279	324 
9280	87 
9281	275 
9282	288 
9283	284 
9284	222 
9285	319 
9286	324 
9287	312 
9288	84 
9289	213 
9290	140 
9291	167 
9292	312 
9293	327 
9294	210 
9295	114 
9296	149 
9297	78 
9298	213 
9299	222 
9300	185 
9301	275 
9302	127 
9303	327 
9304	295 
9305	143 
9306	173 
9307	109 
9308	94 
9309	329 
9310	133 
9311	1 
9312	149 
9313	295 
9314	173 
9315	284 
9316	138 
9317	127 
9318	66 
9319	295 
9320	39 
9321	113 
9322	295 
9323	284 
9324	232 
9325	133 
9326	174 
9327	173 
9328	174 
9329	219 
9330	38 
9331	284 
9332	123 
9333	1 
9334	15 
9335	249 
9336	233 
9337	258 
9338	265 
9339	284 
9340	38 
9341	133 
9342	213 
9343	219 
9344	338 
9345	329 
9346	167 
9347	305 
9348	184 
9349	192 
9350	253 
9351	319 
9352	21 
9353	324 
9354	167 
9355	149 
9356	167 
9357	26 
9358	264 
9359	81 
9360	138 
9361	210 
9362	39 
9363	60 
9364	335 
9365	133 
9366	38 
9367	222 
9368	184 
9369	337 
9370	295 
9371	147 
9372	270 
9373	295 
9374	39 
9375	11 
9376	305 
9377	26 
9378	319 
9379	219 
9380	173 
9381	149 
9382	26 
9383	335 
9384	219 
9385	94 
9386	133 
9387	324 
9388	288 
9389	15 
9390	84 
9391	174 
9392	284 
9393	324 
9394	132 
9395	319 
9396	306 
9397	219 
9398	164 
9399	164 
9400	130 
9401	157 
9402	11 
9403	337 
9404	26 
9405	21 
9406	210 
9407	157 
9408	318 
9409	222 
9410	114 
9411	164 
9412	143 
9413	253 
9414	114 
9415	264 
9416	11 
9417	338 
9418	83 
9419	81 
9420	305 
9421	75 
9422	282 
9423	143 
9424	39 
9425	125 
9426	192 
9427	288 
9428	15 
9429	335 
9430	133 
9431	130 
9432	114 
9433	329 
9434	288 
9435	18 
9436	210 
9437	213 
9438	184 
9439	270 
9440	164 
9441	140 
9442	192 
9443	164 
9444	114 
9445	305 
9446	38 
9447	18 
9448	173 
9449	125 
9450	15 
9451	138 
9452	164 
9453	59 
9454	337 
9455	213 
9456	201 
9457	318 
9458	21 
9459	224 
9460	295 
9461	84 
9462	11 
9463	167 
9464	147 
9465	66 
9466	94 
9467	327 
9468	319 
9469	133 
9470	318 
9471	270 
9472	288 
9473	318 
9474	315 
9475	264 
9476	21 
9477	338 
9478	264 
9479	175 
9480	149 
9481	233 
9482	1 
9483	306 
9484	147 
9485	140 
9486	315 
9487	101 
9488	86 
9489	21 
9490	94 
9491	75 
9492	94 
9493	305 
9494	315 
9495	265 
9496	184 
9497	167 
9498	157 
9499	11 
9500	173 
9501	149 
9502	123 
9503	38 
9504	201 
9505	15 
9506	253 
9507	306 
9508	201 
9509	210 
9510	199 
9511	265 
9512	78 
9513	149 
9514	295 
9515	167 
9516	78 
9517	66 
9518	264 
9519	305 
9520	83 
9521	184 
9522	125 
9523	38 
9524	86 
9525	329 
9526	123 
9527	87 
9528	327 
9529	149 
9530	39 
9531	140 
9532	288 
9533	222 
9534	201 
9535	184 
9536	318 
9537	86 
9538	21 
9539	60 
9540	315 
9541	26 
9542	133 
9543	192 
9544	233 
9545	147 
9546	164 
9547	81 
9548	86 
9549	167 
9550	86 
9551	38 
9552	329 
9553	338 
9554	38 
9555	282 
9556	338 
9557	199 
9558	315 
9559	337 
9560	174 
9561	327 
9562	213 
9563	87 
9564	38 
9565	224 
9566	264 
9567	224 
9568	329 
9569	123 
9570	147 
9571	164 
9572	87 
9573	123 
9574	164 
9575	295 
9576	78 
9577	101 
9578	147 
9579	140 
9580	315 
9581	201 
9582	83 
9583	288 
9584	140 
9585	101 
9586	265 
9587	84 
9588	174 
9589	201 
9590	213 
9591	21 
9592	75 
9593	175 
9594	78 
9595	86 
9596	75 
9597	305 
9598	78 
9599	84 
9600	338 
9601	270 
9602	233 
9603	130 
9604	75 
9605	21 
9606	282 
9607	305 
9608	224 
9609	143 
9610	38 
9611	133 
9612	318 
9613	173 
9614	184 
9615	192 
9616	15 
9617	140 
9618	329 
9619	39 
9620	123 
9621	224 
9622	318 
9623	295 
9624	143 
9625	199 
9626	295 
9627	83 
9628	75 
9629	11 
9630	282 
9631	39 
9632	288 
9633	130 
9634	75 
9635	94 
9636	224 
9637	101 
9638	114 
9639	184 
9640	59 
9641	265 
9642	210 
9643	140 
9644	222 
9645	75 
9646	270 
9647	101 
9648	199 
9649	38 
9650	59 
9651	199 
9652	306 
9653	264 
9654	233 
9655	327 
9656	175 
9657	81 
9658	11 
9659	140 
9660	233 
9661	192 
9662	210 
9663	264 
9664	306 
9665	233 
9666	83 
9667	329 
9668	175 
9669	130 
9670	133 
9671	164 
9672	306 
9673	59 
9674	101 
9675	164 
9676	133 
9677	192 
9678	306 
9679	78 
9680	270 
9681	38 
9682	233 
9683	264 
9684	327 
9685	270 
9686	288 
9687	164 
9688	315 
9689	15 
9690	66 
9691	87 
9692	60 
9693	39 
9694	11 
9695	133 
9696	174 
9697	81 
9698	78 
9699	81 
9700	264 
9701	125 
9702	233 
9703	174 
9704	174 
9705	232 
9706	83 
9707	60 
9708	173 
9709	174 
9710	123 
9711	264 
9712	81 
9713	123 
9714	125 
9715	199 
9716	184 
9717	125 
9718	199 
9719	306 
9720	15 
9721	86 
9722	265 
9723	101 
9724	184 
9725	224 
9726	232 
9727	18 
9728	270 
9729	282 
9730	213 
9731	222 
9732	253 
9733	327 
9734	130 
9735	130 
9736	15 
9737	15 
9738	83 
9739	123 
9740	233 
9741	87 
9742	222 
9743	66 
9744	130 
9745	288 
9746	75 
9747	306 
9748	270 
9749	232 
9750	87 
9751	173 
9752	213 
9753	164 
9754	270 
9755	264 
9756	133 
9757	1 
9758	87 
9759	213 
9760	86 
9761	213 
9762	83 
9763	175 
9764	15 
9765	140 
9766	192 
9767	282 
9768	130 
9769	81 
9770	201 
9771	66 
9772	253 
9773	147 
9774	222 
9775	133 
9776	18 
9777	270 
9778	175 
9779	282 
9780	101 
9781	270 
9782	38 
9783	164 
9784	175 
9785	327 
9786	270 
9787	101 
9788	81 
9789	213 
9790	173 
9791	173 
9792	133 
9793	130 
9794	233 
9795	288 
9796	38 
9797	125 
9798	123 
9799	101 
9800	123 
9801	201 
9802	282 
9803	192 
9804	174 
9805	192 
9806	87 
9807	173 
9808	87 
9809	133 
9810	175 
9811	265 
9812	164 
9813	1 
9814	270 
9815	264 
9816	306 
9817	265 
9818	282 
9819	60 
9820	130 
9821	147 
9822	81 
9823	224 
9824	233 
9825	86 
9826	265 
9827	270 
9828	270 
9829	173 
9830	173 
9831	222 
9832	264 
9833	222 
9834	265 
9835	1 
9836	38 
9837	264 
9838	125 
9839	1 
9840	147 
9841	173 
9842	270 
9843	173 
9844	282 
9845	201 
9846	101 
9847	38 
9848	60 
9849	83 
9850	173 
9851	253 
9852	184 
9853	130 
9854	66 
9855	265 
9856	282 
9857	83 
9858	222 
9859	192 
9860	87 
9861	125 
9862	306 
9863	192 
9864	164 
9865	130 
9866	38 
9867	192 
9868	164 
9869	75 
9870	133 
9871	213 
9872	222 
9873	75 
9874	66 
9875	184 
9876	147 
9877	164 
9878	147 
9879	173 
9880	60 
9881	101 
9882	130 
9883	282 
9884	213 
9885	213 
9886	1 
9887	101 
9888	130 
9889	86 
9890	147 
9891	164 
9892	201 
9893	232 
9894	233 
9895	130 
9896	213 
9897	125 
9898	199 
9899	125 
9900	81 
9901	222 
9902	282 
9903	192 
9904	232 
9905	184 
9906	87 
9907	222 
9908	192 
9909	1 
9910	130 
9911	270 
9912	38 
9913	233 
9914	101 
9915	15 
9916	101 
9917	87 
9918	130 
9919	233 
9920	222 
9921	75 
9922	265 
9923	101 
9924	213 
9925	87 
9926	83 
9927	184 
9928	147 
9929	1 
9930	199 
9931	83 
9932	60 
9933	147 
9934	306 
9935	265 
9936	83 
9937	60 
9938	282 
9939	222 
9940	75 
9941	199 
9942	75 
9943	282 
9944	199 
9945	87 
9946	184 
9947	1 
9948	224 
9949	15 
9950	86 
9951	1 
9952	213 
9953	60 
9954	164 
9955	224 
9956	232 
9957	224 
9958	83 
9959	222 
9960	60 
9961	83 
9962	175 
9963	306 
9964	83 
9965	233 
9966	173 
9967	184 
9968	101 
9969	265 
9970	130 
9971	233 
9972	224 
9973	253 
9974	86 
9975	306 
9976	265 
9977	173 
9978	232 
9979	147 
9980	130 
9981	83 
9982	199 
9983	86 
9984	199 
9985	130 
9986	233 
9987	199 
9988	175 
9989	87 
9990	222 
9991	130 
9992	222 
9993	306 
9994	233 
9995	38 
9996	213 
9997	199 
9998	184 
9999	83 
10000	15 
