1	25 
2	185 
3	186 
4	77 
5	20 
6	1 
7	112 
8	16 
9	212 
10	10 
11	126 
12	327 
13	178 
14	248 
15	333 
16	298 
17	169 
18	66 
19	88 
20	154 
21	170 
22	340 
23	46 
24	366 
25	259 
26	312 
27	200 
28	286 
29	157 
30	333 
31	179 
32	160 
33	192 
34	106 
35	235 
36	80 
37	156 
38	235 
39	95 
40	123 
41	112 
42	366 
43	37 
44	44 
45	341 
46	329 
47	366 
48	99 
49	183 
50	141 
51	209 
52	35 
53	101 
54	204 
55	20 
56	233 
57	364 
58	322 
59	287 
60	5 
61	10 
62	338 
63	61 
64	179 
65	329 
66	69 
67	340 
68	42 
69	75 
70	22 
71	287 
72	322 
73	265 
74	128 
75	120 
76	5 
77	272 
78	176 
79	134 
80	21 
81	65 
82	61 
83	279 
84	231 
85	363 
86	115 
87	121 
88	296 
89	281 
90	318 
91	347 
92	58 
93	314 
94	163 
95	42 
96	343 
97	2 
98	113 
99	330 
100	161 
101	234 
102	42 
103	74 
104	256 
105	35 
106	247 
107	356 
108	20 
109	358 
110	139 
111	270 
112	195 
113	9 
114	161 
115	185 
116	328 
117	361 
118	187 
119	114 
120	332 
121	266 
122	115 
123	360 
124	19 
125	325 
126	115 
127	135 
128	347 
129	187 
130	130 
131	50 
132	296 
133	258 
134	43 
135	195 
136	62 
137	322 
138	351 
139	19 
140	342 
141	234 
142	256 
143	363 
144	82 
145	320 
146	287 
147	82 
148	155 
149	132 
150	288 
151	325 
152	134 
153	130 
154	322 
155	259 
156	245 
157	201 
158	87 
159	246 
160	131 
161	350 
162	147 
163	98 
164	132 
165	212 
166	27 
167	84 
168	163 
169	359 
170	63 
171	219 
172	254 
173	216 
174	13 
175	367 
176	212 
177	293 
178	10 
179	37 
180	306 
181	324 
182	364 
183	288 
184	122 
185	315 
186	193 
187	320 
188	232 
189	48 
190	159 
191	5 
192	248 
193	220 
194	252 
195	214 
196	162 
197	302 
198	153 
199	108 
200	259 
201	14 
202	274 
203	226 
204	363 
205	138 
206	272 
207	184 
208	134 
209	56 
210	351 
211	183 
212	30 
213	34 
214	12 
215	356 
216	175 
217	200 
218	69 
219	314 
220	359 
221	259 
222	363 
223	357 
224	151 
225	153 
226	259 
227	341 
228	244 
229	212 
230	316 
231	307 
232	221 
233	12 
234	270 
235	213 
236	271 
237	225 
238	326 
239	22 
240	59 
241	222 
242	274 
243	100 
244	185 
245	338 
246	345 
247	185 
248	85 
249	149 
250	155 
251	221 
252	106 
253	181 
254	220 
255	103 
256	58 
257	364 
258	27 
259	145 
260	50 
261	122 
262	345 
263	354 
264	213 
265	145 
266	58 
267	363 
268	276 
269	216 
270	213 
271	181 
272	360 
273	227 
274	6 
275	159 
276	274 
277	42 
278	42 
279	334 
280	116 
281	270 
282	69 
283	156 
284	366 
285	296 
286	186 
287	328 
288	366 
289	111 
290	65 
291	315 
292	33 
293	267 
294	280 
295	251 
296	114 
297	231 
298	26 
299	358 
300	308 
301	75 
302	266 
303	354 
304	360 
305	192 
306	293 
307	268 
308	197 
309	364 
310	228 
311	110 
312	256 
313	357 
314	157 
315	304 
316	47 
317	335 
318	80 
319	355 
320	160 
321	73 
322	44 
323	266 
324	260 
325	52 
326	297 
327	148 
328	234 
329	338 
330	35 
331	206 
332	173 
333	243 
334	78 
335	45 
336	28 
337	68 
338	12 
339	328 
340	294 
341	298 
342	293 
343	205 
344	132 
345	364 
346	69 
347	70 
348	114 
349	24 
350	1 
351	100 
352	99 
353	35 
354	175 
355	68 
356	170 
357	5 
358	234 
359	112 
360	237 
361	244 
362	202 
363	301 
364	75 
365	240 
366	267 
367	92 
368	47 
369	183 
370	234 
371	121 
372	137 
373	179 
374	274 
375	116 
376	342 
377	130 
378	204 
379	357 
380	132 
381	266 
382	84 
383	268 
384	332 
385	270 
386	335 
387	165 
388	53 
389	120 
390	73 
391	364 
392	188 
393	349 
394	21 
395	123 
396	94 
397	14 
398	113 
399	148 
400	330 
401	31 
402	74 
403	130 
404	298 
405	122 
406	177 
407	289 
408	30 
409	367 
410	167 
411	321 
412	322 
413	51 
414	163 
415	271 
416	225 
417	335 
418	367 
419	13 
420	327 
421	282 
422	225 
423	12 
424	21 
425	363 
426	72 
427	184 
428	274 
429	216 
430	32 
431	110 
432	309 
433	106 
434	293 
435	294 
436	353 
437	148 
438	8 
439	21 
440	326 
441	175 
442	340 
443	237 
444	98 
445	148 
446	235 
447	135 
448	49 
449	92 
450	15 
451	29 
452	257 
453	163 
454	184 
455	262 
456	44 
457	294 
458	184 
459	114 
460	314 
461	127 
462	263 
463	185 
464	226 
465	68 
466	74 
467	50 
468	235 
469	103 
470	272 
471	367 
472	276 
473	72 
474	202 
475	333 
476	212 
477	21 
478	329 
479	274 
480	22 
481	56 
482	77 
483	364 
484	316 
485	175 
486	320 
487	269 
488	116 
489	296 
490	351 
491	14 
492	176 
493	192 
494	232 
495	135 
496	74 
497	140 
498	234 
499	57 
500	289 
501	126 
502	280 
503	270 
504	69 
505	24 
506	327 
507	268 
508	324 
509	274 
510	215 
511	12 
512	44 
513	264 
514	261 
515	280 
516	116 
517	341 
518	36 
519	72 
520	207 
521	144 
522	165 
523	208 
524	36 
525	347 
526	153 
527	35 
528	212 
529	171 
530	179 
531	238 
532	14 
533	175 
534	52 
535	74 
536	70 
537	145 
538	23 
539	299 
540	45 
541	274 
542	56 
543	323 
544	114 
545	39 
546	146 
547	57 
548	115 
549	113 
550	129 
551	216 
552	48 
553	367 
554	284 
555	222 
556	36 
557	172 
558	36 
559	105 
560	29 
561	257 
562	29 
563	246 
564	259 
565	42 
566	248 
567	58 
568	362 
569	88 
570	216 
571	358 
572	13 
573	180 
574	142 
575	28 
576	185 
577	317 
578	12 
579	21 
580	246 
581	33 
582	235 
583	340 
584	213 
585	91 
586	245 
587	3 
588	274 
589	226 
590	155 
591	360 
592	201 
593	322 
594	239 
595	70 
596	191 
597	123 
598	43 
599	323 
600	174 
601	191 
602	20 
603	258 
604	307 
605	207 
606	285 
607	221 
608	87 
609	143 
610	63 
611	319 
612	32 
613	302 
614	54 
615	180 
616	24 
617	2 
618	117 
619	35 
620	349 
621	349 
622	202 
623	261 
624	21 
625	336 
626	5 
627	366 
628	328 
629	363 
630	105 
631	185 
632	8 
633	193 
634	222 
635	23 
636	113 
637	80 
638	132 
639	58 
640	95 
641	56 
642	202 
643	276 
644	99 
645	197 
646	121 
647	140 
648	82 
649	44 
650	278 
651	115 
652	101 
653	324 
654	5 
655	11 
656	249 
657	147 
658	23 
659	352 
660	97 
661	260 
662	57 
663	282 
664	35 
665	273 
666	95 
667	112 
668	51 
669	116 
670	36 
671	16 
672	355 
673	346 
674	40 
675	364 
676	326 
677	176 
678	270 
679	165 
680	72 
681	331 
682	183 
683	284 
684	144 
685	231 
686	81 
687	306 
688	338 
689	114 
690	120 
691	332 
692	351 
693	213 
694	218 
695	10 
696	361 
697	351 
698	352 
699	198 
700	321 
701	190 
702	310 
703	282 
704	176 
705	233 
706	229 
707	171 
708	333 
709	360 
710	130 
711	26 
712	244 
713	334 
714	222 
715	138 
716	80 
717	88 
718	145 
719	187 
720	210 
721	293 
722	231 
723	112 
724	337 
725	229 
726	190 
727	298 
728	77 
729	141 
730	305 
731	185 
732	169 
733	42 
734	38 
735	126 
736	63 
737	115 
738	268 
739	58 
740	115 
741	302 
742	146 
743	299 
744	193 
745	211 
746	60 
747	95 
748	178 
749	264 
750	116 
751	291 
752	185 
753	313 
754	38 
755	99 
756	170 
757	363 
758	202 
759	187 
760	246 
761	183 
762	306 
763	322 
764	333 
765	80 
766	293 
767	270 
768	273 
769	300 
770	185 
771	1 
772	27 
773	216 
774	26 
775	46 
776	248 
777	147 
778	80 
779	156 
780	157 
781	75 
782	52 
783	122 
784	18 
785	260 
786	126 
787	195 
788	269 
789	140 
790	56 
791	308 
792	209 
793	209 
794	54 
795	135 
796	147 
797	156 
798	251 
799	284 
800	295 
801	91 
802	110 
803	120 
804	154 
805	112 
806	367 
807	1 
808	344 
809	212 
810	94 
811	347 
812	5 
813	163 
814	15 
815	92 
816	163 
817	154 
818	298 
819	58 
820	234 
821	59 
822	243 
823	161 
824	61 
825	252 
826	62 
827	346 
828	135 
829	222 
830	198 
831	85 
832	304 
833	220 
834	269 
835	82 
836	16 
837	194 
838	261 
839	114 
840	231 
841	181 
842	286 
843	42 
844	344 
845	187 
846	318 
847	118 
848	211 
849	185 
850	46 
851	37 
852	167 
853	139 
854	249 
855	128 
856	26 
857	121 
858	196 
859	356 
860	30 
861	168 
862	346 
863	153 
864	354 
865	357 
866	268 
867	42 
868	71 
869	55 
870	351 
871	156 
872	326 
873	358 
874	71 
875	358 
876	324 
877	192 
878	173 
879	170 
880	69 
881	360 
882	326 
883	268 
884	72 
885	93 
886	203 
887	274 
888	354 
889	326 
890	82 
891	26 
892	254 
893	150 
894	284 
895	245 
896	24 
897	110 
898	118 
899	100 
900	242 
901	366 
902	222 
903	12 
904	364 
905	213 
906	9 
907	29 
908	366 
909	259 
910	197 
911	96 
912	24 
913	76 
914	172 
915	356 
916	145 
917	147 
918	265 
919	26 
920	8 
921	94 
922	43 
923	307 
924	126 
925	122 
926	20 
927	316 
928	93 
929	302 
930	253 
931	14 
932	348 
933	238 
934	144 
935	216 
936	178 
937	246 
938	81 
939	55 
940	100 
941	305 
942	32 
943	159 
944	261 
945	321 
946	178 
947	348 
948	200 
949	126 
950	316 
951	79 
952	108 
953	233 
954	281 
955	120 
956	140 
957	202 
958	178 
959	33 
960	42 
961	282 
962	193 
963	1 
964	231 
965	120 
966	63 
967	186 
968	266 
969	106 
970	149 
971	234 
972	261 
973	235 
974	112 
975	298 
976	44 
977	295 
978	282 
979	340 
980	356 
981	214 
982	157 
983	208 
984	214 
985	187 
986	314 
987	126 
988	109 
989	268 
990	105 
991	200 
992	280 
993	276 
994	363 
995	290 
996	149 
997	173 
998	367 
999	326 
1000	281 
1001	209 
1002	346 
1003	310 
1004	332 
1005	335 
1006	155 
1007	348 
1008	231 
1009	149 
1010	189 
1011	43 
1012	11 
1013	340 
1014	365 
1015	62 
1016	26 
1017	280 
1018	2 
1019	152 
1020	364 
1021	36 
1022	278 
1023	216 
1024	23 
1025	246 
1026	251 
1027	86 
1028	97 
1029	68 
1030	264 
1031	279 
1032	340 
1033	51 
1034	14 
1035	364 
1036	192 
1037	2 
1038	270 
1039	26 
1040	292 
1041	95 
1042	287 
1043	74 
1044	1 
1045	248 
1046	78 
1047	126 
1048	18 
1049	258 
1050	115 
1051	246 
1052	356 
1053	132 
1054	115 
1055	165 
1056	301 
1057	167 
1058	69 
1059	95 
1060	70 
1061	305 
1062	118 
1063	326 
1064	103 
1065	190 
1066	39 
1067	235 
1068	304 
1069	177 
1070	29 
1071	42 
1072	257 
1073	192 
1074	15 
1075	178 
1076	126 
1077	356 
1078	112 
1079	175 
1080	258 
1081	164 
1082	82 
1083	16 
1084	176 
1085	124 
1086	61 
1087	12 
1088	210 
1089	184 
1090	231 
1091	34 
1092	66 
1093	296 
1094	185 
1095	283 
1096	229 
1097	120 
1098	70 
1099	140 
1100	35 
1101	276 
1102	217 
1103	302 
1104	205 
1105	291 
1106	333 
1107	157 
1108	163 
1109	293 
1110	120 
1111	162 
1112	234 
1113	298 
1114	112 
1115	325 
1116	350 
1117	210 
1118	170 
1119	356 
1120	254 
1121	185 
1122	139 
1123	173 
1124	261 
1125	191 
1126	80 
1127	113 
1128	72 
1129	266 
1130	351 
1131	98 
1132	364 
1133	298 
1134	91 
1135	251 
1136	215 
1137	122 
1138	171 
1139	104 
1140	36 
1141	97 
1142	197 
1143	110 
1144	61 
1145	231 
1146	223 
1147	25 
1148	187 
1149	320 
1150	257 
1151	257 
1152	78 
1153	58 
1154	93 
1155	296 
1156	274 
1157	41 
1158	262 
1159	248 
1160	48 
1161	151 
1162	301 
1163	95 
1164	266 
1165	75 
1166	136 
1167	323 
1168	292 
1169	312 
1170	180 
1171	305 
1172	213 
1173	239 
1174	75 
1175	237 
1176	133 
1177	226 
1178	106 
1179	216 
1180	89 
1181	15 
1182	9 
1183	121 
1184	166 
1185	200 
1186	92 
1187	300 
1188	221 
1189	166 
1190	268 
1191	266 
1192	323 
1193	105 
1194	198 
1195	8 
1196	349 
1197	356 
1198	152 
1199	327 
1200	80 
1201	93 
1202	313 
1203	337 
1204	42 
1205	341 
1206	221 
1207	147 
1208	212 
1209	360 
1210	144 
1211	221 
1212	185 
1213	126 
1214	282 
1215	170 
1216	139 
1217	314 
1218	131 
1219	6 
1220	22 
1221	115 
1222	54 
1223	353 
1224	202 
1225	270 
1226	95 
1227	64 
1228	79 
1229	178 
1230	123 
1231	203 
1232	71 
1233	54 
1234	25 
1235	308 
1236	116 
1237	141 
1238	348 
1239	82 
1240	202 
1241	64 
1242	21 
1243	356 
1244	129 
1245	301 
1246	157 
1247	182 
1248	331 
1249	350 
1250	127 
1251	326 
1252	143 
1253	354 
1254	225 
1255	82 
1256	46 
1257	239 
1258	312 
1259	231 
1260	56 
1261	331 
1262	246 
1263	138 
1264	198 
1265	356 
1266	97 
1267	126 
1268	140 
1269	93 
1270	70 
1271	361 
1272	111 
1273	240 
1274	54 
1275	311 
1276	270 
1277	364 
1278	295 
1279	363 
1280	323 
1281	184 
1282	216 
1283	112 
1284	283 
1285	302 
1286	209 
1287	107 
1288	18 
1289	15 
1290	193 
1291	167 
1292	157 
1293	66 
1294	268 
1295	3 
1296	27 
1297	181 
1298	339 
1299	93 
1300	49 
1301	302 
1302	122 
1303	230 
1304	41 
1305	319 
1306	15 
1307	278 
1308	13 
1309	244 
1310	264 
1311	21 
1312	287 
1313	95 
1314	222 
1315	6 
1316	72 
1317	90 
1318	5 
1319	55 
1320	179 
1321	250 
1322	296 
1323	230 
1324	192 
1325	347 
1326	157 
1327	200 
1328	69 
1329	48 
1330	283 
1331	48 
1332	209 
1333	313 
1334	303 
1335	100 
1336	61 
1337	254 
1338	117 
1339	184 
1340	182 
1341	173 
1342	351 
1343	25 
1344	326 
1345	162 
1346	216 
1347	147 
1348	335 
1349	203 
1350	212 
1351	6 
1352	353 
1353	93 
1354	216 
1355	261 
1356	26 
1357	183 
1358	139 
1359	52 
1360	139 
1361	141 
1362	147 
1363	258 
1364	245 
1365	14 
1366	280 
1367	271 
1368	231 
1369	239 
1370	83 
1371	41 
1372	83 
1373	360 
1374	8 
1375	100 
1376	141 
1377	346 
1378	252 
1379	255 
1380	132 
1381	272 
1382	227 
1383	285 
1384	366 
1385	23 
1386	118 
1387	355 
1388	219 
1389	120 
1390	100 
1391	339 
1392	237 
1393	43 
1394	14 
1395	331 
1396	182 
1397	63 
1398	327 
1399	255 
1400	322 
1401	245 
1402	110 
1403	212 
1404	182 
1405	324 
1406	17 
1407	323 
1408	320 
1409	78 
1410	9 
1411	167 
1412	295 
1413	68 
1414	17 
1415	304 
1416	367 
1417	287 
1418	311 
1419	301 
1420	265 
1421	358 
1422	313 
1423	335 
1424	334 
1425	328 
1426	245 
1427	187 
1428	212 
1429	265 
1430	100 
1431	192 
1432	110 
1433	109 
1434	248 
1435	79 
1436	286 
1437	318 
1438	44 
1439	161 
1440	235 
1441	192 
1442	335 
1443	164 
1444	205 
1445	32 
1446	277 
1447	24 
1448	53 
1449	91 
1450	250 
1451	342 
1452	313 
1453	120 
1454	149 
1455	39 
1456	49 
1457	113 
1458	353 
1459	81 
1460	256 
1461	55 
1462	234 
1463	328 
1464	103 
1465	45 
1466	69 
1467	296 
1468	248 
1469	288 
1470	16 
1471	318 
1472	115 
1473	177 
1474	8 
1475	86 
1476	46 
1477	68 
1478	200 
1479	209 
1480	69 
1481	124 
1482	115 
1483	88 
1484	304 
1485	289 
1486	149 
1487	245 
1488	295 
1489	64 
1490	113 
1491	226 
1492	362 
1493	136 
1494	104 
1495	100 
1496	171 
1497	132 
1498	335 
1499	84 
1500	85 
1501	274 
1502	227 
1503	2 
1504	112 
1505	270 
1506	213 
1507	120 
1508	363 
1509	81 
1510	320 
1511	293 
1512	275 
1513	195 
1514	98 
1515	302 
1516	284 
1517	186 
1518	332 
1519	159 
1520	84 
1521	349 
1522	87 
1523	213 
1524	261 
1525	178 
1526	248 
1527	106 
1528	129 
1529	357 
1530	323 
1531	293 
1532	316 
1533	270 
1534	115 
1535	133 
1536	280 
1537	106 
1538	349 
1539	12 
1540	1 
1541	37 
1542	259 
1543	109 
1544	114 
1545	298 
1546	105 
1547	231 
1548	280 
1549	111 
1550	233 
1551	63 
1552	22 
1553	245 
1554	98 
1555	359 
1556	366 
1557	105 
1558	228 
1559	184 
1560	48 
1561	132 
1562	36 
1563	132 
1564	63 
1565	179 
1566	211 
1567	322 
1568	126 
1569	93 
1570	121 
1571	270 
1572	234 
1573	115 
1574	95 
1575	122 
1576	77 
1577	237 
1578	77 
1579	162 
1580	32 
1581	243 
1582	1 
1583	212 
1584	145 
1585	317 
1586	20 
1587	126 
1588	362 
1589	43 
1590	153 
1591	5 
1592	16 
1593	87 
1594	223 
1595	109 
1596	80 
1597	120 
1598	346 
1599	367 
1600	282 
1601	145 
1602	367 
1603	221 
1604	14 
1605	252 
1606	10 
1607	274 
1608	290 
1609	88 
1610	126 
1611	86 
1612	82 
1613	303 
1614	364 
1615	112 
1616	3 
1617	189 
1618	340 
1619	177 
1620	234 
1621	9 
1622	313 
1623	72 
1624	44 
1625	187 
1626	212 
1627	5 
1628	113 
1629	223 
1630	155 
1631	264 
1632	141 
1633	147 
1634	167 
1635	230 
1636	81 
1637	249 
1638	8 
1639	126 
1640	267 
1641	174 
1642	126 
1643	288 
1644	145 
1645	81 
1646	66 
1647	129 
1648	366 
1649	207 
1650	327 
1651	246 
1652	17 
1653	255 
1654	278 
1655	127 
1656	232 
1657	161 
1658	302 
1659	58 
1660	212 
1661	220 
1662	112 
1663	154 
1664	257 
1665	327 
1666	254 
1667	360 
1668	116 
1669	6 
1670	319 
1671	8 
1672	100 
1673	177 
1674	153 
1675	108 
1676	120 
1677	237 
1678	48 
1679	188 
1680	29 
1681	249 
1682	232 
1683	224 
1684	346 
1685	356 
1686	275 
1687	8 
1688	113 
1689	22 
1690	175 
1691	293 
1692	6 
1693	132 
1694	240 
1695	145 
1696	85 
1697	75 
1698	203 
1699	270 
1700	156 
1701	336 
1702	114 
1703	92 
1704	312 
1705	63 
1706	58 
1707	6 
1708	261 
1709	12 
1710	98 
1711	173 
1712	48 
1713	187 
1714	153 
1715	121 
1716	108 
1717	81 
1718	122 
1719	147 
1720	78 
1721	266 
1722	22 
1723	163 
1724	120 
1725	109 
1726	86 
1727	189 
1728	140 
1729	228 
1730	6 
1731	246 
1732	173 
1733	130 
1734	153 
1735	333 
1736	92 
1737	230 
1738	32 
1739	179 
1740	132 
1741	185 
1742	21 
1743	126 
1744	35 
1745	163 
1746	149 
1747	40 
1748	179 
1749	58 
1750	279 
1751	296 
1752	276 
1753	209 
1754	235 
1755	292 
1756	124 
1757	80 
1758	26 
1759	172 
1760	73 
1761	115 
1762	195 
1763	245 
1764	229 
1765	291 
1766	2 
1767	78 
1768	57 
1769	242 
1770	80 
1771	270 
1772	239 
1773	366 
1774	83 
1775	145 
1776	232 
1777	41 
1778	335 
1779	40 
1780	20 
1781	58 
1782	257 
1783	326 
1784	293 
1785	189 
1786	31 
1787	234 
1788	338 
1789	266 
1790	274 
1791	252 
1792	157 
1793	355 
1794	227 
1795	343 
1796	16 
1797	94 
1798	138 
1799	340 
1800	363 
1801	55 
1802	131 
1803	36 
1804	249 
1805	212 
1806	291 
1807	140 
1808	213 
1809	22 
1810	192 
1811	52 
1812	153 
1813	325 
1814	191 
1815	323 
1816	62 
1817	32 
1818	120 
1819	364 
1820	127 
1821	56 
1822	63 
1823	267 
1824	322 
1825	46 
1826	280 
1827	274 
1828	101 
1829	147 
1830	166 
1831	259 
1832	167 
1833	351 
1834	220 
1835	31 
1836	307 
1837	209 
1838	323 
1839	280 
1840	252 
1841	292 
1842	163 
1843	362 
1844	185 
1845	316 
1846	112 
1847	41 
1848	76 
1849	264 
1850	161 
1851	58 
1852	185 
1853	147 
1854	344 
1855	15 
1856	244 
1857	268 
1858	5 
1859	69 
1860	301 
1861	294 
1862	346 
1863	14 
1864	63 
1865	170 
1866	272 
1867	49 
1868	126 
1869	115 
1870	288 
1871	6 
1872	174 
1873	200 
1874	365 
1875	246 
1876	22 
1877	321 
1878	16 
1879	305 
1880	35 
1881	120 
1882	100 
1883	44 
1884	169 
1885	185 
1886	79 
1887	103 
1888	170 
1889	72 
1890	179 
1891	257 
1892	76 
1893	239 
1894	293 
1895	81 
1896	26 
1897	169 
1898	257 
1899	223 
1900	336 
1901	338 
1902	81 
1903	243 
1904	295 
1905	326 
1906	60 
1907	32 
1908	156 
1909	69 
1910	262 
1911	332 
1912	157 
1913	347 
1914	232 
1915	152 
1916	359 
1917	217 
1918	85 
1919	24 
1920	106 
1921	338 
1922	89 
1923	178 
1924	222 
1925	49 
1926	246 
1927	20 
1928	300 
1929	17 
1930	161 
1931	70 
1932	153 
1933	298 
1934	332 
1935	200 
1936	294 
1937	19 
1938	60 
1939	212 
1940	14 
1941	217 
1942	126 
1943	270 
1944	74 
1945	58 
1946	151 
1947	255 
1948	197 
1949	155 
1950	147 
1951	198 
1952	276 
1953	310 
1954	56 
1955	265 
1956	71 
1957	108 
1958	2 
1959	242 
1960	292 
1961	84 
1962	257 
1963	29 
1964	298 
1965	293 
1966	226 
1967	265 
1968	1 
1969	159 
1970	213 
1971	49 
1972	122 
1973	316 
1974	222 
1975	118 
1976	136 
1977	137 
1978	31 
1979	77 
1980	258 
1981	24 
1982	231 
1983	112 
1984	259 
1985	340 
1986	316 
1987	104 
1988	177 
1989	145 
1990	92 
1991	52 
1992	106 
1993	202 
1994	170 
1995	327 
1996	107 
1997	200 
1998	74 
1999	258 
2000	77 
2001	10 
2002	98 
2003	341 
2004	360 
2005	151 
2006	65 
2007	213 
2008	182 
2009	220 
2010	24 
2011	60 
2012	27 
2013	80 
2014	97 
2015	161 
2016	72 
2017	270 
2018	72 
2019	294 
2020	93 
2021	140 
2022	20 
2023	142 
2024	25 
2025	366 
2026	222 
2027	1 
2028	356 
2029	234 
2030	298 
2031	301 
2032	168 
2033	214 
2034	235 
2035	52 
2036	238 
2037	113 
2038	301 
2039	58 
2040	270 
2041	42 
2042	113 
2043	356 
2044	327 
2045	70 
2046	161 
2047	213 
2048	141 
2049	342 
2050	274 
2051	10 
2052	351 
2053	274 
2054	38 
2055	147 
2056	179 
2057	68 
2058	123 
2059	277 
2060	112 
2061	57 
2062	213 
2063	272 
2064	93 
2065	247 
2066	31 
2067	263 
2068	126 
2069	106 
2070	165 
2071	5 
2072	333 
2073	340 
2074	201 
2075	169 
2076	12 
2077	266 
2078	230 
2079	100 
2080	180 
2081	263 
2082	93 
2083	229 
2084	168 
2085	235 
2086	332 
2087	190 
2088	161 
2089	293 
2090	179 
2091	53 
2092	242 
2093	149 
2094	47 
2095	192 
2096	176 
2097	144 
2098	38 
2099	27 
2100	297 
2101	6 
2102	367 
2103	77 
2104	106 
2105	145 
2106	77 
2107	247 
2108	221 
2109	132 
2110	87 
2111	240 
2112	165 
2113	1 
2114	12 
2115	38 
2116	224 
2117	80 
2118	208 
2119	271 
2120	147 
2121	140 
2122	122 
2123	257 
2124	104 
2125	107 
2126	292 
2127	20 
2128	163 
2129	282 
2130	169 
2131	78 
2132	362 
2133	288 
2134	265 
2135	348 
2136	12 
2137	110 
2138	195 
2139	360 
2140	81 
2141	340 
2142	54 
2143	103 
2144	75 
2145	104 
2146	253 
2147	159 
2148	203 
2149	66 
2150	274 
2151	72 
2152	58 
2153	326 
2154	47 
2155	220 
2156	122 
2157	21 
2158	225 
2159	212 
2160	258 
2161	209 
2162	65 
2163	12 
2164	81 
2165	177 
2166	235 
2167	360 
2168	193 
2169	23 
2170	259 
2171	52 
2172	341 
2173	68 
2174	230 
2175	268 
2176	341 
2177	66 
2178	257 
2179	333 
2180	172 
2181	26 
2182	314 
2183	281 
2184	53 
2185	274 
2186	82 
2187	37 
2188	365 
2189	325 
2190	192 
2191	244 
2192	51 
2193	118 
2194	91 
2195	351 
2196	59 
2197	112 
2198	362 
2199	25 
2200	82 
2201	20 
2202	289 
2203	4 
2204	298 
2205	256 
2206	175 
2207	152 
2208	175 
2209	198 
2210	356 
2211	38 
2212	60 
2213	77 
2214	280 
2215	146 
2216	96 
2217	27 
2218	194 
2219	2 
2220	203 
2221	207 
2222	253 
2223	93 
2224	44 
2225	187 
2226	132 
2227	63 
2228	69 
2229	337 
2230	277 
2231	366 
2232	218 
2233	5 
2234	231 
2235	327 
2236	267 
2237	91 
2238	147 
2239	33 
2240	79 
2241	291 
2242	27 
2243	134 
2244	182 
2245	147 
2246	23 
2247	56 
2248	35 
2249	85 
2250	356 
2251	228 
2252	178 
2253	306 
2254	182 
2255	287 
2256	82 
2257	126 
2258	365 
2259	72 
2260	280 
2261	321 
2262	12 
2263	84 
2264	6 
2265	2 
2266	338 
2267	302 
2268	327 
2269	164 
2270	178 
2271	225 
2272	239 
2273	232 
2274	172 
2275	120 
2276	254 
2277	100 
2278	132 
2279	339 
2280	224 
2281	230 
2282	313 
2283	286 
2284	128 
2285	265 
2286	81 
2287	299 
2288	77 
2289	298 
2290	163 
2291	58 
2292	247 
2293	334 
2294	82 
2295	124 
2296	301 
2297	140 
2298	54 
2299	87 
2300	132 
2301	134 
2302	145 
2303	147 
2304	66 
2305	237 
2306	156 
2307	140 
2308	132 
2309	111 
2310	87 
2311	114 
2312	114 
2313	359 
2314	340 
2315	280 
2316	106 
2317	245 
2318	253 
2319	161 
2320	14 
2321	117 
2322	109 
2323	47 
2324	42 
2325	6 
2326	58 
2327	326 
2328	11 
2329	78 
2330	36 
2331	252 
2332	319 
2333	100 
2334	94 
2335	297 
2336	252 
2337	74 
2338	87 
2339	169 
2340	292 
2341	16 
2342	82 
2343	47 
2344	169 
2345	8 
2346	270 
2347	201 
2348	252 
2349	215 
2350	68 
2351	340 
2352	182 
2353	221 
2354	36 
2355	156 
2356	313 
2357	99 
2358	190 
2359	252 
2360	300 
2361	178 
2362	340 
2363	94 
2364	20 
2365	181 
2366	234 
2367	143 
2368	255 
2369	259 
2370	175 
2371	84 
2372	111 
2373	241 
2374	84 
2375	172 
2376	280 
2377	52 
2378	170 
2379	326 
2380	350 
2381	112 
2382	74 
2383	336 
2384	6 
2385	116 
2386	156 
2387	338 
2388	93 
2389	273 
2390	20 
2391	12 
2392	346 
2393	173 
2394	156 
2395	346 
2396	60 
2397	209 
2398	158 
2399	25 
2400	245 
2401	63 
2402	331 
2403	274 
2404	33 
2405	235 
2406	200 
2407	231 
2408	200 
2409	12 
2410	253 
2411	278 
2412	245 
2413	45 
2414	56 
2415	120 
2416	192 
2417	74 
2418	83 
2419	135 
2420	288 
2421	202 
2422	12 
2423	170 
2424	33 
2425	45 
2426	236 
2427	366 
2428	301 
2429	168 
2430	40 
2431	125 
2432	35 
2433	337 
2434	15 
2435	116 
2436	19 
2437	317 
2438	20 
2439	15 
2440	341 
2441	81 
2442	66 
2443	126 
2444	311 
2445	78 
2446	326 
2447	181 
2448	156 
2449	282 
2450	12 
2451	30 
2452	72 
2453	141 
2454	72 
2455	175 
2456	155 
2457	203 
2458	342 
2459	131 
2460	267 
2461	178 
2462	112 
2463	341 
2464	325 
2465	102 
2466	349 
2467	67 
2468	29 
2469	253 
2470	116 
2471	111 
2472	140 
2473	273 
2474	49 
2475	165 
2476	349 
2477	200 
2478	269 
2479	52 
2480	293 
2481	235 
2482	254 
2483	126 
2484	173 
2485	75 
2486	34 
2487	357 
2488	94 
2489	138 
2490	254 
2491	269 
2492	268 
2493	230 
2494	77 
2495	354 
2496	44 
2497	33 
2498	366 
2499	43 
2500	305 
2501	78 
2502	216 
2503	124 
2504	310 
2505	74 
2506	331 
2507	96 
2508	234 
2509	243 
2510	173 
2511	196 
2512	203 
2513	343 
2514	131 
2515	151 
2516	83 
2517	176 
2518	78 
2519	133 
2520	40 
2521	20 
2522	327 
2523	323 
2524	321 
2525	204 
2526	29 
2527	367 
2528	348 
2529	163 
2530	356 
2531	241 
2532	14 
2533	46 
2534	254 
2535	248 
2536	246 
2537	80 
2538	110 
2539	271 
2540	187 
2541	349 
2542	348 
2543	103 
2544	365 
2545	268 
2546	357 
2547	190 
2548	11 
2549	322 
2550	214 
2551	300 
2552	355 
2553	166 
2554	237 
2555	287 
2556	157 
2557	160 
2558	47 
2559	83 
2560	43 
2561	25 
2562	99 
2563	87 
2564	37 
2565	344 
2566	205 
2567	26 
2568	155 
2569	157 
2570	202 
2571	11 
2572	210 
2573	86 
2574	234 
2575	256 
2576	223 
2577	118 
2578	216 
2579	61 
2580	330 
2581	282 
2582	33 
2583	168 
2584	106 
2585	353 
2586	92 
2587	178 
2588	333 
2589	267 
2590	367 
2591	246 
2592	183 
2593	192 
2594	69 
2595	233 
2596	156 
2597	224 
2598	158 
2599	47 
2600	320 
2601	22 
2602	216 
2603	106 
2604	293 
2605	257 
2606	259 
2607	226 
2608	153 
2609	252 
2610	360 
2611	29 
2612	199 
2613	35 
2614	33 
2615	81 
2616	115 
2617	256 
2618	35 
2619	160 
2620	106 
2621	241 
2622	5 
2623	215 
2624	325 
2625	187 
2626	80 
2627	140 
2628	132 
2629	36 
2630	90 
2631	87 
2632	155 
2633	159 
2634	314 
2635	252 
2636	356 
2637	78 
2638	94 
2639	214 
2640	120 
2641	115 
2642	182 
2643	141 
2644	132 
2645	23 
2646	322 
2647	319 
2648	364 
2649	36 
2650	58 
2651	32 
2652	221 
2653	321 
2654	81 
2655	216 
2656	20 
2657	26 
2658	156 
2659	356 
2660	232 
2661	138 
2662	87 
2663	40 
2664	155 
2665	282 
2666	94 
2667	237 
2668	30 
2669	155 
2670	192 
2671	116 
2672	298 
2673	246 
2674	222 
2675	271 
2676	107 
2677	241 
2678	100 
2679	114 
2680	5 
2681	314 
2682	346 
2683	209 
2684	313 
2685	212 
2686	170 
2687	49 
2688	151 
2689	296 
2690	43 
2691	236 
2692	1 
2693	13 
2694	93 
2695	114 
2696	48 
2697	48 
2698	200 
2699	10 
2700	26 
2701	216 
2702	15 
2703	323 
2704	205 
2705	49 
2706	250 
2707	78 
2708	54 
2709	14 
2710	82 
2711	93 
2712	256 
2713	46 
2714	178 
2715	98 
2716	364 
2717	322 
2718	49 
2719	28 
2720	191 
2721	44 
2722	285 
2723	115 
2724	15 
2725	364 
2726	81 
2727	84 
2728	17 
2729	167 
2730	147 
2731	21 
2732	9 
2733	179 
2734	43 
2735	48 
2736	28 
2737	226 
2738	154 
2739	366 
2740	301 
2741	103 
2742	173 
2743	182 
2744	68 
2745	5 
2746	27 
2747	203 
2748	209 
2749	184 
2750	161 
2751	46 
2752	248 
2753	201 
2754	48 
2755	20 
2756	356 
2757	276 
2758	213 
2759	351 
2760	175 
2761	300 
2762	73 
2763	136 
2764	354 
2765	328 
2766	10 
2767	36 
2768	63 
2769	364 
2770	94 
2771	258 
2772	324 
2773	315 
2774	97 
2775	77 
2776	88 
2777	98 
2778	322 
2779	297 
2780	15 
2781	170 
2782	281 
2783	65 
2784	245 
2785	337 
2786	114 
2787	364 
2788	235 
2789	158 
2790	184 
2791	321 
2792	142 
2793	256 
2794	53 
2795	197 
2796	81 
2797	112 
2798	14 
2799	14 
2800	220 
2801	72 
2802	360 
2803	342 
2804	326 
2805	257 
2806	21 
2807	364 
2808	130 
2809	151 
2810	20 
2811	174 
2812	223 
2813	348 
2814	94 
2815	59 
2816	364 
2817	67 
2818	219 
2819	120 
2820	321 
2821	207 
2822	238 
2823	5 
2824	203 
2825	280 
2826	126 
2827	12 
2828	337 
2829	57 
2830	246 
2831	27 
2832	53 
2833	336 
2834	116 
2835	309 
2836	345 
2837	29 
2838	354 
2839	89 
2840	344 
2841	217 
2842	268 
2843	113 
2844	301 
2845	279 
2846	276 
2847	366 
2848	52 
2849	36 
2850	71 
2851	114 
2852	38 
2853	192 
2854	187 
2855	76 
2856	33 
2857	212 
2858	141 
2859	324 
2860	298 
2861	220 
2862	332 
2863	23 
2864	61 
2865	51 
2866	100 
2867	137 
2868	321 
2869	3 
2870	331 
2871	126 
2872	131 
2873	7 
2874	129 
2875	282 
2876	27 
2877	186 
2878	267 
2879	339 
2880	309 
2881	88 
2882	329 
2883	115 
2884	47 
2885	101 
2886	216 
2887	93 
2888	21 
2889	299 
2890	93 
2891	246 
2892	35 
2893	137 
2894	51 
2895	288 
2896	20 
2897	158 
2898	46 
2899	113 
2900	90 
2901	143 
2902	279 
2903	321 
2904	333 
2905	280 
2906	113 
2907	178 
2908	112 
2909	113 
2910	100 
2911	74 
2912	292 
2913	145 
2914	81 
2915	316 
2916	82 
2917	145 
2918	100 
2919	44 
2920	296 
2921	148 
2922	331 
2923	153 
2924	208 
2925	267 
2926	221 
2927	113 
2928	8 
2929	287 
2930	292 
2931	308 
2932	42 
2933	115 
2934	21 
2935	33 
2936	200 
2937	184 
2938	8 
2939	271 
2940	175 
2941	161 
2942	72 
2943	312 
2944	82 
2945	364 
2946	140 
2947	35 
2948	192 
2949	362 
2950	132 
2951	321 
2952	8 
2953	156 
2954	80 
2955	8 
2956	9 
2957	69 
2958	244 
2959	36 
2960	81 
2961	96 
2962	13 
2963	170 
2964	86 
2965	115 
2966	128 
2967	309 
2968	85 
2969	261 
2970	174 
2971	317 
2972	52 
2973	246 
2974	130 
2975	280 
2976	278 
2977	124 
2978	20 
2979	83 
2980	176 
2981	308 
2982	189 
2983	348 
2984	133 
2985	332 
2986	252 
2987	220 
2988	26 
2989	79 
2990	348 
2991	91 
2992	322 
2993	331 
2994	89 
2995	44 
2996	63 
2997	140 
2998	116 
2999	363 
3000	29 
3001	36 
3002	209 
3003	77 
3004	170 
3005	301 
3006	102 
3007	268 
3008	153 
3009	266 
3010	280 
3011	321 
3012	49 
3013	288 
3014	174 
3015	132 
3016	219 
3017	187 
3018	68 
3019	114 
3020	175 
3021	210 
3022	265 
3023	356 
3024	289 
3025	86 
3026	352 
3027	358 
3028	83 
3029	350 
3030	83 
3031	287 
3032	269 
3033	64 
3034	205 
3035	118 
3036	291 
3037	251 
3038	316 
3039	120 
3040	145 
3041	37 
3042	187 
3043	1 
3044	188 
3045	313 
3046	245 
3047	296 
3048	21 
3049	160 
3050	241 
3051	218 
3052	212 
3053	72 
3054	170 
3055	344 
3056	254 
3057	259 
3058	103 
3059	338 
3060	78 
3061	156 
3062	121 
3063	98 
3064	130 
3065	187 
3066	282 
3067	28 
3068	274 
3069	344 
3070	356 
3071	230 
3072	363 
3073	65 
3074	327 
3075	360 
3076	328 
3077	263 
3078	216 
3079	50 
3080	343 
3081	158 
3082	22 
3083	303 
3084	58 
3085	100 
3086	133 
3087	42 
3088	326 
3089	140 
3090	235 
3091	174 
3092	292 
3093	337 
3094	323 
3095	142 
3096	299 
3097	322 
3098	14 
3099	254 
3100	96 
3101	267 
3102	327 
3103	24 
3104	268 
3105	270 
3106	114 
3107	331 
3108	52 
3109	81 
3110	120 
3111	247 
3112	308 
3113	139 
3114	80 
3115	202 
3116	143 
3117	280 
3118	84 
3119	287 
3120	352 
3121	85 
3122	18 
3123	122 
3124	20 
3125	199 
3126	14 
3127	24 
3128	9 
3129	16 
3130	307 
3131	315 
3132	185 
3133	5 
3134	343 
3135	10 
3136	29 
3137	60 
3138	304 
3139	35 
3140	187 
3141	72 
3142	48 
3143	83 
3144	121 
3145	14 
3146	292 
3147	223 
3148	267 
3149	315 
3150	96 
3151	330 
3152	48 
3153	256 
3154	32 
3155	242 
3156	17 
3157	8 
3158	81 
3159	11 
3160	137 
3161	154 
3162	356 
3163	10 
3164	219 
3165	78 
3166	7 
3167	101 
3168	246 
3169	263 
3170	240 
3171	129 
3172	306 
3173	246 
3174	52 
3175	231 
3176	345 
3177	169 
3178	170 
3179	331 
3180	340 
3181	114 
3182	12 
3183	106 
3184	22 
3185	34 
3186	309 
3187	261 
3188	78 
3189	332 
3190	74 
3191	322 
3192	15 
3193	128 
3194	213 
3195	295 
3196	9 
3197	245 
3198	11 
3199	323 
3200	256 
3201	93 
3202	147 
3203	209 
3204	212 
3205	8 
3206	235 
3207	351 
3208	231 
3209	177 
3210	93 
3211	147 
3212	281 
3213	324 
3214	276 
3215	244 
3216	132 
3217	351 
3218	324 
3219	22 
3220	260 
3221	132 
3222	124 
3223	165 
3224	47 
3225	327 
3226	81 
3227	352 
3228	47 
3229	16 
3230	187 
3231	115 
3232	216 
3233	336 
3234	132 
3235	106 
3236	107 
3237	32 
3238	252 
3239	74 
3240	206 
3241	83 
3242	50 
3243	49 
3244	190 
3245	265 
3246	68 
3247	253 
3248	25 
3249	357 
3250	113 
3251	96 
3252	267 
3253	203 
3254	245 
3255	259 
3256	12 
3257	238 
3258	306 
3259	54 
3260	61 
3261	21 
3262	24 
3263	320 
3264	44 
3265	199 
3266	100 
3267	175 
3268	165 
3269	245 
3270	35 
3271	110 
3272	280 
3273	240 
3274	354 
3275	263 
3276	309 
3277	5 
3278	92 
3279	288 
3280	109 
3281	118 
3282	319 
3283	277 
3284	284 
3285	228 
3286	200 
3287	298 
3288	178 
3289	140 
3290	282 
3291	302 
3292	318 
3293	362 
3294	176 
3295	205 
3296	331 
3297	35 
3298	202 
3299	78 
3300	260 
3301	163 
3302	334 
3303	224 
3304	208 
3305	114 
3306	93 
3307	185 
3308	121 
3309	173 
3310	202 
3311	29 
3312	287 
3313	140 
3314	126 
3315	35 
3316	92 
3317	218 
3318	237 
3319	155 
3320	216 
3321	289 
3322	206 
3323	285 
3324	126 
3325	337 
3326	349 
3327	97 
3328	364 
3329	270 
3330	107 
3331	367 
3332	4 
3333	106 
3334	81 
3335	129 
3336	345 
3337	143 
3338	332 
3339	90 
3340	292 
3341	181 
3342	197 
3343	114 
3344	60 
3345	14 
3346	259 
3347	213 
3348	328 
3349	170 
3350	207 
3351	91 
3352	281 
3353	323 
3354	177 
3355	170 
3356	160 
3357	267 
3358	205 
3359	182 
3360	318 
3361	210 
3362	211 
3363	187 
3364	267 
3365	225 
3366	354 
3367	347 
3368	160 
3369	362 
3370	186 
3371	322 
3372	4 
3373	339 
3374	87 
3375	77 
3376	88 
3377	212 
3378	185 
3379	200 
3380	230 
3381	246 
3382	135 
3383	199 
3384	343 
3385	185 
3386	144 
3387	350 
3388	259 
3389	49 
3390	140 
3391	81 
3392	331 
3393	78 
3394	337 
3395	173 
3396	9 
3397	7 
3398	113 
3399	70 
3400	216 
3401	114 
3402	72 
3403	147 
3404	254 
3405	175 
3406	112 
3407	296 
3408	289 
3409	182 
3410	162 
3411	119 
3412	178 
3413	55 
3414	10 
3415	8 
3416	95 
3417	326 
3418	204 
3419	144 
3420	94 
3421	70 
3422	257 
3423	286 
3424	58 
3425	264 
3426	19 
3427	347 
3428	152 
3429	277 
3430	237 
3431	26 
3432	175 
3433	1 
3434	170 
3435	130 
3436	216 
3437	12 
3438	351 
3439	327 
3440	363 
3441	210 
3442	182 
3443	322 
3444	335 
3445	364 
3446	246 
3447	326 
3448	133 
3449	346 
3450	361 
3451	351 
3452	160 
3453	274 
3454	28 
3455	355 
3456	129 
3457	14 
3458	252 
3459	27 
3460	168 
3461	222 
3462	5 
3463	201 
3464	209 
3465	115 
3466	208 
3467	212 
3468	194 
3469	63 
3470	270 
3471	82 
3472	66 
3473	232 
3474	196 
3475	326 
3476	9 
3477	305 
3478	216 
3479	155 
3480	303 
3481	156 
3482	175 
3483	284 
3484	307 
3485	237 
3486	90 
3487	20 
3488	8 
3489	80 
3490	165 
3491	265 
3492	287 
3493	272 
3494	229 
3495	354 
3496	112 
3497	227 
3498	21 
3499	213 
3500	120 
3501	268 
3502	363 
3503	244 
3504	276 
3505	364 
3506	185 
3507	16 
3508	272 
3509	100 
3510	280 
3511	54 
3512	120 
3513	147 
3514	94 
3515	328 
3516	147 
3517	154 
3518	280 
3519	275 
3520	360 
3521	112 
3522	77 
3523	310 
3524	5 
3525	222 
3526	310 
3527	262 
3528	113 
3529	12 
3530	190 
3531	234 
3532	59 
3533	38 
3534	320 
3535	267 
3536	196 
3537	98 
3538	175 
3539	256 
3540	284 
3541	272 
3542	173 
3543	127 
3544	291 
3545	331 
3546	28 
3547	98 
3548	256 
3549	14 
3550	135 
3551	141 
3552	354 
3553	92 
3554	81 
3555	98 
3556	12 
3557	343 
3558	234 
3559	317 
3560	102 
3561	226 
3562	90 
3563	217 
3564	160 
3565	6 
3566	9 
3567	366 
3568	43 
3569	363 
3570	94 
3571	222 
3572	256 
3573	270 
3574	338 
3575	45 
3576	227 
3577	114 
3578	147 
3579	352 
3580	22 
3581	122 
3582	29 
3583	1 
3584	5 
3585	327 
3586	4 
3587	87 
3588	287 
3589	234 
3590	21 
3591	246 
3592	112 
3593	87 
3594	159 
3595	58 
3596	106 
3597	70 
3598	192 
3599	204 
3600	324 
3601	234 
3602	76 
3603	63 
3604	280 
3605	72 
3606	25 
3607	55 
3608	31 
3609	280 
3610	287 
3611	99 
3612	193 
3613	36 
3614	54 
3615	203 
3616	138 
3617	94 
3618	126 
3619	58 
3620	274 
3621	365 
3622	290 
3623	189 
3624	150 
3625	235 
3626	85 
3627	120 
3628	114 
3629	261 
3630	238 
3631	81 
3632	223 
3633	363 
3634	181 
3635	314 
3636	182 
3637	150 
3638	119 
3639	178 
3640	351 
3641	256 
3642	93 
3643	25 
3644	276 
3645	268 
3646	334 
3647	63 
3648	12 
3649	22 
3650	10 
3651	209 
3652	184 
3653	32 
3654	153 
3655	243 
3656	184 
3657	106 
3658	209 
3659	4 
3660	80 
3661	219 
3662	296 
3663	224 
3664	284 
3665	20 
3666	295 
3667	48 
3668	272 
3669	136 
3670	138 
3671	340 
3672	3 
3673	200 
3674	35 
3675	196 
3676	72 
3677	85 
3678	348 
3679	132 
3680	78 
3681	145 
3682	351 
3683	270 
3684	22 
3685	5 
3686	121 
3687	13 
3688	333 
3689	216 
3690	82 
3691	164 
3692	240 
3693	290 
3694	38 
3695	212 
3696	126 
3697	24 
3698	6 
3699	43 
3700	302 
3701	166 
3702	237 
3703	89 
3704	242 
3705	164 
3706	108 
3707	301 
3708	177 
3709	60 
3710	253 
3711	278 
3712	205 
3713	341 
3714	133 
3715	279 
3716	327 
3717	153 
3718	212 
3719	351 
3720	20 
3721	237 
3722	324 
3723	323 
3724	187 
3725	221 
3726	252 
3727	298 
3728	340 
3729	237 
3730	301 
3731	19 
3732	117 
3733	341 
3734	125 
3735	5 
3736	111 
3737	276 
3738	246 
3739	211 
3740	304 
3741	170 
3742	213 
3743	340 
3744	246 
3745	123 
3746	214 
3747	72 
3748	208 
3749	276 
3750	291 
3751	248 
3752	74 
3753	54 
3754	168 
3755	44 
3756	44 
3757	348 
3758	212 
3759	270 
3760	114 
3761	140 
3762	142 
3763	174 
3764	218 
3765	29 
3766	255 
3767	27 
3768	280 
3769	187 
3770	281 
3771	360 
3772	182 
3773	29 
3774	347 
3775	50 
3776	39 
3777	2 
3778	1 
3779	276 
3780	335 
3781	271 
3782	150 
3783	279 
3784	220 
3785	113 
3786	216 
3787	291 
3788	100 
3789	93 
3790	82 
3791	147 
3792	235 
3793	247 
3794	132 
3795	25 
3796	34 
3797	33 
3798	72 
3799	211 
3800	44 
3801	21 
3802	210 
3803	330 
3804	162 
3805	102 
3806	127 
3807	131 
3808	316 
3809	236 
3810	89 
3811	223 
3812	194 
3813	167 
3814	323 
3815	88 
3816	308 
3817	288 
3818	69 
3819	81 
3820	10 
3821	113 
3822	315 
3823	129 
3824	287 
3825	80 
3826	183 
3827	126 
3828	24 
3829	40 
3830	348 
3831	12 
3832	239 
3833	259 
3834	194 
3835	6 
3836	83 
3837	18 
3838	60 
3839	75 
3840	173 
3841	100 
3842	292 
3843	8 
3844	1 
3845	276 
3846	5 
3847	256 
3848	358 
3849	44 
3850	90 
3851	366 
3852	157 
3853	289 
3854	114 
3855	193 
3856	85 
3857	206 
3858	41 
3859	83 
3860	270 
3861	262 
3862	238 
3863	323 
3864	213 
3865	192 
3866	87 
3867	104 
3868	154 
3869	69 
3870	280 
3871	83 
3872	21 
3873	221 
3874	27 
3875	111 
3876	59 
3877	14 
3878	40 
3879	334 
3880	113 
3881	340 
3882	196 
3883	172 
3884	63 
3885	22 
3886	163 
3887	366 
3888	345 
3889	52 
3890	284 
3891	325 
3892	285 
3893	95 
3894	120 
3895	322 
3896	342 
3897	302 
3898	228 
3899	276 
3900	114 
3901	216 
3902	293 
3903	155 
3904	351 
3905	231 
3906	68 
3907	193 
3908	252 
3909	181 
3910	265 
3911	356 
3912	163 
3913	155 
3914	82 
3915	322 
3916	49 
3917	341 
3918	213 
3919	118 
3920	102 
3921	112 
3922	22 
3923	245 
3924	294 
3925	93 
3926	178 
3927	188 
3928	145 
3929	98 
3930	61 
3931	322 
3932	153 
3933	126 
3934	202 
3935	140 
3936	58 
3937	151 
3938	140 
3939	292 
3940	75 
3941	365 
3942	84 
3943	100 
3944	163 
3945	141 
3946	93 
3947	170 
3948	247 
3949	71 
3950	114 
3951	202 
3952	161 
3953	282 
3954	268 
3955	154 
3956	210 
3957	366 
3958	78 
3959	260 
3960	367 
3961	252 
3962	259 
3963	21 
3964	361 
3965	29 
3966	55 
3967	247 
3968	105 
3969	131 
3970	225 
3971	36 
3972	232 
3973	268 
3974	247 
3975	72 
3976	366 
3977	33 
3978	58 
3979	324 
3980	163 
3981	266 
3982	69 
3983	266 
3984	144 
3985	129 
3986	178 
3987	340 
3988	359 
3989	25 
3990	326 
3991	327 
3992	182 
3993	140 
3994	42 
3995	147 
3996	17 
3997	110 
3998	187 
3999	24 
4000	26 
4001	273 
4002	126 
4003	32 
4004	356 
4005	293 
4006	3 
4007	35 
4008	311 
4009	84 
4010	301 
4011	80 
4012	326 
4013	191 
4014	254 
4015	220 
4016	353 
4017	302 
4018	195 
4019	173 
4020	315 
4021	15 
4022	36 
4023	145 
4024	90 
4025	365 
4026	78 
4027	275 
4028	144 
4029	238 
4030	234 
4031	113 
4032	41 
4033	132 
4034	4 
4035	185 
4036	89 
4037	36 
4038	363 
4039	140 
4040	316 
4041	327 
4042	231 
4043	115 
4044	311 
4045	153 
4046	41 
4047	140 
4048	48 
4049	366 
4050	141 
4051	121 
4052	33 
4053	256 
4054	246 
4055	208 
4056	72 
4057	39 
4058	327 
4059	360 
4060	139 
4061	284 
4062	165 
4063	48 
4064	257 
4065	326 
4066	39 
4067	33 
4068	34 
4069	37 
4070	153 
4071	113 
4072	217 
4073	352 
4074	156 
4075	209 
4076	170 
4077	64 
4078	317 
4079	275 
4080	203 
4081	7 
4082	298 
4083	119 
4084	276 
4085	275 
4086	69 
4087	367 
4088	215 
4089	330 
4090	115 
4091	98 
4092	264 
4093	119 
4094	94 
4095	280 
4096	316 
4097	202 
4098	5 
4099	11 
4100	56 
4101	346 
4102	147 
4103	21 
4104	64 
4105	145 
4106	182 
4107	81 
4108	17 
4109	337 
4110	313 
4111	297 
4112	42 
4113	108 
4114	155 
4115	363 
4116	182 
4117	72 
4118	327 
4119	223 
4120	344 
4121	49 
4122	140 
4123	244 
4124	117 
4125	202 
4126	225 
4127	106 
4128	115 
4129	20 
4130	221 
4131	128 
4132	95 
4133	202 
4134	112 
4135	332 
4136	341 
4137	363 
4138	123 
4139	146 
4140	292 
4141	297 
4142	24 
4143	58 
4144	239 
4145	141 
4146	367 
4147	313 
4148	18 
4149	163 
4150	166 
4151	155 
4152	30 
4153	54 
4154	78 
4155	316 
4156	80 
4157	24 
4158	145 
4159	366 
4160	145 
4161	263 
4162	256 
4163	101 
4164	325 
4165	172 
4166	25 
4167	351 
4168	134 
4169	304 
4170	324 
4171	45 
4172	136 
4173	16 
4174	311 
4175	246 
4176	326 
4177	274 
4178	341 
4179	326 
4180	286 
4181	229 
4182	75 
4183	173 
4184	164 
4185	141 
4186	147 
4187	42 
4188	151 
4189	180 
4190	155 
4191	48 
4192	225 
4193	156 
4194	71 
4195	89 
4196	320 
4197	161 
4198	276 
4199	260 
4200	85 
4201	299 
4202	218 
4203	313 
4204	277 
4205	100 
4206	335 
4207	284 
4208	17 
4209	228 
4210	322 
4211	77 
4212	62 
4213	303 
4214	332 
4215	65 
4216	22 
4217	296 
4218	27 
4219	226 
4220	150 
4221	72 
4222	234 
4223	347 
4224	366 
4225	156 
4226	6 
4227	74 
4228	80 
4229	356 
4230	185 
4231	351 
4232	214 
4233	1 
4234	6 
4235	282 
4236	10 
4237	114 
4238	74 
4239	153 
4240	26 
4241	322 
4242	239 
4243	337 
4244	63 
4245	91 
4246	303 
4247	178 
4248	126 
4249	24 
4250	245 
4251	9 
4252	122 
4253	52 
4254	75 
4255	157 
4256	275 
4257	34 
4258	366 
4259	82 
4260	82 
4261	60 
4262	280 
4263	79 
4264	259 
4265	143 
4266	177 
4267	228 
4268	106 
4269	8 
4270	37 
4271	209 
4272	318 
4273	180 
4274	150 
4275	27 
4276	18 
4277	270 
4278	271 
4279	2 
4280	78 
4281	323 
4282	147 
4283	174 
4284	96 
4285	87 
4286	270 
4287	90 
4288	35 
4289	63 
4290	203 
4291	256 
4292	226 
4293	26 
4294	275 
4295	311 
4296	327 
4297	158 
4298	29 
4299	203 
4300	93 
4301	340 
4302	231 
4303	205 
4304	329 
4305	57 
4306	251 
4307	367 
4308	356 
4309	355 
4310	232 
4311	246 
4312	323 
4313	50 
4314	155 
4315	29 
4316	326 
4317	332 
4318	80 
4319	329 
4320	8 
4321	179 
4322	239 
4323	229 
4324	268 
4325	265 
4326	328 
4327	356 
4328	36 
4329	218 
4330	346 
4331	57 
4332	150 
4333	68 
4334	163 
4335	23 
4336	26 
4337	203 
4338	192 
4339	159 
4340	223 
4341	216 
4342	196 
4343	301 
4344	65 
4345	199 
4346	250 
4347	209 
4348	39 
4349	249 
4350	265 
4351	116 
4352	313 
4353	24 
4354	291 
4355	30 
4356	96 
4357	231 
4358	38 
4359	270 
4360	313 
4361	228 
4362	246 
4363	188 
4364	212 
4365	244 
4366	347 
4367	356 
4368	146 
4369	319 
4370	196 
4371	87 
4372	171 
4373	186 
4374	34 
4375	23 
4376	24 
4377	199 
4378	249 
4379	238 
4380	112 
4381	324 
4382	12 
4383	327 
4384	296 
4385	51 
4386	325 
4387	315 
4388	174 
4389	120 
4390	145 
4391	121 
4392	164 
4393	324 
4394	326 
4395	307 
4396	60 
4397	298 
4398	71 
4399	140 
4400	274 
4401	248 
4402	356 
4403	363 
4404	356 
4405	321 
4406	222 
4407	302 
4408	20 
4409	72 
4410	170 
4411	245 
4412	206 
4413	238 
4414	203 
4415	114 
4416	1 
4417	9 
4418	72 
4419	39 
4420	351 
4421	27 
4422	364 
4423	66 
4424	119 
4425	106 
4426	64 
4427	1 
4428	254 
4429	20 
4430	134 
4431	244 
4432	244 
4433	8 
4434	94 
4435	32 
4436	46 
4437	282 
4438	231 
4439	81 
4440	302 
4441	340 
4442	88 
4443	173 
4444	114 
4445	80 
4446	144 
4447	130 
4448	29 
4449	234 
4450	95 
4451	344 
4452	252 
4453	298 
4454	185 
4455	248 
4456	112 
4457	112 
4458	202 
4459	250 
4460	107 
4461	94 
4462	33 
4463	96 
4464	317 
4465	59 
4466	110 
4467	99 
4468	212 
4469	286 
4470	280 
4471	327 
4472	77 
4473	63 
4474	193 
4475	20 
4476	335 
4477	95 
4478	140 
4479	268 
4480	35 
4481	138 
4482	280 
4483	234 
4484	42 
4485	108 
4486	169 
4487	82 
4488	282 
4489	150 
4490	118 
4491	344 
4492	313 
4493	113 
4494	21 
4495	1 
4496	9 
4497	247 
4498	122 
4499	237 
4500	312 
4501	350 
4502	93 
4503	326 
4504	297 
4505	5 
4506	328 
4507	119 
4508	1 
4509	126 
4510	208 
4511	234 
4512	81 
4513	78 
4514	38 
4515	257 
4516	101 
4517	363 
4518	43 
4519	221 
4520	135 
4521	317 
4522	313 
4523	290 
4524	26 
4525	60 
4526	206 
4527	349 
4528	14 
4529	274 
4530	144 
4531	146 
4532	152 
4533	55 
4534	282 
4535	356 
4536	150 
4537	27 
4538	26 
4539	293 
4540	305 
4541	233 
4542	163 
4543	14 
4544	74 
4545	213 
4546	49 
4547	2 
4548	247 
4549	237 
4550	218 
4551	92 
4552	350 
4553	141 
4554	119 
4555	284 
4556	210 
4557	5 
4558	103 
4559	163 
4560	120 
4561	69 
4562	141 
4563	322 
4564	282 
4565	187 
4566	313 
4567	202 
4568	200 
4569	181 
4570	142 
4571	115 
4572	80 
4573	345 
4574	326 
4575	140 
4576	213 
4577	147 
4578	160 
4579	223 
4580	291 
4581	246 
4582	313 
4583	319 
4584	333 
4585	98 
4586	94 
4587	360 
4588	326 
4589	69 
4590	323 
4591	44 
4592	79 
4593	26 
4594	47 
4595	197 
4596	167 
4597	156 
4598	173 
4599	301 
4600	340 
4601	346 
4602	226 
4603	167 
4604	127 
4605	121 
4606	364 
4607	123 
4608	213 
4609	81 
4610	209 
4611	297 
4612	308 
4613	85 
4614	106 
4615	275 
4616	13 
4617	8 
4618	242 
4619	175 
4620	266 
4621	225 
4622	112 
4623	60 
4624	239 
4625	298 
4626	9 
4627	241 
4628	113 
4629	367 
4630	43 
4631	252 
4632	140 
4633	118 
4634	146 
4635	281 
4636	218 
4637	75 
4638	276 
4639	43 
4640	68 
4641	116 
4642	347 
4643	172 
4644	173 
4645	220 
4646	39 
4647	215 
4648	326 
4649	217 
4650	170 
4651	267 
4652	344 
4653	126 
4654	262 
4655	43 
4656	115 
4657	345 
4658	318 
4659	248 
4660	74 
4661	135 
4662	221 
4663	125 
4664	149 
4665	153 
4666	161 
4667	364 
4668	180 
4669	270 
4670	197 
4671	324 
4672	8 
4673	326 
4674	116 
4675	332 
4676	151 
4677	130 
4678	74 
4679	82 
4680	163 
4681	315 
4682	313 
4683	77 
4684	2 
4685	97 
4686	201 
4687	321 
4688	15 
4689	356 
4690	275 
4691	94 
4692	322 
4693	118 
4694	172 
4695	73 
4696	296 
4697	155 
4698	36 
4699	67 
4700	187 
4701	317 
4702	120 
4703	200 
4704	206 
4705	35 
4706	313 
4707	123 
4708	266 
4709	246 
4710	205 
4711	326 
4712	261 
4713	122 
4714	322 
4715	224 
4716	147 
4717	67 
4718	106 
4719	115 
4720	245 
4721	182 
4722	281 
4723	226 
4724	144 
4725	268 
4726	235 
4727	108 
4728	363 
4729	235 
4730	20 
4731	267 
4732	356 
4733	364 
4734	99 
4735	353 
4736	290 
4737	272 
4738	157 
4739	194 
4740	268 
4741	332 
4742	168 
4743	37 
4744	203 
4745	335 
4746	140 
4747	49 
4748	182 
4749	331 
4750	351 
4751	257 
4752	237 
4753	76 
4754	93 
4755	12 
4756	249 
4757	57 
4758	37 
4759	225 
4760	78 
4761	71 
4762	107 
4763	222 
4764	116 
4765	331 
4766	112 
4767	252 
4768	279 
4769	274 
4770	114 
4771	275 
4772	228 
4773	6 
4774	242 
4775	55 
4776	44 
4777	63 
4778	219 
4779	36 
4780	67 
4781	43 
4782	259 
4783	63 
4784	326 
4785	257 
4786	317 
4787	62 
4788	69 
4789	135 
4790	169 
4791	179 
4792	231 
4793	103 
4794	35 
4795	121 
4796	61 
4797	263 
4798	109 
4799	121 
4800	182 
4801	147 
4802	289 
4803	283 
4804	93 
4805	104 
4806	122 
4807	265 
4808	195 
4809	366 
4810	324 
4811	331 
4812	281 
4813	95 
4814	272 
4815	146 
4816	220 
4817	312 
4818	4 
4819	274 
4820	367 
4821	270 
4822	24 
4823	313 
4824	230 
4825	200 
4826	264 
4827	167 
4828	363 
4829	139 
4830	322 
4831	224 
4832	254 
4833	192 
4834	80 
4835	344 
4836	67 
4837	360 
4838	257 
4839	272 
4840	109 
4841	203 
4842	199 
4843	120 
4844	235 
4845	142 
4846	253 
4847	364 
4848	245 
4849	49 
4850	307 
4851	65 
4852	332 
4853	48 
4854	28 
4855	126 
4856	145 
4857	252 
4858	44 
4859	179 
4860	126 
4861	103 
4862	73 
4863	170 
4864	80 
4865	256 
4866	141 
4867	74 
4868	120 
4869	34 
4870	264 
4871	12 
4872	130 
4873	6 
4874	216 
4875	95 
4876	116 
4877	310 
4878	109 
4879	143 
4880	280 
4881	323 
4882	325 
4883	90 
4884	93 
4885	238 
4886	31 
4887	138 
4888	170 
4889	69 
4890	335 
4891	367 
4892	216 
4893	322 
4894	214 
4895	213 
4896	303 
4897	212 
4898	254 
4899	38 
4900	121 
4901	71 
4902	291 
4903	213 
4904	157 
4905	293 
4906	220 
4907	179 
4908	298 
4909	89 
4910	36 
4911	239 
4912	241 
4913	338 
4914	23 
4915	316 
4916	366 
4917	68 
4918	118 
4919	303 
4920	196 
4921	114 
4922	26 
4923	4 
4924	280 
4925	226 
4926	255 
4927	12 
4928	69 
4929	106 
4930	262 
4931	132 
4932	349 
4933	36 
4934	135 
4935	125 
4936	319 
4937	316 
4938	132 
4939	93 
4940	153 
4941	31 
4942	72 
4943	179 
4944	58 
4945	268 
4946	82 
4947	180 
4948	27 
4949	136 
4950	152 
4951	112 
4952	82 
4953	92 
4954	126 
4955	177 
4956	342 
4957	178 
4958	15 
4959	47 
4960	187 
4961	76 
4962	151 
4963	65 
4964	192 
4965	141 
4966	134 
4967	329 
4968	48 
4969	78 
4970	62 
4971	24 
4972	82 
4973	48 
4974	225 
4975	328 
4976	48 
4977	202 
4978	215 
4979	80 
4980	5 
4981	187 
4982	329 
4983	48 
4984	351 
4985	204 
4986	204 
4987	156 
4988	316 
4989	120 
4990	78 
4991	121 
4992	19 
4993	48 
4994	279 
4995	83 
4996	305 
4997	278 
4998	265 
4999	78 
5000	63 
5001	128 
5002	26 
5003	245 
5004	236 
5005	5 
5006	361 
5007	283 
5008	68 
5009	58 
5010	187 
5011	143 
5012	178 
5013	15 
5014	298 
5015	145 
5016	328 
5017	87 
5018	55 
5019	246 
5020	333 
5021	351 
5022	200 
5023	248 
5024	230 
5025	349 
5026	248 
5027	279 
5028	267 
5029	46 
5030	89 
5031	353 
5032	77 
5033	226 
5034	6 
5035	170 
5036	162 
5037	113 
5038	364 
5039	178 
5040	293 
5041	130 
5042	60 
5043	126 
5044	110 
5045	38 
5046	360 
5047	281 
5048	280 
5049	170 
5050	163 
5051	170 
5052	354 
5053	96 
5054	322 
5055	122 
5056	140 
5057	264 
5058	156 
5059	238 
5060	337 
5061	63 
5062	8 
5063	81 
5064	232 
5065	360 
5066	26 
5067	82 
5068	245 
5069	34 
5070	200 
5071	36 
5072	90 
5073	179 
5074	26 
5075	96 
5076	6 
5077	100 
5078	277 
5079	342 
5080	142 
5081	259 
5082	236 
5083	135 
5084	236 
5085	203 
5086	153 
5087	220 
5088	212 
5089	217 
5090	215 
5091	132 
5092	299 
5093	278 
5094	193 
5095	155 
5096	15 
5097	296 
5098	113 
5099	220 
5100	340 
5101	20 
5102	338 
5103	91 
5104	259 
5105	94 
5106	192 
5107	147 
5108	344 
5109	302 
5110	153 
5111	206 
5112	182 
5113	20 
5114	280 
5115	112 
5116	367 
5117	191 
5118	282 
5119	322 
5120	153 
5121	109 
5122	22 
5123	20 
5124	67 
5125	147 
5126	7 
5127	21 
5128	148 
5129	265 
5130	321 
5131	275 
5132	89 
5133	123 
5134	315 
5135	237 
5136	182 
5137	344 
5138	115 
5139	216 
5140	108 
5141	202 
5142	195 
5143	265 
5144	222 
5145	202 
5146	93 
5147	341 
5148	146 
5149	357 
5150	346 
5151	63 
5152	73 
5153	117 
5154	63 
5155	253 
5156	150 
5157	81 
5158	203 
5159	58 
5160	235 
5161	117 
5162	35 
5163	293 
5164	87 
5165	212 
5166	245 
5167	292 
5168	17 
5169	179 
5170	321 
5171	170 
5172	128 
5173	88 
5174	187 
5175	68 
5176	165 
5177	68 
5178	240 
5179	345 
5180	170 
5181	344 
5182	113 
5183	292 
5184	366 
5185	360 
5186	203 
5187	63 
5188	42 
5189	135 
5190	187 
5191	65 
5192	322 
5193	143 
5194	161 
5195	121 
5196	152 
5197	163 
5198	60 
5199	46 
5200	22 
5201	274 
5202	249 
5203	209 
5204	200 
5205	175 
5206	103 
5207	351 
5208	186 
5209	231 
5210	115 
5211	94 
5212	288 
5213	203 
5214	214 
5215	252 
5216	90 
5217	234 
5218	130 
5219	267 
5220	187 
5221	367 
5222	257 
5223	209 
5224	81 
5225	153 
5226	287 
5227	36 
5228	265 
5229	234 
5230	291 
5231	169 
5232	202 
5233	93 
5234	36 
5235	192 
5236	366 
5237	106 
5238	72 
5239	130 
5240	332 
5241	47 
5242	80 
5243	366 
5244	226 
5245	172 
5246	212 
5247	338 
5248	213 
5249	179 
5250	218 
5251	112 
5252	225 
5253	114 
5254	246 
5255	97 
5256	183 
5257	254 
5258	58 
5259	327 
5260	60 
5261	44 
5262	8 
5263	281 
5264	256 
5265	103 
5266	121 
5267	324 
5268	355 
5269	65 
5270	122 
5271	268 
5272	172 
5273	283 
5274	171 
5275	270 
5276	74 
5277	2 
5278	234 
5279	114 
5280	338 
5281	367 
5282	249 
5283	62 
5284	245 
5285	273 
5286	217 
5287	181 
5288	177 
5289	184 
5290	232 
5291	235 
5292	244 
5293	39 
5294	275 
5295	348 
5296	217 
5297	245 
5298	212 
5299	325 
5300	113 
5301	314 
5302	167 
5303	178 
5304	100 
5305	335 
5306	326 
5307	344 
5308	367 
5309	360 
5310	78 
5311	47 
5312	34 
5313	357 
5314	71 
5315	42 
5316	15 
5317	212 
5318	79 
5319	220 
5320	143 
5321	351 
5322	128 
5323	316 
5324	342 
5325	360 
5326	247 
5327	341 
5328	120 
5329	113 
5330	17 
5331	99 
5332	361 
5333	349 
5334	157 
5335	268 
5336	93 
5337	68 
5338	178 
5339	268 
5340	270 
5341	121 
5342	141 
5343	177 
5344	140 
5345	33 
5346	22 
5347	308 
5348	332 
5349	151 
5350	85 
5351	169 
5352	278 
5353	231 
5354	36 
5355	95 
5356	356 
5357	46 
5358	141 
5359	281 
5360	326 
5361	236 
5362	113 
5363	153 
5364	356 
5365	71 
5366	293 
5367	256 
5368	257 
5369	182 
5370	217 
5371	64 
5372	119 
5373	49 
5374	320 
5375	156 
5376	8 
5377	94 
5378	8 
5379	279 
5380	214 
5381	63 
5382	86 
5383	177 
5384	320 
5385	293 
5386	197 
5387	177 
5388	42 
5389	234 
5390	202 
5391	212 
5392	311 
5393	194 
5394	129 
5395	22 
5396	261 
5397	273 
5398	38 
5399	266 
5400	244 
5401	63 
5402	83 
5403	22 
5404	302 
5405	6 
5406	102 
5407	77 
5408	363 
5409	100 
5410	166 
5411	44 
5412	12 
5413	103 
5414	366 
5415	141 
5416	179 
5417	245 
5418	103 
5419	145 
5420	115 
5421	316 
5422	201 
5423	320 
5424	114 
5425	140 
5426	89 
5427	293 
5428	77 
5429	239 
5430	247 
5431	20 
5432	250 
5433	130 
5434	265 
5435	179 
5436	203 
5437	106 
5438	141 
5439	130 
5440	351 
5441	244 
5442	285 
5443	234 
5444	280 
5445	14 
5446	323 
5447	138 
5448	126 
5449	212 
5450	171 
5451	77 
5452	215 
5453	255 
5454	284 
5455	187 
5456	85 
5457	182 
5458	251 
5459	205 
5460	135 
5461	87 
5462	231 
5463	253 
5464	115 
5465	83 
5466	327 
5467	93 
5468	192 
5469	63 
5470	268 
5471	252 
5472	100 
5473	147 
5474	136 
5475	340 
5476	364 
5477	364 
5478	262 
5479	69 
5480	18 
5481	78 
5482	75 
5483	39 
5484	102 
5485	57 
5486	22 
5487	63 
5488	322 
5489	140 
5490	169 
5491	130 
5492	95 
5493	295 
5494	170 
5495	191 
5496	320 
5497	73 
5498	69 
5499	250 
5500	277 
5501	179 
5502	345 
5503	267 
5504	305 
5505	335 
5506	291 
5507	35 
5508	171 
5509	165 
5510	112 
5511	299 
5512	113 
5513	23 
5514	257 
5515	172 
5516	129 
5517	120 
5518	201 
5519	82 
5520	111 
5521	106 
5522	140 
5523	190 
5524	192 
5525	251 
5526	48 
5527	144 
5528	116 
5529	15 
5530	24 
5531	356 
5532	152 
5533	54 
5534	331 
5535	235 
5536	270 
5537	20 
5538	21 
5539	37 
5540	36 
5541	265 
5542	367 
5543	302 
5544	78 
5545	155 
5546	94 
5547	80 
5548	354 
5549	143 
5550	347 
5551	100 
5552	252 
5553	331 
5554	106 
5555	112 
5556	331 
5557	17 
5558	340 
5559	57 
5560	46 
5561	287 
5562	141 
5563	345 
5564	326 
5565	267 
5566	348 
5567	209 
5568	158 
5569	78 
5570	317 
5571	203 
5572	114 
5573	236 
5574	84 
5575	298 
5576	170 
5577	268 
5578	60 
5579	322 
5580	28 
5581	83 
5582	283 
5583	147 
5584	203 
5585	114 
5586	123 
5587	141 
5588	179 
5589	333 
5590	232 
5591	37 
5592	268 
5593	266 
5594	167 
5595	244 
5596	187 
5597	150 
5598	363 
5599	23 
5600	200 
5601	118 
5602	332 
5603	292 
5604	136 
5605	347 
5606	202 
5607	7 
5608	366 
5609	353 
5610	166 
5611	9 
5612	169 
5613	109 
5614	252 
5615	254 
5616	213 
5617	357 
5618	302 
5619	360 
5620	28 
5621	338 
5622	261 
5623	335 
5624	23 
5625	114 
5626	338 
5627	141 
5628	147 
5629	61 
5630	48 
5631	41 
5632	185 
5633	42 
5634	338 
5635	161 
5636	112 
5637	235 
5638	20 
5639	274 
5640	86 
5641	285 
5642	328 
5643	178 
5644	292 
5645	25 
5646	226 
5647	161 
5648	178 
5649	263 
5650	103 
5651	222 
5652	3 
5653	363 
5654	316 
5655	60 
5656	163 
5657	187 
5658	161 
5659	47 
5660	239 
5661	31 
5662	126 
5663	169 
5664	298 
5665	14 
5666	96 
5667	42 
5668	148 
5669	257 
5670	130 
5671	103 
5672	8 
5673	174 
5674	323 
5675	34 
5676	210 
5677	327 
5678	7 
5679	246 
5680	145 
5681	173 
5682	26 
5683	158 
5684	320 
5685	80 
5686	245 
5687	191 
5688	26 
5689	123 
5690	285 
5691	232 
5692	282 
5693	323 
5694	1 
5695	301 
5696	178 
5697	215 
5698	160 
5699	57 
5700	12 
5701	149 
5702	234 
5703	248 
5704	3 
5705	130 
5706	261 
5707	357 
5708	140 
5709	140 
5710	209 
5711	34 
5712	125 
5713	304 
5714	293 
5715	8 
5716	64 
5717	47 
5718	14 
5719	187 
5720	7 
5721	60 
5722	238 
5723	256 
5724	232 
5725	260 
5726	129 
5727	71 
5728	22 
5729	67 
5730	212 
5731	226 
5732	163 
5733	255 
5734	173 
5735	77 
5736	341 
5737	112 
5738	74 
5739	213 
5740	270 
5741	213 
5742	85 
5743	364 
5744	1 
5745	259 
5746	123 
5747	112 
5748	363 
5749	349 
5750	129 
5751	251 
5752	121 
5753	153 
5754	308 
5755	221 
5756	27 
5757	120 
5758	90 
5759	78 
5760	358 
5761	289 
5762	237 
5763	277 
5764	38 
5765	293 
5766	169 
5767	55 
5768	280 
5769	338 
5770	274 
5771	366 
5772	295 
5773	105 
5774	39 
5775	163 
5776	274 
5777	44 
5778	339 
5779	286 
5780	35 
5781	339 
5782	182 
5783	106 
5784	157 
5785	237 
5786	133 
5787	347 
5788	332 
5789	326 
5790	261 
5791	152 
5792	65 
5793	302 
5794	98 
5795	68 
5796	158 
5797	103 
5798	125 
5799	351 
5800	165 
5801	335 
5802	209 
5803	95 
5804	317 
5805	356 
5806	289 
5807	111 
5808	113 
5809	202 
5810	49 
5811	259 
5812	190 
5813	214 
5814	117 
5815	74 
5816	327 
5817	149 
5818	96 
5819	357 
5820	322 
5821	113 
5822	84 
5823	256 
5824	322 
5825	96 
5826	179 
5827	338 
5828	263 
5829	3 
5830	309 
5831	74 
5832	116 
5833	257 
5834	362 
5835	38 
5836	309 
5837	137 
5838	170 
5839	223 
5840	181 
5841	145 
5842	119 
5843	280 
5844	236 
5845	112 
5846	120 
5847	36 
5848	280 
5849	178 
5850	70 
5851	171 
5852	309 
5853	205 
5854	338 
5855	361 
5856	21 
5857	247 
5858	232 
5859	27 
5860	197 
5861	52 
5862	8 
5863	163 
5864	145 
5865	304 
5866	254 
5867	100 
5868	112 
5869	232 
5870	192 
5871	65 
5872	121 
5873	213 
5874	123 
5875	182 
5876	217 
5877	216 
5878	191 
5879	123 
5880	29 
5881	68 
5882	48 
5883	208 
5884	353 
5885	333 
5886	338 
5887	80 
5888	112 
5889	143 
5890	187 
5891	288 
5892	29 
5893	68 
5894	102 
5895	65 
5896	335 
5897	112 
5898	292 
5899	216 
5900	326 
5901	271 
5902	75 
5903	103 
5904	147 
5905	205 
5906	178 
5907	178 
5908	22 
5909	187 
5910	94 
5911	358 
5912	75 
5913	112 
5914	293 
5915	161 
5916	213 
5917	159 
5918	121 
5919	357 
5920	231 
5921	68 
5922	140 
5923	313 
5924	209 
5925	234 
5926	321 
5927	42 
5928	231 
5929	33 
5930	277 
5931	333 
5932	285 
5933	63 
5934	214 
5935	261 
5936	244 
5937	293 
5938	228 
5939	26 
5940	302 
5941	78 
5942	115 
5943	367 
5944	34 
5945	328 
5946	332 
5947	6 
5948	322 
5949	195 
5950	74 
5951	30 
5952	203 
5953	353 
5954	132 
5955	139 
5956	232 
5957	277 
5958	171 
5959	365 
5960	351 
5961	22 
5962	203 
5963	230 
5964	246 
5965	257 
5966	70 
5967	187 
5968	351 
5969	293 
5970	154 
5971	83 
5972	187 
5973	321 
5974	358 
5975	278 
5976	100 
5977	42 
5978	284 
5979	201 
5980	202 
5981	86 
5982	280 
5983	226 
5984	187 
5985	358 
5986	366 
5987	133 
5988	151 
5989	23 
5990	258 
5991	163 
5992	335 
5993	120 
5994	245 
5995	354 
5996	85 
5997	141 
5998	44 
5999	195 
6000	114 
6001	178 
6002	103 
6003	15 
6004	153 
6005	166 
6006	215 
6007	247 
6008	287 
6009	347 
6010	188 
6011	292 
6012	266 
6013	351 
6014	197 
6015	339 
6016	104 
6017	285 
6018	323 
6019	14 
6020	182 
6021	264 
6022	49 
6023	113 
6024	83 
6025	4 
6026	67 
6027	195 
6028	326 
6029	231 
6030	252 
6031	226 
6032	16 
6033	182 
6034	322 
6035	140 
6036	216 
6037	170 
6038	1 
6039	178 
6040	121 
6041	196 
6042	263 
6043	102 
6044	341 
6045	91 
6046	348 
6047	187 
6048	27 
6049	356 
6050	226 
6051	108 
6052	54 
6053	252 
6054	140 
6055	115 
6056	119 
6057	151 
6058	314 
6059	69 
6060	282 
6061	94 
6062	240 
6063	115 
6064	95 
6065	240 
6066	33 
6067	33 
6068	84 
6069	26 
6070	268 
6071	39 
6072	44 
6073	69 
6074	159 
6075	183 
6076	72 
6077	6 
6078	339 
6079	137 
6080	206 
6081	170 
6082	145 
6083	179 
6084	232 
6085	203 
6086	304 
6087	356 
6088	226 
6089	204 
6090	193 
6091	30 
6092	117 
6093	366 
6094	274 
6095	132 
6096	14 
6097	267 
6098	352 
6099	47 
6100	192 
6101	179 
6102	41 
6103	86 
6104	26 
6105	25 
6106	192 
6107	93 
6108	1 
6109	205 
6110	232 
6111	232 
6112	22 
6113	250 
6114	315 
6115	247 
6116	267 
6117	301 
6118	323 
6119	244 
6120	60 
6121	187 
6122	203 
6123	353 
6124	237 
6125	118 
6126	118 
6127	293 
6128	244 
6129	154 
6130	15 
6131	94 
6132	180 
6133	155 
6134	170 
6135	313 
6136	91 
6137	274 
6138	72 
6139	256 
6140	246 
6141	68 
6142	367 
6143	15 
6144	102 
6145	17 
6146	351 
6147	261 
6148	344 
6149	351 
6150	147 
6151	116 
6152	356 
6153	23 
6154	200 
6155	346 
6156	187 
6157	341 
6158	95 
6159	67 
6160	298 
6161	80 
6162	44 
6163	70 
6164	314 
6165	87 
6166	28 
6167	154 
6168	116 
6169	182 
6170	216 
6171	252 
6172	351 
6173	69 
6174	104 
6175	130 
6176	99 
6177	337 
6178	27 
6179	183 
6180	216 
6181	363 
6182	58 
6183	116 
6184	168 
6185	14 
6186	29 
6187	212 
6188	106 
6189	319 
6190	236 
6191	148 
6192	114 
6193	143 
6194	341 
6195	29 
6196	275 
6197	351 
6198	94 
6199	93 
6200	205 
6201	360 
6202	140 
6203	21 
6204	280 
6205	187 
6206	274 
6207	191 
6208	132 
6209	326 
6210	145 
6211	60 
6212	220 
6213	122 
6214	79 
6215	323 
6216	163 
6217	140 
6218	28 
6219	10 
6220	8 
6221	79 
6222	22 
6223	302 
6224	115 
6225	106 
6226	6 
6227	182 
6228	32 
6229	282 
6230	247 
6231	271 
6232	48 
6233	148 
6234	24 
6235	44 
6236	94 
6237	203 
6238	161 
6239	220 
6240	182 
6241	146 
6242	65 
6243	293 
6244	181 
6245	89 
6246	363 
6247	185 
6248	190 
6249	265 
6250	322 
6251	46 
6252	212 
6253	141 
6254	356 
6255	315 
6256	316 
6257	209 
6258	32 
6259	35 
6260	125 
6261	22 
6262	118 
6263	156 
6264	299 
6265	48 
6266	27 
6267	301 
6268	121 
6269	275 
6270	185 
6271	58 
6272	367 
6273	44 
6274	21 
6275	129 
6276	74 
6277	23 
6278	64 
6279	265 
6280	356 
6281	157 
6282	194 
6283	22 
6284	14 
6285	56 
6286	302 
6287	1 
6288	265 
6289	257 
6290	283 
6291	131 
6292	35 
6293	52 
6294	274 
6295	195 
6296	98 
6297	121 
6298	147 
6299	22 
6300	35 
6301	144 
6302	217 
6303	213 
6304	293 
6305	170 
6306	214 
6307	31 
6308	319 
6309	163 
6310	347 
6311	254 
6312	73 
6313	32 
6314	218 
6315	341 
6316	329 
6317	292 
6318	2 
6319	315 
6320	130 
6321	154 
6322	154 
6323	317 
6324	8 
6325	299 
6326	367 
6327	195 
6328	24 
6329	235 
6330	157 
6331	69 
6332	96 
6333	341 
6334	304 
6335	360 
6336	78 
6337	46 
6338	332 
6339	36 
6340	46 
6341	87 
6342	20 
6343	155 
6344	250 
6345	302 
6346	18 
6347	257 
6348	200 
6349	232 
6350	77 
6351	286 
6352	178 
6353	106 
6354	178 
6355	172 
6356	4 
6357	148 
6358	245 
6359	324 
6360	74 
6361	268 
6362	147 
6363	7 
6364	114 
6365	29 
6366	114 
6367	160 
6368	87 
6369	49 
6370	345 
6371	80 
6372	323 
6373	81 
6374	120 
6375	99 
6376	37 
6377	69 
6378	320 
6379	363 
6380	260 
6381	331 
6382	281 
6383	261 
6384	47 
6385	35 
6386	36 
6387	21 
6388	5 
6389	38 
6390	58 
6391	177 
6392	80 
6393	215 
6394	147 
6395	283 
6396	74 
6397	188 
6398	115 
6399	154 
6400	194 
6401	22 
6402	316 
6403	265 
6404	340 
6405	250 
6406	43 
6407	235 
6408	129 
6409	351 
6410	187 
6411	56 
6412	209 
6413	283 
6414	290 
6415	49 
6416	147 
6417	367 
6418	333 
6419	192 
6420	28 
6421	96 
6422	112 
6423	205 
6424	169 
6425	147 
6426	99 
6427	60 
6428	187 
6429	331 
6430	63 
6431	313 
6432	232 
6433	48 
6434	322 
6435	29 
6436	140 
6437	60 
6438	122 
6439	157 
6440	268 
6441	113 
6442	118 
6443	322 
6444	280 
6445	225 
6446	230 
6447	141 
6448	245 
6449	9 
6450	149 
6451	155 
6452	177 
6453	163 
6454	14 
6455	266 
6456	212 
6457	252 
6458	268 
6459	22 
6460	245 
6461	313 
6462	333 
6463	274 
6464	94 
6465	39 
6466	280 
6467	54 
6468	173 
6469	252 
6470	315 
6471	23 
6472	209 
6473	72 
6474	212 
6475	17 
6476	154 
6477	114 
6478	238 
6479	216 
6480	232 
6481	322 
6482	273 
6483	170 
6484	72 
6485	228 
6486	121 
6487	114 
6488	96 
6489	274 
6490	209 
6491	36 
6492	160 
6493	363 
6494	356 
6495	287 
6496	280 
6497	175 
6498	108 
6499	355 
6500	327 
6501	93 
6502	118 
6503	163 
6504	97 
6505	280 
6506	83 
6507	259 
6508	364 
6509	313 
6510	341 
6511	93 
6512	26 
6513	69 
6514	6 
6515	28 
6516	118 
6517	356 
6518	317 
6519	364 
6520	12 
6521	223 
6522	68 
6523	221 
6524	71 
6525	21 
6526	85 
6527	151 
6528	363 
6529	29 
6530	126 
6531	364 
6532	215 
6533	204 
6534	231 
6535	83 
6536	340 
6537	348 
6538	36 
6539	144 
6540	48 
6541	158 
6542	25 
6543	280 
6544	218 
6545	259 
6546	113 
6547	188 
6548	341 
6549	153 
6550	216 
6551	5 
6552	106 
6553	328 
6554	44 
6555	48 
6556	301 
6557	218 
6558	304 
6559	245 
6560	122 
6561	72 
6562	328 
6563	313 
6564	112 
6565	21 
6566	251 
6567	293 
6568	94 
6569	185 
6570	202 
6571	78 
6572	72 
6573	351 
6574	289 
6575	216 
6576	48 
6577	172 
6578	65 
6579	165 
6580	15 
6581	348 
6582	293 
6583	240 
6584	1 
6585	2 
6586	222 
6587	209 
6588	209 
6589	326 
6590	39 
6591	244 
6592	261 
6593	255 
6594	235 
6595	169 
6596	357 
6597	20 
6598	322 
6599	316 
6600	282 
6601	151 
6602	148 
6603	77 
6604	37 
6605	180 
6606	204 
6607	150 
6608	77 
6609	118 
6610	5 
6611	178 
6612	146 
6613	15 
6614	276 
6615	20 
6616	15 
6617	176 
6618	191 
6619	236 
6620	68 
6621	85 
6622	263 
6623	170 
6624	275 
6625	356 
6626	80 
6627	12 
6628	10 
6629	38 
6630	77 
6631	159 
6632	123 
6633	57 
6634	96 
6635	118 
6636	314 
6637	231 
6638	309 
6639	177 
6640	357 
6641	153 
6642	301 
6643	281 
6644	147 
6645	85 
6646	98 
6647	185 
6648	125 
6649	68 
6650	261 
6651	14 
6652	126 
6653	112 
6654	90 
6655	8 
6656	149 
6657	309 
6658	283 
6659	69 
6660	348 
6661	316 
6662	175 
6663	153 
6664	280 
6665	168 
6666	302 
6667	30 
6668	113 
6669	73 
6670	216 
6671	196 
6672	165 
6673	95 
6674	136 
6675	344 
6676	165 
6677	366 
6678	125 
6679	192 
6680	340 
6681	344 
6682	204 
6683	120 
6684	367 
6685	282 
6686	268 
6687	187 
6688	218 
6689	163 
6690	258 
6691	67 
6692	15 
6693	316 
6694	193 
6695	170 
6696	115 
6697	49 
6698	221 
6699	208 
6700	160 
6701	274 
6702	89 
6703	123 
6704	149 
6705	210 
6706	113 
6707	213 
6708	172 
6709	268 
6710	305 
6711	181 
6712	282 
6713	123 
6714	153 
6715	49 
6716	122 
6717	366 
6718	41 
6719	150 
6720	132 
6721	196 
6722	117 
6723	147 
6724	322 
6725	302 
6726	103 
6727	116 
6728	63 
6729	129 
6730	231 
6731	180 
6732	79 
6733	113 
6734	228 
6735	113 
6736	273 
6737	22 
6738	344 
6739	106 
6740	231 
6741	175 
6742	175 
6743	95 
6744	130 
6745	54 
6746	338 
6747	63 
6748	256 
6749	155 
6750	316 
6751	313 
6752	283 
6753	94 
6754	159 
6755	170 
6756	121 
6757	73 
6758	86 
6759	172 
6760	64 
6761	358 
6762	10 
6763	267 
6764	103 
6765	83 
6766	274 
6767	135 
6768	113 
6769	74 
6770	151 
6771	235 
6772	302 
6773	63 
6774	327 
6775	246 
6776	178 
6777	173 
6778	1 
6779	188 
6780	92 
6781	202 
6782	163 
6783	274 
6784	37 
6785	35 
6786	108 
6787	69 
6788	87 
6789	226 
6790	93 
6791	21 
6792	23 
6793	125 
6794	163 
6795	21 
6796	156 
6797	202 
6798	42 
6799	351 
6800	348 
6801	273 
6802	203 
6803	182 
6804	89 
6805	12 
6806	347 
6807	64 
6808	146 
6809	188 
6810	114 
6811	8 
6812	29 
6813	118 
6814	345 
6815	245 
6816	266 
6817	65 
6818	178 
6819	203 
6820	363 
6821	42 
6822	152 
6823	68 
6824	139 
6825	181 
6826	258 
6827	216 
6828	231 
6829	245 
6830	149 
6831	103 
6832	222 
6833	90 
6834	72 
6835	120 
6836	280 
6837	214 
6838	96 
6839	14 
6840	212 
6841	118 
6842	277 
6843	80 
6844	170 
6845	141 
6846	216 
6847	161 
6848	120 
6849	72 
6850	56 
6851	290 
6852	157 
6853	323 
6854	326 
6855	349 
6856	43 
6857	185 
6858	113 
6859	203 
6860	265 
6861	36 
6862	192 
6863	367 
6864	291 
6865	78 
6866	200 
6867	80 
6868	235 
6869	203 
6870	232 
6871	72 
6872	156 
6873	129 
6874	37 
6875	91 
6876	273 
6877	345 
6878	200 
6879	246 
6880	91 
6881	89 
6882	267 
6883	8 
6884	322 
6885	129 
6886	64 
6887	5 
6888	44 
6889	10 
6890	317 
6891	226 
6892	78 
6893	218 
6894	170 
6895	274 
6896	173 
6897	301 
6898	69 
6899	348 
6900	316 
6901	38 
6902	61 
6903	159 
6904	338 
6905	12 
6906	97 
6907	234 
6908	333 
6909	187 
6910	86 
6911	4 
6912	279 
6913	355 
6914	216 
6915	273 
6916	245 
6917	358 
6918	213 
6919	365 
6920	270 
6921	63 
6922	344 
6923	145 
6924	26 
6925	358 
6926	80 
6927	367 
6928	154 
6929	170 
6930	178 
6931	313 
6932	217 
6933	214 
6934	244 
6935	147 
6936	366 
6937	1 
6938	254 
6939	1 
6940	247 
6941	325 
6942	36 
6943	22 
6944	195 
6945	203 
6946	213 
6947	36 
6948	202 
6949	75 
6950	244 
6951	356 
6952	298 
6953	181 
6954	290 
6955	239 
6956	192 
6957	161 
6958	360 
6959	218 
6960	23 
6961	325 
6962	335 
6963	364 
6964	290 
6965	356 
6966	22 
6967	24 
6968	332 
6969	10 
6970	285 
6971	258 
6972	352 
6973	252 
6974	335 
6975	121 
6976	61 
6977	95 
6978	154 
6979	90 
6980	36 
6981	201 
6982	163 
6983	78 
6984	345 
6985	6 
6986	367 
6987	113 
6988	130 
6989	217 
6990	151 
6991	93 
6992	251 
6993	331 
6994	12 
6995	114 
6996	256 
6997	8 
6998	244 
6999	90 
7000	111 
7001	22 
7002	357 
7003	244 
7004	362 
7005	139 
7006	85 
7007	209 
7008	44 
7009	2 
7010	78 
7011	84 
7012	1 
7013	35 
7014	215 
7015	132 
7016	185 
7017	57 
7018	197 
7019	220 
7020	325 
7021	179 
7022	247 
7023	157 
7024	321 
7025	358 
7026	325 
7027	67 
7028	108 
7029	70 
7030	34 
7031	92 
7032	216 
7033	21 
7034	268 
7035	202 
7036	38 
7037	92 
7038	254 
7039	363 
7040	205 
7041	356 
7042	203 
7043	33 
7044	362 
7045	202 
7046	77 
7047	364 
7048	145 
7049	366 
7050	145 
7051	202 
7052	137 
7053	217 
7054	185 
7055	274 
7056	276 
7057	28 
7058	275 
7059	254 
7060	141 
7061	136 
7062	150 
7063	188 
7064	245 
7065	92 
7066	232 
7067	1 
7068	320 
7069	113 
7070	141 
7071	150 
7072	298 
7073	15 
7074	54 
7075	257 
7076	153 
7077	316 
7078	344 
7079	365 
7080	143 
7081	259 
7082	49 
7083	12 
7084	179 
7085	153 
7086	292 
7087	132 
7088	132 
7089	238 
7090	42 
7091	274 
7092	254 
7093	244 
7094	15 
7095	280 
7096	178 
7097	246 
7098	276 
7099	147 
7100	106 
7101	265 
7102	80 
7103	337 
7104	69 
7105	58 
7106	215 
7107	2 
7108	88 
7109	87 
7110	218 
7111	54 
7112	256 
7113	325 
7114	113 
7115	326 
7116	106 
7117	209 
7118	226 
7119	351 
7120	282 
7121	140 
7122	202 
7123	31 
7124	285 
7125	109 
7126	147 
7127	125 
7128	27 
7129	185 
7130	130 
7131	216 
7132	27 
7133	248 
7134	220 
7135	257 
7136	220 
7137	61 
7138	29 
7139	212 
7140	349 
7141	296 
7142	345 
7143	301 
7144	115 
7145	69 
7146	77 
7147	216 
7148	363 
7149	256 
7150	153 
7151	81 
7152	200 
7153	351 
7154	117 
7155	96 
7156	113 
7157	215 
7158	24 
7159	362 
7160	296 
7161	1 
7162	270 
7163	351 
7164	236 
7165	217 
7166	156 
7167	356 
7168	26 
7169	236 
7170	212 
7171	287 
7172	58 
7173	8 
7174	234 
7175	325 
7176	81 
7177	357 
7178	153 
7179	287 
7180	226 
7181	193 
7182	49 
7183	322 
7184	270 
7185	159 
7186	103 
7187	145 
7188	192 
7189	95 
7190	156 
7191	203 
7192	79 
7193	71 
7194	5 
7195	112 
7196	130 
7197	275 
7198	348 
7199	221 
7200	277 
7201	326 
7202	82 
7203	302 
7204	239 
7205	160 
7206	129 
7207	155 
7208	36 
7209	91 
7210	179 
7211	230 
7212	213 
7213	4 
7214	72 
7215	216 
7216	357 
7217	270 
7218	209 
7219	349 
7220	106 
7221	1 
7222	238 
7223	263 
7224	178 
7225	114 
7226	221 
7227	94 
7228	113 
7229	113 
7230	146 
7231	47 
7232	366 
7233	218 
7234	364 
7235	178 
7236	226 
7237	42 
7238	94 
7239	46 
7240	140 
7241	15 
7242	285 
7243	179 
7244	132 
7245	366 
7246	348 
7247	173 
7248	214 
7249	172 
7250	352 
7251	78 
7252	285 
7253	72 
7254	12 
7255	15 
7256	54 
7257	313 
7258	154 
7259	290 
7260	328 
7261	49 
7262	364 
7263	362 
7264	118 
7265	184 
7266	332 
7267	81 
7268	178 
7269	154 
7270	356 
7271	21 
7272	194 
7273	95 
7274	293 
7275	135 
7276	126 
7277	2 
7278	287 
7279	42 
7280	290 
7281	52 
7282	115 
7283	94 
7284	115 
7285	191 
7286	74 
7287	293 
7288	161 
7289	360 
7290	323 
7291	172 
7292	349 
7293	22 
7294	80 
7295	351 
7296	266 
7297	177 
7298	245 
7299	282 
7300	251 
7301	23 
7302	139 
7303	212 
7304	235 
7305	201 
7306	144 
7307	202 
7308	213 
7309	257 
7310	95 
7311	235 
7312	182 
7313	252 
7314	212 
7315	212 
7316	155 
7317	184 
7318	313 
7319	188 
7320	82 
7321	69 
7322	32 
7323	223 
7324	217 
7325	252 
7326	301 
7327	338 
7328	95 
7329	165 
7330	132 
7331	203 
7332	280 
7333	333 
7334	344 
7335	216 
7336	216 
7337	126 
7338	21 
7339	325 
7340	99 
7341	322 
7342	113 
7343	230 
7344	321 
7345	239 
7346	6 
7347	48 
7348	2 
7349	118 
7350	267 
7351	145 
7352	68 
7353	178 
7354	15 
7355	5 
7356	144 
7357	8 
7358	221 
7359	115 
7360	12 
7361	346 
7362	81 
7363	344 
7364	28 
7365	63 
7366	146 
7367	340 
7368	70 
7369	324 
7370	273 
7371	132 
7372	222 
7373	178 
7374	60 
7375	97 
7376	321 
7377	357 
7378	118 
7379	14 
7380	177 
7381	188 
7382	20 
7383	145 
7384	363 
7385	301 
7386	184 
7387	123 
7388	49 
7389	192 
7390	35 
7391	226 
7392	48 
7393	217 
7394	293 
7395	161 
7396	69 
7397	27 
7398	360 
7399	323 
7400	85 
7401	139 
7402	244 
7403	216 
7404	168 
7405	351 
7406	96 
7407	99 
7408	22 
7409	27 
7410	175 
7411	333 
7412	48 
7413	36 
7414	109 
7415	55 
7416	353 
7417	352 
7418	145 
7419	112 
7420	161 
7421	37 
7422	293 
7423	231 
7424	351 
7425	239 
7426	256 
7427	237 
7428	5 
7429	147 
7430	292 
7431	352 
7432	109 
7433	49 
7434	117 
7435	112 
7436	87 
7437	228 
7438	270 
7439	298 
7440	122 
7441	313 
7442	322 
7443	113 
7444	82 
7445	212 
7446	145 
7447	99 
7448	215 
7449	99 
7450	64 
7451	364 
7452	261 
7453	365 
7454	348 
7455	137 
7456	178 
7457	185 
7458	237 
7459	95 
7460	89 
7461	244 
7462	175 
7463	197 
7464	68 
7465	129 
7466	46 
7467	326 
7468	130 
7469	309 
7470	14 
7471	261 
7472	48 
7473	61 
7474	83 
7475	316 
7476	113 
7477	6 
7478	356 
7479	226 
7480	187 
7481	88 
7482	349 
7483	93 
7484	117 
7485	298 
7486	110 
7487	9 
7488	140 
7489	331 
7490	324 
7491	313 
7492	43 
7493	20 
7494	129 
7495	274 
7496	236 
7497	268 
7498	200 
7499	81 
7500	168 
7501	108 
7502	212 
7503	235 
7504	200 
7505	63 
7506	129 
7507	302 
7508	177 
7509	340 
7510	293 
7511	246 
7512	29 
7513	70 
7514	287 
7515	5 
7516	209 
7517	140 
7518	324 
7519	36 
7520	344 
7521	325 
7522	182 
7523	74 
7524	280 
7525	194 
7526	150 
7527	257 
7528	94 
7529	27 
7530	213 
7531	114 
7532	178 
7533	67 
7534	26 
7535	322 
7536	296 
7537	322 
7538	194 
7539	103 
7540	39 
7541	109 
7542	113 
7543	254 
7544	293 
7545	240 
7546	214 
7547	270 
7548	85 
7549	120 
7550	200 
7551	96 
7552	37 
7553	106 
7554	284 
7555	69 
7556	149 
7557	175 
7558	287 
7559	287 
7560	114 
7561	274 
7562	144 
7563	78 
7564	203 
7565	69 
7566	328 
7567	194 
7568	221 
7569	31 
7570	237 
7571	356 
7572	178 
7573	97 
7574	161 
7575	44 
7576	366 
7577	75 
7578	28 
7579	83 
7580	344 
7581	34 
7582	333 
7583	83 
7584	175 
7585	333 
7586	102 
7587	366 
7588	247 
7589	366 
7590	274 
7591	192 
7592	155 
7593	353 
7594	173 
7595	149 
7596	84 
7597	163 
7598	102 
7599	247 
7600	265 
7601	44 
7602	75 
7603	23 
7604	163 
7605	248 
7606	287 
7607	215 
7608	185 
7609	123 
7610	80 
7611	6 
7612	14 
7613	140 
7614	110 
7615	60 
7616	106 
7617	296 
7618	276 
7619	36 
7620	81 
7621	192 
7622	193 
7623	287 
7624	153 
7625	187 
7626	182 
7627	126 
7628	1 
7629	20 
7630	78 
7631	147 
7632	223 
7633	122 
7634	29 
7635	20 
7636	309 
7637	14 
7638	360 
7639	280 
7640	29 
7641	221 
7642	69 
7643	63 
7644	23 
7645	15 
7646	193 
7647	151 
7648	5 
7649	77 
7650	226 
7651	68 
7652	160 
7653	232 
7654	155 
7655	349 
7656	96 
7657	78 
7658	270 
7659	248 
7660	234 
7661	324 
7662	354 
7663	137 
7664	202 
7665	77 
7666	120 
7667	78 
7668	72 
7669	196 
7670	9 
7671	29 
7672	126 
7673	34 
7674	232 
7675	367 
7676	163 
7677	139 
7678	341 
7679	68 
7680	6 
7681	351 
7682	354 
7683	100 
7684	265 
7685	145 
7686	335 
7687	298 
7688	123 
7689	16 
7690	141 
7691	102 
7692	94 
7693	274 
7694	337 
7695	49 
7696	247 
7697	304 
7698	137 
7699	222 
7700	217 
7701	282 
7702	72 
7703	259 
7704	137 
7705	132 
7706	9 
7707	212 
7708	352 
7709	245 
7710	349 
7711	114 
7712	137 
7713	85 
7714	301 
7715	220 
7716	182 
7717	340 
7718	200 
7719	157 
7720	302 
7721	36 
7722	363 
7723	335 
7724	290 
7725	315 
7726	282 
7727	130 
7728	302 
7729	284 
7730	230 
7731	156 
7732	331 
7733	34 
7734	115 
7735	72 
7736	140 
7737	338 
7738	140 
7739	364 
7740	120 
7741	49 
7742	257 
7743	156 
7744	364 
7745	193 
7746	52 
7747	44 
7748	145 
7749	287 
7750	87 
7751	65 
7752	254 
7753	323 
7754	38 
7755	363 
7756	301 
7757	270 
7758	8 
7759	366 
7760	9 
7761	187 
7762	184 
7763	1 
7764	259 
7765	316 
7766	212 
7767	172 
7768	20 
7769	57 
7770	8 
7771	324 
7772	29 
7773	301 
7774	26 
7775	178 
7776	221 
7777	6 
7778	179 
7779	74 
7780	293 
7781	287 
7782	153 
7783	86 
7784	200 
7785	256 
7786	332 
7787	175 
7788	222 
7789	115 
7790	326 
7791	290 
7792	292 
7793	274 
7794	58 
7795	301 
7796	157 
7797	102 
7798	193 
7799	36 
7800	141 
7801	154 
7802	126 
7803	212 
7804	254 
7805	77 
7806	185 
7807	17 
7808	340 
7809	123 
7810	156 
7811	320 
7812	163 
7813	317 
7814	247 
7815	192 
7816	112 
7817	90 
7818	121 
7819	212 
7820	72 
7821	34 
7822	100 
7823	277 
7824	314 
7825	349 
7826	270 
7827	280 
7828	179 
7829	216 
7830	95 
7831	246 
7832	326 
7833	293 
7834	177 
7835	86 
7836	90 
7837	165 
7838	27 
7839	344 
7840	364 
7841	173 
7842	26 
7843	352 
7844	366 
7845	95 
7846	26 
7847	80 
7848	313 
7849	5 
7850	267 
7851	115 
7852	48 
7853	21 
7854	360 
7855	88 
7856	36 
7857	95 
7858	144 
7859	325 
7860	156 
7861	302 
7862	42 
7863	163 
7864	192 
7865	360 
7866	99 
7867	340 
7868	239 
7869	188 
7870	137 
7871	296 
7872	187 
7873	238 
7874	144 
7875	302 
7876	141 
7877	72 
7878	75 
7879	163 
7880	153 
7881	272 
7882	231 
7883	137 
7884	181 
7885	163 
7886	287 
7887	121 
7888	26 
7889	36 
7890	36 
7891	153 
7892	70 
7893	163 
7894	364 
7895	265 
7896	78 
7897	153 
7898	360 
7899	267 
7900	38 
7901	140 
7902	65 
7903	12 
7904	10 
7905	35 
7906	333 
7907	112 
7908	273 
7909	106 
7910	60 
7911	200 
7912	38 
7913	325 
7914	182 
7915	217 
7916	120 
7917	20 
7918	244 
7919	351 
7920	179 
7921	149 
7922	291 
7923	68 
7924	43 
7925	325 
7926	86 
7927	244 
7928	326 
7929	213 
7930	356 
7931	83 
7932	221 
7933	235 
7934	1 
7935	100 
7936	232 
7937	63 
7938	17 
7939	21 
7940	26 
7941	54 
7942	103 
7943	273 
7944	213 
7945	178 
7946	220 
7947	333 
7948	175 
7949	225 
7950	74 
7951	9 
7952	22 
7953	120 
7954	170 
7955	24 
7956	79 
7957	35 
7958	135 
7959	348 
7960	322 
7961	129 
7962	17 
7963	184 
7964	345 
7965	188 
7966	60 
7967	153 
7968	63 
7969	121 
7970	22 
7971	120 
7972	72 
7973	302 
7974	213 
7975	115 
7976	293 
7977	357 
7978	320 
7979	122 
7980	197 
7981	363 
7982	49 
7983	126 
7984	72 
7985	254 
7986	123 
7987	15 
7988	122 
7989	115 
7990	93 
7991	122 
7992	153 
7993	6 
7994	293 
7995	235 
7996	159 
7997	103 
7998	245 
7999	281 
8000	173 
8001	247 
8002	118 
8003	2 
8004	290 
8005	175 
8006	205 
8007	145 
8008	331 
8009	17 
8010	173 
8011	22 
8012	35 
8013	267 
8014	256 
8015	187 
8016	114 
8017	254 
8018	315 
8019	87 
8020	324 
8021	326 
8022	367 
8023	57 
8024	151 
8025	314 
8026	221 
8027	116 
8028	315 
8029	126 
8030	113 
8031	327 
8032	10 
8033	46 
8034	195 
8035	71 
8036	38 
8037	113 
8038	218 
8039	328 
8040	153 
8041	109 
8042	8 
8043	1 
8044	68 
8045	226 
8046	226 
8047	252 
8048	344 
8049	68 
8050	167 
8051	122 
8052	323 
8053	351 
8054	335 
8055	74 
8056	213 
8057	351 
8058	217 
8059	14 
8060	81 
8061	261 
8062	273 
8063	26 
8064	144 
8065	302 
8066	20 
8067	209 
8068	274 
8069	351 
8070	29 
8071	149 
8072	187 
8073	143 
8074	282 
8075	363 
8076	151 
8077	203 
8078	302 
8079	115 
8080	157 
8081	78 
8082	272 
8083	362 
8084	246 
8085	121 
8086	80 
8087	69 
8088	367 
8089	114 
8090	323 
8091	58 
8092	341 
8093	185 
8094	338 
8095	313 
8096	29 
8097	273 
8098	10 
8099	5 
8100	17 
8101	293 
8102	89 
8103	22 
8104	328 
8105	118 
8106	276 
8107	17 
8108	79 
8109	155 
8110	246 
8111	21 
8112	364 
8113	86 
8114	58 
8115	197 
8116	49 
8117	248 
8118	48 
8119	360 
8120	231 
8121	32 
8122	17 
8123	276 
8124	280 
8125	5 
8126	270 
8127	293 
8128	163 
8129	156 
8130	202 
8131	75 
8132	270 
8133	360 
8134	175 
8135	187 
8136	26 
8137	358 
8138	6 
8139	10 
8140	200 
8141	357 
8142	63 
8143	96 
8144	247 
8145	139 
8146	153 
8147	69 
8148	144 
8149	185 
8150	274 
8151	259 
8152	245 
8153	193 
8154	106 
8155	179 
8156	216 
8157	245 
8158	46 
8159	178 
8160	151 
8161	325 
8162	153 
8163	356 
8164	363 
8165	331 
8166	314 
8167	64 
8168	246 
8169	247 
8170	20 
8171	360 
8172	225 
8173	341 
8174	234 
8175	90 
8176	237 
8177	38 
8178	90 
8179	154 
8180	155 
8181	332 
8182	130 
8183	169 
8184	47 
8185	203 
8186	5 
8187	8 
8188	153 
8189	120 
8190	326 
8191	126 
8192	360 
8193	43 
8194	93 
8195	246 
8196	22 
8197	9 
8198	120 
8199	265 
8200	203 
8201	58 
8202	38 
8203	161 
8204	110 
8205	231 
8206	274 
8207	58 
8208	140 
8209	281 
8210	161 
8211	290 
8212	165 
8213	203 
8214	302 
8215	276 
8216	178 
8217	356 
8218	235 
8219	237 
8220	321 
8221	129 
8222	358 
8223	98 
8224	15 
8225	252 
8226	115 
8227	231 
8228	356 
8229	301 
8230	145 
8231	113 
8232	302 
8233	187 
8234	252 
8235	340 
8236	43 
8237	200 
8238	182 
8239	220 
8240	6 
8241	26 
8242	155 
8243	154 
8244	338 
8245	232 
8246	118 
8247	144 
8248	10 
8249	185 
8250	280 
8251	64 
8252	216 
8253	78 
8254	259 
8255	77 
8256	197 
8257	252 
8258	351 
8259	203 
8260	351 
8261	58 
8262	161 
8263	170 
8264	49 
8265	156 
8266	22 
8267	335 
8268	237 
8269	150 
8270	78 
8271	21 
8272	360 
8273	178 
8274	129 
8275	28 
8276	195 
8277	17 
8278	222 
8279	154 
8280	218 
8281	49 
8282	14 
8283	254 
8284	333 
8285	163 
8286	246 
8287	143 
8288	192 
8289	302 
8290	213 
8291	38 
8292	324 
8293	346 
8294	132 
8295	248 
8296	24 
8297	160 
8298	163 
8299	326 
8300	80 
8301	143 
8302	320 
8303	254 
8304	323 
8305	141 
8306	49 
8307	81 
8308	149 
8309	261 
8310	123 
8311	159 
8312	187 
8313	257 
8314	323 
8315	322 
8316	280 
8317	327 
8318	287 
8319	32 
8320	231 
8321	221 
8322	231 
8323	282 
8324	38 
8325	360 
8326	267 
8327	234 
8328	42 
8329	93 
8330	135 
8331	314 
8332	35 
8333	15 
8334	115 
8335	217 
8336	5 
8337	284 
8338	296 
8339	170 
8340	36 
8341	70 
8342	144 
8343	135 
8344	282 
8345	1 
8346	29 
8347	234 
8348	24 
8349	144 
8350	118 
8351	326 
8352	157 
8353	147 
8354	33 
8355	10 
8356	72 
8357	71 
8358	175 
8359	96 
8360	328 
8361	80 
8362	36 
8363	14 
8364	46 
8365	331 
8366	215 
8367	157 
8368	256 
8369	234 
8370	237 
8371	212 
8372	178 
8373	203 
8374	213 
8375	100 
8376	270 
8377	5 
8378	323 
8379	331 
8380	170 
8381	178 
8382	302 
8383	113 
8384	49 
8385	192 
8386	113 
8387	302 
8388	69 
8389	114 
8390	280 
8391	254 
8392	9 
8393	221 
8394	333 
8395	36 
8396	36 
8397	367 
8398	74 
8399	259 
8400	82 
8401	187 
8402	92 
8403	60 
8404	126 
8405	161 
8406	322 
8407	129 
8408	155 
8409	116 
8410	356 
8411	22 
8412	72 
8413	75 
8414	187 
8415	116 
8416	280 
8417	35 
8418	273 
8419	35 
8420	301 
8421	121 
8422	103 
8423	268 
8424	130 
8425	316 
8426	46 
8427	357 
8428	9 
8429	212 
8430	113 
8431	173 
8432	82 
8433	1 
8434	80 
8435	254 
8436	156 
8437	244 
8438	212 
8439	10 
8440	89 
8441	106 
8442	247 
8443	225 
8444	93 
8445	96 
8446	69 
8447	68 
8448	42 
8449	115 
8450	216 
8451	69 
8452	154 
8453	221 
8454	153 
8455	87 
8456	347 
8457	293 
8458	358 
8459	323 
8460	163 
8461	113 
8462	100 
8463	15 
8464	63 
8465	98 
8466	331 
8467	265 
8468	109 
8469	35 
8470	123 
8471	265 
8472	10 
8473	65 
8474	28 
8475	22 
8476	185 
8477	287 
8478	144 
8479	248 
8480	320 
8481	341 
8482	257 
8483	156 
8484	320 
8485	103 
8486	340 
8487	1 
8488	235 
8489	322 
8490	72 
8491	63 
8492	54 
8493	326 
8494	85 
8495	259 
8496	69 
8497	12 
8498	60 
8499	113 
8500	100 
8501	143 
8502	36 
8503	115 
8504	287 
8505	29 
8506	320 
8507	356 
8508	81 
8509	87 
8510	351 
8511	275 
8512	12 
8513	14 
8514	49 
8515	68 
8516	5 
8517	360 
8518	126 
8519	26 
8520	169 
8521	170 
8522	170 
8523	179 
8524	42 
8525	155 
8526	200 
8527	261 
8528	20 
8529	213 
8530	356 
8531	323 
8532	100 
8533	349 
8534	296 
8535	344 
8536	135 
8537	293 
8538	321 
8539	26 
8540	203 
8541	157 
8542	266 
8543	147 
8544	12 
8545	293 
8546	232 
8547	90 
8548	276 
8549	358 
8550	245 
8551	78 
8552	205 
8553	155 
8554	244 
8555	135 
8556	121 
8557	351 
8558	200 
8559	177 
8560	27 
8561	175 
8562	143 
8563	195 
8564	246 
8565	349 
8566	163 
8567	12 
8568	81 
8569	145 
8570	155 
8571	112 
8572	22 
8573	98 
8574	163 
8575	209 
8576	153 
8577	163 
8578	203 
8579	77 
8580	69 
8581	363 
8582	170 
8583	21 
8584	298 
8585	252 
8586	77 
8587	203 
8588	122 
8589	218 
8590	349 
8591	103 
8592	266 
8593	340 
8594	65 
8595	363 
8596	327 
8597	366 
8598	323 
8599	46 
8600	160 
8601	151 
8602	235 
8603	28 
8604	10 
8605	360 
8606	69 
8607	341 
8608	77 
8609	8 
8610	103 
8611	116 
8612	239 
8613	356 
8614	155 
8615	161 
8616	74 
8617	331 
8618	276 
8619	156 
8620	246 
8621	60 
8622	244 
8623	364 
8624	157 
8625	178 
8626	344 
8627	237 
8628	155 
8629	21 
8630	28 
8631	23 
8632	200 
8633	364 
8634	179 
8635	109 
8636	157 
8637	144 
8638	96 
8639	203 
8640	216 
8641	268 
8642	280 
8643	356 
8644	268 
8645	316 
8646	63 
8647	327 
8648	363 
8649	341 
8650	140 
8651	29 
8652	296 
8653	364 
8654	99 
8655	333 
8656	89 
8657	248 
8658	1 
8659	12 
8660	261 
8661	161 
8662	177 
8663	257 
8664	245 
8665	347 
8666	257 
8667	203 
8668	121 
8669	10 
8670	34 
8671	123 
8672	351 
8673	298 
8674	232 
8675	48 
8676	215 
8677	69 
8678	82 
8679	49 
8680	26 
8681	266 
8682	1 
8683	267 
8684	313 
8685	212 
8686	27 
8687	282 
8688	90 
8689	106 
8690	216 
8691	161 
8692	364 
8693	93 
8694	226 
8695	112 
8696	103 
8697	366 
8698	326 
8699	143 
8700	144 
8701	364 
8702	348 
8703	209 
8704	187 
8705	2 
8706	173 
8707	346 
8708	366 
8709	231 
8710	341 
8711	6 
8712	363 
8713	173 
8714	351 
8715	187 
8716	254 
8717	15 
8718	154 
8719	28 
8720	351 
8721	203 
8722	175 
8723	282 
8724	178 
8725	170 
8726	22 
8727	247 
8728	202 
8729	163 
8730	270 
8731	123 
8732	270 
8733	21 
8734	1 
8735	42 
8736	81 
8737	161 
8738	63 
8739	252 
8740	52 
8741	234 
8742	114 
8743	26 
8744	36 
8745	123 
8746	48 
8747	123 
8748	52 
8749	161 
8750	54 
8751	364 
8752	254 
8753	216 
8754	72 
8755	5 
8756	155 
8757	270 
8758	5 
8759	48 
8760	327 
8761	173 
8762	235 
8763	254 
8764	96 
8765	324 
8766	301 
8767	338 
8768	34 
8769	121 
8770	231 
8771	226 
8772	81 
8773	356 
8774	237 
8775	21 
8776	209 
8777	364 
8778	100 
8779	38 
8780	316 
8781	151 
8782	112 
8783	49 
8784	338 
8785	163 
8786	112 
8787	276 
8788	58 
8789	358 
8790	5 
8791	8 
8792	60 
8793	257 
8794	126 
8795	140 
8796	95 
8797	259 
8798	202 
8799	72 
8800	44 
8801	44 
8802	15 
8803	367 
8804	114 
8805	349 
8806	313 
8807	313 
8808	44 
8809	226 
8810	234 
8811	216 
8812	49 
8813	213 
8814	173 
8815	221 
8816	52 
8817	302 
8818	237 
8819	115 
8820	141 
8821	140 
8822	268 
8823	234 
8824	26 
8825	324 
8826	156 
8827	348 
8828	36 
8829	367 
8830	341 
8831	81 
8832	81 
8833	357 
8834	26 
8835	80 
8836	293 
8837	346 
8838	257 
8839	218 
8840	276 
8841	316 
8842	89 
8843	364 
8844	147 
8845	14 
8846	20 
8847	10 
8848	126 
8849	155 
8850	36 
8851	129 
8852	118 
8853	130 
8854	239 
8855	267 
8856	153 
8857	26 
8858	248 
8859	122 
8860	257 
8861	259 
8862	58 
8863	232 
8864	248 
8865	287 
8866	320 
8867	341 
8868	161 
8869	122 
8870	340 
8871	348 
8872	58 
8873	106 
8874	26 
8875	33 
8876	75 
8877	266 
8878	326 
8879	94 
8880	130 
8881	302 
8882	270 
8883	144 
8884	80 
8885	63 
8886	287 
8887	326 
8888	47 
8889	340 
8890	35 
8891	246 
8892	267 
8893	360 
8894	69 
8895	185 
8896	113 
8897	276 
8898	234 
8899	2 
8900	274 
8901	363 
8902	366 
8903	301 
8904	360 
8905	46 
8906	367 
8907	293 
8908	215 
8909	90 
8910	15 
8911	170 
8912	265 
8913	21 
8914	118 
8915	147 
8916	78 
8917	320 
8918	147 
8919	217 
8920	274 
8921	237 
8922	203 
8923	145 
8924	261 
8925	213 
8926	328 
8927	69 
8928	292 
8929	35 
8930	364 
8931	209 
8932	90 
8933	130 
8934	130 
8935	185 
8936	123 
8937	348 
8938	17 
8939	17 
8940	244 
8941	231 
8942	120 
8943	81 
8944	44 
8945	115 
8946	256 
8947	36 
8948	68 
8949	328 
8950	267 
8951	100 
8952	323 
8953	232 
8954	340 
8955	35 
8956	90 
8957	248 
8958	212 
8959	344 
8960	257 
8961	259 
8962	106 
8963	366 
8964	129 
8965	26 
8966	234 
8967	237 
8968	123 
8969	26 
8970	287 
8971	324 
8972	363 
8973	26 
8974	202 
8975	48 
8976	367 
8977	363 
8978	26 
8979	351 
8980	154 
8981	202 
8982	52 
8983	114 
8984	140 
8985	323 
8986	120 
8987	187 
8988	321 
8989	123 
8990	254 
8991	44 
8992	46 
8993	12 
8994	217 
8995	360 
8996	338 
8997	118 
8998	259 
8999	364 
9000	26 
9001	270 
9002	69 
9003	96 
9004	93 
9005	346 
9006	90 
9007	182 
9008	48 
9009	237 
9010	85 
9011	80 
9012	44 
9013	147 
9014	20 
9015	26 
9016	8 
9017	209 
9018	246 
9019	231 
9020	115 
9021	114 
9022	112 
9023	202 
9024	356 
9025	85 
9026	112 
9027	24 
9028	341 
9029	144 
9030	155 
9031	266 
9032	200 
9033	187 
9034	187 
9035	239 
9036	112 
9037	47 
9038	179 
9039	83 
9040	163 
9041	132 
9042	302 
9043	135 
9044	115 
9045	113 
9046	82 
9047	36 
9048	116 
9049	235 
9050	145 
9051	113 
9052	259 
9053	185 
9054	270 
9055	267 
9056	202 
9057	351 
9058	363 
9059	103 
9060	141 
9061	5 
9062	6 
9063	114 
9064	43 
9065	17 
9066	332 
9067	366 
9068	161 
9069	82 
9070	42 
9071	153 
9072	267 
9073	322 
9074	280 
9075	356 
9076	257 
9077	287 
9078	266 
9079	212 
9080	2 
9081	26 
9082	276 
9083	332 
9084	287 
9085	218 
9086	182 
9087	156 
9088	140 
9089	200 
9090	147 
9091	244 
9092	78 
9093	326 
9094	341 
9095	123 
9096	26 
9097	366 
9098	33 
9099	234 
9100	46 
9101	178 
9102	9 
9103	23 
9104	265 
9105	175 
9106	182 
9107	103 
9108	212 
9109	216 
9110	287 
9111	265 
9112	120 
9113	36 
9114	85 
9115	24 
9116	321 
9117	154 
9118	257 
9119	257 
9120	126 
9121	346 
9122	126 
9123	209 
9124	147 
9125	203 
9126	69 
9127	12 
9128	33 
9129	6 
9130	9 
9131	161 
9132	72 
9133	335 
9134	327 
9135	185 
9136	96 
9137	26 
9138	68 
9139	179 
9140	68 
9141	6 
9142	364 
9143	218 
9144	94 
9145	187 
9146	326 
9147	324 
9148	323 
9149	335 
9150	257 
9151	145 
9152	302 
9153	346 
9154	116 
9155	126 
9156	366 
9157	364 
9158	367 
9159	244 
9160	212 
9161	257 
9162	81 
9163	23 
9164	187 
9165	145 
9166	155 
9167	261 
9168	270 
9169	147 
9170	322 
9171	254 
9172	26 
9173	78 
9174	280 
9175	43 
9176	78 
9177	234 
9178	185 
9179	36 
9180	48 
9181	44 
9182	274 
9183	344 
9184	121 
9185	1 
9186	27 
9187	106 
9188	63 
9189	325 
9190	21 
9191	327 
9192	140 
9193	200 
9194	287 
9195	178 
9196	175 
9197	321 
9198	130 
9199	116 
9200	155 
9201	360 
9202	1 
9203	349 
9204	20 
9205	173 
9206	179 
9207	132 
9208	132 
9209	203 
9210	15 
9211	332 
9212	322 
9213	147 
9214	292 
9215	302 
9216	328 
9217	173 
9218	5 
9219	26 
9220	367 
9221	38 
9222	33 
9223	332 
9224	44 
9225	75 
9226	192 
9227	121 
9228	326 
9229	12 
9230	209 
9231	182 
9232	221 
9233	12 
9234	187 
9235	123 
9236	175 
9237	58 
9238	163 
9239	340 
9240	8 
9241	78 
9242	170 
9243	163 
9244	321 
9245	156 
9246	114 
9247	12 
9248	266 
9249	280 
9250	327 
9251	94 
9252	265 
9253	366 
9254	14 
9255	270 
9256	293 
9257	248 
9258	140 
9259	364 
9260	26 
9261	187 
9262	322 
9263	170 
9264	26 
9265	126 
9266	35 
9267	170 
9268	140 
9269	14 
9270	280 
9271	5 
9272	163 
9273	261 
9274	302 
9275	356 
9276	331 
9277	103 
9278	1 
9279	175 
9280	348 
9281	140 
9282	248 
9283	26 
9284	247 
9285	261 
9286	118 
9287	322 
9288	68 
9289	77 
9290	100 
9291	346 
9292	282 
9293	274 
9294	212 
9295	349 
9296	178 
9297	245 
9298	202 
9299	235 
9300	366 
9301	156 
9302	221 
9303	14 
9304	212 
9305	15 
9306	293 
9307	44 
9308	129 
9309	360 
9310	46 
9311	113 
9312	274 
9313	302 
9314	341 
9315	123 
9316	346 
9317	44 
9318	161 
9319	203 
9320	14 
9321	212 
9322	235 
9323	10 
9324	326 
9325	21 
9326	324 
9327	24 
9328	252 
9329	234 
9330	302 
9331	175 
9332	212 
9333	221 
9334	226 
9335	122 
9336	209 
9337	268 
9338	123 
9339	293 
9340	360 
9341	302 
9342	42 
9343	29 
9344	346 
9345	335 
9346	94 
9347	115 
9348	140 
9349	116 
9350	145 
9351	363 
9352	332 
9353	321 
9354	81 
9355	367 
9356	324 
9357	254 
9358	356 
9359	333 
9360	69 
9361	126 
9362	29 
9363	179 
9364	182 
9365	156 
9366	161 
9367	212 
9368	27 
9369	27 
9370	332 
9371	95 
9372	113 
9373	78 
9374	247 
9375	322 
9376	338 
9377	178 
9378	163 
9379	322 
9380	244 
9381	246 
9382	145 
9383	202 
9384	213 
9385	103 
9386	115 
9387	130 
9388	200 
9389	58 
9390	145 
9391	316 
9392	268 
9393	270 
9394	349 
9395	10 
9396	332 
9397	333 
9398	22 
9399	187 
9400	22 
9401	14 
9402	69 
9403	10 
9404	270 
9405	94 
9406	29 
9407	83 
9408	154 
9409	22 
9410	178 
9411	82 
9412	203 
9413	351 
9414	42 
9415	301 
9416	235 
9417	8 
9418	156 
9419	126 
9420	360 
9421	81 
9422	63 
9423	22 
9424	93 
9425	234 
9426	202 
9427	364 
9428	356 
9429	293 
9430	145 
9431	5 
9432	118 
9433	335 
9434	46 
9435	226 
9436	212 
9437	38 
9438	182 
9439	209 
9440	36 
9441	106 
9442	245 
9443	235 
9444	326 
9445	58 
9446	120 
9447	113 
9448	231 
9449	178 
9450	185 
9451	203 
9452	192 
9453	58 
9454	321 
9455	254 
9456	170 
9457	147 
9458	80 
9459	12 
9460	324 
9461	351 
9462	27 
9463	234 
9464	173 
9465	360 
9466	77 
9467	145 
9468	351 
9469	44 
9470	246 
9471	126 
9472	14 
9473	332 
9474	170 
9475	316 
9476	178 
9477	94 
9478	141 
9479	72 
9480	266 
9481	153 
9482	69 
9483	26 
9484	170 
9485	244 
9486	363 
9487	120 
9488	14 
9489	293 
9490	351 
9491	12 
9492	112 
9493	344 
9494	116 
9495	112 
9496	234 
9497	123 
9498	49 
9499	367 
9500	163 
9501	38 
9502	81 
9503	5 
9504	93 
9505	178 
9506	302 
9507	36 
9508	265 
9509	24 
9510	270 
9511	113 
9512	256 
9513	132 
9514	87 
9515	121 
9516	120 
9517	276 
9518	74 
9519	231 
9520	170 
9521	187 
9522	367 
9523	170 
9524	324 
9525	155 
9526	36 
9527	333 
9528	27 
9529	115 
9530	48 
9531	364 
9532	153 
9533	123 
9534	366 
9535	95 
9536	63 
9537	156 
9538	21 
9539	116 
9540	326 
9541	112 
9542	112 
9543	35 
9544	95 
9545	261 
9546	36 
9547	366 
9548	333 
9549	20 
9550	216 
9551	144 
9552	8 
9553	36 
9554	157 
9555	22 
9556	22 
9557	287 
9558	24 
9559	313 
9560	338 
9561	351 
9562	221 
9563	8 
9564	209 
9565	231 
9566	324 
9567	106 
9568	96 
9569	367 
9570	326 
9571	326 
9572	209 
9573	276 
9574	280 
9575	103 
9576	293 
9577	144 
9578	120 
9579	36 
9580	156 
9581	58 
9582	15 
9583	163 
9584	187 
9585	338 
9586	182 
9587	147 
9588	313 
9589	367 
9590	44 
9591	113 
9592	356 
9593	48 
9594	280 
9595	120 
9596	170 
9597	192 
9598	301 
9599	173 
9600	36 
9601	106 
9602	96 
9603	175 
9604	185 
9605	280 
9606	93 
9607	72 
9608	63 
9609	226 
9610	80 
9611	140 
9612	72 
9613	157 
9614	287 
9615	96 
9616	8 
9617	63 
9618	313 
9619	69 
9620	29 
9621	123 
9622	185 
9623	20 
9624	326 
9625	140 
9626	326 
9627	147 
9628	115 
9629	115 
9630	301 
9631	161 
9632	68 
9633	216 
9634	261 
9635	94 
9636	106 
9637	5 
9638	213 
9639	302 
9640	178 
9641	366 
9642	161 
9643	364 
9644	226 
9645	333 
9646	6 
9647	140 
9648	42 
9649	212 
9650	256 
9651	234 
9652	120 
9653	256 
9654	203 
9655	153 
9656	145 
9657	316 
9658	367 
9659	280 
9660	202 
9661	175 
9662	81 
9663	367 
9664	364 
9665	366 
9666	338 
9667	26 
9668	366 
9669	81 
9670	280 
9671	94 
9672	356 
9673	161 
9674	185 
9675	366 
9676	231 
9677	332 
9678	78 
9679	203 
9680	113 
9681	367 
9682	293 
9683	112 
9684	367 
9685	356 
9686	213 
9687	44 
9688	26 
9689	246 
9690	209 
9691	48 
9692	74 
9693	106 
9694	274 
9695	213 
9696	234 
9697	147 
9698	58 
9699	351 
9700	93 
9701	118 
9702	221 
9703	216 
9704	301 
9705	221 
9706	185 
9707	316 
9708	126 
9709	256 
9710	147 
9711	106 
9712	24 
9713	1 
9714	270 
9715	58 
9716	274 
9717	147 
9718	118 
9719	82 
9720	132 
9721	113 
9722	80 
9723	35 
9724	114 
9725	106 
9726	42 
9727	72 
9728	313 
9729	36 
9730	161 
9731	363 
9732	114 
9733	8 
9734	103 
9735	213 
9736	235 
9737	113 
9738	366 
9739	12 
9740	226 
9741	126 
9742	42 
9743	170 
9744	29 
9745	203 
9746	5 
9747	213 
9748	12 
9749	69 
9750	141 
9751	185 
9752	95 
9753	293 
9754	42 
9755	185 
9756	15 
9757	163 
9758	95 
9759	140 
9760	226 
9761	367 
9762	316 
9763	132 
9764	72 
9765	282 
9766	185 
9767	202 
9768	252 
9769	351 
9770	231 
9771	81 
9772	113 
9773	115 
9774	93 
9775	22 
9776	8 
9777	212 
9778	115 
9779	322 
9780	72 
9781	182 
9782	270 
9783	364 
9784	145 
9785	203 
9786	185 
9787	366 
9788	274 
9789	22 
9790	185 
9791	231 
9792	246 
9793	120 
9794	270 
9795	212 
9796	93 
9797	118 
9798	81 
9799	202 
9800	114 
9801	322 
9802	15 
9803	82 
9804	200 
9805	114 
9806	192 
9807	22 
9808	21 
9809	212 
9810	103 
9811	216 
9812	326 
9813	81 
9814	72 
9815	185 
9816	126 
9817	93 
9818	147 
9819	268 
9820	322 
9821	120 
9822	322 
9823	302 
9824	246 
9825	280 
9826	356 
9827	21 
9828	178 
9829	293 
9830	270 
9831	185 
9832	68 
9833	274 
9834	270 
9835	170 
9836	123 
9837	356 
9838	257 
9839	216 
9840	155 
9841	212 
9842	80 
9843	213 
9844	245 
9845	268 
9846	270 
9847	302 
9848	26 
9849	1 
9850	364 
9851	367 
9852	274 
9853	185 
9854	340 
9855	274 
9856	126 
9857	5 
9858	170 
9859	351 
9860	187 
9861	123 
9862	274 
9863	360 
9864	209 
9865	170 
9866	20 
9867	351 
9868	257 
9869	322 
9870	112 
9871	36 
9872	246 
9873	12 
9874	147 
9875	170 
9876	178 
9877	203 
9878	14 
9879	14 
9880	234 
9881	364 
9882	93 
9883	216 
9884	363 
9885	252 
9886	287 
9887	15 
9888	363 
9889	360 
9890	44 
9891	26 
9892	235 
9893	322 
9894	323 
9895	280 
9896	367 
9897	106 
9898	323 
9899	163 
9900	202 
9901	112 
9902	351 
9903	21 
9904	231 
9905	155 
9906	115 
9907	78 
9908	126 
9909	106 
9910	323 
9911	274 
9912	203 
9913	323 
9914	21 
9915	257 
9916	126 
9917	216 
9918	35 
9919	145 
9920	245 
9921	323 
9922	22 
9923	364 
9924	20 
9925	115 
9926	58 
9927	72 
9928	274 
9929	155 
9930	366 
9931	192 
9932	126 
9933	356 
9934	212 
9935	22 
9936	29 
9937	270 
9938	21 
9939	367 
9940	126 
9941	209 
9942	182 
9943	113 
9944	209 
9945	280 
9946	187 
9947	78 
9948	112 
9949	280 
9950	245 
9951	363 
9952	366 
9953	274 
9954	145 
9955	81 
9956	364 
9957	202 
9958	106 
9959	216 
9960	63 
9961	145 
9962	302 
9963	356 
9964	147 
9965	145 
9966	178 
9967	21 
9968	363 
9969	367 
9970	72 
9971	209 
9972	155 
9973	145 
9974	302 
9975	63 
9976	280 
9977	203 
9978	322 
9979	187 
9980	246 
9981	280 
9982	20 
9983	120 
9984	12 
9985	26 
9986	185 
9987	366 
9988	36 
9989	202 
9990	81 
9991	36 
9992	182 
9993	351 
9994	22 
9995	351 
9996	26 
9997	364 
9998	114 
9999	351 
10000	115 
